GCLFGACL_00010	MER0004466	39.683	63	37	1	22	84	211	272	2.85e-06	42.4
GCLFGACL_00012	MER0004775	41.301	661	373	9	34	688	7	658	3.72e-173	507
GCLFGACL_00012	MER0011141	31.287	684	423	13	40	688	18	689	5.85e-112	350
GCLFGACL_00012	MER0001056	32.090	670	424	11	40	688	18	677	5.47e-109	342
GCLFGACL_00012	MER0001991	30.931	666	427	13	35	677	13	668	6.53e-102	323
GCLFGACL_00012	MER0011838	29.726	693	450	16	21	688	1	681	2.02e-98	314
GCLFGACL_00012	MER0011159	29.575	683	449	11	30	688	8	682	1.04e-97	312
GCLFGACL_00012	MER0001050	31.367	695	418	16	40	688	18	699	6.99e-96	308
GCLFGACL_00012	MER0001058	31.394	653	403	18	51	688	4	626	1.02e-94	303
GCLFGACL_00012	MER0002988	29.915	702	435	17	32	688	4	693	7.42e-92	297
GCLFGACL_00012	MER0013406	29.362	705	444	15	29	688	1	696	1.71e-90	293
GCLFGACL_00012	MER0001059	31.193	545	370	5	51	593	5	546	1.52e-86	280
GCLFGACL_00012	MER0019832	30.653	659	415	15	45	688	17	648	6.55e-86	280
GCLFGACL_00012	MER0002350	28.714	700	449	16	29	688	7	696	4.16e-85	279
GCLFGACL_00012	MER0019831	30.421	618	374	14	108	688	53	651	3.04e-84	276
GCLFGACL_00012	MER0004762	28.944	691	440	16	35	688	13	689	3.65e-83	274
GCLFGACL_00012	MER0005528	28.157	689	454	17	30	688	8	685	1.38e-79	264
GCLFGACL_00012	MER0002997	26.829	697	467	14	25	688	3	689	4.45e-74	249
GCLFGACL_00012	MER0002285	27.485	684	429	16	30	688	8	649	4.23e-70	238
GCLFGACL_00012	MER0002062	26.794	683	446	17	40	677	18	691	6.18e-67	230
GCLFGACL_00012	MER0015175	27.371	738	435	26	40	688	25	750	1.54e-53	193
GCLFGACL_00012	MER0001365	34.582	347	195	10	369	688	390	731	2.10e-52	190
GCLFGACL_00012	MER0001054	23.900	682	446	19	41	688	19	661	3.11e-48	177
GCLFGACL_00012	MER0011433	24.681	705	442	26	23	677	2	667	1.30e-44	167
GCLFGACL_00012	MER0162857	29.360	344	210	9	370	688	411	746	4.69e-43	163
GCLFGACL_00012	MER0038668	25.550	591	364	19	167	688	20	603	1.73e-42	159
GCLFGACL_00012	MER0011432	24.668	677	430	24	44	677	28	667	2.91e-42	160
GCLFGACL_00012	MER0024834	36.066	183	108	5	512	688	2	181	4.58e-32	119
GCLFGACL_00012	MER0011430	23.512	689	423	29	44	688	29	657	1.21e-30	124
GCLFGACL_00012	MER0011427	24.462	372	248	10	345	688	317	683	1.21e-25	109
GCLFGACL_00012	MER0026946	27.734	256	166	6	435	688	16	254	3.38e-25	102
GCLFGACL_00012	MER0002987	26.361	349	239	9	351	688	237	578	1.44e-24	105
GCLFGACL_00012	MER0002990	24.716	352	239	11	350	688	309	647	2.89e-23	101
GCLFGACL_00012	MER0004778	23.654	520	335	19	210	688	228	726	2.84e-22	98.6
GCLFGACL_00012	MER0011355	24.148	352	238	12	361	688	320	666	3.23e-22	98.2
GCLFGACL_00012	MER0002993	24.607	382	226	13	260	601	219	578	2.16e-20	92.4
GCLFGACL_00012	MER0004761	22.587	487	345	11	218	688	188	658	6.15e-20	91.3
GCLFGACL_00012	MER0002989	21.137	686	431	27	45	688	23	640	1.04e-17	84.0
GCLFGACL_00012	MER0011429	23.019	669	433	26	44	677	29	650	1.08e-16	80.9
GCLFGACL_00012	MER0011195	26.201	229	133	8	467	688	456	655	2.85e-13	69.7
GCLFGACL_00012	MER0015181	25.556	180	121	5	397	567	349	524	9.86e-12	64.7
GCLFGACL_00012	MER0002991	26.222	225	155	4	468	688	463	680	2.00e-11	63.9
GCLFGACL_00012	MER0002998	19.823	565	373	23	21	543	11	537	8.72e-10	58.5
GCLFGACL_00012	MER0011151	31.667	60	41	0	482	541	187	246	2.22e-09	56.6
GCLFGACL_00012	MER0011306	26.846	149	90	3	485	630	466	598	2.62e-09	57.0
GCLFGACL_00012	MER0004763	25.871	201	138	4	402	592	216	415	5.54e-09	55.8
GCLFGACL_00012	MER0002999	37.143	70	42	1	479	546	447	516	1.19e-07	51.6
GCLFGACL_00012	MER0011486	37.931	58	35	1	485	542	430	486	1.94e-06	47.8
