IDKAOBJF_00009	MER0026262	27.616	344	219	15	24	354	1	327	2.01e-32	124
IDKAOBJF_00009	MER0011700	23.611	360	233	11	25	354	2	349	1.51e-20	90.1
IDKAOBJF_00009	MER1143079	24.224	322	195	9	34	350	6	283	3.18e-20	87.8
IDKAOBJF_00009	MER0017069	22.619	336	219	11	30	353	1	307	7.78e-19	84.3
IDKAOBJF_00009	MER0028284	22.727	352	248	8	25	373	2	332	9.16e-19	84.3
IDKAOBJF_00009	MER0140154	23.513	353	215	10	39	354	1	335	9.28e-19	84.3
IDKAOBJF_00009	MER0002489	25.402	311	211	9	30	335	15	309	9.35e-17	78.6
IDKAOBJF_00009	MER0003802	26.014	296	167	15	30	316	7	259	5.78e-16	75.5
IDKAOBJF_00009	MER0005964	25.000	340	204	14	39	358	29	337	1.28e-15	75.1
IDKAOBJF_00009	MER0000459	24.928	345	224	9	40	372	24	345	1.42e-14	72.0
IDKAOBJF_00009	MER0000457	23.295	352	214	13	24	358	6	318	9.96e-14	69.3
IDKAOBJF_00009	MER0004154	20.798	351	224	11	41	368	18	337	7.86e-13	66.6
IDKAOBJF_00009	MER0005925	28.125	192	118	9	30	208	8	192	3.60e-12	64.3
IDKAOBJF_00009	MER0219770	22.034	295	200	9	39	328	14	283	4.10e-12	63.9
IDKAOBJF_00009	MER0005836	24.747	198	132	6	26	213	12	202	7.06e-12	62.4
IDKAOBJF_00009	MER0006204	27.273	198	134	5	24	211	5	202	3.52e-11	61.6
IDKAOBJF_00009	MER0005923	31.897	116	76	2	28	141	12	126	6.73e-11	61.2
IDKAOBJF_00009	MER0034963	29.412	153	103	2	27	179	9	156	7.15e-11	60.8
IDKAOBJF_00009	MER0354941	27.660	188	117	10	40	211	11	195	2.18e-10	57.0
IDKAOBJF_00009	MER0003800	24.129	373	222	18	25	354	17	371	6.19e-10	57.8
IDKAOBJF_00009	MER0122661	25.573	262	176	10	38	292	13	262	8.17e-10	57.0
IDKAOBJF_00009	MER0000463	25.610	246	150	11	28	262	1	224	1.94e-08	53.1
IDKAOBJF_00009	MER0004090	21.823	362	213	16	40	353	24	363	5.34e-07	48.5
IDKAOBJF_00009	MER0011718	35.938	64	38	1	71	134	53	113	3.58e-06	45.8
IDKAOBJF_00011	MER0492485	38.406	138	83	2	29	166	11	146	2.57e-21	83.2
IDKAOBJF_00024	MER0026262	27.576	330	197	16	34	339	15	326	1.15e-15	73.9
IDKAOBJF_00024	MER0219770	25.091	275	182	10	34	299	13	272	1.40e-15	73.6
IDKAOBJF_00024	MER0005925	28.977	176	109	4	35	202	17	184	1.02e-11	62.0
IDKAOBJF_00024	MER1143079	26.937	271	159	11	55	321	33	268	2.28e-10	57.8
IDKAOBJF_00024	MER0011700	26.596	188	125	4	35	210	16	202	1.16e-09	55.8
IDKAOBJF_00024	MER0002489	25.614	285	193	7	70	344	57	332	2.25e-09	55.1
IDKAOBJF_00024	MER0000459	28.148	135	83	4	66	195	53	178	9.59e-09	53.1
IDKAOBJF_00024	MER0122661	28.261	184	108	5	39	214	18	185	2.29e-08	52.0
IDKAOBJF_00024	MER0140154	24.633	341	212	14	35	338	1	333	5.07e-08	50.8
IDKAOBJF_00024	MER0028284	21.739	184	121	6	34	211	15	181	2.81e-07	48.5
IDKAOBJF_00024	MER0003802	24.576	236	143	9	71	300	51	257	2.44e-06	45.4
IDKAOBJF_00024	MER0354941	25.676	148	100	5	55	197	37	179	3.76e-06	43.9
IDKAOBJF_00024	MER0005836	26.519	181	117	6	32	205	22	193	8.97e-06	43.5
