DDMFNLCD_00081	MER0001421	51.289	388	185	4	26	412	4	388	1.30e-135	391
DDMFNLCD_00081	MER0028941	26.859	417	236	14	13	414	1	363	2.01e-23	97.8
DDMFNLCD_00081	MER0369336	28.698	338	195	11	83	414	14	311	5.94e-20	87.0
DDMFNLCD_00101	MER0004893	43.651	126	67	2	253	374	1	126	4.79e-27	101
DDMFNLCD_00101	MER0013629	42.742	124	64	2	253	369	1	124	2.89e-24	94.0
DDMFNLCD_00101	MER0079705	40.708	113	61	2	253	361	1	111	2.08e-21	85.5
DDMFNLCD_00103	MER0000495	34.286	70	41	1	101	165	171	240	5.14e-06	44.7
DDMFNLCD_00108	MER0014366	36.389	709	415	10	18	709	23	712	3.45e-147	444
DDMFNLCD_00108	MER0039993	36.351	707	419	8	23	709	1	696	3.65e-144	435
DDMFNLCD_00108	MER0217397	32.799	686	441	8	37	709	1	679	9.67e-123	379
DDMFNLCD_00108	MER0501051	37.838	259	156	5	21	277	2	257	2.38e-50	178
DDMFNLCD_00108	MER0501051	37.908	153	88	3	557	708	253	399	6.18e-25	104
DDMFNLCD_00130	MER0015475	29.412	170	96	7	48	210	38	190	9.91e-11	56.6
DDMFNLCD_00178	MER0002443	45.000	120	59	2	97	214	3	117	5.10e-30	105
DDMFNLCD_00178	MER0004035	42.857	112	59	1	102	213	5	111	6.21e-27	97.4
DDMFNLCD_00178	MER0003986	39.837	123	66	3	95	214	1	118	1.04e-23	89.4
DDMFNLCD_00178	MER0002450	37.190	121	66	5	95	214	1	112	7.32e-18	73.6
DDMFNLCD_00178	MER0377310	36.522	115	63	5	95	208	1	106	1.64e-16	70.1
DDMFNLCD_00178	MER0377307	36.522	115	63	5	95	208	1	106	1.64e-16	70.1
DDMFNLCD_00178	MER0377178	33.913	115	66	4	95	208	1	106	2.90e-15	66.6
DDMFNLCD_00178	MER0003805	36.885	122	67	5	95	215	1	113	3.86e-15	66.6
DDMFNLCD_00178	MER0004054	33.613	119	68	6	103	215	9	122	2.50e-14	64.7
DDMFNLCD_00178	MER0003807	35.965	114	62	5	95	204	1	107	5.03e-14	63.5
DDMFNLCD_00178	MER0003808	34.167	120	67	6	95	212	1	110	1.57e-13	62.0
DDMFNLCD_00178	MER0014188	36.111	108	60	3	95	201	1	100	5.10e-12	57.8
DDMFNLCD_00178	MER0038100	30.579	121	68	5	105	215	12	126	6.25e-11	55.5
DDMFNLCD_00178	MER0376722	34.286	105	57	6	95	197	1	95	1.71e-09	50.8
DDMFNLCD_00178	MER0377450	35.000	80	48	3	95	173	1	77	7.41e-08	45.8
DDMFNLCD_00178	MER0024252	37.313	67	41	1	107	173	14	79	7.65e-08	47.0
DDMFNLCD_00178	MER0014672	28.571	84	46	2	95	165	1	83	1.56e-07	45.8
DDMFNLCD_00178	MER0001322	31.092	119	63	7	95	209	1	104	2.36e-07	45.4
DDMFNLCD_00178	MER0031199	40.426	47	27	1	116	162	6	51	1.10e-06	42.4
DDMFNLCD_00182	MER0019096	24.000	175	107	5	333	499	42	198	9.02e-09	52.8
DDMFNLCD_00182	MER0036308	28.846	156	92	7	318	464	53	198	1.14e-08	53.1
DDMFNLCD_00182	MER0011371	29.365	126	72	5	351	466	82	200	2.90e-06	45.4
DDMFNLCD_00182	MER0011175	25.735	136	84	2	352	477	82	210	6.86e-06	44.3
DDMFNLCD_00182	MER0012283	24.691	162	108	4	328	479	60	217	6.92e-06	44.3
DDMFNLCD_00182	MER0011345	25.444	169	111	7	318	477	55	217	9.09e-06	44.3
DDMFNLCD_00193	MER0004954	39.516	124	72	1	12	135	5	125	2.03e-25	91.7
DDMFNLCD_00193	MER0004953	39.259	135	71	3	12	145	16	140	7.11e-25	94.4
DDMFNLCD_00197	MER0281397	22.010	209	124	7	110	290	4	201	6.18e-09	52.4
DDMFNLCD_00197	MER0004090	21.387	346	193	9	83	352	28	370	1.46e-08	52.8
DDMFNLCD_00197	MER0003802	22.868	258	148	10	84	310	21	258	2.69e-08	51.6
DDMFNLCD_00197	MER1143079	24.603	252	145	12	84	310	16	247	5.24e-08	50.4
DDMFNLCD_00197	MER0026262	22.609	345	194	14	66	351	2	332	2.01e-07	48.9
DDMFNLCD_00197	MER0005964	22.930	157	114	5	110	265	60	210	1.21e-06	46.6
DDMFNLCD_00197	MER0011700	27.152	151	87	7	110	240	56	203	2.97e-06	45.4
DDMFNLCD_00197	MER0028284	25.503	149	99	4	110	254	55	195	4.32e-06	45.1
