BDNCKBLC_00080	MER0028934	39.744	78	41	3	67	144	1	72	9.32e-10	50.1
BDNCKBLC_00105	MER0037236	25.843	178	119	2	111	284	81	249	7.37e-07	46.2
BDNCKBLC_00105	MER0210990	30.928	97	64	2	75	171	55	148	1.04e-06	46.2
BDNCKBLC_00180	MER0491616	23.077	260	172	8	34	290	8	242	2.06e-12	62.8
BDNCKBLC_00229	MER0000471	26.562	448	272	13	50	454	2	435	3.54e-34	130
BDNCKBLC_00229	MER0000472	25.122	410	259	13	80	453	32	429	3.58e-27	110
BDNCKBLC_00229	MER0011571	26.667	405	236	16	68	434	20	401	2.09e-23	99.4
BDNCKBLC_00229	MER0053015	29.143	175	114	3	282	450	189	359	6.42e-14	69.7
BDNCKBLC_00229	MER0026276	31.288	163	98	4	300	451	285	444	1.28e-13	69.3
BDNCKBLC_00251	MER0026494	33.755	474	290	7	6	462	9	475	3.87e-80	253
BDNCKBLC_00251	MER0026471	30.932	472	300	7	8	459	12	477	3.29e-73	235
BDNCKBLC_00251	MER0015142	31.356	472	300	7	1	454	33	498	3.37e-70	228
BDNCKBLC_00251	MER0003397	32.323	198	112	5	17	198	17	208	2.31e-23	97.1
BDNCKBLC_00251	MER0003397	34.831	89	58	0	362	450	213	301	3.95e-13	67.0
BDNCKBLC_00251	MER0026485	31.707	205	118	6	8	198	11	207	5.75e-21	90.1
BDNCKBLC_00251	MER0026485	35.789	95	60	1	362	455	212	306	3.01e-12	64.3
BDNCKBLC_00251	MER0052470	24.048	420	285	12	60	460	59	463	3.91e-20	89.4
BDNCKBLC_00251	MER0057434	28.019	207	127	6	6	198	1	199	1.78e-15	73.9
BDNCKBLC_00251	MER0057434	32.673	101	65	1	360	460	202	299	2.67e-10	58.2
BDNCKBLC_00251	MER0369972	28.125	160	99	8	16	171	2	149	6.08e-07	48.1
BDNCKBLC_00251	MER0033183	34.737	95	55	2	65	159	66	153	2.45e-06	45.8
BDNCKBLC_00251	MER0001272	32.558	86	47	3	80	162	60	137	6.84e-06	44.3
BDNCKBLC_00251	MER0001271	31.469	143	86	8	21	161	18	150	8.58e-06	44.7
BDNCKBLC_00306	MER0001283	45.021	482	260	3	3	479	3	484	9.28e-147	425
BDNCKBLC_00306	MER0047723	44.937	474	255	3	6	473	2	475	1.04e-144	420
BDNCKBLC_00306	MER0028941	27.976	168	97	5	15	170	6	161	4.35e-09	55.1
BDNCKBLC_00306	MER0369336	28.659	164	87	6	62	221	7	144	4.65e-09	54.7
BDNCKBLC_00322	MER0004775	39.631	651	386	6	44	690	11	658	2.54e-164	484
BDNCKBLC_00322	MER0002988	31.818	682	420	13	47	690	19	693	5.16e-105	332
BDNCKBLC_00322	MER0001058	32.093	645	411	10	54	690	1	626	1.45e-104	328
BDNCKBLC_00322	MER0011141	30.307	683	425	19	47	690	19	689	1.45e-95	307
BDNCKBLC_00322	MER0001056	30.448	670	429	15	47	690	19	677	7.41e-95	305
BDNCKBLC_00322	MER0013406	29.683	694	422	15	47	690	19	696	4.43e-94	303
BDNCKBLC_00322	MER0001991	30.960	646	411	14	44	663	16	652	2.06e-92	298
BDNCKBLC_00322	MER0001050	29.587	703	414	18	47	690	19	699	2.88e-90	293
BDNCKBLC_00322	MER0011838	28.488	681	425	15	50	690	23	681	9.87e-87	283
BDNCKBLC_00322	MER0011159	29.080	674	438	17	47	690	19	682	1.86e-84	277
BDNCKBLC_00322	MER0001059	32.914	556	348	13	54	595	2	546	1.40e-81	266
BDNCKBLC_00322	MER0002350	28.821	687	431	17	50	690	22	696	8.86e-80	265
BDNCKBLC_00322	MER0019832	29.985	657	418	15	51	690	17	648	1.35e-79	263
BDNCKBLC_00322	MER0019831	32.642	530	327	14	157	663	104	626	3.59e-79	262
BDNCKBLC_00322	MER0004762	29.004	693	427	16	44	690	16	689	1.25e-78	262
BDNCKBLC_00322	MER0005528	28.801	684	430	21	47	690	19	685	4.47e-70	238
BDNCKBLC_00322	MER0002062	27.182	699	438	21	47	690	19	701	5.27e-65	225
BDNCKBLC_00322	MER0002997	26.017	688	454	19	44	690	16	689	1.68e-60	212
BDNCKBLC_00322	MER0002285	26.042	672	428	15	47	690	19	649	9.17e-55	195
BDNCKBLC_00322	MER0001365	25.869	719	440	24	50	690	28	731	2.55e-53	192
BDNCKBLC_00322	MER0162857	29.565	345	216	7	370	690	405	746	1.52e-46	173
BDNCKBLC_00322	MER0015175	25.510	588	363	18	175	690	166	750	7.08e-46	171
BDNCKBLC_00322	MER0038668	24.444	585	374	17	173	690	20	603	7.23e-46	169
BDNCKBLC_00322	MER0011433	23.599	678	426	22	49	675	27	663	5.60e-39	150
BDNCKBLC_00322	MER0011432	24.454	687	409	24	49	675	27	663	1.58e-35	139
BDNCKBLC_00322	MER0001054	23.363	672	450	24	51	690	23	661	3.51e-34	135
BDNCKBLC_00322	MER0011430	23.926	652	410	23	50	663	29	632	6.71e-32	128
BDNCKBLC_00322	MER0011427	24.880	418	269	12	298	690	286	683	1.54e-30	124
BDNCKBLC_00322	MER0024834	34.409	186	107	6	514	690	2	181	1.83e-30	115
BDNCKBLC_00322	MER0026946	32.000	225	132	6	470	690	47	254	2.53e-27	108
BDNCKBLC_00322	MER0004778	21.978	728	463	26	47	690	20	726	5.38e-27	113
BDNCKBLC_00322	MER0011355	25.460	326	216	10	371	673	329	650	9.69e-26	109
BDNCKBLC_00322	MER0002990	25.378	331	227	9	354	671	307	630	7.34e-24	103
BDNCKBLC_00322	MER0002987	25.223	337	227	9	352	673	237	563	1.20e-22	99.4
BDNCKBLC_00322	MER0004761	27.027	333	212	7	302	625	284	594	1.21e-20	93.2
BDNCKBLC_00322	MER0011429	22.600	677	422	26	49	678	28	649	1.35e-19	90.1
BDNCKBLC_00322	MER0002993	22.701	348	229	9	362	678	314	652	1.36e-18	86.7
BDNCKBLC_00322	MER0002989	25.000	320	210	10	385	690	337	640	1.90e-17	83.2
BDNCKBLC_00322	MER0015181	24.611	321	219	8	367	673	318	629	2.14e-16	79.7
BDNCKBLC_00322	MER0011195	22.125	687	420	29	51	690	37	655	6.42e-14	72.0
BDNCKBLC_00322	MER0002991	23.797	395	241	18	332	690	310	680	1.13e-13	71.2
BDNCKBLC_00322	MER0004763	25.110	227	156	4	388	603	201	424	1.63e-10	60.5
BDNCKBLC_00322	MER0011151	25.581	172	106	5	471	632	167	326	2.48e-09	56.6
BDNCKBLC_00322	MER0002999	22.037	540	335	22	47	548	25	516	9.27e-09	55.1
BDNCKBLC_00322	MER0011486	30.702	114	65	3	487	599	429	529	6.61e-08	52.4
BDNCKBLC_00344	MER0031610	32.016	253	162	5	18	261	50	301	6.35e-40	137
BDNCKBLC_00344	MER0044900	26.667	255	159	8	23	249	96	350	4.15e-12	62.0
BDNCKBLC_00344	MER0044350	35.849	106	56	5	21	118	1	102	6.17e-09	52.4
BDNCKBLC_00344	MER0035038	32.192	146	84	7	15	151	24	163	1.64e-08	51.2
BDNCKBLC_00344	MER0044858	22.887	284	179	12	11	256	45	326	3.91e-08	50.1
BDNCKBLC_00344	MER0017142	31.633	98	63	1	22	119	15	108	8.44e-08	48.5
BDNCKBLC_00344	MER0014065	26.923	130	80	2	22	136	35	164	9.87e-08	48.9
BDNCKBLC_00344	MER0011509	27.523	109	72	3	20	123	37	143	1.14e-07	48.5
BDNCKBLC_00344	MER0213280	23.183	289	166	11	15	260	24	299	1.74e-07	48.1
BDNCKBLC_00344	MER0035044	32.727	110	63	4	15	117	27	132	2.24e-07	47.8
BDNCKBLC_00344	MER0031616	27.338	139	92	3	1	132	19	155	2.71e-07	47.4
BDNCKBLC_00344	MER0035043	28.696	115	77	3	15	124	29	143	4.78e-07	46.6
BDNCKBLC_00344	MER0036076	34.021	97	60	3	22	115	63	158	2.79e-06	44.3
BDNCKBLC_00344	MER0035032	31.818	110	64	5	15	117	25	130	3.77e-06	43.9
BDNCKBLC_00344	MER0034563	26.250	160	101	5	7	165	2	145	7.18e-06	42.7
BDNCKBLC_00344	MER0011785	47.619	42	22	0	77	118	97	138	7.71e-06	43.1
BDNCKBLC_00344	MER0031619	29.310	116	70	5	11	119	19	129	9.65e-06	42.7
BDNCKBLC_00348	MER0001161	36.337	677	417	8	2	669	3	674	5.01e-150	448
BDNCKBLC_00348	MER0001158	35.052	679	424	9	1	669	2	673	4.80e-134	406
BDNCKBLC_00348	MER0006087	35.311	691	416	15	2	669	12	694	2.85e-131	400
BDNCKBLC_00348	MER0015119	34.449	717	409	19	2	669	8	712	1.03e-121	376
BDNCKBLC_00348	MER0108144	30.166	663	424	17	31	669	11	658	2.23e-84	276
BDNCKBLC_00348	MER0001149	30.327	643	407	15	44	668	52	671	2.14e-79	263
BDNCKBLC_00348	MER0001153	29.721	646	419	16	48	669	54	688	1.28e-76	256
BDNCKBLC_00348	MER0001942	28.642	611	385	12	81	668	89	671	7.80e-73	245
BDNCKBLC_00348	MER0003110	28.448	696	426	18	32	669	30	711	9.70e-73	246
BDNCKBLC_00348	MER0079465	27.907	645	423	17	51	669	2	630	3.97e-69	234
BDNCKBLC_00348	MER0015170	23.718	624	438	16	51	668	34	625	5.15e-48	176
BDNCKBLC_00348	MER0001156	27.027	629	379	26	76	650	82	684	2.69e-42	160
BDNCKBLC_00348	MER0021317	31.646	79	54	0	423	501	9	87	3.24e-08	48.5
BDNCKBLC_00352	MER0001299	36.401	489	292	10	73	549	45	526	2.91e-92	291
BDNCKBLC_00352	MER0011114	30.645	434	232	7	89	515	1	372	2.11e-52	181
BDNCKBLC_00352	MER0321345	42.938	177	99	1	335	509	5	181	1.45e-42	148
BDNCKBLC_00352	MER0321345	24.051	158	116	3	87	242	1	156	9.92e-10	55.1
BDNCKBLC_00352	MER0003812	43.407	182	100	2	335	514	5	185	2.05e-42	148
BDNCKBLC_00352	MER0003812	23.418	158	117	3	87	242	1	156	4.81e-09	53.5
BDNCKBLC_00352	MER0044046	33.146	178	118	1	331	508	1	177	1.90e-24	97.8
BDNCKBLC_00352	MER0013957	34.302	172	111	2	339	509	9	179	2.79e-23	94.4
BDNCKBLC_00352	MER0001300	32.022	178	118	2	343	519	9	184	2.25e-22	91.7
BDNCKBLC_00352	MER0001303	23.529	170	129	1	340	509	10	178	5.16e-09	53.1
BDNCKBLC_00352	MER0042954	34.211	76	45	2	334	406	3	76	9.47e-07	45.8
BDNCKBLC_00454	MER0005331	35.577	208	99	7	263	451	11	202	1.70e-24	99.4
BDNCKBLC_00454	MER0002968	33.508	191	105	4	275	451	25	207	3.50e-24	98.6
BDNCKBLC_00454	MER0019759	28.571	231	153	4	257	478	2	229	8.01e-24	97.8
BDNCKBLC_00454	MER0011440	31.532	222	126	7	263	469	10	220	1.08e-23	97.1
BDNCKBLC_00454	MER0001003	37.234	188	91	6	282	452	1	178	1.68e-23	95.5
BDNCKBLC_00454	MER0011183	28.311	219	134	4	275	478	12	222	1.13e-22	94.4
BDNCKBLC_00454	MER0001010	30.556	216	115	6	277	471	1	202	2.72e-22	92.8
BDNCKBLC_00454	MER0000997	33.171	205	122	6	258	451	9	209	4.57e-22	92.4
BDNCKBLC_00454	MER0005045	32.105	190	121	4	277	459	10	198	5.13e-22	91.7
BDNCKBLC_00454	MER0002746	30.769	221	122	7	277	478	22	230	5.79e-22	92.4
BDNCKBLC_00454	MER0002060	33.498	203	117	5	273	463	23	219	1.37e-21	91.3
BDNCKBLC_00454	MER0004243	32.178	202	101	5	273	451	20	208	3.64e-21	89.7
BDNCKBLC_00454	MER0005046	30.928	194	118	5	277	459	10	198	5.58e-20	85.9
BDNCKBLC_00454	MER0006264	31.892	185	100	6	284	452	1	175	7.27e-20	85.1
BDNCKBLC_00454	MER0001009	31.138	167	97	4	334	489	20	179	7.78e-20	85.9
BDNCKBLC_00454	MER0002003	31.034	203	120	5	275	463	25	221	1.31e-19	85.5
BDNCKBLC_00454	MER0011369	29.843	191	119	4	276	455	35	221	2.31e-19	84.7
BDNCKBLC_00454	MER0002422	30.516	213	106	7	260	451	7	198	8.51e-19	82.8
BDNCKBLC_00454	MER0001005	33.333	171	86	7	300	452	10	170	9.10e-19	82.0
BDNCKBLC_00454	MER0168983	34.194	155	86	6	288	440	3	143	1.12e-18	81.3
BDNCKBLC_00454	MER0001185	28.877	187	128	2	273	454	24	210	1.41e-18	82.4
BDNCKBLC_00454	MER0011438	28.019	207	111	6	263	448	10	199	1.70e-18	82.0
BDNCKBLC_00454	MER0168177	33.108	148	88	3	305	452	20	156	6.44e-18	79.0
BDNCKBLC_00454	MER0091680	31.604	212	122	6	277	474	13	215	8.61e-18	80.1
BDNCKBLC_00454	MER0028449	31.000	200	111	6	279	459	30	221	1.20e-17	79.7
BDNCKBLC_00454	MER0016308	31.844	179	103	4	286	452	5	176	2.46e-17	77.8
BDNCKBLC_00454	MER0011371	30.890	191	115	6	276	454	21	206	5.12e-17	77.4
BDNCKBLC_00454	MER0001012	26.977	215	132	6	253	451	3	208	2.14e-16	75.9
BDNCKBLC_00454	MER0002078	26.222	225	131	6	275	478	20	230	6.77e-16	74.7
BDNCKBLC_00454	MER0011370	28.019	207	104	6	270	451	16	202	1.21e-15	73.6
BDNCKBLC_00454	MER0011423	33.742	163	98	3	300	452	45	207	2.50e-15	72.8
BDNCKBLC_00454	MER0015166	29.224	219	136	7	250	451	7	223	2.78e-15	73.2
BDNCKBLC_00454	MER0001701	29.286	140	76	3	334	459	70	200	5.11e-15	72.0
BDNCKBLC_00454	MER0052595	27.358	212	130	6	263	459	18	220	1.18e-13	68.2
BDNCKBLC_00454	MER0011175	27.638	199	113	7	273	452	17	203	1.67e-13	67.4
BDNCKBLC_00454	MER0011720	28.283	198	123	6	276	467	26	210	4.00e-13	66.2
BDNCKBLC_00454	MER0002355	28.431	204	105	7	276	459	26	208	4.10e-13	66.6
BDNCKBLC_00454	MER0002210	29.814	161	93	4	300	446	2	156	4.41e-13	64.7
BDNCKBLC_00454	MER0036308	28.986	207	121	5	257	451	11	203	1.90e-12	64.7
BDNCKBLC_00454	MER0019096	28.571	154	89	5	334	481	60	198	4.34e-12	62.8
BDNCKBLC_00454	MER0011401	30.178	169	89	5	301	449	38	197	4.37e-12	63.2
BDNCKBLC_00454	MER0003916	26.190	210	112	7	265	453	1	188	6.49e-12	62.4
BDNCKBLC_00454	MER0011399	26.562	192	117	7	284	461	29	210	3.80e-11	60.8
BDNCKBLC_00454	MER0040779	25.786	159	98	4	301	452	45	190	6.58e-11	59.3
BDNCKBLC_00454	MER0011400	29.843	191	122	6	286	467	29	216	1.44e-10	59.3
BDNCKBLC_00454	MER0116688	26.257	179	113	5	300	465	45	217	1.95e-10	58.9
BDNCKBLC_00454	MER0001013	27.604	192	125	4	257	441	14	198	2.29e-10	58.5
BDNCKBLC_00454	MER0001001	23.902	205	139	5	257	450	2	200	2.34e-10	58.2
BDNCKBLC_00454	MER0011345	24.883	213	144	5	257	460	13	218	3.86e-10	58.2
BDNCKBLC_00454	MER0026830	31.967	122	78	2	258	377	8	126	1.97e-09	55.1
BDNCKBLC_00454	MER0005328	26.733	202	131	6	257	448	2	196	3.63e-09	54.3
BDNCKBLC_00454	MER0003500	24.479	192	127	3	286	465	18	203	6.10e-09	53.9
BDNCKBLC_00454	MER0001017	27.273	176	112	5	288	453	43	212	6.36e-09	54.3
BDNCKBLC_00454	MER0002755	26.633	199	118	7	266	447	11	198	1.03e-08	53.1
BDNCKBLC_00454	MER0002281	29.362	235	120	8	281	504	37	236	1.04e-08	53.9
BDNCKBLC_00454	MER0005037	26.286	175	124	4	277	446	10	184	1.26e-08	52.4
BDNCKBLC_00454	MER0171631	27.404	208	122	8	260	451	7	201	1.27e-08	53.1
BDNCKBLC_00454	MER0012283	25.758	198	133	4	261	451	17	207	3.76e-08	51.6
BDNCKBLC_00454	MER0019754	23.645	203	126	6	276	459	3	195	1.32e-07	49.7
BDNCKBLC_00454	MER0002658	27.273	132	88	2	337	460	1	132	2.71e-06	45.1
BDNCKBLC_00454	MER0001525	24.402	209	140	7	250	442	3	209	3.44e-06	45.8
BDNCKBLC_00500	MER0013957	29.586	169	103	6	93	248	4	169	4.12e-08	48.9
BDNCKBLC_00500	MER0001303	26.087	184	119	7	90	260	1	180	5.09e-06	43.1
BDNCKBLC_00540	MER0026545	32.843	204	122	5	64	261	76	270	4.91e-30	110
BDNCKBLC_00540	MER0042387	31.138	167	111	2	92	258	18	180	1.06e-26	99.8
BDNCKBLC_00540	MER0026496	26.786	280	172	7	2	261	7	273	1.11e-24	96.7
BDNCKBLC_00540	MER0026552	33.742	163	92	4	89	248	9	158	3.05e-24	93.2
BDNCKBLC_00540	MER0031491	29.518	166	105	4	94	251	20	181	2.08e-18	77.8
BDNCKBLC_00540	MER0002642	28.070	171	103	8	102	269	22	175	2.55e-09	52.4
BDNCKBLC_00540	MER0002639	23.077	156	109	4	104	256	24	171	2.03e-06	43.9
BDNCKBLC_00591	MER0003105	43.411	258	140	4	294	547	1	256	1.81e-64	209
BDNCKBLC_00591	MER0004321	44.402	259	138	4	294	547	1	258	4.25e-62	202
BDNCKBLC_00591	MER0016544	40.357	280	140	6	294	547	1	279	1.51e-58	194
BDNCKBLC_00591	MER0016542	40.714	280	136	6	296	547	3	280	6.84e-58	192
BDNCKBLC_00591	MER0002039	41.339	254	147	1	294	547	1	252	3.85e-51	173
BDNCKBLC_00591	MER0014518	39.453	256	150	4	296	546	3	258	9.72e-51	172
BDNCKBLC_00591	MER0027437	36.471	255	157	3	295	546	2	254	7.02e-46	159
BDNCKBLC_00591	MER0005462	30.738	244	144	10	295	529	2	229	2.83e-17	78.2
BDNCKBLC_00591	MER0004532	26.786	224	143	8	307	520	2	214	4.54e-11	60.1
BDNCKBLC_00591	MER0004931	25.676	222	149	6	307	520	2	215	1.83e-10	58.2
BDNCKBLC_00632	MER0005196	61.044	249	96	1	459	706	2	250	9.98e-106	319
BDNCKBLC_00632	MER0058228	42.975	242	136	2	472	711	1	242	1.88e-68	221
BDNCKBLC_00632	MER0001423	39.565	230	138	1	478	706	2	231	3.72e-61	202
BDNCKBLC_00632	MER0004923	35.714	252	156	3	444	691	23	272	2.97e-52	179
BDNCKBLC_00632	MER0013484	39.819	221	129	2	475	691	1	221	1.21e-50	173
BDNCKBLC_00632	MER0004921	35.242	227	136	5	475	695	1	222	8.10e-48	166
BDNCKBLC_00632	MER0011413	36.161	224	133	3	475	691	1	221	4.23e-46	161
BDNCKBLC_00632	MER0192427	37.915	211	122	4	459	666	49	253	7.61e-46	162
BDNCKBLC_00632	MER0005994	33.865	251	158	6	464	708	13	261	2.48e-45	159
BDNCKBLC_00632	MER0005987	33.852	257	159	7	459	708	7	259	1.17e-44	158
BDNCKBLC_00632	MER0004504	37.931	203	119	3	480	677	1	201	6.51e-42	149
BDNCKBLC_00632	MER0000399	31.890	254	163	5	458	707	8	255	2.68e-40	145
BDNCKBLC_00632	MER0000401	36.607	224	135	4	472	691	20	240	3.11e-40	145
BDNCKBLC_00632	MER0011305	37.903	248	140	8	463	703	7	247	6.08e-40	144
BDNCKBLC_00632	MER0004199	35.808	229	132	8	485	707	1	220	1.52e-35	131
BDNCKBLC_00632	MER0000405	35.586	222	128	7	479	691	33	248	2.99e-35	131
BDNCKBLC_00632	MER0195666	31.068	206	132	4	478	676	1	203	2.77e-33	125
BDNCKBLC_00632	MER0011231	32.567	261	166	7	453	707	1	257	9.95e-33	124
BDNCKBLC_00632	MER0004193	29.032	217	149	4	478	691	3	217	3.14e-31	119
BDNCKBLC_00632	MER0000404	28.958	259	168	7	453	703	1	251	7.77e-30	115
BDNCKBLC_00632	MER0000403	24.514	257	181	7	459	707	7	258	7.74e-23	95.5
BDNCKBLC_00632	MER0003361	28.458	253	161	9	460	707	9	246	1.19e-22	94.7
BDNCKBLC_00632	MER0034615	25.820	244	168	3	470	703	2	242	2.09e-18	82.4
BDNCKBLC_00632	MER0005988	33.636	110	72	1	583	691	2	111	1.61e-17	75.9
BDNCKBLC_00632	MER0015682	26.923	208	141	4	487	690	86	286	1.29e-13	69.3
BDNCKBLC_00632	MER0017401	27.111	225	148	9	487	702	15	232	2.50e-13	67.0
BDNCKBLC_00632	MER0003558	23.106	264	170	6	453	707	18	257	2.39e-12	64.7
BDNCKBLC_00632	MER0140224	25.000	200	130	5	514	697	30	225	9.70e-11	59.3
BDNCKBLC_00632	MER0000408	23.377	231	151	4	478	691	12	233	1.52e-10	59.3
BDNCKBLC_00632	MER0018170	21.990	191	131	3	483	660	17	202	1.86e-09	55.8
BDNCKBLC_00632	MER0005807	23.466	277	173	12	445	700	11	269	1.03e-08	53.9
BDNCKBLC_00632	MER0011583	31.624	117	65	4	476	588	10	115	4.69e-08	51.6
BDNCKBLC_00632	MER0981959	25.000	152	108	3	460	610	8	154	2.53e-07	49.7
BDNCKBLC_00632	MER0000263	27.826	115	79	3	474	587	2	113	3.43e-06	45.8
BDNCKBLC_00632	MER0015621	23.457	162	116	4	452	610	9	165	5.85e-06	45.4
BDNCKBLC_00665	MER0038141	45.679	162	83	2	86	247	1	157	8.47e-52	164
BDNCKBLC_00665	MER0034659	32.787	61	41	0	130	190	43	103	1.35e-06	44.3
BDNCKBLC_00678	MER0437468	37.822	349	202	5	198	532	1	348	3.17e-73	234
BDNCKBLC_00678	MER0065554	46.718	259	127	3	290	538	9	266	4.29e-72	228
BDNCKBLC_00678	MER0436717	33.668	398	197	9	198	532	1	394	2.35e-55	188
BDNCKBLC_00678	MER0031278	27.381	168	93	7	374	535	103	247	2.43e-06	45.8
BDNCKBLC_00714	MER0014135	43.726	263	148	0	181	443	1	263	2.91e-80	246
BDNCKBLC_00714	MER0017402	25.000	192	124	7	271	446	11	198	1.88e-06	45.4
BDNCKBLC_00714	MER0026213	24.812	133	85	4	324	449	131	255	7.17e-06	44.3
BDNCKBLC_00716	MER0015424	52.099	524	238	8	106	622	3	520	5.01e-179	518
BDNCKBLC_00716	MER0016991	26.885	305	143	11	186	480	84	318	2.94e-12	65.5
BDNCKBLC_00716	MER0000349	44.186	86	38	3	384	465	288	367	5.00e-08	52.4
BDNCKBLC_00716	MER0175622	24.129	373	172	15	117	472	8	286	1.95e-07	50.1
BDNCKBLC_00716	MER0014086	40.625	64	32	1	423	486	325	382	5.52e-06	45.8
BDNCKBLC_00716	MER0114485	41.026	78	36	3	369	445	264	332	8.83e-06	45.4
BDNCKBLC_00723	MER0219770	27.575	301	180	13	47	330	20	299	1.71e-18	82.0
BDNCKBLC_00723	MER0028284	23.118	186	119	5	29	208	11	178	3.56e-10	57.4
BDNCKBLC_00723	MER0003802	24.153	236	140	8	73	299	51	256	7.12e-08	50.1
BDNCKBLC_00723	MER0002489	21.182	203	154	3	73	272	58	257	2.15e-07	48.9
BDNCKBLC_00723	MER0354941	28.846	156	87	7	72	214	52	196	5.80e-06	43.5
BDNCKBLC_00723	MER0026262	19.886	352	229	12	13	339	3	326	9.77e-06	43.9
BDNCKBLC_00745	MER0015621	52.158	278	116	4	431	692	13	289	8.44e-93	287
BDNCKBLC_00745	MER0000392	49.815	271	126	4	431	692	3	272	5.03e-89	277
BDNCKBLC_00745	MER0005694	49.270	274	138	1	419	692	1	273	3.09e-87	272
BDNCKBLC_00745	MER0079308	49.042	261	129	4	434	692	6	264	1.96e-85	267
BDNCKBLC_00745	MER0002490	47.902	286	124	5	431	692	13	297	5.96e-84	265
BDNCKBLC_00745	MER0011450	48.708	271	128	5	431	692	3	271	1.44e-81	257
BDNCKBLC_00745	MER0981959	47.122	278	129	5	431	692	2	277	2.77e-80	254
BDNCKBLC_00745	MER0022823	49.254	268	129	6	431	692	3	269	1.88e-78	249
BDNCKBLC_00745	MER0325901	42.336	274	153	5	431	700	1	273	1.67e-64	212
BDNCKBLC_00745	MER0000398	44.231	260	132	6	435	694	4	250	7.81e-60	199
BDNCKBLC_00745	MER0003229	36.059	269	162	6	431	697	11	271	7.57e-47	164
BDNCKBLC_00745	MER0000410	33.456	272	168	6	431	693	13	280	1.44e-40	147
BDNCKBLC_00745	MER0011872	32.500	280	181	5	425	698	7	284	8.31e-36	134
BDNCKBLC_00745	MER0082498	31.858	226	136	6	445	656	12	233	1.20e-25	104
BDNCKBLC_00745	MER0004227	31.500	200	133	2	445	641	33	231	4.78e-25	103
BDNCKBLC_00745	MER0082653	26.718	262	170	6	445	685	16	276	3.90e-24	99.8
BDNCKBLC_00745	MER0005807	25.269	186	132	4	438	623	34	212	6.18e-07	48.5
BDNCKBLC_00745	MER0001920	30.047	213	134	8	470	674	21	226	7.73e-06	44.7
BDNCKBLC_00771	MER0005767	29.781	319	181	7	52	367	27	305	4.32e-37	134
BDNCKBLC_00771	MER0030151	22.864	398	287	11	3	383	1	395	2.77e-15	73.9
BDNCKBLC_00771	MER0030143	22.556	399	287	12	3	383	1	395	1.21e-14	72.0
BDNCKBLC_00771	MER0030136	21.117	412	277	16	3	383	1	395	5.60e-12	63.9
BDNCKBLC_00771	MER0015112	22.333	403	287	13	3	383	1	399	8.34e-12	63.2
BDNCKBLC_00771	MER0030155	21.891	402	286	12	3	383	1	395	1.85e-11	62.4
BDNCKBLC_00772	MER0195774	26.754	228	113	5	50	274	1	177	9.98e-20	84.7
BDNCKBLC_00772	MER0011744	26.721	247	120	8	40	276	16	211	4.16e-11	60.5
BDNCKBLC_00772	MER0122186	42.857	63	36	0	40	102	12	74	1.08e-10	58.9
BDNCKBLC_00772	MER0003448	21.260	254	147	5	50	301	2	204	8.63e-10	57.0
BDNCKBLC_00772	MER0043985	23.297	279	139	9	50	315	2	218	1.26e-09	56.6
BDNCKBLC_00772	MER0003823	26.667	210	103	3	41	248	17	177	1.81e-09	55.8
BDNCKBLC_00772	MER0001229	23.529	272	131	10	50	306	2	211	1.99e-09	55.8
BDNCKBLC_00772	MER0001214	26.168	214	104	5	37	245	10	174	2.23e-09	55.1
BDNCKBLC_00772	MER0011096	25.610	246	124	6	40	276	16	211	3.78e-09	54.7
BDNCKBLC_00772	MER0003386	25.000	244	126	7	41	276	17	211	7.91e-09	53.9
BDNCKBLC_00772	MER0002423	43.548	62	35	0	41	102	17	78	1.92e-08	52.8
BDNCKBLC_00772	MER0015259	24.390	205	104	3	46	248	22	177	4.04e-08	51.6
BDNCKBLC_00772	MER0001220	24.701	251	128	8	71	311	5	204	6.09e-08	51.2
BDNCKBLC_00772	MER0001222	31.132	106	65	3	50	153	26	125	2.48e-07	49.3
BDNCKBLC_00772	MER0002283	40.909	66	39	0	39	104	15	80	4.92e-07	48.5
BDNCKBLC_00772	MER0092828	41.509	53	30	1	50	102	2	53	5.12e-07	47.4
BDNCKBLC_00772	MER0002345	38.710	62	38	0	41	102	17	78	5.81e-07	48.1
BDNCKBLC_00772	MER0001218	25.564	133	91	3	41	167	17	147	6.49e-07	48.1
BDNCKBLC_00772	MER0024891	25.517	145	94	5	165	295	34	178	2.49e-06	47.4
BDNCKBLC_00837	MER0015424	30.409	513	275	22	107	548	16	517	1.39e-41	157
BDNCKBLC_00837	MER0016991	26.113	337	204	11	117	436	29	337	1.35e-10	60.5
BDNCKBLC_00837	MER0080418	35.294	68	39	1	358	425	298	360	3.65e-08	53.1
BDNCKBLC_00837	MER0016983	30.556	108	56	3	327	426	216	312	6.39e-08	52.0
BDNCKBLC_00837	MER0000321	28.085	235	105	12	155	379	154	334	4.63e-07	49.7
BDNCKBLC_00837	MER0000329	31.081	148	73	5	289	425	232	361	9.87e-07	48.5
BDNCKBLC_00837	MER0114485	46.154	65	24	1	316	380	275	328	1.20e-06	48.5
BDNCKBLC_00837	MER0014446	43.077	65	26	1	316	380	323	376	4.05e-06	47.0
BDNCKBLC_00837	MER0005498	38.462	65	35	1	362	426	266	325	4.07e-06	46.6
BDNCKBLC_00837	MER0019280	31.858	113	63	2	308	420	201	299	4.46e-06	46.2
BDNCKBLC_00837	MER0005859	33.607	122	65	6	311	426	386	497	6.49e-06	46.2
BDNCKBLC_00837	MER0014086	27.684	177	87	6	277	425	221	384	6.93e-06	46.2
BDNCKBLC_00851	MER0013623	55.975	159	64	2	124	282	1	153	1.21e-51	169
BDNCKBLC_00851	MER0000268	53.459	159	69	1	124	282	1	154	1.59e-50	167
BDNCKBLC_00851	MER0003850	48.333	180	87	2	123	301	2	176	1.05e-47	160
BDNCKBLC_00851	MER0000266	53.416	161	68	3	124	282	1	156	1.34e-46	156
BDNCKBLC_00851	MER0001372	52.795	161	69	3	124	282	1	156	3.78e-44	150
BDNCKBLC_00851	MER0004673	36.396	283	143	6	124	387	2	266	3.62e-43	151
BDNCKBLC_00851	MER0004111	48.125	160	77	2	124	282	1	155	5.93e-42	144
BDNCKBLC_00851	MER0005468	46.584	161	81	3	124	282	1	158	5.94e-40	139
BDNCKBLC_00851	MER0004149	49.102	167	73	3	124	282	1	163	7.49e-40	139
BDNCKBLC_00851	MER0003290	49.080	163	72	4	124	282	1	156	8.57e-39	135
BDNCKBLC_00851	MER0022668	47.368	171	78	6	124	282	1	171	1.14e-36	130
BDNCKBLC_00851	MER0003293	45.806	155	75	2	124	276	1	148	1.40e-36	129
BDNCKBLC_00851	MER0001945	45.342	161	84	2	124	282	1	159	5.06e-36	128
BDNCKBLC_00851	MER0004086	48.780	164	76	5	125	282	1	162	1.44e-35	127
BDNCKBLC_00851	MER0002577	44.375	160	81	3	124	282	1	153	1.84e-32	118
BDNCKBLC_00851	MER0001373	46.012	163	79	4	124	282	1	158	2.84e-32	118
BDNCKBLC_00851	MER0028330	44.172	163	77	4	124	282	1	153	1.04e-31	116
BDNCKBLC_00851	MER0016031	44.910	167	83	5	124	282	1	166	1.15e-31	117
BDNCKBLC_00851	MER0016351	43.750	160	82	3	124	282	1	153	2.05e-30	112
BDNCKBLC_00851	MER0011375	39.130	161	89	3	124	282	1	154	4.09e-29	109
BDNCKBLC_00851	MER0010944	37.931	174	90	4	124	282	1	171	1.48e-28	108
BDNCKBLC_00851	MER0014795	41.420	169	79	5	124	282	1	159	2.24e-27	104
BDNCKBLC_00851	MER0004093	40.373	161	86	4	124	282	1	153	1.58e-25	99.4
BDNCKBLC_00851	MER0006096	42.647	136	72	3	148	282	1	131	1.54e-23	93.2
BDNCKBLC_00851	MER0005093	38.889	162	83	4	124	272	1	159	7.61e-23	92.4
BDNCKBLC_00851	MER0015583	38.667	150	83	4	124	265	1	149	4.01e-19	81.3
BDNCKBLC_00851	MER0063616	31.928	166	92	4	127	282	5	159	9.33e-15	68.9
BDNCKBLC_00851	MER0004696	32.624	141	91	4	124	263	1	138	2.54e-11	58.5
BDNCKBLC_00851	MER0005094	32.184	174	86	9	124	282	1	157	1.75e-10	56.6
BDNCKBLC_00851	MER0014317	32.168	143	79	6	133	263	2	138	1.47e-07	48.1
BDNCKBLC_00851	MER0014318	34.459	148	79	8	124	263	1	138	2.94e-07	47.0
BDNCKBLC_00851	MER0005089	33.577	137	78	7	124	254	1	130	2.89e-06	44.3
BDNCKBLC_00852	MER0003242	50.329	304	146	3	110	413	2	300	8.09e-108	317
BDNCKBLC_00852	MER0013876	28.244	393	219	14	30	406	1	346	9.06e-37	134
BDNCKBLC_00852	MER0003855	29.110	292	183	7	30	310	1	279	2.22e-33	125
BDNCKBLC_00852	MER0004416	28.621	290	168	9	42	312	11	280	3.48e-26	103
BDNCKBLC_00862	MER0004146	25.969	258	158	8	2	237	8	254	1.48e-17	76.6
BDNCKBLC_00862	MER0036115	32.653	98	64	1	12	107	34	131	2.29e-13	65.5
BDNCKBLC_00862	MER0213829	29.586	169	99	6	3	151	39	207	6.99e-12	61.2
BDNCKBLC_00862	MER0017142	23.721	215	154	3	4	213	5	214	1.68e-11	59.3
BDNCKBLC_00862	MER0036072	26.984	126	82	2	8	123	73	198	4.75e-11	58.9
BDNCKBLC_00862	MER0031611	21.111	270	175	12	4	246	28	286	1.58e-10	57.0
BDNCKBLC_00862	MER0044581	28.346	127	80	4	9	124	67	193	2.62e-10	56.6
BDNCKBLC_00862	MER0044633	29.508	122	78	4	10	124	70	190	2.33e-09	53.9
BDNCKBLC_00862	MER0044578	29.907	107	68	3	9	108	69	175	2.96e-09	53.5
BDNCKBLC_00862	MER0031617	23.077	234	143	8	2	208	22	245	4.77e-09	52.4
BDNCKBLC_00862	MER0213280	27.778	90	57	2	11	95	28	114	5.37e-09	52.4
BDNCKBLC_00862	MER0183709	27.586	116	75	4	1	107	22	137	8.49e-09	52.0
BDNCKBLC_00862	MER0036075	31.068	103	67	3	9	107	66	168	1.10e-08	51.6
BDNCKBLC_00862	MER0031619	30.693	101	68	1	13	111	28	128	1.13e-08	51.6
BDNCKBLC_00862	MER0044350	28.125	96	66	1	13	105	1	96	1.68e-08	50.8
BDNCKBLC_00862	MER0011785	31.788	151	90	4	9	153	31	174	1.84e-08	50.8
BDNCKBLC_00862	MER0035032	28.261	92	58	2	9	95	27	115	2.22e-08	50.8
BDNCKBLC_00862	MER0025512	29.412	119	78	4	2	117	39	154	2.96e-08	50.4
BDNCKBLC_00862	MER0034563	24.691	243	150	8	14	241	17	241	4.95e-08	49.3
BDNCKBLC_00862	MER0035038	27.586	87	61	2	11	95	28	114	6.06e-08	49.3
BDNCKBLC_00862	MER0035044	27.586	87	61	1	11	95	31	117	8.74e-08	48.9
BDNCKBLC_00862	MER0037236	29.730	111	72	3	2	107	9	118	1.42e-07	48.1
BDNCKBLC_00862	MER0035042	28.736	87	58	2	12	95	34	119	4.13e-07	47.0
BDNCKBLC_00862	MER0014065	29.592	98	64	4	2	95	22	118	4.48e-07	47.0
BDNCKBLC_00862	MER0026339	35.065	77	49	1	13	88	24	100	4.84e-07	46.6
BDNCKBLC_00862	MER0044900	31.818	88	55	2	15	97	96	183	5.00e-06	43.9
BDNCKBLC_00862	MER0035035	26.882	93	52	2	12	95	34	119	5.71e-06	43.5
BDNCKBLC_00946	MER0004146	27.341	267	161	9	4	243	1	261	2.23e-19	81.6
BDNCKBLC_00946	MER0037236	24.901	253	168	6	12	243	10	261	6.96e-18	77.4
BDNCKBLC_00946	MER0036053	25.188	266	160	6	14	243	1	263	9.77e-18	77.4
BDNCKBLC_00946	MER0031611	22.968	283	186	8	1	253	14	294	3.27e-15	70.5
BDNCKBLC_00946	MER0036076	25.000	240	149	9	22	241	63	291	6.80e-15	69.7
BDNCKBLC_00946	MER0036067	28.216	241	147	10	22	240	52	288	2.68e-13	65.1
BDNCKBLC_00946	MER0036074	23.182	220	121	5	73	252	176	387	5.75e-13	64.7
BDNCKBLC_00946	MER0036054	23.166	259	161	6	22	243	17	274	1.18e-12	63.2
BDNCKBLC_00946	MER0036068	25.397	252	144	11	22	241	54	293	4.64e-11	58.5
BDNCKBLC_00946	MER0036066	22.917	240	166	6	22	242	1	240	2.00e-10	56.2
BDNCKBLC_00946	MER0031610	22.088	249	154	7	22	241	55	292	5.39e-10	55.5
BDNCKBLC_00946	MER0036078	23.830	235	144	10	18	238	28	241	5.89e-10	55.1
BDNCKBLC_00946	MER0017033	23.019	265	170	11	4	243	45	300	3.42e-08	50.1
BDNCKBLC_00946	MER0017177	39.344	61	37	0	190	250	258	318	5.38e-08	49.7
BDNCKBLC_00946	MER0035973	25.847	236	154	7	22	242	57	286	6.58e-08	49.3
BDNCKBLC_00946	MER0011509	33.028	109	65	3	21	122	38	145	4.60e-07	46.6
BDNCKBLC_00946	MER0036057	21.875	256	146	9	22	243	63	298	5.62e-07	46.6
BDNCKBLC_00946	MER0036059	39.655	58	35	0	184	241	293	350	9.96e-07	45.8
BDNCKBLC_00946	MER0036073	24.590	244	155	11	22	243	80	316	2.16e-06	44.7
BDNCKBLC_00946	MER0066189	21.992	241	165	10	9	241	7	232	3.37e-06	43.9
BDNCKBLC_00946	MER0033249	26.087	138	92	5	124	252	72	208	5.11e-06	43.1
BDNCKBLC_00952	MER0000485	57.303	178	76	0	34	211	60	237	2.73e-68	206
BDNCKBLC_00952	MER0003443	47.179	195	97	2	14	202	27	221	2.03e-58	181
BDNCKBLC_00952	MER0014970	44.231	208	110	2	9	210	73	280	7.30e-58	181
BDNCKBLC_00952	MER0011056	49.724	181	84	3	34	209	43	221	2.63e-56	175
BDNCKBLC_00952	MER0003442	44.550	211	106	4	9	209	12	221	6.14e-55	172
BDNCKBLC_00952	MER0004236	48.588	177	89	1	30	206	84	258	1.32e-54	172
BDNCKBLC_00952	MER0000495	42.029	207	108	3	14	209	38	243	2.37e-54	171
BDNCKBLC_00952	MER0011057	46.369	179	93	1	34	209	43	221	4.56e-53	167
BDNCKBLC_00952	MER0000488	43.094	181	103	0	26	206	51	231	1.29e-51	163
BDNCKBLC_00952	MER0000496	50.625	160	74	1	33	187	112	271	3.28e-49	159
BDNCKBLC_00952	MER0005837	39.894	188	110	2	24	210	63	248	3.59e-41	137
BDNCKBLC_00952	MER0108906	38.342	193	110	3	21	209	44	231	2.78e-35	121
BDNCKBLC_00952	MER0026213	32.000	150	99	1	62	211	111	257	1.82e-23	91.7
BDNCKBLC_00952	MER0017402	33.702	181	108	5	34	209	28	201	6.11e-20	81.3
BDNCKBLC_00952	MER0003859	29.870	154	101	3	56	209	79	225	3.11e-14	66.2
BDNCKBLC_00952	MER0003359	29.891	184	117	5	34	210	45	223	3.84e-14	65.9
BDNCKBLC_00952	MER0003017	28.571	98	67	2	114	211	66	160	1.55e-07	46.2
BDNCKBLC_00952	MER0000491	27.273	110	77	1	72	181	5	111	1.83e-07	46.6
BDNCKBLC_00952	MER0017403	31.325	83	57	0	97	179	94	176	2.39e-07	46.6
BDNCKBLC_00984	MER0015472	30.455	220	103	7	13	230	8	179	5.08e-14	65.9
BDNCKBLC_00984	MER0015473	29.565	230	107	10	16	235	1	185	6.18e-11	57.4
BDNCKBLC_00984	MER0015458	29.231	195	98	6	39	230	41	198	8.61e-09	51.6
BDNCKBLC_00984	MER0048181	28.652	178	90	6	50	226	1	142	1.05e-08	49.7
BDNCKBLC_00984	MER0015468	34.444	90	56	2	8	95	3	91	1.27e-08	50.1
BDNCKBLC_00984	MER0015462	44.231	52	29	0	44	95	42	93	2.44e-08	49.3
BDNCKBLC_00984	MER0035036	25.333	225	107	8	13	230	51	221	4.47e-08	49.3
BDNCKBLC_00984	MER0017194	30.476	105	52	2	5	95	12	109	1.58e-07	47.4
BDNCKBLC_00984	MER0015631	42.308	52	30	0	46	97	48	99	5.05e-07	46.2
BDNCKBLC_00984	MER0015459	37.500	48	30	0	48	95	48	95	5.15e-07	46.2
BDNCKBLC_00984	MER0047976	34.483	58	38	0	38	95	1	58	6.20e-07	45.4
BDNCKBLC_00984	MER0015659	25.532	188	83	4	46	233	46	176	2.09e-06	44.3
BDNCKBLC_00984	MER0015630	26.316	190	79	5	46	233	49	179	7.55e-06	42.7
BDNCKBLC_00998	MER0039993	38.873	710	397	12	23	709	1	696	5.91e-158	470
BDNCKBLC_00998	MER0014366	36.299	708	419	10	17	709	22	712	3.28e-149	448
BDNCKBLC_00998	MER0217397	32.468	693	434	9	37	709	1	679	1.40e-124	383
BDNCKBLC_00998	MER0501051	36.538	260	158	6	21	277	2	257	7.95e-50	176
BDNCKBLC_00998	MER0501051	43.226	155	81	3	557	710	253	401	2.83e-31	123
BDNCKBLC_01003	MER0005244	37.000	100	63	0	278	377	3	102	3.34e-16	74.3
BDNCKBLC_01003	MER0015691	31.188	202	108	9	276	457	49	239	3.87e-14	69.3
BDNCKBLC_01003	MER0005241	38.462	104	58	2	280	377	5	108	2.79e-13	66.6
BDNCKBLC_01003	MER0100667	28.141	199	115	8	292	480	39	219	1.51e-12	63.9
BDNCKBLC_01003	MER0001289	27.049	244	165	7	239	479	29	262	5.00e-12	63.2
BDNCKBLC_01003	MER0005149	29.091	220	113	10	263	452	49	255	5.92e-12	63.5
BDNCKBLC_01003	MER0005238	36.634	101	58	3	263	360	51	148	6.43e-12	63.2
BDNCKBLC_01003	MER0005139	32.090	134	79	5	250	374	30	160	1.13e-11	62.4
BDNCKBLC_01003	MER0002104	35.238	105	62	3	263	364	51	152	2.18e-11	61.6
BDNCKBLC_01003	MER0004514	30.000	170	103	5	280	437	36	201	2.29e-11	60.8
BDNCKBLC_01003	MER0194228	28.191	188	129	5	295	479	2	186	4.96e-11	58.9
BDNCKBLC_01003	MER0037181	29.670	182	108	7	260	434	46	214	6.66e-11	60.1
BDNCKBLC_01003	MER0001284	27.419	186	117	6	265	437	21	201	7.44e-11	59.7
BDNCKBLC_01003	MER0005239	32.353	136	76	6	259	381	46	178	1.05e-10	59.7
BDNCKBLC_01003	MER0038832	29.255	188	118	8	280	460	48	227	1.55e-10	58.5
BDNCKBLC_01003	MER0032443	25.833	240	157	7	249	471	9	244	1.80e-10	58.5
BDNCKBLC_01003	MER0011464	26.923	208	138	7	286	487	52	251	4.67e-10	57.0
BDNCKBLC_01003	MER0011461	28.095	210	136	9	280	481	47	249	6.63e-10	56.6
BDNCKBLC_01003	MER0015336	27.948	229	129	12	261	467	44	258	1.79e-09	55.5
BDNCKBLC_01003	MER0005158	29.213	178	109	7	292	461	65	233	2.47e-09	55.1
BDNCKBLC_01003	MER0005131	25.108	231	149	10	260	472	18	242	3.64e-09	54.3
BDNCKBLC_01003	MER0002161	28.333	180	97	6	268	434	54	214	1.08e-08	53.1
BDNCKBLC_01003	MER0013618	27.551	196	123	9	274	455	52	242	3.55e-08	52.0
BDNCKBLC_01003	MER0001911	33.333	87	56	1	280	366	41	125	8.32e-08	50.1
BDNCKBLC_01003	MER0011487	24.352	193	137	7	280	468	48	235	6.39e-07	47.8
BDNCKBLC_01003	MER0038833	31.325	83	56	1	280	361	48	130	7.19e-07	47.4
BDNCKBLC_01003	MER0030257	35.294	68	44	0	294	361	63	130	2.27e-06	45.8
BDNCKBLC_01003	MER0001288	29.940	167	100	7	277	435	20	177	3.56e-06	45.1
BDNCKBLC_01003	MER0015688	34.848	66	43	0	292	357	68	133	5.76e-06	44.7
BDNCKBLC_01034	MER0001313	28.800	125	81	3	6	128	14	132	2.06e-08	48.9
BDNCKBLC_01048	MER0036308	33.735	166	89	7	319	473	44	199	3.38e-13	66.6
BDNCKBLC_01048	MER0005328	29.412	170	93	6	319	472	35	193	4.77e-08	50.4
BDNCKBLC_01048	MER0019096	22.346	179	107	4	339	507	42	198	7.42e-08	50.1
BDNCKBLC_01048	MER0011369	23.718	156	111	3	328	475	60	215	6.63e-07	47.8
BDNCKBLC_01048	MER0006264	21.127	142	108	2	334	471	27	168	2.89e-06	45.1
BDNCKBLC_01048	MER0019759	27.815	151	93	6	334	471	49	196	6.64e-06	44.7
BDNCKBLC_01048	MER0002422	23.448	145	94	3	349	486	73	207	7.77e-06	44.3
BDNCKBLC_01048	MER0012283	27.326	172	108	5	324	487	55	217	8.84e-06	44.3
BDNCKBLC_01083	MER0001295	43.169	183	90	3	378	555	2	175	2.31e-44	154
BDNCKBLC_01083	MER0003065	37.430	179	95	4	379	557	3	164	1.36e-28	109
BDNCKBLC_01083	MER0003413	32.778	180	105	3	378	557	2	165	7.01e-26	101
BDNCKBLC_01083	MER0003514	32.418	182	106	4	377	558	1	165	2.13e-21	89.0
BDNCKBLC_01083	MER0001297	31.461	178	105	4	377	554	1	161	1.42e-19	83.6
BDNCKBLC_01083	MER0001425	36.313	179	97	7	380	555	4	168	2.22e-19	83.2
BDNCKBLC_01083	MER0004195	31.522	184	106	6	377	558	1	166	3.30e-18	79.7
BDNCKBLC_01083	MER0005714	30.811	185	104	5	379	555	3	171	1.44e-16	75.1
BDNCKBLC_01083	MER0004196	32.044	181	104	4	380	558	4	167	9.04e-16	72.8
BDNCKBLC_01083	MER0015684	32.394	142	82	4	380	518	4	134	2.43e-14	68.6
BDNCKBLC_01115	MER0000410	63.345	281	100	2	400	680	4	281	3.75e-126	372
BDNCKBLC_01115	MER0011872	42.164	268	151	3	414	678	16	282	1.49e-69	226
BDNCKBLC_01115	MER0082498	41.343	283	143	6	416	675	1	283	1.22e-65	215
BDNCKBLC_01115	MER0079308	37.037	270	156	8	414	677	6	267	3.53e-46	162
BDNCKBLC_01115	MER0005694	32.472	271	174	4	411	678	13	277	1.01e-45	161
BDNCKBLC_01115	MER0015621	32.095	296	180	5	404	682	6	297	1.26e-41	150
BDNCKBLC_01115	MER0082653	34.231	260	149	9	416	655	7	264	1.99e-39	143
BDNCKBLC_01115	MER0000392	32.364	275	172	5	414	678	6	276	2.18e-39	143
BDNCKBLC_01115	MER0011450	33.721	258	156	6	411	658	3	255	7.58e-39	142
BDNCKBLC_01115	MER0004227	36.073	219	138	2	420	637	28	245	6.60e-38	140
BDNCKBLC_01115	MER0022823	31.752	274	178	5	411	678	3	273	4.86e-37	137
BDNCKBLC_01115	MER0002490	30.508	295	172	7	411	678	13	301	1.13e-36	136
BDNCKBLC_01115	MER0981959	29.577	284	178	6	411	677	2	280	2.28e-32	123
BDNCKBLC_01115	MER0325901	30.545	275	178	8	414	681	4	272	1.01e-30	118
BDNCKBLC_01115	MER0003229	31.502	273	170	8	411	678	11	271	2.02e-28	112
BDNCKBLC_01115	MER0000398	29.187	209	137	4	452	659	36	234	1.01e-23	97.8
BDNCKBLC_01138	MER0056525	53.975	239	106	3	398	635	1	236	1.01e-84	263
BDNCKBLC_01138	MER0011748	50.189	265	120	5	398	652	1	263	3.69e-76	242
BDNCKBLC_01138	MER0005496	49.565	230	115	1	398	627	1	229	1.11e-75	240
BDNCKBLC_01138	MER0015609	51.515	231	107	2	398	627	1	227	4.32e-75	239
BDNCKBLC_01138	MER0023544	45.652	230	124	1	398	627	1	229	2.00e-71	229
BDNCKBLC_01138	MER0011224	45.217	230	125	1	398	627	1	229	4.78e-69	223
BDNCKBLC_01138	MER0015195	47.034	236	122	2	398	632	1	234	5.06e-68	220
BDNCKBLC_01138	MER0171760	40.909	264	149	3	363	623	1	260	5.53e-65	212
BDNCKBLC_01138	MER0015194	44.589	231	123	2	399	627	2	229	4.48e-63	207
BDNCKBLC_01138	MER0014306	41.702	235	136	1	398	632	1	234	1.78e-62	206
BDNCKBLC_01138	MER0002605	43.590	234	127	3	398	630	1	230	2.45e-62	205
BDNCKBLC_01138	MER0002600	42.424	231	130	2	398	627	1	229	6.19e-61	201
BDNCKBLC_01138	MER0004454	41.296	247	138	3	398	640	1	244	2.98e-57	192
BDNCKBLC_01138	MER0005466	42.308	234	125	4	399	624	2	233	1.75e-56	188
BDNCKBLC_01138	MER0024898	39.474	266	147	5	398	655	1	260	2.75e-55	186
BDNCKBLC_01138	MER0015199	42.500	240	133	2	398	632	1	240	1.06e-54	185
BDNCKBLC_01138	MER0002602	41.739	230	128	2	399	622	2	231	4.65e-52	177
BDNCKBLC_01138	MER0001620	37.657	239	142	3	398	629	1	239	2.40e-46	162
BDNCKBLC_01138	MER0002563	36.325	234	139	3	399	622	2	235	4.52e-45	157
BDNCKBLC_01138	MER0002408	38.494	239	138	5	398	629	1	237	8.26e-45	157
BDNCKBLC_01138	MER0015193	37.917	240	139	5	398	629	1	238	1.14e-42	151
BDNCKBLC_01138	MER0015197	37.674	215	129	2	410	621	13	225	3.20e-42	150
BDNCKBLC_01138	MER0011745	35.102	245	144	6	398	635	1	237	2.55e-41	148
BDNCKBLC_01138	MER0017637	36.752	234	138	3	399	622	2	235	4.46e-41	147
BDNCKBLC_01138	MER0015137	35.102	245	144	6	398	635	1	237	3.13e-40	145
BDNCKBLC_01138	MER0190577	33.617	235	142	3	398	629	1	224	2.46e-38	139
BDNCKBLC_01138	MER0005755	36.797	231	133	5	399	625	2	223	2.99e-37	135
BDNCKBLC_01138	MER0015690	39.189	222	123	6	398	607	1	222	7.19e-37	135
BDNCKBLC_01138	MER0002608	34.470	264	166	5	399	657	2	263	2.33e-36	134
BDNCKBLC_01138	MER0014324	33.772	228	137	4	398	622	1	217	4.32e-35	130
BDNCKBLC_01138	MER0011120	39.189	222	123	6	398	607	1	222	1.38e-33	126
BDNCKBLC_01138	MER0024900	31.739	230	145	5	399	624	2	223	2.11e-31	119
BDNCKBLC_01138	MER0002197	31.739	230	142	4	398	622	1	220	3.06e-31	119
BDNCKBLC_01138	MER0190705	30.435	230	149	3	399	626	1	221	2.98e-30	115
BDNCKBLC_01138	MER0001246	32.418	182	111	4	409	587	1	173	2.91e-22	91.3
BDNCKBLC_01138	MER0015204	28.862	246	144	7	399	613	2	247	6.39e-22	93.6
BDNCKBLC_01143	MER0897124	23.028	469	279	13	4	441	1	418	9.68e-19	84.7
BDNCKBLC_01143	MER0004468	29.333	225	132	7	228	441	210	418	2.32e-17	80.5
BDNCKBLC_01143	MER0004469	26.291	213	129	7	1	192	1	206	4.66e-15	73.6
BDNCKBLC_01143	MER0004469	22.764	246	158	6	229	443	157	401	2.07e-09	55.8
BDNCKBLC_01143	MER0004480	32.000	175	104	7	11	183	1	162	4.10e-12	63.9
BDNCKBLC_01143	MER0004480	22.167	203	133	5	221	399	119	320	1.21e-07	50.1
BDNCKBLC_01143	MER0004471	31.000	100	66	2	345	441	267	366	9.92e-10	56.6
BDNCKBLC_01143	MER0004471	26.724	116	76	4	6	120	87	194	3.51e-07	48.9
BDNCKBLC_01143	MER0004474	30.000	100	67	2	345	441	261	360	1.49e-09	56.2
BDNCKBLC_01143	MER0004474	26.271	118	78	4	4	120	79	188	1.14e-07	50.4
BDNCKBLC_01154	MER0017402	31.000	100	63	2	75	170	107	204	1.17e-07	49.3
BDNCKBLC_01154	MER0005837	22.905	179	125	4	5	172	76	252	1.93e-06	46.2
BDNCKBLC_01154	MER0026213	28.723	94	65	1	51	144	136	227	6.20e-06	44.7
BDNCKBLC_01159	MER0016172	27.922	308	186	11	16	306	6	294	3.02e-27	105
BDNCKBLC_01159	MER0016191	25.503	298	197	8	13	298	3	287	3.47e-27	104
BDNCKBLC_01159	MER0016185	25.994	327	188	11	11	298	1	312	1.14e-18	82.0
BDNCKBLC_01165	MER0004035	44.828	116	59	1	102	217	1	111	3.97e-29	102
BDNCKBLC_01165	MER0002443	45.000	120	59	2	101	218	3	117	6.78e-29	102
BDNCKBLC_01165	MER0003986	41.593	113	58	3	99	208	1	108	2.39e-22	85.1
BDNCKBLC_01165	MER0003805	43.333	120	58	5	99	217	1	111	5.71e-21	81.6
BDNCKBLC_01165	MER0002450	42.500	120	59	5	99	217	1	111	7.99e-21	80.9
BDNCKBLC_01165	MER0377310	41.739	115	57	5	99	212	1	106	1.40e-19	77.8
BDNCKBLC_01165	MER0377307	41.739	115	57	5	99	212	1	106	1.40e-19	77.8
BDNCKBLC_01165	MER0377178	40.000	115	59	5	99	212	1	106	4.48e-18	73.6
BDNCKBLC_01165	MER0003808	37.705	122	60	6	99	216	1	110	3.56e-17	71.6
BDNCKBLC_01165	MER0004054	34.127	126	72	6	100	219	2	122	7.37e-17	70.9
BDNCKBLC_01165	MER0014188	37.037	108	59	3	99	205	1	100	4.80e-14	63.2
BDNCKBLC_01165	MER0003807	35.088	114	63	5	99	208	1	107	1.91e-13	61.6
BDNCKBLC_01165	MER0377450	43.333	90	42	4	107	195	9	90	9.51e-13	59.3
BDNCKBLC_01165	MER0376722	37.383	107	51	6	99	201	1	95	1.44e-12	58.9
BDNCKBLC_01165	MER0038100	32.787	122	65	6	109	219	12	127	4.74e-11	55.5
BDNCKBLC_01165	MER0024252	40.299	67	39	1	111	177	14	79	1.38e-08	48.9
BDNCKBLC_01165	MER0001322	31.933	119	62	7	99	213	1	104	2.82e-08	47.8
BDNCKBLC_01165	MER0014672	29.762	84	45	2	99	169	1	83	7.22e-08	46.6
BDNCKBLC_01168	MER0015475	31.677	161	91	7	49	204	40	186	3.46e-13	63.5
BDNCKBLC_01258	MER0014188	41.758	91	47	3	115	204	1	86	1.01e-16	70.5
BDNCKBLC_01258	MER0024252	46.914	81	41	2	127	207	14	92	5.65e-16	68.9
BDNCKBLC_01258	MER0002443	35.870	92	56	3	115	204	1	91	2.58e-12	58.9
BDNCKBLC_01258	MER0003807	40.000	90	50	4	119	205	5	93	5.28e-12	58.2
BDNCKBLC_01258	MER0001322	33.333	105	57	4	115	214	1	97	7.53e-12	57.8
BDNCKBLC_01258	MER0003986	36.559	93	55	4	115	204	1	92	4.02e-11	55.8
BDNCKBLC_01258	MER0376722	35.632	87	51	3	119	204	5	87	1.02e-10	53.9
BDNCKBLC_01258	MER0003808	35.632	87	51	3	119	204	5	87	1.34e-10	54.3
BDNCKBLC_01258	MER0004035	37.805	82	46	4	125	204	8	86	2.09e-10	53.5
BDNCKBLC_01258	MER0377450	32.184	87	56	1	119	205	5	88	3.82e-09	49.7
BDNCKBLC_01258	MER0003805	29.060	117	71	3	117	233	3	107	3.89e-09	50.1
BDNCKBLC_01258	MER0377310	28.866	97	65	2	119	214	5	98	4.82e-09	49.7
BDNCKBLC_01258	MER0377307	28.866	97	65	2	119	214	5	98	4.82e-09	49.7
BDNCKBLC_01258	MER0002450	28.866	97	65	2	119	214	5	98	7.30e-09	49.3
BDNCKBLC_01258	MER0014672	29.464	112	60	4	123	218	9	117	5.86e-08	47.0
BDNCKBLC_01258	MER0004054	36.145	83	49	4	126	204	12	94	1.26e-07	46.2
BDNCKBLC_01258	MER0377178	28.571	98	66	2	119	215	5	99	1.43e-07	45.4
BDNCKBLC_01280	MER0001421	50.513	390	181	5	35	419	13	395	1.71e-133	386
BDNCKBLC_01280	MER0028941	26.014	419	245	13	13	418	1	367	1.24e-21	92.4
BDNCKBLC_01280	MER0369336	26.513	347	209	10	78	418	9	315	2.02e-19	85.5
BDNCKBLC_01300	MER0001173	24.286	280	160	10	81	320	141	408	9.79e-06	45.1
BDNCKBLC_01362	MER0005300	35.714	126	68	7	395	515	45	162	7.95e-08	48.9
BDNCKBLC_01501	MER1143079	28.896	308	173	10	69	364	8	281	1.35e-26	105
BDNCKBLC_01501	MER0017069	26.621	293	204	6	82	369	21	307	4.32e-23	96.3
BDNCKBLC_01501	MER0005964	27.306	271	146	10	91	326	40	294	2.53e-21	91.3
BDNCKBLC_01501	MER0026262	27.044	318	194	10	76	368	21	325	1.07e-19	86.7
BDNCKBLC_01501	MER0000457	24.080	299	214	8	74	368	23	312	1.71e-19	85.9
BDNCKBLC_01501	MER0003802	27.203	261	166	7	72	328	16	256	3.50e-19	84.7
BDNCKBLC_01501	MER0000459	21.865	311	216	9	74	368	25	324	1.57e-17	80.1
BDNCKBLC_01501	MER0002489	22.909	275	184	8	91	350	42	303	6.07e-16	75.5
BDNCKBLC_01501	MER0028284	24.232	293	167	12	104	368	48	313	2.81e-14	70.5
BDNCKBLC_01501	MER0004154	23.228	254	173	8	57	301	1	241	3.95e-13	67.0
BDNCKBLC_01501	MER0005925	25.915	328	192	14	76	373	22	328	1.37e-12	65.1
BDNCKBLC_01501	MER0122661	25.510	196	131	7	59	248	1	187	1.57e-12	65.1
BDNCKBLC_01501	MER0140154	22.321	336	212	9	76	369	6	334	4.40e-12	63.5
BDNCKBLC_01501	MER0011700	23.724	333	208	10	76	368	21	347	6.19e-12	63.5
BDNCKBLC_01501	MER0354941	26.904	197	120	7	68	246	6	196	1.23e-10	57.4
BDNCKBLC_01501	MER0219770	25.283	265	152	12	101	344	44	283	8.61e-10	56.6
BDNCKBLC_01501	MER0000463	22.727	242	161	8	100	333	44	267	3.02e-09	55.1
BDNCKBLC_01501	MER0005836	28.108	185	106	7	76	246	30	201	9.51e-09	52.8
BDNCKBLC_01501	MER0006204	25.532	94	57	2	77	160	26	116	4.58e-08	51.6
BDNCKBLC_01501	MER0005923	34.524	84	48	1	91	167	43	126	8.01e-08	50.8
BDNCKBLC_01501	MER0004090	25.134	187	117	5	76	245	28	208	1.01e-07	50.4
BDNCKBLC_01501	MER0003800	25.543	184	117	6	75	246	41	216	1.28e-06	47.0
BDNCKBLC_01507	MER0044357	28.272	191	103	7	36	197	67	252	2.08e-12	64.3
BDNCKBLC_01522	MER0069741	49.485	97	48	1	173	269	67	162	9.88e-27	99.8
BDNCKBLC_01522	MER0003380	46.809	94	50	0	176	269	138	231	1.02e-21	88.2
BDNCKBLC_01522	MER0003376	37.864	103	53	2	176	271	45	143	5.62e-19	79.0
BDNCKBLC_01522	MER0013541	43.529	85	48	0	176	260	1	85	2.42e-18	75.1
BDNCKBLC_01522	MER0005300	37.755	98	61	0	176	273	65	162	3.28e-16	71.2
BDNCKBLC_01522	MER0066182	39.394	99	59	1	176	273	92	190	1.02e-15	70.9
BDNCKBLC_01522	MER0387040	38.384	99	60	1	176	273	1	99	1.42e-15	68.2
BDNCKBLC_01522	MER0015415	33.645	107	64	2	174	273	62	168	5.19e-12	60.1
BDNCKBLC_01522	MER0001419	36.538	104	60	2	176	273	32	135	7.32e-12	58.9
BDNCKBLC_01522	MER0003423	33.654	104	63	2	176	273	32	135	2.00e-11	57.8
BDNCKBLC_01522	MER0003906	33.654	104	63	2	176	273	1	104	1.63e-10	54.3
BDNCKBLC_01571	MER0003327	44.749	219	117	2	2	220	1	215	3.00e-58	192
BDNCKBLC_01571	MER0012158	35.588	340	144	11	2	269	1	337	2.42e-56	191
BDNCKBLC_01571	MER0185695	42.291	227	116	4	2	219	1	221	1.23e-51	174
BDNCKBLC_01571	MER0003350	39.904	208	100	6	2	186	1	206	1.43e-42	149
BDNCKBLC_01571	MER0003322	39.320	206	101	5	2	183	1	206	3.66e-39	140
BDNCKBLC_01571	MER0003314	29.740	269	155	10	2	239	1	266	2.04e-21	91.3
BDNCKBLC_01571	MER0004101	30.588	170	112	2	2	169	1	166	1.77e-18	82.0
BDNCKBLC_01571	MER0011781	32.353	170	108	3	2	169	1	165	8.77e-18	80.1
BDNCKBLC_01571	MER0011806	31.176	170	111	2	2	169	1	166	3.33e-17	78.2
BDNCKBLC_01581	MER0492485	33.929	112	58	6	111	215	63	165	1.45e-08	49.3
BDNCKBLC_01596	MER0018254	32.203	118	77	1	41	155	18	135	5.84e-16	67.8
BDNCKBLC_01596	MER0138267	29.907	107	69	5	48	149	21	126	5.33e-08	46.2
BDNCKBLC_01596	MER0019949	31.250	96	63	3	57	149	44	139	5.56e-08	46.6
BDNCKBLC_01655	MER0001423	81.897	232	42	0	475	706	1	232	2.51e-143	415
BDNCKBLC_01655	MER0000399	44.444	243	125	6	470	706	17	255	3.22e-64	211
BDNCKBLC_01655	MER0000401	43.404	235	126	4	476	706	26	257	4.70e-60	200
BDNCKBLC_01655	MER0000405	42.437	238	126	6	472	702	28	261	8.09e-59	197
BDNCKBLC_01655	MER0058228	41.364	220	127	2	476	693	7	226	2.20e-57	192
BDNCKBLC_01655	MER0005196	37.826	230	142	1	476	705	22	250	7.20e-57	191
BDNCKBLC_01655	MER0004504	40.167	239	127	6	479	704	2	237	4.99e-52	177
BDNCKBLC_01655	MER0011305	41.350	237	130	6	479	710	23	255	2.43e-51	176
BDNCKBLC_01655	MER0005987	39.474	228	128	6	483	705	35	257	2.73e-51	176
BDNCKBLC_01655	MER0011231	37.945	253	144	7	460	705	10	256	5.10e-51	175
BDNCKBLC_01655	MER0011413	34.468	235	150	2	476	706	4	238	9.00e-50	171
BDNCKBLC_01655	MER0013484	35.321	218	137	2	476	689	4	221	4.19e-48	166
BDNCKBLC_01655	MER0004923	34.728	239	152	2	455	689	34	272	6.12e-47	165
BDNCKBLC_01655	MER0004921	32.489	237	147	5	476	705	4	234	2.03e-44	156
BDNCKBLC_01655	MER0004193	34.454	238	149	5	476	710	3	236	2.18e-41	148
BDNCKBLC_01655	MER0005994	32.184	261	170	5	451	706	2	260	4.06e-41	148
BDNCKBLC_01655	MER0192427	32.189	233	151	3	460	689	50	278	6.20e-40	145
BDNCKBLC_01655	MER0000404	34.538	249	149	7	463	702	13	256	3.78e-39	142
BDNCKBLC_01655	MER0000403	31.818	242	150	5	476	708	25	260	5.72e-39	142
BDNCKBLC_01655	MER0004199	35.065	231	132	8	483	706	1	220	1.27e-38	139
BDNCKBLC_01655	MER0195666	32.273	220	137	5	476	687	1	216	3.10e-34	127
BDNCKBLC_01655	MER0003361	30.213	235	145	7	477	703	20	243	5.71e-28	110
BDNCKBLC_01655	MER0005988	36.364	110	69	1	581	689	2	111	1.57e-20	84.3
BDNCKBLC_01655	MER0034615	28.448	232	151	5	469	689	3	230	7.77e-18	80.5
BDNCKBLC_01655	MER0018170	24.194	248	158	5	455	688	1	232	6.65e-14	69.3
BDNCKBLC_01655	MER0005807	24.818	274	187	9	420	689	1	259	1.14e-13	68.9
BDNCKBLC_01655	MER0003558	22.566	226	163	3	489	707	39	259	7.48e-13	66.2
BDNCKBLC_01655	MER0017401	25.703	249	158	9	471	707	2	235	1.40e-12	65.1
BDNCKBLC_01655	MER0000408	21.610	236	165	5	468	689	4	233	3.78e-10	57.8
BDNCKBLC_01655	MER0140224	25.532	188	126	3	515	689	33	219	8.50e-10	56.6
BDNCKBLC_01655	MER0016096	23.504	234	158	8	472	690	2	229	2.31e-09	55.5
BDNCKBLC_01655	MER0000263	21.552	232	160	7	472	689	2	225	2.77e-08	52.0
BDNCKBLC_01655	MER0011583	22.271	229	147	8	475	687	11	224	5.78e-08	51.2
BDNCKBLC_01655	MER0006027	24.670	227	140	8	482	689	24	238	8.84e-08	50.8
BDNCKBLC_01655	MER0015682	24.569	232	159	8	481	705	82	304	1.68e-07	50.4
BDNCKBLC_01655	MER0030932	24.852	169	107	5	554	709	84	245	3.37e-07	48.9
BDNCKBLC_01655	MER0001920	21.081	185	133	2	518	689	43	227	1.49e-06	47.0
BDNCKBLC_01688	MER0060647	41.226	359	189	8	5	349	1	351	7.91e-88	265
BDNCKBLC_01688	MER0078640	37.778	360	195	9	5	348	1	347	1.17e-71	224
BDNCKBLC_01688	MER0044812	50.685	219	92	2	154	357	25	242	3.40e-71	219
BDNCKBLC_01688	MER0045945	43.810	210	113	4	142	350	6	211	1.18e-57	184
BDNCKBLC_01688	MER0043540	40.444	225	127	5	134	353	3	225	1.26e-54	176
BDNCKBLC_01688	MER0115185	54.167	144	64	2	205	347	1	143	9.64e-49	158
BDNCKBLC_01688	MER0046161	41.237	194	104	4	167	356	62	249	1.63e-47	159
BDNCKBLC_01688	MER0436691	34.586	266	135	5	90	349	9	241	6.40e-46	154
BDNCKBLC_01688	MER0044882	31.613	155	93	4	192	334	3	156	2.24e-15	70.5
BDNCKBLC_01688	MER0045094	31.461	178	100	7	172	334	14	184	4.04e-13	65.1
BDNCKBLC_01688	MER0043394	27.742	155	93	5	192	334	1	148	8.00e-12	60.1
BDNCKBLC_01688	MER0044622	28.834	163	97	6	184	334	45	200	3.60e-09	53.9
BDNCKBLC_01688	MER0043195	26.368	201	121	9	173	348	8	206	3.74e-08	50.4
BDNCKBLC_01688	MER0043392	39.344	61	37	0	197	257	6	66	5.34e-07	46.2
BDNCKBLC_01738	MER0001303	27.072	181	124	4	101	277	1	177	7.71e-15	68.6
BDNCKBLC_01738	MER0044046	26.816	179	127	3	101	277	1	177	7.52e-13	62.8
BDNCKBLC_01738	MER0321345	24.571	175	127	2	107	277	7	180	3.12e-10	55.1
BDNCKBLC_01738	MER0003812	24.571	175	127	2	107	277	7	180	4.24e-10	55.1
BDNCKBLC_01738	MER0013957	25.405	185	119	5	101	275	1	176	1.90e-08	50.1
BDNCKBLC_01738	MER0001300	24.713	174	119	4	113	280	9	176	1.61e-07	47.4
BDNCKBLC_01738	MER0011947	22.283	184	107	4	103	280	49	202	7.72e-06	42.7
BDNCKBLC_01794	MER0034615	54.065	246	111	1	420	663	1	246	1.37e-94	289
BDNCKBLC_01794	MER0000263	36.066	244	149	5	424	663	1	241	4.99e-47	163
BDNCKBLC_01794	MER0016096	34.025	241	153	3	428	663	5	244	1.28e-46	162
BDNCKBLC_01794	MER0011583	29.787	235	155	6	438	666	18	248	1.02e-23	97.8
BDNCKBLC_01794	MER0017401	26.977	215	149	5	433	645	10	218	2.35e-19	84.7
BDNCKBLC_01794	MER0000408	24.107	224	152	7	433	645	15	231	5.36e-18	81.3
BDNCKBLC_01794	MER0005196	26.667	225	148	4	432	650	25	238	1.64e-17	79.7
BDNCKBLC_01794	MER0005987	27.572	243	147	7	417	645	14	241	1.15e-16	77.4
BDNCKBLC_01794	MER0003558	25.847	236	156	6	420	645	13	239	3.46e-16	75.9
BDNCKBLC_01794	MER0015682	28.017	232	148	6	429	652	72	292	1.78e-15	74.7
BDNCKBLC_01794	MER0001920	25.439	228	163	3	444	666	21	246	1.79e-15	73.6
BDNCKBLC_01794	MER0140224	24.074	216	152	4	444	652	14	224	7.87e-15	71.6
BDNCKBLC_01794	MER0018170	25.000	228	155	5	437	654	20	241	8.67e-14	68.6
BDNCKBLC_01794	MER0004921	25.571	219	153	4	432	647	7	218	9.44e-14	68.2
BDNCKBLC_01794	MER0000401	25.969	258	160	7	403	647	1	240	3.62e-13	67.0
BDNCKBLC_01794	MER0001423	23.504	234	148	4	428	648	1	216	3.74e-13	66.2
BDNCKBLC_01794	MER0000399	32.143	140	88	4	405	540	2	138	1.72e-12	65.1
BDNCKBLC_01794	MER0006027	25.446	224	147	7	435	647	24	238	9.35e-12	62.8
BDNCKBLC_01794	MER0022823	28.492	179	120	4	442	616	42	216	1.81e-11	62.0
BDNCKBLC_01794	MER0000403	24.201	219	156	7	432	646	28	240	3.37e-11	61.2
BDNCKBLC_01794	MER0030932	29.612	206	126	6	440	644	29	216	4.13e-11	60.5
BDNCKBLC_01794	MER0058228	24.215	223	148	5	432	645	10	220	4.28e-11	60.5
BDNCKBLC_01794	MER0013484	31.008	129	77	3	432	552	7	131	7.47e-11	59.7
BDNCKBLC_01794	MER0011305	24.359	234	169	6	417	647	8	236	5.33e-10	57.4
BDNCKBLC_01794	MER0000405	30.827	133	87	3	410	537	11	143	1.34e-09	56.2
BDNCKBLC_01794	MER0004504	32.727	110	64	3	432	534	2	108	1.93e-09	55.5
BDNCKBLC_01794	MER0011413	32.743	113	68	3	432	538	7	117	1.95e-09	55.5
BDNCKBLC_01794	MER0004923	26.190	252	149	12	432	665	58	290	3.36e-09	55.5
BDNCKBLC_01794	MER0192427	28.058	139	93	3	418	552	55	190	4.56e-09	55.1
BDNCKBLC_01794	MER0005807	26.111	180	117	6	442	617	62	229	1.53e-08	53.1
BDNCKBLC_01794	MER0003361	29.825	114	66	4	432	539	22	127	3.74e-08	51.6
BDNCKBLC_01794	MER0004193	28.182	220	142	7	432	645	6	215	1.21e-07	50.1
BDNCKBLC_01794	MER0126485	23.182	220	159	7	430	645	2	215	1.40e-07	50.1
BDNCKBLC_01794	MER0000404	26.515	264	161	12	421	668	18	264	4.82e-07	48.5
BDNCKBLC_01794	MER0015621	22.314	242	160	9	392	617	4	233	9.71e-07	47.8
BDNCKBLC_01794	MER0002490	23.810	147	107	3	419	563	27	170	2.62e-06	46.6
BDNCKBLC_01794	MER0079308	22.115	208	154	5	412	616	10	212	2.86e-06	46.2
BDNCKBLC_01794	MER0981959	23.721	215	144	7	417	617	14	222	3.38e-06	46.2
BDNCKBLC_01794	MER0011450	24.339	189	121	7	442	617	39	218	5.81e-06	45.4
BDNCKBLC_01811	MER0217397	38.714	700	377	12	37	705	1	679	1.36e-159	473
BDNCKBLC_01811	MER0014366	37.803	701	401	12	25	705	27	712	1.54e-153	459
BDNCKBLC_01811	MER0039993	37.759	723	380	13	26	705	1	696	2.21e-148	445
BDNCKBLC_01811	MER0501051	40.856	257	139	7	25	271	3	256	5.90e-52	182
BDNCKBLC_01811	MER0501051	42.667	150	84	2	558	706	253	401	2.32e-28	114
BDNCKBLC_01812	MER0195774	25.877	228	115	5	31	255	1	177	2.37e-16	75.1
BDNCKBLC_01812	MER0122186	41.270	63	37	0	21	83	12	74	1.59e-09	55.5
BDNCKBLC_01812	MER0011744	38.158	76	47	0	7	82	2	77	1.67e-09	55.8
BDNCKBLC_01812	MER0003386	30.000	110	70	2	22	126	17	124	6.01e-09	54.3
BDNCKBLC_01812	MER0001233	24.016	254	130	8	31	273	2	203	1.90e-08	53.1
BDNCKBLC_01812	MER0001218	29.060	117	76	2	14	125	9	123	4.42e-07	48.5
BDNCKBLC_01812	MER0002423	30.088	113	66	2	22	126	17	124	7.08e-07	48.1
BDNCKBLC_01812	MER0002345	37.705	61	38	0	22	82	17	77	8.76e-07	47.8
BDNCKBLC_01812	MER0002283	37.879	66	41	0	20	85	15	80	1.55e-06	47.0
BDNCKBLC_01812	MER0001214	37.705	61	38	0	22	82	17	77	1.73e-06	46.6
BDNCKBLC_01812	MER0011096	36.765	68	43	0	15	82	10	77	2.19e-06	46.6
BDNCKBLC_01812	MER0390687	25.234	214	111	6	39	252	2	166	3.76e-06	45.1
BDNCKBLC_01812	MER0001222	23.237	241	127	8	22	255	17	206	4.47e-06	45.4
BDNCKBLC_01812	MER0001219	32.836	67	45	0	16	82	11	77	6.11e-06	45.4
BDNCKBLC_01812	MER0003823	35.938	64	41	0	22	85	17	80	7.45e-06	45.1
BDNCKBLC_01853	MER0001243	40.756	238	139	2	2	237	3	240	2.31e-60	189
BDNCKBLC_01853	MER0005690	38.158	228	140	1	10	237	11	237	3.42e-54	172
BDNCKBLC_01853	MER0015127	36.864	236	148	1	2	237	3	237	2.71e-52	168
BDNCKBLC_01853	MER0001342	37.288	236	148	0	2	237	3	238	6.78e-52	167
BDNCKBLC_01853	MER0015128	35.088	228	142	3	13	237	14	238	6.62e-49	159
BDNCKBLC_01853	MER0013589	33.333	234	155	1	4	237	1	233	3.08e-46	152
BDNCKBLC_01853	MER0013929	34.322	236	154	1	2	237	3	237	4.78e-45	149
BDNCKBLC_01853	MER0013450	33.878	245	160	2	4	246	3	247	2.93e-43	144
BDNCKBLC_01853	MER0003880	32.039	206	124	6	11	212	5	198	4.50e-22	90.1
BDNCKBLC_01853	MER0010972	23.478	230	158	2	8	237	9	220	4.09e-18	78.2
BDNCKBLC_01853	MER0024896	28.947	114	81	0	3	116	4	117	4.55e-14	68.6
BDNCKBLC_01853	MER0024896	23.973	146	99	3	122	256	337	481	3.00e-10	57.0
BDNCKBLC_01853	MER0004931	23.645	203	143	4	4	204	5	197	6.15e-14	66.2
BDNCKBLC_01853	MER0004532	24.878	205	137	6	4	204	5	196	3.86e-10	55.5
BDNCKBLC_01853	MER0011746	23.077	208	141	6	13	207	14	215	1.36e-09	54.7
BDNCKBLC_01853	MER0001244	22.870	223	141	8	1	202	2	214	3.84e-08	50.1
BDNCKBLC_01853	MER0005462	19.481	231	167	5	9	231	10	229	1.01e-07	48.5
BDNCKBLC_01853	MER0002038	23.134	134	98	2	72	204	69	198	6.73e-07	45.8
BDNCKBLC_01871	MER0025512	22.857	280	181	7	35	301	37	294	6.97e-18	79.3
BDNCKBLC_01871	MER0003537	36.782	87	52	3	60	144	37	122	2.07e-09	54.3
BDNCKBLC_01871	MER0000431	24.793	242	157	10	69	295	56	287	3.71e-09	53.9
BDNCKBLC_01871	MER0000437	23.920	301	174	12	41	313	20	293	1.06e-07	49.3
BDNCKBLC_01871	MER0001380	23.643	258	171	11	44	289	21	264	1.47e-06	45.8
BDNCKBLC_01871	MER0011785	21.569	153	103	3	36	184	24	163	3.24e-06	44.7
BDNCKBLC_01871	MER0014065	27.679	112	78	2	34	142	19	130	9.75e-06	43.5
BDNCKBLC_01905	MER0001158	50.963	675	329	1	38	710	3	677	0.0	719
BDNCKBLC_01905	MER0001161	31.533	685	448	10	38	710	3	678	3.56e-108	340
BDNCKBLC_01905	MER0006087	31.437	703	442	16	36	711	10	699	1.60e-102	326
BDNCKBLC_01905	MER0015119	30.220	728	440	20	36	711	6	717	1.05e-96	311
BDNCKBLC_01905	MER0001149	27.554	646	432	14	80	710	52	676	1.49e-62	218
BDNCKBLC_01905	MER0108144	26.215	679	456	18	55	710	6	662	5.39e-57	202
BDNCKBLC_01905	MER0079465	27.040	625	390	14	122	709	38	633	6.27e-53	190
BDNCKBLC_01905	MER0001942	29.068	547	352	15	178	710	152	676	6.66e-52	188
BDNCKBLC_01905	MER0003110	24.058	690	439	20	84	710	48	715	2.63e-46	172
BDNCKBLC_01905	MER0001153	26.752	471	317	9	259	710	231	692	5.31e-45	168
BDNCKBLC_01905	MER0015170	23.742	636	430	18	87	708	34	628	4.21e-40	153
BDNCKBLC_01905	MER0001156	23.197	638	431	20	92	686	62	683	5.72e-34	135
BDNCKBLC_01905	MER0059435	36.842	76	47	1	473	548	471	545	5.85e-08	52.8
BDNCKBLC_01905	MER0021317	30.882	68	47	0	470	537	20	87	2.15e-06	43.5
BDNCKBLC_01926	MER0095620	41.828	361	190	6	48	390	2	360	6.38e-94	283
BDNCKBLC_01926	MER0000728	22.414	406	249	18	18	380	27	409	7.21e-10	57.0
BDNCKBLC_01926	MER0003535	22.751	378	229	11	51	385	60	417	2.27e-09	55.5
BDNCKBLC_01926	MER0000727	21.343	417	264	16	20	390	34	432	1.94e-08	52.8
BDNCKBLC_01926	MER0002628	22.520	373	225	13	51	379	60	412	3.44e-08	52.0
BDNCKBLC_01926	MER0002481	21.228	391	234	18	50	386	61	431	6.06e-08	51.2
BDNCKBLC_01926	MER0102838	39.437	71	32	2	48	107	15	85	8.40e-07	46.6
BDNCKBLC_01926	MER0003534	21.040	423	258	12	18	391	28	423	4.11e-06	45.4
BDNCKBLC_01937	MER0192051	24.171	211	140	6	45	239	97	303	5.77e-08	50.4
BDNCKBLC_01975	MER0011781	39.662	237	137	4	40	276	1	231	9.02e-48	162
BDNCKBLC_01975	MER0011806	40.517	232	129	6	40	270	1	224	5.33e-47	160
BDNCKBLC_01975	MER0004101	40.000	245	138	6	40	283	1	237	1.91e-45	155
BDNCKBLC_01975	MER0003314	35.223	247	132	6	40	260	1	245	1.53e-37	135
BDNCKBLC_01975	MER0185695	31.776	214	125	10	40	243	1	203	1.94e-18	81.3
BDNCKBLC_01975	MER0003327	28.571	210	130	9	40	243	1	196	2.53e-17	78.2
BDNCKBLC_01975	MER0003322	26.506	166	98	4	60	204	25	187	4.23e-11	59.3
BDNCKBLC_01975	MER0003350	24.064	187	117	6	40	204	1	184	8.21e-10	55.5
BDNCKBLC_01975	MER0012158	24.064	187	117	6	40	204	1	184	7.93e-09	53.9
BDNCKBLC_01985	MER0044622	40.838	191	105	5	3	188	28	215	4.27e-45	147
BDNCKBLC_01985	MER0045094	39.267	191	110	4	3	190	14	201	2.63e-44	144
BDNCKBLC_01985	MER0043394	42.683	164	90	2	27	188	2	163	3.56e-40	131
BDNCKBLC_01985	MER0044882	38.235	170	99	5	25	188	2	171	4.71e-37	124
BDNCKBLC_01985	MER0043392	39.716	141	80	3	47	187	23	158	3.12e-26	95.9
BDNCKBLC_01985	MER0043195	30.882	204	123	6	4	190	8	210	7.38e-25	94.4
BDNCKBLC_01985	MER0045095	30.942	223	111	7	1	190	15	227	4.99e-21	84.3
BDNCKBLC_01985	MER0044619	29.016	193	127	6	1	188	8	195	5.35e-21	84.0
BDNCKBLC_01985	MER0043537	27.807	187	125	8	3	186	2	181	3.36e-16	70.1
BDNCKBLC_01985	MER0044812	26.667	135	88	3	45	177	98	223	2.31e-11	57.8
BDNCKBLC_01985	MER0044889	30.973	113	74	2	75	187	91	199	4.21e-10	54.3
BDNCKBLC_01985	MER0045945	31.618	136	81	4	45	177	73	199	2.14e-09	52.0
BDNCKBLC_01985	MER0045886	29.464	112	75	2	75	186	85	192	3.38e-09	51.6
BDNCKBLC_01985	MER0042974	27.044	159	102	5	38	187	27	180	8.13e-09	50.1
BDNCKBLC_01985	MER0038086	27.119	118	78	3	75	187	109	223	1.81e-08	49.7
BDNCKBLC_01985	MER0046161	30.769	143	76	6	44	177	103	231	2.02e-08	49.7
BDNCKBLC_01985	MER0436691	27.632	152	91	7	44	187	101	241	4.18e-08	48.5
BDNCKBLC_01985	MER0115185	24.444	135	92	3	45	177	8	134	4.42e-08	47.4
BDNCKBLC_01985	MER0043540	25.352	142	81	5	45	177	85	210	6.91e-07	45.1
BDNCKBLC_01985	MER0043387	28.448	116	76	4	73	187	56	165	2.48e-06	42.7
BDNCKBLC_01996	MER0001978	45.120	543	289	7	24	560	14	553	1.31e-161	469
BDNCKBLC_01996	MER0011811	34.935	541	305	13	44	554	33	556	2.44e-86	275
BDNCKBLC_01996	MER0002720	35.238	525	277	16	37	554	6	474	1.06e-72	237
BDNCKBLC_01996	MER0011800	31.298	524	326	15	26	529	15	524	1.70e-72	239
BDNCKBLC_01996	MER0006124	30.292	548	341	15	32	554	21	552	1.07e-67	226
BDNCKBLC_01996	MER0005029	31.895	533	329	17	45	554	1	522	5.76e-67	223
BDNCKBLC_01996	MER0001629	32.103	542	343	15	27	554	14	544	5.56e-66	221
BDNCKBLC_01996	MER0011143	30.966	507	296	14	44	525	33	510	6.30e-66	221
BDNCKBLC_01996	MER0011215	32.946	516	302	17	37	529	3	497	3.60e-65	218
BDNCKBLC_01996	MER0003580	31.809	503	320	11	34	525	23	513	5.99e-63	213
BDNCKBLC_01996	MER0005831	31.474	502	304	17	32	510	21	505	8.36e-61	207
BDNCKBLC_01996	MER0004194	32.049	493	297	16	51	522	6	481	5.94e-59	201
BDNCKBLC_01996	MER0011211	29.588	534	347	15	44	560	33	554	7.74e-59	202
BDNCKBLC_01996	MER0004202	29.242	554	316	21	36	560	8	514	1.51e-53	187
BDNCKBLC_01996	MER0002728	29.515	515	305	17	55	529	47	543	1.45e-43	160
BDNCKBLC_01996	MER0001977	25.505	545	355	14	43	554	32	558	8.73e-38	144
BDNCKBLC_01996	MER0094876	26.015	542	346	15	36	554	2	511	1.38e-37	142
BDNCKBLC_01996	MER0006132	25.682	623	347	22	36	561	25	628	1.62e-34	135
BDNCKBLC_01996	MER0011193	24.813	536	341	20	33	533	19	527	5.38e-34	132
BDNCKBLC_01996	MER0016970	26.889	569	357	22	13	558	7	539	5.97e-33	129
BDNCKBLC_01996	MER0002718	36.126	191	116	4	324	510	3	191	5.78e-27	105
BDNCKBLC_01996	MER0002721	33.028	218	115	5	374	562	37	252	3.97e-25	101
BDNCKBLC_01996	MER0026205	35.519	183	114	4	374	554	37	217	1.56e-24	99.0
BDNCKBLC_01996	MER0003440	25.463	432	258	15	34	456	23	399	2.18e-22	96.7
BDNCKBLC_01996	MER0001976	34.641	153	88	3	374	525	37	178	6.61e-18	79.7
BDNCKBLC_01996	MER0026204	28.372	215	145	4	31	243	20	227	1.30e-17	79.0
BDNCKBLC_01996	MER0026207	29.282	181	102	4	374	554	37	191	4.23e-15	71.2
BDNCKBLC_02017	MER0195774	36.158	177	113	0	30	206	1	177	7.30e-41	140
BDNCKBLC_02017	MER0003448	25.000	208	155	1	30	237	2	208	2.54e-15	72.0
BDNCKBLC_02017	MER0001229	21.463	205	160	1	30	234	2	205	2.49e-14	68.9
BDNCKBLC_02017	MER0001233	27.632	228	151	8	30	246	2	226	5.14e-14	68.6
BDNCKBLC_02017	MER0043985	21.463	205	160	1	30	234	2	205	5.38e-14	68.2
BDNCKBLC_02017	MER0003543	25.490	204	150	2	30	233	2	203	1.68e-13	66.6
BDNCKBLC_02017	MER0004423	25.309	162	115	3	66	227	33	188	1.25e-12	63.9
BDNCKBLC_02017	MER0001218	27.895	190	120	6	29	206	25	209	5.02e-11	58.9
BDNCKBLC_02017	MER0122186	24.865	185	135	3	24	206	16	198	5.37e-11	58.5
BDNCKBLC_02017	MER0001214	26.846	149	107	2	29	176	25	172	8.77e-11	57.8
BDNCKBLC_02017	MER0015259	26.875	160	113	3	30	187	26	183	1.12e-10	58.2
BDNCKBLC_02017	MER0015090	23.415	205	155	2	30	234	2	204	5.15e-10	56.2
BDNCKBLC_02017	MER0001220	25.366	205	140	4	48	242	2	203	7.23e-10	55.5
BDNCKBLC_02017	MER0002283	37.931	87	53	1	24	109	20	106	1.83e-09	54.3
BDNCKBLC_02017	MER0003386	29.189	185	122	6	30	206	26	209	2.84e-09	53.9
BDNCKBLC_02017	MER0188967	25.540	278	153	10	66	306	3	263	4.80e-09	54.7
BDNCKBLC_02017	MER0011096	25.000	192	121	5	30	206	26	209	6.65e-09	52.8
BDNCKBLC_02017	MER0001222	21.809	188	141	4	24	206	20	206	1.09e-08	52.0
BDNCKBLC_02017	MER0026957	22.840	162	124	1	56	217	23	183	8.32e-08	49.7
BDNCKBLC_02017	MER0002423	36.145	83	52	1	29	110	25	107	9.58e-08	49.3
BDNCKBLC_02017	MER0169735	25.000	160	117	2	29	187	15	172	1.88e-07	48.1
BDNCKBLC_02017	MER0002008	26.000	200	122	8	30	216	2	188	2.67e-07	48.1
BDNCKBLC_02017	MER0011292	23.392	171	116	5	46	206	64	229	3.19e-07	48.1
BDNCKBLC_02017	MER0011744	24.868	189	125	6	30	206	26	209	4.56e-07	47.4
BDNCKBLC_02017	MER0390687	23.418	158	118	2	47	203	11	166	5.62e-07	46.2
BDNCKBLC_02017	MER0011192	27.200	125	85	3	66	187	17	138	7.12e-07	45.8
BDNCKBLC_02017	MER0002345	32.955	88	58	1	24	110	20	107	7.88e-07	46.6
BDNCKBLC_02017	MER0001219	20.833	168	124	4	30	189	26	192	8.82e-07	46.6
BDNCKBLC_02017	MER0003823	31.818	88	59	1	24	110	20	107	1.04e-06	46.2
BDNCKBLC_02017	MER0014333	26.020	196	132	6	30	215	2	194	2.31e-06	45.4
BDNCKBLC_02017	MER0001413	27.481	131	91	3	22	149	20	149	4.19e-06	43.5
BDNCKBLC_02018	MER0237414	24.889	225	157	5	48	261	3	226	3.61e-15	72.4
BDNCKBLC_02018	MER0003448	25.359	209	140	6	46	243	2	205	4.17e-08	51.2
BDNCKBLC_02018	MER0039456	25.904	166	114	4	82	238	40	205	1.68e-06	46.2
BDNCKBLC_02018	MER0015090	22.685	216	156	5	46	251	2	216	5.15e-06	45.1
BDNCKBLC_02022	MER0015424	36.768	495	267	16	117	571	27	515	3.53e-73	251
BDNCKBLC_02022	MER0016991	37.410	139	74	3	316	442	185	322	1.19e-14	73.9
BDNCKBLC_02022	MER0114485	47.059	68	34	1	336	403	266	331	1.87e-10	61.2
BDNCKBLC_02022	MER0000347	26.887	212	133	6	252	450	159	361	4.64e-09	57.4
BDNCKBLC_02022	MER0161312	38.583	127	67	5	302	423	215	335	1.14e-08	55.5
BDNCKBLC_02022	MER0019280	35.514	107	63	2	341	447	205	305	1.46e-08	54.7
BDNCKBLC_02022	MER0000349	40.909	66	37	1	340	405	284	347	3.87e-08	53.9
BDNCKBLC_02022	MER0068994	26.531	294	158	9	150	416	100	362	5.75e-08	53.5
BDNCKBLC_02022	MER0014446	43.750	64	34	1	340	403	318	379	7.27e-08	53.1
BDNCKBLC_02022	MER0003020	44.928	69	36	1	331	397	396	464	1.53e-07	52.4
BDNCKBLC_02022	MER0000321	37.500	80	45	2	340	414	270	349	5.19e-07	50.4
BDNCKBLC_02022	MER0030016	40.659	91	44	3	314	399	174	259	1.19e-06	48.5
BDNCKBLC_02022	MER0005824	39.744	78	41	2	342	417	421	494	1.20e-06	49.7
BDNCKBLC_02022	MER0003536	34.524	84	44	2	340	412	193	276	1.61e-06	48.5
BDNCKBLC_02022	MER0002739	41.935	93	47	3	359	449	262	349	2.55e-06	48.5
BDNCKBLC_02022	MER0005710	34.694	98	55	3	323	414	337	431	2.78e-06	48.5
BDNCKBLC_02022	MER0005774	30.282	142	83	5	323	456	330	463	3.14e-06	48.1
BDNCKBLC_02022	MER0000351	41.667	60	33	1	340	399	228	285	4.40e-06	47.0
BDNCKBLC_02022	MER0015431	30.464	151	83	6	317	447	232	380	5.01e-06	47.4
BDNCKBLC_02022	MER0028258	40.659	91	47	4	340	425	262	350	7.86e-06	46.6
BDNCKBLC_02022	MER0016983	38.983	59	34	1	356	414	216	272	9.47e-06	46.2
BDNCKBLC_02024	MER0001185	24.603	126	85	4	936	1054	88	210	1.33e-07	50.4
BDNCKBLC_02024	MER0002968	25.600	125	86	2	936	1054	87	210	2.26e-07	50.1
BDNCKBLC_02024	MER0002422	27.869	122	84	3	936	1054	81	201	5.20e-06	45.8
BDNCKBLC_02029	MER0034539	57.005	207	89	0	2	208	1	207	3.30e-85	260
BDNCKBLC_02029	MER0033254	32.157	255	136	9	2	226	1	248	2.74e-27	107
BDNCKBLC_02029	MER0011781	24.631	203	111	9	2	166	1	199	2.42e-06	45.8
BDNCKBLC_02057	MER0002299	34.932	146	77	5	30	165	59	196	2.33e-13	65.1
BDNCKBLC_02057	MER0004855	34.228	149	88	5	25	166	60	205	1.24e-11	60.5
BDNCKBLC_02057	MER0004857	34.783	138	76	5	37	166	72	203	2.78e-10	56.6
BDNCKBLC_02057	MER0000474	25.926	162	114	3	10	166	43	203	1.50e-09	54.3
BDNCKBLC_02057	MER0005687	28.571	133	91	2	37	166	76	207	6.16e-09	52.4
BDNCKBLC_02057	MER0006046	29.193	161	102	5	14	166	47	203	8.55e-09	52.0
BDNCKBLC_02057	MER0006056	29.412	153	99	4	24	170	62	211	1.08e-08	52.0
BDNCKBLC_02057	MER0002211	28.750	160	108	3	12	166	45	203	1.19e-08	51.6
BDNCKBLC_02057	MER0006063	32.331	133	86	2	37	166	73	204	6.71e-08	49.3
BDNCKBLC_02057	MER0004847	34.615	78	50	1	93	169	130	207	1.91e-07	48.1
BDNCKBLC_02057	MER0011666	28.358	134	90	3	38	166	53	185	6.59e-07	46.2
BDNCKBLC_02057	MER0004182	27.612	134	93	2	36	166	67	199	7.13e-07	46.2
BDNCKBLC_02102	MER0005169	34.493	345	215	7	9	350	5	341	2.88e-57	187
BDNCKBLC_02102	MER0013829	34.347	329	205	6	10	334	6	327	2.67e-53	176
BDNCKBLC_02102	MER0005472	33.234	334	207	6	9	341	5	323	3.15e-44	152
BDNCKBLC_02102	MER0004410	31.579	342	223	7	9	345	5	340	1.48e-42	148
BDNCKBLC_02102	MER0002046	31.013	316	185	9	39	345	35	326	1.24e-38	137
BDNCKBLC_02102	MER0002043	28.487	337	217	7	21	341	17	345	1.90e-33	124
BDNCKBLC_02102	MER0005160	31.119	286	176	8	61	341	55	324	9.77e-28	108
BDNCKBLC_02102	MER0002040	28.283	297	190	10	61	345	59	344	1.69e-23	96.7
BDNCKBLC_02102	MER0022215	23.513	353	242	8	8	351	3	336	7.57e-22	92.0
BDNCKBLC_02117	MER0045886	46.725	229	116	5	1	225	10	236	8.67e-63	202
BDNCKBLC_02117	MER0044889	45.536	224	120	1	5	226	19	242	2.15e-57	188
BDNCKBLC_02117	MER0038086	41.071	224	116	5	5	212	29	252	7.23e-45	155
BDNCKBLC_02117	MER0042974	39.583	192	108	3	12	195	1	192	1.76e-44	152
BDNCKBLC_02117	MER0436735	35.135	259	130	5	5	225	4	262	1.63e-42	149
BDNCKBLC_02117	MER0043537	42.162	185	104	2	5	187	2	185	3.63e-42	145
BDNCKBLC_02117	MER0043387	40.571	175	103	1	20	193	1	175	3.69e-42	145
BDNCKBLC_02117	MER0043394	30.282	142	95	2	46	183	21	162	1.76e-13	65.5
BDNCKBLC_02117	MER0043392	28.387	155	110	1	27	180	1	155	3.79e-11	58.9
BDNCKBLC_02117	MER0044882	29.412	170	107	7	38	196	15	182	6.96e-11	58.2
BDNCKBLC_02117	MER0044622	29.530	149	97	5	42	183	67	214	6.32e-10	56.6
BDNCKBLC_02117	MER0045945	26.562	192	129	6	5	191	34	218	1.24e-09	55.5
BDNCKBLC_02117	MER0045094	26.455	189	129	5	41	220	51	238	2.44e-09	54.7
BDNCKBLC_02117	MER0043540	28.409	176	104	7	5	170	44	207	5.51e-09	53.5
BDNCKBLC_02117	MER0044812	25.424	177	107	3	5	170	58	220	7.01e-09	53.5
BDNCKBLC_02117	MER0043475	30.201	149	81	6	37	168	52	194	4.29e-06	45.1
BDNCKBLC_02124	MER0002443	45.299	117	58	2	57	172	6	117	7.21e-28	97.8
BDNCKBLC_02124	MER0004035	43.860	114	56	3	59	171	5	111	8.19e-25	90.1
BDNCKBLC_02124	MER0003986	41.463	123	65	3	52	172	1	118	1.45e-24	89.4
BDNCKBLC_02124	MER0003805	38.525	122	66	4	52	173	1	113	2.18e-20	78.6
BDNCKBLC_02124	MER0002450	38.843	121	65	4	52	172	1	112	7.05e-20	77.4
BDNCKBLC_02124	MER0003807	39.837	123	66	4	52	172	1	117	1.21e-19	77.0
BDNCKBLC_02124	MER0003808	40.336	119	62	5	52	170	1	110	1.45e-19	76.6
BDNCKBLC_02124	MER0004054	36.975	119	65	5	60	173	9	122	1.56e-19	76.6
BDNCKBLC_02124	MER0377310	38.261	115	62	4	52	166	1	106	8.42e-18	71.6
BDNCKBLC_02124	MER0377307	38.261	115	62	4	52	166	1	106	8.42e-18	71.6
BDNCKBLC_02124	MER0014188	40.000	110	54	5	52	159	1	100	3.84e-16	67.4
BDNCKBLC_02124	MER0377178	36.522	115	64	4	52	166	1	106	1.03e-15	66.2
BDNCKBLC_02124	MER0376722	40.385	104	53	5	52	155	1	95	5.03e-14	61.6
BDNCKBLC_02124	MER0014672	35.294	102	52	2	52	139	1	102	7.47e-14	62.0
BDNCKBLC_02124	MER0377450	37.755	98	53	3	52	149	1	90	1.93e-12	57.4
BDNCKBLC_02124	MER0001322	30.702	114	61	5	52	161	1	100	3.81e-11	54.7
BDNCKBLC_02124	MER0038100	32.456	114	60	5	63	166	13	119	6.72e-10	51.6
BDNCKBLC_02124	MER0024252	35.802	81	46	2	64	140	14	92	1.39e-09	50.4
BDNCKBLC_02124	MER0031199	33.803	71	46	1	68	137	1	71	2.44e-06	40.4
BDNCKBLC_02142	MER0000589	35.593	118	35	3	146	263	1	77	1.23e-11	62.0
BDNCKBLC_02142	MER0000589	32.520	123	75	3	379	495	123	243	4.82e-11	60.1
BDNCKBLC_02142	MER0004537	34.783	138	60	8	147	278	2	115	3.47e-08	50.4
BDNCKBLC_02142	MER0013626	44.186	43	24	0	436	478	101	143	6.06e-08	49.3
BDNCKBLC_02142	MER0003273	29.565	115	50	3	393	476	38	152	2.82e-06	44.7
BDNCKBLC_02144	MER0002565	37.975	237	126	8	266	501	78	294	2.70e-28	113
BDNCKBLC_02144	MER0000332	41.711	187	89	7	295	480	64	231	9.74e-26	103
BDNCKBLC_02144	MER0001709	32.753	287	144	13	242	499	41	307	1.59e-25	104
BDNCKBLC_02144	MER0000310	37.198	207	113	6	295	500	63	253	2.48e-25	102
BDNCKBLC_02144	MER0028365	37.755	196	97	7	295	482	125	303	9.14e-24	100
BDNCKBLC_02144	MER0028365	54.167	48	20	2	63	110	67	112	4.90e-08	52.0
BDNCKBLC_02144	MER0002575	35.071	211	114	8	292	500	68	257	2.08e-23	97.1
BDNCKBLC_02144	MER0001725	33.613	238	126	9	278	500	75	295	1.09e-22	95.9
BDNCKBLC_02144	MER0001928	36.715	207	110	8	295	500	62	248	1.26e-22	94.7
BDNCKBLC_02144	MER0001521	35.714	210	116	8	293	500	62	254	2.12e-22	94.4
BDNCKBLC_02144	MER0000313	35.714	210	116	8	293	500	62	254	2.35e-22	94.0
BDNCKBLC_02144	MER0002516	36.574	216	107	10	295	505	82	272	2.36e-22	94.4
BDNCKBLC_02144	MER0001699	36.538	208	113	8	295	500	62	252	2.93e-22	93.6
BDNCKBLC_02144	MER0081072	33.755	237	128	11	271	502	38	250	4.83e-22	92.4
BDNCKBLC_02144	MER0054318	30.224	268	156	10	295	557	67	308	5.59e-22	94.0
BDNCKBLC_02144	MER0016978	37.288	236	101	10	293	500	76	292	6.05e-22	93.6
BDNCKBLC_02144	MER0077555	36.842	209	112	9	295	500	62	253	9.51e-22	92.4
BDNCKBLC_02144	MER0001755	35.714	210	116	8	293	500	62	254	1.04e-21	92.0
BDNCKBLC_02144	MER0001523	35.714	210	116	8	293	500	62	254	1.79e-21	91.7
BDNCKBLC_02144	MER0000312	35.714	210	116	8	293	500	62	254	1.79e-21	91.7
BDNCKBLC_02144	MER0000333	41.176	187	90	8	295	480	64	231	2.89e-21	90.9
BDNCKBLC_02144	MER0000320	37.113	194	99	9	295	483	69	244	3.27e-21	90.9
BDNCKBLC_02144	MER0001906	36.715	207	110	9	295	500	62	248	6.74e-21	89.7
BDNCKBLC_02144	MER0000315	36.715	207	110	9	295	500	62	248	7.41e-21	89.7
BDNCKBLC_02144	MER0000309	34.928	209	115	8	295	500	63	253	1.45e-20	89.0
BDNCKBLC_02144	MER0001520	36.232	207	111	9	295	500	62	248	2.92e-20	87.8
BDNCKBLC_02144	MER0002267	33.654	208	118	6	295	500	71	260	4.89e-20	87.4
BDNCKBLC_02144	MER0006023	31.950	241	129	7	277	500	86	308	4.95e-20	88.2
BDNCKBLC_02144	MER0005078	32.456	228	116	11	295	509	80	282	5.72e-20	87.4
BDNCKBLC_02144	MER0000361	33.074	257	133	11	265	499	74	313	6.42e-20	88.2
BDNCKBLC_02144	MER0002562	33.607	244	119	10	295	513	117	342	1.26e-19	87.4
BDNCKBLC_02144	MER0000349	31.405	242	147	8	292	517	141	379	1.87e-19	87.4
BDNCKBLC_02144	MER0000326	35.349	215	109	10	295	505	72	260	3.01e-19	85.5
BDNCKBLC_02144	MER0000311	36.279	215	110	8	294	502	63	256	5.73e-19	84.0
BDNCKBLC_02144	MER0000316	35.238	210	109	8	295	500	61	247	1.57e-18	82.8
BDNCKBLC_02144	MER0000338	33.043	230	117	11	295	514	72	274	2.65e-18	82.4
BDNCKBLC_02144	MER0161312	34.940	249	120	14	285	496	83	326	2.77e-18	83.6
BDNCKBLC_02144	MER0005821	30.370	270	152	14	277	529	61	311	3.27e-18	84.3
BDNCKBLC_02144	MER0003117	34.348	230	112	10	292	508	72	275	6.06e-18	81.3
BDNCKBLC_02144	MER0000325	36.564	227	113	11	295	516	70	270	1.70e-17	80.5
BDNCKBLC_02144	MER0000356	34.454	238	104	11	295	505	89	301	2.23e-17	80.9
BDNCKBLC_02144	MER0017009	30.493	223	130	7	292	500	114	325	2.81e-17	80.1
BDNCKBLC_02144	MER0002057	28.253	269	153	9	292	522	99	365	3.47e-17	80.5
BDNCKBLC_02144	MER0050309	33.503	197	101	9	295	482	47	222	5.28e-17	80.5
BDNCKBLC_02144	MER0013656	34.300	207	115	7	295	500	61	247	5.73e-17	78.2
BDNCKBLC_02144	MER0062058	33.166	199	116	4	292	485	58	244	7.11e-17	79.7
BDNCKBLC_02144	MER0062058	59.184	49	20	0	63	111	1	49	2.34e-13	68.9
BDNCKBLC_02144	MER0006074	29.492	295	157	14	210	492	12	267	8.35e-17	78.2
BDNCKBLC_02144	MER0014744	33.495	206	119	7	295	488	95	294	1.50e-16	77.8
BDNCKBLC_02144	MER0005931	35.885	209	115	6	294	500	31	222	2.70e-16	75.5
BDNCKBLC_02144	MER0000362	32.035	231	115	10	295	502	99	310	2.83e-16	77.0
BDNCKBLC_02144	MER0000359	35.514	214	102	12	295	498	89	276	5.80e-16	75.9
BDNCKBLC_02144	MER0004720	32.456	228	111	12	263	482	51	243	6.66e-16	75.1
BDNCKBLC_02144	MER0004085	33.184	223	114	10	295	496	96	304	7.78e-16	75.9
BDNCKBLC_02144	MER0000319	33.654	208	118	8	292	498	66	254	9.93e-16	74.7
BDNCKBLC_02144	MER0002500	28.955	335	188	10	199	506	66	377	1.45e-15	75.5
BDNCKBLC_02144	MER0004690	28.829	222	130	7	292	496	96	306	4.41e-15	73.9
BDNCKBLC_02144	MER0004690	40.909	66	37	2	64	128	39	103	1.26e-06	47.4
BDNCKBLC_02144	MER0006037	32.719	217	112	9	295	503	80	270	9.23e-15	72.0
BDNCKBLC_02144	MER0030016	34.177	237	123	10	273	500	65	277	1.04e-14	71.6
BDNCKBLC_02144	MER0000335	32.558	215	113	10	295	502	69	258	1.44e-14	71.2
BDNCKBLC_02144	MER0024902	26.786	224	136	7	295	499	97	311	4.67e-14	70.1
BDNCKBLC_02144	MER0000321	31.667	240	130	10	273	500	135	352	5.65e-14	70.5
BDNCKBLC_02144	MER0000348	28.794	257	128	11	284	494	77	324	5.98e-14	70.1
BDNCKBLC_02144	MER0002790	31.429	245	135	10	295	521	1	230	7.07e-14	68.6
BDNCKBLC_02144	MER0014446	29.719	249	139	10	295	528	197	424	8.65e-14	70.1
BDNCKBLC_02144	MER0000358	30.841	214	110	11	295	496	71	258	1.14e-13	69.3
BDNCKBLC_02144	MER0016983	33.493	209	96	9	295	482	71	257	1.31e-13	68.9
BDNCKBLC_02144	MER0000357	32.549	255	120	15	295	525	77	303	1.66e-13	68.6
BDNCKBLC_02144	MER0002764	29.658	263	149	11	264	514	52	290	5.25e-13	66.6
BDNCKBLC_02144	MER0155676	29.832	238	129	11	294	501	124	353	6.26e-13	67.4
BDNCKBLC_02144	MER0155676	40.278	72	39	1	43	110	19	90	1.80e-07	50.4
BDNCKBLC_02144	MER0000336	27.843	255	142	9	274	510	55	285	6.75e-13	66.2
BDNCKBLC_02144	MER0000344	28.270	237	134	9	284	511	79	288	1.29e-12	65.5
BDNCKBLC_02144	MER0042897	36.866	217	115	9	287	500	60	257	1.32e-12	65.1
BDNCKBLC_02144	MER0005712	23.977	342	198	13	254	534	38	378	1.40e-12	66.2
BDNCKBLC_02144	MER0016697	29.771	262	136	12	272	504	77	319	1.51e-12	65.9
BDNCKBLC_02144	MER0000328	30.000	230	130	10	295	514	72	280	2.37e-12	64.7
BDNCKBLC_02144	MER0016688	30.769	247	115	10	292	502	71	297	3.60e-12	64.3
BDNCKBLC_02144	MER0050310	28.643	199	115	9	295	483	102	283	5.94e-12	64.3
BDNCKBLC_02144	MER0016986	27.586	232	117	9	295	482	90	314	9.47e-12	63.5
BDNCKBLC_02144	MER0000340	29.545	220	123	9	295	501	74	274	1.05e-11	62.8
BDNCKBLC_02144	MER0028258	30.389	283	148	14	295	534	104	380	1.33e-11	63.2
BDNCKBLC_02144	MER0019280	31.696	224	127	10	292	499	70	283	3.45e-11	61.2
BDNCKBLC_02144	MER0003536	30.806	211	111	8	295	485	71	266	6.36e-11	60.5
BDNCKBLC_02144	MER0005790	33.005	203	98	9	291	479	90	268	7.73e-11	59.7
BDNCKBLC_02144	MER0000351	30.846	201	107	9	292	480	103	283	1.00e-10	59.7
BDNCKBLC_02144	MER0022415	25.688	218	138	8	295	506	83	282	1.01e-10	60.8
BDNCKBLC_02144	MER0000350	27.237	257	139	8	295	510	90	339	1.91e-10	59.3
BDNCKBLC_02144	MER0000353	31.633	196	100	8	292	475	154	327	3.75e-10	58.2
BDNCKBLC_02144	MER0005859	30.603	232	106	12	292	483	238	454	4.05e-10	58.9
BDNCKBLC_02144	MER0114485	28.788	264	122	8	266	481	81	326	4.08e-10	58.5
BDNCKBLC_02144	MER0006048	25.610	328	144	13	257	500	40	351	6.28e-10	58.2
BDNCKBLC_02144	MER0001451	24.820	278	144	10	281	500	49	319	1.74e-09	56.2
BDNCKBLC_02144	MER0015432	26.019	319	168	15	279	534	75	388	1.88e-09	56.6
BDNCKBLC_02144	MER0003020	28.216	241	120	9	295	482	226	466	2.17e-09	56.6
BDNCKBLC_02144	MER0002739	27.152	302	154	12	295	558	98	371	2.87e-09	56.2
BDNCKBLC_02144	MER0004123	25.397	252	119	10	292	496	76	305	3.18e-09	55.5
BDNCKBLC_02144	MER0006049	24.620	329	140	11	295	534	85	394	6.36e-09	54.7
BDNCKBLC_02144	MER0015439	26.531	294	138	11	295	511	118	410	9.28e-09	54.3
BDNCKBLC_02144	MER0067924	28.571	238	121	10	291	500	60	276	1.52e-08	52.8
BDNCKBLC_02144	MER0037258	24.242	231	140	8	295	502	80	298	1.74e-08	53.1
BDNCKBLC_02144	MER0013641	28.326	233	131	9	295	502	83	304	1.97e-08	53.5
BDNCKBLC_02144	MER0080418	35.075	134	71	6	376	500	211	337	5.02e-08	52.0
BDNCKBLC_02144	MER0055027	27.411	197	129	7	290	483	68	253	6.49e-08	51.6
BDNCKBLC_02144	MER0015436	44.068	59	32	1	443	500	373	431	6.89e-08	51.6
BDNCKBLC_02144	MER0000347	26.953	256	148	8	292	521	116	358	1.03e-07	51.2
BDNCKBLC_02144	MER0015431	23.718	312	177	11	279	534	74	380	4.71e-07	48.9
BDNCKBLC_02144	MER0175622	27.386	241	144	13	295	520	74	298	7.53e-07	47.8
BDNCKBLC_02144	MER0004988	28.251	223	126	10	295	502	71	274	1.04e-06	47.4
BDNCKBLC_02144	MER0015437	40.984	61	35	1	443	503	373	432	1.59e-06	47.4
BDNCKBLC_02144	MER0087792	23.529	221	127	8	295	482	97	308	4.54e-06	45.8
BDNCKBLC_02144	MER0013896	27.972	143	85	4	265	393	48	186	8.18e-06	45.1
BDNCKBLC_02148	MER0492485	31.633	98	58	3	84	181	62	150	1.98e-06	43.1
BDNCKBLC_02178	MER0034582	27.576	330	203	11	610	924	12	320	1.17e-26	109
BDNCKBLC_02187	MER0000471	24.449	454	290	10	30	451	3	435	1.82e-31	122
BDNCKBLC_02187	MER0000472	22.892	415	281	8	57	449	31	428	2.50e-23	99.0
BDNCKBLC_02187	MER0011571	20.602	432	274	11	33	431	6	401	6.76e-16	76.3
BDNCKBLC_02187	MER0026276	25.066	379	225	17	47	393	15	366	2.84e-10	58.9
BDNCKBLC_02198	MER0056022	46.753	77	40	1	144	220	47	122	9.00e-15	66.2
BDNCKBLC_02198	MER0067221	37.209	86	47	4	141	220	4	88	9.28e-09	48.9
BDNCKBLC_02198	MER0056047	32.911	79	51	2	142	220	4	80	1.05e-08	48.5
BDNCKBLC_02198	MER0055284	30.263	76	52	1	145	220	8	82	5.53e-07	43.5
BDNCKBLC_02198	MER0056027	31.313	99	64	2	125	220	21	118	1.34e-06	43.5
BDNCKBLC_02218	MER0016067	25.641	273	143	12	181	415	23	273	6.29e-12	62.8
BDNCKBLC_02236	MER0002959	27.230	213	133	6	547	748	75	276	2.95e-13	67.8
BDNCKBLC_02236	MER0011097	27.807	187	125	4	556	737	79	260	1.49e-08	53.5
BDNCKBLC_02236	MER0011097	28.736	87	57	1	383	464	11	97	1.45e-07	50.4
BDNCKBLC_02264	MER0002251	46.121	232	119	4	2	230	2	230	3.26e-67	204
BDNCKBLC_02264	MER0001335	36.522	230	139	4	1	227	1	226	3.33e-47	152
BDNCKBLC_02333	MER0000474	51.309	191	93	0	34	224	16	206	4.84e-74	220
BDNCKBLC_02333	MER0005687	51.613	186	85	1	36	221	27	207	4.73e-67	202
BDNCKBLC_02333	MER0004857	52.083	192	90	2	32	222	14	204	1.93e-65	198
BDNCKBLC_02333	MER0002299	50.270	185	92	0	36	220	12	196	8.36e-65	196
BDNCKBLC_02333	MER0002211	50.532	188	93	0	34	221	16	203	8.49e-65	197
BDNCKBLC_02333	MER0006046	48.148	189	98	0	33	221	15	203	1.75e-63	193
BDNCKBLC_02333	MER0004855	47.222	180	95	0	42	221	26	205	1.23e-57	178
BDNCKBLC_02333	MER0006063	46.703	182	97	0	40	221	23	204	5.82e-57	177
BDNCKBLC_02333	MER0004847	46.842	190	100	1	36	224	18	207	1.26e-52	166
BDNCKBLC_02333	MER0006056	48.795	166	84	1	59	224	46	210	1.86e-52	165
BDNCKBLC_02333	MER0004182	41.935	186	108	0	36	221	14	199	2.32e-47	152
BDNCKBLC_02333	MER0011666	43.195	169	94	1	55	221	17	185	1.98e-46	149
BDNCKBLC_02333	MER0006308	36.158	177	112	1	45	220	17	193	1.66e-42	139
BDNCKBLC_02333	MER0001369	40.000	80	46	1	77	156	53	130	8.91e-07	43.9
