EDOOBNEG_00029	MER0004914	34.602	289	148	18	4	279	5	265	2.60e-24	95.9
EDOOBNEG_00043	MER0044622	40.838	191	105	5	2	186	26	214	1.06e-47	153
EDOOBNEG_00043	MER0045094	39.572	187	107	4	2	184	12	196	8.14e-45	145
EDOOBNEG_00043	MER0043394	42.331	163	89	3	27	186	2	162	8.47e-44	140
EDOOBNEG_00043	MER0044882	36.842	171	101	6	24	187	1	171	5.11e-34	116
EDOOBNEG_00043	MER0043392	37.956	137	81	3	47	183	23	155	3.95e-29	103
EDOOBNEG_00043	MER0043195	30.846	201	117	7	5	185	8	206	2.27e-20	82.4
EDOOBNEG_00043	MER0043537	28.723	188	124	7	4	187	2	183	5.71e-18	74.7
EDOOBNEG_00043	MER0045095	30.332	211	118	8	4	187	17	225	7.07e-17	73.2
EDOOBNEG_00043	MER0044619	27.461	193	124	9	3	186	9	194	2.09e-16	71.6
EDOOBNEG_00043	MER0044812	24.242	165	114	4	16	177	68	224	1.18e-09	52.8
EDOOBNEG_00043	MER0043387	28.571	147	95	6	43	186	26	165	2.51e-09	51.2
EDOOBNEG_00043	MER0045945	29.747	158	92	5	26	176	54	199	3.94e-09	51.2
EDOOBNEG_00043	MER0044889	27.891	147	97	5	43	186	59	199	2.44e-08	49.3
EDOOBNEG_00043	MER0038086	26.496	117	79	3	75	186	109	223	4.57e-08	48.5
EDOOBNEG_00043	MER0436691	26.761	142	95	3	44	182	101	236	3.39e-07	45.8
EDOOBNEG_00043	MER0042974	25.625	160	104	6	37	186	26	180	1.78e-06	43.5
EDOOBNEG_00043	MER0045886	26.786	112	79	3	75	186	85	193	2.29e-06	43.5
EDOOBNEG_00071	MER0056525	53.586	237	105	4	406	639	1	235	5.58e-85	264
EDOOBNEG_00071	MER0011748	54.661	236	101	3	406	638	1	233	4.43e-83	259
EDOOBNEG_00071	MER0015609	52.564	234	107	2	406	638	1	231	1.11e-81	256
EDOOBNEG_00071	MER0005496	51.073	233	113	1	406	637	1	233	2.01e-80	253
EDOOBNEG_00071	MER0011224	48.498	233	119	1	406	637	1	233	2.64e-77	244
EDOOBNEG_00071	MER0015195	49.130	230	115	2	406	634	1	229	6.25e-76	241
EDOOBNEG_00071	MER0023544	46.288	229	123	0	406	634	1	229	2.53e-74	237
EDOOBNEG_00071	MER0002605	46.087	230	121	2	406	634	1	228	2.52e-69	223
EDOOBNEG_00071	MER0015194	44.348	230	124	2	407	634	2	229	6.83e-66	214
EDOOBNEG_00071	MER0002600	42.979	235	132	2	406	639	1	234	5.86e-64	209
EDOOBNEG_00071	MER0014306	42.489	233	133	1	406	637	1	233	5.48e-63	207
EDOOBNEG_00071	MER0171760	39.552	268	154	4	371	634	1	264	4.04e-62	204
EDOOBNEG_00071	MER0024898	41.991	231	132	2	406	634	1	231	2.01e-58	195
EDOOBNEG_00071	MER0005466	42.194	237	129	4	407	636	2	237	2.65e-58	193
EDOOBNEG_00071	MER0004454	41.558	231	133	2	406	634	1	231	3.51e-57	191
EDOOBNEG_00071	MER0015199	41.772	237	129	3	406	633	1	237	7.88e-54	182
EDOOBNEG_00071	MER0002602	39.113	248	139	3	407	642	2	249	3.29e-52	177
EDOOBNEG_00071	MER0002563	39.316	234	131	4	407	629	2	235	1.51e-49	170
EDOOBNEG_00071	MER0001620	39.357	249	140	4	406	643	1	249	1.57e-46	163
EDOOBNEG_00071	MER0017637	38.889	234	132	4	407	629	2	235	3.28e-46	160
EDOOBNEG_00071	MER0015193	40.343	233	128	6	406	629	1	231	9.68e-45	156
EDOOBNEG_00071	MER0015197	35.747	221	136	3	418	634	13	231	1.74e-44	156
EDOOBNEG_00071	MER0011745	35.622	233	138	6	406	629	1	230	3.86e-43	153
EDOOBNEG_00071	MER0002408	35.897	234	140	6	406	631	1	232	4.89e-43	152
EDOOBNEG_00071	MER0015137	35.319	235	140	6	406	631	1	232	6.46e-42	149
EDOOBNEG_00071	MER0002608	41.350	237	128	7	407	633	2	237	2.01e-40	145
EDOOBNEG_00071	MER0005755	35.345	232	139	3	407	635	2	225	4.35e-38	137
EDOOBNEG_00071	MER0190577	33.043	230	141	3	406	632	1	220	3.35e-37	135
EDOOBNEG_00071	MER0015690	36.937	222	127	6	406	614	1	222	1.24e-35	132
EDOOBNEG_00071	MER0014324	34.802	227	135	4	406	629	1	217	1.50e-34	128
EDOOBNEG_00071	MER0011120	38.991	218	120	7	406	610	1	218	3.67e-34	128
EDOOBNEG_00071	MER0024900	33.036	224	140	4	407	627	2	218	1.02e-33	126
EDOOBNEG_00071	MER0190705	32.609	230	145	3	407	634	1	222	2.09e-33	124
EDOOBNEG_00071	MER0002197	33.333	231	143	4	406	632	1	224	5.18e-33	124
EDOOBNEG_00071	MER0001246	30.939	181	114	3	417	594	1	173	1.62e-22	92.0
EDOOBNEG_00071	MER0015204	28.049	246	145	7	407	620	2	247	3.18e-20	88.6
