NHMPPKFP_00029	MER0019280	32.192	292	160	11	159	436	27	294	8.58e-29	113
NHMPPKFP_00029	MER0000321	31.034	290	157	12	150	423	90	352	1.85e-20	89.7
NHMPPKFP_00029	MER0000349	29.904	311	164	13	152	420	62	360	8.23e-20	88.2
NHMPPKFP_00029	MER0030016	31.293	294	146	12	150	423	20	277	3.23e-19	84.7
NHMPPKFP_00029	MER0000310	25.623	281	176	6	147	426	8	256	2.31e-17	79.3
NHMPPKFP_00029	MER0001521	26.855	283	165	9	147	423	8	254	9.30e-17	77.4
NHMPPKFP_00029	MER0000313	26.855	283	165	9	147	423	8	254	4.31e-16	75.5
NHMPPKFP_00029	MER0001755	26.502	283	166	9	147	423	8	254	3.32e-15	72.8
NHMPPKFP_00029	MER0175622	27.181	298	169	10	148	426	14	282	2.24e-14	70.9
NHMPPKFP_00029	MER0000315	28.041	296	164	10	156	445	17	269	3.24e-14	69.7
NHMPPKFP_00029	MER0002500	25.828	302	186	9	151	429	95	381	3.27e-14	71.2
NHMPPKFP_00029	MER0004123	26.518	313	167	15	161	436	37	323	3.60e-14	70.5
NHMPPKFP_00029	MER0077555	29.044	272	158	9	154	423	15	253	4.35e-14	69.7
NHMPPKFP_00029	MER0001906	28.041	296	164	10	156	445	17	269	4.71e-14	69.3
NHMPPKFP_00029	MER0001523	26.502	283	166	9	147	423	8	254	6.45e-14	68.9
NHMPPKFP_00029	MER0000312	26.502	283	166	9	147	423	8	254	6.45e-14	68.9
NHMPPKFP_00029	MER0013656	26.000	300	183	8	147	445	7	268	9.60e-14	68.6
NHMPPKFP_00029	MER0000319	24.667	300	185	8	147	442	15	277	1.23e-13	68.2
NHMPPKFP_00029	MER0014446	31.092	238	123	11	196	420	185	394	3.24e-13	68.2
NHMPPKFP_00029	MER0003536	26.190	294	175	9	147	424	15	282	3.80e-13	67.0
NHMPPKFP_00029	MER0001520	27.703	296	165	10	156	445	17	269	5.41e-13	66.2
NHMPPKFP_00029	MER0001699	26.165	279	170	7	147	423	8	252	1.07e-12	65.5
NHMPPKFP_00029	MER0016688	24.415	299	174	13	156	426	24	298	1.33e-12	65.5
NHMPPKFP_00029	MER0000311	26.316	285	170	11	147	428	8	255	3.11e-12	63.9
NHMPPKFP_00029	MER0081072	26.592	267	158	10	162	425	19	250	3.19e-12	63.5
NHMPPKFP_00029	MER0002565	24.715	263	165	6	166	427	67	297	1.29e-11	63.2
NHMPPKFP_00029	MER0000351	29.870	231	124	10	189	406	81	286	2.43e-11	61.6
NHMPPKFP_00029	MER0002267	28.421	190	109	6	256	443	118	282	2.84e-11	61.2
NHMPPKFP_00029	MER0114485	26.814	317	172	14	148	407	16	329	3.16e-11	62.0
NHMPPKFP_00029	MER0000347	27.068	266	149	11	197	437	105	350	4.72e-11	61.6
NHMPPKFP_00029	MER0000309	26.429	280	169	7	147	423	8	253	4.82e-11	60.5
NHMPPKFP_00029	MER0003688	27.378	347	169	14	150	443	39	355	5.86e-11	60.8
NHMPPKFP_00029	MER0002575	26.937	271	151	10	163	423	24	257	8.06e-11	59.7
NHMPPKFP_00029	MER0000316	26.592	267	158	9	161	426	21	250	1.56e-10	58.9
NHMPPKFP_00029	MER0000332	27.046	281	157	10	163	436	23	262	2.05e-10	58.5
NHMPPKFP_00029	MER0004988	24.749	299	173	9	144	426	13	275	2.15e-10	58.5
NHMPPKFP_00029	MER0000320	25.095	263	162	9	147	403	8	241	6.64e-10	57.0
NHMPPKFP_00029	MER0000348	25.086	291	152	11	167	407	39	313	7.10e-10	57.4
NHMPPKFP_00029	MER0002516	24.068	295	190	7	125	419	3	263	1.00e-09	56.6
NHMPPKFP_00029	MER0161312	26.990	289	140	14	196	435	76	342	1.46e-09	56.6
NHMPPKFP_00029	MER0000333	30.522	249	127	9	162	403	22	231	1.67e-09	55.8
NHMPPKFP_00029	MER0001928	25.890	309	181	14	145	445	1	269	8.64e-09	53.5
NHMPPKFP_00029	MER0042897	25.818	275	173	8	154	426	15	260	9.77e-09	53.5
NHMPPKFP_00029	MER0013641	25.234	321	207	11	147	443	16	327	1.27e-08	53.9
NHMPPKFP_00029	MER0000353	27.803	223	121	9	189	398	132	327	2.55e-08	52.4
NHMPPKFP_00029	MER0000326	25.735	272	156	8	162	427	30	261	2.60e-08	52.4
NHMPPKFP_00029	MER0028258	26.012	346	186	15	155	439	24	360	2.91e-08	52.8
NHMPPKFP_00029	MER0002562	23.353	334	182	12	161	443	40	350	5.28e-08	51.6
NHMPPKFP_00029	MER0000361	24.779	339	183	16	153	443	21	335	1.26e-07	50.4
NHMPPKFP_00029	MER0006023	28.485	165	89	7	269	426	169	311	1.47e-07	50.1
NHMPPKFP_00029	MER0067924	24.138	290	189	9	151	423	1	276	3.97e-07	48.5
NHMPPKFP_00029	MER0050309	24.490	196	125	5	211	404	47	221	4.87e-07	48.9
NHMPPKFP_00029	MER0015424	35.922	103	50	4	348	436	277	377	5.02e-07	48.9
NHMPPKFP_00029	MER0001709	24.852	338	182	14	153	443	17	329	6.36e-07	48.1
NHMPPKFP_00029	MER0000362	26.190	336	176	17	155	443	19	329	7.19e-07	48.1
NHMPPKFP_00029	MER0015435	32.414	145	72	5	198	331	68	197	7.59e-07	48.5
NHMPPKFP_00029	MER0004085	26.531	294	172	12	162	436	50	318	1.08e-06	47.4
NHMPPKFP_00029	MER0016978	25.381	197	121	6	275	445	120	316	2.32e-06	46.2
NHMPPKFP_00029	MER0005790	24.873	197	121	5	211	402	94	268	5.60e-06	45.1
NHMPPKFP_00029	MER0014086	26.172	256	144	11	229	443	132	383	8.80e-06	44.7
NHMPPKFP_00039	MER1143079	35.410	305	165	7	39	343	11	283	1.52e-46	159
NHMPPKFP_00039	MER0026262	26.822	343	214	9	25	347	2	327	3.71e-30	117
NHMPPKFP_00039	MER0017069	30.104	289	167	9	49	325	21	286	9.90e-27	107
NHMPPKFP_00039	MER0003802	28.889	270	160	7	39	305	16	256	2.47e-25	102
NHMPPKFP_00039	MER0000459	27.914	326	214	9	29	347	15	326	3.50e-25	102
NHMPPKFP_00039	MER0140154	27.797	295	173	9	43	305	6	292	1.67e-24	100
NHMPPKFP_00039	MER0002489	29.773	309	178	13	39	329	23	310	1.74e-23	98.2
NHMPPKFP_00039	MER0005964	29.043	303	193	7	58	346	40	334	3.43e-23	97.4
NHMPPKFP_00039	MER0000457	26.498	317	195	10	40	345	23	312	1.57e-22	95.1
NHMPPKFP_00039	MER0006204	28.283	198	127	5	23	206	4	200	2.47e-21	92.0
NHMPPKFP_00039	MER0028284	26.562	192	127	3	24	209	1	184	3.26e-18	82.4
NHMPPKFP_00039	MER0004090	25.788	349	205	14	23	331	16	350	5.50e-17	79.3
NHMPPKFP_00039	MER0004154	26.300	327	203	9	41	348	18	325	8.44e-17	78.2
NHMPPKFP_00039	MER0219770	25.448	279	154	10	72	330	48	292	1.82e-16	77.0
NHMPPKFP_00039	MER0011700	24.496	347	211	12	48	355	26	360	3.86e-16	76.6
NHMPPKFP_00039	MER0005925	28.986	207	128	6	43	235	22	223	2.16e-15	73.9
NHMPPKFP_00039	MER0005836	30.337	178	99	5	47	209	34	201	2.21e-15	72.8
NHMPPKFP_00039	MER0354941	29.255	188	115	5	39	209	10	196	5.53e-14	67.4
NHMPPKFP_00039	MER0000463	26.061	165	109	5	53	214	30	184	4.28e-13	67.0
NHMPPKFP_00039	MER0003800	25.075	335	202	14	39	331	30	357	6.25e-13	67.0
NHMPPKFP_00039	MER0122661	28.477	151	102	3	72	220	50	196	3.54e-12	64.3
NHMPPKFP_00039	MER0015683	28.218	202	121	8	17	207	18	206	3.05e-11	60.8
NHMPPKFP_00039	MER0356183	29.444	180	106	6	50	211	8	184	3.57e-10	57.0
NHMPPKFP_00039	MER0005923	38.017	121	48	6	161	273	218	319	5.37e-08	51.6
NHMPPKFP_00039	MER0005923	30.303	99	57	2	42	131	27	122	1.36e-06	47.4
NHMPPKFP_00064	MER0028284	24.444	270	180	8	37	296	15	270	6.40e-16	74.7
NHMPPKFP_00064	MER0002489	29.126	206	128	5	75	267	58	258	3.25e-15	72.8
NHMPPKFP_00064	MER0026262	26.255	259	154	8	26	261	2	246	1.83e-13	67.4
NHMPPKFP_00064	MER0011700	27.385	325	188	12	54	335	31	350	3.02e-13	67.0
NHMPPKFP_00064	MER0004154	26.857	175	122	3	42	214	18	188	6.58e-13	65.9
NHMPPKFP_00064	MER0005836	25.641	234	142	9	25	242	10	227	2.42e-12	63.2
NHMPPKFP_00064	MER0000459	25.758	264	165	11	69	312	52	304	6.60e-12	62.8
NHMPPKFP_00064	MER0005964	22.426	272	174	8	22	267	3	263	4.36e-11	60.1
NHMPPKFP_00064	MER0004090	26.032	315	173	13	30	295	15	318	8.70e-11	59.3
NHMPPKFP_00064	MER0219770	24.790	238	148	9	42	264	16	237	9.64e-10	55.8
NHMPPKFP_00064	MER0000463	23.221	267	174	8	42	296	18	265	4.65e-09	53.9
NHMPPKFP_00064	MER0354941	29.299	157	94	5	69	215	47	196	5.57e-09	52.4
NHMPPKFP_00064	MER1143079	28.125	224	131	10	76	292	45	245	9.71e-09	52.8
NHMPPKFP_00064	MER0122661	30.573	157	95	5	72	226	49	193	1.54e-08	52.4
NHMPPKFP_00064	MER0017069	22.650	234	163	8	54	278	25	249	4.69e-08	50.8
NHMPPKFP_00064	MER0015683	25.767	163	109	5	56	215	55	208	1.72e-07	48.9
NHMPPKFP_00064	MER0192873	24.675	231	137	8	76	282	1	218	1.29e-06	45.8
NHMPPKFP_00064	MER0003800	28.249	177	101	7	57	215	48	216	5.10e-06	44.7
NHMPPKFP_00067	MER0036308	57.143	238	97	3	232	466	1	236	5.28e-91	278
NHMPPKFP_00067	MER0012283	46.575	219	114	1	233	448	1	219	9.73e-65	209
NHMPPKFP_00067	MER0001013	44.444	243	128	3	230	467	2	242	3.51e-64	208
NHMPPKFP_00067	MER0011345	44.690	226	123	2	233	456	4	229	8.49e-63	205
NHMPPKFP_00067	MER0001017	42.387	243	125	3	230	463	1	237	1.04e-59	196
NHMPPKFP_00067	MER0002281	42.437	238	132	4	235	467	6	243	2.63e-57	190
NHMPPKFP_00067	MER0005328	46.465	198	103	2	241	435	1	198	4.32e-56	185
NHMPPKFP_00067	MER0002755	43.284	201	111	3	241	438	1	201	1.13e-54	182
NHMPPKFP_00067	MER0012271	37.850	214	130	3	235	445	6	219	3.02e-43	152
NHMPPKFP_00067	MER0002658	41.135	141	77	3	316	450	1	141	2.01e-27	105
NHMPPKFP_00067	MER0019730	24.096	249	167	5	241	468	9	256	2.82e-24	99.4
NHMPPKFP_00067	MER0011720	30.047	213	128	7	238	443	3	201	8.36e-19	82.4
NHMPPKFP_00067	MER0019759	30.108	186	109	5	276	448	37	214	8.48e-18	80.1
NHMPPKFP_00067	MER0011370	31.034	174	101	4	284	444	43	210	8.85e-18	79.3
NHMPPKFP_00067	MER0011371	28.774	212	136	5	241	441	1	208	2.31e-17	78.2
NHMPPKFP_00067	MER0011440	31.633	196	92	7	275	442	25	206	7.67e-17	77.0
NHMPPKFP_00067	MER0028449	28.696	230	121	9	241	443	7	220	1.35e-16	76.3
NHMPPKFP_00067	MER0002968	29.167	192	111	5	272	448	38	219	2.22e-16	75.5
NHMPPKFP_00067	MER0002355	29.954	217	127	10	238	443	3	205	2.92e-16	75.1
NHMPPKFP_00067	MER0005331	30.387	181	92	5	284	444	44	210	3.40e-16	74.7
NHMPPKFP_00067	MER0019754	29.319	191	106	7	266	435	8	190	3.91e-16	74.3
NHMPPKFP_00067	MER0168983	28.652	178	114	4	270	447	1	165	8.38e-16	72.4
NHMPPKFP_00067	MER0001012	30.481	187	110	5	271	444	37	216	1.25e-15	73.2
NHMPPKFP_00067	MER0091680	29.480	173	109	6	281	444	32	200	9.14e-15	70.9
NHMPPKFP_00067	MER0011183	28.342	187	116	4	276	450	29	209	1.06e-14	70.5
NHMPPKFP_00067	MER0005046	28.000	175	110	5	280	443	28	197	1.07e-14	70.1
NHMPPKFP_00067	MER0011423	29.348	184	102	6	280	444	40	214	1.19e-14	70.5
NHMPPKFP_00067	MER0006264	28.736	174	112	4	280	444	12	182	1.45e-14	69.3
NHMPPKFP_00067	MER0002060	44.048	84	38	2	280	354	45	128	2.33e-14	69.7
NHMPPKFP_00067	MER0001701	28.272	191	124	4	284	464	32	219	2.74e-14	69.3
NHMPPKFP_00067	MER0011369	29.944	177	99	5	284	444	58	225	3.09e-14	69.3
NHMPPKFP_00067	MER0002865	30.769	182	109	7	281	456	10	180	3.13e-14	68.2
NHMPPKFP_00067	MER0011401	28.495	186	86	7	284	441	36	202	3.94e-14	68.6
NHMPPKFP_00067	MER0002422	29.480	173	103	3	284	445	43	207	4.13e-14	68.6
NHMPPKFP_00067	MER0011438	29.570	186	104	7	260	428	19	194	6.07e-14	68.2
NHMPPKFP_00067	MER0002078	30.348	201	111	6	273	450	23	217	2.14e-13	67.0
NHMPPKFP_00067	MER0001003	29.121	182	115	5	272	443	7	184	2.21e-13	65.9
NHMPPKFP_00067	MER0168177	32.609	138	79	4	312	447	41	166	2.23e-13	65.5
NHMPPKFP_00067	MER0005045	27.528	178	109	7	280	444	28	198	2.80e-13	65.9
NHMPPKFP_00067	MER0002003	30.168	179	106	5	278	443	44	216	2.87e-13	66.2
NHMPPKFP_00067	MER0001005	28.652	178	91	4	284	439	9	172	1.65e-12	63.2
NHMPPKFP_00067	MER0002746	28.977	176	103	6	276	435	37	206	2.66e-12	63.9
NHMPPKFP_00067	MER0015166	27.568	185	95	7	286	443	58	230	2.92e-12	63.5
NHMPPKFP_00067	MER0000997	31.548	168	101	5	284	439	47	212	3.83e-12	63.2
NHMPPKFP_00067	MER0001185	27.869	183	106	5	272	439	39	210	7.62e-12	62.0
NHMPPKFP_00067	MER0011175	31.579	133	83	3	314	443	82	209	8.85e-12	62.0
NHMPPKFP_00067	MER0052595	30.939	181	103	6	278	443	46	219	1.07e-11	62.0
NHMPPKFP_00067	MER0026830	36.207	116	59	4	278	379	41	155	1.22e-11	60.8
NHMPPKFP_00067	MER0004243	32.571	175	92	5	284	438	46	214	2.29e-11	60.8
NHMPPKFP_00067	MER0001009	28.472	144	87	4	308	444	15	149	4.76e-10	56.6
NHMPPKFP_00067	MER0016308	27.717	184	90	8	284	443	18	182	1.04e-09	55.1
NHMPPKFP_00067	MER0002210	40.000	70	33	1	284	344	1	70	1.73e-09	53.9
NHMPPKFP_00067	MER0001001	25.676	222	136	9	241	445	1	210	2.13e-09	54.7
NHMPPKFP_00067	MER0001010	26.950	141	93	3	308	444	56	190	2.31e-09	54.7
NHMPPKFP_00067	MER0011399	29.921	127	79	5	241	358	1	126	1.21e-08	52.8
NHMPPKFP_00067	MER0040779	28.667	150	90	4	298	445	64	198	4.84e-08	50.4
NHMPPKFP_00067	MER0001525	24.800	125	89	1	313	432	90	214	6.87e-08	50.4
NHMPPKFP_00067	MER0003500	24.444	180	120	3	284	452	31	205	3.53e-07	48.1
NHMPPKFP_00091	MER0003380	47.321	112	53	3	190	300	127	233	1.69e-27	104
NHMPPKFP_00091	MER0069741	44.167	120	62	2	181	300	50	164	2.11e-27	102
NHMPPKFP_00091	MER0013541	48.315	89	42	2	201	289	1	85	9.35e-21	82.4
NHMPPKFP_00091	MER0001419	38.760	129	71	3	178	301	9	134	3.16e-17	74.3
NHMPPKFP_00091	MER0003423	38.583	127	70	3	180	301	11	134	6.98e-17	73.6
NHMPPKFP_00091	MER0015415	37.500	104	52	2	186	289	59	149	4.00e-16	72.0
NHMPPKFP_00091	MER0003376	34.483	145	77	5	181	313	20	158	6.57e-14	65.9
NHMPPKFP_00091	MER0003906	39.326	89	50	2	201	288	1	86	7.89e-14	63.9
NHMPPKFP_00091	MER0387040	35.577	104	64	2	201	304	1	101	4.74e-13	61.6
NHMPPKFP_00091	MER0066182	32.812	128	81	3	177	304	70	192	3.99e-12	61.2
NHMPPKFP_00091	MER0025070	37.143	105	57	3	198	295	3	105	7.80e-08	47.4
NHMPPKFP_00091	MER0005300	33.333	99	62	2	203	301	67	161	3.86e-07	46.2
NHMPPKFP_00091	MER0388771	37.255	102	55	3	201	295	2	101	4.78e-07	45.1
NHMPPKFP_00128	MER0033186	37.846	325	189	5	67	386	1	317	5.74e-56	184
NHMPPKFP_00143	MER0003306	28.614	339	204	14	267	578	1	328	2.24e-23	101
NHMPPKFP_00143	MER0006198	23.063	542	315	22	267	748	1	500	3.74e-23	100
NHMPPKFP_00143	MER0003339	22.414	406	284	12	267	655	1	392	1.39e-21	95.9
NHMPPKFP_00143	MER0035254	27.200	125	86	3	267	387	1	124	3.46e-07	50.4
NHMPPKFP_00202	MER0001212	36.822	258	127	8	177	417	42	280	7.72e-36	135
NHMPPKFP_00202	MER0011257	33.818	275	143	13	175	434	40	290	2.31e-30	119
NHMPPKFP_00202	MER0021822	31.852	270	146	7	153	397	23	279	5.09e-28	112
NHMPPKFP_00202	MER0011253	29.921	254	147	8	207	448	71	305	8.68e-27	108
NHMPPKFP_00202	MER0003004	31.022	274	146	10	175	422	35	291	1.01e-26	108
NHMPPKFP_00202	MER0016044	30.864	243	139	8	207	436	70	296	2.88e-26	107
NHMPPKFP_00202	MER0011311	31.818	308	165	14	145	428	5	291	8.83e-26	105
NHMPPKFP_00202	MER0011312	32.364	275	141	11	142	397	14	262	1.48e-25	105
NHMPPKFP_00202	MER0013421	32.243	214	122	7	195	396	58	260	5.19e-25	103
NHMPPKFP_00202	MER0001196	30.620	258	142	11	197	437	56	293	6.85e-24	100
NHMPPKFP_00202	MER0011153	30.962	239	132	10	175	399	41	260	1.02e-23	99.4
NHMPPKFP_00202	MER0003003	32.000	250	136	8	174	399	40	279	2.42e-23	99.0
NHMPPKFP_00202	MER0003908	29.224	219	128	6	197	399	60	267	8.11e-23	97.1
NHMPPKFP_00202	MER0001608	29.717	212	126	6	197	396	55	255	1.19e-22	96.3
NHMPPKFP_00202	MER0001189	25.633	316	196	10	141	437	1	296	1.19e-22	96.3
NHMPPKFP_00202	MER0005813	30.698	215	118	6	207	401	72	275	1.79e-22	96.3
NHMPPKFP_00202	MER0011155	33.755	237	120	10	198	420	60	273	2.79e-22	95.1
NHMPPKFP_00202	MER0011681	31.604	212	113	8	207	394	69	272	3.23e-22	95.5
NHMPPKFP_00202	MER0005814	29.661	236	139	7	175	395	40	263	3.89e-22	95.1
NHMPPKFP_00202	MER0011255	33.171	205	110	8	207	396	71	263	8.38e-21	90.9
NHMPPKFP_00202	MER0011258	29.412	255	145	10	194	434	117	350	1.48e-20	91.3
NHMPPKFP_00202	MER0003006	28.777	278	149	12	177	434	25	273	2.98e-20	89.0
NHMPPKFP_00202	MER0011256	29.478	268	156	11	197	449	50	299	1.12e-19	87.4
NHMPPKFP_00202	MER0011254	29.032	279	149	11	177	434	43	293	1.36e-19	87.4
NHMPPKFP_00202	MER0004975	30.085	236	129	10	177	394	43	260	1.38e-19	87.4
NHMPPKFP_00202	MER0001191	31.188	202	116	6	207	396	69	259	1.83e-19	87.0
NHMPPKFP_00202	MER0002357	29.502	261	147	8	175	415	40	283	2.42e-19	87.0
NHMPPKFP_00202	MER0045266	28.267	329	185	13	149	448	3	309	4.91e-19	85.9
NHMPPKFP_00202	MER0011308	32.203	236	126	10	177	396	43	260	7.08e-19	85.1
NHMPPKFP_00202	MER0001190	27.574	272	160	9	145	396	5	259	7.34e-19	85.1
NHMPPKFP_00202	MER0001193	28.148	270	161	10	149	398	9	265	2.47e-18	83.6
NHMPPKFP_00202	MER0011506	30.049	203	116	7	207	396	68	257	2.49e-18	83.6
NHMPPKFP_00202	MER0011307	30.545	275	155	12	177	436	43	296	2.82e-18	83.6
NHMPPKFP_00202	MER0017121	29.703	202	119	7	207	396	69	259	3.19e-18	83.2
NHMPPKFP_00202	MER0011412	29.952	207	117	8	207	399	63	255	4.93e-18	82.8
NHMPPKFP_00202	MER0013456	31.100	209	108	9	207	396	69	260	9.30e-18	82.0
NHMPPKFP_00202	MER0023950	33.125	160	85	5	207	351	68	220	4.70e-17	80.1
NHMPPKFP_00202	MER0004959	25.449	334	184	12	184	484	49	350	1.05e-16	80.1
NHMPPKFP_00202	MER0037222	31.863	204	107	7	171	358	30	217	1.75e-16	78.2
NHMPPKFP_00202	MER0003428	24.229	227	148	5	177	393	42	254	1.59e-15	75.5
NHMPPKFP_00202	MER0011260	26.829	287	156	13	149	413	9	263	2.02e-14	72.0
NHMPPKFP_00202	MER0001198	26.941	219	137	6	177	379	42	253	8.13e-14	70.1
NHMPPKFP_00202	MER0001202	27.530	247	150	9	177	406	42	276	1.30e-12	67.4
NHMPPKFP_00202	MER0011485	26.549	226	130	10	207	409	67	279	1.69e-12	66.2
NHMPPKFP_00202	MER0030212	24.275	276	156	8	177	428	42	288	2.00e-12	66.6
NHMPPKFP_00202	MER0015121	24.399	291	154	10	184	453	49	294	2.84e-12	66.2
NHMPPKFP_00202	MER0005410	25.610	246	158	7	151	374	10	252	8.86e-12	64.7
NHMPPKFP_00202	MER0001207	25.763	295	137	10	177	428	42	297	1.25e-11	64.3
NHMPPKFP_00202	MER0003495	27.660	188	111	7	177	363	42	205	2.92e-11	62.4
NHMPPKFP_00202	MER0003889	28.495	186	124	5	184	362	49	232	1.02e-10	61.6
NHMPPKFP_00202	MER0013404	24.885	217	124	6	184	374	49	252	2.88e-10	60.1
NHMPPKFP_00202	MER0001625	32.331	133	82	4	589	720	338	463	2.65e-09	57.4
NHMPPKFP_00202	MER0011251	27.660	188	110	8	200	375	63	236	3.31e-09	55.8
NHMPPKFP_00202	MER0013471	25.434	173	100	3	191	360	54	200	5.14e-09	55.8
NHMPPKFP_00202	MER0015694	25.561	223	135	8	199	408	116	320	1.51e-08	54.3
NHMPPKFP_00202	MER0004607	24.889	225	150	6	184	394	49	268	2.27e-08	53.9
NHMPPKFP_00202	MER0002356	26.263	198	116	4	177	367	42	216	9.10e-08	51.6
NHMPPKFP_00202	MER0026952	24.000	225	152	6	184	394	49	268	1.39e-07	51.6
NHMPPKFP_00202	MER0001205	24.378	201	118	7	183	374	47	222	1.67e-07	50.4
NHMPPKFP_00202	MER0004964	31.646	79	54	0	175	253	40	118	9.11e-07	47.4
NHMPPKFP_00202	MER0003817	22.269	238	172	5	177	405	42	275	3.43e-06	46.6
NHMPPKFP_00239	MER0152618	28.889	135	85	7	42	168	34	165	3.38e-08	47.8
NHMPPKFP_00255	MER0011720	32.338	201	119	4	228	420	14	205	5.25e-22	92.0
NHMPPKFP_00255	MER0019759	27.074	229	153	3	221	436	2	229	3.17e-21	90.1
NHMPPKFP_00255	MER0015166	27.876	226	136	4	215	416	8	230	7.10e-21	89.0
NHMPPKFP_00255	MER0011183	28.638	213	139	4	237	436	10	222	9.65e-21	88.6
NHMPPKFP_00255	MER0002968	28.837	215	141	3	215	417	1	215	1.47e-20	87.8
NHMPPKFP_00255	MER0005331	31.937	191	116	5	240	417	21	210	6.90e-20	85.5
NHMPPKFP_00255	MER0001012	28.111	217	141	4	215	417	1	216	1.02e-19	85.5
NHMPPKFP_00255	MER0011440	28.365	208	134	4	228	421	8	214	9.61e-19	82.4
NHMPPKFP_00255	MER0002746	29.091	220	134	5	231	436	19	230	7.56e-18	80.5
NHMPPKFP_00255	MER0002355	28.507	221	143	5	215	425	1	216	3.47e-17	78.2
NHMPPKFP_00255	MER0001017	33.014	209	107	11	231	417	21	218	3.90e-17	78.6
NHMPPKFP_00255	MER0002060	27.854	219	144	6	215	420	1	218	6.25e-17	77.4
NHMPPKFP_00255	MER0002003	28.500	200	121	4	239	420	25	220	7.43e-17	77.0
NHMPPKFP_00255	MER0011345	31.443	194	106	7	246	421	37	221	1.00e-16	77.4
NHMPPKFP_00255	MER0091680	29.592	196	123	6	250	432	22	215	1.02e-16	76.6
NHMPPKFP_00255	MER0002422	30.055	183	111	4	249	418	29	207	1.20e-16	76.3
NHMPPKFP_00255	MER0005046	29.082	196	119	5	237	416	6	197	3.03e-16	74.7
NHMPPKFP_00255	MER0028449	27.727	220	140	5	216	417	3	221	3.87e-16	75.1
NHMPPKFP_00255	MER0005328	34.637	179	89	9	247	406	27	196	4.85e-16	74.3
NHMPPKFP_00255	MER0001701	28.571	196	124	4	237	417	6	200	1.39e-15	73.6
NHMPPKFP_00255	MER0011438	27.551	196	121	5	228	406	8	199	3.44e-15	72.0
NHMPPKFP_00255	MER0001013	29.386	228	126	9	226	428	19	236	5.49e-15	72.0
NHMPPKFP_00255	MER0011371	28.856	201	121	4	228	414	16	208	2.41e-14	69.3
NHMPPKFP_00255	MER0011370	26.887	212	128	5	226	417	6	210	2.83e-14	69.3
NHMPPKFP_00255	MER0011369	27.273	209	131	5	226	417	21	225	6.50e-14	68.6
NHMPPKFP_00255	MER0011423	26.368	201	132	3	233	417	14	214	6.86e-14	68.2
NHMPPKFP_00255	MER0004243	30.151	199	119	5	237	417	20	216	2.01e-13	67.0
NHMPPKFP_00255	MER0036308	31.638	177	106	6	252	418	41	212	2.33e-13	67.0
NHMPPKFP_00255	MER0000997	30.412	194	113	6	237	411	21	211	3.28e-13	66.2
NHMPPKFP_00255	MER0168177	34.815	135	77	4	288	418	37	164	4.51e-13	64.7
NHMPPKFP_00255	MER0006264	27.624	181	119	4	249	417	2	182	1.18e-12	63.9
NHMPPKFP_00255	MER0026830	31.858	113	69	2	225	329	3	115	1.32e-12	63.9
NHMPPKFP_00255	MER0168983	27.647	170	111	4	252	418	3	163	1.66e-12	63.2
NHMPPKFP_00255	MER0001185	28.436	211	125	7	224	417	14	215	2.47e-12	63.9
NHMPPKFP_00255	MER0005045	27.861	201	117	5	237	417	6	198	4.27e-12	62.8
NHMPPKFP_00255	MER0011401	25.943	212	131	7	219	413	1	203	7.69e-12	62.0
NHMPPKFP_00255	MER0002281	36.697	109	57	4	234	339	24	123	1.06e-11	62.4
NHMPPKFP_00255	MER0001009	27.215	158	104	2	297	444	20	176	1.63e-11	61.2
NHMPPKFP_00255	MER0003916	24.479	192	135	4	235	417	4	194	2.88e-11	60.1
NHMPPKFP_00255	MER0011175	24.742	194	131	4	237	416	17	209	5.37e-11	59.7
NHMPPKFP_00255	MER0019754	25.888	197	125	3	240	418	3	196	7.56e-11	58.9
NHMPPKFP_00255	MER0052595	37.113	97	57	1	237	329	25	121	9.37e-11	59.3
NHMPPKFP_00255	MER0002755	36.364	110	58	4	231	337	10	110	9.68e-11	58.9
NHMPPKFP_00255	MER0001010	25.743	202	137	4	243	431	3	204	1.03e-10	58.9
NHMPPKFP_00255	MER0012283	37.931	87	44	3	252	337	43	120	1.20e-10	58.9
NHMPPKFP_00255	MER0001005	28.729	181	107	7	259	421	5	181	5.32e-10	56.2
NHMPPKFP_00255	MER0016308	28.249	177	114	4	252	416	7	182	5.84e-10	56.2
NHMPPKFP_00255	MER0001003	42.683	82	41	3	251	328	6	85	8.58e-10	55.5
NHMPPKFP_00255	MER0011399	32.653	98	63	1	244	338	25	122	1.05e-09	56.2
NHMPPKFP_00255	MER0012271	29.319	191	100	8	252	420	44	221	2.36e-09	55.5
NHMPPKFP_00255	MER0002078	26.496	234	149	7	221	436	2	230	2.65e-09	55.1
NHMPPKFP_00255	MER0002210	31.288	163	84	7	263	404	1	156	2.54e-08	50.8
NHMPPKFP_00255	MER0116688	23.590	195	132	5	244	423	25	217	1.04e-07	50.4
NHMPPKFP_00255	MER0019096	23.741	139	102	1	299	437	62	196	3.89e-07	48.1
NHMPPKFP_00255	MER0001001	24.731	186	127	6	245	418	26	210	6.82e-07	47.4
NHMPPKFP_00255	MER0011400	25.926	189	111	8	259	426	40	220	9.99e-07	47.4
NHMPPKFP_00255	MER0003500	21.891	201	145	3	235	423	3	203	6.13e-06	44.7
NHMPPKFP_00255	MER0002658	30.075	133	70	6	300	414	1	128	7.53e-06	43.5
NHMPPKFP_00271	MER0281397	27.103	214	109	8	108	290	4	201	1.12e-11	60.5
NHMPPKFP_00271	MER0028284	30.882	136	80	6	108	238	55	181	5.74e-10	57.0
NHMPPKFP_00271	MER0026262	25.287	261	137	14	108	327	56	299	1.44e-08	52.8
NHMPPKFP_00271	MER0034963	24.490	147	89	5	95	231	48	182	7.40e-07	47.4
NHMPPKFP_00271	MER1143079	29.530	149	86	7	93	238	35	167	3.19e-06	45.1
NHMPPKFP_00297	MER0002959	33.180	217	143	1	890	1106	73	287	1.80e-37	139
NHMPPKFP_00297	MER0011097	35.484	186	118	1	900	1085	78	261	6.79e-30	117
NHMPPKFP_00332	MER0066174	37.333	150	86	3	256	398	77	225	9.71e-15	70.1
NHMPPKFP_00383	MER0001421	52.645	397	186	2	15	410	1	396	6.54e-155	440
NHMPPKFP_00383	MER0028941	25.238	420	241	12	6	407	2	366	2.66e-25	102
NHMPPKFP_00383	MER0369336	27.431	288	186	7	131	407	39	314	1.01e-20	89.0
NHMPPKFP_00394	MER0003428	23.913	184	98	5	49	225	1	149	6.52e-07	48.9
NHMPPKFP_00394	MER0003817	28.571	147	67	5	82	225	38	149	6.43e-06	45.8
NHMPPKFP_00411	MER0031617	31.765	85	51	3	73	151	29	112	3.60e-06	44.3
NHMPPKFP_00414	MER0000474	50.602	166	81	1	16	180	38	203	4.33e-53	165
NHMPPKFP_00414	MER0005687	52.229	157	74	1	25	180	51	207	2.29e-52	163
NHMPPKFP_00414	MER0011666	42.541	181	101	2	3	180	5	185	1.11e-46	148
NHMPPKFP_00414	MER0004857	41.954	174	101	0	7	180	30	203	1.17e-46	149
NHMPPKFP_00414	MER0002211	45.029	171	93	1	11	180	33	203	5.51e-46	147
NHMPPKFP_00414	MER0006063	40.964	166	97	1	16	180	39	204	6.78e-44	142
NHMPPKFP_00414	MER0006046	41.566	166	96	1	16	180	38	203	8.64e-44	141
NHMPPKFP_00414	MER0006056	40.361	166	99	0	15	180	42	207	9.88e-44	141
NHMPPKFP_00414	MER0002299	44.848	165	90	1	16	179	32	196	6.44e-43	139
NHMPPKFP_00414	MER0004855	42.771	166	94	1	16	180	40	205	1.75e-41	135
NHMPPKFP_00414	MER0004847	42.771	166	93	2	17	180	39	204	3.70e-36	122
NHMPPKFP_00414	MER0004182	38.650	163	99	1	19	180	37	199	1.64e-34	117
NHMPPKFP_00414	MER0006308	35.329	167	105	3	14	177	25	191	3.91e-32	111
NHMPPKFP_00452	MER0195774	36.612	183	108	4	45	225	1	177	8.72e-32	119
NHMPPKFP_00452	MER0237414	22.321	224	157	4	523	738	3	217	6.74e-15	72.0
NHMPPKFP_00452	MER0188967	25.088	283	181	12	81	339	3	278	9.77e-14	71.2
NHMPPKFP_00452	MER0001229	24.528	212	149	4	45	253	2	205	5.31e-13	66.2
NHMPPKFP_00452	MER0001229	22.619	168	129	1	546	713	27	193	3.14e-06	46.2
NHMPPKFP_00452	MER0043985	24.528	212	149	4	45	253	2	205	6.80e-13	66.2
NHMPPKFP_00452	MER0043985	22.619	168	129	1	546	713	27	193	3.33e-06	46.2
NHMPPKFP_00452	MER0390687	24.638	138	103	1	557	694	30	166	1.02e-12	64.3
NHMPPKFP_00452	MER0122186	26.630	184	125	5	45	225	22	198	1.60e-11	61.6
NHMPPKFP_00452	MER0003448	22.165	194	150	1	520	713	1	193	2.05e-11	61.6
NHMPPKFP_00452	MER0003448	25.000	212	150	5	45	254	2	206	2.73e-09	55.5
NHMPPKFP_00452	MER0001233	23.789	227	144	8	45	255	2	215	4.73e-11	60.8
NHMPPKFP_00452	MER0001233	22.162	185	134	5	538	714	20	202	9.51e-07	48.1
NHMPPKFP_00452	MER0014333	29.333	225	137	9	45	256	2	217	5.42e-11	60.8
NHMPPKFP_00452	MER0015259	26.000	200	123	7	40	225	21	209	4.20e-10	57.4
NHMPPKFP_00452	MER0024891	26.816	179	117	5	81	247	3	179	9.50e-10	58.2
NHMPPKFP_00452	MER0023436	28.736	174	100	7	75	231	39	205	5.30e-09	54.3
NHMPPKFP_00452	MER0011096	25.641	195	120	7	45	225	26	209	7.56e-09	53.9
NHMPPKFP_00452	MER0011744	26.154	195	119	8	45	225	26	209	7.71e-09	53.9
NHMPPKFP_00452	MER0039456	24.762	105	79	0	554	658	36	140	1.32e-08	53.1
NHMPPKFP_00452	MER0001218	24.607	191	127	7	45	225	26	209	1.98e-08	52.8
NHMPPKFP_00452	MER0001222	27.368	190	120	6	45	225	26	206	2.51e-08	52.4
NHMPPKFP_00452	MER0003543	26.267	217	134	7	45	251	2	202	4.84e-08	51.6
NHMPPKFP_00452	MER0003543	21.649	194	143	3	547	735	27	216	2.48e-07	49.7
NHMPPKFP_00452	MER0002283	28.646	192	118	7	45	225	26	209	6.51e-08	51.2
NHMPPKFP_00452	MER0001214	27.407	135	92	2	45	177	26	156	4.36e-07	48.1
NHMPPKFP_00452	MER0002008	23.394	218	140	8	45	250	2	204	6.20e-07	48.5
NHMPPKFP_00452	MER0015090	22.335	197	144	5	544	735	24	216	3.10e-06	46.2
NHMPPKFP_00452	MER0004423	26.238	202	126	9	81	277	33	216	3.82e-06	45.8
NHMPPKFP_00452	MER0011292	24.022	179	115	8	61	228	64	232	4.80e-06	45.8
NHMPPKFP_00452	MER0003386	28.358	134	76	5	45	173	26	144	6.47e-06	45.1
NHMPPKFP_00480	MER0002968	24.074	216	148	6	850	1055	1	210	1.50e-10	59.3
NHMPPKFP_00480	MER0011440	29.771	131	76	5	936	1055	80	205	4.61e-07	48.9
NHMPPKFP_00480	MER0011369	26.772	127	85	2	936	1055	95	220	1.85e-06	47.4
NHMPPKFP_00480	MER0001185	23.016	126	87	4	937	1055	88	210	7.47e-06	45.4
NHMPPKFP_00480	MER0001012	22.897	214	154	6	850	1055	1	211	8.73e-06	45.1
NHMPPKFP_00493	MER0060647	39.118	363	197	8	11	361	1	351	1.72e-75	234
NHMPPKFP_00493	MER0078640	37.330	367	193	8	11	360	1	347	1.11e-71	224
NHMPPKFP_00493	MER0043540	43.415	205	112	2	165	368	27	228	1.14e-56	182
NHMPPKFP_00493	MER0044812	40.343	233	123	4	150	369	13	242	1.89e-54	176
NHMPPKFP_00493	MER0045945	40.284	211	120	5	161	370	15	220	1.44e-50	166
NHMPPKFP_00493	MER0046161	41.778	225	106	6	161	368	33	249	8.09e-47	157
NHMPPKFP_00493	MER0115185	51.724	145	68	1	215	359	1	143	5.88e-46	151
NHMPPKFP_00493	MER0436691	33.449	287	143	8	93	369	2	250	1.85e-43	148
NHMPPKFP_00493	MER0043195	27.219	169	104	7	210	360	39	206	1.91e-09	54.7
NHMPPKFP_00493	MER0043537	25.581	172	96	4	192	347	14	169	6.20e-09	52.0
NHMPPKFP_00493	MER0044882	27.848	158	99	7	201	346	2	156	2.09e-07	47.8
NHMPPKFP_00493	MER0043394	22.378	143	97	4	212	346	12	148	4.04e-06	43.5
NHMPPKFP_00530	MER0015475	32.275	189	112	6	30	207	2	185	2.19e-18	77.4
NHMPPKFP_00547	MER0056525	49.206	252	123	3	414	662	1	250	2.11e-81	255
NHMPPKFP_00547	MER0005496	47.059	255	128	2	414	668	1	248	1.17e-77	246
NHMPPKFP_00547	MER0011748	51.515	231	109	2	414	643	1	229	3.60e-77	245
NHMPPKFP_00547	MER0015609	49.784	231	111	2	414	643	1	227	4.26e-76	242
NHMPPKFP_00547	MER0011224	45.217	230	125	1	414	643	1	229	1.06e-70	228
NHMPPKFP_00547	MER0023544	41.732	254	141	2	414	667	1	247	2.00e-68	222
NHMPPKFP_00547	MER0015195	46.753	231	120	3	414	643	1	229	2.71e-68	221
NHMPPKFP_00547	MER0002605	43.290	231	127	2	414	643	1	228	1.95e-65	213
NHMPPKFP_00547	MER0015194	44.156	231	124	2	415	643	2	229	3.44e-63	207
NHMPPKFP_00547	MER0171760	38.828	273	151	4	378	643	1	264	1.42e-61	203
NHMPPKFP_00547	MER0014306	41.304	230	134	1	414	643	1	229	3.56e-61	202
NHMPPKFP_00547	MER0002600	40.260	231	135	2	414	643	1	229	1.11e-59	198
NHMPPKFP_00547	MER0005466	40.517	232	132	3	415	640	2	233	1.12e-55	186
NHMPPKFP_00547	MER0024898	41.379	232	133	3	414	643	1	231	2.18e-55	187
NHMPPKFP_00547	MER0004454	40.088	227	135	1	414	639	1	227	3.68e-53	181
NHMPPKFP_00547	MER0015199	42.424	231	128	2	414	639	1	231	2.54e-52	179
NHMPPKFP_00547	MER0002602	41.048	229	126	3	415	637	2	227	2.51e-51	176
NHMPPKFP_00547	MER0001620	36.882	263	152	5	414	665	1	260	1.07e-46	164
NHMPPKFP_00547	MER0002563	35.470	234	141	3	415	638	2	235	2.12e-46	161
NHMPPKFP_00547	MER0017637	37.021	235	136	4	415	638	2	235	1.14e-43	154
NHMPPKFP_00547	MER0002408	37.607	234	137	6	414	640	1	232	1.34e-43	154
NHMPPKFP_00547	MER0011745	34.711	242	147	6	414	647	1	239	1.78e-43	154
NHMPPKFP_00547	MER0015197	35.185	216	133	4	426	637	13	225	3.62e-43	153
NHMPPKFP_00547	MER0015193	37.975	237	137	5	414	642	1	235	6.41e-43	152
NHMPPKFP_00547	MER0015137	35.124	242	146	6	414	647	1	239	3.36e-42	150
NHMPPKFP_00547	MER0002608	37.849	251	150	4	415	660	2	251	8.00e-42	149
NHMPPKFP_00547	MER0190577	34.211	228	136	3	414	638	1	217	1.54e-38	140
NHMPPKFP_00547	MER0005755	37.021	235	135	4	415	645	2	227	7.16e-38	137
NHMPPKFP_00547	MER0014324	35.526	228	133	4	414	638	1	217	3.84e-36	133
NHMPPKFP_00547	MER0190705	34.199	231	141	3	415	643	1	222	1.72e-35	130
NHMPPKFP_00547	MER0002197	34.783	230	135	4	414	638	1	220	3.12e-35	131
NHMPPKFP_00547	MER0024900	33.929	224	137	4	415	635	2	217	5.88e-34	127
NHMPPKFP_00547	MER0015690	33.466	251	155	6	414	652	1	251	9.85e-32	121
NHMPPKFP_00547	MER0011120	34.862	218	130	7	414	619	1	218	1.56e-28	112
NHMPPKFP_00547	MER0001246	32.418	182	111	3	425	603	1	173	3.26e-23	94.0
NHMPPKFP_00547	MER0015204	26.423	246	150	7	415	629	2	247	2.62e-17	80.1
NHMPPKFP_00570	MER0034539	59.709	206	82	1	2	206	1	206	1.78e-84	258
NHMPPKFP_00570	MER0033254	35.079	191	104	9	2	179	1	184	5.63e-20	86.7
NHMPPKFP_00570	MER0038019	25.564	133	89	4	61	185	14	144	9.54e-06	43.5
NHMPPKFP_00573	MER0045094	41.053	190	109	2	10	196	10	199	6.40e-51	161
NHMPPKFP_00573	MER0044622	40.526	190	108	3	12	196	26	215	1.21e-47	154
NHMPPKFP_00573	MER0043394	38.889	162	97	1	36	195	1	162	2.57e-42	137
NHMPPKFP_00573	MER0043392	41.606	137	77	2	57	193	23	156	2.28e-34	117
NHMPPKFP_00573	MER0044882	40.936	171	91	7	34	195	1	170	1.41e-33	115
NHMPPKFP_00573	MER0044619	38.095	189	106	7	14	195	10	194	1.08e-29	107
NHMPPKFP_00573	MER0043195	33.333	207	117	8	8	194	1	206	3.28e-27	100
NHMPPKFP_00573	MER0043537	31.148	183	121	4	14	194	2	181	1.65e-24	92.0
NHMPPKFP_00573	MER0045095	32.692	208	114	6	14	195	17	224	7.13e-21	84.3
NHMPPKFP_00573	MER0045886	26.768	198	135	5	1	194	1	192	7.09e-16	70.5
NHMPPKFP_00573	MER0044889	29.630	162	104	2	34	195	48	199	1.11e-14	67.0
NHMPPKFP_00573	MER0045945	30.337	178	112	4	11	185	31	199	1.21e-14	66.6
NHMPPKFP_00573	MER0044812	26.136	176	121	5	26	198	68	237	3.98e-14	65.5
NHMPPKFP_00573	MER0042974	28.829	111	79	0	85	195	70	180	6.05e-13	61.6
NHMPPKFP_00573	MER0115185	28.676	136	85	4	55	186	8	135	7.63e-13	60.5
NHMPPKFP_00573	MER0046161	31.034	145	83	6	54	191	103	237	1.03e-10	56.2
NHMPPKFP_00573	MER0060647	24.865	185	125	5	11	191	172	346	1.61e-10	56.2
NHMPPKFP_00573	MER0043387	30.405	148	90	7	53	195	26	165	5.89e-10	53.1
NHMPPKFP_00573	MER0436691	26.846	149	98	4	52	195	99	241	6.18e-10	53.9
NHMPPKFP_00573	MER0043540	28.358	134	85	3	55	185	85	210	1.50e-09	52.8
NHMPPKFP_00573	MER0038086	25.424	118	80	3	84	195	108	223	1.73e-09	52.8
NHMPPKFP_00573	MER0436735	24.277	173	97	4	56	194	47	219	2.01e-09	52.8
NHMPPKFP_00586	MER0065588	42.718	206	105	3	2	206	3	196	1.23e-52	165
NHMPPKFP_00586	MER0066916	26.486	185	112	7	11	190	16	181	6.78e-08	47.8
NHMPPKFP_00607	MER0000719	46.667	60	14	3	70	125	170	215	1.05e-06	46.2
NHMPPKFP_00607	MER0155890	62.500	32	8	1	70	97	156	187	3.40e-06	44.7
NHMPPKFP_00607	MER0031234	47.222	36	19	0	68	103	207	242	4.61e-06	44.7
NHMPPKFP_00777	MER0037236	26.190	252	164	6	13	243	11	261	8.69e-18	77.4
NHMPPKFP_00777	MER0031611	23.507	268	175	7	11	249	24	290	1.13e-13	66.2
NHMPPKFP_00777	MER0004146	23.954	263	163	11	10	243	7	261	7.98e-13	63.5
NHMPPKFP_00777	MER0036068	22.751	189	129	4	70	241	105	293	2.47e-09	53.5
NHMPPKFP_00777	MER0036076	21.311	244	153	8	22	241	63	291	6.00e-09	52.4
NHMPPKFP_00777	MER0003537	25.366	205	111	5	81	251	88	284	2.55e-08	50.4
NHMPPKFP_00777	MER0036067	20.417	240	167	7	22	240	52	288	7.53e-08	48.9
NHMPPKFP_00777	MER0017193	21.111	270	173	8	13	251	17	277	3.25e-07	47.0
NHMPPKFP_00777	MER0035973	24.551	167	110	5	87	242	125	286	4.65e-07	46.6
NHMPPKFP_00777	MER0036054	19.380	258	172	5	22	243	17	274	2.45e-06	44.3
NHMPPKFP_00777	MER0036059	31.461	89	52	1	153	241	271	350	2.99e-06	44.3
NHMPPKFP_00877	MER0003380	31.915	235	151	3	150	383	14	240	5.14e-39	137
NHMPPKFP_00877	MER0069741	41.040	173	97	4	214	383	1	171	2.18e-32	117
NHMPPKFP_00877	MER0013541	48.276	87	45	0	281	367	1	87	9.66e-22	85.9
NHMPPKFP_00877	MER0066182	41.880	117	64	2	261	376	75	188	1.05e-18	80.9
NHMPPKFP_00877	MER0387040	46.392	97	51	1	281	376	1	97	1.41e-18	77.8
NHMPPKFP_00877	MER0003423	38.261	115	63	4	281	393	32	140	6.39e-17	74.3
NHMPPKFP_00877	MER0001419	37.391	115	64	4	281	393	32	140	6.41e-16	71.2
NHMPPKFP_00877	MER0003376	40.496	121	53	5	278	380	42	161	1.61e-15	70.9
NHMPPKFP_00877	MER0025070	36.364	110	57	5	279	375	4	113	5.87e-11	56.6
NHMPPKFP_00877	MER0388771	37.037	108	55	5	281	375	2	109	8.37e-11	55.8
NHMPPKFP_00877	MER0015415	35.632	87	49	2	283	365	66	149	1.42e-10	56.6
NHMPPKFP_00877	MER0003906	37.209	86	52	2	281	364	1	86	1.07e-09	52.8
NHMPPKFP_00877	MER0005300	43.590	78	41	1	277	354	64	138	1.28e-08	50.8
NHMPPKFP_00907	MER0036068	31.304	115	76	3	86	199	53	165	1.71e-06	45.4
NHMPPKFP_00907	MER0045809	31.068	103	62	5	107	202	67	167	2.24e-06	45.1
NHMPPKFP_00907	MER0036053	33.028	109	62	5	82	185	4	106	2.70e-06	44.7
NHMPPKFP_00907	MER0011785	28.025	157	74	8	87	212	36	184	4.99e-06	44.3
NHMPPKFP_00919	MER0066178	26.829	205	122	8	40	238	1	183	3.19e-08	50.8
NHMPPKFP_00920	MER0011785	26.786	112	76	2	43	148	25	136	3.49e-07	47.4
NHMPPKFP_00930	MER0026494	34.402	468	275	10	6	452	10	466	7.45e-76	242
NHMPPKFP_00930	MER0026471	31.027	477	291	10	7	457	12	476	1.56e-69	226
NHMPPKFP_00930	MER0015142	30.998	471	293	9	5	453	38	498	1.14e-67	221
NHMPPKFP_00930	MER0003397	33.962	212	114	5	2	197	7	208	1.73e-26	105
NHMPPKFP_00930	MER0003397	34.444	90	57	2	361	449	213	301	9.40e-10	56.6
NHMPPKFP_00930	MER0026485	33.498	203	117	6	7	197	11	207	2.38e-25	102
NHMPPKFP_00930	MER0026485	31.633	98	67	0	361	458	212	309	1.65e-10	58.9
NHMPPKFP_00930	MER0052470	23.953	430	289	14	29	439	33	443	2.27e-19	87.0
NHMPPKFP_00930	MER0057434	31.707	205	120	8	6	197	2	199	1.02e-18	83.2
NHMPPKFP_00930	MER0057434	32.184	87	59	0	359	445	202	288	4.85e-07	48.1
NHMPPKFP_00930	MER0001272	29.371	143	82	5	21	161	12	137	3.95e-09	54.3
NHMPPKFP_00930	MER0369972	30.822	146	88	7	44	187	31	165	2.97e-07	49.3
NHMPPKFP_01028	MER0005767	29.338	317	185	9	54	369	27	305	4.15e-32	121
NHMPPKFP_01028	MER0030136	22.829	403	282	14	4	385	1	395	7.38e-15	72.8
NHMPPKFP_01028	MER0030151	20.500	400	295	12	4	385	1	395	1.48e-09	56.2
NHMPPKFP_01028	MER0030155	21.446	401	290	13	4	385	1	395	2.24e-08	52.8
NHMPPKFP_01067	MER0011781	25.524	286	145	15	38	320	17	237	6.00e-11	60.1
NHMPPKFP_01067	MER0011806	23.239	284	154	13	38	320	17	237	3.14e-08	51.6
NHMPPKFP_01067	MER0004101	24.296	284	151	13	38	320	17	237	9.46e-08	50.4
NHMPPKFP_01138	MER0005900	30.194	361	226	8	62	413	38	381	2.18e-39	142
NHMPPKFP_01173	MER0003327	49.770	217	102	5	2	216	1	212	6.91e-62	202
NHMPPKFP_01173	MER0012158	35.693	339	144	10	2	268	1	337	1.41e-55	189
NHMPPKFP_01173	MER0185695	41.441	222	124	4	2	218	1	221	2.53e-47	162
NHMPPKFP_01173	MER0003350	40.580	207	99	6	2	185	1	206	2.04e-42	149
NHMPPKFP_01173	MER0003322	36.893	206	105	5	2	182	1	206	1.11e-36	133
NHMPPKFP_01173	MER0011781	34.266	143	87	3	2	140	1	140	2.65e-15	72.8
NHMPPKFP_01173	MER0011806	33.824	136	86	3	2	134	1	135	3.40e-14	69.3
NHMPPKFP_01173	MER0004101	33.333	138	84	4	2	134	1	135	3.94e-13	66.2
NHMPPKFP_01173	MER0003314	28.276	145	91	4	2	134	1	144	8.72e-09	53.9
NHMPPKFP_01180	MER0014135	42.917	240	137	0	188	427	1	240	2.52e-70	221
NHMPPKFP_01193	MER0000332	47.090	189	80	8	297	483	64	234	3.82e-31	119
NHMPPKFP_01193	MER0028365	40.000	215	111	7	289	496	118	321	1.60e-28	114
NHMPPKFP_01193	MER0028365	45.588	68	35	2	66	133	47	112	3.73e-10	58.5
NHMPPKFP_01193	MER0002565	37.555	229	124	5	294	521	104	314	8.79e-28	111
NHMPPKFP_01193	MER0000310	38.693	199	105	7	297	493	63	246	3.09e-26	105
NHMPPKFP_01193	MER0017009	33.921	227	133	5	279	494	99	319	3.43e-26	106
NHMPPKFP_01193	MER0017009	38.095	84	45	3	58	134	22	105	1.78e-06	47.0
NHMPPKFP_01193	MER0004690	32.389	247	123	8	279	499	81	309	1.90e-25	104
NHMPPKFP_01193	MER0004690	42.466	73	38	2	75	143	27	99	4.13e-08	52.0
NHMPPKFP_01193	MER0001699	37.688	199	107	7	297	493	62	245	7.24e-25	101
NHMPPKFP_01193	MER0005821	36.199	221	116	9	297	508	86	290	7.71e-25	104
NHMPPKFP_01193	MER0077555	35.622	233	124	7	276	501	41	254	5.65e-24	98.6
NHMPPKFP_01193	MER0002575	35.135	222	115	10	293	506	67	267	3.01e-23	96.7
NHMPPKFP_01193	MER0081072	34.836	244	122	10	259	499	38	247	6.99e-23	94.7
NHMPPKFP_01193	MER0054318	37.281	228	123	9	297	521	67	277	8.00e-22	93.2
NHMPPKFP_01193	MER0000315	32.129	249	144	10	254	499	21	247	1.12e-21	92.0
NHMPPKFP_01193	MER0001520	32.129	249	144	10	254	499	21	247	1.58e-21	91.3
NHMPPKFP_01193	MER0001521	37.500	208	111	8	289	493	56	247	1.76e-21	91.3
NHMPPKFP_01193	MER0000313	37.500	208	111	8	289	493	56	247	2.34e-21	90.9
NHMPPKFP_01193	MER0001709	35.294	238	111	11	288	499	87	307	2.89e-21	92.0
NHMPPKFP_01193	MER0001928	34.804	204	114	7	297	499	62	247	3.83e-21	90.1
NHMPPKFP_01193	MER0001906	31.727	249	145	10	254	499	21	247	5.66e-21	89.7
NHMPPKFP_01193	MER0002057	32.677	254	115	10	290	496	95	339	6.52e-21	91.7
NHMPPKFP_01193	MER0001755	37.019	208	112	8	289	493	56	247	1.36e-20	89.0
NHMPPKFP_01193	MER0000320	36.321	212	113	9	279	482	46	243	2.68e-20	88.2
NHMPPKFP_01193	MER0002267	34.450	209	115	9	297	501	71	261	4.69e-20	87.4
NHMPPKFP_01193	MER0000349	31.250	240	141	8	283	500	130	367	5.29e-20	89.0
NHMPPKFP_01193	MER0000316	30.396	227	136	7	276	499	39	246	5.83e-20	86.7
NHMPPKFP_01193	MER0006023	33.333	222	117	7	295	499	100	307	9.82e-20	87.4
NHMPPKFP_01193	MER0062058	34.940	249	132	7	294	536	58	282	1.25e-19	88.2
NHMPPKFP_01193	MER0062058	50.000	54	27	0	86	139	1	54	3.72e-10	58.9
NHMPPKFP_01193	MER0000362	32.283	254	126	11	275	506	81	310	1.46e-19	86.7
NHMPPKFP_01193	MER0155676	32.911	237	117	9	297	500	125	352	1.61e-19	87.4
NHMPPKFP_01193	MER0016978	29.642	307	162	12	220	501	16	293	1.91e-19	86.3
NHMPPKFP_01193	MER0001523	36.538	208	113	8	289	493	56	247	2.53e-19	85.1
NHMPPKFP_01193	MER0000312	36.538	208	113	8	289	493	56	247	2.53e-19	85.1
NHMPPKFP_01193	MER0000309	37.186	199	108	7	297	493	63	246	3.03e-19	84.7
NHMPPKFP_01193	MER0000361	35.021	237	109	11	288	497	93	311	4.01e-19	85.5
NHMPPKFP_01193	MER0004085	35.321	218	110	9	297	494	96	302	1.34e-18	84.0
NHMPPKFP_01193	MER0013656	33.168	202	114	7	297	496	61	243	3.34e-18	81.6
NHMPPKFP_01193	MER0000333	34.921	189	103	5	297	483	64	234	7.50e-18	80.9
NHMPPKFP_01193	MER0016697	33.478	230	108	10	282	482	84	297	1.39e-17	81.3
NHMPPKFP_01193	MER0002562	32.489	237	120	9	288	499	108	329	1.46e-17	81.3
NHMPPKFP_01193	MER0000311	36.019	211	116	8	289	496	56	250	1.72e-16	76.6
NHMPPKFP_01193	MER0000319	31.373	204	122	7	292	494	64	250	2.44e-16	76.3
NHMPPKFP_01193	MER0001725	31.599	269	141	11	281	536	81	319	2.86e-16	76.6
NHMPPKFP_01193	MER0000321	31.092	238	128	10	280	502	138	354	3.15e-16	77.0
NHMPPKFP_01193	MER0042897	36.449	214	118	7	289	499	58	256	4.92e-16	75.5
NHMPPKFP_01193	MER0014744	34.188	234	121	8	297	511	95	314	9.93e-16	75.5
NHMPPKFP_01193	MER0002790	32.710	214	118	5	297	493	1	205	1.11e-15	73.6
NHMPPKFP_01193	MER0002500	30.802	237	129	10	296	507	156	382	1.44e-15	75.5
NHMPPKFP_01193	MER0016983	29.675	246	130	7	297	520	71	295	2.40e-15	73.9
NHMPPKFP_01193	MER0005931	37.500	200	108	5	297	494	32	216	3.19e-15	72.4
NHMPPKFP_01193	MER0030016	31.858	226	113	9	289	499	77	276	1.08e-14	71.2
NHMPPKFP_01193	MER0006074	31.280	211	115	9	297	497	82	272	1.75e-14	71.2
NHMPPKFP_01193	MER0000359	34.272	213	110	10	297	501	89	279	2.14e-14	70.9
NHMPPKFP_01193	MER0003536	31.696	224	118	9	297	499	71	280	2.69e-14	70.5
NHMPPKFP_01193	MER0050309	27.957	279	152	14	262	512	5	262	2.73e-14	71.6
NHMPPKFP_01193	MER0024902	29.386	228	146	7	297	511	97	322	4.71e-14	70.1
NHMPPKFP_01193	MER0004123	29.707	239	123	8	294	496	76	305	7.13e-14	69.7
NHMPPKFP_01193	MER0000357	34.468	235	109	12	297	510	77	287	2.88e-13	67.8
NHMPPKFP_01193	MER0005790	33.673	196	96	6	297	479	94	268	5.27e-13	66.2
NHMPPKFP_01193	MER0013641	28.571	231	121	10	297	497	83	299	8.63e-13	67.0
NHMPPKFP_01193	MER0000351	30.918	207	99	7	294	481	103	284	1.06e-12	65.5
NHMPPKFP_01193	MER0000326	32.843	204	111	9	297	497	72	252	1.52e-12	65.5
NHMPPKFP_01193	MER0003117	35.961	203	99	9	294	487	72	252	1.59e-12	65.1
NHMPPKFP_01193	MER0014300	30.315	254	126	9	288	499	71	315	1.70e-12	65.9
NHMPPKFP_01193	MER0000389	30.483	269	137	14	288	519	69	324	3.04e-12	64.7
NHMPPKFP_01193	MER0067924	28.448	232	116	10	297	498	63	274	8.08e-12	62.8
NHMPPKFP_01193	MER0055027	34.940	166	83	9	289	451	66	209	8.36e-12	63.9
NHMPPKFP_01193	MER0014446	30.275	218	113	8	297	498	197	391	1.01e-11	63.5
NHMPPKFP_01193	MER0114485	29.778	225	120	9	296	483	105	328	1.15e-11	63.2
NHMPPKFP_01193	MER0000353	31.863	204	93	8	291	475	151	327	1.28e-11	62.8
NHMPPKFP_01193	MER0161312	31.418	261	136	11	272	496	73	326	2.18e-11	62.4
NHMPPKFP_01193	MER0016688	29.958	237	116	11	294	496	71	291	3.32e-11	61.2
NHMPPKFP_01193	MER0000356	30.888	259	120	11	297	519	89	324	4.58e-11	61.2
NHMPPKFP_01193	MER0000358	30.144	209	114	10	297	493	71	259	5.61e-11	60.8
NHMPPKFP_01193	MER0002516	32.039	206	112	9	297	497	82	264	8.30e-11	60.1
NHMPPKFP_01193	MER0006297	27.556	225	135	8	297	497	265	485	3.70e-10	58.9
NHMPPKFP_01193	MER0005859	31.225	253	121	13	297	510	242	480	3.95e-10	58.9
NHMPPKFP_01193	MER0047718	27.052	329	167	15	240	507	18	334	4.92e-10	58.2
NHMPPKFP_01193	MER0016986	30.638	235	108	9	297	484	90	316	5.29e-10	57.8
NHMPPKFP_01193	MER0000348	26.613	248	130	7	282	484	73	313	5.43e-10	57.8
NHMPPKFP_01193	MER0068994	25.830	271	135	8	295	512	107	364	5.63e-10	58.2
NHMPPKFP_01193	MER0005712	27.941	272	143	11	282	503	76	344	7.39e-10	57.8
NHMPPKFP_01193	MER0000350	24.419	258	140	7	297	508	90	338	1.48e-09	56.6
NHMPPKFP_01193	MER0015431	27.119	295	146	10	283	521	70	351	1.51e-09	56.6
NHMPPKFP_01193	MER0050310	26.316	228	135	10	297	508	102	312	1.53e-09	57.0
NHMPPKFP_01193	MER0087792	25.974	231	138	7	297	496	97	325	2.09e-09	56.2
NHMPPKFP_01193	MER0000344	30.660	212	111	10	297	495	88	276	3.00e-09	55.1
NHMPPKFP_01193	MER0001451	27.368	285	151	11	273	505	44	324	4.10e-09	55.1
NHMPPKFP_01193	MER0019280	27.372	274	157	9	240	499	35	280	4.49e-09	54.7
NHMPPKFP_01193	MER0000347	26.457	223	138	7	294	499	116	329	7.53e-09	54.7
NHMPPKFP_01193	MER0002764	34.225	187	96	9	297	478	89	253	7.66e-09	53.9
NHMPPKFP_01193	MER0028258	27.068	266	148	10	272	496	82	342	9.57e-09	54.3
NHMPPKFP_01193	MER0005078	27.897	233	129	9	297	514	80	288	1.24e-08	53.1
NHMPPKFP_01193	MER0000335	30.189	212	114	10	297	499	69	255	1.43e-08	53.1
NHMPPKFP_01193	MER0004988	27.650	217	127	9	297	499	71	271	1.49e-08	53.1
NHMPPKFP_01193	MER0005756	25.965	285	138	11	297	521	112	383	2.55e-08	52.8
NHMPPKFP_01193	MER0001454	26.257	179	84	5	376	506	156	334	2.88e-08	52.4
NHMPPKFP_01193	MER0000364	29.386	228	123	10	288	495	61	270	3.03e-08	52.0
NHMPPKFP_01193	MER0000325	43.182	88	44	3	417	502	174	257	5.85e-08	51.6
NHMPPKFP_01193	MER0016991	27.004	237	134	8	297	505	78	303	7.32e-08	51.2
NHMPPKFP_01193	MER0004720	29.187	209	121	8	297	499	73	260	7.41e-08	50.8
NHMPPKFP_01193	MER0022415	26.852	216	127	9	292	497	79	273	9.49e-08	51.2
NHMPPKFP_01193	MER0004869	23.897	272	141	10	297	502	82	353	1.75e-07	50.1
NHMPPKFP_01193	MER0037258	26.809	235	142	12	288	499	68	295	1.82e-07	49.7
NHMPPKFP_01193	MER0002739	29.832	238	112	13	297	496	98	318	2.29e-07	50.1
NHMPPKFP_01193	MER0003020	28.458	253	102	10	297	482	226	466	2.36e-07	50.1
NHMPPKFP_01193	MER0015433	33.721	86	44	3	431	503	353	438	4.87e-07	48.9
NHMPPKFP_01193	MER0025143	29.114	158	85	6	297	447	71	208	5.79e-07	48.1
NHMPPKFP_01193	MER0000338	30.332	211	116	10	297	499	72	259	6.25e-07	48.1
NHMPPKFP_01193	MER0015432	25.175	286	140	10	297	521	87	359	8.51e-07	48.1
NHMPPKFP_01193	MER0005699	25.210	238	123	8	337	519	156	393	1.25e-06	47.8
NHMPPKFP_01193	MER0006036	34.568	81	40	1	443	510	371	451	1.79e-06	47.4
NHMPPKFP_01193	MER0013896	32.609	92	43	2	431	503	358	449	1.88e-06	47.0
NHMPPKFP_01193	MER0080418	25.641	156	88	7	362	500	193	337	4.96e-06	45.4
NHMPPKFP_01193	MER0001467	32.955	88	39	3	430	497	247	334	8.96e-06	44.7
NHMPPKFP_01193	MER0004113	26.923	286	156	12	259	520	56	312	9.05e-06	44.7
NHMPPKFP_01203	MER0004775	40.854	656	377	6	32	683	10	658	5.93e-171	501
NHMPPKFP_01203	MER0011141	31.571	681	423	18	36	683	19	689	3.86e-107	337
NHMPPKFP_01203	MER0019832	31.240	653	429	9	35	683	12	648	1.03e-102	324
NHMPPKFP_01203	MER0001056	29.897	679	425	12	36	683	19	677	3.40e-101	321
NHMPPKFP_01203	MER0011838	28.167	671	444	12	39	683	23	681	4.12e-98	313
NHMPPKFP_01203	MER0002988	29.927	685	433	13	36	683	19	693	2.76e-96	308
NHMPPKFP_01203	MER0001058	31.153	642	419	10	46	683	4	626	2.55e-95	304
NHMPPKFP_01203	MER0001991	30.197	659	435	11	33	672	16	668	1.40e-94	304
NHMPPKFP_01203	MER0019831	30.903	631	390	13	89	683	31	651	6.13e-93	298
NHMPPKFP_01203	MER0013406	28.996	707	444	18	24	683	1	696	2.80e-92	298
NHMPPKFP_01203	MER0011159	27.826	690	459	13	20	683	6	682	1.93e-89	290
NHMPPKFP_01203	MER0001050	27.927	709	455	15	18	683	4	699	2.31e-88	288
NHMPPKFP_01203	MER0002350	29.916	712	436	19	16	683	4	696	4.13e-88	287
NHMPPKFP_01203	MER0004762	29.220	705	436	23	25	683	2	689	9.44e-81	267
NHMPPKFP_01203	MER0002062	29.240	684	426	21	36	672	19	691	1.66e-80	267
NHMPPKFP_01203	MER0001059	30.403	546	373	5	46	588	5	546	1.88e-80	263
NHMPPKFP_01203	MER0005528	27.914	695	455	16	20	683	6	685	1.34e-79	264
NHMPPKFP_01203	MER0002997	27.273	682	445	16	39	683	22	689	9.28e-75	251
NHMPPKFP_01203	MER0002285	25.849	677	427	14	36	683	19	649	1.33e-63	220
NHMPPKFP_01203	MER0001365	28.711	512	312	12	219	683	226	731	3.15e-55	198
NHMPPKFP_01203	MER0015175	23.764	728	472	21	36	683	26	750	1.12e-54	196
NHMPPKFP_01203	MER0038668	25.990	581	353	20	173	683	30	603	6.91e-52	186
NHMPPKFP_01203	MER0001054	24.490	686	429	24	40	683	23	661	1.26e-47	175
NHMPPKFP_01203	MER0162857	30.435	345	215	9	361	683	405	746	2.65e-43	163
NHMPPKFP_01203	MER0011433	23.810	693	440	22	37	683	26	676	2.29e-36	142
NHMPPKFP_01203	MER0004778	22.430	749	467	27	20	683	7	726	1.36e-32	130
NHMPPKFP_01203	MER0011432	22.446	695	447	26	37	683	26	676	1.32e-30	124
NHMPPKFP_01203	MER0011429	22.944	693	430	23	36	683	26	659	3.45e-30	123
NHMPPKFP_01203	MER0011427	26.790	377	225	11	337	677	317	678	4.29e-29	120
NHMPPKFP_01203	MER0011430	28.086	324	211	9	373	683	343	657	2.42e-28	117
NHMPPKFP_01203	MER0026946	29.231	260	162	8	426	683	15	254	4.14e-26	104
NHMPPKFP_01203	MER0024834	31.492	181	115	5	507	680	2	180	4.73e-25	99.8
NHMPPKFP_01203	MER0004761	24.295	461	315	15	241	683	214	658	2.98e-22	98.6
NHMPPKFP_01203	MER0011355	25.068	367	224	13	341	672	306	656	6.33e-22	97.4
NHMPPKFP_01203	MER0002987	24.852	338	231	8	348	672	242	569	1.33e-21	95.9
NHMPPKFP_01203	MER0002993	26.715	277	156	8	353	595	314	577	2.52e-19	89.0
NHMPPKFP_01203	MER0002990	24.412	340	230	10	358	683	321	647	2.01e-17	83.2
NHMPPKFP_01203	MER0011195	22.036	717	446	32	7	683	12	655	6.28e-17	81.6
NHMPPKFP_01203	MER0002991	27.230	213	145	6	477	683	472	680	3.97e-14	72.4
NHMPPKFP_01203	MER0002989	20.885	407	268	10	293	683	272	640	4.28e-12	65.9
NHMPPKFP_01203	MER0011151	35.000	60	39	0	477	536	187	246	1.49e-10	60.1
NHMPPKFP_01203	MER0011306	25.000	208	123	8	483	683	465	646	3.15e-10	60.1
NHMPPKFP_01203	MER0011486	23.482	247	160	7	362	592	296	529	4.07e-10	59.3
NHMPPKFP_01203	MER0015181	22.741	321	219	10	366	672	330	635	9.97e-10	58.5
NHMPPKFP_01203	MER0004763	23.830	235	147	6	379	594	201	422	6.58e-09	55.5
NHMPPKFP_01203	MER0002998	19.220	359	243	12	253	593	254	583	8.76e-08	52.0
NHMPPKFP_01203	MER0002999	25.556	90	57	1	452	541	437	516	3.96e-06	46.6
NHMPPKFP_01205	MER0058228	28.631	241	137	8	691	915	2	223	3.03e-15	73.6
NHMPPKFP_01205	MER0004923	23.881	268	171	8	680	931	39	289	6.09e-14	70.5
NHMPPKFP_01205	MER0034615	25.714	245	136	9	699	919	13	235	2.48e-13	67.8
NHMPPKFP_01205	MER0000408	27.485	171	112	6	759	922	76	241	2.27e-12	65.1
NHMPPKFP_01205	MER0004925	24.903	257	150	8	680	913	4	240	2.38e-12	65.1
NHMPPKFP_01205	MER0003558	30.000	150	96	4	767	915	101	242	2.43e-12	65.1
NHMPPKFP_01205	MER0014827	25.581	258	147	11	680	913	4	240	3.80e-10	58.5
NHMPPKFP_01205	MER0013484	26.070	257	157	10	694	936	2	239	4.70e-10	57.8
NHMPPKFP_01205	MER0011413	20.717	251	172	7	694	931	2	238	1.02e-09	57.0
NHMPPKFP_01205	MER0011583	28.313	166	98	8	772	931	93	243	1.91e-09	56.2
NHMPPKFP_01205	MER0000263	24.681	235	136	7	699	912	9	223	3.89e-09	55.1
NHMPPKFP_01205	MER0001423	23.482	247	156	7	698	930	4	231	2.27e-08	52.8
NHMPPKFP_01205	MER0140224	22.785	158	110	2	767	919	74	224	6.07e-08	51.6
NHMPPKFP_01205	MER0017401	25.676	148	100	4	767	913	81	219	1.20e-07	50.8
NHMPPKFP_01205	MER0005196	27.083	144	83	5	689	816	15	152	1.72e-07	50.4
NHMPPKFP_01205	MER0000401	21.825	252	153	8	699	930	29	256	2.03e-07	50.4
NHMPPKFP_01205	MER0126485	23.377	154	110	3	765	918	76	221	4.60e-07	48.9
NHMPPKFP_01205	MER0000404	28.387	155	78	3	688	820	18	161	4.01e-06	46.2
NHMPPKFP_01205	MER0005994	23.810	168	109	4	768	932	110	261	8.08e-06	45.4
NHMPPKFP_01247	MER0011464	30.396	227	150	7	82	303	22	245	2.11e-27	108
NHMPPKFP_01247	MER0029965	29.126	206	141	4	103	306	50	252	5.96e-26	104
NHMPPKFP_01247	MER0011462	30.151	199	133	5	103	298	48	243	8.87e-26	104
NHMPPKFP_01247	MER0015338	32.000	200	128	6	103	298	52	247	2.29e-25	103
NHMPPKFP_01247	MER0011461	30.131	229	151	7	74	297	16	240	2.35e-25	102
NHMPPKFP_01247	MER0038833	30.453	243	159	7	67	303	10	248	3.06e-24	99.8
NHMPPKFP_01247	MER0038831	28.750	240	163	6	69	303	12	248	6.25e-24	99.0
NHMPPKFP_01247	MER0015688	31.053	190	125	3	111	298	64	249	7.65e-24	98.6
NHMPPKFP_01247	MER0011487	29.237	236	159	6	68	298	11	243	2.68e-23	97.1
NHMPPKFP_01247	MER0005158	33.180	217	132	6	103	313	51	260	9.63e-23	95.5
NHMPPKFP_01247	MER0030257	27.347	245	170	6	64	303	7	248	2.14e-22	94.4
NHMPPKFP_01247	MER0038832	27.053	207	145	4	102	305	47	250	3.28e-22	94.0
NHMPPKFP_01247	MER0038822	29.384	211	142	5	97	303	3	210	1.51e-21	90.9
NHMPPKFP_01247	MER0001911	29.381	194	123	7	100	289	38	221	2.13e-18	82.4
NHMPPKFP_01247	MER0038830	23.967	242	141	8	67	305	10	211	3.85e-13	66.2
NHMPPKFP_01247	MER0015336	24.752	202	134	6	98	286	57	253	8.65e-09	54.3
NHMPPKFP_01247	MER0002161	29.648	199	123	6	29	225	5	188	8.65e-09	54.3
NHMPPKFP_01247	MER0005139	35.632	87	49	3	102	184	62	145	1.29e-06	47.8
NHMPPKFP_01254	MER0004480	36.036	111	65	3	12	122	1	105	1.19e-10	59.3
NHMPPKFP_01254	MER0004469	26.957	115	76	3	8	121	7	114	2.75e-10	58.5
NHMPPKFP_01254	MER0004468	27.074	229	138	8	230	452	210	415	7.56e-09	54.3
NHMPPKFP_01254	MER0004468	38.235	68	40	1	8	75	4	69	1.80e-06	46.6
NHMPPKFP_01254	MER0004474	30.841	107	67	3	15	121	89	188	1.44e-08	53.1
NHMPPKFP_01254	MER0897124	27.511	229	137	8	230	452	210	415	1.75e-08	53.1
NHMPPKFP_01254	MER0897124	38.235	68	40	1	8	75	4	69	1.62e-06	47.0
NHMPPKFP_01254	MER0004471	32.710	107	65	3	15	121	95	194	6.62e-08	51.2
NHMPPKFP_01255	MER0002060	28.079	203	124	5	273	454	7	208	2.21e-18	81.3
NHMPPKFP_01255	MER0091680	31.544	149	93	4	335	478	71	215	2.68e-18	81.3
NHMPPKFP_01255	MER0001012	29.817	218	126	8	269	463	3	216	2.88e-18	80.9
NHMPPKFP_01255	MER0019759	31.410	156	90	5	336	482	82	229	1.16e-17	79.7
NHMPPKFP_01255	MER0168983	35.625	160	78	10	301	447	1	148	1.55e-17	77.4
NHMPPKFP_01255	MER0000997	33.333	192	90	10	288	448	20	204	1.86e-17	78.6
NHMPPKFP_01255	MER0001009	29.193	161	102	4	336	489	20	175	2.44e-17	78.2
NHMPPKFP_01255	MER0002968	36.752	117	69	2	336	448	87	202	3.00e-17	78.2
NHMPPKFP_01255	MER0004243	30.769	221	111	12	276	463	5	216	3.02e-17	78.2
NHMPPKFP_01255	MER0005045	29.570	186	99	7	293	452	10	189	4.16e-17	77.0
NHMPPKFP_01255	MER0011423	35.833	120	69	3	335	448	84	201	9.73e-17	76.6
NHMPPKFP_01255	MER0005046	33.333	129	76	4	333	454	66	191	1.18e-16	75.9
NHMPPKFP_01255	MER0011440	34.677	124	65	3	335	448	80	197	1.77e-16	75.9
NHMPPKFP_01255	MER0001005	36.885	122	72	2	336	452	47	168	2.52e-16	74.3
NHMPPKFP_01255	MER0005331	29.208	202	111	8	273	448	2	197	3.16e-16	75.1
NHMPPKFP_01255	MER0002746	32.895	152	94	4	336	482	82	230	3.29e-16	75.5
NHMPPKFP_01255	MER0011183	31.126	151	96	4	337	482	75	222	3.68e-16	75.1
NHMPPKFP_01255	MER0011369	33.600	125	67	4	336	450	96	214	3.97e-16	75.1
NHMPPKFP_01255	MER0002003	34.286	140	75	6	336	465	87	219	8.09e-16	73.9
NHMPPKFP_01255	MER0001185	33.088	136	75	5	336	463	88	215	8.34e-16	73.9
NHMPPKFP_01255	MER0002355	28.421	190	115	6	276	448	10	195	1.40e-15	73.2
NHMPPKFP_01255	MER0006264	30.081	123	70	3	336	448	53	169	2.32e-15	71.6
NHMPPKFP_01255	MER0011438	32.258	124	68	3	336	449	81	198	3.27e-15	72.0
NHMPPKFP_01255	MER0001010	29.605	152	95	4	336	480	61	207	3.34e-15	72.0
NHMPPKFP_01255	MER0011370	33.333	135	80	5	335	463	80	210	1.23e-14	70.5
NHMPPKFP_01255	MER0019754	28.877	187	100	8	291	449	2	183	1.71e-14	69.7
NHMPPKFP_01255	MER0011720	27.368	190	125	4	273	452	7	193	1.95e-14	69.7
NHMPPKFP_01255	MER0168177	30.065	153	97	5	301	447	1	149	4.19e-14	67.8
NHMPPKFP_01255	MER0001003	35.294	119	69	2	337	448	55	172	4.73e-14	67.8
NHMPPKFP_01255	MER0011401	31.111	135	74	4	332	453	71	199	1.92e-13	66.6
NHMPPKFP_01255	MER0028449	29.508	122	76	4	336	448	88	208	2.52e-13	66.6
NHMPPKFP_01255	MER0015166	26.852	216	117	7	268	448	9	218	3.90e-13	66.2
NHMPPKFP_01255	MER0002078	29.870	154	96	4	336	482	82	230	3.95e-13	66.2
NHMPPKFP_01255	MER0011175	30.328	122	71	3	337	449	82	198	1.87e-12	63.9
NHMPPKFP_01255	MER0036308	31.944	144	83	5	319	449	58	199	2.12e-12	64.3
NHMPPKFP_01255	MER0011371	31.356	118	75	2	336	448	82	198	2.15e-12	63.5
NHMPPKFP_01255	MER0002422	34.746	118	75	2	336	452	81	197	2.17e-12	63.5
NHMPPKFP_01255	MER0001701	28.676	136	79	5	324	448	59	187	3.97e-12	63.2
NHMPPKFP_01255	MER0016308	32.500	120	69	4	337	448	55	170	1.45e-11	60.8
NHMPPKFP_01255	MER0002210	30.252	119	76	3	336	448	39	156	2.83e-11	59.3
NHMPPKFP_01255	MER0052595	31.667	120	74	3	336	448	89	207	3.40e-11	60.5
NHMPPKFP_01255	MER0005328	31.973	147	82	7	319	448	49	194	2.68e-10	57.4
NHMPPKFP_01255	MER0001525	29.231	130	79	5	333	450	87	215	3.28e-10	57.8
NHMPPKFP_01255	MER0012283	29.861	144	86	6	319	448	60	202	1.87e-09	55.1
NHMPPKFP_01255	MER0011400	31.293	147	84	5	338	474	84	223	2.62e-09	55.1
NHMPPKFP_01255	MER0026830	57.895	38	15	1	336	372	83	120	5.62e-09	53.1
NHMPPKFP_01255	MER0012271	29.268	123	75	5	337	449	86	206	7.21e-09	53.9
NHMPPKFP_01255	MER0001017	28.221	163	97	7	319	464	60	219	1.31e-08	53.1
NHMPPKFP_01255	MER0002755	27.517	149	89	6	319	450	50	196	3.59e-08	51.2
NHMPPKFP_01255	MER0003916	46.341	41	22	0	336	376	70	110	1.25e-07	49.3
NHMPPKFP_01255	MER0011345	28.049	164	97	8	319	465	60	219	2.50e-07	49.3
NHMPPKFP_01255	MER0019730	23.188	138	79	3	337	448	84	220	3.60e-07	48.9
NHMPPKFP_01255	MER0002281	29.452	146	86	7	319	448	61	205	4.37e-07	48.5
NHMPPKFP_01255	MER0011399	27.731	119	74	3	339	449	84	198	6.44e-07	47.8
NHMPPKFP_01255	MER0019096	26.490	151	94	7	337	484	61	197	2.24e-06	45.8
NHMPPKFP_01255	MER0171631	63.333	30	11	0	338	367	85	114	8.11e-06	44.3
NHMPPKFP_01255	MER0040779	25.833	120	70	2	336	450	81	186	9.29e-06	43.9
NHMPPKFP_01262	MER0045479	24.900	249	153	8	32	272	32	254	2.72e-15	70.9
NHMPPKFP_01262	MER0036038	24.096	249	155	9	32	272	32	254	5.46e-15	69.7
NHMPPKFP_01262	MER0031565	24.215	223	143	6	32	248	32	234	1.18e-14	68.9
NHMPPKFP_01262	MER0036036	25.225	222	140	8	33	247	33	235	2.85e-12	62.0
NHMPPKFP_01262	MER0031569	22.979	235	154	9	32	260	28	241	2.05e-08	50.8
NHMPPKFP_01267	MER0017142	35.052	97	46	4	65	154	9	95	1.95e-07	47.8
NHMPPKFP_01270	MER0031619	30.097	103	70	2	11	111	25	127	1.48e-10	57.0
NHMPPKFP_01270	MER0035032	28.276	145	97	3	15	154	32	174	1.67e-10	57.0
NHMPPKFP_01270	MER0036072	22.624	221	155	5	1	206	67	286	6.73e-10	55.5
NHMPPKFP_01270	MER0036115	31.373	102	67	3	12	111	34	134	2.78e-09	53.1
NHMPPKFP_01270	MER0035044	28.155	103	71	3	10	110	30	131	4.30e-09	52.8
NHMPPKFP_01270	MER0048002	27.660	141	95	4	11	144	76	216	5.06e-09	52.8
NHMPPKFP_01270	MER0036053	28.037	107	76	1	15	121	9	114	8.56e-09	51.6
NHMPPKFP_01270	MER0011785	29.032	124	80	2	13	128	34	157	8.82e-09	52.0
NHMPPKFP_01270	MER0017142	29.897	97	63	2	15	111	15	106	1.75e-08	50.4
NHMPPKFP_01270	MER0034563	29.268	123	82	4	13	133	15	134	1.81e-08	50.4
NHMPPKFP_01270	MER0044350	33.333	105	62	3	15	114	2	103	2.65e-08	50.1
NHMPPKFP_01270	MER0035038	27.434	113	77	4	10	118	27	138	2.89e-08	50.4
NHMPPKFP_01270	MER0035043	31.667	120	72	5	12	124	34	150	4.23e-08	49.7
NHMPPKFP_01270	MER0035035	28.972	107	69	3	10	112	32	135	5.01e-08	49.7
NHMPPKFP_01270	MER0014065	27.586	116	75	3	1	110	20	132	7.48e-08	49.3
NHMPPKFP_01270	MER0004146	24.370	119	85	2	1	114	6	124	1.14e-07	48.1
NHMPPKFP_01270	MER0036076	29.730	111	74	3	1	108	48	157	1.35e-07	48.1
NHMPPKFP_01270	MER0035973	26.277	137	81	4	9	142	51	170	2.31e-07	47.4
NHMPPKFP_01270	MER0031616	26.667	105	73	2	10	110	35	139	6.44e-07	46.2
NHMPPKFP_01270	MER0213280	25.234	107	73	3	10	112	27	130	1.03e-06	45.4
NHMPPKFP_01270	MER0035042	23.109	238	165	9	18	250	39	263	2.72e-06	44.3
NHMPPKFP_01270	MER0031611	26.415	106	65	3	12	109	37	137	4.37e-06	43.5
NHMPPKFP_01270	MER0011509	23.636	110	74	2	8	110	32	138	4.43e-06	43.9
NHMPPKFP_01270	MER0017033	29.245	106	66	4	12	112	62	163	5.52e-06	43.5
NHMPPKFP_01270	MER0036075	28.283	99	67	3	15	109	71	169	7.66e-06	43.1
NHMPPKFP_01290	MER0005694	52.920	274	128	1	428	701	1	273	5.36e-98	301
NHMPPKFP_01290	MER0000392	50.355	282	130	4	440	712	3	283	1.00e-94	292
NHMPPKFP_01290	MER0015621	51.079	278	119	4	440	701	13	289	5.88e-92	286
NHMPPKFP_01290	MER0022823	51.866	268	122	6	440	701	3	269	4.53e-89	277
NHMPPKFP_01290	MER0981959	49.640	278	122	5	440	701	2	277	2.38e-88	276
NHMPPKFP_01290	MER0079308	51.128	266	126	4	443	706	6	269	6.11e-87	271
NHMPPKFP_01290	MER0002490	47.902	286	124	5	440	701	13	297	7.43e-86	270
NHMPPKFP_01290	MER0011450	51.103	272	120	6	440	701	3	271	3.58e-84	265
NHMPPKFP_01290	MER0325901	43.066	274	151	5	440	709	1	273	3.64e-67	219
NHMPPKFP_01290	MER0000398	43.726	263	135	5	444	706	4	253	2.92e-62	206
NHMPPKFP_01290	MER0003229	38.189	254	149	5	440	692	11	257	1.10e-45	161
NHMPPKFP_01290	MER0000410	34.263	251	159	5	440	687	13	260	1.79e-42	152
NHMPPKFP_01290	MER0011872	29.537	281	192	3	434	709	7	286	3.12e-32	123
NHMPPKFP_01290	MER0082498	28.947	266	166	8	454	696	12	277	2.20e-25	103
NHMPPKFP_01290	MER0082653	27.481	262	168	6	454	694	16	276	5.74e-23	96.3
NHMPPKFP_01290	MER0004227	26.364	220	158	2	454	670	33	251	1.32e-18	84.0
NHMPPKFP_01290	MER0003558	22.624	221	164	4	477	697	39	252	2.77e-06	46.2
NHMPPKFP_01290	MER0001920	26.126	222	150	6	479	691	21	237	3.01e-06	46.2
NHMPPKFP_01301	MER0031616	28.302	106	69	2	36	134	39	144	2.18e-11	60.1
NHMPPKFP_01301	MER0017142	23.711	194	137	5	37	226	15	201	1.63e-07	48.1
NHMPPKFP_01301	MER0034563	26.667	120	75	3	19	134	3	113	6.70e-07	46.2
NHMPPKFP_01301	MER0036072	30.909	110	67	2	34	134	78	187	7.29e-07	46.6
NHMPPKFP_01301	MER0036115	26.471	102	72	1	33	131	32	133	2.91e-06	44.7
NHMPPKFP_01301	MER0017193	28.369	141	94	5	32	167	21	159	2.95e-06	44.3
NHMPPKFP_01301	MER0011509	22.642	106	75	2	36	134	38	143	4.12e-06	44.3
NHMPPKFP_01324	MER0069741	35.000	100	53	6	89	188	69	156	1.10e-07	47.0
NHMPPKFP_01337	MER0034541	23.746	1415	939	50	514	1840	36	1398	2.31e-77	280
NHMPPKFP_01337	MER0023251	23.333	300	170	12	1212	1471	716	995	6.40e-07	51.2
NHMPPKFP_01344	MER0036308	30.864	162	95	6	337	487	58	213	5.66e-12	62.8
NHMPPKFP_01344	MER0002755	26.943	193	128	5	299	478	8	200	1.71e-11	60.8
NHMPPKFP_01344	MER0012283	26.455	189	124	5	310	485	29	215	2.28e-11	60.8
NHMPPKFP_01344	MER0011345	24.878	205	133	7	297	486	20	218	2.82e-10	58.2
NHMPPKFP_01344	MER0001009	25.466	161	101	3	356	505	17	169	5.35e-10	56.6
NHMPPKFP_01344	MER0011369	25.564	133	96	2	356	485	93	225	1.79e-09	55.5
NHMPPKFP_01344	MER0001010	23.810	210	126	8	314	497	1	202	1.32e-08	52.4
NHMPPKFP_01344	MER0019759	25.000	160	102	3	356	505	79	230	1.77e-08	52.4
NHMPPKFP_01344	MER0006264	24.000	150	91	4	337	471	27	168	7.05e-08	49.7
NHMPPKFP_01344	MER0011440	24.460	139	90	4	356	485	78	210	7.07e-08	50.4
NHMPPKFP_01344	MER0011423	25.180	139	85	5	346	471	72	204	2.71e-07	48.5
NHMPPKFP_01344	MER0005328	25.126	199	121	9	300	479	10	199	2.71e-07	48.5
NHMPPKFP_01344	MER0002281	22.772	202	127	6	305	485	25	218	4.45e-07	48.1
NHMPPKFP_01344	MER0001013	26.316	190	126	7	310	486	30	218	4.83e-07	48.1
NHMPPKFP_01344	MER0011438	27.885	104	60	4	314	402	21	124	5.11e-07	47.8
NHMPPKFP_01344	MER0002422	24.519	208	120	6	308	485	4	204	8.67e-07	47.0
NHMPPKFP_01344	MER0002078	22.024	168	116	3	347	505	70	231	1.14e-06	47.0
NHMPPKFP_01344	MER0011175	28.788	132	79	4	355	477	77	202	1.19e-06	46.6
NHMPPKFP_01344	MER0019096	24.516	155	91	4	361	507	62	198	1.35e-06	46.2
NHMPPKFP_01344	MER0028449	24.818	137	96	3	356	485	85	221	2.54e-06	45.8
NHMPPKFP_01344	MER0052595	23.404	141	95	2	356	487	86	222	3.70e-06	45.4
NHMPPKFP_01344	MER0002060	21.106	199	128	8	310	485	23	215	4.96e-06	45.1
NHMPPKFP_01344	MER0002355	27.559	127	80	4	356	477	81	200	5.64e-06	44.7
NHMPPKFP_01344	MER0011370	24.627	134	98	2	355	485	77	210	7.09e-06	44.3
NHMPPKFP_01344	MER0001017	20.408	196	132	5	310	486	29	219	9.29e-06	44.3
NHMPPKFP_01347	MER0001425	44.512	164	80	3	193	349	3	162	1.52e-35	128
NHMPPKFP_01347	MER0003514	40.523	153	88	2	194	346	4	153	2.96e-33	121
NHMPPKFP_01347	MER0001297	37.179	156	95	1	194	349	4	156	6.40e-31	115
NHMPPKFP_01347	MER0003065	34.667	150	95	1	194	343	4	150	9.46e-30	112
NHMPPKFP_01347	MER0003413	36.667	150	93	1	194	343	4	151	6.75e-28	106
NHMPPKFP_01347	MER0015684	35.526	152	97	1	191	342	1	151	3.11e-26	102
NHMPPKFP_01347	MER0004196	38.462	156	93	3	193	347	3	156	8.84e-25	98.2
NHMPPKFP_01347	MER0004195	31.847	157	99	2	194	347	4	155	1.43e-22	91.7
NHMPPKFP_01347	MER0005714	31.013	158	95	3	195	342	5	158	4.17e-21	87.8
NHMPPKFP_01347	MER0001295	33.533	167	95	4	194	347	4	167	6.10e-20	84.7
NHMPPKFP_01374	MER0192051	27.103	214	144	6	24	228	97	307	3.77e-13	66.6
NHMPPKFP_01393	MER0069741	39.175	97	57	2	186	282	70	164	1.03e-18	78.6
NHMPPKFP_01393	MER0003376	35.714	126	65	4	174	284	33	157	4.74e-17	73.9
NHMPPKFP_01393	MER0003380	34.127	126	72	3	165	280	107	231	6.53e-16	72.4
NHMPPKFP_01393	MER0005300	31.092	119	77	2	171	285	46	163	6.14e-14	65.5
NHMPPKFP_01393	MER0015415	31.469	143	89	4	133	271	12	149	1.39e-13	64.3
NHMPPKFP_01393	MER0003906	37.143	105	59	4	186	284	1	104	3.74e-11	56.2
NHMPPKFP_01393	MER0387040	34.314	102	61	3	186	284	1	99	6.03e-11	55.5
NHMPPKFP_01393	MER0013541	33.721	86	56	1	186	271	1	85	1.23e-10	53.9
NHMPPKFP_01393	MER0003423	34.545	110	63	3	163	270	15	117	2.04e-10	55.1
NHMPPKFP_01393	MER0066182	34.314	102	61	3	186	284	92	190	2.89e-10	55.5
NHMPPKFP_01393	MER0001419	40.230	87	49	2	186	270	32	117	1.17e-09	52.8
NHMPPKFP_01421	MER0002036	36.765	136	81	3	14	145	8	142	7.68e-21	86.7
NHMPPKFP_01421	MER0002031	27.586	116	80	1	16	131	10	121	4.55e-11	58.2
NHMPPKFP_01421	MER0014664	26.866	134	96	2	16	149	7	138	1.29e-07	48.5
NHMPPKFP_01465	MER0001244	42.205	263	137	6	157	407	2	261	3.17e-61	196
NHMPPKFP_01465	MER0013463	38.258	264	148	4	156	408	1	260	1.25e-56	184
NHMPPKFP_01465	MER0028601	33.455	275	147	10	158	407	3	266	1.01e-42	148
NHMPPKFP_01465	MER0001733	29.452	292	163	4	158	408	3	292	1.44e-41	145
NHMPPKFP_01465	MER0004532	32.231	242	127	6	157	389	2	215	1.60e-34	125
NHMPPKFP_01465	MER0004931	31.799	239	137	5	157	391	2	218	1.55e-33	122
NHMPPKFP_01465	MER0005462	31.250	240	139	5	156	391	1	218	1.28e-31	117
NHMPPKFP_01465	MER0001248	32.365	241	113	7	213	407	16	252	1.24e-30	115
NHMPPKFP_01465	MER0005715	30.677	251	138	7	157	401	2	222	2.36e-27	105
NHMPPKFP_01465	MER0001250	26.263	297	153	11	158	401	3	286	2.91e-19	84.3
NHMPPKFP_01465	MER0002038	25.410	244	152	7	157	393	2	222	3.57e-17	77.0
NHMPPKFP_01465	MER0004321	28.470	281	144	15	158	407	3	257	1.90e-15	72.8
NHMPPKFP_01465	MER0027437	26.400	250	133	11	156	382	1	222	2.51e-14	69.3
NHMPPKFP_01465	MER0016544	29.648	199	102	10	211	395	82	256	2.98e-13	66.6
NHMPPKFP_01465	MER0002039	29.101	189	102	7	210	389	61	226	1.20e-11	61.2
NHMPPKFP_01465	MER0003105	26.341	205	115	9	206	397	59	240	9.35e-11	58.9
NHMPPKFP_01465	MER0014518	22.374	219	125	9	212	408	64	259	7.93e-06	43.9
NHMPPKFP_01480	MER0003338	60.741	135	53	0	225	359	1	135	3.97e-53	169
NHMPPKFP_01480	MER0003303	48.507	134	66	2	225	358	1	131	1.22e-37	129
NHMPPKFP_01480	MER0013976	51.587	126	58	2	225	350	1	123	1.45e-35	123
NHMPPKFP_01480	MER0017622	28.782	271	152	9	43	295	1	248	2.31e-23	94.7
NHMPPKFP_01480	MER0003336	35.075	134	78	3	225	350	1	133	1.18e-17	75.9
NHMPPKFP_01480	MER0034967	25.714	210	116	7	104	292	1	191	2.77e-13	65.1
NHMPPKFP_01480	MER0011465	36.364	121	73	3	225	343	1	119	2.90e-11	57.8
NHMPPKFP_01480	MER0016969	31.304	115	64	3	225	326	1	113	4.88e-11	57.8
NHMPPKFP_01480	MER0003299	43.243	74	42	0	225	298	1	74	2.98e-10	55.1
NHMPPKFP_01562	MER0237414	25.225	222	146	7	68	272	3	221	1.28e-14	70.9
NHMPPKFP_01562	MER0001233	20.476	210	145	5	65	256	1	206	4.52e-06	45.4
