BCCCHDNK_00004	MER0035089	46.644	298	153	5	156	451	28	321	1.09e-88	272
BCCCHDNK_00004	MER0041673	35.808	458	283	8	22	470	10	465	1.04e-84	266
BCCCHDNK_00004	MER0001236	43.631	314	164	8	168	477	175	479	2.38e-83	263
BCCCHDNK_00004	MER0001235	40.274	365	209	6	113	473	117	476	1.58e-78	250
BCCCHDNK_00004	MER0001238	37.118	458	255	14	37	466	37	489	1.04e-75	243
BCCCHDNK_00004	MER0024892	38.728	346	196	6	126	457	38	381	8.16e-71	227
BCCCHDNK_00004	MER0004597	42.258	310	163	8	159	458	29	332	3.51e-70	224
BCCCHDNK_00004	MER0001910	33.475	469	261	12	10	449	17	463	9.94e-67	219
BCCCHDNK_00004	MER0004598	39.024	328	173	9	159	465	29	350	1.72e-66	214
BCCCHDNK_00004	MER0014397	40.199	301	175	5	151	449	29	326	4.33e-66	213
BCCCHDNK_00004	MER0002271	36.996	446	257	13	33	458	29	470	5.90e-65	214
BCCCHDNK_00004	MER0003919	37.571	354	208	8	113	462	7	351	1.23e-64	210
BCCCHDNK_00004	MER0026959	45.041	242	129	4	210	449	4	243	7.89e-63	202
BCCCHDNK_00004	MER0003825	39.319	323	187	6	150	467	112	430	2.31e-62	206
BCCCHDNK_00004	MER0002497	33.333	381	221	10	79	450	44	400	7.69e-46	162
BCCCHDNK_00004	MER0011357	32.432	296	187	6	187	478	233	519	5.88e-38	142
BCCCHDNK_00004	MER0105906	33.840	263	169	4	158	416	153	414	3.90e-37	139
BCCCHDNK_00004	MER0001240	31.864	295	195	4	159	448	166	459	1.96e-35	134
BCCCHDNK_00004	MER0013416	31.310	313	196	7	176	478	73	376	4.54e-35	131
BCCCHDNK_00004	MER0079520	27.812	320	197	13	166	455	178	493	3.65e-23	99.0
BCCCHDNK_00004	MER0081108	32.203	236	131	7	241	450	225	457	6.47e-22	95.1
BCCCHDNK_00013	MER0000474	51.323	189	92	0	28	216	15	203	2.96e-73	218
BCCCHDNK_00013	MER0005687	52.151	186	84	1	31	216	27	207	4.33e-66	200
BCCCHDNK_00013	MER0002211	51.064	188	92	0	29	216	16	203	2.41e-65	198
BCCCHDNK_00013	MER0002299	50.270	185	92	0	31	215	12	196	1.16e-61	188
BCCCHDNK_00013	MER0004857	53.216	171	79	1	46	216	34	203	6.88e-61	186
BCCCHDNK_00013	MER0006046	45.026	191	105	0	28	218	15	205	1.37e-60	186
BCCCHDNK_00013	MER0006063	46.703	182	97	0	35	216	23	204	7.93e-58	179
BCCCHDNK_00013	MER0004847	48.128	187	96	1	31	216	18	204	4.24e-56	174
BCCCHDNK_00013	MER0004855	40.000	205	117	1	12	216	7	205	2.72e-55	172
BCCCHDNK_00013	MER0006056	48.780	164	83	1	54	217	46	208	3.11e-53	167
BCCCHDNK_00013	MER0004182	40.805	174	103	0	44	217	27	200	2.99e-47	151
BCCCHDNK_00013	MER0006308	36.158	177	112	1	40	215	17	193	2.68e-45	146
BCCCHDNK_00013	MER0011666	40.828	169	98	2	50	216	17	185	6.09e-40	132
BCCCHDNK_00019	MER0001299	33.399	509	317	10	45	536	7	510	1.47e-73	243
BCCCHDNK_00019	MER0011114	27.610	431	245	7	93	518	2	370	7.72e-48	168
BCCCHDNK_00019	MER0003812	43.889	180	98	2	338	514	2	181	9.77e-38	135
BCCCHDNK_00019	MER0003812	27.027	185	130	4	93	275	4	185	8.62e-11	58.5
BCCCHDNK_00019	MER0321345	43.333	180	99	2	338	514	2	181	1.49e-36	131
BCCCHDNK_00019	MER0321345	27.907	172	119	4	93	262	4	172	9.82e-11	58.2
BCCCHDNK_00019	MER0013957	34.118	170	112	0	345	514	10	179	1.07e-26	104
BCCCHDNK_00019	MER0013957	26.857	175	119	5	90	261	1	169	2.00e-06	45.4
BCCCHDNK_00019	MER0044046	34.807	181	111	2	342	519	7	183	8.85e-26	101
BCCCHDNK_00019	MER0001300	33.533	167	108	2	348	513	9	173	1.97e-25	100
BCCCHDNK_00019	MER0001303	23.333	180	137	1	336	515	1	179	2.35e-09	54.3
BCCCHDNK_00025	MER0073084	20.130	462	330	11	64	501	33	479	3.25e-19	87.8
BCCCHDNK_00025	MER0014496	24.607	191	118	6	267	440	253	434	2.13e-07	50.8
