NOMGJMJP_00030	MER0026494	32.563	476	299	6	1	460	4	473	8.48e-80	253
NOMGJMJP_00030	MER0015142	31.056	483	301	9	1	461	33	505	1.68e-71	232
NOMGJMJP_00030	MER0026471	29.916	478	308	8	1	456	5	477	4.68e-64	211
NOMGJMJP_00030	MER0003397	30.189	212	126	8	1	198	5	208	1.16e-19	86.3
NOMGJMJP_00030	MER0003397	30.769	91	63	0	367	457	218	308	6.44e-11	60.1
NOMGJMJP_00030	MER0057434	28.780	205	126	7	7	198	2	199	2.28e-19	85.5
NOMGJMJP_00030	MER0057434	32.979	94	63	0	363	456	205	298	5.39e-11	60.5
NOMGJMJP_00030	MER0026485	28.571	210	132	5	1	198	4	207	3.69e-19	84.7
NOMGJMJP_00030	MER0026485	30.000	100	70	0	360	459	210	309	8.67e-10	56.6
NOMGJMJP_00030	MER0052470	24.668	377	250	11	80	440	85	443	2.26e-18	84.0
NOMGJMJP_00030	MER0001272	30.882	136	75	6	80	206	60	185	2.75e-09	54.7
NOMGJMJP_00045	MER0194228	30.000	180	109	7	137	304	9	183	1.40e-12	63.2
NOMGJMJP_00045	MER0037181	29.386	228	138	9	64	287	25	233	2.10e-12	63.9
NOMGJMJP_00045	MER0001289	30.000	180	109	7	137	304	85	259	2.34e-12	63.9
NOMGJMJP_00045	MER0100667	28.283	198	112	7	111	300	36	211	7.93e-12	61.2
NOMGJMJP_00045	MER0002161	30.964	197	110	9	96	287	58	233	8.03e-11	59.3
NOMGJMJP_00045	MER0001290	28.235	170	110	4	41	209	46	204	5.07e-10	57.4
NOMGJMJP_00045	MER0004514	28.736	174	112	5	111	279	45	211	2.25e-08	51.6
NOMGJMJP_00045	MER0032443	29.224	219	121	12	92	290	28	232	3.26e-07	48.1
NOMGJMJP_00045	MER0013618	29.282	181	97	8	104	268	58	223	5.59e-07	47.8
NOMGJMJP_00045	MER0001284	28.488	172	109	5	114	279	48	211	6.45e-07	47.4
NOMGJMJP_00084	MER0000485	48.511	235	120	1	578	811	1	235	6.78e-71	230
NOMGJMJP_00084	MER0000495	44.444	243	126	2	578	811	1	243	2.94e-59	199
NOMGJMJP_00084	MER0003443	46.734	199	101	2	610	803	22	220	1.46e-54	185
NOMGJMJP_00084	MER0003442	47.980	198	96	3	619	811	26	221	8.69e-54	183
NOMGJMJP_00084	MER0014970	37.634	279	129	3	578	811	1	279	5.04e-52	180
NOMGJMJP_00084	MER0011056	47.030	202	92	4	619	811	26	221	7.89e-52	177
NOMGJMJP_00084	MER0000488	40.773	233	134	2	578	808	1	231	1.08e-50	174
NOMGJMJP_00084	MER0004236	49.432	176	87	1	633	808	85	258	2.33e-50	174
NOMGJMJP_00084	MER0011057	43.662	213	111	4	604	811	13	221	1.12e-49	171
NOMGJMJP_00084	MER0108906	38.298	235	138	2	578	810	1	230	2.17e-41	148
NOMGJMJP_00084	MER0000496	34.296	277	123	3	578	795	1	277	6.72e-41	149
NOMGJMJP_00084	MER0005837	36.404	228	124	4	579	789	2	225	2.02e-38	140
NOMGJMJP_00084	MER0026213	32.895	152	99	1	664	815	111	259	2.75e-22	94.4
NOMGJMJP_00084	MER0017402	35.849	159	91	4	636	789	28	180	2.27e-17	79.0
NOMGJMJP_00084	MER0003859	33.155	187	99	8	628	807	45	212	1.20e-15	74.3
NOMGJMJP_00084	MER0003359	31.056	161	98	4	636	786	45	202	3.05e-11	61.2
NOMGJMJP_00084	MER0017403	32.143	84	57	0	702	785	97	180	2.89e-06	46.2
NOMGJMJP_00106	MER0003336	62.595	131	45	1	189	315	1	131	4.06e-55	173
NOMGJMJP_00106	MER0011465	45.872	109	56	1	189	297	1	106	2.95e-23	90.9
NOMGJMJP_00106	MER0017622	31.169	231	137	8	40	250	11	239	4.23e-21	87.8
NOMGJMJP_00106	MER0003299	42.478	113	62	1	189	301	1	110	3.18e-18	77.0
NOMGJMJP_00106	MER0003338	35.714	112	67	2	189	299	1	108	2.38e-15	69.3
NOMGJMJP_00106	MER0003303	32.143	112	68	3	189	299	1	105	4.72e-12	59.7
NOMGJMJP_00106	MER0034967	27.389	157	95	6	87	229	1	152	9.48e-12	60.5
NOMGJMJP_00106	MER0013976	35.714	112	64	4	189	299	1	105	1.12e-11	58.2
NOMGJMJP_00106	MER0016969	29.412	68	42	1	189	250	1	68	7.10e-06	42.7
NOMGJMJP_00117	MER0003380	33.051	236	148	5	152	386	14	240	2.63e-41	143
NOMGJMJP_00117	MER0069741	38.462	169	97	5	222	386	6	171	1.78e-28	107
NOMGJMJP_00117	MER0013541	47.059	85	45	0	284	368	1	85	1.60e-22	88.2
NOMGJMJP_00117	MER0066182	37.288	118	69	2	263	379	75	188	1.00e-17	78.2
NOMGJMJP_00117	MER0387040	40.206	97	57	1	284	379	1	97	5.30e-17	73.2
NOMGJMJP_00117	MER0003376	38.182	110	51	4	284	377	45	153	1.19e-15	71.2
NOMGJMJP_00117	MER0003423	37.931	87	50	2	284	367	32	117	1.01e-13	65.1
NOMGJMJP_00117	MER0001419	31.356	118	71	4	284	398	32	142	1.66e-12	61.6
NOMGJMJP_00117	MER0003906	36.782	87	51	2	284	367	1	86	3.42e-12	59.7
NOMGJMJP_00117	MER0015415	34.444	90	50	2	284	368	64	149	4.31e-10	55.5
NOMGJMJP_00117	MER0025070	35.455	110	58	5	282	378	4	113	1.24e-07	47.0
NOMGJMJP_00117	MER0388771	35.185	108	57	5	284	378	2	109	2.38e-07	46.2
NOMGJMJP_00117	MER0005300	35.484	93	60	0	285	377	66	158	3.20e-07	47.0
NOMGJMJP_00127	MER0001313	31.977	172	83	5	5	171	11	153	2.15e-12	59.3
NOMGJMJP_00131	MER0011462	32.663	199	127	5	101	295	48	243	2.77e-26	105
NOMGJMJP_00131	MER0011461	34.673	199	120	6	101	294	47	240	9.15e-26	103
NOMGJMJP_00131	MER0029965	31.429	210	138	5	97	303	46	252	2.49e-25	102
NOMGJMJP_00131	MER0011464	33.000	200	125	6	101	295	45	240	1.85e-24	100
NOMGJMJP_00131	MER0030257	31.405	242	156	8	66	301	12	249	2.03e-23	97.4
NOMGJMJP_00131	MER0038832	31.628	215	134	9	101	309	48	255	2.44e-22	94.0
NOMGJMJP_00131	MER0038831	31.472	197	128	5	115	309	64	255	6.20e-22	92.8
NOMGJMJP_00131	MER0015688	31.579	209	132	6	100	303	56	258	2.07e-21	91.7
NOMGJMJP_00131	MER0038822	31.707	205	133	5	101	301	10	211	3.52e-21	89.7
NOMGJMJP_00131	MER0011487	31.068	206	135	5	101	302	48	250	7.15e-21	89.7
NOMGJMJP_00131	MER0015338	26.500	200	140	5	100	295	51	247	2.14e-20	88.6
NOMGJMJP_00131	MER0038833	31.925	213	134	7	101	308	48	254	4.49e-20	87.4
NOMGJMJP_00131	MER0005158	32.407	216	131	7	95	301	45	254	1.31e-18	83.2
NOMGJMJP_00131	MER0001911	29.231	195	121	10	98	286	38	221	6.13e-13	66.2
NOMGJMJP_00131	MER0038830	27.660	188	96	4	115	302	64	211	5.26e-12	62.8
NOMGJMJP_00131	MER0005139	38.372	86	45	3	101	181	63	145	3.01e-06	46.6
NOMGJMJP_00131	MER0002161	34.000	100	63	2	101	198	66	164	4.68e-06	45.8
NOMGJMJP_00147	MER0897124	31.132	212	131	6	234	437	213	417	2.56e-18	83.6
NOMGJMJP_00147	MER0004468	29.717	212	134	6	234	437	213	417	6.69e-17	79.0
NOMGJMJP_00147	MER0004469	23.133	415	226	18	11	402	8	352	2.23e-13	68.2
NOMGJMJP_00147	MER0004480	35.135	111	66	3	12	122	1	105	1.18e-08	53.1
NOMGJMJP_00147	MER0004474	27.481	131	76	5	15	141	89	204	1.65e-07	49.7
NOMGJMJP_00147	MER0004474	35.000	100	55	4	311	406	234	327	1.28e-06	47.0
NOMGJMJP_00147	MER0004471	30.435	115	69	4	9	121	89	194	8.00e-07	47.8
NOMGJMJP_00147	MER0004471	40.000	80	41	3	331	406	257	333	6.52e-06	44.7
NOMGJMJP_00164	MER0005767	34.091	132	82	3	207	337	154	281	1.94e-09	55.5
NOMGJMJP_00166	MER0065576	34.066	91	52	3	107	197	2	84	1.20e-06	42.7
NOMGJMJP_00209	MER0002007	40.519	385	210	7	24	406	6	373	4.56e-91	278
NOMGJMJP_00209	MER0002655	38.481	395	213	10	35	425	9	377	2.40e-82	255
NOMGJMJP_00209	MER0002013	34.524	420	245	8	12	426	1	395	4.86e-69	221
NOMGJMJP_00209	MER0002659	33.167	401	242	9	31	426	13	392	2.43e-66	214
NOMGJMJP_00209	MER0002014	33.333	399	242	8	31	425	13	391	2.59e-66	214
NOMGJMJP_00209	MER0005155	35.065	385	228	7	33	412	8	375	1.09e-65	212
NOMGJMJP_00209	MER0003770	33.838	396	233	10	34	425	4	374	2.31e-57	190
NOMGJMJP_00209	MER0005173	30.435	391	244	9	40	425	6	373	5.45e-50	170
NOMGJMJP_00209	MER0005163	50.000	174	71	4	31	204	4	161	1.69e-47	160
NOMGJMJP_00209	MER0005163	33.824	68	45	0	357	424	197	264	4.83e-08	50.8
NOMGJMJP_00209	MER0003815	40.860	186	94	4	34	219	16	185	5.98e-36	131
NOMGJMJP_00209	MER0003815	32.394	71	48	0	354	424	224	294	5.05e-07	47.8
NOMGJMJP_00209	MER0015354	38.947	190	100	4	34	223	16	189	6.86e-35	128
NOMGJMJP_00209	MER0015354	30.986	71	49	0	354	424	218	288	3.07e-06	45.4
NOMGJMJP_00209	MER0003581	27.684	354	229	9	78	423	1	335	2.99e-28	110
NOMGJMJP_00209	MER0002664	38.854	157	72	6	43	199	15	147	2.09e-21	90.5
NOMGJMJP_00209	MER0014418	29.091	220	106	10	26	234	5	185	2.15e-10	58.9
NOMGJMJP_00209	MER0369336	26.966	178	105	7	155	329	72	227	4.72e-06	45.1
NOMGJMJP_00211	MER0002968	28.899	218	137	3	201	403	1	215	9.09e-19	82.8
NOMGJMJP_00211	MER0011720	27.650	217	128	4	201	403	1	202	4.10e-18	80.5
NOMGJMJP_00211	MER0001009	29.940	167	108	2	282	439	19	185	1.47e-17	79.0
NOMGJMJP_00211	MER0028449	29.688	192	118	4	229	403	30	221	1.47e-17	79.3
NOMGJMJP_00211	MER0015166	27.948	229	138	5	198	402	5	230	2.41e-17	78.6
NOMGJMJP_00211	MER0001003	30.319	188	110	6	232	402	1	184	3.44e-17	77.0
NOMGJMJP_00211	MER0002355	30.631	222	129	9	201	407	1	212	5.24e-17	77.4
NOMGJMJP_00211	MER0002060	26.047	215	145	3	201	402	1	214	1.11e-16	76.6
NOMGJMJP_00211	MER0001010	26.961	204	136	3	227	417	1	204	3.19e-16	74.7
NOMGJMJP_00211	MER0006264	30.270	185	109	6	235	403	2	182	3.52e-16	74.3
NOMGJMJP_00211	MER0011183	26.636	214	142	4	223	422	10	222	3.70e-16	75.1
NOMGJMJP_00211	MER0011175	28.218	202	124	8	218	402	12	209	1.08e-15	73.6
NOMGJMJP_00211	MER0011423	27.830	212	135	4	209	403	4	214	1.86e-15	72.8
NOMGJMJP_00211	MER0004243	28.205	195	122	4	226	403	23	216	2.23e-15	72.8
NOMGJMJP_00211	MER0011440	28.000	200	116	6	215	395	12	202	4.27e-15	72.0
NOMGJMJP_00211	MER0016308	29.730	185	105	6	236	402	5	182	9.48e-15	70.1
NOMGJMJP_00211	MER0002003	26.941	219	140	5	201	402	1	216	9.55e-15	70.9
NOMGJMJP_00211	MER0001012	25.472	212	141	5	207	403	7	216	2.96e-14	69.3
NOMGJMJP_00211	MER0011370	27.568	185	109	6	238	403	32	210	5.26e-14	68.6
NOMGJMJP_00211	MER0002422	27.320	194	126	5	223	404	17	207	8.54e-14	67.8
NOMGJMJP_00211	MER0019754	27.041	196	122	5	226	403	3	195	1.39e-13	67.0
NOMGJMJP_00211	MER0011369	27.228	202	111	7	228	403	34	225	2.06e-13	67.0
NOMGJMJP_00211	MER0019759	26.364	220	128	5	224	418	19	229	2.44e-13	67.0
NOMGJMJP_00211	MER0002746	26.364	220	139	5	223	424	18	232	3.98e-13	66.6
NOMGJMJP_00211	MER0005331	28.986	207	121	6	213	403	14	210	4.95e-13	65.9
NOMGJMJP_00211	MER0168983	30.588	170	106	5	238	404	3	163	8.68e-13	63.9
NOMGJMJP_00211	MER0011345	28.649	185	113	7	233	403	38	217	1.33e-12	65.1
NOMGJMJP_00211	MER0011438	28.723	188	112	7	225	391	19	205	4.02e-12	63.2
NOMGJMJP_00211	MER0005046	26.455	189	123	4	229	403	12	198	5.22e-12	62.4
NOMGJMJP_00211	MER0011371	25.946	185	112	7	234	400	31	208	7.22e-12	62.4
NOMGJMJP_00211	MER0012283	24.378	201	134	6	216	404	22	216	8.70e-12	62.0
NOMGJMJP_00211	MER0000997	27.368	190	114	4	226	395	24	209	1.12e-11	62.0
NOMGJMJP_00211	MER0001013	27.570	214	121	9	230	418	36	240	2.53e-11	61.2
NOMGJMJP_00211	MER0003916	26.738	187	129	5	225	403	8	194	2.73e-11	60.1
NOMGJMJP_00211	MER0001185	25.943	212	138	5	208	403	7	215	3.79e-11	60.1
NOMGJMJP_00211	MER0002658	26.582	158	95	4	286	423	1	157	4.01e-11	58.9
NOMGJMJP_00211	MER0005045	26.531	196	114	6	229	403	12	198	6.18e-11	59.3
NOMGJMJP_00211	MER0036308	27.778	180	114	5	236	404	38	212	1.08e-10	59.3
NOMGJMJP_00211	MER0091680	25.381	197	126	7	238	418	24	215	1.24e-10	58.9
NOMGJMJP_00211	MER0052595	24.490	196	127	6	226	403	28	220	2.39e-10	58.2
NOMGJMJP_00211	MER0168177	32.787	122	77	4	286	404	45	164	4.06e-10	56.2
NOMGJMJP_00211	MER0026830	29.808	104	70	1	215	315	12	115	4.55e-10	56.6
NOMGJMJP_00211	MER0001017	25.269	186	119	5	232	402	37	217	7.91e-10	56.6
NOMGJMJP_00211	MER0001701	23.913	184	120	5	246	409	23	206	8.20e-10	56.6
NOMGJMJP_00211	MER0002210	31.092	119	72	3	282	390	38	156	1.53e-09	54.3
NOMGJMJP_00211	MER0002755	27.184	206	125	8	211	398	4	202	2.85e-09	54.3
NOMGJMJP_00211	MER0011401	31.056	161	92	7	251	393	38	197	3.55e-09	54.3
NOMGJMJP_00211	MER0005328	28.729	181	103	8	232	392	26	200	1.00e-08	52.8
NOMGJMJP_00211	MER0001005	25.714	175	112	5	245	403	5	177	2.88e-08	51.2
NOMGJMJP_00211	MER0012271	24.865	185	119	7	236	405	41	220	4.68e-08	51.6
NOMGJMJP_00211	MER0002281	25.333	225	141	10	220	423	24	242	5.77e-08	51.2
NOMGJMJP_00211	MER0011399	24.138	203	140	6	207	396	2	203	1.09e-07	50.1
NOMGJMJP_00211	MER0019096	27.815	151	81	5	285	423	62	196	1.55e-07	49.3
NOMGJMJP_00211	MER0002078	26.174	149	97	3	285	422	84	230	2.24e-07	49.3
NOMGJMJP_00211	MER0171631	31.405	121	75	3	282	395	82	201	6.41e-07	47.8
NOMGJMJP_00211	MER0019730	27.119	177	89	8	285	423	85	259	1.66e-06	47.0
NOMGJMJP_00227	MER0000589	43.396	53	30	0	437	489	179	231	3.17e-10	57.8
NOMGJMJP_00227	MER0000589	29.032	124	43	3	140	263	1	79	8.62e-09	53.1
NOMGJMJP_00227	MER0013626	37.500	56	35	0	436	491	95	150	1.86e-09	53.5
NOMGJMJP_00227	MER0003273	38.462	52	26	1	235	280	31	82	5.30e-06	43.5
NOMGJMJP_00231	MER0017405	26.316	209	123	5	14	217	5	187	1.51e-13	64.7
NOMGJMJP_00231	MER0048181	30.282	142	88	4	65	195	1	142	5.67e-08	48.1
NOMGJMJP_00231	MER0015472	27.108	166	104	4	64	216	44	205	4.15e-07	46.6
NOMGJMJP_00231	MER0015473	29.299	157	99	5	58	204	31	185	4.17e-07	46.6
NOMGJMJP_00231	MER0015632	32.990	97	51	2	60	150	40	128	5.86e-07	46.2
NOMGJMJP_00232	MER0015458	29.016	193	88	7	48	234	53	202	3.06e-10	55.8
NOMGJMJP_00232	MER0015473	29.412	221	88	10	31	236	19	186	1.58e-09	53.1
NOMGJMJP_00232	MER0035036	24.017	229	119	5	11	236	51	227	2.84e-09	52.8
NOMGJMJP_00232	MER0030047	27.374	179	79	3	53	230	3	131	2.87e-08	48.5
NOMGJMJP_00232	MER0015472	24.747	198	101	5	49	246	46	195	9.18e-08	48.1
NOMGJMJP_00232	MER0015449	36.047	86	51	1	35	116	40	125	1.60e-07	47.8
NOMGJMJP_00232	MER0017194	27.322	183	78	4	50	226	66	199	4.85e-07	46.2
NOMGJMJP_00232	MER0047976	27.835	97	65	1	42	133	7	103	8.29e-07	45.1
NOMGJMJP_00232	MER0015631	34.483	58	38	0	46	103	50	107	8.51e-07	45.4
NOMGJMJP_00232	MER0015452	34.524	84	51	1	37	116	40	123	9.04e-07	45.4
NOMGJMJP_00232	MER0015459	37.500	48	30	0	46	93	48	95	2.72e-06	43.9
NOMGJMJP_00232	MER0015630	25.118	211	87	6	46	246	51	200	4.27e-06	43.5
NOMGJMJP_00232	MER0015633	31.522	92	58	3	46	132	48	139	4.77e-06	43.1
NOMGJMJP_00243	MER0001283	42.916	487	261	4	5	481	3	482	2.41e-144	419
NOMGJMJP_00243	MER0047723	44.093	474	261	2	8	477	2	475	5.04e-143	416
NOMGJMJP_00243	MER0369336	26.141	241	118	11	65	295	8	198	7.91e-08	50.8
NOMGJMJP_00243	MER0028941	28.177	181	108	6	31	201	28	196	4.90e-07	48.5
NOMGJMJP_00281	MER0004123	28.846	312	175	10	163	444	34	328	4.71e-24	100
NOMGJMJP_00281	MER0019280	31.633	294	163	13	162	439	23	294	4.79e-24	99.4
NOMGJMJP_00281	MER0175622	29.720	286	159	11	163	431	24	284	5.19e-21	90.5
NOMGJMJP_00281	MER0004988	30.000	260	149	9	153	406	17	249	1.54e-20	89.0
NOMGJMJP_00281	MER0003536	29.537	281	150	10	165	425	28	280	9.52e-19	84.0
NOMGJMJP_00281	MER0030016	31.615	291	150	11	156	426	16	277	8.53e-18	80.5
NOMGJMJP_00281	MER0001699	27.599	279	164	9	152	426	8	252	5.65e-17	78.2
NOMGJMJP_00281	MER0000313	29.568	301	171	10	152	446	8	273	7.70e-17	77.8
NOMGJMJP_00281	MER0001521	29.568	301	171	10	152	446	8	273	1.07e-16	77.4
NOMGJMJP_00281	MER0001755	28.904	301	173	10	152	446	8	273	3.05e-16	75.9
NOMGJMJP_00281	MER0016688	25.510	294	161	11	165	426	28	295	1.64e-15	74.3
NOMGJMJP_00281	MER0000310	28.014	282	160	9	152	426	8	253	4.45e-15	72.4
NOMGJMJP_00281	MER0001523	29.236	301	172	10	152	446	8	273	4.51e-15	72.4
NOMGJMJP_00281	MER0000312	29.236	301	172	10	152	446	8	273	4.51e-15	72.4
NOMGJMJP_00281	MER0077555	29.368	269	151	8	163	426	19	253	2.68e-14	70.1
NOMGJMJP_00281	MER0000321	30.682	264	142	12	165	412	100	338	3.09e-14	70.9
NOMGJMJP_00281	MER0003020	29.536	237	121	9	234	437	275	498	5.19e-14	71.2
NOMGJMJP_00281	MER0000316	26.689	296	180	10	152	446	7	266	1.49e-13	67.8
NOMGJMJP_00281	MER0004085	27.599	279	163	11	167	426	50	308	3.60e-13	67.4
NOMGJMJP_00281	MER0000332	28.736	261	150	7	168	426	23	249	3.67e-13	66.6
NOMGJMJP_00281	MER0016991	29.588	267	146	11	167	408	31	280	9.07e-13	66.2
NOMGJMJP_00281	MER0000315	27.599	279	160	10	152	426	8	248	1.15e-12	65.1
NOMGJMJP_00281	MER0001520	27.152	302	171	11	152	446	8	267	5.97e-12	63.2
NOMGJMJP_00281	MER0001906	27.425	299	174	11	152	446	8	267	6.37e-12	63.2
NOMGJMJP_00281	MER0005859	30.328	244	129	10	209	423	238	469	9.44e-12	63.9
NOMGJMJP_00281	MER0002267	28.455	246	144	9	208	448	66	284	1.38e-11	62.0
NOMGJMJP_00281	MER0000309	28.713	303	170	10	152	446	8	272	1.59e-11	62.0
NOMGJMJP_00281	MER0042897	28.571	280	165	8	152	426	8	257	2.05e-11	61.6
NOMGJMJP_00281	MER0000349	31.088	193	102	9	231	408	165	341	6.04e-11	61.2
NOMGJMJP_00281	MER0000311	28.912	294	158	11	152	437	8	258	7.53e-11	59.7
NOMGJMJP_00281	MER0001928	28.866	291	158	12	163	446	19	267	1.66e-10	58.9
NOMGJMJP_00281	MER0161312	27.114	343	165	15	163	438	18	342	2.16e-10	59.3
NOMGJMJP_00281	MER0002500	24.324	333	187	14	148	432	66	381	2.99e-10	58.9
NOMGJMJP_00281	MER0067924	27.451	306	147	15	161	426	6	276	3.32e-10	57.8
NOMGJMJP_00281	MER0114485	24.620	329	170	11	147	408	10	327	5.00e-10	58.2
NOMGJMJP_00281	MER0014446	26.978	278	161	13	191	446	171	428	1.54e-09	57.0
NOMGJMJP_00281	MER0013656	24.912	285	174	6	152	433	7	254	1.76e-09	55.5
NOMGJMJP_00281	MER0011484	28.839	267	139	11	214	447	269	517	2.70e-09	56.2
NOMGJMJP_00281	MER0015424	34.513	113	62	4	352	452	278	390	1.54e-08	53.9
NOMGJMJP_00281	MER0002565	23.438	256	167	6	171	426	67	293	4.30e-08	52.0
NOMGJMJP_00281	MER0000319	24.809	262	162	6	165	425	28	255	6.03e-08	51.2
NOMGJMJP_00281	MER0015436	47.619	63	30	2	353	412	355	417	1.21e-07	50.8
NOMGJMJP_00281	MER0050309	26.336	262	163	10	216	466	47	289	1.95e-07	50.1
NOMGJMJP_00281	MER0013641	23.961	409	232	16	152	519	16	386	2.59e-07	49.7
NOMGJMJP_00281	MER0006023	31.447	159	90	6	274	429	169	311	2.76e-07	49.3
NOMGJMJP_00281	MER0000347	28.261	276	152	12	201	454	114	365	3.66e-07	49.3
NOMGJMJP_00281	MER0001454	27.964	329	146	16	187	447	40	345	3.80e-07	48.9
NOMGJMJP_00281	MER0015431	25.461	271	122	9	204	412	77	329	4.94e-07	48.9
NOMGJMJP_00281	MER0000320	22.896	297	174	12	152	428	8	269	5.43e-07	48.1
NOMGJMJP_00281	MER0000351	29.609	179	104	5	233	409	128	286	1.17e-06	47.0
NOMGJMJP_00281	MER0081072	22.989	261	169	7	167	426	19	248	1.56e-06	46.6
NOMGJMJP_00281	MER0014465	26.562	128	82	3	324	439	337	464	2.57e-06	46.6
NOMGJMJP_00281	MER0013896	33.544	158	72	5	204	347	68	206	2.83e-06	46.6
NOMGJMJP_00281	MER0000348	23.891	293	162	14	172	413	39	321	4.44e-06	45.8
NOMGJMJP_00281	MER0000350	24.199	281	157	13	172	406	39	309	4.95e-06	45.4
NOMGJMJP_00281	MER0014744	25.090	279	168	10	167	426	50	306	8.29e-06	44.7
NOMGJMJP_00285	MER0065554	49.802	253	116	2	289	531	9	260	1.15e-80	250
NOMGJMJP_00285	MER0437468	39.255	349	197	5	197	531	1	348	3.86e-76	241
NOMGJMJP_00285	MER0436717	45.312	192	98	5	345	533	209	396	3.32e-41	150
NOMGJMJP_00285	MER0436717	33.333	150	92	1	197	338	1	150	6.74e-19	85.5
NOMGJMJP_00285	MER0031278	25.714	245	143	9	305	534	27	247	7.83e-07	47.4
NOMGJMJP_00289	MER0045886	45.887	231	116	5	1	226	10	236	2.68e-57	187
NOMGJMJP_00289	MER0044889	32.759	232	145	5	2	227	16	242	1.50e-35	129
NOMGJMJP_00289	MER0038086	34.466	206	120	3	5	195	29	234	3.28e-33	124
NOMGJMJP_00289	MER0436735	27.413	259	151	4	5	226	4	262	1.90e-31	119
NOMGJMJP_00289	MER0042974	34.555	191	116	4	12	194	1	190	9.48e-29	109
NOMGJMJP_00289	MER0043387	35.556	180	108	4	20	195	1	176	8.73e-25	98.2
NOMGJMJP_00289	MER0043537	30.387	181	123	2	5	183	2	181	2.03e-21	89.0
NOMGJMJP_00289	MER0043392	28.571	168	100	5	27	184	1	158	4.49e-10	55.5
NOMGJMJP_00289	MER0043394	33.621	116	74	2	71	184	48	162	6.07e-08	49.3
NOMGJMJP_00289	MER0044622	30.921	152	94	5	39	184	68	214	7.34e-08	50.4
NOMGJMJP_00289	MER0045094	28.378	148	90	6	46	184	58	198	4.91e-07	47.8
NOMGJMJP_00353	MER0002565	27.875	287	134	10	71	338	64	296	4.56e-10	57.8
NOMGJMJP_00353	MER0000310	25.610	246	121	8	104	338	62	256	2.02e-08	52.0
NOMGJMJP_00353	MER0016978	25.157	318	168	14	55	339	16	296	2.95e-08	52.0
NOMGJMJP_00353	MER0000332	29.412	170	96	4	63	215	15	177	3.33e-08	51.6
NOMGJMJP_00353	MER0002575	25.726	241	121	8	105	338	71	260	5.13e-08	50.8
NOMGJMJP_00353	MER0042897	28.625	269	130	11	103	363	64	278	5.44e-08	50.8
NOMGJMJP_00353	MER0019280	27.431	288	149	11	71	335	31	281	7.95e-08	50.4
NOMGJMJP_00353	MER0002267	27.473	273	125	11	103	361	69	282	4.91e-07	48.1
NOMGJMJP_00353	MER0077555	23.134	268	144	9	104	363	61	274	2.90e-06	45.4
NOMGJMJP_00353	MER0000320	26.776	183	109	6	55	215	8	187	3.51e-06	45.4
NOMGJMJP_00353	MER0002562	24.715	263	115	10	105	334	117	329	3.74e-06	45.4
NOMGJMJP_00393	MER0015475	32.468	154	90	6	38	180	25	175	1.02e-11	59.3
NOMGJMJP_00407	MER0001161	36.696	684	410	6	4	672	3	678	4.41e-149	445
NOMGJMJP_00407	MER0006087	34.670	698	424	17	1	673	9	699	1.27e-126	388
NOMGJMJP_00407	MER0015119	33.611	720	424	19	1	673	5	717	3.96e-122	377
NOMGJMJP_00407	MER0001158	34.118	680	436	8	2	672	1	677	1.61e-116	361
NOMGJMJP_00407	MER0001149	29.817	654	434	14	29	672	38	676	1.78e-89	290
NOMGJMJP_00407	MER0001942	29.376	657	435	14	28	672	37	676	1.68e-82	271
NOMGJMJP_00407	MER0108144	28.939	660	424	16	39	672	22	662	1.63e-77	258
NOMGJMJP_00407	MER0003110	27.917	720	437	21	15	672	16	715	3.39e-73	247
NOMGJMJP_00407	MER0001153	26.190	630	425	15	68	672	78	692	2.06e-64	223
NOMGJMJP_00407	MER0079465	27.370	559	374	13	131	672	91	634	2.42e-56	199
NOMGJMJP_00407	MER0015170	25.641	624	414	16	54	667	42	625	4.98e-50	181
NOMGJMJP_00407	MER0001156	30.277	469	272	18	223	649	229	684	7.26e-44	165
NOMGJMJP_00407	MER0021317	35.294	68	44	0	434	501	20	87	1.20e-07	47.0
NOMGJMJP_00407	MER0059435	21.596	213	120	5	330	501	328	534	1.90e-06	47.8
NOMGJMJP_00422	MER0034582	24.843	318	215	9	611	913	12	320	3.03e-24	102
NOMGJMJP_00499	MER0005767	29.448	326	179	8	52	370	24	305	1.42e-33	125
NOMGJMJP_00499	MER0030136	22.167	406	281	14	5	386	1	395	9.54e-13	66.2
NOMGJMJP_00499	MER0030151	21.340	403	288	11	5	386	1	395	5.69e-10	57.8
NOMGJMJP_00499	MER0015112	23.256	258	176	9	5	247	1	251	5.77e-08	51.2
NOMGJMJP_00499	MER0030143	19.250	400	300	10	5	386	1	395	3.81e-07	48.9
NOMGJMJP_00528	MER0011781	22.581	279	151	10	38	314	17	232	1.12e-08	53.1
NOMGJMJP_00538	MER0060647	38.525	366	196	9	11	362	1	351	8.33e-73	227
NOMGJMJP_00538	MER0078640	38.147	367	191	9	11	361	1	347	2.48e-72	226
NOMGJMJP_00538	MER0043540	39.301	229	133	4	138	365	1	224	1.58e-55	179
NOMGJMJP_00538	MER0044812	39.744	234	121	4	142	362	8	234	8.01e-55	177
NOMGJMJP_00538	MER0046161	40.000	225	102	6	162	365	33	245	4.00e-45	153
NOMGJMJP_00538	MER0045945	37.745	204	122	4	162	365	15	213	7.02e-45	151
NOMGJMJP_00538	MER0115185	53.571	140	63	1	221	360	6	143	2.99e-42	141
NOMGJMJP_00538	MER0436691	30.224	268	146	3	102	365	14	244	5.19e-42	144
NOMGJMJP_00538	MER0044882	30.070	143	88	5	215	347	16	156	6.82e-09	52.0
NOMGJMJP_00538	MER0043537	26.163	172	95	7	193	348	14	169	6.04e-07	46.2
NOMGJMJP_00538	MER0044619	29.496	139	87	4	230	363	63	195	9.91e-07	46.2
NOMGJMJP_00538	MER0043387	24.405	168	114	5	196	357	1	161	5.75e-06	43.1
NOMGJMJP_00581	MER0069741	35.156	128	55	5	53	180	64	163	4.22e-14	67.4
NOMGJMJP_00581	MER0003376	31.220	205	80	10	8	197	7	165	5.11e-11	58.5
NOMGJMJP_00581	MER0003380	29.801	151	73	6	39	183	112	235	6.38e-09	53.9
NOMGJMJP_00581	MER0003423	32.090	134	54	7	36	168	20	117	8.20e-09	51.6
NOMGJMJP_00581	MER0001419	30.597	134	56	5	36	168	20	117	1.70e-08	50.8
NOMGJMJP_00581	MER0013541	35.135	111	46	5	59	169	1	85	2.97e-08	48.5
NOMGJMJP_00581	MER0015415	25.786	159	86	6	26	179	33	164	3.59e-08	50.4
NOMGJMJP_00610	MER0056525	50.649	231	111	2	406	635	1	229	8.10e-78	246
NOMGJMJP_00610	MER0011748	50.847	236	113	2	406	640	1	234	9.41e-77	244
NOMGJMJP_00610	MER0015609	48.936	235	115	2	406	639	1	231	2.42e-75	240
NOMGJMJP_00610	MER0005496	48.918	231	117	1	406	636	1	230	8.38e-73	233
NOMGJMJP_00610	MER0023544	46.522	230	122	1	406	635	1	229	1.96e-71	230
NOMGJMJP_00610	MER0011224	44.348	230	127	1	406	635	1	229	2.81e-68	221
NOMGJMJP_00610	MER0015194	44.915	236	125	2	407	640	2	234	8.54e-65	212
NOMGJMJP_00610	MER0015195	42.636	258	144	4	406	662	1	255	2.31e-64	211
NOMGJMJP_00610	MER0002600	43.290	231	128	2	406	635	1	229	9.92e-64	209
NOMGJMJP_00610	MER0002605	42.424	231	129	2	406	635	1	228	2.26e-62	205
NOMGJMJP_00610	MER0171760	39.777	269	153	4	371	635	1	264	3.26e-60	199
NOMGJMJP_00610	MER0014306	39.827	231	138	1	406	636	1	230	9.62e-56	188
NOMGJMJP_00610	MER0024898	41.379	232	133	3	406	635	1	231	3.25e-55	186
NOMGJMJP_00610	MER0015199	42.083	240	131	3	406	637	1	240	1.36e-53	182
NOMGJMJP_00610	MER0002602	41.739	230	128	2	407	630	2	231	1.49e-52	179
NOMGJMJP_00610	MER0004454	37.302	252	154	2	406	656	1	249	3.58e-52	178
NOMGJMJP_00610	MER0005466	38.362	232	137	3	407	632	2	233	5.53e-50	171
NOMGJMJP_00610	MER0002563	36.752	234	138	4	407	630	2	235	5.36e-46	160
NOMGJMJP_00610	MER0017637	37.447	235	135	5	407	630	2	235	7.24e-43	152
NOMGJMJP_00610	MER0001620	36.667	240	145	3	406	638	1	240	2.99e-42	151
NOMGJMJP_00610	MER0002408	36.325	234	140	6	406	632	1	232	1.23e-39	143
NOMGJMJP_00610	MER0011745	34.298	242	148	6	406	639	1	239	3.92e-39	142
NOMGJMJP_00610	MER0015197	34.545	220	141	2	418	635	13	231	4.33e-39	142
NOMGJMJP_00610	MER0002608	39.167	240	136	5	407	638	2	239	8.61e-39	141
NOMGJMJP_00610	MER0015193	38.197	233	134	6	406	630	1	231	9.78e-39	140
NOMGJMJP_00610	MER0015137	33.884	242	149	6	406	639	1	239	1.22e-36	135
NOMGJMJP_00610	MER0190705	34.632	231	140	3	407	635	1	222	8.26e-36	131
NOMGJMJP_00610	MER0014324	35.965	228	132	4	406	630	1	217	2.24e-35	130
NOMGJMJP_00610	MER0005755	37.615	218	124	3	407	621	2	210	7.34e-34	126
NOMGJMJP_00610	MER0002197	33.772	228	140	3	406	630	1	220	1.49e-32	123
NOMGJMJP_00610	MER0015690	33.203	256	158	7	406	649	1	255	4.90e-32	122
NOMGJMJP_00610	MER0190577	30.736	231	146	3	406	633	1	220	3.32e-31	119
NOMGJMJP_00610	MER0024900	32.589	224	140	4	407	627	2	217	9.19e-30	115
NOMGJMJP_00610	MER0011120	34.685	222	133	7	406	615	1	222	1.80e-29	114
NOMGJMJP_00610	MER0001246	32.317	164	99	3	434	594	18	172	4.88e-20	85.1
NOMGJMJP_00610	MER0015204	27.309	249	144	8	407	621	2	247	6.81e-19	84.7
NOMGJMJP_00640	MER0001009	25.153	163	116	4	421	583	5	161	4.20e-06	45.4
NOMGJMJP_00642	MER0002251	43.231	229	123	5	11	235	1	226	3.53e-59	184
NOMGJMJP_00642	MER0001335	39.827	231	132	4	13	240	3	229	4.48e-50	160
NOMGJMJP_00643	MER0005742	28.369	141	61	4	53	193	1	101	7.28e-10	52.0
NOMGJMJP_00643	MER0001333	26.667	150	75	6	53	200	87	203	8.22e-07	45.8
NOMGJMJP_00643	MER0013458	24.204	157	96	8	47	200	28	164	5.05e-06	42.7
NOMGJMJP_00647	MER0001243	39.271	247	148	2	2	246	3	249	7.85e-60	187
NOMGJMJP_00647	MER0005690	37.553	237	147	1	10	246	11	246	1.75e-52	168
NOMGJMJP_00647	MER0001342	37.398	246	152	1	3	246	2	247	5.34e-52	167
NOMGJMJP_00647	MER0015127	35.918	245	156	1	2	246	3	246	5.24e-49	159
NOMGJMJP_00647	MER0015128	34.043	235	153	2	13	246	14	247	1.88e-46	153
NOMGJMJP_00647	MER0013589	33.745	243	160	1	4	246	1	242	5.41e-46	151
NOMGJMJP_00647	MER0013929	33.061	245	163	1	2	246	3	246	5.76e-43	144
NOMGJMJP_00647	MER0013450	30.612	245	168	2	4	246	3	247	3.12e-39	134
NOMGJMJP_00647	MER0010972	23.849	239	164	2	8	246	9	229	9.60e-17	74.3
NOMGJMJP_00647	MER0004931	26.961	204	135	5	4	204	5	197	5.96e-16	72.0
NOMGJMJP_00647	MER0003880	28.796	191	121	5	29	215	22	201	1.09e-15	72.4
NOMGJMJP_00647	MER0004532	25.248	202	140	3	4	204	5	196	1.71e-11	59.3
NOMGJMJP_00647	MER0024896	30.682	88	60	1	159	246	380	466	6.46e-10	55.8
NOMGJMJP_00647	MER0024896	22.727	110	85	0	3	112	4	113	1.72e-07	48.5
NOMGJMJP_00647	MER0011746	26.636	214	138	8	13	213	14	221	9.21e-10	55.1
NOMGJMJP_00647	MER0005462	23.243	185	128	6	1	180	2	177	1.55e-09	53.9
NOMGJMJP_00647	MER0002038	21.397	229	169	4	4	230	5	224	7.69e-08	48.9
NOMGJMJP_00647	MER0001728	25.472	212	131	8	13	207	14	215	3.73e-07	47.4
NOMGJMJP_00707	MER0013829	32.578	353	219	8	13	357	6	347	1.64e-50	169
NOMGJMJP_00707	MER0005169	30.058	346	231	5	13	355	6	343	2.45e-48	163
NOMGJMJP_00707	MER0004410	30.682	352	223	10	12	353	5	345	1.59e-43	151
NOMGJMJP_00707	MER0005472	32.416	327	205	6	19	344	12	323	2.45e-42	147
NOMGJMJP_00707	MER0002046	29.446	343	219	10	11	349	4	327	2.74e-35	128
NOMGJMJP_00707	MER0002043	26.629	353	231	8	4	344	9	345	2.75e-34	126
NOMGJMJP_00707	MER0005160	29.720	286	180	8	64	344	55	324	1.52e-27	107
NOMGJMJP_00707	MER0022215	25.161	310	207	8	48	348	40	333	1.38e-22	94.0
NOMGJMJP_00707	MER0002040	28.058	278	177	10	60	327	56	320	3.42e-20	87.4
NOMGJMJP_00707	MER0025084	21.023	352	246	11	8	345	1	334	1.82e-07	48.9
NOMGJMJP_00711	MER0005139	38.532	109	58	3	109	215	62	163	4.77e-15	71.2
NOMGJMJP_00711	MER0002161	25.161	310	161	10	47	330	16	280	6.24e-14	68.2
NOMGJMJP_00711	MER0004514	26.728	217	136	8	94	302	19	220	6.21e-13	64.7
NOMGJMJP_00711	MER0037181	25.166	302	163	11	47	326	16	276	5.58e-12	62.4
NOMGJMJP_00711	MER0015691	35.238	105	60	2	109	212	52	149	2.68e-11	60.1
NOMGJMJP_00711	MER0001284	36.782	87	49	3	109	192	35	118	4.13e-11	59.3
NOMGJMJP_00711	MER0005152	28.235	170	92	3	28	197	1	140	5.22e-11	59.3
NOMGJMJP_00711	MER0015336	35.577	104	59	2	110	212	62	158	1.08e-10	58.2
NOMGJMJP_00711	MER0005238	34.615	104	60	2	110	212	67	163	1.22e-10	58.2
NOMGJMJP_00711	MER0005149	34.259	108	62	4	109	214	64	164	8.56e-10	55.8
NOMGJMJP_00711	MER0194228	24.424	217	130	7	124	331	1	192	2.23e-09	53.5
NOMGJMJP_00711	MER0002104	33.333	87	51	2	110	196	67	146	3.59e-09	53.9
NOMGJMJP_00711	MER0005239	33.945	109	63	3	107	213	66	167	5.40e-09	53.5
NOMGJMJP_00711	MER0005131	23.451	226	153	6	110	327	38	251	5.56e-09	53.1
NOMGJMJP_00711	MER0005241	32.967	91	54	2	106	194	1	86	2.25e-08	51.2
NOMGJMJP_00711	MER0032443	25.385	260	171	9	75	326	9	253	8.98e-08	49.3
NOMGJMJP_00711	MER0005244	37.931	87	46	2	108	194	3	81	9.34e-08	48.9
NOMGJMJP_00711	MER0001289	23.789	227	124	9	121	331	75	268	1.06e-07	49.3
NOMGJMJP_00711	MER0100667	27.103	214	111	11	106	307	20	200	1.14e-07	48.5
NOMGJMJP_00711	MER0001911	34.314	102	57	3	108	209	39	130	1.47e-07	48.5
NOMGJMJP_00711	MER0001288	26.872	227	134	8	106	321	19	224	1.82e-07	48.1
NOMGJMJP_00711	MER0013618	29.381	194	115	8	99	287	48	224	5.73e-07	47.4
NOMGJMJP_00711	MER0002105	30.000	110	66	3	110	215	58	160	1.55e-06	45.8
NOMGJMJP_00715	MER0033186	36.677	319	194	3	68	381	2	317	2.62e-59	192
NOMGJMJP_00752	MER0000266	52.866	157	72	2	103	258	1	156	1.57e-50	166
NOMGJMJP_00752	MER0000268	52.866	157	70	3	103	258	1	154	4.12e-50	165
NOMGJMJP_00752	MER0003850	46.369	179	87	4	103	277	3	176	1.52e-49	164
NOMGJMJP_00752	MER0013623	51.282	156	73	2	103	258	1	153	1.83e-49	163
NOMGJMJP_00752	MER0001372	53.750	160	66	3	103	258	1	156	7.52e-49	161
NOMGJMJP_00752	MER0004111	49.057	159	74	2	103	258	1	155	9.40e-47	156
NOMGJMJP_00752	MER0004149	47.239	163	79	2	103	258	1	163	1.05e-43	148
NOMGJMJP_00752	MER0005468	48.428	159	78	3	103	258	1	158	2.41e-42	144
NOMGJMJP_00752	MER0004673	39.806	206	101	5	103	286	2	206	1.13e-39	141
NOMGJMJP_00752	MER0001373	50.000	160	74	3	103	258	1	158	3.01e-39	136
NOMGJMJP_00752	MER0003290	45.283	159	81	3	103	258	1	156	1.76e-37	131
NOMGJMJP_00752	MER0001945	45.283	159	84	3	103	258	1	159	4.77e-37	130
NOMGJMJP_00752	MER0002577	44.937	158	80	2	103	258	1	153	5.62e-37	130
NOMGJMJP_00752	MER0028330	43.671	158	82	2	103	258	1	153	2.08e-34	123
NOMGJMJP_00752	MER0003293	46.000	150	79	2	103	252	1	148	5.86e-34	122
NOMGJMJP_00752	MER0016351	40.506	158	87	2	103	258	1	153	1.08e-32	118
NOMGJMJP_00752	MER0004093	42.767	159	82	3	103	258	1	153	1.89e-32	118
NOMGJMJP_00752	MER0014795	42.683	164	81	3	103	258	1	159	7.11e-32	116
NOMGJMJP_00752	MER0022668	38.596	171	90	5	103	258	1	171	1.85e-31	115
NOMGJMJP_00752	MER0004086	42.331	163	85	4	104	258	1	162	1.96e-31	115
NOMGJMJP_00752	MER0010944	40.351	171	87	4	103	258	1	171	3.74e-31	115
NOMGJMJP_00752	MER0011375	39.375	160	87	4	103	258	1	154	2.57e-29	109
NOMGJMJP_00752	MER0016031	39.286	168	88	5	103	258	1	166	1.40e-28	107
NOMGJMJP_00752	MER0006096	40.741	135	73	3	127	258	1	131	2.58e-26	100
NOMGJMJP_00752	MER0015583	42.000	150	75	5	103	241	1	149	1.01e-23	94.0
NOMGJMJP_00752	MER0005093	34.375	160	92	3	103	249	1	160	8.08e-22	89.0
NOMGJMJP_00752	MER0063616	33.333	147	83	4	106	242	5	146	1.49e-15	70.9
NOMGJMJP_00752	MER0005094	31.250	160	95	6	103	253	1	154	9.33e-12	60.1
NOMGJMJP_00752	MER0014317	29.655	145	96	6	114	253	10	153	6.90e-09	51.6
NOMGJMJP_00752	MER0004696	27.972	143	92	7	103	239	1	138	8.80e-07	45.4
NOMGJMJP_00752	MER0005090	32.836	134	86	4	103	233	1	133	2.32e-06	44.3
NOMGJMJP_00752	MER0014318	33.099	142	86	8	103	239	1	138	4.51e-06	43.5
NOMGJMJP_00752	MER0005089	29.851	134	90	4	103	233	1	133	8.69e-06	42.7
NOMGJMJP_00784	MER0195376	34.010	197	105	5	228	413	1	183	4.76e-22	90.1
NOMGJMJP_00784	MER0003413	26.425	193	111	5	227	417	2	165	6.94e-08	49.3
NOMGJMJP_00849	MER0281397	25.248	202	127	4	120	301	4	201	3.74e-16	73.6
NOMGJMJP_00849	MER0028284	55.000	40	18	0	208	247	140	179	3.49e-07	48.5
NOMGJMJP_00985	MER0037236	25.954	262	167	7	8	243	1	261	9.01e-19	80.1
NOMGJMJP_00985	MER0004146	25.296	253	166	8	13	243	10	261	8.26e-14	66.2
NOMGJMJP_00985	MER0036068	24.868	189	125	4	70	241	105	293	2.35e-11	59.3
NOMGJMJP_00985	MER0031611	23.293	249	160	8	17	238	35	279	2.43e-11	59.3
NOMGJMJP_00985	MER0036066	22.541	244	162	7	22	242	1	240	7.96e-11	57.4
NOMGJMJP_00985	MER0036076	23.832	214	134	7	47	241	88	291	6.15e-10	55.5
NOMGJMJP_00985	MER0036053	23.636	275	147	9	17	243	4	263	7.11e-10	55.1
NOMGJMJP_00985	MER0036067	22.689	238	160	8	22	238	52	286	1.33e-09	54.3
NOMGJMJP_00985	MER0035973	22.066	213	147	5	44	242	79	286	1.34e-08	51.2
NOMGJMJP_00985	MER0036057	18.930	243	169	6	22	243	63	298	1.76e-08	50.8
NOMGJMJP_00985	MER0213280	32.653	98	60	3	21	113	30	126	4.05e-08	50.1
NOMGJMJP_00985	MER0036115	23.649	148	83	5	19	145	33	171	1.09e-06	45.4
NOMGJMJP_00985	MER0035038	30.928	97	61	2	21	112	30	125	1.95e-06	44.7
NOMGJMJP_00985	MER0036056	26.901	171	101	6	91	242	156	321	3.75e-06	43.9
NOMGJMJP_00985	MER0036073	23.967	242	157	10	22	242	80	315	6.05e-06	43.5
NOMGJMJP_00997	MER0054461	33.333	276	146	9	206	462	1	257	9.86e-29	112
NOMGJMJP_00997	MER0000277	32.444	225	136	5	225	441	1	217	3.08e-26	103
NOMGJMJP_00997	MER0005081	33.155	187	106	7	240	420	8	181	1.93e-15	72.0
NOMGJMJP_01017	MER0069741	45.299	117	62	2	183	299	50	164	1.30e-29	108
NOMGJMJP_01017	MER0003380	44.444	117	63	2	184	299	118	233	1.34e-25	99.8
NOMGJMJP_01017	MER0013541	48.276	87	44	1	203	289	1	86	1.48e-21	84.3
NOMGJMJP_01017	MER0015415	36.634	101	54	1	188	288	59	149	1.06e-17	76.3
NOMGJMJP_01017	MER0003423	41.121	107	62	1	182	287	11	117	6.64e-17	73.6
NOMGJMJP_01017	MER0001419	40.187	107	63	1	182	287	11	117	5.24e-16	70.9
NOMGJMJP_01017	MER0003376	30.464	151	86	3	166	310	19	156	2.05e-15	70.1
NOMGJMJP_01017	MER0003906	35.165	91	58	1	203	292	1	91	4.73e-13	61.6
NOMGJMJP_01017	MER0387040	36.275	102	63	2	203	303	1	101	7.81e-13	60.8
NOMGJMJP_01017	MER0066182	33.333	126	80	3	179	303	70	192	1.32e-12	62.8
NOMGJMJP_01017	MER0005300	33.333	96	63	1	205	300	67	161	4.80e-08	48.9
NOMGJMJP_01017	MER0025070	34.579	107	56	5	199	294	2	105	5.57e-07	44.7
NOMGJMJP_01036	MER0000474	54.211	190	87	0	33	222	15	204	3.95e-77	228
NOMGJMJP_01036	MER0005687	48.131	214	100	3	10	221	3	207	2.57e-68	206
NOMGJMJP_01036	MER0006046	48.404	188	97	0	34	221	16	203	1.43e-62	191
NOMGJMJP_01036	MER0002299	49.198	187	95	0	36	222	12	198	4.02e-61	187
NOMGJMJP_01036	MER0004857	48.187	193	98	2	30	221	12	203	7.84e-61	187
NOMGJMJP_01036	MER0002211	47.090	189	100	0	34	222	16	204	1.11e-59	184
NOMGJMJP_01036	MER0004847	49.738	191	95	1	36	225	18	208	1.58e-57	178
NOMGJMJP_01036	MER0006063	47.093	172	91	0	50	221	33	204	2.39e-57	178
NOMGJMJP_01036	MER0006056	49.693	163	81	1	59	221	46	207	1.27e-53	168
NOMGJMJP_01036	MER0004855	43.353	173	98	0	49	221	33	205	6.76e-52	164
NOMGJMJP_01036	MER0004182	43.750	176	99	0	49	224	27	202	6.97e-48	153
NOMGJMJP_01036	MER0006308	37.059	170	106	1	50	218	22	191	5.32e-43	140
NOMGJMJP_01036	MER0011666	39.053	169	101	2	55	221	17	185	1.89e-37	126
NOMGJMJP_01036	MER0001369	41.975	81	45	1	76	156	52	130	1.53e-07	45.8
NOMGJMJP_01038	MER0031610	36.842	247	148	4	15	254	55	300	1.06e-46	154
NOMGJMJP_01038	MER0044900	24.199	281	152	10	16	252	96	359	3.90e-10	56.2
NOMGJMJP_01038	MER0017193	32.323	99	65	2	10	106	21	119	4.39e-09	52.8
NOMGJMJP_01038	MER0031614	26.400	250	163	6	15	254	84	322	6.63e-08	49.3
NOMGJMJP_01038	MER0034563	32.979	94	60	2	15	107	17	108	5.59e-07	46.2
NOMGJMJP_01038	MER0014065	29.808	104	68	3	12	111	31	133	6.66e-07	46.2
NOMGJMJP_01038	MER0011509	30.000	110	69	3	14	118	38	144	1.62e-06	45.1
NOMGJMJP_01038	MER0026339	32.381	105	69	2	11	113	21	125	4.52e-06	43.5
NOMGJMJP_01038	MER0036065	25.962	104	70	3	15	111	3	106	5.38e-06	43.1
NOMGJMJP_01090	MER0005694	55.556	279	122	2	413	691	1	277	6.24e-101	308
NOMGJMJP_01090	MER0022823	54.851	268	114	6	425	686	3	269	7.65e-96	295
NOMGJMJP_01090	MER0000392	53.383	266	114	4	430	686	8	272	8.83e-96	295
NOMGJMJP_01090	MER0015621	52.878	278	114	4	425	686	13	289	5.80e-94	290
NOMGJMJP_01090	MER0079308	53.282	259	117	4	430	686	8	264	6.06e-88	274
NOMGJMJP_01090	MER0011450	50.916	273	119	6	425	686	3	271	1.10e-86	271
NOMGJMJP_01090	MER0002490	47.552	286	125	5	425	686	13	297	9.30e-84	264
NOMGJMJP_01090	MER0981959	47.670	279	128	5	424	686	1	277	9.64e-83	261
NOMGJMJP_01090	MER0325901	45.956	272	142	5	425	692	1	271	2.87e-71	230
NOMGJMJP_01090	MER0000398	47.490	259	123	8	430	688	5	250	9.99e-65	212
NOMGJMJP_01090	MER0003229	38.129	278	163	6	415	691	2	271	1.06e-51	177
NOMGJMJP_01090	MER0000410	32.959	267	174	3	425	688	13	277	2.16e-43	155
NOMGJMJP_01090	MER0011872	30.882	272	180	5	428	693	16	285	4.86e-34	129
NOMGJMJP_01090	MER0082498	29.762	252	154	7	439	667	12	263	1.51e-27	109
NOMGJMJP_01090	MER0082653	26.400	250	162	7	439	667	16	264	4.05e-21	90.9
NOMGJMJP_01090	MER0004227	27.500	200	141	2	439	635	33	231	1.41e-19	87.0
NOMGJMJP_01090	MER0001920	26.852	216	142	8	479	686	36	243	7.06e-07	48.1
NOMGJMJP_01090	MER0005807	24.481	241	168	7	432	671	34	261	8.34e-07	48.1
NOMGJMJP_01116	MER0002565	38.073	218	115	6	293	509	91	289	1.64e-30	119
NOMGJMJP_01116	MER0017009	31.250	272	171	6	257	517	63	329	1.46e-28	113
NOMGJMJP_01116	MER0017009	40.230	87	45	3	52	131	19	105	3.37e-08	52.4
NOMGJMJP_01116	MER0000332	41.489	188	91	7	309	495	64	233	3.44e-28	110
NOMGJMJP_01116	MER0077555	34.061	229	124	6	293	514	46	254	5.18e-25	101
NOMGJMJP_01116	MER0000315	35.321	218	118	9	301	515	53	250	5.48e-25	101
NOMGJMJP_01116	MER0054318	39.037	187	103	6	309	493	67	244	5.53e-25	102
NOMGJMJP_01116	MER0001928	35.321	218	118	9	301	515	53	250	7.97e-25	100
NOMGJMJP_01116	MER0001520	35.349	215	116	9	301	512	53	247	1.07e-24	100
NOMGJMJP_01116	MER0028365	31.679	262	141	10	301	552	118	351	1.95e-24	102
NOMGJMJP_01116	MER0028365	34.545	110	60	5	29	138	18	115	3.10e-06	46.2
NOMGJMJP_01116	MER0001906	34.862	218	119	9	301	515	53	250	2.52e-24	99.8
NOMGJMJP_01116	MER0000310	33.784	222	129	7	293	512	47	252	4.11e-24	99.0
NOMGJMJP_01116	MER0000320	36.364	220	115	9	286	496	41	244	6.70e-24	99.0
NOMGJMJP_01116	MER0004690	31.154	260	138	8	282	517	72	314	8.30e-24	100
NOMGJMJP_01116	MER0004690	49.206	63	31	1	72	133	27	89	4.93e-10	58.2
NOMGJMJP_01116	MER0000321	31.086	267	151	10	257	515	113	354	2.31e-23	98.6
NOMGJMJP_01116	MER0001709	34.363	259	126	11	281	512	66	307	2.38e-23	98.2
NOMGJMJP_01116	MER0000362	32.982	285	137	13	254	515	48	301	3.53e-23	97.4
NOMGJMJP_01116	MER0002575	34.146	246	129	13	283	515	38	263	6.91e-23	95.5
NOMGJMJP_01116	MER0030016	32.576	264	140	10	257	512	43	276	7.90e-23	95.5
NOMGJMJP_01116	MER0001699	35.821	201	109	7	309	506	62	245	8.72e-23	95.1
NOMGJMJP_01116	MER0016978	35.833	240	96	11	309	514	78	293	1.78e-22	95.1
NOMGJMJP_01116	MER0002562	33.333	270	137	10	273	515	79	332	3.72e-21	92.0
NOMGJMJP_01116	MER0081072	33.755	237	133	8	280	512	31	247	5.27e-21	89.4
NOMGJMJP_01116	MER0002057	32.271	251	121	10	302	509	95	339	1.12e-20	90.9
NOMGJMJP_01116	MER0002267	33.945	218	117	9	309	518	71	269	2.01e-20	88.6
NOMGJMJP_01116	MER0013656	33.493	209	118	7	301	507	52	241	9.44e-20	86.3
NOMGJMJP_01116	MER0000316	32.243	214	124	8	301	512	52	246	1.79e-19	85.5
NOMGJMJP_01116	MER0001521	33.175	211	123	7	301	509	56	250	4.36e-19	84.3
NOMGJMJP_01116	MER0000313	33.175	211	123	7	301	509	56	250	6.12e-19	84.0
NOMGJMJP_01116	MER0000349	30.435	230	135	9	306	513	141	367	6.16e-19	85.9
NOMGJMJP_01116	MER0062058	33.712	264	156	7	257	513	8	259	6.70e-19	85.9
NOMGJMJP_01116	MER0062058	57.692	52	22	0	83	134	1	52	3.42e-13	68.2
NOMGJMJP_01116	MER0005821	30.556	216	126	8	309	514	86	287	6.76e-19	86.3
NOMGJMJP_01116	MER0001725	36.364	209	110	8	293	495	81	272	1.36e-18	84.0
NOMGJMJP_01116	MER0000319	30.317	221	131	7	304	519	64	266	4.28e-18	81.6
NOMGJMJP_01116	MER0001755	32.227	211	125	7	301	509	56	250	5.07e-18	81.3
NOMGJMJP_01116	MER0042897	36.744	215	117	7	301	512	58	256	5.11e-18	81.3
NOMGJMJP_01116	MER0016697	31.010	287	139	12	242	495	37	297	1.69e-17	80.9
NOMGJMJP_01116	MER0001523	32.701	211	124	7	301	509	56	250	1.85e-17	79.7
NOMGJMJP_01116	MER0000312	32.701	211	124	7	301	509	56	250	1.85e-17	79.7
NOMGJMJP_01116	MER0000309	32.353	204	118	7	309	509	63	249	2.11e-17	79.3
NOMGJMJP_01116	MER0000311	33.333	213	126	7	301	512	56	253	5.48e-17	78.2
NOMGJMJP_01116	MER0161312	33.471	242	121	11	309	512	94	333	7.14e-17	79.3
NOMGJMJP_01116	MER0000361	33.597	253	123	13	300	524	93	328	8.08e-17	78.6
NOMGJMJP_01116	MER0000333	34.906	212	118	6	286	495	40	233	2.01e-16	76.6
NOMGJMJP_01116	MER0006023	31.418	261	140	11	273	512	65	307	4.52e-16	76.6
NOMGJMJP_01116	MER0155676	32.773	238	117	12	309	513	125	352	5.00e-16	77.0
NOMGJMJP_01116	MER0016983	34.272	213	97	10	309	499	71	262	1.74e-15	74.3
NOMGJMJP_01116	MER0002790	34.404	218	118	7	309	510	1	209	2.31e-15	72.8
NOMGJMJP_01116	MER0004085	31.797	217	128	8	309	511	96	306	9.15e-15	72.4
NOMGJMJP_01116	MER0000359	34.802	227	107	14	301	514	81	279	1.24e-14	71.6
NOMGJMJP_01116	MER0014744	32.420	219	123	7	309	511	95	304	1.27e-14	72.0
NOMGJMJP_01116	MER0002516	32.766	235	122	13	285	510	57	264	3.15e-14	70.1
NOMGJMJP_01116	MER0006074	31.304	230	128	10	292	512	67	275	4.06e-14	70.1
NOMGJMJP_01116	MER0050309	29.358	218	123	9	309	514	47	245	8.93e-14	70.1
NOMGJMJP_01116	MER0000350	29.249	253	135	8	309	521	90	338	1.24e-13	69.3
NOMGJMJP_01116	MER0000351	32.035	231	108	11	287	494	80	284	1.70e-13	68.2
NOMGJMJP_01116	MER0000358	28.413	271	141	13	309	549	71	318	3.63e-13	67.8
NOMGJMJP_01116	MER0000353	33.778	225	98	12	287	488	131	327	7.59e-13	66.6
NOMGJMJP_01116	MER0002500	31.356	236	116	11	309	514	157	376	8.40e-13	67.0
NOMGJMJP_01116	MER0047718	28.767	292	147	11	257	493	24	309	1.01e-12	66.2
NOMGJMJP_01116	MER0000326	32.301	226	122	9	294	516	61	258	1.17e-12	65.9
NOMGJMJP_01116	MER0000357	33.333	210	101	10	309	503	77	262	1.38e-12	65.5
NOMGJMJP_01116	MER0000356	29.643	280	137	11	309	552	89	344	1.89e-12	65.9
NOMGJMJP_01116	MER0005931	31.651	218	125	6	300	512	23	221	2.67e-12	63.9
NOMGJMJP_01116	MER0016688	31.148	244	123	11	297	509	62	291	2.76e-12	64.7
NOMGJMJP_01116	MER0005078	29.515	227	124	10	292	508	65	265	4.80e-12	63.5
NOMGJMJP_01116	MER0013641	28.511	235	121	9	309	512	83	301	7.53e-12	63.9
NOMGJMJP_01116	MER0006048	25.993	277	136	12	301	512	78	350	1.24e-11	63.2
NOMGJMJP_01116	MER0050310	27.200	250	147	11	309	542	102	332	1.72e-11	63.2
NOMGJMJP_01116	MER0000347	27.632	228	132	7	305	512	115	329	1.82e-11	63.2
NOMGJMJP_01116	MER0024902	25.346	217	143	5	309	512	97	307	3.05e-11	61.6
NOMGJMJP_01116	MER0004123	26.971	241	130	10	305	509	75	305	5.99e-11	60.8
NOMGJMJP_01116	MER0037258	27.308	260	165	9	280	520	49	303	6.81e-11	60.5
NOMGJMJP_01116	MER0019280	29.258	229	135	8	305	517	69	286	8.24e-11	60.1
NOMGJMJP_01116	MER0028258	28.571	266	142	10	292	512	87	349	1.04e-10	60.5
NOMGJMJP_01116	MER0055027	37.662	154	77	8	263	404	21	167	1.11e-10	60.5
NOMGJMJP_01116	MER0005790	29.353	201	101	6	308	492	93	268	1.19e-10	59.3
NOMGJMJP_01116	MER0000338	29.825	228	122	11	309	527	72	270	1.23e-10	59.3
NOMGJMJP_01116	MER0003117	30.303	231	127	10	286	506	52	258	1.74e-10	58.9
NOMGJMJP_01116	MER0003536	27.556	225	127	8	309	512	71	280	2.39e-10	58.5
NOMGJMJP_01116	MER0068994	28.276	290	133	14	292	522	88	361	3.37e-10	58.9
NOMGJMJP_01116	MER0000325	29.911	224	126	10	309	526	70	268	4.84e-10	57.8
NOMGJMJP_01116	MER0001368	24.906	265	134	10	304	512	80	335	5.25e-10	58.2
NOMGJMJP_01116	MER0014300	29.304	273	119	12	293	512	64	315	5.49e-10	58.2
NOMGJMJP_01116	MER0004720	27.753	227	125	9	294	512	65	260	5.53e-10	57.4
NOMGJMJP_01116	MER0006037	30.734	218	116	9	285	493	57	248	6.57e-10	57.4
NOMGJMJP_01116	MER0016986	26.210	248	132	10	309	511	90	331	9.50e-10	57.4
NOMGJMJP_01116	MER0067924	27.935	247	123	11	295	511	53	274	1.01e-09	56.6
NOMGJMJP_01116	MER0000335	28.761	226	120	11	291	508	60	252	1.21e-09	56.2
NOMGJMJP_01116	MER0004988	27.556	225	128	9	309	517	71	276	1.57e-09	56.2
NOMGJMJP_01116	MER0014446	28.634	227	106	10	309	509	197	393	2.02e-09	56.6
NOMGJMJP_01116	MER0005859	28.625	269	106	12	309	514	242	487	2.74e-09	56.2
NOMGJMJP_01116	MER0005712	23.457	324	186	12	242	512	26	340	3.44e-09	55.5
NOMGJMJP_01116	MER0003020	27.059	340	141	18	289	544	197	513	3.80e-09	55.8
NOMGJMJP_01116	MER0000344	30.876	217	105	12	309	508	88	276	4.48e-09	54.7
NOMGJMJP_01116	MER0175622	27.434	226	121	11	309	512	74	278	9.32e-09	53.9
NOMGJMJP_01116	MER0006297	28.910	211	117	11	309	495	265	466	1.14e-08	54.3
NOMGJMJP_01116	MER0001467	27.152	302	149	12	274	512	43	336	1.43e-08	53.5
NOMGJMJP_01116	MER0114485	29.583	240	131	7	292	493	86	325	1.48e-08	53.5
NOMGJMJP_01116	MER0000348	26.316	266	143	8	295	514	73	331	1.58e-08	53.5
NOMGJMJP_01116	MER0087792	24.812	266	165	7	292	524	80	343	1.27e-07	50.4
NOMGJMJP_01116	MER0014310	34.831	89	38	3	444	512	310	398	1.53e-07	50.4
NOMGJMJP_01116	MER0001454	30.682	88	43	2	443	512	240	327	2.09e-07	50.1
NOMGJMJP_01116	MER0005756	24.272	412	207	18	229	543	3	406	3.22e-07	49.7
NOMGJMJP_01116	MER0015431	26.259	278	143	11	288	512	74	342	3.62e-07	49.3
NOMGJMJP_01116	MER0014312	34.831	89	38	3	444	512	312	400	5.53e-07	48.9
NOMGJMJP_01116	MER0016991	27.234	235	129	8	309	514	78	299	7.28e-07	48.1
NOMGJMJP_01116	MER0005757	24.516	310	161	13	304	543	82	388	7.46e-07	48.1
NOMGJMJP_01116	MER0002764	32.367	207	106	12	292	491	74	253	1.19e-06	47.4
NOMGJMJP_01116	MER0014309	31.818	88	42	2	443	512	240	327	1.23e-06	47.4
NOMGJMJP_01116	MER0003256	27.711	166	84	9	309	461	60	202	1.57e-06	46.6
NOMGJMJP_01116	MER0001514	24.151	265	152	7	279	516	33	275	1.89e-06	46.6
NOMGJMJP_01116	MER0015432	23.826	298	157	11	275	512	63	350	2.32e-06	46.6
NOMGJMJP_01116	MER0000364	27.473	273	141	12	257	508	34	270	2.38e-06	46.2
NOMGJMJP_01116	MER0015436	32.143	112	61	4	444	543	354	462	2.39e-06	47.0
NOMGJMJP_01116	MER0014311	33.708	89	39	3	444	512	311	399	2.65e-06	46.6
NOMGJMJP_01116	MER0015437	32.895	76	43	2	444	512	354	428	3.53e-06	46.2
NOMGJMJP_01116	MER0006036	35.616	73	34	1	456	515	371	443	5.32e-06	45.8
NOMGJMJP_01116	MER0000340	29.545	220	119	10	309	512	74	273	5.98e-06	45.1
NOMGJMJP_01116	MER0005034	34.444	90	39	4	443	512	344	433	6.60e-06	45.4
NOMGJMJP_01116	MER0005775	30.769	104	65	3	447	543	375	478	8.13e-06	45.1
NOMGJMJP_01116	MER0005710	30.693	101	57	3	444	531	352	452	8.30e-06	45.1
NOMGJMJP_01116	MER0011813	31.111	90	42	2	443	512	346	435	8.82e-06	45.1
NOMGJMJP_01116	MER0001603	26.639	244	136	8	292	510	43	268	8.95e-06	44.7
NOMGJMJP_01116	MER0000383	23.755	261	150	9	279	512	33	271	9.56e-06	44.3
NOMGJMJP_01116	MER0004652	34.328	67	34	1	456	512	441	507	9.75e-06	45.1
NOMGJMJP_01117	MER0002755	28.713	202	120	8	271	453	4	200	2.39e-11	60.5
NOMGJMJP_01117	MER0091680	27.488	211	127	10	288	479	16	219	2.56e-11	60.5
NOMGJMJP_01117	MER0000997	31.111	180	98	7	298	454	35	211	4.85e-11	59.7
NOMGJMJP_01117	MER0002003	27.083	144	85	3	329	460	82	217	1.13e-10	58.5
NOMGJMJP_01117	MER0002746	28.061	196	121	7	291	469	28	220	2.34e-10	58.2
NOMGJMJP_01117	MER0005328	30.412	194	95	9	285	451	18	198	5.81e-10	56.2
NOMGJMJP_01117	MER0036308	28.750	160	101	5	312	462	58	213	9.23e-10	56.2
NOMGJMJP_01117	MER0011345	26.000	200	113	8	285	460	29	217	9.40e-10	56.2
NOMGJMJP_01117	MER0019759	26.984	189	120	7	298	469	32	219	4.30e-09	54.3
NOMGJMJP_01117	MER0001017	26.601	203	109	8	285	460	29	218	5.72e-09	53.9
NOMGJMJP_01117	MER0012283	25.131	191	126	5	285	461	29	216	2.35e-08	51.6
NOMGJMJP_01117	MER0011440	24.460	139	94	4	329	460	76	210	3.51e-08	51.2
NOMGJMJP_01117	MER0004243	25.373	201	129	5	279	460	18	216	4.35e-08	50.8
NOMGJMJP_01117	MER0019096	26.667	210	117	10	291	482	8	198	1.02e-07	49.7
NOMGJMJP_01117	MER0011423	26.531	147	97	4	321	460	72	214	1.37e-07	49.3
NOMGJMJP_01117	MER0011438	25.683	183	110	9	284	444	16	194	3.81e-07	48.1
NOMGJMJP_01117	MER0019754	25.564	133	92	2	334	460	64	195	4.46e-07	47.8
NOMGJMJP_01117	MER0006264	21.809	188	113	6	298	460	4	182	1.14e-06	46.2
NOMGJMJP_01117	MER0052595	26.087	138	89	4	334	462	89	222	1.23e-06	46.6
NOMGJMJP_01117	MER0001013	26.816	179	113	7	297	460	42	217	2.71e-06	45.8
NOMGJMJP_01117	MER0001009	22.222	162	104	3	323	472	10	161	3.08e-06	45.4
NOMGJMJP_01117	MER0002281	27.368	190	108	9	287	453	29	211	3.28e-06	45.4
NOMGJMJP_01119	MER0001297	43.312	157	84	3	194	349	4	156	1.46e-32	119
NOMGJMJP_01119	MER0003514	41.667	156	84	2	193	346	3	153	2.11e-32	119
NOMGJMJP_01119	MER0003413	39.735	151	89	1	193	343	3	151	1.26e-30	114
NOMGJMJP_01119	MER0003065	41.026	156	87	2	193	347	3	154	4.07e-30	113
NOMGJMJP_01119	MER0004196	42.038	157	88	3	194	349	4	158	3.52e-29	110
NOMGJMJP_01119	MER0001425	40.491	163	86	3	194	349	4	162	5.38e-29	110
NOMGJMJP_01119	MER0015684	38.158	152	93	1	191	342	1	151	6.87e-27	103
NOMGJMJP_01119	MER0005714	34.756	164	85	3	193	342	3	158	3.88e-25	99.4
NOMGJMJP_01119	MER0004195	39.241	158	86	4	194	347	4	155	2.40e-24	96.7
NOMGJMJP_01119	MER0001295	33.010	206	108	6	193	395	3	181	6.20e-21	87.4
NOMGJMJP_01119	MER0011097	27.835	194	111	6	133	315	26	201	2.67e-08	52.4
NOMGJMJP_01151	MER0001295	44.385	187	90	4	379	561	2	178	3.35e-45	156
NOMGJMJP_01151	MER0001425	35.484	186	89	7	385	560	6	170	2.94e-23	94.4
NOMGJMJP_01151	MER0003065	35.000	180	96	5	380	558	3	162	5.40e-23	93.6
NOMGJMJP_01151	MER0003514	32.979	188	93	5	378	558	1	162	1.54e-20	86.3
NOMGJMJP_01151	MER0001297	36.364	143	81	3	378	520	1	133	8.63e-20	84.3
NOMGJMJP_01151	MER0003413	33.333	147	88	2	412	558	27	163	8.68e-20	84.3
NOMGJMJP_01151	MER0004195	33.898	177	100	7	390	562	6	169	3.86e-18	79.3
NOMGJMJP_01151	MER0004196	31.677	161	97	3	400	558	15	164	3.88e-18	79.3
NOMGJMJP_01151	MER0005714	30.319	188	103	6	380	558	3	171	5.35e-15	70.5
NOMGJMJP_01151	MER0015684	32.836	134	81	5	390	519	6	134	8.80e-14	67.0
NOMGJMJP_01155	MER0002443	45.902	122	60	2	44	164	1	117	1.59e-33	112
NOMGJMJP_01155	MER0004035	43.750	112	55	3	53	163	7	111	5.36e-27	95.1
NOMGJMJP_01155	MER0004054	34.746	118	69	5	52	165	9	122	6.64e-22	82.4
NOMGJMJP_01155	MER0003986	35.772	123	72	4	44	164	1	118	6.88e-22	82.4
NOMGJMJP_01155	MER0003808	37.815	119	65	4	44	162	1	110	6.82e-19	74.7
NOMGJMJP_01155	MER0002450	38.017	121	66	5	44	164	1	112	1.71e-18	73.6
NOMGJMJP_01155	MER0003805	36.066	122	69	5	44	165	1	113	1.81e-18	73.6
NOMGJMJP_01155	MER0003807	31.148	122	78	3	44	164	1	117	1.52e-17	71.2
NOMGJMJP_01155	MER0377310	39.640	111	58	5	44	154	1	102	1.08e-16	68.6
NOMGJMJP_01155	MER0377307	39.640	111	58	5	44	154	1	102	1.08e-16	68.6
NOMGJMJP_01155	MER0377178	38.739	111	59	5	44	154	1	102	2.75e-16	67.8
NOMGJMJP_01155	MER0376722	38.462	104	55	4	44	147	1	95	4.14e-14	61.6
NOMGJMJP_01155	MER0377450	36.735	98	54	4	44	141	1	90	4.78e-12	56.2
NOMGJMJP_01155	MER0038100	32.520	123	65	7	54	165	12	127	4.85e-12	57.0
NOMGJMJP_01155	MER0014672	30.973	113	57	3	44	143	1	105	2.48e-11	55.1
NOMGJMJP_01155	MER0014188	32.558	86	51	2	44	128	1	80	3.19e-10	51.6
NOMGJMJP_01155	MER0024252	34.524	84	48	2	56	139	14	90	4.49e-10	51.6
NOMGJMJP_01155	MER0001322	31.858	113	61	5	44	153	1	100	1.53e-09	50.1
NOMGJMJP_01161	MER0001423	55.603	232	103	0	485	716	1	232	5.93e-94	288
NOMGJMJP_01161	MER0000399	40.840	262	141	5	462	716	1	255	1.09e-61	204
NOMGJMJP_01161	MER0000401	39.544	263	152	5	462	720	2	261	5.20e-60	200
NOMGJMJP_01161	MER0000405	37.879	264	151	6	462	714	2	263	4.04e-54	184
NOMGJMJP_01161	MER0058228	40.249	241	141	3	482	720	3	242	4.49e-53	180
NOMGJMJP_01161	MER0011413	37.872	235	142	2	486	716	4	238	4.74e-53	180
NOMGJMJP_01161	MER0005987	41.597	238	131	5	482	715	24	257	1.38e-50	174
NOMGJMJP_01161	MER0011305	40.336	238	131	7	489	720	23	255	2.74e-49	171
NOMGJMJP_01161	MER0013484	40.183	219	127	2	486	700	4	222	1.13e-48	168
NOMGJMJP_01161	MER0004504	37.238	239	126	5	489	712	2	231	2.22e-48	167
NOMGJMJP_01161	MER0005994	36.398	261	158	5	462	716	2	260	3.50e-48	167
NOMGJMJP_01161	MER0004923	38.710	217	129	2	488	700	57	273	4.22e-46	163
NOMGJMJP_01161	MER0011231	40.517	232	129	6	489	715	29	256	5.88e-46	161
NOMGJMJP_01161	MER0005196	33.193	238	158	1	478	715	14	250	1.55e-45	160
NOMGJMJP_01161	MER0000404	34.553	246	152	6	462	700	1	244	1.03e-42	152
NOMGJMJP_01161	MER0004921	32.489	237	147	5	486	715	4	234	7.05e-39	141
NOMGJMJP_01161	MER0000403	32.157	255	161	6	469	715	7	257	6.61e-38	139
NOMGJMJP_01161	MER0192427	36.111	216	129	4	489	700	69	279	9.30e-38	139
NOMGJMJP_01161	MER0004193	35.484	217	135	4	486	699	3	217	5.94e-37	135
NOMGJMJP_01161	MER0195666	33.333	243	150	5	486	720	1	239	2.88e-33	125
NOMGJMJP_01161	MER0004199	35.652	230	132	10	493	716	1	220	2.05e-32	122
NOMGJMJP_01161	MER0003361	30.043	233	146	6	472	697	5	227	5.51e-28	110
NOMGJMJP_01161	MER0005988	34.545	110	71	1	591	699	2	111	1.76e-19	81.6
NOMGJMJP_01161	MER0003558	25.352	213	147	3	499	704	39	246	3.00e-16	76.3
NOMGJMJP_01161	MER0034615	25.311	241	157	6	485	710	9	241	7.09e-16	74.7
NOMGJMJP_01161	MER0005807	25.854	205	141	5	499	699	62	259	9.44e-14	69.3
NOMGJMJP_01161	MER0140224	25.773	194	124	5	522	699	30	219	1.74e-12	64.7
NOMGJMJP_01161	MER0017401	27.686	242	152	9	487	715	8	239	8.54e-12	62.8
NOMGJMJP_01161	MER0018170	21.277	235	163	4	481	698	3	232	1.07e-09	56.6
NOMGJMJP_01161	MER0126485	25.907	193	132	5	528	711	39	229	1.77e-09	55.8
NOMGJMJP_01161	MER0000263	24.481	241	156	7	482	706	2	232	3.39e-09	55.1
NOMGJMJP_01161	MER0030932	29.839	124	80	2	564	680	84	207	6.99e-09	53.9
NOMGJMJP_01161	MER0015682	23.923	209	142	5	499	700	90	288	1.81e-06	47.4
NOMGJMJP_01161	MER0016096	19.920	251	176	7	482	715	2	244	2.26e-06	46.6
NOMGJMJP_01196	MER0001400	46.047	215	106	5	556	762	171	383	4.80e-52	184
NOMGJMJP_01196	MER0001400	39.535	172	99	3	235	404	1	169	4.54e-25	105
NOMGJMJP_01207	MER0001425	45.223	157	82	1	203	355	4	160	3.69e-34	124
NOMGJMJP_01207	MER0003514	39.645	169	99	3	203	371	4	169	5.34e-32	118
NOMGJMJP_01207	MER0001297	37.662	154	94	2	203	356	4	155	3.45e-29	110
NOMGJMJP_01207	MER0004195	36.364	154	97	1	203	356	4	156	3.65e-28	107
NOMGJMJP_01207	MER0003065	38.312	154	93	2	203	356	4	155	2.09e-27	105
NOMGJMJP_01207	MER0004196	38.065	155	94	2	203	356	4	157	2.63e-27	105
NOMGJMJP_01207	MER0003413	38.710	155	92	3	203	356	4	156	6.54e-27	103
NOMGJMJP_01207	MER0015684	33.974	156	103	0	200	355	1	156	3.43e-25	99.0
NOMGJMJP_01207	MER0005714	35.625	160	96	1	204	356	5	164	4.95e-25	99.0
NOMGJMJP_01207	MER0001295	32.335	167	98	3	203	356	4	168	5.76e-19	81.6
NOMGJMJP_01207	MER0078760	29.012	162	86	7	176	324	3	148	8.80e-07	46.6
NOMGJMJP_01207	MER0030235	27.536	138	88	6	201	326	1	138	2.80e-06	45.1
NOMGJMJP_01207	MER0030244	28.986	138	86	6	201	326	12	149	5.09e-06	44.3
NOMGJMJP_01230	MER0016191	29.066	289	187	6	13	288	4	287	8.12e-33	119
NOMGJMJP_01230	MER0016172	25.839	298	205	7	15	301	7	299	4.97e-21	88.2
NOMGJMJP_01230	MER0016185	25.382	327	199	9	10	297	1	321	1.17e-18	81.6
NOMGJMJP_01233	MER0003242	48.197	305	154	2	110	414	2	302	1.78e-106	314
NOMGJMJP_01233	MER0013876	30.795	302	185	7	30	324	1	285	1.97e-36	134
NOMGJMJP_01233	MER0003855	29.967	307	191	8	30	325	1	294	4.68e-34	127
NOMGJMJP_01233	MER0004416	28.276	290	169	9	42	312	11	280	1.66e-24	99.4
NOMGJMJP_01246	MER0059846	34.528	307	192	5	18	317	28	332	5.42e-50	166
NOMGJMJP_01246	MER0199690	26.367	311	204	10	13	300	4	312	4.58e-24	97.1
NOMGJMJP_01246	MER0214074	27.473	182	118	4	133	300	1	182	1.79e-17	75.9
NOMGJMJP_01246	MER0066189	23.695	249	151	10	54	297	9	223	1.46e-06	45.4
NOMGJMJP_01278	MER0003338	61.940	134	51	0	219	352	1	134	2.35e-51	164
NOMGJMJP_01278	MER0003303	57.143	133	54	2	219	351	1	130	9.81e-46	150
NOMGJMJP_01278	MER0013976	52.381	126	57	2	219	344	1	123	1.69e-35	122
NOMGJMJP_01278	MER0017622	28.679	265	156	6	41	289	1	248	2.09e-28	108
NOMGJMJP_01278	MER0003336	37.795	127	74	3	219	344	1	123	1.10e-18	78.6
NOMGJMJP_01278	MER0016969	33.945	109	61	3	219	318	1	107	4.56e-12	60.8
NOMGJMJP_01278	MER0003299	43.182	88	49	1	219	306	1	87	5.43e-11	57.0
NOMGJMJP_01278	MER0034967	24.242	198	114	5	102	278	1	183	6.78e-11	58.2
NOMGJMJP_01278	MER0011465	35.227	88	56	1	219	306	1	87	3.67e-08	48.9
NOMGJMJP_01290	MER0003380	30.709	127	84	4	277	400	106	231	1.81e-06	45.8
NOMGJMJP_01332	MER0003380	32.370	173	93	6	132	281	60	231	2.49e-21	87.4
NOMGJMJP_01332	MER0005300	39.831	118	66	2	172	285	46	162	7.77e-20	81.3
NOMGJMJP_01332	MER0069741	38.947	95	56	2	187	281	70	162	2.48e-18	77.4
NOMGJMJP_01332	MER0003376	33.333	129	66	5	174	285	32	157	3.53e-16	71.6
NOMGJMJP_01332	MER0003906	36.190	105	60	3	187	285	1	104	8.87e-16	68.9
NOMGJMJP_01332	MER0013541	39.535	86	51	1	187	272	1	85	3.54e-15	66.6
NOMGJMJP_01332	MER0003423	37.931	87	51	2	187	271	32	117	2.82e-13	63.2
NOMGJMJP_01332	MER0001419	36.782	87	52	2	187	271	32	117	2.58e-12	60.5
NOMGJMJP_01332	MER0066182	30.769	117	73	3	177	286	76	191	5.20e-11	57.8
NOMGJMJP_01332	MER0387040	33.000	100	65	2	187	285	1	99	6.98e-11	55.1
NOMGJMJP_01332	MER0388771	28.866	97	61	2	187	275	2	98	2.57e-09	51.2
NOMGJMJP_01332	MER0025070	28.866	97	61	2	187	275	6	102	3.05e-09	51.2
NOMGJMJP_01332	MER0015415	32.584	89	58	2	185	272	62	149	3.25e-09	52.0
NOMGJMJP_01388	MER0000443	36.677	319	175	5	63	358	168	482	1.35e-58	207
NOMGJMJP_01402	MER0035017	25.558	403	238	13	593	955	1	381	8.91e-31	122
NOMGJMJP_01402	MER0004090	29.923	391	219	14	585	948	1	363	1.91e-29	118
NOMGJMJP_01402	MER0003800	26.804	388	239	12	583	948	6	370	8.44e-24	102
NOMGJMJP_01402	MER0140154	22.973	296	182	11	609	884	2	271	1.08e-10	61.2
NOMGJMJP_01402	MER0354941	26.570	207	111	6	608	799	10	190	2.22e-10	58.2
NOMGJMJP_01402	MER0006204	26.724	116	80	2	594	705	6	120	3.71e-10	59.7
NOMGJMJP_01402	MER0026262	19.945	366	243	13	594	949	2	327	2.73e-07	50.4
NOMGJMJP_01402	MER0011700	29.808	104	67	4	605	704	14	115	4.15e-06	47.0
NOMGJMJP_01424	MER0028047	59.218	179	70	2	437	615	1	176	6.95e-68	217
NOMGJMJP_01437	MER0005244	34.254	181	119	0	261	441	3	183	1.18e-32	120
NOMGJMJP_01437	MER0005241	30.631	222	130	7	259	460	1	218	1.72e-20	87.4
NOMGJMJP_01437	MER0001284	31.081	148	89	3	263	397	36	183	8.63e-15	70.9
NOMGJMJP_01437	MER0002104	34.127	126	75	4	244	364	51	173	3.15e-12	63.9
NOMGJMJP_01437	MER0005238	35.185	108	65	3	262	364	66	173	1.61e-11	61.6
NOMGJMJP_01437	MER0004514	32.039	103	62	1	263	357	36	138	5.46e-11	59.7
NOMGJMJP_01437	MER0015691	35.714	84	53	1	260	342	50	133	1.94e-09	55.1
NOMGJMJP_01437	MER0005239	28.837	215	112	8	261	438	67	277	6.82e-09	53.9
NOMGJMJP_01437	MER0005139	33.962	106	59	3	250	346	45	148	7.12e-09	53.5
NOMGJMJP_01437	MER0100667	32.673	101	60	3	261	355	22	120	1.49e-08	52.0
NOMGJMJP_01437	MER0005149	31.707	82	54	1	263	342	65	146	3.31e-08	51.6
NOMGJMJP_01437	MER0005131	30.702	114	66	4	260	361	35	147	1.11e-07	49.7
NOMGJMJP_01437	MER0001288	34.146	82	51	2	259	340	19	97	1.29e-07	49.3
NOMGJMJP_01437	MER0001289	23.868	243	163	7	222	453	29	260	1.99e-07	49.3
NOMGJMJP_01437	MER0002161	32.051	78	52	1	262	339	65	141	1.09e-06	47.0
NOMGJMJP_01437	MER0015336	31.034	87	59	1	260	345	59	145	1.49e-06	46.2
NOMGJMJP_01478	MER0048181	33.333	144	78	3	55	182	1	142	6.05e-17	71.6
NOMGJMJP_01478	MER0015472	30.216	139	94	1	51	186	41	179	1.77e-12	61.2
NOMGJMJP_01478	MER0015473	32.653	147	83	5	55	187	37	181	6.13e-11	57.0
NOMGJMJP_01478	MER0015659	34.839	155	85	4	47	196	42	185	2.01e-08	49.7
NOMGJMJP_01478	MER0015462	38.750	80	45	2	50	128	43	119	4.93e-08	48.1
NOMGJMJP_01478	MER0015630	35.099	151	76	7	54	196	52	188	1.75e-07	47.0
NOMGJMJP_01478	MER0015633	30.380	158	88	7	47	196	42	185	2.28e-07	47.0
NOMGJMJP_01478	MER0015686	32.903	155	88	6	47	196	42	185	4.48e-07	45.8
NOMGJMJP_01493	MER0001978	46.481	540	281	5	32	566	19	555	8.61e-165	477
NOMGJMJP_01493	MER0011811	34.073	496	304	8	26	510	13	496	1.03e-83	268
NOMGJMJP_01493	MER0011800	32.099	486	314	8	32	510	19	495	8.34e-80	259
NOMGJMJP_01493	MER0003580	33.024	539	323	14	39	558	26	545	3.54e-72	238
NOMGJMJP_01493	MER0006124	32.176	547	339	18	37	563	24	558	1.25e-71	236
NOMGJMJP_01493	MER0011215	31.898	511	316	14	39	532	3	498	1.68e-67	224
NOMGJMJP_01493	MER0005831	29.837	553	331	17	37	558	24	550	4.79e-65	219
NOMGJMJP_01493	MER0005029	31.707	492	291	15	47	510	1	475	7.19e-65	218
NOMGJMJP_01493	MER0011211	30.373	563	361	16	20	566	9	556	3.04e-64	217
NOMGJMJP_01493	MER0001629	31.685	546	335	17	37	563	24	550	6.34e-64	216
NOMGJMJP_01493	MER0011143	32.158	482	294	15	46	512	33	496	1.47e-61	209
NOMGJMJP_01493	MER0004194	30.855	538	329	19	49	559	2	523	7.29e-59	201
NOMGJMJP_01493	MER0002720	29.961	514	299	16	50	558	17	474	1.28e-52	183
NOMGJMJP_01493	MER0002728	31.250	512	300	18	57	531	47	543	1.77e-52	185
NOMGJMJP_01493	MER0004202	27.605	547	328	16	36	558	6	508	1.46e-51	181
NOMGJMJP_01493	MER0001977	28.740	508	323	14	46	526	33	528	5.62e-47	170
NOMGJMJP_01493	MER0011193	27.500	520	338	19	37	534	21	523	5.74e-38	144
NOMGJMJP_01493	MER0094876	27.306	553	331	16	38	560	2	513	8.40e-36	137
NOMGJMJP_01493	MER0016970	26.679	536	362	17	39	563	25	540	1.22e-34	134
NOMGJMJP_01493	MER0006132	24.496	645	343	19	22	559	15	622	9.54e-32	126
NOMGJMJP_01493	MER0002718	36.458	192	112	4	325	510	3	190	1.38e-29	112
NOMGJMJP_01493	MER0003440	24.826	431	261	16	37	458	24	400	6.96e-29	115
NOMGJMJP_01493	MER0002721	33.990	203	103	5	375	549	37	236	6.16e-25	100
NOMGJMJP_01493	MER0026205	36.649	191	115	6	375	563	37	223	7.02e-25	100
NOMGJMJP_01493	MER0001976	36.158	177	97	8	375	549	37	199	4.83e-18	80.1
NOMGJMJP_01493	MER0026204	28.426	197	126	5	49	241	36	221	1.95e-16	75.9
NOMGJMJP_01493	MER0026207	28.042	189	108	5	375	563	37	197	8.24e-15	70.1
NOMGJMJP_01493	MER0037241	27.673	159	102	3	88	243	80	228	2.95e-10	57.4
NOMGJMJP_01493	MER0159283	27.473	182	100	5	39	215	9	163	5.33e-08	51.6
NOMGJMJP_01493	MER0016605	28.796	191	101	6	31	215	2	163	1.39e-07	50.4
NOMGJMJP_01517	MER0042827	58.065	93	39	0	987	1079	1	93	1.98e-30	112
NOMGJMJP_01518	MER0001212	31.529	314	160	10	126	415	10	292	1.08e-32	125
NOMGJMJP_01518	MER0011257	29.560	318	175	13	122	424	6	289	1.88e-28	113
NOMGJMJP_01518	MER0011155	30.068	296	158	11	127	409	12	271	8.45e-27	108
NOMGJMJP_01518	MER0021822	27.829	327	171	11	114	410	2	293	8.63e-27	108
NOMGJMJP_01518	MER0003004	29.260	311	169	11	124	410	3	286	2.67e-26	107
NOMGJMJP_01518	MER0001196	32.039	309	155	17	158	440	22	301	1.97e-25	104
NOMGJMJP_01518	MER0011253	26.706	337	191	11	123	440	8	307	1.99e-25	104
NOMGJMJP_01518	MER0001608	30.249	281	153	9	124	392	6	255	4.04e-25	103
NOMGJMJP_01518	MER0011311	30.000	310	166	13	130	419	12	290	1.21e-24	102
NOMGJMJP_01518	MER0011312	33.333	255	133	11	173	411	44	277	8.19e-24	100
NOMGJMJP_01518	MER0011153	27.027	296	165	13	127	408	12	270	2.88e-23	98.2
NOMGJMJP_01518	MER0016044	29.555	247	134	9	201	427	70	296	5.04e-23	97.4
NOMGJMJP_01518	MER0005814	32.068	237	127	8	173	391	43	263	8.65e-23	97.1
NOMGJMJP_01518	MER0003006	28.767	292	161	12	156	424	5	272	1.76e-22	95.5
NOMGJMJP_01518	MER0001190	28.939	311	167	13	127	419	12	286	1.38e-21	93.2
NOMGJMJP_01518	MER0013421	30.364	247	135	10	191	419	60	287	2.10e-21	92.8
NOMGJMJP_01518	MER0001191	29.260	311	166	13	127	419	12	286	2.47e-21	92.4
NOMGJMJP_01518	MER0011256	28.024	339	179	17	127	440	1	299	4.90e-21	91.3
NOMGJMJP_01518	MER0011255	27.515	338	184	16	127	440	12	312	5.07e-21	91.7
NOMGJMJP_01518	MER0011254	29.617	287	162	12	173	440	44	309	7.41e-21	91.3
NOMGJMJP_01518	MER0003003	29.661	236	130	7	201	412	70	293	2.87e-20	89.7
NOMGJMJP_01518	MER0045266	30.290	241	118	9	127	351	3	209	4.89e-20	88.6
NOMGJMJP_01518	MER0011308	32.245	245	129	10	173	400	44	268	6.19e-20	88.2
NOMGJMJP_01518	MER0011506	29.073	313	167	14	127	420	12	288	1.04e-19	87.8
NOMGJMJP_01518	MER0005813	25.902	305	176	9	127	411	12	286	1.26e-19	87.8
NOMGJMJP_01518	MER0023950	28.679	265	144	10	124	371	8	244	3.78e-19	86.3
NOMGJMJP_01518	MER0011681	29.439	214	117	6	201	390	69	272	1.44e-18	84.7
NOMGJMJP_01518	MER0003908	28.962	183	108	4	191	364	60	229	2.70e-18	83.6
NOMGJMJP_01518	MER0004975	28.033	239	128	8	129	358	14	217	3.38e-18	83.2
NOMGJMJP_01518	MER0011258	29.412	255	145	9	185	422	111	347	6.25e-18	83.2
NOMGJMJP_01518	MER0017121	31.064	235	129	9	201	419	69	286	7.99e-18	82.0
NOMGJMJP_01518	MER0013456	32.035	231	107	13	201	408	69	272	1.40e-17	81.3
NOMGJMJP_01518	MER0011307	28.322	286	156	12	127	396	12	264	8.61e-17	79.0
NOMGJMJP_01518	MER0001193	29.054	296	158	14	157	424	24	295	1.18e-16	78.6
NOMGJMJP_01518	MER0011260	26.724	232	127	8	127	348	12	210	1.58e-16	78.2
NOMGJMJP_01518	MER0011485	28.571	196	108	8	173	355	43	219	4.45e-16	77.0
NOMGJMJP_01518	MER0001189	25.417	240	153	6	201	427	69	295	1.57e-15	75.1
NOMGJMJP_01518	MER0004959	30.890	191	99	6	179	363	49	212	2.05e-15	75.9
NOMGJMJP_01518	MER0011412	27.111	225	128	7	188	395	50	255	1.89e-14	72.0
NOMGJMJP_01518	MER0002357	29.480	173	96	4	201	355	71	235	3.40e-14	71.6
NOMGJMJP_01518	MER0037222	27.686	242	131	8	127	358	12	219	7.10e-14	70.1
NOMGJMJP_01518	MER0011251	25.417	240	137	9	124	353	8	215	1.58e-11	63.2
NOMGJMJP_01518	MER0001202	29.289	239	142	11	173	394	43	271	2.11e-11	63.5
NOMGJMJP_01518	MER0013471	23.827	277	153	9	126	401	10	229	3.50e-11	62.8
NOMGJMJP_01518	MER0015694	30.000	230	123	11	193	408	116	321	4.13e-10	59.3
NOMGJMJP_01518	MER0015121	23.053	321	171	11	138	434	15	283	5.93e-10	58.9
NOMGJMJP_01518	MER0030212	22.257	319	182	12	127	419	10	288	6.95e-10	58.5
NOMGJMJP_01518	MER0001198	22.581	310	197	9	142	421	12	308	1.04e-09	57.8
NOMGJMJP_01518	MER0003428	24.275	276	170	13	173	419	43	308	1.04e-09	57.8
NOMGJMJP_01518	MER0003889	27.391	230	134	8	135	345	5	220	1.22e-09	58.2
NOMGJMJP_01518	MER0003495	26.032	315	159	15	130	414	14	284	3.39e-09	56.2
NOMGJMJP_01518	MER0001205	24.670	227	119	8	190	392	61	259	1.94e-08	53.5
NOMGJMJP_01518	MER0001207	33.333	96	60	1	190	285	61	152	2.22e-08	53.9
NOMGJMJP_01518	MER0005410	23.297	279	164	11	179	419	49	315	3.48e-08	53.5
NOMGJMJP_01518	MER0026952	22.939	279	165	10	179	419	49	315	4.54e-07	49.7
NOMGJMJP_01518	MER0001505	25.926	216	141	7	187	391	48	255	7.58e-06	45.4
NOMGJMJP_01524	MER0003817	30.303	165	73	7	64	224	23	149	1.56e-06	47.8
NOMGJMJP_01524	MER0003428	26.257	179	86	7	54	224	9	149	3.62e-06	46.6
NOMGJMJP_01532	MER0001421	54.523	398	178	3	16	412	1	396	3.87e-157	446
NOMGJMJP_01532	MER0028941	25.990	404	251	12	6	404	1	361	1.19e-19	86.7
NOMGJMJP_01532	MER0369336	25.795	283	193	7	130	404	36	309	1.44e-18	82.8
NOMGJMJP_01546	MER0034563	29.915	117	80	2	19	135	15	129	2.22e-13	64.7
NOMGJMJP_01546	MER0036072	25.573	262	160	9	17	249	77	332	7.57e-13	64.3
NOMGJMJP_01546	MER0036053	24.088	274	157	7	13	248	1	261	1.61e-12	62.8
NOMGJMJP_01546	MER0035038	30.435	92	62	1	20	109	30	121	9.27e-12	60.8
NOMGJMJP_01546	MER0014065	29.464	112	75	2	9	116	21	132	2.26e-11	59.7
NOMGJMJP_01546	MER0035032	30.435	92	62	1	20	109	31	122	2.38e-11	59.7
NOMGJMJP_01546	MER0036115	31.068	103	69	1	17	117	32	134	3.09e-11	59.3
NOMGJMJP_01546	MER0031610	34.951	103	64	2	19	119	53	154	5.85e-11	58.5
NOMGJMJP_01546	MER0035044	30.435	92	62	1	20	109	33	124	7.98e-11	58.2
NOMGJMJP_01546	MER0213280	27.731	119	82	2	20	134	30	148	1.53e-10	57.4
NOMGJMJP_01546	MER0031611	31.429	105	65	3	16	115	35	137	1.81e-10	57.0
NOMGJMJP_01546	MER0036084	20.522	268	183	9	1	249	1	257	9.37e-10	54.7
NOMGJMJP_01546	MER0031619	25.676	148	96	4	17	152	25	170	2.44e-09	53.5
NOMGJMJP_01546	MER0017177	28.571	112	77	2	9	117	23	134	5.26e-09	52.8
NOMGJMJP_01546	MER0031617	24.348	115	83	2	9	119	21	135	5.80e-09	52.4
NOMGJMJP_01546	MER0004146	31.304	115	69	4	9	115	7	119	6.09e-09	52.0
NOMGJMJP_01546	MER0044900	34.821	112	63	4	19	121	93	203	1.10e-08	52.0
NOMGJMJP_01546	MER0017033	22.222	243	163	6	19	245	63	295	3.46e-08	50.1
NOMGJMJP_01546	MER0036065	25.926	135	78	3	19	146	1	120	8.00e-08	48.9
NOMGJMJP_01546	MER0036075	27.350	117	81	3	3	115	53	169	1.22e-07	48.5
NOMGJMJP_01546	MER0044578	29.412	102	65	4	21	115	74	175	1.92e-07	48.1
NOMGJMJP_01546	MER0044581	28.431	102	66	4	21	115	72	173	2.06e-07	48.1
NOMGJMJP_01546	MER0026339	32.203	118	76	3	6	119	8	125	2.12e-07	47.8
NOMGJMJP_01546	MER0035042	31.313	99	61	3	20	112	35	132	3.71e-07	47.0
NOMGJMJP_01546	MER0017142	29.204	113	74	3	8	119	1	108	4.04e-07	46.6
NOMGJMJP_01546	MER0035043	28.090	89	62	1	20	106	35	123	5.09e-07	46.6
NOMGJMJP_01546	MER0025512	26.471	136	95	4	10	142	39	172	8.29e-07	45.8
NOMGJMJP_01546	MER0017193	24.684	158	109	3	7	154	12	169	8.38e-07	45.8
NOMGJMJP_01546	MER0044633	24.742	194	129	8	21	205	74	259	1.16e-06	45.8
NOMGJMJP_01546	MER0037236	28.814	118	75	3	5	115	4	119	1.88e-06	44.7
NOMGJMJP_01546	MER0036059	30.631	111	60	4	21	115	46	155	1.99e-06	45.1
NOMGJMJP_01547	MER0001244	40.909	264	141	6	175	426	2	262	5.75e-59	191
NOMGJMJP_01547	MER0013463	37.262	263	150	4	174	425	1	259	9.17e-52	172
NOMGJMJP_01547	MER0028601	32.963	270	155	9	176	425	3	266	5.13e-44	152
NOMGJMJP_01547	MER0001733	31.615	291	156	5	176	425	3	291	3.95e-43	150
NOMGJMJP_01547	MER0005462	30.417	240	141	5	174	409	1	218	5.29e-33	121
NOMGJMJP_01547	MER0004931	32.365	241	137	5	175	411	2	220	9.58e-33	120
NOMGJMJP_01547	MER0001248	34.426	244	106	9	231	426	16	253	1.59e-32	120
NOMGJMJP_01547	MER0004532	31.818	242	128	6	175	407	2	215	7.14e-30	112
NOMGJMJP_01547	MER0005715	29.362	235	140	6	175	403	2	216	1.68e-24	98.2
NOMGJMJP_01547	MER0001250	24.912	285	149	11	176	407	3	275	6.19e-14	68.9
NOMGJMJP_01547	MER0002038	22.917	240	156	6	175	408	2	218	4.76e-13	65.5
NOMGJMJP_01547	MER0027437	25.306	245	142	10	174	400	1	222	1.11e-11	61.6
NOMGJMJP_01547	MER0013929	24.569	232	146	9	178	400	5	216	2.66e-06	45.4
NOMGJMJP_01561	MER0014135	41.825	263	153	0	184	446	1	263	8.01e-75	233
NOMGJMJP_01561	MER0026213	28.155	103	65	2	324	425	128	222	2.33e-08	52.0
NOMGJMJP_01568	MER0003327	47.297	222	100	7	2	216	1	212	3.80e-57	189
NOMGJMJP_01568	MER0012158	35.103	339	146	11	2	268	1	337	2.47e-55	188
NOMGJMJP_01568	MER0003350	42.029	207	96	6	2	185	1	206	1.55e-46	160
NOMGJMJP_01568	MER0185695	39.189	222	129	3	2	218	1	221	7.66e-45	155
NOMGJMJP_01568	MER0003322	37.799	209	99	6	2	182	1	206	4.92e-38	136
NOMGJMJP_01568	MER0003314	33.103	145	84	4	2	134	1	144	9.92e-16	74.7
NOMGJMJP_01568	MER0011806	31.387	137	88	3	2	134	1	135	5.39e-14	68.9
NOMGJMJP_01568	MER0004101	31.387	137	88	3	2	134	1	135	8.71e-14	68.2
NOMGJMJP_01568	MER0011781	28.502	207	136	7	2	203	1	200	7.46e-13	65.5
NOMGJMJP_01591	MER0001284	28.378	148	92	3	67	212	4	139	2.38e-11	60.8
NOMGJMJP_01591	MER0100667	33.019	106	65	3	111	215	24	124	6.10e-10	55.8
NOMGJMJP_01591	MER0194228	38.889	72	43	1	146	216	14	85	7.60e-08	49.3
NOMGJMJP_01591	MER0001289	38.889	72	43	1	146	216	90	161	1.28e-07	49.7
NOMGJMJP_01591	MER0004514	22.115	208	126	6	111	314	36	211	5.38e-07	47.4
NOMGJMJP_01592	MER0168983	25.806	155	98	4	274	424	1	142	2.35e-11	59.3
NOMGJMJP_01592	MER0168177	26.144	153	95	5	274	421	1	140	2.83e-08	50.4
NOMGJMJP_01592	MER0005331	25.962	208	123	7	249	439	12	205	2.96e-08	51.2
NOMGJMJP_01592	MER0002755	24.651	215	128	7	246	440	2	202	8.84e-07	46.6
NOMGJMJP_01592	MER0012283	28.800	125	72	4	252	372	19	130	2.72e-06	45.4
NOMGJMJP_01592	MER0002968	24.599	187	123	7	265	437	26	208	4.59e-06	44.7
NOMGJMJP_01592	MER0011345	20.455	220	148	6	246	449	13	221	6.26e-06	44.7
NOMGJMJP_01592	MER0002746	25.000	204	131	7	277	459	23	225	7.07e-06	44.3
NOMGJMJP_01604	MER0015424	32.265	499	248	21	101	514	19	512	1.04e-44	166
NOMGJMJP_01604	MER0114485	32.061	262	146	8	112	346	72	328	1.19e-16	79.7
NOMGJMJP_01604	MER0016991	28.775	351	181	17	79	390	4	324	5.71e-16	77.0
NOMGJMJP_01604	MER0000349	32.031	256	124	13	114	347	116	343	5.46e-15	74.3
NOMGJMJP_01604	MER0019280	30.159	252	149	7	105	343	24	261	1.37e-13	69.3
NOMGJMJP_01604	MER0016688	27.941	272	138	11	147	390	74	315	3.92e-12	65.1
NOMGJMJP_01604	MER0068994	28.044	271	146	11	128	353	90	356	2.34e-11	63.2
NOMGJMJP_01604	MER0014446	34.783	115	54	4	287	388	319	425	4.03e-11	62.8
NOMGJMJP_01604	MER0002500	30.516	213	127	6	143	345	152	353	2.50e-10	60.1
NOMGJMJP_01604	MER0002267	31.048	248	122	13	147	386	71	277	5.41e-10	58.2
NOMGJMJP_01604	MER0003536	30.153	262	131	12	123	358	41	276	5.51e-10	58.2
NOMGJMJP_01604	MER0000351	32.524	206	106	9	147	345	106	285	5.81e-10	58.2
NOMGJMJP_01604	MER0161312	29.297	256	134	11	147	369	94	335	7.89e-10	58.2
NOMGJMJP_01604	MER0028258	26.165	279	172	9	147	393	104	380	1.09e-09	57.8
NOMGJMJP_01604	MER0000321	30.093	216	100	10	146	345	154	334	1.83e-08	53.9
NOMGJMJP_01604	MER0000353	28.767	219	107	8	130	338	148	327	5.47e-08	52.4
NOMGJMJP_01604	MER0030016	30.374	214	95	10	147	345	85	259	6.12e-08	51.6
NOMGJMJP_01604	MER0005859	32.174	115	66	2	287	393	387	497	2.19e-07	50.8
NOMGJMJP_01604	MER0000311	35.514	107	50	4	288	393	187	275	3.97e-07	49.3
NOMGJMJP_01604	MER0000347	32.773	119	66	5	287	401	255	363	4.29e-07	50.1
NOMGJMJP_01604	MER0005790	28.780	205	107	7	147	342	94	268	5.58e-07	48.9
NOMGJMJP_01604	MER0047718	40.000	70	42	0	276	345	242	311	9.08e-07	48.5
NOMGJMJP_01604	MER0001454	24.735	283	154	9	128	358	48	323	1.12e-06	48.1
NOMGJMJP_01604	MER0005712	32.000	125	68	6	284	393	256	378	2.58e-06	47.4
NOMGJMJP_01604	MER0015431	26.374	182	104	7	231	393	210	380	3.08e-06	47.0
NOMGJMJP_01604	MER0014328	34.118	85	43	2	287	358	274	358	3.09e-06	47.0
NOMGJMJP_01604	MER0015433	30.233	129	67	6	282	392	348	471	3.57e-06	47.0
NOMGJMJP_01604	MER0004123	28.125	256	132	10	128	346	53	293	3.61e-06	46.6
NOMGJMJP_01604	MER0015437	30.081	123	64	4	282	390	349	463	4.07e-06	47.0
NOMGJMJP_01604	MER0005824	40.323	62	35	1	291	350	424	485	4.18e-06	47.0
NOMGJMJP_01604	MER0067924	37.681	138	57	7	235	368	164	276	7.16e-06	45.4
NOMGJMJP_01604	MER0003020	43.333	60	34	0	284	343	405	464	8.22e-06	45.8
NOMGJMJP_01604	MER0175622	34.862	109	60	4	287	388	193	297	8.38e-06	45.4
NOMGJMJP_01607	MER0192051	28.283	198	125	9	38	227	98	286	3.87e-10	57.4
NOMGJMJP_01617	MER0001322	36.792	106	54	4	128	228	1	98	1.82e-15	67.8
NOMGJMJP_01617	MER0014188	39.560	91	49	3	128	217	1	86	2.75e-14	64.3
NOMGJMJP_01617	MER0002443	43.902	82	43	3	138	217	11	91	3.98e-13	61.2
NOMGJMJP_01617	MER0003807	37.234	94	55	4	128	218	1	93	3.73e-12	58.9
NOMGJMJP_01617	MER0024252	31.624	117	70	4	140	250	14	126	7.16e-12	58.2
NOMGJMJP_01617	MER0003986	37.634	93	54	4	128	217	1	92	2.49e-11	56.6
NOMGJMJP_01617	MER0003808	32.039	103	66	3	128	229	1	100	1.46e-10	54.3
NOMGJMJP_01617	MER0376722	33.333	90	57	2	128	217	1	87	2.13e-10	53.1
NOMGJMJP_01617	MER0377310	32.692	104	64	4	128	229	1	100	9.12e-10	52.0
NOMGJMJP_01617	MER0377307	32.692	104	64	4	128	229	1	100	9.12e-10	52.0
NOMGJMJP_01617	MER0002450	32.692	104	64	4	128	229	1	100	9.98e-10	52.0
NOMGJMJP_01617	MER0003805	31.868	91	59	2	128	218	1	88	3.61e-09	50.4
NOMGJMJP_01617	MER0004035	40.506	79	44	3	140	217	10	86	3.87e-09	50.1
NOMGJMJP_01617	MER0377450	32.609	92	57	3	128	218	1	88	6.81e-09	48.9
NOMGJMJP_01617	MER0377178	33.654	104	63	4	128	229	1	100	1.47e-08	48.5
NOMGJMJP_01617	MER0004054	35.632	87	50	5	136	217	9	94	3.42e-07	45.1
