OEJGADCK_00025	MER0023251	29.496	139	74	5	548	670	136	266	8.64e-06	47.8
OEJGADCK_00067	MER0026494	33.755	474	288	7	23	478	2	467	1.15e-79	253
OEJGADCK_00067	MER0015142	30.720	472	303	8	25	478	33	498	2.68e-65	216
OEJGADCK_00067	MER0026471	29.400	483	311	6	23	483	3	477	5.26e-65	214
OEJGADCK_00067	MER0026485	32.710	214	122	7	23	222	2	207	1.16e-24	100
OEJGADCK_00067	MER0026485	34.409	93	61	0	386	478	212	304	5.06e-11	60.5
OEJGADCK_00067	MER0003397	31.925	213	114	7	30	222	7	208	9.80e-24	98.2
OEJGADCK_00067	MER0003397	32.584	89	60	0	386	474	213	301	1.50e-10	58.9
OEJGADCK_00067	MER0052470	24.870	386	260	11	90	460	69	439	1.06e-18	85.1
OEJGADCK_00067	MER0057434	29.126	206	126	7	30	222	1	199	1.36e-15	74.3
OEJGADCK_00067	MER0057434	29.885	87	61	0	384	470	202	288	9.16e-07	47.4
OEJGADCK_00067	MER0369972	32.192	146	82	8	43	185	5	136	5.58e-09	54.7
OEJGADCK_00067	MER0001272	30.841	107	62	3	104	204	60	160	2.27e-07	48.9
OEJGADCK_00098	MER0002655	25.469	373	270	7	4	375	10	375	1.30e-34	128
OEJGADCK_00098	MER0003770	26.462	359	258	6	1	359	3	355	2.24e-32	122
OEJGADCK_00098	MER0002013	27.368	380	241	11	7	367	21	384	3.78e-32	122
OEJGADCK_00098	MER0005155	24.479	384	256	10	4	368	11	379	2.03e-27	108
OEJGADCK_00098	MER0002007	26.761	355	249	9	4	354	18	365	2.43e-27	108
OEJGADCK_00098	MER0002014	25.455	385	249	13	2	367	16	381	8.25e-26	104
OEJGADCK_00098	MER0002659	24.479	384	250	14	4	367	18	381	2.63e-22	94.4
OEJGADCK_00098	MER0005163	36.364	154	89	5	4	155	9	155	2.48e-19	83.6
OEJGADCK_00098	MER0015354	33.117	154	94	5	4	155	18	164	4.33e-17	77.8
OEJGADCK_00098	MER0003815	31.818	154	96	5	4	155	18	164	1.59e-15	73.2
OEJGADCK_00098	MER0005173	32.667	150	94	4	7	155	5	148	3.77e-15	72.8
OEJGADCK_00098	MER0014418	26.852	324	203	12	5	323	19	313	9.36e-15	71.6
OEJGADCK_00098	MER0003581	31.875	160	96	6	48	198	1	156	6.66e-12	62.8
OEJGADCK_00098	MER0002664	31.288	163	83	8	4	158	8	149	1.66e-11	61.2
OEJGADCK_00129	MER0003376	32.500	120	70	4	115	234	26	134	6.85e-14	65.1
OEJGADCK_00129	MER0013541	34.737	95	50	3	144	238	5	87	6.50e-12	57.4
OEJGADCK_00129	MER0001419	37.255	102	50	4	140	239	32	121	1.96e-11	57.8
OEJGADCK_00129	MER0003423	35.922	103	52	4	139	239	31	121	3.04e-11	57.0
OEJGADCK_00129	MER0069741	33.673	98	52	3	142	239	72	156	3.35e-09	52.0
OEJGADCK_00129	MER0003380	32.323	99	55	3	142	240	140	226	7.18e-09	52.0
OEJGADCK_00129	MER0387040	33.708	89	49	3	155	239	7	89	3.20e-06	42.0
OEJGADCK_00147	MER0005139	31.797	217	121	9	109	306	62	270	5.04e-18	79.7
OEJGADCK_00147	MER0100667	25.000	244	145	9	91	325	5	219	9.31e-13	63.5
OEJGADCK_00147	MER0001284	26.667	270	164	9	66	326	3	247	1.70e-12	63.5
OEJGADCK_00147	MER0005131	28.444	225	142	7	110	326	38	251	2.07e-12	63.2
OEJGADCK_00147	MER0002161	25.329	304	166	11	44	326	14	277	2.09e-12	63.5
OEJGADCK_00147	MER0015691	35.238	105	60	3	109	212	52	149	3.72e-12	62.4
OEJGADCK_00147	MER0015336	29.000	200	126	7	110	305	62	249	2.36e-11	60.1
OEJGADCK_00147	MER0194228	25.701	214	130	6	124	330	1	192	1.63e-10	56.6
OEJGADCK_00147	MER0001289	25.532	235	137	8	108	330	60	268	1.85e-10	57.8
OEJGADCK_00147	MER0004514	24.898	245	148	10	66	301	3	220	1.99e-10	57.4
OEJGADCK_00147	MER0002104	32.692	104	62	3	110	212	67	163	7.17e-10	55.8
OEJGADCK_00147	MER0005238	33.654	104	61	3	110	212	67	163	1.05e-09	55.5
OEJGADCK_00147	MER0037181	25.630	238	128	9	110	325	66	276	1.14e-09	55.5
OEJGADCK_00147	MER0005239	32.456	114	68	3	102	213	61	167	3.31e-09	53.9
OEJGADCK_00147	MER0005149	28.571	140	82	3	53	191	18	140	7.88e-09	52.8
OEJGADCK_00147	MER0001911	31.967	122	72	3	89	209	19	130	1.32e-08	51.6
OEJGADCK_00147	MER0005152	34.118	85	49	1	110	194	60	137	7.58e-08	49.7
OEJGADCK_00147	MER0005244	35.632	87	48	2	108	194	3	81	8.70e-08	48.9
OEJGADCK_00147	MER0005241	35.955	89	50	4	108	194	3	86	1.23e-07	48.9
OEJGADCK_00147	MER0032443	28.821	229	136	9	110	325	39	253	5.37e-07	47.0
OEJGADCK_00147	MER0001288	32.967	91	50	4	107	197	20	99	1.98e-06	45.1
