GCABJBFN_00009	MER0005196	56.379	243	106	0	462	704	8	250	3.84e-99	302
GCABJBFN_00009	MER0001423	46.320	231	123	1	476	705	2	232	1.86e-69	224
GCABJBFN_00009	MER0058228	41.921	229	131	2	470	696	1	229	1.36e-64	211
GCABJBFN_00009	MER0011413	40.724	221	127	2	473	689	1	221	2.18e-54	184
GCABJBFN_00009	MER0004923	39.640	222	130	2	472	689	51	272	1.07e-50	175
GCABJBFN_00009	MER0013484	35.714	238	148	3	473	705	1	238	5.65e-50	172
GCABJBFN_00009	MER0004921	35.965	228	133	5	473	693	1	222	1.91e-46	162
GCABJBFN_00009	MER0192427	37.179	234	139	4	459	689	50	278	2.06e-46	163
GCABJBFN_00009	MER0005994	31.008	258	171	5	453	705	5	260	1.32e-45	160
GCABJBFN_00009	MER0000399	34.866	261	155	6	452	705	3	255	2.07e-43	154
GCABJBFN_00009	MER0004504	38.342	193	114	3	479	667	2	193	2.79e-41	147
GCABJBFN_00009	MER0000401	34.298	242	149	6	470	705	20	257	1.89e-38	140
GCABJBFN_00009	MER0195666	34.783	207	125	4	476	675	1	204	2.05e-38	139
GCABJBFN_00009	MER0005987	33.790	219	138	5	483	697	35	250	1.00e-37	138
GCABJBFN_00009	MER0000404	32.927	246	152	7	452	689	3	243	2.33e-36	134
GCABJBFN_00009	MER0000405	34.862	218	135	5	477	689	33	248	4.90e-36	134
GCABJBFN_00009	MER0011305	34.583	240	148	7	463	697	8	243	9.03e-36	132
GCABJBFN_00009	MER0004199	33.040	227	141	7	483	705	1	220	2.89e-33	124
GCABJBFN_00009	MER0011231	34.322	236	147	6	467	697	17	249	6.65e-32	122
GCABJBFN_00009	MER0003361	34.884	215	128	6	461	672	6	211	6.48e-29	112
GCABJBFN_00009	MER0004193	30.890	191	127	4	476	663	3	191	7.53e-29	112
GCABJBFN_00009	MER0000403	26.718	262	182	5	452	707	3	260	9.70e-27	107
GCABJBFN_00009	MER0017401	30.667	225	138	9	486	700	16	232	2.32e-18	82.0
GCABJBFN_00009	MER0005988	34.545	110	71	1	581	689	2	111	1.17e-15	70.5
GCABJBFN_00009	MER0034615	25.410	244	141	5	471	690	5	231	2.64e-14	70.1
GCABJBFN_00009	MER0018170	25.263	190	124	4	484	660	20	204	1.89e-13	67.8
GCABJBFN_00009	MER0003558	24.339	189	131	2	489	670	39	222	9.44e-13	65.9
GCABJBFN_00009	MER0000408	23.729	236	154	6	471	689	7	233	2.48e-12	64.3
GCABJBFN_00009	MER0005807	25.822	213	131	5	489	689	62	259	2.96e-12	64.7
GCABJBFN_00009	MER0015682	28.205	195	125	5	486	676	87	270	1.37e-11	63.2
GCABJBFN_00009	MER0000263	32.258	124	72	4	471	589	1	117	1.43e-11	62.0
GCABJBFN_00009	MER0011583	25.688	218	138	6	486	689	19	226	1.56e-10	58.9
GCABJBFN_00009	MER0126485	28.333	180	111	5	486	655	12	183	9.62e-10	56.6
GCABJBFN_00009	MER0016096	21.186	236	159	7	472	689	2	228	1.75e-08	52.8
GCABJBFN_00009	MER0006027	21.681	226	148	8	482	689	24	238	8.76e-08	50.8
GCABJBFN_00009	MER0030932	23.737	198	130	4	519	705	55	242	6.68e-07	48.1
GCABJBFN_00009	MER0001920	22.172	221	150	5	484	689	14	227	1.54e-06	47.0
GCABJBFN_00009	MER0022823	26.667	165	110	6	525	678	73	237	3.72e-06	46.2
GCABJBFN_00051	MER0000589	52.000	50	24	0	464	513	179	228	1.88e-11	61.2
GCABJBFN_00051	MER0013626	31.373	102	51	3	435	518	50	150	5.23e-10	55.1
GCABJBFN_00054	MER0035036	23.596	178	126	3	28	199	54	227	8.91e-08	48.9
GCABJBFN_00054	MER0015631	27.513	189	102	5	61	237	50	215	2.68e-06	44.3
GCABJBFN_00054	MER0015473	25.325	154	96	4	62	199	36	186	6.83e-06	43.1
GCABJBFN_00055	MER0015473	32.243	214	93	7	41	248	19	186	3.12e-14	66.6
GCABJBFN_00055	MER0015472	24.091	220	105	5	39	251	24	188	2.88e-09	52.4
GCABJBFN_00055	MER0030047	27.807	187	79	5	63	248	3	134	3.11e-08	48.5
GCABJBFN_00055	MER0015459	39.583	48	29	0	56	103	48	95	4.02e-08	49.7
GCABJBFN_00055	MER0035036	23.923	209	103	5	38	242	65	221	1.83e-07	47.8
GCABJBFN_00055	MER0015632	23.039	204	83	5	54	247	41	180	3.52e-07	46.6
GCABJBFN_00055	MER0015630	25.352	213	86	6	56	258	51	200	7.30e-07	45.8
GCABJBFN_00055	MER0017194	28.646	192	84	4	58	245	64	206	1.28e-06	45.1
GCABJBFN_00055	MER0015458	24.631	203	89	6	56	245	50	201	2.94e-06	44.3
GCABJBFN_00055	MER0047976	32.075	53	36	0	46	98	1	53	4.40e-06	43.1
GCABJBFN_00055	MER0015633	36.364	55	35	0	56	110	48	102	4.96e-06	43.1
GCABJBFN_00063	MER0034539	37.143	175	105	4	2	174	1	172	4.56e-28	108
GCABJBFN_00063	MER0033254	30.702	228	116	13	2	218	1	197	3.65e-16	75.5
GCABJBFN_00063	MER0011781	29.412	204	99	8	2	166	1	198	4.48e-10	57.4
GCABJBFN_00063	MER0011806	32.374	139	80	5	40	166	63	199	1.12e-09	56.2
GCABJBFN_00063	MER0004101	34.586	133	73	5	46	166	69	199	3.16e-09	54.7
GCABJBFN_00063	MER0012158	36.111	72	44	2	41	110	82	153	1.31e-06	47.4
GCABJBFN_00063	MER0003350	34.722	72	45	2	41	110	82	153	2.44e-06	45.4
GCABJBFN_00070	MER0002639	42.941	170	93	1	88	257	11	176	2.38e-44	145
GCABJBFN_00070	MER0002642	43.293	164	89	1	88	251	11	170	4.65e-40	134
GCABJBFN_00070	MER0042387	32.759	174	106	6	84	253	11	177	1.43e-16	73.2
GCABJBFN_00070	MER0026552	28.931	159	100	5	91	246	12	160	4.64e-13	63.2
GCABJBFN_00070	MER0026496	29.341	167	107	5	90	246	97	262	3.92e-12	62.0
GCABJBFN_00070	MER0031491	29.050	179	100	10	93	254	20	188	1.19e-09	53.9
GCABJBFN_00099	MER0056525	50.211	237	115	2	403	638	1	235	1.62e-79	249
GCABJBFN_00099	MER0011748	50.644	233	112	2	403	634	1	231	8.89e-77	243
GCABJBFN_00099	MER0005496	48.696	230	117	1	403	632	1	229	9.47e-77	243
GCABJBFN_00099	MER0015609	49.785	233	112	2	403	634	1	229	2.23e-76	242
GCABJBFN_00099	MER0011224	45.217	230	125	1	403	632	1	229	1.34e-70	227
GCABJBFN_00099	MER0023544	44.348	230	127	1	403	632	1	229	3.05e-69	223
GCABJBFN_00099	MER0015195	45.455	231	123	3	403	632	1	229	1.10e-66	216
GCABJBFN_00099	MER0002605	43.723	231	126	2	403	632	1	228	2.69e-64	210
GCABJBFN_00099	MER0015194	43.723	231	125	2	404	632	2	229	5.02e-63	206
GCABJBFN_00099	MER0002600	41.558	231	132	2	403	632	1	229	1.32e-62	205
GCABJBFN_00099	MER0171760	37.778	270	157	5	368	632	1	264	3.54e-62	204
GCABJBFN_00099	MER0014306	40.435	230	136	1	403	632	1	229	2.31e-58	194
GCABJBFN_00099	MER0004454	40.969	227	133	1	403	628	1	227	1.12e-56	190
GCABJBFN_00099	MER0024898	43.103	232	129	3	403	632	1	231	6.34e-56	188
GCABJBFN_00099	MER0002602	39.574	235	136	2	404	632	2	236	6.33e-52	177
GCABJBFN_00099	MER0015199	41.558	231	130	2	403	628	1	231	7.11e-52	177
GCABJBFN_00099	MER0005466	38.793	232	136	3	404	629	2	233	2.09e-51	174
GCABJBFN_00099	MER0001620	38.723	235	137	3	403	630	1	235	1.42e-47	166
GCABJBFN_00099	MER0002563	36.752	234	138	3	404	627	2	235	1.30e-45	159
GCABJBFN_00099	MER0002408	37.179	234	138	5	403	629	1	232	3.50e-44	155
GCABJBFN_00099	MER0017637	37.872	235	134	4	404	627	2	235	1.69e-42	150
GCABJBFN_00099	MER0015193	36.709	237	140	6	403	631	1	235	2.14e-40	144
GCABJBFN_00099	MER0011745	32.911	237	148	6	403	631	1	234	2.75e-39	142
GCABJBFN_00099	MER0015137	33.755	237	146	6	403	631	1	234	2.84e-39	142
GCABJBFN_00099	MER0015197	34.259	216	135	4	415	626	13	225	6.16e-39	141
GCABJBFN_00099	MER0002608	37.555	229	139	3	404	628	2	230	4.92e-36	133
GCABJBFN_00099	MER0190705	34.199	231	141	3	404	632	1	222	1.04e-35	131
GCABJBFN_00099	MER0005755	37.156	218	125	3	404	618	2	210	1.19e-35	131
GCABJBFN_00099	MER0015690	38.532	218	122	6	403	608	1	218	1.20e-35	132
GCABJBFN_00099	MER0011120	38.991	218	121	6	403	608	1	218	4.96e-35	130
GCABJBFN_00099	MER0190577	32.456	228	140	3	403	627	1	217	4.71e-34	127
GCABJBFN_00099	MER0002197	34.322	236	140	4	403	633	1	226	1.52e-33	126
GCABJBFN_00099	MER0014324	35.088	228	134	4	403	627	1	217	1.82e-33	125
GCABJBFN_00099	MER0024900	31.250	224	143	4	404	624	2	217	2.99e-29	113
GCABJBFN_00099	MER0001246	30.220	182	115	3	414	592	1	173	1.66e-19	83.2
GCABJBFN_00099	MER0015204	26.908	249	145	8	404	618	2	247	1.23e-17	80.9
GCABJBFN_00121	MER0004146	24.506	253	169	6	12	250	16	260	4.79e-12	61.2
GCABJBFN_00121	MER0031614	23.755	261	178	8	6	257	74	322	5.98e-12	61.6
GCABJBFN_00121	MER0017177	22.337	291	169	9	16	257	35	317	2.50e-11	59.7
GCABJBFN_00121	MER0014065	32.558	86	55	1	29	114	48	130	2.88e-11	59.7
GCABJBFN_00121	MER0210990	38.961	77	44	1	38	114	54	127	1.18e-09	54.7
GCABJBFN_00121	MER0017033	24.242	264	168	10	3	250	52	299	1.67e-09	54.3
GCABJBFN_00121	MER0183709	25.090	279	175	11	1	256	22	289	8.13e-09	52.0
GCABJBFN_00121	MER0031617	23.556	225	153	7	2	211	22	242	1.02e-08	51.6
GCABJBFN_00121	MER0037236	24.219	256	180	6	5	250	9	260	1.96e-08	50.8
GCABJBFN_00121	MER0044581	32.203	118	72	3	2	114	58	172	2.50e-08	50.8
GCABJBFN_00121	MER0011785	22.712	295	177	9	2	254	22	307	5.40e-08	49.7
GCABJBFN_00121	MER0036057	23.904	251	159	10	16	250	63	297	9.48e-08	48.9
GCABJBFN_00121	MER0036056	22.179	257	173	6	12	251	76	322	1.21e-07	48.5
GCABJBFN_00121	MER0017142	28.283	99	59	2	16	113	15	102	1.76e-07	47.8
GCABJBFN_00121	MER0044578	32.432	111	67	3	9	114	67	174	3.54e-07	47.4
GCABJBFN_00121	MER0036076	24.419	258	172	11	1	249	48	291	1.16e-06	45.4
GCABJBFN_00121	MER0044900	29.808	104	63	3	18	114	97	197	1.37e-06	45.4
GCABJBFN_00183	MER0026262	26.286	350	218	11	24	356	2	328	2.09e-25	104
GCABJBFN_00183	MER0003800	24.468	376	234	15	18	355	8	371	1.31e-19	87.8
GCABJBFN_00183	MER0011700	24.804	383	212	15	23	365	1	347	6.83e-19	85.1
GCABJBFN_00183	MER0028284	23.529	357	243	9	23	374	1	332	1.83e-18	83.6
GCABJBFN_00183	MER0002489	25.460	326	214	10	19	336	5	309	2.05e-18	83.6
GCABJBFN_00183	MER1143079	26.100	341	173	15	29	351	2	281	1.47e-17	80.1
GCABJBFN_00183	MER0004154	22.404	366	232	13	25	369	3	337	1.22e-16	78.2
GCABJBFN_00183	MER0017069	23.867	331	215	9	33	354	5	307	1.47e-16	77.8
GCABJBFN_00183	MER0003802	30.688	189	112	7	26	211	4	176	7.07e-16	75.5
GCABJBFN_00183	MER0354941	28.877	187	116	7	39	210	11	195	8.68e-16	72.8
GCABJBFN_00183	MER0219770	23.588	301	190	7	38	329	14	283	5.03e-15	72.8
GCABJBFN_00183	MER0000457	23.955	359	207	13	25	362	8	321	5.29e-15	73.2
GCABJBFN_00183	MER0004090	25.798	376	212	18	24	354	10	363	1.43e-14	72.4
GCABJBFN_00183	MER0006204	23.393	389	235	16	24	370	6	373	7.51e-14	70.1
GCABJBFN_00183	MER0140154	23.714	350	220	11	38	355	1	335	1.16e-13	68.9
GCABJBFN_00183	MER0005925	29.787	188	114	8	29	204	8	189	1.32e-13	68.9
GCABJBFN_00183	MER0005836	24.242	198	129	4	23	208	10	198	6.69e-13	65.5
GCABJBFN_00183	MER0005964	23.121	346	220	13	37	366	19	334	2.24e-11	62.0
GCABJBFN_00183	MER0000459	25.610	328	194	14	27	336	12	307	2.94e-11	61.6
GCABJBFN_00183	MER0000463	25.692	253	151	12	27	266	1	229	1.41e-10	59.7
GCABJBFN_00183	MER0011718	27.979	193	124	5	26	208	1	188	2.03e-09	56.2
GCABJBFN_00183	MER0005923	33.058	121	77	3	15	133	1	119	3.08e-09	55.8
GCABJBFN_00183	MER0015683	25.773	194	127	6	22	208	22	205	1.02e-08	53.5
GCABJBFN_00183	MER0034963	30.769	156	97	5	26	178	9	156	1.57e-08	53.5
GCABJBFN_00183	MER0356183	26.809	235	155	6	43	263	1	232	1.29e-07	49.7
GCABJBFN_00183	MER0192873	25.106	235	149	9	76	290	2	229	9.50e-07	47.0
GCABJBFN_00183	MER0034964	30.000	110	74	1	25	134	8	114	1.28e-06	47.4
GCABJBFN_00183	MER0122661	23.488	281	185	11	45	313	21	283	2.12e-06	46.6
GCABJBFN_00207	MER0003380	32.903	155	70	6	22	170	106	232	2.20e-11	61.2
GCABJBFN_00207	MER0069741	31.452	124	56	4	47	170	69	163	1.74e-09	54.3
GCABJBFN_00207	MER0013541	31.313	99	44	3	60	158	11	85	5.43e-07	44.7
GCABJBFN_00207	MER0003423	28.662	157	74	6	19	172	13	134	6.65e-07	45.8
GCABJBFN_00207	MER0003376	27.108	166	73	7	1	157	9	135	1.54e-06	45.4
GCABJBFN_00207	MER0001419	28.662	157	74	6	19	172	13	134	5.06e-06	43.5
GCABJBFN_00257	MER0005807	23.684	190	121	6	34	215	34	207	9.03e-06	44.3
GCABJBFN_00314	MER0004035	39.640	111	60	3	589	698	7	111	3.08e-21	86.3
GCABJBFN_00314	MER0002443	39.286	112	63	2	589	699	10	117	9.82e-21	85.1
GCABJBFN_00314	MER0004054	38.400	125	68	5	581	700	2	122	1.51e-19	82.0
GCABJBFN_00314	MER0003986	34.711	121	73	3	580	698	1	117	1.80e-16	73.2
GCABJBFN_00314	MER0003807	38.053	113	63	4	589	699	10	117	3.31e-16	72.4
GCABJBFN_00314	MER0377310	36.607	112	61	6	580	690	1	103	5.75e-12	59.7
GCABJBFN_00314	MER0377307	36.607	112	61	6	580	690	1	103	5.75e-12	59.7
GCABJBFN_00314	MER0003805	33.333	120	70	5	580	698	1	111	6.06e-12	60.1
GCABJBFN_00314	MER0002450	36.607	112	61	6	580	690	1	103	6.70e-12	59.7
GCABJBFN_00314	MER0377178	36.036	111	63	5	580	690	1	103	8.60e-11	56.6
GCABJBFN_00314	MER0024252	39.759	83	44	3	592	674	14	90	2.70e-10	55.5
GCABJBFN_00314	MER0003808	34.211	114	63	6	580	691	1	104	9.10e-10	53.9
GCABJBFN_00314	MER0031199	40.000	60	36	0	596	655	1	60	1.35e-09	52.0
GCABJBFN_00314	MER0014188	33.945	109	61	4	580	686	1	100	6.36e-09	51.2
GCABJBFN_00314	MER0014672	31.461	89	48	1	580	655	1	89	1.15e-08	50.8
GCABJBFN_00314	MER0377450	32.323	99	58	4	580	677	1	91	1.61e-08	49.7
GCABJBFN_00314	MER0376722	34.000	100	55	5	580	677	1	91	2.91e-08	48.9
GCABJBFN_00320	MER0078640	37.875	367	191	9	11	360	1	347	4.30e-72	225
GCABJBFN_00320	MER0060647	38.122	362	202	6	11	361	1	351	5.30e-71	223
GCABJBFN_00320	MER0044812	42.975	242	122	4	138	366	1	239	3.01e-62	196
GCABJBFN_00320	MER0043540	38.865	229	135	3	138	365	1	225	4.19e-53	172
GCABJBFN_00320	MER0045945	41.176	204	115	4	161	364	15	213	8.63e-47	156
GCABJBFN_00320	MER0115185	51.724	145	68	1	215	359	1	143	3.81e-45	149
GCABJBFN_00320	MER0436691	32.342	269	139	5	101	364	14	244	4.75e-42	144
GCABJBFN_00320	MER0046161	38.636	220	116	4	161	366	33	247	1.32e-41	144
GCABJBFN_00320	MER0044882	29.560	159	93	6	202	346	3	156	3.77e-10	55.5
GCABJBFN_00320	MER0045094	23.529	170	104	5	192	346	26	184	6.57e-07	47.0
GCABJBFN_00360	MER0015475	30.000	180	113	5	25	194	8	184	1.58e-17	75.5
GCABJBFN_00370	MER0039993	39.972	703	403	10	25	715	1	696	3.50e-169	499
GCABJBFN_00370	MER0014366	37.819	706	413	12	19	714	22	711	6.45e-150	450
GCABJBFN_00370	MER0217397	36.029	680	421	8	43	714	5	678	3.48e-139	421
GCABJBFN_00370	MER0501051	40.856	257	143	8	23	275	2	253	8.06e-52	182
GCABJBFN_00370	MER0501051	42.384	151	83	3	566	715	253	400	8.72e-32	125
GCABJBFN_00380	MER0001161	41.410	681	386	7	4	674	1	678	3.14e-178	520
GCABJBFN_00380	MER0001158	36.858	662	412	5	17	674	18	677	2.75e-148	443
GCABJBFN_00380	MER0006087	34.588	691	416	15	12	675	18	699	1.08e-128	394
GCABJBFN_00380	MER0015119	33.521	710	420	18	12	675	14	717	2.08e-120	372
GCABJBFN_00380	MER0108144	31.644	651	415	12	43	674	23	662	1.81e-97	311
GCABJBFN_00380	MER0001149	32.500	600	381	12	84	674	92	676	4.79e-95	305
GCABJBFN_00380	MER0001942	33.444	601	374	13	84	674	92	676	8.18e-93	299
GCABJBFN_00380	MER0003110	30.071	705	410	17	33	674	31	715	2.32e-89	291
GCABJBFN_00380	MER0001153	30.934	653	411	17	48	674	54	692	2.81e-79	263
GCABJBFN_00380	MER0079465	29.877	569	357	17	128	674	86	634	1.04e-66	228
GCABJBFN_00380	MER0015170	25.926	567	387	13	106	669	89	625	5.40e-51	184
GCABJBFN_00380	MER0001156	26.143	700	432	26	5	651	17	684	4.22e-42	159
GCABJBFN_00380	MER0021317	34.848	66	43	0	438	503	22	87	1.17e-07	47.0
GCABJBFN_00503	MER0001243	40.574	244	143	2	12	253	6	249	1.64e-64	200
GCABJBFN_00503	MER0001342	39.834	241	145	0	13	253	7	247	3.22e-57	181
GCABJBFN_00503	MER0005690	38.333	240	147	1	14	253	8	246	6.99e-57	180
GCABJBFN_00503	MER0015127	38.494	239	146	1	15	253	9	246	6.67e-53	170
GCABJBFN_00503	MER0015128	36.287	237	145	3	20	253	14	247	5.97e-51	165
GCABJBFN_00503	MER0013929	35.124	242	156	1	12	253	6	246	6.02e-46	152
GCABJBFN_00503	MER0013589	34.711	242	157	1	12	253	2	242	1.49e-45	150
GCABJBFN_00503	MER0013450	33.065	248	163	3	9	254	1	247	2.18e-44	148
GCABJBFN_00503	MER0010972	25.105	239	161	2	15	253	9	229	1.01e-19	82.8
GCABJBFN_00503	MER0004931	24.631	203	143	3	10	211	4	197	2.12e-16	73.6
GCABJBFN_00503	MER0003880	27.638	199	121	5	32	218	10	197	9.57e-15	69.7
GCABJBFN_00503	MER0024896	31.250	112	77	0	12	123	6	117	1.34e-14	70.1
GCABJBFN_00503	MER0024896	27.481	131	88	2	129	253	337	466	2.17e-11	60.5
GCABJBFN_00503	MER0004532	25.871	201	138	3	12	211	6	196	1.40e-11	59.7
GCABJBFN_00503	MER0011746	25.234	214	141	6	20	220	14	221	7.02e-11	58.5
GCABJBFN_00503	MER0001728	28.507	221	139	7	7	214	1	215	7.78e-11	58.5
GCABJBFN_00503	MER0002038	26.543	162	110	5	79	237	69	224	3.81e-09	52.8
GCABJBFN_00503	MER0005462	22.400	250	167	4	7	255	1	224	8.25e-09	51.6
GCABJBFN_00503	MER0001244	21.818	220	149	5	7	209	1	214	1.05e-07	48.9
GCABJBFN_00503	MER0013463	22.053	263	166	9	12	254	6	249	5.51e-07	46.6
GCABJBFN_00515	MER0002251	47.639	233	116	4	2	231	1	230	7.72e-71	213
GCABJBFN_00515	MER0001335	37.004	227	136	4	4	227	3	225	7.01e-47	152
GCABJBFN_00544	MER0037236	28.571	252	158	6	13	243	11	261	1.36e-26	101
GCABJBFN_00544	MER0004146	25.670	261	161	10	10	243	7	261	1.33e-19	82.4
GCABJBFN_00544	MER0031611	24.715	263	169	7	17	253	35	294	1.39e-13	65.9
GCABJBFN_00544	MER0036066	23.265	245	159	8	22	242	1	240	3.92e-13	63.9
GCABJBFN_00544	MER0036074	26.500	200	113	8	85	251	188	386	5.38e-11	58.9
GCABJBFN_00544	MER0017033	24.201	219	140	6	45	243	88	300	1.82e-10	57.0
GCABJBFN_00544	MER0035973	27.485	171	108	4	83	242	121	286	2.02e-10	56.6
GCABJBFN_00544	MER0036057	20.988	243	164	7	22	243	63	298	4.70e-10	55.8
GCABJBFN_00544	MER0036053	21.591	264	166	6	17	243	4	263	3.02e-09	53.1
GCABJBFN_00544	MER0036076	22.897	214	136	8	47	241	88	291	2.46e-08	50.4
GCABJBFN_00544	MER0031610	21.721	244	161	8	22	241	55	292	1.41e-07	48.1
GCABJBFN_00544	MER0003537	23.858	197	120	6	81	249	88	282	1.44e-07	48.1
GCABJBFN_00544	MER0033259	25.600	250	161	9	13	249	22	259	2.16e-07	47.4
GCABJBFN_00544	MER0036068	23.837	172	114	4	87	241	122	293	5.23e-07	46.6
GCABJBFN_00544	MER0011785	30.328	122	69	4	14	123	27	144	7.87e-07	46.2
GCABJBFN_00544	MER0011509	30.702	114	61	4	20	121	37	144	8.12e-07	46.2
GCABJBFN_00544	MER0036067	23.140	242	158	10	22	240	52	288	3.80e-06	43.9
GCABJBFN_00570	MER0023167	27.236	246	125	10	80	299	32	249	2.87e-15	71.6
GCABJBFN_00570	MER0031234	24.664	223	143	6	80	296	38	241	3.79e-14	68.2
GCABJBFN_00570	MER0002302	27.523	218	127	9	80	291	2	194	2.40e-11	59.3
GCABJBFN_00570	MER0002418	25.909	220	128	9	80	291	2	194	3.22e-11	58.9
GCABJBFN_00570	MER0014577	24.424	217	142	8	80	291	1	200	3.68e-10	55.8
GCABJBFN_00570	MER0002233	26.794	209	124	6	90	295	14	196	7.38e-10	55.1
GCABJBFN_00570	MER0364556	24.348	230	137	9	81	296	1	207	2.22e-09	53.5
GCABJBFN_00570	MER0003659	26.168	214	114	7	90	291	14	195	2.57e-09	53.5
GCABJBFN_00570	MER0021143	26.047	215	118	8	85	291	11	192	2.68e-09	53.5
GCABJBFN_00570	MER0012044	26.484	219	131	9	80	291	2	197	3.45e-09	53.1
GCABJBFN_00570	MER0005561	26.818	220	121	9	90	297	14	205	7.96e-09	52.0
GCABJBFN_00570	MER0000659	23.502	217	140	6	80	291	1	196	9.39e-09	52.0
GCABJBFN_00570	MER0026797	27.313	227	121	12	80	291	2	199	1.12e-08	51.6
GCABJBFN_00570	MER0014557	25.221	226	124	12	79	291	1	194	1.65e-08	51.2
GCABJBFN_00570	MER0000628	25.000	224	131	12	79	291	1	198	2.70e-08	50.4
GCABJBFN_00570	MER0005817	24.242	231	136	8	79	291	1	210	3.16e-08	50.4
GCABJBFN_00570	MER0000644	26.341	205	124	6	90	291	13	193	3.41e-08	50.1
GCABJBFN_00570	MER0000629	25.118	211	128	6	87	291	12	198	4.15e-08	50.1
GCABJBFN_00570	MER0000705	26.339	224	139	8	79	291	1	209	4.58e-08	50.1
GCABJBFN_00570	MER0011062	24.766	214	123	8	88	291	12	197	1.28e-07	48.1
GCABJBFN_00570	MER0001693	25.225	222	126	10	80	291	1	192	1.38e-07	48.5
GCABJBFN_00570	MER0003469	28.017	232	125	14	81	297	3	207	1.63e-07	48.1
GCABJBFN_00570	MER0000646	26.941	219	121	10	81	291	3	190	1.75e-07	48.1
GCABJBFN_00570	MER0023118	27.027	222	111	10	93	297	17	204	2.72e-07	47.4
GCABJBFN_00570	MER0118868	24.268	239	145	11	80	311	2	211	3.07e-07	47.4
GCABJBFN_00570	MER0011796	22.807	228	138	9	80	298	1	199	3.19e-07	47.4
GCABJBFN_00570	MER0012045	25.751	233	129	10	80	297	2	205	4.70e-07	46.6
GCABJBFN_00570	MER0136439	23.585	212	131	9	93	295	15	204	8.81e-07	45.8
GCABJBFN_00570	MER0023122	25.316	237	143	10	79	297	1	221	8.94e-07	46.2
GCABJBFN_00570	MER0006249	24.424	217	123	8	93	297	17	204	1.32e-06	45.4
GCABJBFN_00570	MER0000657	24.359	234	127	10	80	291	1	206	1.36e-06	45.4
GCABJBFN_00570	MER0004515	26.201	229	123	12	80	297	2	195	1.39e-06	45.4
GCABJBFN_00570	MER0002789	26.009	223	126	9	90	297	14	212	1.45e-06	45.4
GCABJBFN_00570	MER0052377	27.184	206	123	13	90	291	12	194	1.59e-06	45.1
GCABJBFN_00570	MER0012069	24.400	250	147	11	80	321	1	216	1.60e-06	45.1
GCABJBFN_00570	MER0012032	24.038	208	126	7	92	291	16	199	1.94e-06	45.1
GCABJBFN_00570	MER0002377	25.676	222	124	12	80	291	1	191	2.57e-06	44.3
GCABJBFN_00570	MER0004455	22.120	217	140	8	81	291	1	194	6.12e-06	43.1
GCABJBFN_00570	MER0005819	21.849	238	140	10	81	290	11	230	6.19e-06	43.5
GCABJBFN_00570	MER0049575	25.847	236	124	11	80	297	2	204	6.26e-06	43.5
GCABJBFN_00570	MER0013512	24.091	220	131	10	80	291	1	192	6.64e-06	43.1
GCABJBFN_00570	MER0002901	22.764	246	131	12	79	291	9	228	7.38e-06	43.5
GCABJBFN_00570	MER0001692	24.348	230	134	10	79	291	1	207	9.97e-06	42.7
GCABJBFN_00600	MER0013876	50.299	334	165	1	28	361	1	333	7.90e-113	339
GCABJBFN_00600	MER0003855	30.357	336	193	9	28	331	1	327	1.77e-37	140
GCABJBFN_00600	MER0003242	32.353	272	153	11	108	361	5	263	2.06e-27	109
GCABJBFN_00600	MER0004416	29.921	254	159	4	30	269	3	251	9.16e-25	101
GCABJBFN_00606	MER0492485	33.824	136	90	0	12	147	11	146	1.16e-26	95.9
GCABJBFN_00613	MER0014366	38.778	704	397	9	30	717	27	712	3.11e-163	484
GCABJBFN_00613	MER0039993	37.252	706	414	9	31	717	1	696	4.52e-157	468
GCABJBFN_00613	MER0217397	36.714	700	395	13	45	717	1	679	4.71e-151	452
GCABJBFN_00613	MER0501051	39.300	257	151	4	30	284	3	256	2.66e-53	186
GCABJBFN_00613	MER0501051	42.568	148	82	2	571	716	253	399	1.24e-30	121
GCABJBFN_00622	MER0001299	36.287	474	282	7	78	537	52	519	1.42e-83	269
GCABJBFN_00622	MER0011114	42.857	189	99	3	327	510	181	365	7.25e-41	149
GCABJBFN_00622	MER0011114	29.851	201	138	2	88	286	2	201	1.08e-17	82.0
GCABJBFN_00622	MER0321345	44.444	180	98	1	333	510	1	180	7.06e-40	140
GCABJBFN_00622	MER0321345	26.203	187	133	3	85	269	1	184	4.98e-10	56.2
GCABJBFN_00622	MER0003812	44.444	180	98	1	333	510	1	180	1.60e-39	140
GCABJBFN_00622	MER0003812	26.064	188	134	3	85	270	1	185	9.44e-10	55.5
GCABJBFN_00622	MER0013957	34.286	175	115	0	333	507	1	175	1.05e-24	98.6
GCABJBFN_00622	MER0013957	28.986	138	88	4	140	273	56	187	4.18e-07	47.4
GCABJBFN_00622	MER0044046	35.429	175	106	4	339	510	7	177	1.45e-19	83.6
GCABJBFN_00622	MER0001300	35.028	177	92	8	345	510	9	173	3.37e-17	77.0
GCABJBFN_00622	MER0001303	22.857	175	126	3	333	503	1	170	1.74e-07	48.9
GCABJBFN_00631	MER0000485	49.160	238	120	1	572	808	1	238	7.72e-72	233
GCABJBFN_00631	MER0000495	43.426	251	129	3	572	811	1	249	2.00e-59	199
GCABJBFN_00631	MER0003442	46.798	203	101	3	608	805	21	221	2.31e-54	184
GCABJBFN_00631	MER0000488	42.553	235	123	4	572	800	1	229	5.47e-53	181
GCABJBFN_00631	MER0011056	45.894	207	105	3	604	805	17	221	1.10e-52	179
GCABJBFN_00631	MER0011057	45.813	203	103	3	608	805	21	221	1.07e-51	177
GCABJBFN_00631	MER0003443	45.500	200	103	3	604	797	21	220	5.32e-50	172
GCABJBFN_00631	MER0014970	35.842	279	134	2	572	805	1	279	3.12e-49	172
GCABJBFN_00631	MER0004236	47.486	179	84	2	627	801	85	257	9.42e-45	159
GCABJBFN_00631	MER0000496	41.176	204	111	3	593	789	76	277	8.37e-41	149
GCABJBFN_00631	MER0108906	38.136	236	137	4	572	804	1	230	2.28e-37	137
GCABJBFN_00631	MER0005837	37.220	223	117	5	573	777	2	219	1.04e-36	135
GCABJBFN_00631	MER0026213	32.903	155	95	2	658	809	111	259	4.63e-21	90.5
GCABJBFN_00631	MER0017402	32.447	188	115	4	625	807	23	203	1.75e-19	85.1
GCABJBFN_00631	MER0003859	28.571	154	103	2	652	805	79	225	1.41e-13	68.2
GCABJBFN_00631	MER0003359	31.844	179	110	5	630	801	45	218	1.23e-11	62.4
GCABJBFN_00631	MER0017403	28.472	144	85	3	668	810	75	201	3.55e-07	48.9
GCABJBFN_00631	MER0003017	26.974	152	96	4	662	809	22	162	1.12e-06	46.2
GCABJBFN_00631	MER0003018	30.108	93	60	1	665	757	73	160	4.83e-06	45.4
GCABJBFN_00647	MER0014140	36.000	75	41	3	152	223	195	265	2.93e-06	46.2
GCABJBFN_00708	MER0015121	30.400	125	68	4	36	141	32	156	4.62e-08	51.2
GCABJBFN_00708	MER0033175	39.189	74	43	2	57	128	94	167	2.10e-07	48.9
GCABJBFN_00708	MER0038626	33.803	71	46	1	59	128	68	138	2.18e-07	47.4
GCABJBFN_00708	MER0033174	37.838	74	44	2	57	128	92	165	2.53e-07	47.8
GCABJBFN_00708	MER0034711	31.579	95	57	2	54	147	62	149	3.80e-07	46.6
GCABJBFN_00708	MER0038627	31.250	80	51	2	62	137	74	153	1.72e-06	45.1
GCABJBFN_00708	MER0033176	31.765	85	50	2	62	145	68	145	1.93e-06	44.7
GCABJBFN_00708	MER0038671	35.135	74	46	2	56	128	60	132	4.37e-06	43.5
GCABJBFN_00708	MER0001505	32.979	94	55	2	41	126	34	127	7.27e-06	43.9
GCABJBFN_00740	MER0017371	32.432	185	101	10	72	244	26	198	4.10e-17	75.1
GCABJBFN_00740	MER0031558	29.121	182	102	7	78	235	53	231	7.03e-17	75.5
GCABJBFN_00740	MER0017353	28.641	206	126	8	73	268	27	221	9.65e-17	73.9
GCABJBFN_00740	MER0034962	25.616	203	134	7	70	264	27	220	3.24e-16	72.4
GCABJBFN_00740	MER0031556	28.571	189	123	5	68	253	61	240	4.49e-16	73.2
GCABJBFN_00740	MER0017248	25.221	226	150	8	53	265	47	266	5.24e-16	72.8
GCABJBFN_00740	MER0017367	27.602	221	139	8	58	268	12	221	5.52e-16	72.0
GCABJBFN_00740	MER0017244	25.893	224	152	6	50	267	46	261	5.92e-16	72.4
GCABJBFN_00740	MER0017368	27.397	219	129	8	78	268	32	248	3.22e-15	70.1
GCABJBFN_00740	MER0031564	25.446	224	142	7	57	268	11	221	2.09e-14	67.4
GCABJBFN_00740	MER0017374	23.707	232	156	8	46	267	21	241	9.35e-14	66.2
GCABJBFN_00740	MER0017377	23.581	229	154	8	49	267	3	220	3.30e-13	64.3
GCABJBFN_00740	MER0017250	24.779	226	151	8	49	265	3	218	3.78e-13	63.9
GCABJBFN_00740	MER0017375	24.878	205	135	7	73	268	27	221	5.23e-13	63.5
GCABJBFN_00740	MER0017243	26.190	210	120	9	40	224	69	268	1.02e-12	63.9
GCABJBFN_00740	MER0033244	27.419	186	109	8	74	237	30	211	1.23e-12	63.2
GCABJBFN_00740	MER0017256	25.000	228	152	8	49	267	42	259	2.13e-12	62.4
GCABJBFN_00740	MER0035185	29.012	162	103	6	69	225	23	177	4.69e-12	60.8
GCABJBFN_00740	MER0017246	23.729	236	153	9	15	224	12	246	1.24e-11	60.5
GCABJBFN_00740	MER0031557	27.513	189	118	7	68	253	61	233	1.93e-11	59.7
GCABJBFN_00740	MER0031566	23.348	227	153	8	49	265	3	218	7.05e-11	57.4
GCABJBFN_00740	MER0017378	21.633	245	164	8	47	267	3	243	1.25e-09	54.3
GCABJBFN_00740	MER0031568	21.681	226	160	7	50	267	4	220	2.02e-09	53.5
GCABJBFN_00740	MER0017240	29.839	124	77	3	110	224	13	135	4.21e-09	52.0
GCABJBFN_00740	MER0017373	23.116	199	132	8	49	237	3	190	5.79e-09	51.6
GCABJBFN_00740	MER0031614	29.070	86	61	0	78	163	83	168	2.04e-08	51.2
GCABJBFN_00740	MER0036114	23.182	220	115	8	75	241	41	259	3.92e-08	50.1
GCABJBFN_00740	MER0017242	24.324	185	124	6	52	224	54	234	5.74e-08	49.7
GCABJBFN_00740	MER0035184	24.309	181	124	7	49	224	4	176	1.61e-06	44.7
GCABJBFN_00740	MER0031618	29.592	98	65	3	74	168	31	127	3.34e-06	44.3
GCABJBFN_00740	MER0036081	30.597	134	80	7	75	198	30	160	4.38e-06	43.9
GCABJBFN_00740	MER0036062	33.036	112	63	6	75	176	29	138	9.48e-06	42.7
GCABJBFN_00800	MER0005169	33.533	334	211	6	14	344	6	331	2.46e-55	182
GCABJBFN_00800	MER0013829	32.011	353	223	8	13	358	5	347	6.89e-54	178
GCABJBFN_00800	MER0005472	31.343	335	214	6	20	353	12	331	7.31e-42	146
GCABJBFN_00800	MER0004410	30.199	351	220	10	14	352	6	343	1.15e-40	143
GCABJBFN_00800	MER0002046	30.645	310	194	10	43	349	35	326	4.04e-33	122
GCABJBFN_00800	MER0005160	34.138	290	162	11	65	345	55	324	2.82e-32	120
GCABJBFN_00800	MER0002043	25.852	352	235	7	5	345	9	345	4.19e-32	120
GCABJBFN_00800	MER0002040	27.972	286	185	10	61	337	56	329	1.29e-23	97.1
GCABJBFN_00800	MER0022215	24.675	308	214	6	49	352	40	333	2.35e-21	90.5
GCABJBFN_00813	MER0028047	59.218	179	70	2	444	622	1	176	2.28e-68	218
GCABJBFN_00813	MER0003564	27.317	205	113	7	444	612	21	225	1.24e-09	56.2
GCABJBFN_00813	MER0011350	26.577	222	125	9	429	614	10	229	1.52e-06	47.0
GCABJBFN_00825	MER0045886	41.228	228	131	3	1	226	10	236	9.29e-56	183
GCABJBFN_00825	MER0044889	37.069	232	138	6	1	227	14	242	5.82e-42	147
GCABJBFN_00825	MER0038086	34.513	226	129	6	5	213	29	252	2.52e-35	129
GCABJBFN_00825	MER0436735	28.958	259	147	4	5	226	4	262	4.60e-32	120
GCABJBFN_00825	MER0042974	34.031	191	117	4	12	194	1	190	2.51e-27	105
GCABJBFN_00825	MER0043387	34.270	178	113	3	20	195	1	176	1.91e-24	97.1
GCABJBFN_00825	MER0043537	32.418	182	118	4	5	183	2	181	2.80e-24	97.1
GCABJBFN_00825	MER0044622	30.380	158	87	6	39	184	68	214	2.36e-10	58.2
GCABJBFN_00825	MER0043392	26.752	157	106	5	35	184	4	158	1.68e-09	53.9
GCABJBFN_00825	MER0043475	26.257	179	109	6	3	169	27	194	3.34e-08	51.6
GCABJBFN_00825	MER0043394	28.448	116	80	2	71	184	48	162	1.06e-07	48.5
GCABJBFN_00825	MER0045094	29.060	117	78	3	71	184	84	198	2.12e-06	45.8
GCABJBFN_00825	MER0043195	23.973	146	96	5	51	183	63	206	4.29e-06	45.1
GCABJBFN_00825	MER0044619	25.749	167	110	9	39	199	50	208	7.29e-06	44.3
GCABJBFN_00848	MER0195376	32.821	195	113	5	229	417	1	183	1.92e-25	100
GCABJBFN_00848	MER0003413	28.276	145	83	3	228	371	2	126	1.50e-07	48.1
GCABJBFN_00848	MER0015684	28.873	142	83	3	230	371	4	127	1.01e-06	45.8
GCABJBFN_00848	MER0004196	28.571	140	83	3	230	369	4	126	1.59e-06	45.4
GCABJBFN_00848	MER0001295	24.342	152	94	4	228	379	2	132	6.07e-06	43.9
GCABJBFN_00878	MER0001295	38.043	184	96	2	352	525	3	178	5.13e-37	133
GCABJBFN_00878	MER0001425	35.028	177	100	5	353	524	4	170	7.68e-25	99.0
GCABJBFN_00878	MER0003514	30.409	171	108	4	352	522	3	162	6.11e-21	87.4
GCABJBFN_00878	MER0003413	28.736	174	112	4	352	524	3	165	3.13e-20	85.5
GCABJBFN_00878	MER0003065	28.652	178	116	3	352	529	3	169	9.00e-20	84.0
GCABJBFN_00878	MER0004196	35.556	180	97	6	350	524	1	166	8.02e-19	81.3
GCABJBFN_00878	MER0001297	29.240	171	106	4	353	521	4	161	1.89e-18	80.1
GCABJBFN_00878	MER0004195	28.161	174	111	4	353	524	4	165	1.67e-15	71.6
GCABJBFN_00878	MER0005714	26.257	179	114	4	352	522	3	171	9.17e-15	69.7
GCABJBFN_00878	MER0015684	24.713	174	112	7	353	521	4	163	2.73e-11	59.7
GCABJBFN_00990	MER0033186	38.750	320	188	3	67	381	1	317	4.21e-64	205
GCABJBFN_01043	MER0047723	46.042	480	248	4	7	480	1	475	1.03e-148	430
GCABJBFN_01043	MER0001283	43.827	486	267	2	4	486	2	484	2.09e-143	417
GCABJBFN_01043	MER0028941	30.128	156	85	5	13	156	2	145	4.52e-09	55.1
GCABJBFN_01101	MER0028025	50.307	163	80	1	6	168	7	168	5.06e-47	157
GCABJBFN_01101	MER0028025	48.837	86	42	2	270	355	164	247	2.73e-19	83.2
GCABJBFN_01101	MER0001273	31.977	172	94	7	12	166	9	174	5.44e-14	68.2
GCABJBFN_01101	MER0003798	22.333	403	251	14	10	353	20	419	4.85e-13	66.6
GCABJBFN_01101	MER0238460	23.243	370	244	11	7	343	39	401	1.47e-11	62.0
GCABJBFN_01101	MER0001272	27.976	168	104	7	12	167	6	168	4.68e-11	59.3
GCABJBFN_01101	MER0026485	41.489	94	49	4	61	150	88	179	8.97e-10	55.8
GCABJBFN_01101	MER0003397	37.113	97	49	5	61	150	88	179	1.14e-07	49.7
GCABJBFN_01101	MER0001266	27.411	197	124	10	62	249	80	266	1.29e-06	46.6
GCABJBFN_01149	MER0031614	26.846	149	100	4	77	218	81	227	1.40e-08	51.6
GCABJBFN_01149	MER0036115	33.600	125	71	7	80	195	36	157	5.24e-08	50.1
GCABJBFN_01149	MER0035044	31.776	107	62	5	73	171	25	128	1.69e-06	45.4
GCABJBFN_01149	MER0035038	31.776	107	62	5	73	171	22	125	3.76e-06	44.3
GCABJBFN_01149	MER0035032	30.841	107	63	5	73	171	23	126	5.38e-06	43.9
GCABJBFN_01152	MER0000410	61.348	282	107	1	402	683	2	281	1.41e-127	376
GCABJBFN_01152	MER0011872	41.509	265	152	2	418	679	16	280	1.80e-69	225
GCABJBFN_01152	MER0082498	40.283	283	145	7	420	678	1	283	1.28e-68	223
GCABJBFN_01152	MER0005694	34.783	276	168	3	415	685	13	281	7.15e-52	178
GCABJBFN_01152	MER0004227	37.885	227	137	2	424	646	28	254	1.02e-44	159
GCABJBFN_01152	MER0079308	33.333	264	169	5	418	678	6	265	3.74e-44	156
GCABJBFN_01152	MER0000392	32.000	275	172	5	415	678	3	273	1.30e-43	155
GCABJBFN_01152	MER0015621	31.399	293	181	5	403	678	1	290	2.50e-42	152
GCABJBFN_01152	MER0082653	35.135	259	147	8	420	658	7	264	4.81e-40	145
GCABJBFN_01152	MER0002490	30.584	291	170	6	415	678	13	298	1.06e-39	145
GCABJBFN_01152	MER0981959	32.766	235	145	3	415	639	2	233	1.30e-38	141
GCABJBFN_01152	MER0022823	30.627	271	179	5	421	685	10	277	6.15e-38	139
GCABJBFN_01152	MER0011450	30.620	258	163	6	415	661	3	255	1.33e-35	132
GCABJBFN_01152	MER0003229	30.851	282	177	8	401	678	1	268	2.78e-31	120
GCABJBFN_01152	MER0325901	29.630	270	180	7	415	678	1	266	3.03e-30	117
GCABJBFN_01152	MER0000398	31.395	258	161	6	423	679	8	250	2.04e-28	111
GCABJBFN_01160	MER0033259	27.935	247	157	8	28	253	13	259	3.09e-17	75.9
GCABJBFN_01160	MER0035041	27.308	260	155	10	16	247	15	268	2.42e-15	70.5
GCABJBFN_01160	MER0004146	24.904	261	145	9	33	247	6	261	3.72e-13	64.3
GCABJBFN_01160	MER0014065	27.811	169	106	6	31	191	18	178	1.01e-12	63.5
GCABJBFN_01160	MER0017177	27.419	124	87	3	27	147	15	138	5.75e-11	58.5
GCABJBFN_01160	MER0017142	30.469	128	82	3	35	161	3	124	1.93e-09	53.5
GCABJBFN_01160	MER0031610	21.888	233	134	7	46	235	55	282	2.08e-08	50.8
GCABJBFN_01160	MER0000431	31.858	113	72	3	34	142	20	131	3.77e-08	50.1
GCABJBFN_01160	MER0011785	31.818	110	70	2	42	146	31	140	5.73e-08	49.7
GCABJBFN_01160	MER0031617	28.571	119	81	4	31	145	18	136	1.31e-07	48.1
GCABJBFN_01160	MER0011509	29.167	120	82	1	45	161	38	157	1.42e-07	48.1
GCABJBFN_01160	MER0017193	31.461	89	59	2	33	120	13	100	2.01e-07	47.8
GCABJBFN_01160	MER0036115	26.154	130	91	4	38	162	26	155	2.45e-07	47.8
GCABJBFN_01160	MER0036053	30.612	98	67	1	39	136	2	98	6.98e-07	45.8
GCABJBFN_01160	MER0025512	25.352	142	100	3	33	173	37	173	7.99e-07	45.8
GCABJBFN_01160	MER0037236	22.179	257	148	8	37	247	11	261	2.21e-06	44.7
GCABJBFN_01160	MER0043008	28.440	109	74	3	38	142	13	121	3.36e-06	43.9
GCABJBFN_01160	MER0031616	27.358	106	74	1	45	147	39	144	7.58e-06	43.1
GCABJBFN_01229	MER0034959	33.333	105	68	2	77	179	25	129	2.20e-13	66.6
GCABJBFN_01229	MER0034961	30.579	121	82	2	85	203	35	155	3.24e-12	63.2
GCABJBFN_01229	MER0029616	33.636	110	56	3	81	175	12	119	7.91e-11	59.3
GCABJBFN_01229	MER0031562	25.000	120	83	3	59	171	2	121	2.47e-09	53.9
GCABJBFN_01229	MER0034960	23.478	115	86	2	60	172	1	115	1.30e-08	52.0
GCABJBFN_01229	MER0034548	24.118	170	115	6	80	246	21	179	3.41e-08	50.4
GCABJBFN_01229	MER0034722	37.500	56	33	2	119	172	22	77	5.49e-06	43.9
GCABJBFN_01229	MER0043003	33.673	98	56	3	84	173	25	121	7.10e-06	43.5
GCABJBFN_01275	MER0005767	25.697	323	202	8	33	349	5	295	1.62e-17	79.7
GCABJBFN_01277	MER0209507	34.568	81	53	0	95	175	3	83	1.31e-09	51.2
GCABJBFN_01277	MER0200434	31.818	88	58	2	89	175	3	89	7.38e-08	46.2
GCABJBFN_01277	MER0213229	24.762	105	77	2	91	194	2	105	4.98e-06	41.2
GCABJBFN_01305	MER0066178	28.230	209	135	8	38	245	5	199	6.45e-11	57.8
GCABJBFN_01306	MER0000471	24.892	462	249	21	43	432	11	446	3.70e-15	73.9
GCABJBFN_01306	MER0000472	24.257	404	236	19	65	413	33	421	1.37e-11	62.8
GCABJBFN_01306	MER0026276	22.857	420	259	17	61	419	29	444	2.64e-08	52.8
GCABJBFN_01306	MER0053015	28.477	151	93	4	276	418	216	359	7.47e-08	50.8
GCABJBFN_01310	MER0198917	41.489	376	212	4	18	389	1	372	2.14e-96	312
GCABJBFN_01310	MER1054487	40.789	380	213	5	18	389	1	376	1.11e-89	293
GCABJBFN_01310	MER0037955	22.667	225	125	8	123	335	80	267	6.91e-06	46.2
GCABJBFN_01317	MER0019280	30.584	291	167	13	168	446	29	296	1.06e-18	84.0
GCABJBFN_01317	MER0001521	32.342	269	137	12	162	422	16	247	3.37e-18	81.6
GCABJBFN_01317	MER0000313	32.342	269	137	12	162	422	16	247	1.16e-17	80.1
GCABJBFN_01317	MER0001755	31.970	269	138	12	162	422	16	247	7.03e-17	77.8
GCABJBFN_01317	MER0175622	27.273	308	163	12	156	437	15	287	2.35e-16	76.6
GCABJBFN_01317	MER0000310	27.303	304	178	12	154	453	8	272	5.52e-16	75.1
GCABJBFN_01317	MER0004123	28.763	299	160	12	168	434	37	314	1.47e-15	74.7
GCABJBFN_01317	MER0001523	31.599	269	139	12	162	422	16	247	1.52e-15	73.9
GCABJBFN_01317	MER0000312	31.599	269	139	12	162	422	16	247	1.52e-15	73.9
GCABJBFN_01317	MER0000315	29.392	296	159	11	163	453	17	267	2.00e-15	73.6
GCABJBFN_01317	MER0004988	26.948	308	171	13	155	446	17	286	3.25e-15	73.2
GCABJBFN_01317	MER0001906	29.392	296	159	11	163	453	17	267	3.77e-15	72.8
GCABJBFN_01317	MER0001520	30.566	265	139	10	163	422	17	241	4.50e-15	72.4
GCABJBFN_01317	MER0003536	29.412	289	153	11	164	431	25	283	4.61e-15	72.8
GCABJBFN_01317	MER0000319	27.397	292	166	11	164	450	25	275	1.24e-14	71.2
GCABJBFN_01317	MER0016688	26.984	315	178	12	167	454	28	317	2.11e-13	68.2
GCABJBFN_01317	MER0001928	26.804	291	165	10	167	453	21	267	2.74e-13	67.0
GCABJBFN_01317	MER0000316	26.962	293	162	11	167	453	20	266	3.14e-13	67.0
GCABJBFN_01317	MER0001699	26.715	277	156	10	161	429	15	252	8.03e-13	65.9
GCABJBFN_01317	MER0114485	25.714	315	164	14	161	413	23	329	2.00e-12	65.9
GCABJBFN_01317	MER0000332	29.455	275	139	11	170	433	23	253	5.83e-12	63.2
GCABJBFN_01317	MER0004085	29.766	299	159	15	169	446	50	318	1.07e-11	63.2
GCABJBFN_01317	MER0016991	28.723	282	130	10	169	411	31	280	1.60e-11	62.4
GCABJBFN_01317	MER0002500	22.812	377	216	13	107	435	32	381	3.70e-11	62.0
GCABJBFN_01317	MER0000311	29.779	272	156	10	154	422	8	247	4.99e-11	60.5
GCABJBFN_01317	MER0042897	28.767	219	124	6	154	366	8	200	1.10e-10	59.3
GCABJBFN_01317	MER0077555	29.779	272	149	14	167	432	21	256	1.84e-10	58.5
GCABJBFN_01317	MER0000321	27.178	287	151	12	167	429	100	352	5.14e-10	58.2
GCABJBFN_01317	MER0050309	28.696	230	132	11	208	429	39	244	2.46e-09	56.2
GCABJBFN_01317	MER0000347	23.782	349	224	15	123	446	16	347	3.22e-09	55.8
GCABJBFN_01317	MER0081072	24.151	265	164	9	169	430	19	249	5.26e-09	53.9
GCABJBFN_01317	MER0013656	23.746	299	178	10	154	447	7	260	6.21e-09	53.9
GCABJBFN_01317	MER0000309	29.658	263	141	11	167	422	21	246	9.12e-09	53.5
GCABJBFN_01317	MER0001725	27.554	323	177	17	146	444	21	310	3.58e-08	52.0
GCABJBFN_01317	MER0067924	23.891	293	179	10	161	429	4	276	8.08e-08	50.8
GCABJBFN_01317	MER0161312	26.190	336	156	15	167	430	20	335	1.53e-07	50.4
GCABJBFN_01317	MER0000351	27.758	281	143	13	167	412	31	286	1.67e-07	49.7
GCABJBFN_01317	MER0000320	28.049	246	135	11	174	409	28	241	1.88e-07	49.7
GCABJBFN_01317	MER0000349	24.579	297	153	11	162	409	65	339	3.52e-07	49.3
GCABJBFN_01317	MER0016978	28.025	314	171	17	168	454	30	315	4.17e-07	48.9
GCABJBFN_01317	MER0000389	27.246	334	182	20	155	446	14	328	1.09e-06	47.8
GCABJBFN_01317	MER0000358	34.532	139	78	6	312	443	152	284	1.27e-06	47.4
GCABJBFN_01317	MER0015424	32.773	119	56	5	334	429	245	362	2.14e-06	47.0
GCABJBFN_01317	MER0000333	26.545	275	149	11	169	433	22	253	4.48e-06	45.4
GCABJBFN_01317	MER0002267	29.655	145	83	5	313	453	153	282	6.20e-06	45.1
GCABJBFN_01317	MER0014446	25.095	263	152	9	210	453	192	428	6.42e-06	45.4
GCABJBFN_01317	MER0014311	28.221	163	95	5	191	345	42	190	7.33e-06	45.1
GCABJBFN_01317	MER0016983	33.121	157	77	7	312	454	169	311	7.49e-06	44.7
GCABJBFN_01317	MER0014085	27.876	226	104	7	259	435	135	350	9.36e-06	44.7
GCABJBFN_01319	MER0066184	22.707	229	173	4	87	311	18	246	7.64e-13	64.3
GCABJBFN_01319	MER0031552	28.492	179	113	7	122	294	50	219	1.45e-09	54.7
GCABJBFN_01319	MER0031551	26.613	124	85	4	102	221	33	154	7.04e-09	52.4
GCABJBFN_01319	MER0017243	27.632	152	93	7	127	269	128	271	2.10e-08	51.6
GCABJBFN_01319	MER0045469	27.586	145	98	4	102	242	42	183	1.77e-06	45.1
GCABJBFN_01319	MER0006027	24.645	211	119	10	122	303	55	254	2.66e-06	44.7
GCABJBFN_01319	MER0036063	26.271	118	81	3	91	202	28	145	2.94e-06	45.1
GCABJBFN_01319	MER0017240	24.260	169	104	7	133	294	13	164	3.68e-06	43.5
GCABJBFN_01338	MER0001421	53.015	398	182	3	14	411	2	394	3.49e-149	426
GCABJBFN_01338	MER0028941	28.058	417	242	13	3	411	1	367	3.83e-26	105
GCABJBFN_01338	MER0369336	28.920	287	189	7	130	411	39	315	4.59e-22	92.8
GCABJBFN_01374	MER0011464	29.870	231	150	7	80	302	20	246	1.43e-27	109
GCABJBFN_01374	MER0011461	30.380	237	151	8	80	307	22	253	3.41e-27	108
GCABJBFN_01374	MER0030257	32.105	190	123	4	115	302	64	249	5.02e-25	102
GCABJBFN_01374	MER0011462	27.237	257	165	8	69	307	3	255	8.40e-25	101
GCABJBFN_01374	MER0015688	33.495	206	129	5	102	304	58	258	3.68e-24	99.8
GCABJBFN_01374	MER0015338	27.004	237	158	6	71	296	15	247	4.45e-24	99.4
GCABJBFN_01374	MER0029965	28.986	207	140	5	101	304	50	252	4.80e-24	99.4
GCABJBFN_01374	MER0038831	31.579	190	124	4	115	302	64	249	9.06e-24	98.2
GCABJBFN_01374	MER0038832	28.458	253	170	7	57	303	3	250	9.33e-24	98.2
GCABJBFN_01374	MER0038822	30.841	214	140	4	93	302	2	211	1.47e-23	96.7
GCABJBFN_01374	MER0011487	30.622	209	137	5	99	303	46	250	5.28e-22	93.2
GCABJBFN_01374	MER0038833	30.435	207	136	5	100	302	47	249	1.13e-21	92.0
GCABJBFN_01374	MER0005158	31.579	209	131	5	101	302	51	254	3.53e-21	90.9
GCABJBFN_01374	MER0001911	30.180	222	137	9	95	310	35	244	3.18e-20	87.8
GCABJBFN_01374	MER0038830	31.304	115	68	2	115	220	64	176	4.90e-10	57.0
GCABJBFN_01374	MER0194228	30.387	181	106	8	119	289	6	176	2.06e-08	52.0
GCABJBFN_01374	MER0005139	33.803	142	72	8	98	228	60	190	4.32e-08	52.4
GCABJBFN_01374	MER0002161	28.655	171	111	5	42	210	14	175	5.65e-08	52.0
GCABJBFN_01374	MER0001289	30.481	187	106	9	115	289	78	252	1.18e-06	47.8
GCABJBFN_01374	MER0011460	30.667	150	85	8	22	154	40	187	2.48e-06	45.8
GCABJBFN_01374	MER0004514	25.909	220	136	10	93	291	21	234	3.83e-06	45.8
GCABJBFN_01409	MER0014135	45.113	266	146	0	184	449	1	266	5.49e-82	251
GCABJBFN_01409	MER0003359	28.704	108	75	2	347	452	115	222	1.56e-08	52.0
GCABJBFN_01409	MER0017402	29.060	117	75	3	337	450	80	191	1.07e-07	49.3
GCABJBFN_01409	MER0026213	27.451	102	65	2	327	427	131	224	2.16e-06	45.8
GCABJBFN_01409	MER0005837	25.000	120	81	3	318	428	98	217	4.34e-06	44.7
GCABJBFN_01415	MER0003327	48.858	219	105	5	2	218	1	214	1.83e-61	201
GCABJBFN_01415	MER0012158	38.462	338	134	10	2	267	1	336	2.21e-59	199
GCABJBFN_01415	MER0185695	43.636	220	118	3	2	216	1	219	6.71e-50	169
GCABJBFN_01415	MER0003350	43.961	207	92	6	2	185	1	206	2.01e-44	154
GCABJBFN_01415	MER0003322	41.262	206	96	5	2	182	1	206	1.90e-39	140
GCABJBFN_01415	MER0011781	32.353	170	108	4	2	168	1	166	3.39e-16	75.5
GCABJBFN_01415	MER0011806	31.852	135	90	1	2	134	1	135	5.98e-14	68.6
GCABJBFN_01415	MER0004101	31.111	135	91	1	2	134	1	135	8.04e-13	65.5
GCABJBFN_01415	MER0003314	30.719	153	91	7	2	141	1	151	1.56e-11	62.0
GCABJBFN_01433	MER0000576	46.087	115	61	1	32	146	1	114	2.79e-37	120
GCABJBFN_01433	MER0000569	34.211	114	73	2	32	144	1	113	1.03e-14	63.2
GCABJBFN_01433	MER0006172	33.333	78	52	0	54	131	2	79	7.69e-12	54.7
GCABJBFN_01519	MER0005767	28.213	319	186	7	54	369	27	305	7.25e-37	134
GCABJBFN_01519	MER0030136	24.510	408	269	15	4	385	1	395	5.18e-21	91.3
GCABJBFN_01519	MER0030143	24.623	398	281	12	4	385	1	395	8.67e-20	87.8
GCABJBFN_01519	MER0030151	24.500	400	279	12	4	385	1	395	9.69e-20	87.4
GCABJBFN_01519	MER0015112	24.566	403	279	12	4	385	1	399	3.25e-18	83.2
GCABJBFN_01519	MER0030155	22.333	403	284	11	4	385	1	395	8.89e-16	75.5
GCABJBFN_01519	MER0030149	22.637	402	284	13	4	385	1	395	3.45e-13	67.8
GCABJBFN_01598	MER0031610	36.364	253	153	5	7	252	49	300	2.55e-46	153
GCABJBFN_01598	MER0014065	32.558	129	75	5	10	134	31	151	3.78e-12	62.0
GCABJBFN_01598	MER0031617	23.507	268	171	9	4	246	26	284	2.37e-11	59.3
GCABJBFN_01598	MER0044858	23.154	298	171	15	1	249	39	327	4.46e-11	58.9
GCABJBFN_01598	MER0036115	32.353	102	65	2	10	108	33	133	7.22e-11	58.2
GCABJBFN_01598	MER0017142	29.204	113	74	3	2	113	3	110	4.48e-08	49.3
GCABJBFN_01598	MER0036053	25.385	260	162	12	6	250	2	244	5.99e-08	49.3
GCABJBFN_01598	MER0031619	30.769	117	75	3	2	113	16	131	8.40e-08	48.9
GCABJBFN_01598	MER0036072	27.027	111	71	3	10	111	78	187	1.27e-07	48.5
GCABJBFN_01598	MER0011509	32.727	110	66	4	12	116	38	144	1.42e-07	48.1
GCABJBFN_01598	MER0017177	22.581	155	106	5	8	150	30	182	1.68e-07	48.1
GCABJBFN_01598	MER0035044	30.769	104	64	3	11	109	32	132	6.37e-07	46.2
GCABJBFN_01598	MER0037236	22.925	253	171	10	8	244	15	259	7.38e-07	45.8
GCABJBFN_01598	MER0033259	24.554	224	140	9	38	253	58	260	7.77e-07	45.8
GCABJBFN_01598	MER0044350	31.429	105	66	4	12	111	1	104	1.02e-06	45.4
GCABJBFN_01598	MER0017193	25.714	105	76	2	2	104	15	119	1.28e-06	45.4
GCABJBFN_01598	MER0210990	27.586	145	84	4	36	163	54	194	3.54e-06	44.3
GCABJBFN_01598	MER0035032	29.630	108	60	4	11	109	30	130	6.36e-06	43.1
GCABJBFN_01598	MER0035038	30.909	110	60	4	9	109	27	129	9.46e-06	42.7
GCABJBFN_01601	MER0000474	51.596	188	91	0	34	221	16	203	3.44e-72	215
GCABJBFN_01601	MER0005687	51.613	186	85	1	36	221	27	207	1.27e-65	199
GCABJBFN_01601	MER0006046	48.148	189	98	0	33	221	15	203	1.11e-63	194
GCABJBFN_01601	MER0004857	51.309	191	91	2	32	221	14	203	5.80e-63	192
GCABJBFN_01601	MER0002299	49.189	185	94	0	36	220	12	196	5.33e-62	189
GCABJBFN_01601	MER0004855	48.889	180	92	0	42	221	26	205	4.86e-61	187
GCABJBFN_01601	MER0002211	47.872	188	98	0	34	221	16	203	5.67e-61	187
GCABJBFN_01601	MER0004847	48.663	187	95	1	36	221	18	204	8.98e-56	174
GCABJBFN_01601	MER0006063	43.956	182	102	0	40	221	23	204	1.63e-54	171
GCABJBFN_01601	MER0006056	46.951	164	86	1	59	222	46	208	3.84e-49	157
GCABJBFN_01601	MER0006308	40.113	177	105	1	45	220	17	193	1.08e-48	155
GCABJBFN_01601	MER0004182	42.408	191	101	1	31	221	18	199	9.53e-48	153
GCABJBFN_01601	MER0011666	40.237	169	99	1	55	221	17	185	2.25e-41	136
GCABJBFN_01601	MER0001369	39.506	81	47	1	76	156	52	130	1.16e-07	46.2
GCABJBFN_01664	MER0034548	30.400	125	78	3	50	169	17	137	7.53e-13	63.5
GCABJBFN_01664	MER0036027	29.245	106	70	2	48	148	12	117	1.20e-08	51.6
GCABJBFN_01664	MER0033274	29.592	98	64	1	54	146	19	116	4.17e-08	49.7
GCABJBFN_01664	MER0043201	25.850	147	88	5	47	179	16	155	1.70e-07	48.5
GCABJBFN_01664	MER0034959	30.973	113	70	3	50	154	20	132	2.11e-07	48.1
GCABJBFN_01664	MER0036046	26.389	144	81	4	47	165	4	147	3.04e-07	47.4
GCABJBFN_01664	MER0031570	28.302	106	71	2	48	148	12	117	4.92e-07	46.6
GCABJBFN_01664	MER0036039	26.160	237	132	12	62	263	27	255	8.78e-07	45.8
GCABJBFN_01664	MER0029616	24.545	110	66	2	57	149	12	121	8.83e-07	46.6
GCABJBFN_01664	MER0034726	28.972	107	59	4	48	138	16	121	9.42e-07	46.2
GCABJBFN_01664	MER0031563	26.772	127	81	6	48	169	12	131	9.66e-07	45.4
GCABJBFN_01664	MER0044819	28.000	125	75	3	38	149	10	132	1.01e-06	46.2
GCABJBFN_01664	MER0078701	28.302	106	61	3	48	138	16	121	1.07e-06	45.8
GCABJBFN_01664	MER0032203	26.230	122	75	3	48	154	16	137	1.21e-06	45.8
GCABJBFN_01664	MER0034745	26.452	155	93	6	48	182	16	169	1.33e-06	45.8
GCABJBFN_01664	MER0077889	28.302	106	61	4	48	138	15	120	1.37e-06	45.8
GCABJBFN_01664	MER0034727	31.776	107	56	5	48	138	16	121	1.43e-06	45.8
GCABJBFN_01664	MER0078925	30.075	133	74	6	48	162	16	147	1.65e-06	45.4
GCABJBFN_01664	MER0077885	30.189	106	59	3	48	138	25	130	1.67e-06	45.4
GCABJBFN_01664	MER0034728	30.841	107	57	5	48	138	16	121	1.79e-06	45.4
GCABJBFN_01664	MER0036044	24.286	140	100	3	8	141	20	159	2.24e-06	45.1
GCABJBFN_01664	MER0033227	26.452	155	87	6	35	162	1	155	2.53e-06	45.1
GCABJBFN_01664	MER0033237	30.841	107	63	4	50	145	22	128	4.31e-06	43.9
GCABJBFN_01664	MER0033224	27.273	132	79	4	48	162	15	146	5.08e-06	43.9
GCABJBFN_01664	MER0034744	29.245	106	60	3	48	138	16	121	5.42e-06	43.9
GCABJBFN_01664	MER0034730	29.907	107	58	5	48	138	16	121	7.44e-06	43.5
GCABJBFN_01664	MER0034723	27.869	122	70	6	42	146	9	129	7.85e-06	43.5
GCABJBFN_01664	MER0033213	28.030	132	78	4	48	162	16	147	8.19e-06	43.5
GCABJBFN_01665	MER0001297	41.290	155	89	2	201	355	3	155	1.49e-35	127
GCABJBFN_01665	MER0004196	43.396	159	86	3	199	355	1	157	7.44e-35	125
GCABJBFN_01665	MER0003514	43.506	154	85	2	202	355	4	155	1.59e-33	122
GCABJBFN_01665	MER0003413	40.909	154	88	3	203	355	5	156	3.74e-32	118
GCABJBFN_01665	MER0001425	43.312	157	83	3	203	354	5	160	5.18e-31	115
GCABJBFN_01665	MER0005714	34.161	161	99	1	202	355	4	164	2.40e-29	110
GCABJBFN_01665	MER0003065	39.869	153	90	2	203	355	5	155	4.04e-29	110
GCABJBFN_01665	MER0004195	39.355	155	93	1	201	355	3	156	6.18e-29	109
GCABJBFN_01665	MER0015684	35.135	148	96	0	201	348	3	150	1.73e-28	108
GCABJBFN_01665	MER0001295	34.940	166	95	2	202	355	4	168	2.69e-22	91.3
GCABJBFN_01708	MER0001423	69.828	232	70	0	489	720	1	232	2.40e-118	352
GCABJBFN_01708	MER0000399	42.586	263	138	7	465	721	1	256	7.43e-64	210
GCABJBFN_01708	MER0000401	41.045	268	136	7	465	721	2	258	2.49e-62	206
GCABJBFN_01708	MER0000405	41.573	267	144	7	465	721	2	266	3.49e-62	206
GCABJBFN_01708	MER0005196	40.969	227	133	1	493	719	25	250	2.07e-57	192
GCABJBFN_01708	MER0004504	39.316	234	132	5	493	716	2	235	3.84e-54	183
GCABJBFN_01708	MER0058228	41.284	218	126	2	490	705	7	224	5.36e-54	183
GCABJBFN_01708	MER0011413	36.975	238	146	2	488	721	2	239	2.16e-52	178
GCABJBFN_01708	MER0005987	35.521	259	157	6	470	722	6	260	5.10e-52	178
GCABJBFN_01708	MER0000404	39.474	266	149	9	465	722	1	262	6.29e-51	175
GCABJBFN_01708	MER0011305	39.768	259	147	6	471	724	1	255	1.29e-50	174
GCABJBFN_01708	MER0011231	36.641	262	153	7	465	719	1	256	1.43e-50	174
GCABJBFN_01708	MER0013484	38.532	218	130	2	490	703	4	221	3.53e-50	172
GCABJBFN_01708	MER0004923	38.889	234	139	2	474	703	39	272	2.04e-49	172
GCABJBFN_01708	MER0004921	36.709	237	141	4	488	719	2	234	1.77e-48	167
GCABJBFN_01708	MER0004193	35.294	238	147	5	490	724	3	236	5.43e-42	149
GCABJBFN_01708	MER0192427	33.906	233	147	4	474	703	50	278	2.48e-39	143
GCABJBFN_01708	MER0005994	33.333	264	165	5	465	721	2	261	2.29e-38	140
GCABJBFN_01708	MER0195666	34.928	209	122	6	490	689	1	204	1.27e-35	132
GCABJBFN_01708	MER0000403	27.237	257	177	6	469	719	5	257	1.95e-35	132
GCABJBFN_01708	MER0004199	34.783	230	136	8	497	721	1	221	2.35e-35	130
GCABJBFN_01708	MER0003361	30.303	231	146	8	478	701	5	227	6.35e-28	110
GCABJBFN_01708	MER0005988	35.455	110	70	1	595	703	2	111	6.12e-20	82.8
GCABJBFN_01708	MER0003558	24.194	248	171	4	472	708	5	246	4.67e-17	78.6
GCABJBFN_01708	MER0034615	27.660	235	154	5	480	703	1	230	1.97e-16	76.6
GCABJBFN_01708	MER0017401	28.261	230	141	9	485	702	2	219	4.95e-15	72.4
GCABJBFN_01708	MER0005807	27.143	210	132	7	503	703	62	259	1.55e-13	68.6
GCABJBFN_01708	MER0016096	23.605	233	159	7	486	704	2	229	8.24e-12	62.8
GCABJBFN_01708	MER0006027	25.676	222	144	6	496	703	24	238	1.31e-11	62.4
GCABJBFN_01708	MER0018170	27.072	181	119	2	535	702	52	232	2.89e-11	61.2
GCABJBFN_01708	MER0011583	23.729	236	156	7	478	701	1	224	3.05e-11	61.2
GCABJBFN_01708	MER0030932	28.402	169	101	5	568	723	84	245	3.98e-11	60.8
GCABJBFN_01708	MER0000408	22.979	235	161	6	483	703	5	233	1.06e-10	59.7
GCABJBFN_01708	MER0140224	26.984	189	120	4	527	702	35	218	4.47e-10	57.4
GCABJBFN_01708	MER0000263	24.153	236	151	8	485	703	1	225	4.46e-09	54.7
GCABJBFN_01708	MER0015682	25.472	212	137	7	500	702	87	286	3.77e-07	49.3
GCABJBFN_01708	MER0126485	26.144	153	102	5	526	669	33	183	2.76e-06	46.2
GCABJBFN_01708	MER0001920	21.296	216	153	2	523	721	30	245	2.77e-06	46.2
GCABJBFN_01708	MER0004925	23.237	241	173	5	472	702	2	240	4.47e-06	45.8
GCABJBFN_01720	MER0001295	43.011	186	92	4	402	583	3	178	8.13e-43	150
GCABJBFN_01720	MER0003413	35.374	147	85	2	434	580	27	163	2.45e-21	88.6
GCABJBFN_01720	MER0001425	35.404	161	86	5	425	582	25	170	6.00e-21	87.8
GCABJBFN_01720	MER0001297	39.344	122	70	3	422	542	15	133	2.73e-20	85.9
GCABJBFN_01720	MER0003065	36.424	151	83	4	431	580	24	162	4.22e-19	82.4
GCABJBFN_01720	MER0003514	34.066	182	99	5	400	580	1	162	1.84e-18	80.5
GCABJBFN_01720	MER0015684	36.364	154	86	5	423	572	16	161	2.95e-17	77.0
GCABJBFN_01720	MER0004196	29.299	157	98	3	426	580	19	164	2.12e-14	68.9
GCABJBFN_01720	MER0005714	29.940	167	97	5	423	580	16	171	4.32e-13	65.1
GCABJBFN_01720	MER0004195	30.303	165	97	6	425	584	18	169	6.42e-11	58.5
GCABJBFN_01760	MER0044357	27.679	224	129	8	8	202	34	253	1.60e-16	80.5
GCABJBFN_01760	MER0044357	33.028	109	68	2	209	316	340	444	3.28e-10	60.5
GCABJBFN_01795	MER0003339	24.150	559	382	19	248	790	1	533	7.41e-30	121
GCABJBFN_01795	MER0006198	22.242	571	347	21	248	783	1	509	9.54e-23	99.8
GCABJBFN_01795	MER0003306	22.554	603	361	22	248	792	1	555	6.96e-20	90.9
GCABJBFN_01795	MER0035254	18.621	580	382	19	248	783	1	534	4.01e-09	56.6
GCABJBFN_01825	MER0004775	41.527	655	381	1	24	676	4	658	0.0	530
GCABJBFN_01825	MER0001056	30.917	676	430	14	27	676	13	677	6.69e-104	328
GCABJBFN_01825	MER0011838	28.336	667	445	13	36	676	22	681	4.14e-100	318
GCABJBFN_01825	MER0011141	30.205	682	426	16	34	676	19	689	1.90e-99	317
GCABJBFN_01825	MER0001991	30.793	656	422	16	29	659	14	662	1.38e-96	309
GCABJBFN_01825	MER0002988	28.759	685	436	16	34	676	19	693	1.95e-94	303
GCABJBFN_01825	MER0013406	29.403	687	432	16	34	676	19	696	1.22e-91	296
GCABJBFN_01825	MER0001050	29.539	694	425	16	34	676	19	699	1.39e-90	293
GCABJBFN_01825	MER0011159	28.571	672	443	14	34	676	19	682	1.18e-89	291
GCABJBFN_01825	MER0002350	29.985	687	426	20	35	676	20	696	2.88e-86	282
GCABJBFN_01825	MER0019831	29.851	536	352	10	160	676	121	651	9.12e-85	277
GCABJBFN_01825	MER0002062	29.191	692	432	17	34	676	19	701	3.20e-82	271
GCABJBFN_01825	MER0019832	28.416	644	430	11	45	676	24	648	5.87e-81	266
GCABJBFN_01825	MER0001058	27.874	635	442	6	45	676	5	626	1.43e-80	265
GCABJBFN_01825	MER0004762	28.654	691	435	20	29	676	14	689	1.71e-79	264
GCABJBFN_01825	MER0005528	27.581	678	445	17	34	676	19	685	9.60e-73	245
GCABJBFN_01825	MER0001059	29.745	548	368	8	45	582	6	546	3.27e-67	228
GCABJBFN_01825	MER0002997	25.830	693	465	21	23	676	7	689	2.30e-66	228
GCABJBFN_01825	MER0002285	26.895	673	420	17	34	676	19	649	1.30e-64	223
GCABJBFN_01825	MER0001365	26.796	724	430	29	35	676	26	731	1.60e-51	187
GCABJBFN_01825	MER0015175	25.132	756	446	29	20	676	16	750	1.69e-49	181
GCABJBFN_01825	MER0162857	30.878	353	211	9	349	676	402	746	2.26e-44	166
GCABJBFN_01825	MER0038668	26.014	592	349	20	163	676	23	603	3.49e-44	164
GCABJBFN_01825	MER0001054	23.256	688	438	24	34	676	19	661	7.71e-42	158
GCABJBFN_01825	MER0002990	31.045	335	197	13	362	676	327	647	3.37e-34	135
GCABJBFN_01825	MER0004778	23.569	751	445	27	23	676	8	726	2.53e-33	133
GCABJBFN_01825	MER0011427	26.816	358	221	10	352	676	334	683	4.93e-33	132
GCABJBFN_01825	MER0004761	28.250	400	248	13	291	676	284	658	1.06e-31	127
GCABJBFN_01825	MER0002989	26.941	438	265	16	259	676	238	640	7.70e-31	125
GCABJBFN_01825	MER0011433	22.707	665	441	21	37	659	28	661	2.23e-29	120
GCABJBFN_01825	MER0011355	28.367	349	218	12	339	659	306	650	3.30e-29	120
GCABJBFN_01825	MER0011430	21.980	687	431	25	37	676	29	657	6.00e-29	119
GCABJBFN_01825	MER0011432	25.045	551	339	17	147	659	147	661	1.60e-28	118
GCABJBFN_01825	MER0024834	34.973	183	109	6	501	676	2	181	2.68e-28	108
GCABJBFN_01825	MER0002987	26.289	388	241	13	288	659	205	563	6.22e-27	112
GCABJBFN_01825	MER0026946	29.362	235	142	6	448	676	38	254	9.17e-27	106
GCABJBFN_01825	MER0015181	26.897	435	264	15	259	676	247	644	5.37e-25	107
GCABJBFN_01825	MER0011195	22.548	683	425	27	36	676	35	655	1.18e-22	99.8
GCABJBFN_01825	MER0002993	27.052	329	203	10	352	649	315	637	1.93e-20	92.8
GCABJBFN_01825	MER0011429	24.567	289	185	7	391	659	369	644	5.98e-20	90.9
GCABJBFN_01825	MER0002991	29.577	213	139	7	471	676	472	680	1.13e-17	84.0
GCABJBFN_01825	MER0004763	23.555	467	305	14	202	645	43	480	2.07e-16	79.3
GCABJBFN_01825	MER0011151	24.615	260	156	9	424	662	124	364	7.94e-14	70.5
GCABJBFN_01825	MER0011714	25.556	180	118	6	504	676	82	252	8.80e-08	50.8
GCABJBFN_01825	MER0011306	25.500	200	117	6	467	659	459	633	2.42e-07	50.8
GCABJBFN_01825	MER0011486	35.088	57	37	0	474	530	429	485	1.64e-06	47.8
GCABJBFN_01825	MER0002999	35.714	70	43	1	468	535	447	516	2.56e-06	47.4
GCABJBFN_01832	MER0002013	33.663	404	218	12	41	431	18	384	9.65e-55	184
GCABJBFN_01832	MER0002659	30.513	390	242	9	43	431	20	381	2.01e-50	172
GCABJBFN_01832	MER0002014	29.177	401	239	10	43	434	20	384	3.64e-50	172
GCABJBFN_01832	MER0002007	30.958	407	228	15	30	421	4	372	2.90e-45	159
GCABJBFN_01832	MER0003770	31.921	354	214	10	39	386	4	336	4.03e-44	155
GCABJBFN_01832	MER0002655	31.085	341	209	9	39	374	8	327	1.23e-42	151
GCABJBFN_01832	MER0005155	29.863	365	236	8	37	398	7	354	1.85e-38	140
GCABJBFN_01832	MER0005173	25.620	363	240	9	41	398	2	339	2.22e-30	117
GCABJBFN_01832	MER0005163	43.312	157	73	5	46	200	14	156	2.18e-29	112
GCABJBFN_01832	MER0003815	35.326	184	104	4	44	225	21	191	8.88e-29	112
GCABJBFN_01832	MER0015354	40.299	134	69	2	44	176	21	144	3.83e-27	107
GCABJBFN_01832	MER0003581	26.736	288	187	9	83	358	1	276	9.80e-18	80.9
GCABJBFN_01832	MER0002664	32.961	179	98	5	44	221	11	168	1.31e-17	79.7
GCABJBFN_01832	MER0014418	24.919	309	194	9	28	330	3	279	1.82e-12	65.1
GCABJBFN_01864	MER0034615	58.300	247	102	1	382	628	1	246	3.25e-106	318
GCABJBFN_01864	MER0000263	37.295	244	143	5	389	628	4	241	1.16e-48	167
GCABJBFN_01864	MER0016096	32.231	242	159	3	390	628	5	244	1.78e-43	153
GCABJBFN_01864	MER0011583	31.301	246	157	7	390	631	11	248	3.22e-28	110
GCABJBFN_01864	MER0000408	24.464	233	161	5	402	623	23	251	4.35e-19	84.3
GCABJBFN_01864	MER0017401	25.561	223	149	5	393	610	8	218	1.24e-18	82.4
GCABJBFN_01864	MER0001423	27.426	237	148	5	390	616	1	223	5.25e-17	77.8
GCABJBFN_01864	MER0005196	30.769	143	89	3	379	514	9	148	3.01e-16	75.9
GCABJBFN_01864	MER0000401	28.571	231	136	5	391	610	26	238	1.43e-15	73.9
GCABJBFN_01864	MER0005807	27.536	207	135	6	378	583	38	230	3.25e-14	70.1
GCABJBFN_01864	MER0001920	23.043	230	169	3	406	631	21	246	4.72e-14	69.3
GCABJBFN_01864	MER0005987	25.316	237	163	6	379	610	14	241	1.95e-13	67.8
GCABJBFN_01864	MER0140224	24.074	216	159	3	406	619	14	226	4.79e-13	66.2
GCABJBFN_01864	MER0018170	23.636	220	161	4	404	619	25	241	5.12e-13	66.2
GCABJBFN_01864	MER0011413	27.273	231	142	6	391	610	4	219	6.02e-13	65.9
GCABJBFN_01864	MER0000399	24.887	221	157	3	391	610	25	237	7.14e-13	65.9
GCABJBFN_01864	MER0015682	25.764	229	149	6	395	617	79	292	3.18e-12	64.7
GCABJBFN_01864	MER0004921	30.709	127	84	3	391	514	4	129	3.40e-12	63.5
GCABJBFN_01864	MER0000403	26.000	150	108	3	367	514	2	150	9.36e-12	62.8
GCABJBFN_01864	MER0003558	23.558	208	151	3	404	610	39	239	1.04e-11	62.4
GCABJBFN_01864	MER0058228	24.779	226	152	7	391	610	7	220	5.03e-11	60.1
GCABJBFN_01864	MER0195666	32.432	111	71	3	391	498	1	110	3.42e-10	57.8
GCABJBFN_01864	MER0022823	28.436	211	135	7	378	581	15	216	5.73e-10	57.4
GCABJBFN_01864	MER0013484	30.000	130	84	5	391	514	3	131	2.52e-09	55.1
GCABJBFN_01864	MER0003361	22.800	250	158	10	392	633	20	242	4.32e-08	51.6
GCABJBFN_01864	MER0004923	30.827	133	85	6	388	514	51	182	5.16e-08	51.6
GCABJBFN_01864	MER0192427	28.571	126	83	3	393	514	68	190	5.45e-08	51.6
GCABJBFN_01864	MER0126485	22.791	215	150	6	401	610	12	215	1.14e-07	50.1
GCABJBFN_01864	MER0000405	30.508	118	77	3	384	496	23	140	1.35e-07	50.1
GCABJBFN_01864	MER0011450	24.771	218	143	6	374	581	10	216	2.46e-07	49.3
GCABJBFN_01864	MER0079308	23.944	213	147	8	374	581	10	212	3.63e-07	48.9
GCABJBFN_01864	MER0014827	23.776	286	167	11	371	631	1	260	3.64e-07	48.9
GCABJBFN_01864	MER0011305	21.951	246	163	5	379	612	8	236	6.34e-07	48.1
GCABJBFN_01864	MER0011231	29.054	148	99	4	369	512	4	149	1.14e-06	47.4
GCABJBFN_01864	MER0030932	24.153	236	151	6	402	630	29	243	1.36e-06	47.0
GCABJBFN_01864	MER0004504	29.730	111	68	3	393	496	1	108	1.71e-06	46.6
GCABJBFN_01864	MER0003229	22.072	222	163	4	378	597	22	235	2.22e-06	46.6
GCABJBFN_01864	MER0000404	22.059	272	190	9	371	633	6	264	8.11e-06	44.7
GCABJBFN_01886	MER0001244	37.828	267	145	6	175	426	2	262	1.02e-53	177
GCABJBFN_01886	MER0013463	34.221	263	158	4	174	425	1	259	3.96e-46	157
GCABJBFN_01886	MER0001733	28.276	290	166	4	176	423	3	292	7.74e-40	141
GCABJBFN_01886	MER0028601	30.909	275	154	10	176	425	3	266	1.36e-36	132
GCABJBFN_01886	MER0004931	30.252	238	140	5	175	408	2	217	3.04e-33	122
GCABJBFN_01886	MER0005462	30.544	239	140	5	174	408	1	217	3.90e-32	119
GCABJBFN_01886	MER0004532	31.356	236	135	6	175	406	2	214	1.02e-30	115
GCABJBFN_01886	MER0001248	31.765	255	116	10	222	426	7	253	1.94e-30	115
GCABJBFN_01886	MER0005715	28.936	235	141	6	175	403	2	216	6.95e-24	96.7
GCABJBFN_01886	MER0002038	25.610	246	149	9	175	411	2	222	1.17e-16	75.9
GCABJBFN_01886	MER0001250	26.224	286	142	11	176	406	3	274	4.69e-14	69.3
GCABJBFN_01886	MER0016544	28.095	210	115	8	228	424	81	267	3.00e-12	63.5
GCABJBFN_01886	MER0027437	28.079	203	107	10	213	400	44	222	3.15e-10	57.4
GCABJBFN_01888	MER0036053	31.013	158	101	2	17	168	4	159	1.01e-17	77.4
GCABJBFN_01888	MER0017177	29.167	120	82	2	10	126	23	142	3.58e-15	70.9
GCABJBFN_01888	MER0004146	33.871	124	76	3	7	124	4	127	4.08e-15	70.1
GCABJBFN_01888	MER0036115	34.314	102	65	1	19	118	33	134	2.94e-14	68.2
GCABJBFN_01888	MER0014065	30.612	98	66	1	22	117	35	132	1.07e-12	63.5
GCABJBFN_01888	MER0036084	22.530	253	176	7	17	254	14	261	1.51e-12	62.8
GCABJBFN_01888	MER0017142	36.364	110	64	3	11	119	3	107	1.57e-12	62.4
GCABJBFN_01888	MER0044581	28.689	122	79	5	2	116	53	173	3.39e-12	62.4
GCABJBFN_01888	MER0031619	29.808	104	71	1	18	119	25	128	2.30e-11	59.7
GCABJBFN_01888	MER0036057	38.776	98	59	1	22	118	63	160	9.80e-11	57.8
GCABJBFN_01888	MER0037236	29.457	129	76	3	6	124	4	127	1.28e-10	57.0
GCABJBFN_01888	MER0035035	32.609	92	60	1	21	110	35	126	2.15e-10	56.6
GCABJBFN_01888	MER0044578	29.412	102	65	4	22	116	74	175	3.14e-10	56.6
GCABJBFN_01888	MER0036065	33.654	104	62	2	21	117	2	105	6.22e-10	55.1
GCABJBFN_01888	MER0031611	30.328	122	69	4	6	116	21	137	7.13e-10	55.1
GCABJBFN_01888	MER0036054	28.571	112	78	2	16	125	11	122	1.47e-09	54.3
GCABJBFN_01888	MER0035973	31.481	108	73	1	12	118	47	154	1.69e-09	53.9
GCABJBFN_01888	MER0017033	26.531	245	142	7	22	244	65	293	1.73e-09	53.9
GCABJBFN_01888	MER0011785	26.950	141	94	3	2	134	17	156	1.82e-09	54.3
GCABJBFN_01888	MER0026339	33.913	115	72	3	8	118	9	123	1.95e-09	53.5
GCABJBFN_01888	MER0036075	27.500	120	83	3	1	116	50	169	2.40e-09	53.9
GCABJBFN_01888	MER0035044	29.293	99	68	1	21	117	33	131	2.51e-09	53.5
GCABJBFN_01888	MER0031617	26.446	121	77	3	10	122	21	137	3.51e-09	53.1
GCABJBFN_01888	MER0035032	29.348	92	63	1	21	110	31	122	3.94e-09	53.1
GCABJBFN_01888	MER0036072	25.664	113	76	1	15	119	74	186	4.87e-09	52.8
GCABJBFN_01888	MER0213280	25.688	109	77	2	21	125	30	138	6.48e-09	52.4
GCABJBFN_01888	MER0035038	28.261	92	64	1	21	110	30	121	9.22e-09	52.0
GCABJBFN_01888	MER0035043	35.417	96	60	1	21	114	35	130	1.02e-08	52.0
GCABJBFN_01888	MER0031616	28.431	102	69	1	20	117	38	139	1.58e-08	51.2
GCABJBFN_01888	MER0044350	28.571	98	63	2	22	114	2	97	3.09e-08	50.1
GCABJBFN_01888	MER0213829	26.786	112	74	4	22	125	50	161	5.57e-08	49.7
GCABJBFN_01888	MER0044633	24.476	143	101	5	2	138	55	196	6.35e-08	49.7
GCABJBFN_01888	MER0044900	31.481	108	65	3	23	121	96	203	8.27e-08	49.3
GCABJBFN_01888	MER0034563	26.829	123	88	2	22	144	17	137	1.15e-07	48.1
GCABJBFN_01888	MER0017193	33.333	84	55	1	13	95	17	100	1.42e-07	48.1
GCABJBFN_01888	MER0000439	27.350	117	79	2	73	186	160	273	1.48e-07	48.5
GCABJBFN_01888	MER0011509	25.000	152	101	3	11	158	28	170	1.83e-07	48.1
GCABJBFN_01888	MER0043008	23.967	121	75	3	17	126	16	130	4.55e-07	46.6
GCABJBFN_01888	MER0036064	22.917	240	175	7	20	251	26	263	4.63e-07	46.6
GCABJBFN_01888	MER0036066	28.182	110	72	3	22	125	1	109	7.36e-07	45.8
GCABJBFN_01888	MER0031610	29.126	103	62	3	21	117	54	151	7.40e-07	46.2
GCABJBFN_01888	MER0033259	21.612	273	173	11	3	258	12	260	1.84e-06	44.7
GCABJBFN_01888	MER0045809	23.204	181	119	7	3	171	22	194	1.89e-06	45.1
GCABJBFN_01888	MER0036076	23.577	246	157	8	22	251	63	293	3.95e-06	43.9
GCABJBFN_01888	MER0031569	28.182	110	69	4	15	114	22	131	4.05e-06	43.9
GCABJBFN_01888	MER0045479	31.776	107	64	5	15	114	26	130	4.10e-06	43.5
GCABJBFN_01888	MER0033249	27.273	110	77	2	22	128	35	144	5.14e-06	43.1
GCABJBFN_01888	MER0037853	30.000	120	73	5	7	117	12	129	7.15e-06	43.1
GCABJBFN_01918	MER0011806	22.846	267	145	10	38	304	17	222	1.72e-08	52.4
GCABJBFN_01918	MER0004101	22.744	277	151	11	38	314	17	230	4.75e-08	51.2
GCABJBFN_01918	MER0011781	23.077	273	134	11	38	303	17	220	2.50e-07	48.9
GCABJBFN_01940	MER0003380	33.475	236	149	3	143	377	12	240	4.25e-40	140
GCABJBFN_01940	MER0069741	41.722	151	84	3	229	377	23	171	4.28e-31	114
GCABJBFN_01940	MER0013541	48.235	85	44	0	275	359	1	85	2.12e-24	93.2
GCABJBFN_01940	MER0387040	43.617	94	52	1	275	367	1	94	2.47e-17	73.9
GCABJBFN_01940	MER0066182	43.617	94	52	1	275	367	92	185	9.04e-17	75.1
GCABJBFN_01940	MER0003376	36.220	127	59	3	250	363	29	146	1.35e-16	73.9
GCABJBFN_01940	MER0003906	36.957	92	56	2	275	364	1	92	2.32e-13	63.2
GCABJBFN_01940	MER0003423	31.532	111	74	2	266	374	23	133	2.29e-12	61.2
GCABJBFN_01940	MER0001419	32.632	95	62	2	266	358	23	117	9.07e-11	56.6
GCABJBFN_01940	MER0015415	34.884	86	55	1	275	359	64	149	1.34e-09	53.9
GCABJBFN_01940	MER0005300	39.726	73	44	0	276	348	66	138	2.13e-07	47.4
GCABJBFN_01940	MER0025070	28.283	99	62	2	273	362	4	102	4.42e-07	45.4
GCABJBFN_01940	MER0388771	28.866	97	60	2	275	362	2	98	5.03e-07	45.1
GCABJBFN_01958	MER0003242	37.805	82	51	0	371	452	216	297	3.73e-12	63.9
GCABJBFN_01959	MER0003242	48.667	300	150	2	102	401	3	298	4.89e-104	307
GCABJBFN_01959	MER0003855	30.479	292	179	8	21	301	1	279	8.68e-37	135
GCABJBFN_01959	MER0013876	29.329	283	178	7	32	307	10	277	2.77e-33	125
GCABJBFN_01959	MER0004416	28.276	290	169	9	33	303	11	280	1.92e-22	93.2
GCABJBFN_02003	MER0003514	44.156	154	83	1	191	344	3	153	1.40e-34	125
GCABJBFN_02003	MER0003413	39.073	151	90	1	191	341	3	151	3.35e-34	124
GCABJBFN_02003	MER0001297	40.645	155	89	1	193	347	5	156	2.18e-32	119
GCABJBFN_02003	MER0003065	41.060	151	86	1	191	341	3	150	6.96e-32	117
GCABJBFN_02003	MER0001425	41.615	161	85	3	193	347	5	162	4.86e-31	115
GCABJBFN_02003	MER0004196	41.558	154	87	3	193	345	5	156	1.27e-30	114
GCABJBFN_02003	MER0015684	35.393	178	104	2	192	369	4	170	6.90e-30	112
GCABJBFN_02003	MER0005714	35.669	157	93	2	191	340	3	158	1.29e-26	103
GCABJBFN_02003	MER0004195	33.974	156	95	2	193	345	5	155	1.16e-24	97.8
GCABJBFN_02003	MER0001295	38.462	130	78	2	190	319	2	129	7.95e-20	84.3
GCABJBFN_02043	MER0192051	26.244	221	141	7	18	224	95	307	7.23e-11	59.7
GCABJBFN_02117	MER0005300	26.364	110	80	1	332	440	53	162	1.64e-06	45.1
GCABJBFN_02129	MER0281397	26.699	206	113	9	204	380	4	200	3.52e-07	47.8
GCABJBFN_02137	MER0002565	36.957	230	122	7	280	508	98	305	3.81e-28	112
GCABJBFN_02137	MER0000310	39.409	203	104	7	293	492	63	249	5.38e-28	110
GCABJBFN_02137	MER0000332	43.085	188	87	7	293	478	64	233	8.98e-28	109
GCABJBFN_02137	MER0004690	30.351	313	163	12	218	501	29	315	2.46e-26	107
GCABJBFN_02137	MER0004690	41.270	63	36	1	75	136	27	89	1.49e-08	53.5
GCABJBFN_02137	MER0028365	32.812	256	138	9	288	534	120	350	5.94e-26	106
GCABJBFN_02137	MER0028365	39.706	68	39	2	66	133	47	112	4.20e-07	48.9
GCABJBFN_02137	MER0001699	36.406	217	119	10	293	506	62	262	3.84e-25	102
GCABJBFN_02137	MER0077555	35.065	231	120	9	271	492	40	249	4.99e-24	99.0
GCABJBFN_02137	MER0005821	31.674	221	124	10	293	501	86	291	1.31e-23	100
GCABJBFN_02137	MER0000315	34.722	216	120	8	293	506	62	258	1.88e-23	97.1
GCABJBFN_02137	MER0017009	32.407	216	129	6	293	497	117	326	2.77e-23	98.2
GCABJBFN_02137	MER0017009	41.667	60	31	2	83	141	53	109	1.17e-06	47.4
GCABJBFN_02137	MER0001520	35.407	209	114	8	293	499	62	251	4.52e-23	95.9
GCABJBFN_02137	MER0001709	34.599	237	110	10	286	495	89	307	5.10e-23	97.1
GCABJBFN_02137	MER0000333	39.572	187	95	6	293	478	64	233	5.85e-23	95.5
GCABJBFN_02137	MER0001928	34.135	208	118	8	293	499	62	251	8.34e-23	95.1
GCABJBFN_02137	MER0001906	34.259	216	121	8	293	506	62	258	8.84e-23	95.1
GCABJBFN_02137	MER0002575	28.758	306	168	12	201	500	4	265	5.84e-21	90.1
GCABJBFN_02137	MER0002562	35.043	234	112	9	287	495	111	329	6.42e-21	91.3
GCABJBFN_02137	MER0002057	29.675	246	133	7	286	492	95	339	2.34e-20	90.1
GCABJBFN_02137	MER0001521	34.466	206	118	7	286	489	57	247	2.73e-20	87.8
GCABJBFN_02137	MER0000309	35.468	203	112	7	293	492	63	249	2.79e-20	87.8
GCABJBFN_02137	MER0000313	34.466	206	118	7	286	489	57	247	3.52e-20	87.4
GCABJBFN_02137	MER0016978	28.793	323	158	14	203	492	5	288	5.03e-20	87.8
GCABJBFN_02137	MER0000361	35.019	257	114	14	269	493	76	311	5.42e-20	88.2
GCABJBFN_02137	MER0000316	32.195	205	118	7	293	495	61	246	7.77e-20	86.3
GCABJBFN_02137	MER0081072	31.780	236	136	8	266	495	31	247	9.09e-20	85.9
GCABJBFN_02137	MER0001755	34.951	206	117	8	286	489	57	247	1.15e-19	86.3
GCABJBFN_02137	MER0062058	37.264	212	112	7	293	496	61	259	1.26e-19	88.2
GCABJBFN_02137	MER0062058	57.692	52	22	0	86	137	1	52	5.92e-14	70.5
GCABJBFN_02137	MER0001523	35.749	207	114	8	286	489	57	247	1.30e-19	85.9
GCABJBFN_02137	MER0000312	35.749	207	114	8	286	489	57	247	1.30e-19	85.9
GCABJBFN_02137	MER0013656	33.668	199	113	7	293	490	61	241	1.94e-19	85.1
GCABJBFN_02137	MER0000321	30.798	263	141	10	254	499	117	355	2.26e-19	86.7
GCABJBFN_02137	MER0054318	33.511	188	111	8	293	476	67	244	2.54e-19	85.9
GCABJBFN_02137	MER0000320	34.872	195	100	8	293	479	69	244	3.05e-19	85.1
GCABJBFN_02137	MER0016983	33.971	209	97	8	293	480	71	259	6.39e-19	84.7
GCABJBFN_02137	MER0016697	35.000	220	99	9	288	478	93	297	1.72e-18	84.0
GCABJBFN_02137	MER0000349	33.193	238	117	11	293	499	144	370	1.73e-18	84.3
GCABJBFN_02137	MER0001725	36.126	191	102	7	292	478	98	272	3.03e-18	82.8
GCABJBFN_02137	MER0006074	32.476	311	151	17	208	495	1	275	4.04e-18	82.0
GCABJBFN_02137	MER0030016	30.116	259	129	9	257	495	50	276	1.70e-17	79.7
GCABJBFN_02137	MER0000311	35.407	209	118	7	286	492	57	250	1.91e-17	79.7
GCABJBFN_02137	MER0004085	32.883	222	118	9	293	494	96	306	2.83e-17	80.1
GCABJBFN_02137	MER0000362	31.878	229	116	10	288	493	94	305	2.89e-17	80.1
GCABJBFN_02137	MER0006023	31.579	228	119	9	288	495	97	307	3.30e-17	79.7
GCABJBFN_02137	MER0002267	32.394	213	120	9	293	498	71	266	4.27e-17	78.6
GCABJBFN_02137	MER0000319	32.323	198	116	8	293	489	69	249	7.84e-17	77.8
GCABJBFN_02137	MER0042897	38.462	208	106	9	293	495	66	256	8.45e-17	77.8
GCABJBFN_02137	MER0014744	31.455	213	132	6	293	494	95	304	1.80e-16	77.8
GCABJBFN_02137	MER0155676	31.897	232	126	10	293	496	125	352	3.00e-16	77.4
GCABJBFN_02137	MER0004720	30.332	211	116	8	293	495	73	260	4.84e-16	75.5
GCABJBFN_02137	MER0005931	33.971	209	121	5	293	499	32	225	5.15e-16	74.7
GCABJBFN_02137	MER0002516	34.135	208	105	11	293	493	82	264	1.94e-15	73.9
GCABJBFN_02137	MER0050309	30.493	223	123	10	293	502	47	250	2.13e-15	75.1
GCABJBFN_02137	MER0005078	30.415	217	120	7	268	476	55	248	2.42e-15	73.6
GCABJBFN_02137	MER0003536	30.088	226	123	9	291	495	69	280	9.73e-15	72.0
GCABJBFN_02137	MER0003117	33.333	207	105	9	293	489	75	258	1.04e-14	71.6
GCABJBFN_02137	MER0000359	30.986	213	117	10	293	497	89	279	4.40e-14	70.1
GCABJBFN_02137	MER0000358	29.200	250	123	12	265	491	43	261	1.02e-13	69.3
GCABJBFN_02137	MER0006037	31.731	208	111	7	277	476	64	248	1.46e-13	68.2
GCABJBFN_02137	MER0002764	34.634	205	101	10	278	474	74	253	3.97e-13	67.0
GCABJBFN_02137	MER0000326	32.524	206	109	10	293	493	72	252	6.46e-13	66.6
GCABJBFN_02137	MER0161312	30.469	256	141	10	280	503	83	333	7.45e-13	67.0
GCABJBFN_02137	MER0019280	31.944	216	126	8	293	495	73	280	7.56e-13	66.2
GCABJBFN_02137	MER0002790	31.507	219	122	7	293	493	1	209	1.11e-12	64.7
GCABJBFN_02137	MER0067924	28.879	232	113	11	293	493	63	273	2.36e-12	64.3
GCABJBFN_02137	MER0000328	33.019	212	109	12	279	478	58	248	2.55e-12	64.3
GCABJBFN_02137	MER0000340	28.125	288	143	13	263	512	29	290	2.95e-12	64.3
GCABJBFN_02137	MER0000347	26.592	267	148	10	289	531	115	357	3.13e-12	65.5
GCABJBFN_02137	MER0000344	30.165	242	122	14	285	510	80	290	7.30e-12	63.2
GCABJBFN_02137	MER0005859	29.434	265	112	11	293	499	242	489	1.34e-11	63.5
GCABJBFN_02137	MER0000356	30.263	228	109	10	293	493	89	293	1.45e-11	62.8
GCABJBFN_02137	MER0002500	30.189	212	105	9	292	476	156	351	1.74e-11	62.8
GCABJBFN_02137	MER0000357	32.683	205	98	11	293	481	77	257	6.05e-11	60.5
GCABJBFN_02137	MER0000335	28.502	207	117	10	293	491	69	252	7.63e-11	60.1
GCABJBFN_02137	MER0000325	31.839	223	124	10	293	510	70	269	7.91e-11	60.5
GCABJBFN_02137	MER0014446	30.876	217	113	8	293	494	197	391	9.28e-11	60.8
GCABJBFN_02137	MER0024902	26.027	219	142	6	293	497	97	309	1.45e-10	59.3
GCABJBFN_02137	MER0037258	29.911	224	130	8	292	495	79	295	1.62e-10	59.3
GCABJBFN_02137	MER0000336	27.778	198	112	7	285	474	73	247	2.01e-10	58.9
GCABJBFN_02137	MER0016688	28.750	240	123	10	293	499	74	298	2.10e-10	58.9
GCABJBFN_02137	MER0000353	29.126	206	110	8	280	471	144	327	6.58e-10	57.4
GCABJBFN_02137	MER0114485	25.965	285	154	12	236	476	54	325	8.22e-10	57.4
GCABJBFN_02137	MER0014085	27.273	253	131	10	293	493	87	338	9.06e-10	57.4
GCABJBFN_02137	MER0000351	26.728	217	115	7	280	477	93	284	1.32e-09	56.2
GCABJBFN_02137	MER0004123	31.973	147	68	6	369	492	168	305	1.32e-09	56.6
GCABJBFN_02137	MER0003020	29.796	245	109	11	293	478	226	466	2.00e-09	56.6
GCABJBFN_02137	MER0004988	27.854	219	124	9	293	495	71	271	3.60e-09	55.1
GCABJBFN_02137	MER0055027	29.032	217	107	10	279	479	68	253	4.64e-09	55.1
GCABJBFN_02137	MER0001454	32.222	90	43	3	424	495	238	327	5.37e-09	54.7
GCABJBFN_02137	MER0005712	25.296	253	139	9	293	495	88	340	5.82e-09	54.7
GCABJBFN_02137	MER0006048	25.279	269	132	10	293	495	85	350	5.88e-09	54.7
GCABJBFN_02137	MER0003122	28.000	200	97	9	343	497	150	347	8.74e-09	54.3
GCABJBFN_02137	MER0001467	33.708	89	39	3	425	493	246	334	1.48e-08	53.5
GCABJBFN_02137	MER0006036	32.967	91	47	2	430	506	361	451	1.53e-08	53.9
GCABJBFN_02137	MER0068994	26.667	270	130	14	292	501	108	369	1.85e-08	53.1
GCABJBFN_02137	MER0015438	34.831	89	38	2	427	495	362	450	1.94e-08	53.5
GCABJBFN_02137	MER0015432	25.660	265	134	11	293	495	87	350	2.66e-08	52.8
GCABJBFN_02137	MER0022415	29.524	210	120	10	293	493	83	273	2.91e-08	52.8
GCABJBFN_02137	MER0005790	28.643	199	102	7	293	475	94	268	3.29e-08	51.6
GCABJBFN_02137	MER0028258	31.076	251	120	11	293	495	104	349	3.70e-08	52.4
GCABJBFN_02137	MER0001451	24.354	271	134	8	285	495	59	318	5.90e-08	51.6
GCABJBFN_02137	MER0050310	24.561	228	139	10	293	504	102	312	1.18e-07	50.8
GCABJBFN_02137	MER0000338	25.751	233	137	10	283	506	62	267	1.30e-07	50.1
GCABJBFN_02137	MER0014310	34.831	89	38	3	427	495	310	398	1.41e-07	50.4
GCABJBFN_02137	MER0000350	27.675	271	126	14	269	493	80	326	1.55e-07	50.1
GCABJBFN_02137	MER0011813	32.653	98	46	2	426	503	346	443	1.65e-07	50.4
GCABJBFN_02137	MER0002771	31.765	85	42	2	425	493	243	327	1.70e-07	50.1
GCABJBFN_02137	MER0014309	31.111	90	44	2	424	495	238	327	1.90e-07	50.1
GCABJBFN_02137	MER0014312	34.483	87	37	3	427	493	312	398	2.45e-07	49.7
GCABJBFN_02137	MER0005756	25.095	263	137	11	293	495	112	374	2.70e-07	49.7
GCABJBFN_02137	MER0013641	21.622	333	192	14	245	534	38	344	2.77e-07	49.7
GCABJBFN_02137	MER0000389	26.190	252	114	12	293	495	77	305	2.99e-07	49.3
GCABJBFN_02137	MER0016991	27.600	250	134	11	293	510	78	312	3.06e-07	49.3
GCABJBFN_02137	MER0000364	26.809	235	144	7	280	499	57	278	4.10e-07	48.5
GCABJBFN_02137	MER0087792	26.360	239	127	8	293	492	97	325	4.44e-07	48.9
GCABJBFN_02137	MER0015437	32.895	76	43	2	427	495	354	428	6.75e-07	48.5
GCABJBFN_02137	MER0015436	34.524	84	45	3	427	502	354	435	8.49e-07	48.1
GCABJBFN_02137	MER0014325	32.895	76	36	2	439	499	264	339	9.27e-07	47.8
GCABJBFN_02137	MER0005034	31.818	88	40	3	426	493	344	431	9.57e-07	48.1
GCABJBFN_02137	MER0015435	27.119	118	64	3	405	500	337	454	1.41e-06	47.4
GCABJBFN_02137	MER0013896	32.558	86	39	2	427	493	358	443	1.49e-06	47.4
GCABJBFN_02137	MER0006049	30.337	89	42	2	425	493	267	355	1.74e-06	47.0
GCABJBFN_02137	MER0004652	32.432	74	40	2	436	499	438	511	1.74e-06	47.4
GCABJBFN_02137	MER0014313	32.584	89	40	3	427	495	286	374	1.74e-06	47.0
GCABJBFN_02137	MER0014311	34.483	87	37	3	427	493	311	397	1.87e-06	47.0
GCABJBFN_02137	MER0004641	32.584	89	40	3	425	493	264	352	2.17e-06	46.6
GCABJBFN_02137	MER0005710	36.145	83	40	3	427	496	352	434	2.18e-06	47.0
GCABJBFN_02137	MER0005699	25.503	298	150	12	288	515	98	393	2.49e-06	46.6
GCABJBFN_02137	MER0015433	34.146	82	41	3	427	495	353	434	2.64e-06	46.6
GCABJBFN_02137	MER0014089	37.374	99	47	4	417	502	343	439	3.14e-06	46.6
GCABJBFN_02137	MER0001561	28.409	88	46	2	425	495	342	429	3.42e-06	46.2
GCABJBFN_02137	MER0001368	30.000	90	43	3	424	493	244	333	4.29e-06	45.8
GCABJBFN_02137	MER0005760	22.381	210	131	8	312	495	132	335	5.75e-06	45.4
GCABJBFN_02137	MER0000348	25.207	242	126	9	279	475	77	308	6.11e-06	45.1
GCABJBFN_02137	MER0015431	34.146	82	41	3	427	495	261	342	6.64e-06	45.1
GCABJBFN_02137	MER0013893	48.649	37	19	0	456	492	470	506	9.10e-06	45.1
GCABJBFN_02138	MER0019096	27.329	161	97	5	355	510	53	198	2.85e-11	60.1
GCABJBFN_02138	MER0002746	25.157	159	94	3	365	509	85	232	1.83e-10	58.5
GCABJBFN_02138	MER0019759	25.161	155	110	3	359	509	79	231	2.35e-09	55.1
GCABJBFN_02138	MER0012283	28.481	158	98	5	340	486	60	213	5.37e-09	53.9
GCABJBFN_02138	MER0001009	22.785	158	119	2	355	509	13	170	1.59e-08	52.4
GCABJBFN_02138	MER0002003	21.154	208	145	6	300	488	10	217	2.16e-08	52.0
GCABJBFN_02138	MER0036308	24.667	150	102	4	340	481	58	204	6.99e-08	50.8
GCABJBFN_02138	MER0011345	23.158	190	127	7	316	489	32	218	1.29e-07	50.1
GCABJBFN_02138	MER0001010	20.886	158	104	3	355	500	54	202	3.14e-07	48.1
GCABJBFN_02138	MER0002755	27.044	159	91	6	340	481	50	200	3.41e-07	48.1
GCABJBFN_02138	MER0004243	26.056	142	97	3	354	488	76	216	7.15e-07	47.4
GCABJBFN_02138	MER0011720	23.741	139	102	2	363	501	80	214	7.60e-07	47.4
GCABJBFN_02138	MER0001013	26.842	190	121	7	315	489	32	218	8.65e-07	47.4
GCABJBFN_02138	MER0011440	21.805	133	101	2	359	488	78	210	1.02e-06	47.0
GCABJBFN_02138	MER0005328	25.490	153	96	5	340	478	49	197	1.84e-06	45.8
GCABJBFN_02138	MER0091680	25.166	151	103	4	357	501	67	213	1.90e-06	46.2
GCABJBFN_02138	MER0011183	20.859	163	108	3	357	507	69	222	2.13e-06	46.2
GCABJBFN_02138	MER0052595	22.759	145	85	3	362	490	89	222	3.69e-06	45.4
GCABJBFN_02138	MER0001017	22.768	224	125	9	315	504	31	240	4.65e-06	45.1
GCABJBFN_02138	MER0002968	23.474	213	115	9	308	488	19	215	4.68e-06	45.1
GCABJBFN_02138	MER0002078	20.625	160	106	3	362	509	82	232	5.17e-06	45.1
GCABJBFN_02138	MER0006264	19.444	144	95	2	357	488	48	182	5.93e-06	44.3
GCABJBFN_02138	MER0001012	24.648	142	86	3	359	488	84	216	6.34e-06	44.7
GCABJBFN_02138	MER0011369	23.016	126	94	3	359	481	93	218	8.17e-06	44.3
GCABJBFN_02150	MER0897124	26.293	464	259	18	10	443	7	417	7.47e-19	85.1
GCABJBFN_02150	MER0004468	26.203	374	163	10	80	443	147	417	4.95e-18	82.8
GCABJBFN_02150	MER0004469	23.404	188	120	5	1	171	1	181	2.87e-12	64.7
GCABJBFN_02150	MER0004480	36.937	111	64	3	11	121	1	105	1.59e-11	62.0
GCABJBFN_02150	MER0004474	30.556	108	66	4	14	120	89	188	3.89e-08	51.6
GCABJBFN_02150	MER0004471	30.556	108	66	4	14	120	95	194	8.42e-07	47.8
GCABJBFN_02150	MER0004471	38.614	101	58	3	338	435	258	357	2.94e-06	45.8
GCABJBFN_02182	MER0016191	29.592	294	184	7	48	325	4	290	5.33e-36	129
GCABJBFN_02182	MER0016172	27.386	241	160	7	87	316	44	280	3.36e-19	83.6
GCABJBFN_02182	MER0016185	24.921	317	198	7	45	324	1	314	1.01e-16	76.6
GCABJBFN_02224	MER0025086	55.285	123	49	2	184	300	1	123	5.16e-41	136
GCABJBFN_02224	MER0029657	45.902	122	58	4	183	300	28	145	7.98e-20	81.3
GCABJBFN_02224	MER0011122	37.778	135	65	7	184	302	17	148	1.33e-13	64.3
GCABJBFN_02224	MER0002084	27.225	191	120	6	78	252	5	192	8.01e-08	48.9
GCABJBFN_02228	MER0027775	35.593	118	75	1	82	199	1	117	3.12e-23	87.4
GCABJBFN_02228	MER0001602	30.070	143	73	5	82	201	1	139	5.84e-13	60.8
GCABJBFN_02285	MER0031562	30.894	246	153	8	37	278	3	235	4.21e-19	81.6
GCABJBFN_02285	MER0017401	25.342	146	87	4	142	280	96	226	1.03e-06	45.8
GCABJBFN_02324	MER0001322	36.190	105	54	4	131	230	1	97	1.18e-15	68.2
GCABJBFN_02324	MER0014188	39.560	91	49	3	131	220	1	86	5.08e-15	66.2
GCABJBFN_02324	MER0024252	35.345	116	65	4	143	252	14	125	6.62e-12	58.2
GCABJBFN_02324	MER0002443	43.373	83	44	3	141	221	11	92	2.25e-11	56.6
GCABJBFN_02324	MER0376722	31.868	91	59	2	131	221	1	88	5.92e-10	52.0
GCABJBFN_02324	MER0003808	31.868	91	59	2	131	221	1	88	8.85e-10	52.0
GCABJBFN_02324	MER0377310	33.333	102	64	3	131	231	1	99	1.51e-09	51.2
GCABJBFN_02324	MER0377307	33.333	102	64	3	131	231	1	99	1.51e-09	51.2
GCABJBFN_02324	MER0002450	33.333	102	64	3	131	231	1	99	1.79e-09	51.2
GCABJBFN_02324	MER0003805	34.783	92	53	3	131	220	1	87	2.70e-09	50.8
GCABJBFN_02324	MER0377450	34.783	92	53	3	131	220	1	87	5.23e-09	49.3
GCABJBFN_02324	MER0377178	33.333	102	64	3	131	231	1	99	4.18e-08	47.4
GCABJBFN_02324	MER0004035	36.250	80	48	3	143	221	10	87	2.70e-07	45.1
GCABJBFN_02324	MER0004054	34.043	94	56	5	132	220	2	94	7.07e-07	44.3
GCABJBFN_02384	MER0065554	45.560	259	130	2	289	537	9	266	1.44e-77	242
GCABJBFN_02384	MER0437468	37.069	348	204	5	197	530	1	347	1.00e-75	240
GCABJBFN_02384	MER0436717	34.509	397	193	8	197	530	1	393	2.92e-61	204
GCABJBFN_02446	MER0031288	35.000	180	107	5	45	219	31	205	2.17e-25	96.3
GCABJBFN_02446	MER0031278	35.766	137	75	4	73	199	91	224	1.67e-18	78.6
GCABJBFN_02446	MER0031178	30.247	162	99	5	54	201	89	250	9.24e-16	71.6
GCABJBFN_02446	MER0001429	28.272	191	102	6	46	201	69	259	1.32e-14	68.2
GCABJBFN_02446	MER0001021	29.730	148	84	5	74	201	111	258	3.91e-14	67.0
GCABJBFN_02446	MER0038086	28.750	160	79	8	46	199	78	208	8.84e-11	57.0
GCABJBFN_02446	MER0043387	30.631	111	60	4	90	199	56	150	3.28e-10	54.3
GCABJBFN_02446	MER0044889	28.829	111	65	3	89	199	88	184	3.04e-07	46.6
GCABJBFN_02485	MER0073084	22.131	488	316	13	45	495	18	478	1.67e-27	113
GCABJBFN_02485	MER0014496	23.794	311	185	14	310	584	300	594	6.89e-12	65.1
GCABJBFN_02545	MER0026339	23.704	270	180	10	41	295	8	266	1.34e-12	63.5
GCABJBFN_02545	MER0033259	21.739	276	190	5	32	303	7	260	1.31e-10	57.8
GCABJBFN_02545	MER0004146	24.167	240	147	7	71	294	39	259	1.81e-10	57.4
GCABJBFN_02545	MER0210990	35.897	78	44	2	85	156	57	134	2.35e-08	51.2
GCABJBFN_02545	MER0003537	24.390	205	133	8	117	304	85	284	9.18e-07	46.2
GCABJBFN_02545	MER0011785	24.818	137	91	2	25	155	7	137	1.65e-06	45.8
GCABJBFN_02545	MER0037236	20.619	194	137	4	109	294	75	259	4.17e-06	44.3
GCABJBFN_02553	MER1143079	28.797	316	183	10	67	373	1	283	1.23e-28	110
GCABJBFN_02553	MER0026262	29.129	333	208	10	87	397	23	349	3.88e-26	104
GCABJBFN_02553	MER0000459	27.885	312	194	10	83	375	25	324	3.46e-24	99.4
GCABJBFN_02553	MER0002489	28.889	315	190	10	65	358	8	309	1.09e-23	97.8
GCABJBFN_02553	MER0000457	24.471	331	235	8	66	390	6	327	2.98e-23	96.7
GCABJBFN_02553	MER0017069	30.000	220	140	7	85	296	15	228	3.82e-23	96.3
GCABJBFN_02553	MER0003802	27.313	227	148	7	80	302	15	228	1.81e-19	85.1
GCABJBFN_02553	MER0011700	26.444	329	198	11	87	375	23	347	4.56e-18	82.0
GCABJBFN_02553	MER0005925	27.326	172	107	4	87	246	24	189	2.64e-16	76.3
GCABJBFN_02553	MER0006204	25.965	285	164	11	86	327	26	306	1.15e-15	74.7
GCABJBFN_02553	MER0140154	25.500	200	115	5	86	263	7	194	1.28e-14	71.2
GCABJBFN_02553	MER0005964	25.877	228	129	7	100	299	40	255	2.53e-13	67.4
GCABJBFN_02553	MER0005923	36.559	93	52	1	87	172	30	122	1.58e-12	65.5
GCABJBFN_02553	MER0354941	28.934	197	97	7	85	253	15	196	2.20e-11	59.7
GCABJBFN_02553	MER0028284	24.579	297	185	11	100	375	35	313	3.17e-11	60.8
GCABJBFN_02553	MER0122661	24.204	314	192	14	68	351	1	298	4.58e-11	60.5
GCABJBFN_02553	MER0000463	24.082	245	170	7	100	340	35	267	2.51e-10	58.2
GCABJBFN_02553	MER0003800	23.936	376	218	14	57	376	7	370	4.76e-10	57.8
GCABJBFN_02553	MER0004090	26.000	200	120	8	76	252	14	208	3.17e-09	55.1
GCABJBFN_02553	MER0219770	28.161	174	106	6	105	269	36	199	1.74e-08	52.4
GCABJBFN_02553	MER0034964	28.972	107	71	2	68	169	7	113	8.39e-07	47.4
GCABJBFN_02553	MER0005836	25.424	177	115	5	87	253	32	201	3.57e-06	44.7
GCABJBFN_02610	MER0019759	23.223	211	129	7	380	564	26	229	5.74e-08	50.8
GCABJBFN_02610	MER0019096	27.228	202	126	8	375	565	5	196	2.96e-07	48.5
GCABJBFN_02610	MER0011370	21.939	196	125	8	374	545	19	210	5.97e-07	47.8
GCABJBFN_02610	MER0001013	27.848	158	101	4	398	544	61	216	6.94e-07	47.8
GCABJBFN_02610	MER0011440	23.239	142	97	3	420	553	81	218	1.43e-06	46.6
GCABJBFN_02610	MER0011369	26.020	196	109	9	378	545	38	225	1.44e-06	46.6
GCABJBFN_02610	MER0091680	23.944	213	126	10	377	562	14	217	3.14e-06	45.4
GCABJBFN_02610	MER0001010	26.396	197	119	7	384	558	11	203	3.52e-06	45.4
GCABJBFN_02610	MER0001009	24.828	145	99	4	420	557	20	161	4.88e-06	45.1
GCABJBFN_02610	MER0002078	22.897	214	133	9	377	564	23	230	9.85e-06	44.3
GCABJBFN_02647	MER0065588	44.388	196	106	3	1	193	1	196	9.13e-55	169
GCABJBFN_02647	MER0043387	26.776	183	98	7	13	191	15	165	6.43e-10	52.8
GCABJBFN_02647	MER0038086	30.075	133	69	6	69	191	105	223	2.13e-07	46.6
GCABJBFN_02647	MER0045095	28.889	135	68	7	72	193	107	226	2.49e-06	43.5
GCABJBFN_02651	MER0001236	41.214	313	174	7	166	475	176	481	1.19e-73	237
GCABJBFN_02651	MER0001238	34.434	424	260	9	62	474	68	484	4.13e-68	223
GCABJBFN_02651	MER0041673	34.579	428	262	10	41	456	33	454	1.01e-63	211
GCABJBFN_02651	MER0004598	35.593	354	215	7	128	475	1	347	4.06e-61	200
GCABJBFN_02651	MER0035089	37.898	314	187	7	166	476	41	349	2.35e-60	198
GCABJBFN_02651	MER0024892	38.730	315	181	7	165	475	91	397	5.79e-59	196
GCABJBFN_02651	MER0004597	37.539	317	185	8	165	475	38	347	1.28e-58	194
GCABJBFN_02651	MER0001235	34.831	356	211	8	107	454	117	459	4.31e-57	193
GCABJBFN_02651	MER0003825	36.082	388	227	10	104	474	58	441	9.28e-57	191
GCABJBFN_02651	MER0002271	34.742	426	257	11	62	473	65	483	6.23e-54	185
GCABJBFN_02651	MER0026959	40.476	252	141	6	207	454	4	250	2.09e-52	175
GCABJBFN_02651	MER0014397	34.211	342	207	10	118	452	1	331	1.62e-51	175
GCABJBFN_02651	MER0002497	37.184	277	170	4	200	473	150	425	6.24e-48	167
GCABJBFN_02651	MER0003919	38.189	254	150	7	203	454	97	345	2.68e-47	164
GCABJBFN_02651	MER0105906	32.229	332	204	7	151	472	149	469	2.39e-46	164
GCABJBFN_02651	MER0001240	34.688	320	190	6	162	473	172	480	4.35e-44	158
GCABJBFN_02651	MER0001910	32.919	322	201	7	138	448	147	464	3.58e-41	150
GCABJBFN_02651	MER0011357	32.722	327	200	7	148	469	203	514	3.65e-39	145
GCABJBFN_02651	MER0013416	31.053	380	240	9	98	469	6	371	8.68e-39	142
GCABJBFN_02651	MER0079520	34.066	182	112	4	217	390	234	415	1.90e-21	94.0
GCABJBFN_02651	MER0081108	28.696	230	140	8	242	447	227	456	6.53e-14	70.5
GCABJBFN_02652	MER0168983	25.625	160	103	5	284	440	1	147	2.51e-11	59.3
GCABJBFN_02652	MER0001017	25.000	224	140	7	253	459	10	222	4.84e-09	53.9
GCABJBFN_02652	MER0001013	24.312	218	135	6	259	459	17	221	3.30e-07	48.5
GCABJBFN_02652	MER0005331	22.043	186	131	4	256	429	2	185	1.39e-06	46.2
GCABJBFN_02652	MER0002755	22.816	206	131	6	262	450	8	202	2.08e-06	45.4
GCABJBFN_02652	MER0002746	21.519	158	106	6	335	478	81	234	3.24e-06	45.4
GCABJBFN_02652	MER0011345	24.299	214	123	10	268	459	25	221	3.74e-06	45.4
GCABJBFN_02652	MER0168177	35.897	39	25	0	336	374	42	80	4.31e-06	43.9
GCABJBFN_02652	MER0012283	28.455	123	71	4	262	380	19	128	4.56e-06	44.7
GCABJBFN_02652	MER0019754	23.280	189	124	6	275	446	3	187	5.56e-06	44.3
GCABJBFN_02721	MER0005139	33.163	196	105	9	112	292	62	246	8.35e-15	70.5
GCABJBFN_02721	MER0001284	28.829	222	134	10	118	330	41	247	8.08e-12	61.6
GCABJBFN_02721	MER0015336	28.155	206	129	8	113	313	62	253	1.65e-10	57.8
GCABJBFN_02721	MER0100667	27.320	194	109	8	125	314	39	204	3.66e-10	56.2
GCABJBFN_02721	MER0194228	26.147	218	127	7	127	335	1	193	5.99e-10	55.1
GCABJBFN_02721	MER0015691	32.381	105	63	2	112	215	52	149	7.88e-10	55.5
GCABJBFN_02721	MER0004514	22.993	274	165	12	69	328	4	245	1.81e-09	54.3
GCABJBFN_02721	MER0001289	25.571	219	129	7	126	335	76	269	4.80e-09	53.5
GCABJBFN_02721	MER0001288	28.230	209	117	7	124	320	33	220	5.24e-09	52.8
GCABJBFN_02721	MER0032443	24.444	225	152	6	113	329	39	253	1.19e-08	52.0
GCABJBFN_02721	MER0005131	23.111	225	155	7	113	330	38	251	2.15e-08	51.2
GCABJBFN_02721	MER0005241	34.444	90	52	2	110	197	2	86	3.69e-08	50.4
GCABJBFN_02721	MER0005238	33.333	87	51	2	113	199	67	146	1.78e-07	48.9
GCABJBFN_02721	MER0005152	31.818	88	53	1	113	200	60	140	6.17e-07	47.0
GCABJBFN_02721	MER0005149	32.203	118	71	4	112	227	64	174	6.58e-07	47.0
GCABJBFN_02721	MER0001911	33.028	109	61	3	110	218	38	134	6.61e-07	46.6
GCABJBFN_02721	MER0002104	31.034	87	53	2	113	199	67	146	7.32e-07	47.0
GCABJBFN_02721	MER0037181	28.365	208	110	10	125	323	77	254	2.66e-06	45.1
GCABJBFN_02729	MER0042827	55.208	96	43	0	980	1075	1	96	1.49e-29	110
GCABJBFN_02808	MER0000268	56.774	155	65	2	104	257	1	154	1.45e-55	179
GCABJBFN_02808	MER0013623	53.247	154	71	1	104	257	1	153	1.00e-53	174
GCABJBFN_02808	MER0003850	51.667	180	74	5	104	276	3	176	5.05e-52	171
GCABJBFN_02808	MER0004111	52.258	155	73	1	104	257	1	155	2.92e-51	167
GCABJBFN_02808	MER0001372	52.564	156	72	2	104	257	1	156	2.07e-48	160
GCABJBFN_02808	MER0000266	50.641	156	75	2	104	257	1	156	2.23e-46	155
GCABJBFN_02808	MER0005468	49.686	159	74	4	104	257	1	158	1.11e-42	145
GCABJBFN_02808	MER0001373	50.000	158	75	2	104	257	1	158	9.51e-42	143
GCABJBFN_02808	MER0001945	46.541	159	80	2	104	257	1	159	1.22e-41	142
GCABJBFN_02808	MER0004149	46.951	164	76	4	104	257	1	163	3.24e-41	141
GCABJBFN_02808	MER0003290	47.170	159	76	3	104	257	1	156	8.18e-41	140
GCABJBFN_02808	MER0004673	35.507	276	143	6	104	355	2	266	1.00e-40	144
GCABJBFN_02808	MER0002577	46.835	158	75	2	104	257	1	153	2.16e-39	136
GCABJBFN_02808	MER0028330	44.937	158	78	2	104	257	1	153	2.77e-37	130
GCABJBFN_02808	MER0016351	42.405	158	82	2	104	257	1	153	4.28e-36	127
GCABJBFN_02808	MER0016031	46.707	167	75	5	104	257	1	166	1.67e-35	126
GCABJBFN_02808	MER0022668	43.275	171	80	5	104	257	1	171	2.27e-35	126
GCABJBFN_02808	MER0014795	43.902	164	77	3	104	257	1	159	2.94e-34	123
GCABJBFN_02808	MER0010944	42.105	171	82	5	104	257	1	171	4.16e-33	120
GCABJBFN_02808	MER0004093	43.671	158	80	2	104	257	1	153	1.79e-32	118
GCABJBFN_02808	MER0003293	44.295	149	81	2	104	251	1	148	2.04e-32	117
GCABJBFN_02808	MER0004086	42.331	163	83	5	105	257	1	162	2.44e-31	115
GCABJBFN_02808	MER0011375	39.375	160	85	4	104	257	1	154	7.08e-29	108
GCABJBFN_02808	MER0015583	41.722	151	74	4	104	241	1	150	1.24e-25	99.4
GCABJBFN_02808	MER0006096	38.806	134	75	2	128	257	1	131	8.05e-25	96.3
GCABJBFN_02808	MER0005093	33.750	160	91	3	104	248	1	160	5.09e-21	86.7
GCABJBFN_02808	MER0063616	36.620	142	77	4	107	238	5	143	8.96e-19	80.1
GCABJBFN_02808	MER0005094	31.034	145	84	6	104	238	1	139	1.01e-11	60.1
GCABJBFN_02808	MER0024901	34.932	146	76	8	104	238	1	138	6.56e-08	48.5
GCABJBFN_02808	MER0145078	32.353	136	67	7	127	240	88	220	1.22e-07	49.7
GCABJBFN_02808	MER0005090	32.061	131	83	5	104	229	1	130	3.44e-07	46.6
GCABJBFN_02808	MER0014317	28.244	131	85	5	115	238	10	138	3.98e-07	46.6
GCABJBFN_02808	MER0014314	30.147	136	79	6	104	229	1	130	1.02e-06	45.4
GCABJBFN_02808	MER0014318	31.387	137	76	8	104	229	1	130	4.37e-06	43.5
GCABJBFN_02984	MER0069741	48.696	115	57	2	185	299	52	164	3.48e-31	112
GCABJBFN_02984	MER0003380	50.000	108	51	2	192	298	127	232	1.76e-27	104
GCABJBFN_02984	MER0013541	51.163	86	41	1	203	288	1	85	2.64e-22	86.3
GCABJBFN_02984	MER0003376	36.885	122	69	2	203	318	45	164	2.54e-17	75.1
GCABJBFN_02984	MER0015415	33.333	114	65	2	176	288	46	149	6.63e-17	74.3
GCABJBFN_02984	MER0066182	40.000	115	60	3	190	303	86	192	1.38e-16	73.9
GCABJBFN_02984	MER0003423	39.604	101	60	1	188	287	17	117	1.76e-16	72.4
GCABJBFN_02984	MER0001419	39.604	101	60	1	188	287	17	117	1.87e-16	72.0
GCABJBFN_02984	MER0387040	41.176	102	58	2	203	303	1	101	2.54e-16	70.5
GCABJBFN_02984	MER0003906	34.066	91	59	1	203	292	1	91	1.32e-12	60.5
GCABJBFN_02984	MER0005300	32.990	97	64	1	204	300	66	161	1.20e-09	53.5
GCABJBFN_02984	MER0025070	35.514	107	56	5	199	294	2	106	2.89e-06	42.7
GCABJBFN_03015	MER0034582	25.994	327	217	9	600	911	1	317	1.43e-30	120
GCABJBFN_03052	MER0016191	31.452	124	83	2	65	187	4	126	1.64e-17	76.6
GCABJBFN_03052	MER0016185	30.702	114	75	2	62	172	1	113	4.50e-07	46.6
GCABJBFN_03052	MER0016172	28.302	106	71	2	67	167	6	111	9.56e-06	42.7
GCABJBFN_03058	MER0015415	29.333	150	82	8	46	188	17	149	2.56e-07	46.2
GCABJBFN_03058	MER0069741	29.897	97	56	4	91	187	68	152	4.09e-07	45.4
GCABJBFN_03070	MER0015473	33.562	146	85	3	44	177	37	182	2.84e-18	76.6
GCABJBFN_03070	MER0048181	33.566	143	79	2	44	171	1	142	1.75e-16	70.5
GCABJBFN_03070	MER0015472	28.369	141	98	1	40	177	41	181	5.88e-12	59.3
GCABJBFN_03070	MER0015462	29.870	154	84	4	36	181	40	177	1.52e-11	58.2
GCABJBFN_03070	MER0035036	30.435	138	86	3	44	175	88	221	1.23e-08	50.4
GCABJBFN_03070	MER0015633	37.349	83	49	1	36	118	42	121	1.24e-08	50.4
GCABJBFN_03070	MER0015459	28.966	145	85	4	36	176	42	172	9.11e-08	47.8
GCABJBFN_03070	MER0015659	36.559	93	53	2	36	125	42	131	1.08e-07	47.8
GCABJBFN_03070	MER0030047	27.407	135	88	3	47	175	1	131	1.31e-07	46.2
GCABJBFN_03070	MER0015632	24.719	178	121	4	36	205	37	209	8.31e-07	45.1
GCABJBFN_03070	MER0015631	29.412	153	88	6	36	181	44	183	8.76e-07	45.1
GCABJBFN_03070	MER0003940	33.333	84	52	2	43	125	41	121	1.09e-06	44.3
GCABJBFN_03070	MER0015686	35.294	85	52	1	36	120	42	123	1.85e-06	43.9
GCABJBFN_03070	MER0015630	39.474	76	43	1	43	118	52	124	5.13e-06	42.7
GCABJBFN_03070	MER0015458	27.273	165	91	4	38	180	46	203	7.34e-06	42.4
GCABJBFN_03116	MER0044622	41.667	192	102	6	2	186	26	214	1.72e-46	150
GCABJBFN_03116	MER0045094	40.212	189	107	4	2	186	12	198	3.18e-44	144
GCABJBFN_03116	MER0044882	43.860	171	89	5	24	187	1	171	1.32e-42	138
GCABJBFN_03116	MER0043394	44.172	163	86	3	27	186	2	162	2.16e-42	137
GCABJBFN_03116	MER0043392	38.272	162	91	5	30	186	1	158	2.21e-32	111
GCABJBFN_03116	MER0043195	29.648	199	122	5	5	185	8	206	8.91e-21	83.6
GCABJBFN_03116	MER0044619	32.642	193	116	8	3	187	9	195	1.15e-20	82.8
GCABJBFN_03116	MER0045095	34.123	211	110	8	4	187	17	225	2.43e-17	74.3
GCABJBFN_03116	MER0043537	29.255	188	123	7	4	187	2	183	6.64e-16	69.3
GCABJBFN_03116	MER0043387	34.247	146	86	6	44	186	27	165	2.50e-12	59.3
GCABJBFN_03116	MER0045945	30.256	195	114	8	2	188	32	212	3.59e-11	57.0
GCABJBFN_03116	MER0044812	25.301	166	111	5	16	177	68	224	1.72e-10	55.5
GCABJBFN_03116	MER0038086	31.034	116	75	3	75	186	109	223	6.01e-09	50.8
GCABJBFN_03116	MER0044889	33.628	113	70	3	75	186	91	199	6.50e-09	50.8
GCABJBFN_03116	MER0045886	28.829	111	76	3	75	185	85	192	4.96e-08	48.1
GCABJBFN_03116	MER0042974	25.641	117	78	2	74	186	69	180	9.51e-07	44.3
GCABJBFN_03116	MER0060647	26.738	187	116	9	3	182	174	346	1.48e-06	44.3
GCABJBFN_03187	MER0004090	32.234	394	206	15	609	971	2	365	2.06e-41	154
GCABJBFN_03187	MER0003800	30.526	380	219	13	615	971	15	372	8.11e-35	135
GCABJBFN_03187	MER0035017	27.273	396	232	13	616	973	1	378	3.36e-33	129
GCABJBFN_03187	MER0354941	28.774	212	111	7	632	828	11	197	8.56e-14	68.2
GCABJBFN_03187	MER0026262	21.892	370	210	15	629	972	14	330	7.38e-13	67.8
GCABJBFN_03187	MER0006204	21.330	361	228	12	617	954	6	333	3.22e-11	63.2
GCABJBFN_03187	MER0122661	21.951	369	224	13	618	967	1	324	7.24e-10	58.5
GCABJBFN_03187	MER0015683	24.747	198	119	5	633	828	40	209	8.45e-08	51.6
GCABJBFN_03187	MER0011700	23.790	248	144	10	622	850	3	224	8.88e-07	48.9
GCABJBFN_03187	MER0011726	31.000	100	68	1	627	726	17	115	6.69e-06	46.2
GCABJBFN_03243	MER0031562	32.381	210	132	5	80	287	33	234	3.59e-23	95.9
GCABJBFN_03243	MER0034961	27.407	135	83	4	74	205	29	151	2.58e-08	52.8
GCABJBFN_03243	MER0036027	22.650	234	157	6	66	282	12	238	2.54e-07	49.3
GCABJBFN_03243	MER0011305	28.358	134	88	3	152	285	112	237	2.57e-06	46.2
GCABJBFN_03243	MER0034959	27.097	155	80	7	60	205	19	149	8.83e-06	44.7
GCABJBFN_03243	MER0003558	23.618	199	115	8	104	284	62	241	8.83e-06	44.3
GCABJBFN_03256	MER0026494	32.505	483	294	11	1	462	1	472	1.96e-72	233
GCABJBFN_03256	MER0015142	30.417	480	307	8	1	462	33	503	6.76e-69	225
GCABJBFN_03256	MER0026471	29.979	477	298	9	8	459	12	477	4.11e-68	222
GCABJBFN_03256	MER0003397	33.854	192	109	6	19	198	23	208	3.13e-22	94.0
GCABJBFN_03256	MER0003397	29.293	99	67	1	362	460	213	308	4.61e-09	54.3
GCABJBFN_03256	MER0052470	25.758	396	254	15	65	440	68	443	1.09e-20	91.3
GCABJBFN_03256	MER0026485	32.843	204	117	7	8	198	11	207	1.25e-20	89.4
GCABJBFN_03256	MER0026485	29.348	92	65	0	362	453	212	303	1.18e-08	53.1
GCABJBFN_03256	MER0057434	31.220	205	121	8	7	198	2	199	1.36e-17	80.1
GCABJBFN_03256	MER0057434	31.373	102	67	1	360	461	202	300	3.64e-08	51.6
GCABJBFN_03256	MER0001272	27.397	146	87	5	21	164	11	139	3.09e-08	51.6
GCABJBFN_03256	MER0369972	30.000	110	69	3	79	188	62	163	7.54e-07	48.1
GCABJBFN_03256	MER0033183	32.941	85	50	2	75	159	76	153	1.97e-06	46.2
GCABJBFN_03256	MER0001271	28.736	174	109	10	53	222	48	210	6.57e-06	45.1
GCABJBFN_03261	MER0237414	25.238	210	145	6	35	233	3	211	2.26e-13	67.0
GCABJBFN_03261	MER0001233	24.103	195	132	6	33	212	2	195	1.41e-06	47.0
GCABJBFN_03262	MER0195774	36.723	177	112	0	25	201	1	177	2.91e-35	125
GCABJBFN_03262	MER0001229	26.887	212	144	6	25	231	2	207	3.21e-17	77.0
GCABJBFN_03262	MER0043985	26.887	212	144	6	25	231	2	207	6.72e-17	76.6
GCABJBFN_03262	MER0003448	27.184	206	149	1	25	230	2	206	2.60e-16	74.7
GCABJBFN_03262	MER0001233	25.652	230	146	7	25	238	2	222	3.12e-12	63.2
GCABJBFN_03262	MER0004423	27.607	163	106	5	61	218	33	188	5.10e-12	62.0
GCABJBFN_03262	MER0015259	27.647	170	117	5	17	183	18	184	8.66e-12	61.2
GCABJBFN_03262	MER0122186	26.087	184	122	4	25	201	22	198	2.31e-11	59.7
GCABJBFN_03262	MER0003543	24.510	204	152	2	25	228	2	203	2.46e-11	60.1
GCABJBFN_03262	MER0001214	27.820	133	95	1	17	148	18	150	2.97e-11	59.3
GCABJBFN_03262	MER0011292	23.077	208	133	5	24	204	25	232	3.94e-10	56.6
GCABJBFN_03262	MER0001218	27.568	185	125	3	25	201	26	209	6.21e-10	55.8
GCABJBFN_03262	MER0003386	26.087	184	129	3	25	201	26	209	1.31e-09	54.7
GCABJBFN_03262	MER0002423	30.270	185	120	5	25	201	26	209	1.34e-09	54.7
GCABJBFN_03262	MER0002283	41.176	85	48	2	25	107	26	110	6.51e-09	52.8
GCABJBFN_03262	MER0002345	30.978	184	114	7	25	205	26	199	7.28e-09	52.8
GCABJBFN_03262	MER0390687	22.156	167	129	1	32	198	1	166	1.11e-08	51.2
GCABJBFN_03262	MER0003823	28.571	147	100	4	7	151	10	153	1.12e-08	52.0
GCABJBFN_03262	MER0011744	25.000	180	127	5	9	182	6	183	5.12e-08	50.1
GCABJBFN_03262	MER0188967	21.774	372	242	14	61	399	3	358	9.65e-08	50.8
GCABJBFN_03262	MER0011096	23.214	168	125	3	17	182	18	183	1.09e-07	49.3
GCABJBFN_03262	MER0015090	22.439	205	157	2	25	229	2	204	5.29e-07	47.4
GCABJBFN_03262	MER0001222	20.321	187	143	3	20	201	21	206	6.04e-07	47.0
GCABJBFN_03262	MER0001413	26.549	113	81	2	16	127	21	132	1.64e-06	44.7
GCABJBFN_03262	MER0169735	24.468	188	126	4	25	201	16	198	3.63e-06	44.3
GCABJBFN_03262	MER0011192	25.478	157	110	6	51	201	7	162	5.76e-06	43.1
GCABJBFN_03272	MER0034541	22.063	1396	952	39	528	1837	36	1381	2.18e-71	261
