MEFHNIAF_00053	MER0028025	45.411	207	105	2	4	203	5	210	9.82e-49	161
MEFHNIAF_00053	MER0028025	51.190	84	40	1	268	351	162	244	1.54e-18	80.9
MEFHNIAF_00053	MER0003798	24.297	391	238	13	1	334	11	400	8.89e-18	80.9
MEFHNIAF_00053	MER0001273	32.308	195	111	8	12	192	9	196	1.73e-14	69.7
MEFHNIAF_00053	MER0238460	24.804	383	242	14	4	345	26	403	3.17e-14	70.1
MEFHNIAF_00053	MER0038758	24.523	367	230	14	10	352	7	350	3.65e-12	63.5
MEFHNIAF_00053	MER0026479	32.941	170	90	8	9	165	4	162	1.63e-09	54.7
MEFHNIAF_00053	MER0001272	24.324	185	122	6	12	185	6	183	2.65e-09	54.3
MEFHNIAF_00053	MER0002655	22.464	276	190	10	7	267	6	272	7.89e-08	50.4
MEFHNIAF_00053	MER0003775	30.556	108	73	1	66	171	83	190	2.99e-07	48.1
MEFHNIAF_00053	MER0003397	28.571	140	86	6	61	191	88	222	1.19e-06	46.6
MEFHNIAF_00053	MER0033183	25.229	218	128	9	8	208	9	208	1.25e-06	46.2
MEFHNIAF_00095	MER0006198	27.011	522	331	17	185	673	1	505	5.50e-40	151
MEFHNIAF_00095	MER0035254	30.918	207	134	3	185	382	1	207	4.25e-28	115
MEFHNIAF_00095	MER0035254	42.373	59	34	0	612	670	469	527	2.44e-08	53.9
MEFHNIAF_00095	MER0030255	23.845	541	337	18	185	663	1	528	2.47e-24	104
MEFHNIAF_00095	MER0003306	25.000	252	175	6	185	430	1	244	2.25e-11	63.5
MEFHNIAF_00100	MER0015691	41.699	259	139	5	262	517	2	251	1.11e-58	196
MEFHNIAF_00100	MER0005238	36.299	281	153	8	262	517	2	281	4.79e-51	176
MEFHNIAF_00100	MER0002104	34.146	287	163	8	261	522	1	286	8.84e-50	172
MEFHNIAF_00100	MER0005139	35.563	284	160	6	261	522	1	283	2.44e-48	168
MEFHNIAF_00100	MER0005149	34.686	271	158	6	261	516	1	267	2.16e-46	163
MEFHNIAF_00100	MER0015336	36.293	259	158	5	262	516	2	257	8.83e-46	160
MEFHNIAF_00100	MER0005239	33.451	284	160	8	262	517	2	284	1.98e-44	158
MEFHNIAF_00100	MER0005152	35.319	235	141	5	261	488	1	231	6.79e-38	139
MEFHNIAF_00100	MER0002105	33.913	230	143	6	262	489	2	224	2.62e-32	122
MEFHNIAF_00100	MER0026971	28.235	170	109	3	319	486	54	212	5.05e-18	81.3
MEFHNIAF_00100	MER0026972	32.979	94	62	1	308	400	27	120	3.92e-11	60.8
MEFHNIAF_00100	MER0037181	28.402	169	98	7	321	486	66	214	4.61e-10	58.2
MEFHNIAF_00100	MER0001288	25.000	196	127	6	303	494	5	184	2.40e-09	55.1
MEFHNIAF_00100	MER0005241	34.940	83	50	2	320	398	4	86	2.55e-09	55.1
MEFHNIAF_00100	MER0002161	29.050	179	100	7	321	493	66	223	7.00e-09	54.3
MEFHNIAF_00100	MER0005244	25.581	172	105	6	321	489	5	156	1.11e-08	52.8
MEFHNIAF_00100	MER0001284	35.165	91	46	2	321	401	36	123	1.36e-08	53.1
MEFHNIAF_00100	MER0004514	31.579	114	63	3	318	418	33	144	2.18e-08	52.4
MEFHNIAF_00110	MER0026494	33.263	472	278	11	7	454	10	468	9.56e-71	229
MEFHNIAF_00110	MER0015142	31.702	470	289	9	7	454	39	498	1.94e-68	224
MEFHNIAF_00110	MER0026471	30.252	476	296	8	8	458	12	476	7.25e-67	219
MEFHNIAF_00110	MER0052470	26.106	452	293	15	13	440	9	443	2.96e-24	102
MEFHNIAF_00110	MER0003397	33.333	192	110	5	19	198	23	208	4.46e-21	90.5
MEFHNIAF_00110	MER0003397	32.558	86	58	0	365	450	216	301	6.07e-11	60.1
MEFHNIAF_00110	MER0026485	29.268	205	123	6	8	198	11	207	5.73e-21	90.1
MEFHNIAF_00110	MER0026485	28.866	97	69	0	363	459	213	309	1.59e-09	55.8
MEFHNIAF_00110	MER0057434	28.641	206	125	6	7	198	2	199	1.03e-16	77.4
MEFHNIAF_00110	MER0057434	30.435	92	62	1	355	446	199	288	6.01e-08	50.8
MEFHNIAF_00110	MER0001272	34.091	88	47	3	80	164	60	139	8.85e-08	50.1
MEFHNIAF_00142	MER0036635	52.778	36	17	0	152	187	5	40	3.98e-07	42.0
MEFHNIAF_00142	MER0036617	55.556	36	16	0	152	187	2	37	1.92e-06	40.0
MEFHNIAF_00142	MER0017817	71.429	21	6	0	152	172	7	27	6.33e-06	38.9
MEFHNIAF_00160	MER0001299	36.998	473	281	7	80	541	55	521	6.08e-82	265
MEFHNIAF_00160	MER0011114	30.733	423	229	7	90	509	5	366	4.47e-50	174
MEFHNIAF_00160	MER0321345	38.333	180	109	1	331	508	1	180	2.89e-34	125
MEFHNIAF_00160	MER0321345	24.837	153	111	2	84	234	1	151	2.48e-08	51.2
MEFHNIAF_00160	MER0003812	38.333	180	109	1	331	508	1	180	5.05e-34	125
MEFHNIAF_00160	MER0003812	24.868	189	135	4	84	269	1	185	7.38e-08	49.7
MEFHNIAF_00160	MER0044046	37.791	172	106	1	337	508	7	177	1.64e-27	106
MEFHNIAF_00160	MER0013957	31.429	175	120	0	331	505	1	175	8.88e-24	95.9
MEFHNIAF_00160	MER0013957	24.194	124	91	2	139	262	56	176	7.96e-06	43.9
MEFHNIAF_00160	MER0001300	29.508	183	122	4	343	523	9	186	2.64e-16	74.3
MEFHNIAF_00160	MER0001303	23.669	169	128	1	331	499	1	168	8.69e-08	49.7
MEFHNIAF_00165	MER0000474	51.309	191	93	0	32	222	14	204	9.28e-73	217
MEFHNIAF_00165	MER0005687	50.538	186	87	1	36	221	27	207	4.78e-65	197
MEFHNIAF_00165	MER0006046	46.970	198	105	0	24	221	6	203	6.84e-64	194
MEFHNIAF_00165	MER0004857	51.744	172	82	1	51	222	34	204	4.28e-60	185
MEFHNIAF_00165	MER0002299	47.568	185	97	0	36	220	12	196	5.16e-59	182
MEFHNIAF_00165	MER0006063	45.946	185	100	0	40	224	23	207	1.71e-58	181
MEFHNIAF_00165	MER0002211	44.615	195	108	0	27	221	9	203	3.78e-58	180
MEFHNIAF_00165	MER0004847	49.215	191	96	1	36	225	18	208	9.23e-55	171
MEFHNIAF_00165	MER0004855	44.509	173	96	0	49	221	33	205	1.20e-52	166
MEFHNIAF_00165	MER0006056	48.256	172	88	1	50	221	37	207	1.22e-52	166
MEFHNIAF_00165	MER0004182	39.683	189	114	0	36	224	14	202	1.76e-46	150
MEFHNIAF_00165	MER0006308	37.427	171	106	1	49	218	21	191	1.16e-44	145
MEFHNIAF_00165	MER0011666	39.053	169	101	1	55	221	17	185	7.78e-39	130
MEFHNIAF_00165	MER0001369	41.975	81	45	1	76	156	52	130	1.45e-07	46.2
MEFHNIAF_00167	MER0031610	37.247	247	147	4	15	254	55	300	2.06e-47	156
MEFHNIAF_00167	MER0037236	26.022	269	155	12	4	246	9	259	2.54e-12	62.0
MEFHNIAF_00167	MER0017193	23.420	269	157	11	4	241	15	265	8.97e-12	60.5
MEFHNIAF_00167	MER0017177	29.412	119	79	2	4	119	24	140	4.83e-11	58.9
MEFHNIAF_00167	MER0210990	34.737	95	59	1	38	129	54	148	7.40e-10	55.5
MEFHNIAF_00167	MER0017142	34.343	99	60	2	15	113	15	108	3.97e-08	49.7
MEFHNIAF_00167	MER0036066	33.000	100	65	2	15	112	1	100	8.92e-08	48.5
MEFHNIAF_00167	MER0044858	29.839	124	68	5	16	127	57	173	1.18e-07	48.5
MEFHNIAF_00167	MER0014065	28.283	99	67	2	15	110	35	132	3.92e-07	47.0
MEFHNIAF_00167	MER0036072	28.226	124	79	3	12	126	78	200	4.07e-07	47.0
MEFHNIAF_00167	MER0035044	25.275	273	165	10	15	255	34	299	1.56e-06	45.1
MEFHNIAF_00167	MER0035038	23.022	278	169	11	15	255	31	300	2.14e-06	44.7
MEFHNIAF_00167	MER0036053	30.303	99	59	3	10	103	4	97	4.01e-06	43.9
MEFHNIAF_00167	MER0004146	27.857	140	92	4	4	134	8	147	4.32e-06	43.5
MEFHNIAF_00193	MER0044357	27.751	209	118	7	18	197	49	253	7.54e-18	84.7
MEFHNIAF_00193	MER0044357	30.769	117	70	3	204	316	340	449	8.48e-08	52.8
MEFHNIAF_00221	MER0001161	38.609	676	408	4	4	672	3	678	2.91e-162	479
MEFHNIAF_00221	MER0001158	35.052	679	431	6	2	672	1	677	7.65e-136	411
MEFHNIAF_00221	MER0006087	35.007	697	423	13	1	673	9	699	1.01e-132	404
MEFHNIAF_00221	MER0015119	32.548	722	429	16	1	673	5	717	2.73e-120	372
MEFHNIAF_00221	MER0108144	31.411	659	411	13	40	672	19	662	1.03e-94	303
MEFHNIAF_00221	MER0001149	32.132	638	405	12	46	672	56	676	5.56e-93	300
MEFHNIAF_00221	MER0001153	31.644	651	413	14	46	674	54	694	9.87e-90	291
MEFHNIAF_00221	MER0001942	32.890	602	376	11	82	672	92	676	1.36e-89	290
MEFHNIAF_00221	MER0003110	28.936	705	428	17	24	672	28	715	3.14e-80	266
MEFHNIAF_00221	MER0079465	28.241	648	426	18	49	672	2	634	6.03e-65	223
MEFHNIAF_00221	MER0015170	25.039	639	412	22	49	667	34	625	2.27e-47	174
MEFHNIAF_00221	MER0001156	23.656	651	414	18	54	649	62	684	2.09e-36	142
MEFHNIAF_00221	MER0021317	34.615	78	51	0	424	501	10	87	2.88e-10	54.3
MEFHNIAF_00221	MER0059435	24.103	195	122	4	437	613	470	656	9.86e-06	45.4
MEFHNIAF_00283	MER0005169	32.653	343	220	5	14	353	6	340	1.66e-55	182
MEFHNIAF_00283	MER0013829	35.503	338	199	8	9	338	1	327	1.59e-53	177
MEFHNIAF_00283	MER0004410	30.925	346	218	9	14	349	6	340	7.58e-43	149
MEFHNIAF_00283	MER0005472	34.226	336	199	8	14	345	6	323	1.01e-42	148
MEFHNIAF_00283	MER0002043	30.058	346	211	12	27	361	31	356	2.08e-36	132
MEFHNIAF_00283	MER0002046	30.968	310	193	10	43	349	35	326	1.59e-35	129
MEFHNIAF_00283	MER0005160	33.448	290	164	11	65	345	55	324	1.07e-32	121
MEFHNIAF_00283	MER0022215	26.176	340	224	8	15	345	5	326	1.23e-23	97.1
MEFHNIAF_00283	MER0002040	28.302	318	192	14	61	360	56	355	3.67e-20	87.4
MEFHNIAF_00283	MER0025084	21.321	333	240	10	23	346	15	334	2.11e-07	48.9
MEFHNIAF_00305	MER0195376	36.735	147	84	2	236	373	1	147	6.81e-21	87.0
MEFHNIAF_00305	MER0003514	30.612	147	71	5	234	373	1	123	1.46e-08	51.2
MEFHNIAF_00305	MER0003065	31.655	139	78	6	235	373	2	123	1.35e-07	48.5
MEFHNIAF_00305	MER0004195	29.371	143	81	3	234	374	1	125	1.93e-07	48.1
MEFHNIAF_00305	MER0001297	29.787	141	82	5	234	374	1	124	2.57e-07	47.8
MEFHNIAF_00305	MER0003413	30.189	159	84	8	236	389	3	139	6.01e-06	43.5
MEFHNIAF_00338	MER0002007	42.408	382	201	7	25	404	9	373	5.64e-92	280
MEFHNIAF_00338	MER0002655	39.241	395	210	10	32	422	8	376	4.50e-84	259
MEFHNIAF_00338	MER0002013	37.018	389	224	6	38	422	22	393	1.34e-70	225
MEFHNIAF_00338	MER0002659	34.586	399	231	11	33	422	13	390	3.53e-69	221
MEFHNIAF_00338	MER0002014	33.578	408	241	11	22	422	6	390	2.98e-67	216
MEFHNIAF_00338	MER0005155	35.659	387	227	7	34	415	11	380	6.70e-67	215
MEFHNIAF_00338	MER0003770	36.565	361	206	8	29	386	2	342	7.78e-58	191
MEFHNIAF_00338	MER0005173	30.769	377	229	9	38	407	6	357	2.98e-50	171
MEFHNIAF_00338	MER0005163	48.571	175	74	4	28	202	3	161	1.03e-46	158
MEFHNIAF_00338	MER0005163	36.508	63	40	0	360	422	202	264	2.98e-08	51.2
MEFHNIAF_00338	MER0015354	39.683	189	96	5	22	209	6	177	1.11e-36	132
MEFHNIAF_00338	MER0003815	42.703	185	87	6	34	217	18	184	2.34e-36	132
MEFHNIAF_00338	MER0003815	30.208	96	60	1	327	422	206	294	5.40e-08	50.8
MEFHNIAF_00338	MER0003581	27.874	348	236	7	76	421	1	335	4.73e-29	113
MEFHNIAF_00338	MER0002664	36.994	173	85	5	28	200	2	150	6.65e-26	103
MEFHNIAF_00338	MER0014418	30.594	219	104	11	24	233	7	186	5.62e-12	63.5
MEFHNIAF_00350	MER0001978	44.507	537	290	5	32	563	22	555	5.49e-159	462
MEFHNIAF_00350	MER0011811	34.909	550	323	10	29	555	19	556	1.05e-86	276
MEFHNIAF_00350	MER0011800	32.171	516	320	10	31	528	21	524	5.46e-80	259
MEFHNIAF_00350	MER0011215	34.766	512	300	14	36	529	3	498	2.18e-73	239
MEFHNIAF_00350	MER0005029	34.420	491	279	16	44	507	1	475	1.40e-69	230
MEFHNIAF_00350	MER0003580	33.400	500	314	11	36	526	26	515	1.39e-67	225
MEFHNIAF_00350	MER0001629	32.230	574	343	18	14	563	1	552	1.74e-67	225
MEFHNIAF_00350	MER0006124	31.720	558	327	20	34	560	24	558	2.47e-67	225
MEFHNIAF_00350	MER0005831	33.669	496	296	14	32	507	22	504	7.86e-66	221
MEFHNIAF_00350	MER0011143	31.755	507	296	16	43	526	33	512	2.04e-65	220
MEFHNIAF_00350	MER0011211	30.216	556	347	13	30	563	20	556	2.15e-64	217
MEFHNIAF_00350	MER0004194	33.871	496	292	17	46	521	2	481	4.82e-60	204
MEFHNIAF_00350	MER0002720	34.066	455	238	17	47	495	17	415	1.36e-54	189
MEFHNIAF_00350	MER0002728	30.899	534	320	19	54	553	47	565	2.33e-53	187
MEFHNIAF_00350	MER0001977	28.857	551	330	20	12	523	1	528	1.10e-48	174
MEFHNIAF_00350	MER0004202	26.888	543	333	17	35	555	8	508	3.78e-47	169
MEFHNIAF_00350	MER0011193	27.606	518	342	17	34	532	21	524	7.33e-43	158
MEFHNIAF_00350	MER0016970	26.958	549	356	18	30	560	19	540	1.97e-37	142
MEFHNIAF_00350	MER0094876	26.580	538	350	14	35	555	2	511	1.62e-31	125
MEFHNIAF_00350	MER0003440	28.604	437	239	16	34	456	24	401	2.76e-31	122
MEFHNIAF_00350	MER0002718	39.583	192	106	4	322	507	3	190	6.68e-31	115
MEFHNIAF_00350	MER0002721	36.792	212	102	6	372	555	37	244	7.61e-28	109
MEFHNIAF_00350	MER0006132	24.204	628	340	21	35	556	25	622	3.37e-26	109
MEFHNIAF_00350	MER0026205	37.824	193	115	5	372	563	37	225	6.53e-26	103
MEFHNIAF_00350	MER0001976	35.751	193	109	7	372	563	37	215	1.18e-19	84.7
MEFHNIAF_00350	MER0026207	31.522	184	97	6	372	555	37	191	3.09e-15	71.6
MEFHNIAF_00350	MER0026204	27.778	216	144	4	26	237	16	223	4.12e-15	71.6
MEFHNIAF_00350	MER0037241	28.358	134	88	2	110	240	100	228	8.24e-10	56.2
MEFHNIAF_00350	MER0016605	26.490	151	88	2	30	179	3	131	9.85e-08	50.8
MEFHNIAF_00350	MER0159283	25.333	150	91	3	30	179	3	131	2.68e-07	49.7
MEFHNIAF_00355	MER0048181	32.353	136	76	3	2	122	8	142	7.18e-12	57.0
MEFHNIAF_00355	MER0015473	30.496	141	86	3	2	130	44	184	1.88e-11	57.0
MEFHNIAF_00355	MER0015472	29.231	130	89	1	2	128	52	181	3.07e-10	53.5
MEFHNIAF_00355	MER0030047	31.852	135	76	5	2	127	5	132	4.67e-08	46.6
MEFHNIAF_00355	MER0015458	24.862	181	113	4	1	161	58	235	7.72e-06	41.6
MEFHNIAF_00377	MER0005244	33.333	180	111	3	276	454	3	174	4.09e-22	91.3
MEFHNIAF_00377	MER0015691	38.122	181	82	9	278	437	53	224	2.53e-19	84.7
MEFHNIAF_00377	MER0005241	43.119	109	56	2	278	380	5	113	2.06e-17	78.6
MEFHNIAF_00377	MER0005149	28.409	264	146	12	248	477	35	289	7.58e-17	78.2
MEFHNIAF_00377	MER0005139	37.000	100	56	3	278	372	63	160	1.86e-14	70.9
MEFHNIAF_00377	MER0005239	29.680	219	104	10	278	458	69	275	2.61e-13	67.4
MEFHNIAF_00377	MER0005238	37.624	101	57	3	277	373	66	164	1.38e-12	65.1
MEFHNIAF_00377	MER0001284	27.660	188	118	4	280	454	38	220	1.76e-11	61.2
MEFHNIAF_00377	MER0002104	38.462	91	51	2	277	364	66	154	4.18e-11	60.8
MEFHNIAF_00377	MER0032443	28.507	221	128	9	277	475	38	250	6.24e-11	59.7
MEFHNIAF_00377	MER0001289	27.397	219	142	7	276	483	56	268	9.82e-11	59.3
MEFHNIAF_00377	MER0004514	25.510	196	122	5	275	454	33	220	1.58e-10	58.5
MEFHNIAF_00377	MER0015336	32.456	114	65	4	278	387	62	167	1.59e-10	58.5
MEFHNIAF_00377	MER0194228	26.961	204	123	6	293	483	2	192	3.56e-10	56.6
MEFHNIAF_00377	MER0100667	25.751	233	146	9	257	478	3	219	4.34e-10	56.6
MEFHNIAF_00377	MER0005131	26.291	213	141	6	260	458	20	230	1.64e-09	55.5
MEFHNIAF_00377	MER0001911	33.333	108	58	3	278	385	41	134	2.74e-09	54.7
MEFHNIAF_00377	MER0005152	27.586	116	78	3	257	369	40	152	1.15e-08	53.1
MEFHNIAF_00377	MER0038832	32.955	88	57	2	290	376	61	147	2.04e-08	52.0
MEFHNIAF_00377	MER0011461	32.955	88	57	2	290	376	60	146	3.09e-08	51.6
MEFHNIAF_00377	MER0011464	35.821	67	43	0	292	358	60	126	5.60e-08	50.8
MEFHNIAF_00377	MER0002161	31.395	86	58	1	272	357	60	144	5.66e-08	51.2
MEFHNIAF_00377	MER0029965	23.874	222	130	9	278	480	50	251	1.27e-07	49.7
MEFHNIAF_00377	MER0002105	22.660	203	143	6	268	459	48	247	1.39e-07	49.7
MEFHNIAF_00377	MER0037181	26.946	167	106	6	277	438	65	220	2.19e-07	49.3
MEFHNIAF_00377	MER0001288	27.381	168	105	5	274	433	19	177	2.24e-07	48.9
MEFHNIAF_00377	MER0011487	23.497	183	134	4	286	466	57	235	2.54e-07	48.9
MEFHNIAF_00377	MER0030257	26.425	193	124	6	292	475	63	246	7.35e-07	47.4
MEFHNIAF_00377	MER0013618	37.805	82	44	3	278	356	58	135	8.25e-06	44.7
MEFHNIAF_00379	MER0015121	27.465	142	76	6	99	215	70	209	1.27e-09	56.6
MEFHNIAF_00379	MER0001198	28.276	145	81	5	47	168	10	154	1.59e-09	56.2
MEFHNIAF_00379	MER0003817	29.508	122	65	3	68	168	33	154	5.64e-09	54.3
MEFHNIAF_00379	MER0001202	28.676	136	71	5	55	166	19	152	4.88e-07	48.9
MEFHNIAF_00379	MER0013471	25.806	155	91	5	67	197	32	186	1.39e-06	47.4
MEFHNIAF_00379	MER0011506	26.056	142	88	5	51	178	19	157	3.17e-06	45.8
MEFHNIAF_00379	MER0003428	28.814	118	63	3	72	168	37	154	6.27e-06	45.1
MEFHNIAF_00389	MER0006319	34.596	396	223	10	33	420	10	377	4.21e-56	187
MEFHNIAF_00389	MER0011422	32.817	323	148	8	102	420	91	348	1.38e-44	155
MEFHNIAF_00389	MER0011343	27.577	388	201	9	43	421	26	342	1.28e-40	145
MEFHNIAF_00389	MER0032370	28.960	404	202	10	40	426	3	338	1.53e-37	136
MEFHNIAF_00389	MER0001260	30.769	260	162	5	29	277	6	258	5.47e-37	135
MEFHNIAF_00389	MER0001260	30.137	73	50	1	351	422	269	341	4.21e-06	45.4
MEFHNIAF_00389	MER0015155	26.893	383	197	10	44	424	36	337	1.17e-34	129
MEFHNIAF_00389	MER0013496	28.086	324	161	9	101	421	23	277	6.62e-33	124
MEFHNIAF_00389	MER0013499	27.815	302	150	6	122	421	99	334	5.63e-32	122
MEFHNIAF_00389	MER0013479	27.027	296	168	7	125	418	68	317	3.85e-25	102
MEFHNIAF_00389	MER0013425	23.607	377	208	10	40	413	4	303	1.84e-23	97.1
MEFHNIAF_00389	MER0001265	25.146	171	117	3	101	266	90	254	4.75e-12	63.5
MEFHNIAF_00389	MER0026963	28.916	83	57	2	338	419	10	91	2.46e-06	43.1
MEFHNIAF_00394	MER0237414	27.895	190	129	3	40	223	3	190	6.49e-21	88.6
MEFHNIAF_00394	MER0003448	22.549	204	158	0	37	240	1	204	4.38e-13	65.5
MEFHNIAF_00394	MER0001229	25.568	176	123	3	61	231	25	197	9.63e-11	58.5
MEFHNIAF_00394	MER0043985	25.150	167	119	2	61	224	25	188	1.20e-10	58.5
MEFHNIAF_00394	MER0003543	23.116	199	146	4	38	235	2	194	1.18e-07	49.3
MEFHNIAF_00394	MER0390687	18.667	150	122	0	61	210	17	166	1.69e-07	47.8
MEFHNIAF_00394	MER0015090	23.116	199	146	4	38	235	2	194	3.85e-07	47.8
MEFHNIAF_00394	MER0039456	22.335	197	140	6	37	224	1	193	1.09e-06	46.2
MEFHNIAF_00395	MER0195774	37.288	177	111	0	32	208	1	177	3.33e-40	139
MEFHNIAF_00395	MER0003543	26.341	205	147	3	32	235	2	203	8.57e-18	79.0
MEFHNIAF_00395	MER0015090	24.510	204	150	3	32	234	2	202	4.17e-15	71.2
MEFHNIAF_00395	MER0001233	26.027	219	149	7	32	240	2	217	3.23e-14	68.9
MEFHNIAF_00395	MER0001229	25.116	215	154	3	32	243	2	212	4.26e-14	68.2
MEFHNIAF_00395	MER0043985	25.116	215	154	3	32	243	2	212	8.67e-14	67.8
MEFHNIAF_00395	MER0003448	23.585	212	161	1	32	243	2	212	9.35e-14	67.4
MEFHNIAF_00395	MER0390687	25.749	167	122	2	40	205	1	166	5.21e-13	63.9
MEFHNIAF_00395	MER0002008	27.000	200	120	5	32	218	2	188	2.54e-12	63.2
MEFHNIAF_00395	MER0001214	32.680	153	91	6	32	178	26	172	2.99e-12	62.4
MEFHNIAF_00395	MER0003823	33.113	151	78	6	24	162	18	157	1.28e-11	60.8
MEFHNIAF_00395	MER0122186	27.869	183	120	6	32	208	22	198	1.83e-11	60.1
MEFHNIAF_00395	MER0001222	32.847	137	89	2	28	162	22	157	3.19e-11	59.7
MEFHNIAF_00395	MER0003386	30.882	136	85	4	32	162	26	157	5.53e-11	58.9
MEFHNIAF_00395	MER0014333	26.667	240	138	9	32	241	2	233	1.17e-10	58.5
MEFHNIAF_00395	MER0011744	30.719	153	96	5	32	179	26	173	2.23e-10	57.0
MEFHNIAF_00395	MER0002283	33.333	120	73	5	32	148	26	141	3.09e-10	56.6
MEFHNIAF_00395	MER0026957	26.994	163	116	3	58	219	23	183	3.85e-10	56.6
MEFHNIAF_00395	MER0001219	29.231	195	112	8	32	208	26	212	5.83e-10	55.8
MEFHNIAF_00395	MER0169735	31.507	146	96	2	32	173	16	161	5.99e-10	55.8
MEFHNIAF_00395	MER0015259	28.481	158	103	5	26	178	20	172	2.07e-09	54.3
MEFHNIAF_00395	MER0021876	26.404	178	113	6	58	225	26	195	5.38e-09	52.8
MEFHNIAF_00395	MER0001220	26.904	197	129	7	57	242	9	201	9.84e-09	52.4
MEFHNIAF_00395	MER0011096	34.568	81	52	1	32	111	26	106	1.20e-08	52.0
MEFHNIAF_00395	MER0002345	32.168	143	74	6	32	162	26	157	2.35e-08	51.2
MEFHNIAF_00395	MER0092828	28.800	125	78	4	32	151	2	120	8.57e-08	48.5
MEFHNIAF_00395	MER0003909	23.792	269	171	10	67	305	5	269	2.18e-07	49.7
MEFHNIAF_00395	MER0002423	28.655	171	98	7	26	184	20	178	2.28e-07	48.1
MEFHNIAF_00395	MER0024891	28.500	200	109	9	68	241	3	194	3.30e-07	48.9
MEFHNIAF_00395	MER0001218	28.481	158	103	5	32	184	26	178	5.36e-07	47.0
MEFHNIAF_00395	MER0011292	26.531	147	85	2	28	151	22	168	5.71e-07	47.4
MEFHNIAF_00395	MER0004423	27.564	156	97	6	68	218	33	177	6.17e-07	47.0
MEFHNIAF_00395	MER0001413	26.724	116	77	4	31	144	29	138	3.78e-06	43.5
MEFHNIAF_00395	MER0011192	34.483	116	65	5	53	162	2	112	4.88e-06	43.5
MEFHNIAF_00395	MER0015270	23.721	430	240	19	68	436	6	408	5.85e-06	45.1
MEFHNIAF_00401	MER0065588	45.408	196	104	3	1	193	1	196	1.17e-55	172
MEFHNIAF_00401	MER0038086	24.242	132	80	5	68	191	104	223	4.30e-06	42.7
MEFHNIAF_00424	MER0013471	29.565	115	65	3	34	132	30	144	1.42e-06	46.6
MEFHNIAF_00443	MER0005764	30.178	169	97	8	70	233	28	180	1.73e-09	56.6
MEFHNIAF_00443	MER0005778	29.012	162	99	5	70	226	27	177	9.38e-09	54.3
MEFHNIAF_00443	MER0015654	26.866	201	122	8	70	260	28	213	8.33e-08	51.2
MEFHNIAF_00443	MER0000428	27.737	137	85	5	78	213	32	155	4.84e-07	48.5
MEFHNIAF_00443	MER0006012	29.851	134	80	5	65	197	18	138	8.00e-07	45.4
MEFHNIAF_00443	MER0022863	31.293	147	80	7	66	209	31	159	1.55e-06	47.0
MEFHNIAF_00443	MER0004683	25.309	162	110	4	70	229	28	180	2.01e-06	46.6
MEFHNIAF_00443	MER0004684	23.144	229	151	7	65	277	23	242	2.19e-06	46.6
MEFHNIAF_00443	MER0000413	26.404	178	115	6	50	219	17	186	4.61e-06	45.8
MEFHNIAF_00443	MER0000430	26.829	164	94	6	64	220	20	164	4.88e-06	45.4
MEFHNIAF_00443	MER0000426	24.336	226	141	9	66	284	24	226	4.96e-06	45.4
MEFHNIAF_00443	MER0004128	28.148	135	86	3	78	211	598	722	5.47e-06	45.8
MEFHNIAF_00443	MER0010960	28.276	145	83	7	68	209	33	159	6.41e-06	45.1
MEFHNIAF_00443	MER0006005	29.710	138	87	4	70	206	28	156	7.27e-06	45.1
MEFHNIAF_00443	MER0004682	23.529	170	113	6	65	226	23	183	7.63e-06	45.1
MEFHNIAF_00445	MER0005767	25.856	263	158	8	58	316	29	258	2.63e-13	67.0
MEFHNIAF_00463	MER0000410	59.574	282	112	1	401	682	2	281	5.52e-117	349
MEFHNIAF_00463	MER0011872	41.045	268	153	3	417	680	16	282	2.31e-65	214
MEFHNIAF_00463	MER0082498	39.576	283	147	7	419	677	1	283	1.74e-62	206
MEFHNIAF_00463	MER0005694	36.059	269	160	3	417	680	16	277	3.37e-50	173
MEFHNIAF_00463	MER0079308	33.835	266	165	6	417	677	6	265	1.30e-41	149
MEFHNIAF_00463	MER0000392	32.593	270	169	5	418	677	7	273	3.76e-41	148
MEFHNIAF_00463	MER0015621	31.741	293	176	5	407	680	6	293	2.04e-40	147
MEFHNIAF_00463	MER0004227	36.323	223	141	1	423	644	28	250	8.33e-39	142
MEFHNIAF_00463	MER0002490	29.730	296	176	6	413	681	12	302	8.56e-38	140
MEFHNIAF_00463	MER0981959	31.206	282	173	5	413	677	1	278	1.83e-37	138
MEFHNIAF_00463	MER0022823	31.985	272	171	8	414	676	3	269	2.56e-37	137
MEFHNIAF_00463	MER0325901	31.698	265	175	4	417	677	4	266	4.37e-36	134
MEFHNIAF_00463	MER0011450	31.518	257	162	5	414	660	3	255	6.78e-36	133
MEFHNIAF_00463	MER0082653	32.911	237	144	6	419	641	7	242	1.20e-33	127
MEFHNIAF_00463	MER0003229	30.970	268	171	7	414	677	11	268	8.76e-30	115
MEFHNIAF_00463	MER0000398	29.545	264	170	6	416	678	2	250	8.55e-28	109
MEFHNIAF_00499	MER0011781	26.923	208	116	10	76	281	64	237	3.78e-10	57.4
MEFHNIAF_00503	MER0192051	24.775	222	141	7	20	225	96	307	1.30e-08	52.4
MEFHNIAF_00517	MER0005300	38.136	118	68	2	173	286	46	162	2.40e-17	74.7
MEFHNIAF_00517	MER0069741	39.175	97	57	2	188	284	70	164	4.38e-17	74.3
MEFHNIAF_00517	MER0003380	32.432	111	67	2	173	283	130	232	2.28e-13	65.1
MEFHNIAF_00517	MER0003376	30.303	132	80	3	158	282	15	141	2.50e-11	58.2
MEFHNIAF_00517	MER0003906	36.782	87	52	2	188	272	1	86	4.43e-10	53.1
MEFHNIAF_00517	MER0387040	28.713	101	68	3	188	286	1	99	5.64e-09	50.1
MEFHNIAF_00517	MER0066182	28.431	102	69	3	188	287	92	191	8.31e-09	51.6
MEFHNIAF_00517	MER0013541	32.558	86	57	1	188	273	1	85	1.97e-08	47.8
MEFHNIAF_00517	MER0001419	36.264	91	47	4	188	272	32	117	5.70e-08	48.1
MEFHNIAF_00517	MER0003423	32.955	88	56	2	187	272	31	117	1.43e-07	47.0
MEFHNIAF_00593	MER0000268	55.484	155	65	2	103	254	1	154	1.58e-52	171
MEFHNIAF_00593	MER0013623	52.258	155	69	3	103	254	1	153	2.17e-50	165
MEFHNIAF_00593	MER0003850	47.429	175	87	3	103	273	3	176	7.15e-49	162
MEFHNIAF_00593	MER0004111	49.367	158	71	2	103	254	1	155	5.21e-47	156
MEFHNIAF_00593	MER0000266	50.641	156	73	2	103	254	1	156	5.37e-47	156
MEFHNIAF_00593	MER0001372	50.000	156	74	2	103	254	1	156	3.98e-46	154
MEFHNIAF_00593	MER0005468	47.799	159	75	3	103	254	1	158	1.01e-42	145
MEFHNIAF_00593	MER0003290	49.686	159	70	3	103	254	1	156	4.97e-42	143
MEFHNIAF_00593	MER0004149	49.080	163	72	4	103	254	1	163	1.12e-41	142
MEFHNIAF_00593	MER0004673	35.766	274	139	6	103	350	2	264	2.22e-39	140
MEFHNIAF_00593	MER0001373	46.835	158	78	2	103	254	1	158	1.01e-37	132
MEFHNIAF_00593	MER0028330	48.101	158	71	3	103	254	1	153	1.03e-36	129
MEFHNIAF_00593	MER0001945	45.062	162	76	3	103	254	1	159	2.51e-36	128
MEFHNIAF_00593	MER0002577	45.570	158	75	2	103	254	1	153	3.21e-36	128
MEFHNIAF_00593	MER0004093	45.570	158	75	3	103	254	1	153	1.14e-35	126
MEFHNIAF_00593	MER0016351	44.304	158	77	3	103	254	1	153	3.82e-35	125
MEFHNIAF_00593	MER0003293	46.667	150	74	3	103	248	1	148	6.26e-34	121
MEFHNIAF_00593	MER0014795	43.902	164	75	3	103	254	1	159	4.23e-33	119
MEFHNIAF_00593	MER0010944	39.766	171	84	4	103	254	1	171	1.74e-32	118
MEFHNIAF_00593	MER0004086	42.384	151	77	3	113	254	13	162	5.43e-31	114
MEFHNIAF_00593	MER0016031	42.515	167	80	4	103	254	1	166	1.71e-30	113
MEFHNIAF_00593	MER0022668	39.181	171	85	5	103	254	1	171	1.24e-28	108
MEFHNIAF_00593	MER0006096	41.791	134	69	2	127	254	1	131	4.02e-27	102
MEFHNIAF_00593	MER0011375	37.500	160	86	4	103	254	1	154	6.36e-27	102
MEFHNIAF_00593	MER0015583	42.282	149	72	3	103	237	1	149	7.25e-25	97.1
MEFHNIAF_00593	MER0005093	36.875	160	84	4	103	245	1	160	4.22e-23	92.8
MEFHNIAF_00593	MER0063616	34.545	165	82	6	106	254	5	159	2.67e-15	70.5
MEFHNIAF_00593	MER0005094	31.875	160	90	8	103	249	1	154	7.52e-11	57.4
MEFHNIAF_00593	MER0014317	30.128	156	96	7	104	249	1	153	1.26e-06	45.1
MEFHNIAF_00593	MER0014318	33.577	137	77	7	103	229	1	133	1.26e-06	45.1
MEFHNIAF_00593	MER0016358	29.932	147	82	7	103	235	1	140	1.72e-06	44.3
MEFHNIAF_00593	MER0005090	33.088	136	79	6	103	229	1	133	3.21e-06	43.9
MEFHNIAF_00593	MER0014314	32.353	136	80	7	103	229	1	133	4.66e-06	43.5
MEFHNIAF_00593	MER0005089	31.618	136	81	6	103	229	1	133	5.69e-06	43.1
MEFHNIAF_00606	MER0000491	31.915	94	60	2	51	141	16	108	2.09e-06	45.4
MEFHNIAF_00606	MER0005837	27.815	151	96	4	5	144	71	219	3.27e-06	45.4
MEFHNIAF_00607	MER0006198	22.843	591	346	23	241	790	1	522	2.55e-27	114
MEFHNIAF_00607	MER0003339	21.505	558	391	16	241	783	1	526	9.75e-24	102
MEFHNIAF_00607	MER0003306	24.911	281	200	5	241	517	1	274	5.78e-17	81.6
MEFHNIAF_00607	MER0035254	20.000	575	382	21	241	779	1	533	1.63e-11	64.3
MEFHNIAF_00607	MER0030255	23.469	196	139	7	241	430	1	191	4.34e-08	53.1
MEFHNIAF_00632	MER0005139	29.936	157	98	4	236	390	17	163	3.23e-15	73.2
MEFHNIAF_00632	MER0004514	32.857	140	82	5	255	389	8	140	1.98e-13	67.0
MEFHNIAF_00632	MER0001284	28.378	222	137	9	255	472	8	211	3.85e-13	66.2
MEFHNIAF_00632	MER0100667	29.339	242	135	11	268	501	6	219	9.45e-12	61.6
MEFHNIAF_00632	MER0015691	31.776	107	65	1	282	388	52	150	1.49e-11	61.6
MEFHNIAF_00632	MER0005238	32.759	116	70	1	272	387	56	163	7.42e-11	60.1
MEFHNIAF_00632	MER0015336	33.019	106	63	1	283	388	62	159	2.81e-10	57.8
MEFHNIAF_00632	MER0005239	35.780	109	61	3	281	388	67	167	5.54e-10	57.4
MEFHNIAF_00632	MER0002161	25.833	240	130	8	283	502	66	277	9.38e-10	56.6
MEFHNIAF_00632	MER0005131	26.050	238	152	9	276	504	31	253	9.52e-10	56.2
MEFHNIAF_00632	MER0001289	26.180	233	141	6	281	506	60	268	1.43e-09	55.8
MEFHNIAF_00632	MER0005149	33.654	104	60	3	268	370	50	145	2.20e-09	55.5
MEFHNIAF_00632	MER0194228	26.512	215	128	5	298	506	2	192	2.28e-09	54.3
MEFHNIAF_00632	MER0002104	29.310	116	74	1	272	387	56	163	3.10e-09	55.1
MEFHNIAF_00632	MER0005241	30.435	92	56	2	279	368	1	86	4.00e-08	51.2
MEFHNIAF_00632	MER0005244	37.079	89	46	3	281	368	3	82	5.75e-08	50.1
MEFHNIAF_00632	MER0026972	29.245	106	68	2	268	373	25	123	1.02e-07	50.1
MEFHNIAF_00632	MER0001288	25.311	241	137	6	264	494	4	211	2.07e-07	48.9
MEFHNIAF_00632	MER0005152	23.810	147	91	3	237	370	1	139	5.34e-07	48.1
MEFHNIAF_00632	MER0015688	34.066	91	47	3	298	388	71	148	6.26e-06	44.7
MEFHNIAF_00648	MER0014418	29.343	426	242	9	24	442	2	375	5.35e-48	166
MEFHNIAF_00648	MER0002013	29.740	269	154	14	52	301	30	282	3.43e-12	64.7
MEFHNIAF_00648	MER0002655	24.188	277	185	9	40	301	10	276	5.61e-12	63.9
MEFHNIAF_00648	MER0002664	28.947	152	95	4	34	185	2	140	3.97e-11	60.5
MEFHNIAF_00648	MER0003581	29.218	243	156	7	84	313	1	240	6.77e-11	60.5
MEFHNIAF_00648	MER0021873	37.255	102	45	2	100	198	3	88	2.72e-10	57.0
MEFHNIAF_00648	MER0005163	27.044	159	103	4	52	206	21	170	3.22e-09	54.7
MEFHNIAF_00648	MER0005155	23.741	278	184	12	40	301	11	276	5.43e-08	51.6
MEFHNIAF_00648	MER0015354	27.742	155	105	5	40	193	18	166	1.60e-07	49.7
MEFHNIAF_00648	MER0005173	30.263	152	99	4	43	193	5	150	2.47e-07	49.3
MEFHNIAF_00648	MER0002014	26.786	168	116	5	39	205	17	178	7.82e-07	47.8
MEFHNIAF_00670	MER0005328	32.258	155	83	7	334	472	49	197	4.33e-12	62.4
MEFHNIAF_00670	MER0011345	26.289	194	124	7	306	483	28	218	4.71e-12	63.2
MEFHNIAF_00670	MER0001013	29.703	202	112	10	319	496	42	237	2.64e-11	60.8
MEFHNIAF_00670	MER0002755	27.841	176	108	6	316	475	28	200	3.45e-11	60.1
MEFHNIAF_00670	MER0012283	26.705	176	118	4	316	480	38	213	2.57e-10	57.8
MEFHNIAF_00670	MER0002746	24.876	201	134	6	320	503	32	232	5.07e-10	57.0
MEFHNIAF_00670	MER0001017	27.700	213	108	9	319	498	41	240	7.87e-10	56.6
MEFHNIAF_00670	MER0002281	27.273	165	94	6	317	469	54	204	3.06e-09	54.7
MEFHNIAF_00670	MER0036308	25.806	155	94	5	334	475	58	204	9.96e-09	53.1
MEFHNIAF_00670	MER0006264	20.745	188	115	5	320	482	4	182	1.08e-08	52.4
MEFHNIAF_00670	MER0001010	20.645	155	102	2	349	491	54	199	2.41e-08	51.6
MEFHNIAF_00670	MER0001009	19.760	167	113	2	349	503	13	170	1.28e-07	49.7
MEFHNIAF_00670	MER0028449	25.373	134	93	3	356	482	88	221	1.39e-07	49.7
MEFHNIAF_00670	MER0091680	24.519	208	131	9	309	495	11	213	2.65e-07	48.5
MEFHNIAF_00670	MER0019096	23.214	168	105	5	344	504	48	198	2.83e-07	48.1
MEFHNIAF_00670	MER0002003	22.901	131	97	2	356	482	87	217	3.78e-07	48.1
MEFHNIAF_00670	MER0011720	25.714	140	90	4	352	482	68	202	3.82e-07	48.1
MEFHNIAF_00670	MER0168983	21.341	164	109	4	319	473	1	153	6.39e-07	46.6
MEFHNIAF_00670	MER0011440	22.000	150	104	3	339	482	68	210	6.81e-07	47.4
MEFHNIAF_00670	MER0019759	22.772	202	136	6	320	503	32	231	1.05e-06	47.0
MEFHNIAF_00670	MER0019754	22.556	133	96	2	356	482	64	195	1.34e-06	46.2
MEFHNIAF_00670	MER0011438	28.090	89	52	3	320	396	33	121	1.78e-06	46.2
MEFHNIAF_00670	MER0168177	20.833	144	83	3	354	484	40	165	1.79e-06	45.4
MEFHNIAF_00670	MER0011183	22.699	163	112	4	345	496	63	222	2.26e-06	45.8
MEFHNIAF_00670	MER0011371	25.000	124	74	3	356	468	82	197	2.77e-06	45.4
MEFHNIAF_00670	MER0002210	22.222	117	87	1	356	468	39	155	3.53e-06	44.3
MEFHNIAF_00670	MER0002078	21.818	165	122	2	344	503	70	232	4.87e-06	45.1
MEFHNIAF_00670	MER0011423	19.863	146	108	2	343	482	72	214	6.43e-06	44.7
MEFHNIAF_00671	MER0002565	41.395	215	102	8	309	520	96	289	1.20e-33	129
MEFHNIAF_00671	MER0028365	37.143	280	133	14	265	523	67	324	3.62e-29	116
MEFHNIAF_00671	MER0028365	37.383	107	50	6	66	161	12	112	1.81e-07	50.4
MEFHNIAF_00671	MER0001709	35.889	287	129	14	267	521	42	305	1.21e-27	110
MEFHNIAF_00671	MER0000332	42.632	190	86	8	320	506	64	233	9.98e-27	106
MEFHNIAF_00671	MER0054318	38.500	200	112	6	310	507	57	247	3.80e-25	103
MEFHNIAF_00671	MER0005821	31.399	293	163	14	296	574	63	331	1.21e-23	100
MEFHNIAF_00671	MER0002057	34.286	245	116	10	317	520	99	339	5.56e-23	98.2
MEFHNIAF_00671	MER0077555	35.193	233	119	9	290	520	47	249	1.71e-22	94.4
MEFHNIAF_00671	MER0017009	33.929	224	124	7	317	526	114	327	4.39e-22	94.7
MEFHNIAF_00671	MER0017009	48.980	49	24	1	115	162	57	105	7.68e-07	48.1
MEFHNIAF_00671	MER0016978	30.844	308	157	11	240	520	10	288	5.92e-22	94.0
MEFHNIAF_00671	MER0001521	37.379	206	109	9	318	520	62	250	4.63e-20	87.4
MEFHNIAF_00671	MER0000313	37.379	206	109	9	318	520	62	250	5.38e-20	87.0
MEFHNIAF_00671	MER0000310	35.294	204	112	8	320	520	63	249	5.39e-20	87.0
MEFHNIAF_00671	MER0001755	38.462	208	104	9	318	520	62	250	9.75e-20	86.7
MEFHNIAF_00671	MER0000361	36.402	239	108	12	310	523	94	313	1.39e-19	87.0
MEFHNIAF_00671	MER0002575	33.641	217	119	9	308	520	58	253	1.76e-19	85.9
MEFHNIAF_00671	MER0000362	35.498	231	106	9	320	526	99	310	3.36e-19	85.9
MEFHNIAF_00671	MER0000320	36.649	191	101	6	320	506	69	243	3.88e-19	85.1
MEFHNIAF_00671	MER0002562	34.583	240	112	9	309	520	104	326	5.10e-19	85.5
MEFHNIAF_00671	MER0062058	33.577	274	142	11	309	573	53	295	5.97e-19	86.3
MEFHNIAF_00671	MER0062058	50.000	48	24	0	115	162	2	49	1.72e-09	57.0
MEFHNIAF_00671	MER0001523	36.493	211	104	10	318	520	62	250	1.03e-18	83.6
MEFHNIAF_00671	MER0000312	36.493	211	104	10	318	520	62	250	1.03e-18	83.6
MEFHNIAF_00671	MER0000333	36.898	187	97	6	320	504	64	231	1.10e-18	83.2
MEFHNIAF_00671	MER0004085	34.529	223	110	10	320	520	96	304	2.87e-18	83.2
MEFHNIAF_00671	MER0004690	30.483	269	133	13	292	535	76	315	3.16e-18	83.6
MEFHNIAF_00671	MER0004690	50.909	55	26	1	112	165	36	90	2.21e-08	53.1
MEFHNIAF_00671	MER0001699	37.624	202	104	9	320	517	62	245	3.21e-18	82.0
MEFHNIAF_00671	MER0001520	34.804	204	109	9	320	520	62	244	8.23e-18	80.5
MEFHNIAF_00671	MER0014744	33.043	230	121	7	320	529	95	311	8.94e-18	81.6
MEFHNIAF_00671	MER0001906	34.314	204	110	9	320	520	62	244	2.12e-17	79.3
MEFHNIAF_00671	MER0000315	34.135	208	105	9	320	520	62	244	2.27e-17	79.3
MEFHNIAF_00671	MER0002790	34.211	228	121	7	320	529	1	217	2.62e-17	78.6
MEFHNIAF_00671	MER0001725	35.450	189	107	5	317	504	96	270	2.88e-17	80.1
MEFHNIAF_00671	MER0006023	31.154	260	136	10	289	523	66	307	9.11e-17	78.6
MEFHNIAF_00671	MER0006074	33.491	212	109	10	320	520	82	272	9.93e-17	78.2
MEFHNIAF_00671	MER0000309	34.314	204	114	7	320	520	63	249	1.20e-16	77.4
MEFHNIAF_00671	MER0000349	32.218	239	121	11	317	525	141	368	1.22e-16	79.0
MEFHNIAF_00671	MER0001928	33.171	205	113	8	320	521	62	245	2.17e-16	76.6
MEFHNIAF_00671	MER0000321	31.923	260	134	14	283	525	120	353	3.13e-16	77.4
MEFHNIAF_00671	MER0000319	34.314	204	113	8	317	518	66	250	6.69e-16	75.1
MEFHNIAF_00671	MER0000316	34.112	214	97	9	320	520	61	243	9.63e-16	74.7
MEFHNIAF_00671	MER0155676	31.381	239	123	9	318	524	123	352	1.37e-15	75.9
MEFHNIAF_00671	MER0050309	31.646	237	128	8	287	506	3	222	1.46e-15	75.9
MEFHNIAF_00671	MER0016697	34.101	217	96	10	320	506	98	297	2.21e-15	74.7
MEFHNIAF_00671	MER0000359	33.054	239	128	12	305	534	72	287	4.97e-15	72.8
MEFHNIAF_00671	MER0000311	34.146	205	115	7	319	520	63	250	4.99e-15	72.4
MEFHNIAF_00671	MER0003117	30.712	267	134	13	285	533	50	283	5.53e-15	72.8
MEFHNIAF_00671	MER0002516	33.333	207	109	8	320	521	82	264	5.88e-15	72.4
MEFHNIAF_00671	MER0013656	35.323	201	108	8	320	518	61	241	1.40e-14	71.2
MEFHNIAF_00671	MER0042897	38.532	218	110	10	310	520	53	253	1.58e-14	71.2
MEFHNIAF_00671	MER0002267	31.579	209	112	7	320	520	71	256	2.09e-14	70.9
MEFHNIAF_00671	MER0030016	31.718	227	113	10	309	521	76	274	2.99e-14	70.1
MEFHNIAF_00671	MER0161312	33.028	218	112	9	318	504	92	306	3.11e-14	71.2
MEFHNIAF_00671	MER0081072	33.981	206	115	8	320	523	61	247	5.10e-14	68.9
MEFHNIAF_00671	MER0016983	34.112	214	97	11	317	508	68	259	7.28e-14	69.7
MEFHNIAF_00671	MER0004720	27.686	242	132	10	287	520	51	257	1.29e-13	68.6
MEFHNIAF_00671	MER0013641	27.675	271	140	12	298	536	69	315	2.02e-13	68.9
MEFHNIAF_00671	MER0000356	31.741	293	137	16	272	536	50	307	2.05e-13	68.9
MEFHNIAF_00671	MER0000358	27.119	236	137	8	317	539	68	281	1.60e-12	65.9
MEFHNIAF_00671	MER0000325	32.946	258	126	11	285	530	46	268	1.66e-12	65.5
MEFHNIAF_00671	MER0024902	29.493	217	142	5	320	527	97	311	2.42e-12	65.1
MEFHNIAF_00671	MER0006297	27.157	394	221	18	179	523	111	487	2.61e-12	65.9
MEFHNIAF_00671	MER0000326	29.675	246	129	10	283	521	44	252	3.13e-12	64.7
MEFHNIAF_00671	MER0014446	29.961	257	133	9	318	554	195	424	3.54e-12	65.5
MEFHNIAF_00671	MER0000357	34.634	205	95	9	320	509	77	257	5.26e-12	63.9
MEFHNIAF_00671	MER0019280	31.674	221	123	9	317	521	70	278	8.17e-12	63.2
MEFHNIAF_00671	MER0004123	34.228	149	64	4	395	520	168	305	8.62e-12	63.5
MEFHNIAF_00671	MER0003536	32.599	227	113	8	320	523	71	280	8.88e-12	63.2
MEFHNIAF_00671	MER0016688	30.041	243	121	11	317	526	71	297	2.18e-11	62.0
MEFHNIAF_00671	MER0000348	26.754	228	118	7	319	503	87	308	2.85e-11	62.0
MEFHNIAF_00671	MER0000344	32.143	224	112	12	320	529	88	285	5.26e-11	60.8
MEFHNIAF_00671	MER0000338	32.381	210	107	10	320	519	72	256	8.93e-11	59.7
MEFHNIAF_00671	MER0000335	29.808	208	114	9	320	519	69	252	1.14e-10	59.3
MEFHNIAF_00671	MER0047718	30.686	277	130	15	285	505	40	310	2.14e-10	59.3
MEFHNIAF_00671	MER0025143	29.130	230	104	11	314	506	65	272	2.83e-10	58.5
MEFHNIAF_00671	MER0002500	29.787	235	137	10	318	531	155	382	2.87e-10	59.3
MEFHNIAF_00671	MER0000389	29.373	303	137	15	311	566	71	343	4.12e-10	58.5
MEFHNIAF_00671	MER0000351	29.327	208	100	8	317	504	103	283	4.44e-10	57.8
MEFHNIAF_00671	MER0002764	31.915	188	100	8	320	502	89	253	1.30e-09	56.6
MEFHNIAF_00671	MER0000328	32.794	247	118	16	270	501	30	243	1.33e-09	56.2
MEFHNIAF_00671	MER0000350	25.969	258	140	10	309	523	79	328	1.34e-09	56.6
MEFHNIAF_00671	MER0022415	27.570	214	124	9	318	521	81	273	1.35e-09	57.4
MEFHNIAF_00671	MER0006037	27.848	237	136	10	320	548	80	289	1.94e-09	55.8
MEFHNIAF_00671	MER0050310	27.755	245	143	10	310	539	92	317	1.99e-09	56.6
MEFHNIAF_00671	MER0005078	31.414	191	99	10	320	502	80	246	2.05e-09	55.8
MEFHNIAF_00671	MER0005790	28.922	204	104	7	316	503	90	268	2.43e-09	55.5
MEFHNIAF_00671	MER0000353	31.443	194	102	8	317	499	154	327	2.81e-09	55.8
MEFHNIAF_00671	MER0000347	28.837	215	134	7	319	520	118	326	3.51e-09	56.2
MEFHNIAF_00671	MER0000364	27.778	234	132	9	311	525	61	276	4.16e-09	55.1
MEFHNIAF_00671	MER0016986	28.270	237	118	9	317	508	87	316	8.22e-09	54.3
MEFHNIAF_00671	MER0005931	50.909	55	27	0	466	520	164	218	1.16e-08	53.1
MEFHNIAF_00671	MER0003020	32.500	200	87	10	341	504	277	464	1.31e-08	54.3
MEFHNIAF_00671	MER0067924	32.168	143	78	6	385	521	144	273	3.04e-08	52.0
MEFHNIAF_00671	MER0068994	27.572	243	110	11	320	504	109	343	3.68e-08	52.4
MEFHNIAF_00671	MER0005859	28.448	232	105	9	318	506	240	453	4.77e-08	52.4
MEFHNIAF_00671	MER0014300	28.340	247	122	11	318	520	77	312	4.89e-08	52.0
MEFHNIAF_00671	MER0005699	23.549	293	142	13	310	528	91	375	6.37e-08	52.0
MEFHNIAF_00671	MER0028258	27.211	294	165	10	298	551	82	366	6.68e-08	51.6
MEFHNIAF_00671	MER0000336	28.796	191	104	8	320	502	81	247	9.44e-08	50.8
MEFHNIAF_00671	MER0015436	34.146	82	46	2	455	528	354	435	1.57e-07	50.8
MEFHNIAF_00671	MER0114485	26.244	221	126	9	320	504	106	325	1.63e-07	50.4
MEFHNIAF_00671	MER0055027	37.273	110	58	4	310	415	66	168	1.68e-07	50.4
MEFHNIAF_00671	MER0015431	25.379	264	144	7	318	528	84	347	3.60e-07	49.3
MEFHNIAF_00671	MER0014085	26.619	278	124	12	312	523	77	340	3.74e-07	49.3
MEFHNIAF_00671	MER0003122	23.476	328	158	13	308	559	70	380	5.90e-07	48.5
MEFHNIAF_00671	MER0001604	25.101	247	133	9	310	530	60	280	1.02e-06	47.4
MEFHNIAF_00671	MER0003256	25.882	170	95	9	323	473	46	203	1.62e-06	46.6
MEFHNIAF_00671	MER0000374	24.786	234	146	6	307	525	57	275	2.24e-06	46.6
MEFHNIAF_00671	MER0000329	25.763	295	109	14	310	520	66	334	2.78e-06	46.6
MEFHNIAF_00671	MER0037258	28.700	223	133	9	320	523	80	295	2.83e-06	46.2
MEFHNIAF_00671	MER0006036	31.818	88	46	2	458	531	361	448	3.02e-06	46.6
MEFHNIAF_00693	MER0005900	32.768	354	214	7	66	411	42	379	1.74e-44	156
MEFHNIAF_00719	MER0034539	60.680	206	81	0	2	207	1	206	3.02e-88	268
MEFHNIAF_00719	MER0033254	31.004	229	127	7	27	226	22	248	3.10e-25	101
MEFHNIAF_00736	MER0001266	28.049	410	233	18	43	432	22	389	3.97e-21	91.7
MEFHNIAF_00736	MER0003798	26.404	178	100	8	27	182	6	174	2.63e-07	49.3
MEFHNIAF_00736	MER0001271	24.364	275	189	9	105	369	70	335	1.42e-06	47.0
MEFHNIAF_00744	MER0036115	31.852	135	76	8	72	195	28	157	2.67e-09	53.9
MEFHNIAF_00744	MER0044580	27.835	97	58	2	80	164	83	179	1.31e-08	52.0
MEFHNIAF_00744	MER0036049	26.531	98	60	2	79	164	28	125	1.83e-08	51.2
MEFHNIAF_00744	MER0045479	25.000	232	141	8	75	280	28	252	4.73e-08	49.7
MEFHNIAF_00744	MER0017177	28.415	183	107	9	75	235	30	210	6.88e-08	49.7
MEFHNIAF_00744	MER0036050	31.373	102	58	3	79	171	82	180	7.63e-08	49.3
MEFHNIAF_00744	MER0031569	24.359	234	145	9	75	281	24	252	5.49e-07	46.6
MEFHNIAF_00744	MER0036038	25.210	238	133	11	75	280	28	252	7.83e-07	46.2
MEFHNIAF_00744	MER0036051	26.168	107	68	2	79	176	81	185	4.79e-06	43.9
MEFHNIAF_00756	MER0078640	40.220	363	189	9	11	361	1	347	2.99e-71	223
MEFHNIAF_00756	MER0060647	36.639	363	207	7	11	362	1	351	1.41e-70	222
MEFHNIAF_00756	MER0043540	44.624	186	99	2	181	365	42	224	1.28e-51	169
MEFHNIAF_00756	MER0044812	36.992	246	139	3	139	371	1	243	1.36e-51	169
MEFHNIAF_00756	MER0115185	49.655	145	71	1	216	360	1	143	1.23e-43	145
MEFHNIAF_00756	MER0045945	38.647	207	122	4	156	362	9	210	6.69e-43	146
MEFHNIAF_00756	MER0436691	30.389	283	153	7	90	366	2	246	5.03e-41	142
MEFHNIAF_00756	MER0046161	42.857	182	98	3	181	361	65	241	1.28e-39	139
MEFHNIAF_00756	MER0043387	27.011	174	104	5	206	368	11	172	3.07e-07	47.0
MEFHNIAF_00756	MER0043537	33.766	77	42	2	193	265	14	85	8.82e-07	45.8
MEFHNIAF_00771	MER0069741	31.818	132	61	4	49	180	64	166	7.14e-11	58.2
MEFHNIAF_00787	MER0001495	31.325	83	51	2	560	639	1	80	3.01e-06	47.4
MEFHNIAF_00789	MER0001283	41.615	483	279	3	5	486	1	481	4.32e-128	378
MEFHNIAF_00789	MER0047723	42.469	478	267	5	10	483	2	475	3.76e-127	375
MEFHNIAF_00789	MER0028941	29.651	172	97	5	15	174	2	161	5.28e-13	67.0
MEFHNIAF_00789	MER0369336	26.522	230	129	8	67	284	8	209	5.67e-12	63.5
MEFHNIAF_00803	MER0035036	28.796	191	86	5	46	235	86	227	8.87e-13	63.2
MEFHNIAF_00803	MER0030047	27.717	184	80	6	53	235	3	134	9.49e-11	55.5
MEFHNIAF_00803	MER0015472	24.500	200	103	4	47	245	44	196	3.48e-09	52.0
MEFHNIAF_00803	MER0015473	27.835	194	92	7	47	235	36	186	5.04e-09	52.0
MEFHNIAF_00803	MER0015458	27.919	197	89	6	46	233	50	202	1.17e-08	51.2
MEFHNIAF_00803	MER0015459	40.385	52	31	0	46	97	48	99	3.50e-08	49.7
MEFHNIAF_00803	MER0015468	32.895	76	50	1	11	85	8	83	1.01e-07	47.8
MEFHNIAF_00803	MER0015462	38.462	52	32	0	42	93	42	93	8.98e-07	45.1
MEFHNIAF_00803	MER0015632	24.719	89	67	0	11	99	8	96	2.80e-06	43.9
MEFHNIAF_00803	MER0015631	32.727	55	37	0	46	100	50	104	2.91e-06	43.9
MEFHNIAF_00803	MER0048181	25.843	178	96	5	48	225	1	142	3.05e-06	42.7
MEFHNIAF_00803	MER0047976	34.483	58	37	1	41	97	6	63	4.50e-06	42.7
MEFHNIAF_00804	MER0048181	29.577	142	88	4	74	203	1	142	1.75e-08	49.7
MEFHNIAF_00807	MER0000589	56.000	50	22	0	464	513	179	228	1.61e-12	64.7
MEFHNIAF_00807	MER0000589	34.711	121	35	3	140	260	1	77	7.36e-12	62.4
MEFHNIAF_00807	MER0013626	30.000	110	55	3	425	513	37	145	6.43e-11	57.8
MEFHNIAF_00807	MER0004537	30.070	143	59	5	142	274	3	114	6.04e-07	47.0
MEFHNIAF_00824	MER0000485	46.218	238	127	1	572	808	1	238	1.60e-69	226
MEFHNIAF_00824	MER0000495	45.344	247	126	2	572	809	1	247	4.20e-66	218
MEFHNIAF_00824	MER0003442	46.377	207	108	1	602	805	15	221	1.50e-54	185
MEFHNIAF_00824	MER0003443	47.423	194	97	2	609	797	27	220	1.05e-53	182
MEFHNIAF_00824	MER0014970	37.276	279	130	3	572	805	1	279	2.35e-53	184
MEFHNIAF_00824	MER0011056	44.712	208	112	1	601	805	14	221	7.31e-52	177
MEFHNIAF_00824	MER0011057	44.898	196	105	1	613	805	26	221	1.20e-49	171
MEFHNIAF_00824	MER0000488	37.555	229	143	0	572	800	1	229	2.66e-48	168
MEFHNIAF_00824	MER0004236	47.674	172	88	1	629	800	87	256	1.73e-46	164
MEFHNIAF_00824	MER0108906	39.831	236	135	2	572	805	1	231	2.00e-44	157
MEFHNIAF_00824	MER0000496	34.767	279	119	4	572	789	1	277	1.20e-42	154
MEFHNIAF_00824	MER0005837	38.362	232	115	5	573	787	2	222	9.82e-40	144
MEFHNIAF_00824	MER0026213	33.333	150	97	1	660	809	113	259	1.35e-20	89.4
MEFHNIAF_00824	MER0017402	35.714	154	88	4	630	778	28	175	1.40e-16	76.6
MEFHNIAF_00824	MER0003859	31.496	127	81	2	652	778	79	199	2.45e-14	70.5
MEFHNIAF_00824	MER0003359	28.384	229	129	9	604	805	2	222	5.40e-13	66.2
MEFHNIAF_00824	MER0017403	42.029	69	40	0	695	763	96	164	3.49e-07	48.9
MEFHNIAF_00824	MER0003017	34.783	69	45	0	710	778	66	134	5.15e-06	44.3
MEFHNIAF_00836	MER0014418	32.401	429	228	10	14	434	1	375	5.70e-57	190
MEFHNIAF_00836	MER0002655	26.471	272	180	8	45	303	22	286	1.01e-13	69.3
MEFHNIAF_00836	MER0005155	25.237	317	214	10	36	336	14	323	2.70e-13	68.2
MEFHNIAF_00836	MER0021873	37.255	102	46	2	92	190	2	88	1.42e-12	63.5
MEFHNIAF_00836	MER0002007	25.788	349	210	16	21	338	2	332	3.06e-12	64.7
MEFHNIAF_00836	MER0005163	31.343	134	86	4	45	177	21	149	3.62e-11	60.5
MEFHNIAF_00836	MER0002664	29.167	144	88	4	35	177	10	140	4.58e-11	60.5
MEFHNIAF_00836	MER0002659	30.579	242	142	10	36	262	21	251	5.67e-11	60.8
MEFHNIAF_00836	MER0002013	26.909	275	171	11	36	293	21	282	8.85e-11	60.5
MEFHNIAF_00836	MER0005173	27.519	258	153	12	45	280	14	259	1.32e-10	59.7
MEFHNIAF_00836	MER0002014	29.630	243	143	11	36	262	21	251	1.81e-10	59.3
MEFHNIAF_00836	MER0015354	30.319	188	117	6	23	203	8	188	1.09e-09	56.2
MEFHNIAF_00836	MER0003815	31.126	151	94	5	36	183	21	164	1.80e-08	52.8
MEFHNIAF_00836	MER0003581	25.379	264	182	4	80	331	6	266	4.18e-07	48.5
MEFHNIAF_00844	MER0437468	38.462	351	198	7	197	532	1	348	2.24e-78	247
MEFHNIAF_00844	MER0065554	46.457	254	124	3	289	532	9	260	8.68e-76	238
MEFHNIAF_00844	MER0436717	34.837	399	192	8	197	532	1	394	3.66e-64	211
MEFHNIAF_00844	MER0031278	24.314	255	135	12	305	535	27	247	3.30e-06	45.4
MEFHNIAF_00848	MER0045886	43.421	228	126	3	1	226	10	236	1.00e-57	189
MEFHNIAF_00848	MER0044889	37.069	232	135	5	2	227	16	242	6.83e-44	152
MEFHNIAF_00848	MER0038086	34.842	221	127	4	5	209	29	248	3.22e-38	137
MEFHNIAF_00848	MER0436735	29.885	261	146	3	3	226	2	262	8.41e-36	131
MEFHNIAF_00848	MER0042974	35.263	190	116	3	12	194	1	190	1.33e-31	117
MEFHNIAF_00848	MER0043387	38.889	180	102	6	20	195	1	176	1.78e-28	108
MEFHNIAF_00848	MER0043537	34.043	188	118	5	5	189	2	186	1.98e-26	103
MEFHNIAF_00848	MER0043392	31.092	119	80	2	66	184	42	158	3.35e-10	55.8
MEFHNIAF_00848	MER0043394	31.200	125	80	3	65	184	39	162	6.82e-10	55.1
MEFHNIAF_00848	MER0044622	28.488	172	107	5	39	203	68	230	1.56e-09	55.5
MEFHNIAF_00848	MER0045094	28.777	139	75	6	63	184	67	198	1.05e-07	49.7
MEFHNIAF_00848	MER0043475	26.241	141	93	5	39	169	55	194	8.87e-07	47.0
MEFHNIAF_00852	MER0011251	27.737	137	69	4	42	170	17	131	1.06e-06	48.1
MEFHNIAF_00854	MER0016172	27.759	299	185	8	47	332	6	286	1.26e-30	115
MEFHNIAF_00854	MER0016185	29.091	330	197	10	42	342	1	322	6.23e-30	114
MEFHNIAF_00854	MER0016191	27.667	300	199	8	45	337	4	292	1.24e-28	109
MEFHNIAF_00880	MER0015112	29.412	170	93	9	753	909	1	156	2.44e-07	51.2
MEFHNIAF_00897	MER0015142	25.051	491	310	12	24	490	34	490	2.58e-34	132
MEFHNIAF_00897	MER0026494	25.359	418	264	11	84	490	79	459	3.43e-33	128
MEFHNIAF_00897	MER0026471	26.402	428	267	13	84	499	82	473	9.35e-29	115
MEFHNIAF_00897	MER0003397	30.435	184	92	6	61	230	46	207	7.44e-13	66.2
MEFHNIAF_00897	MER0052470	21.837	490	305	20	40	498	14	456	2.16e-09	56.2
MEFHNIAF_00897	MER0238460	23.897	272	150	9	23	274	2	236	2.27e-08	52.8
MEFHNIAF_00897	MER0057434	27.011	174	104	6	150	303	117	287	5.86e-08	51.2
MEFHNIAF_00897	MER0026485	30.370	135	71	4	98	230	93	206	1.80e-07	49.7
MEFHNIAF_00912	MER0003817	30.405	148	63	6	79	223	38	148	6.63e-07	48.9
MEFHNIAF_00919	MER0005244	35.165	182	118	0	259	440	3	184	1.00e-32	120
MEFHNIAF_00919	MER0005241	32.039	206	127	5	257	449	1	206	2.14e-23	95.5
MEFHNIAF_00919	MER0001284	38.835	103	55	1	261	355	36	138	5.03e-14	68.9
MEFHNIAF_00919	MER0004514	32.075	106	64	1	258	355	33	138	1.35e-12	64.3
MEFHNIAF_00919	MER0005238	37.037	108	63	3	260	362	66	173	5.56e-11	60.1
MEFHNIAF_00919	MER0002104	36.111	108	64	2	260	362	66	173	1.03e-10	59.3
MEFHNIAF_00919	MER0005149	33.721	86	55	1	261	344	65	150	5.81e-09	53.9
MEFHNIAF_00919	MER0015691	33.721	86	56	1	260	344	52	137	1.05e-08	52.8
MEFHNIAF_00919	MER0005131	32.759	116	57	5	260	359	37	147	1.06e-08	52.8
MEFHNIAF_00919	MER0001911	27.206	136	95	2	259	394	39	170	2.75e-08	51.6
MEFHNIAF_00919	MER0002161	24.215	223	128	9	260	453	65	275	4.43e-08	51.2
MEFHNIAF_00919	MER0100667	34.940	83	49	2	259	338	22	102	1.07e-07	49.3
MEFHNIAF_00919	MER0037181	23.810	210	141	4	260	451	65	273	2.04e-07	49.3
MEFHNIAF_00919	MER0005239	27.876	226	125	11	259	449	67	289	6.32e-07	47.8
MEFHNIAF_00919	MER0005139	30.952	84	52	2	260	339	62	143	1.10e-06	47.0
MEFHNIAF_00919	MER0001288	28.713	101	66	4	239	338	2	97	1.70e-06	45.8
MEFHNIAF_00919	MER0015336	29.293	99	68	2	260	356	61	159	2.82e-06	45.4
MEFHNIAF_00938	MER0031614	27.778	270	169	9	2	256	64	322	3.04e-17	77.0
MEFHNIAF_00938	MER0004146	23.396	265	174	11	2	249	8	260	4.39e-09	52.8
MEFHNIAF_00938	MER0014065	32.558	86	55	1	29	114	48	130	8.03e-09	52.4
MEFHNIAF_00938	MER0210990	36.986	73	43	1	42	114	58	127	5.29e-08	49.7
MEFHNIAF_00938	MER0044581	30.275	109	68	2	11	114	67	172	3.19e-07	47.4
MEFHNIAF_00938	MER0017033	27.200	250	147	12	18	249	67	299	7.87e-07	46.2
MEFHNIAF_00938	MER0017177	28.421	95	64	2	16	109	35	126	1.43e-06	45.4
MEFHNIAF_00938	MER0044578	27.928	111	72	2	9	114	67	174	2.61e-06	44.7
MEFHNIAF_00938	MER0031617	23.790	248	166	9	18	246	37	280	2.75e-06	44.3
MEFHNIAF_00938	MER0183709	22.022	277	185	9	1	255	22	289	7.06e-06	43.1
MEFHNIAF_01036	MER0001295	48.649	185	83	3	365	546	3	178	1.84e-50	171
MEFHNIAF_01036	MER0001425	36.810	163	88	4	388	545	18	170	8.82e-25	98.6
MEFHNIAF_01036	MER0001297	37.888	161	89	3	385	545	15	164	4.00e-24	96.7
MEFHNIAF_01036	MER0003514	35.359	181	98	4	365	545	3	164	2.49e-22	91.7
MEFHNIAF_01036	MER0003065	34.503	171	96	5	375	543	6	162	9.70e-22	89.7
MEFHNIAF_01036	MER0003413	38.636	132	79	2	375	506	6	135	7.46e-21	87.4
MEFHNIAF_01036	MER0004196	31.073	177	106	5	375	547	6	170	2.62e-18	80.1
MEFHNIAF_01036	MER0004195	33.146	178	100	7	375	547	6	169	8.87e-18	78.6
MEFHNIAF_01036	MER0015684	32.099	162	103	5	375	535	6	161	2.00e-17	77.4
MEFHNIAF_01036	MER0005714	35.714	140	80	4	375	506	6	143	3.11e-17	77.0
MEFHNIAF_01042	MER0001423	63.793	232	84	0	517	748	1	232	2.19e-109	329
MEFHNIAF_01042	MER0000399	43.701	254	132	7	501	748	7	255	8.84e-61	202
MEFHNIAF_01042	MER0000401	37.838	259	154	4	494	748	2	257	1.60e-54	185
MEFHNIAF_01042	MER0000405	40.000	250	135	8	494	731	2	248	2.53e-52	179
MEFHNIAF_01042	MER0005196	37.885	227	140	1	521	747	25	250	6.27e-52	178
MEFHNIAF_01042	MER0011413	36.596	235	145	2	518	748	4	238	6.52e-51	174
MEFHNIAF_01042	MER0004504	40.553	217	123	3	521	731	2	218	6.66e-51	174
MEFHNIAF_01042	MER0058228	38.739	222	134	2	514	733	3	224	1.17e-50	174
MEFHNIAF_01042	MER0013484	37.447	235	143	2	518	748	4	238	3.42e-50	172
MEFHNIAF_01042	MER0011305	41.350	237	130	6	521	752	23	255	2.03e-47	166
MEFHNIAF_01042	MER0011231	42.174	230	122	6	523	747	33	256	2.30e-47	166
MEFHNIAF_01042	MER0005987	37.719	228	132	6	525	747	35	257	9.01e-45	158
MEFHNIAF_01042	MER0000404	34.601	263	161	8	494	748	1	260	1.95e-44	157
MEFHNIAF_01042	MER0004923	33.852	257	160	3	499	748	36	289	3.78e-43	155
MEFHNIAF_01042	MER0004921	32.068	237	148	5	518	747	4	234	1.04e-40	146
MEFHNIAF_01042	MER0005994	33.333	261	166	5	494	748	2	260	1.78e-40	146
MEFHNIAF_01042	MER0192427	33.761	234	148	3	501	731	49	278	3.35e-39	143
MEFHNIAF_01042	MER0004193	33.193	238	152	5	518	752	3	236	1.45e-35	131
MEFHNIAF_01042	MER0000403	26.459	257	179	6	501	750	7	260	4.97e-33	125
MEFHNIAF_01042	MER0004199	32.895	228	141	7	525	748	1	220	7.34e-32	120
MEFHNIAF_01042	MER0195666	34.135	208	125	5	518	717	1	204	7.37e-32	121
MEFHNIAF_01042	MER0003361	29.362	235	145	5	504	729	5	227	1.81e-29	114
MEFHNIAF_01042	MER0005988	29.091	110	77	1	623	731	2	111	1.57e-15	70.1
MEFHNIAF_01042	MER0003558	22.605	261	183	7	501	749	6	259	5.33e-14	69.7
MEFHNIAF_01042	MER0017401	28.070	228	144	8	513	730	2	219	1.76e-13	67.8
MEFHNIAF_01042	MER0034615	21.983	232	168	3	510	731	2	230	6.91e-12	63.2
MEFHNIAF_01042	MER0140224	26.761	213	137	4	532	731	13	219	5.64e-11	60.5
MEFHNIAF_01042	MER0016096	21.992	241	169	8	514	741	2	236	1.19e-09	56.2
MEFHNIAF_01042	MER0030932	25.731	171	107	5	594	751	82	245	2.49e-09	55.5
MEFHNIAF_01042	MER0011583	22.634	243	165	8	517	747	11	242	3.13e-09	55.1
MEFHNIAF_01042	MER0018170	22.018	218	152	2	526	730	20	232	3.41e-09	55.1
MEFHNIAF_01042	MER0005807	22.381	210	142	5	531	731	62	259	1.87e-08	53.1
MEFHNIAF_01042	MER0015682	23.183	289	199	8	451	730	12	286	6.90e-08	51.6
MEFHNIAF_01042	MER0006027	21.333	225	150	7	524	731	24	238	1.32e-06	47.4
MEFHNIAF_01070	MER0069741	41.880	117	66	2	183	299	50	164	2.30e-26	99.8
MEFHNIAF_01070	MER0003380	43.925	107	59	1	192	298	127	232	3.15e-26	101
MEFHNIAF_01070	MER0013541	45.349	86	46	1	203	288	1	85	1.10e-20	82.0
MEFHNIAF_01070	MER0015415	40.000	95	52	1	205	294	66	160	5.80e-18	77.0
MEFHNIAF_01070	MER0001419	40.541	111	65	1	178	287	7	117	8.86e-18	75.9
MEFHNIAF_01070	MER0003423	39.252	107	64	1	182	287	11	117	1.89e-17	75.1
MEFHNIAF_01070	MER0003376	36.607	112	57	3	203	300	45	156	1.57e-15	70.1
MEFHNIAF_01070	MER0003906	36.047	86	54	1	203	287	1	86	7.92e-14	63.9
MEFHNIAF_01070	MER0387040	37.255	102	62	2	203	303	1	101	2.32e-12	59.7
MEFHNIAF_01070	MER0066182	36.522	115	64	3	190	303	86	192	7.19e-12	60.5
MEFHNIAF_01070	MER0005300	28.125	96	68	1	205	300	67	161	1.33e-07	47.8
MEFHNIAF_01179	MER0013484	30.612	245	159	5	468	711	1	235	1.11e-28	112
MEFHNIAF_01179	MER0001423	30.909	220	143	4	471	689	2	213	5.05e-26	103
MEFHNIAF_01179	MER0011413	29.130	230	154	5	468	694	1	224	2.00e-25	102
MEFHNIAF_01179	MER0005994	31.301	246	146	6	453	689	10	241	1.62e-24	100
MEFHNIAF_01179	MER0005196	30.043	233	154	4	458	689	9	233	3.45e-23	96.3
MEFHNIAF_01179	MER0004923	27.869	244	164	5	450	689	35	270	4.49e-23	97.1
MEFHNIAF_01179	MER0058228	28.685	251	165	7	465	710	1	242	1.87e-21	91.3
MEFHNIAF_01179	MER0192427	28.395	243	155	6	453	690	49	277	9.83e-21	89.7
MEFHNIAF_01179	MER0004921	27.273	231	152	6	468	693	1	220	1.78e-20	88.2
MEFHNIAF_01179	MER0000399	28.205	273	170	10	451	713	5	261	3.76e-17	79.0
MEFHNIAF_01179	MER0011305	25.403	248	163	8	468	703	17	254	4.36e-13	67.0
MEFHNIAF_01179	MER0000404	27.451	255	162	11	461	702	17	261	4.45e-13	67.0
MEFHNIAF_01179	MER0004199	25.738	237	160	7	478	711	1	224	1.75e-12	64.3
MEFHNIAF_01179	MER0000401	24.691	243	172	7	474	713	29	263	3.70e-12	64.3
MEFHNIAF_01179	MER0195666	26.606	218	153	6	474	689	4	216	6.30e-11	60.1
MEFHNIAF_01179	MER0011231	27.948	229	151	7	475	699	32	250	1.30e-10	59.7
MEFHNIAF_01179	MER0005987	22.768	224	164	5	478	699	35	251	3.31e-10	58.2
MEFHNIAF_01179	MER0003361	26.582	237	144	11	473	699	21	237	4.62e-10	57.8
MEFHNIAF_01179	MER0004504	26.699	206	135	6	474	673	2	197	1.61e-09	55.8
MEFHNIAF_01179	MER0000405	26.778	239	147	11	462	689	25	246	2.49e-08	52.8
MEFHNIAF_01179	MER0034615	34.821	112	59	6	474	580	13	115	2.54e-07	49.3
MEFHNIAF_01185	MER0014418	23.294	425	267	7	41	461	4	373	4.18e-23	98.2
MEFHNIAF_01185	MER0002013	28.521	284	176	13	61	330	24	294	3.63e-12	65.1
MEFHNIAF_01197	MER0001380	31.786	280	173	8	43	317	3	269	1.36e-42	146
MEFHNIAF_01197	MER0003537	33.460	263	163	10	68	328	22	274	9.97e-41	141
MEFHNIAF_01197	MER0000437	30.844	308	188	9	42	339	4	296	7.09e-39	137
MEFHNIAF_01197	MER0000436	29.181	281	187	9	52	328	5	277	3.64e-29	110
MEFHNIAF_01197	MER0031616	24.422	303	183	13	56	334	24	304	2.72e-10	57.4
MEFHNIAF_01197	MER0011785	33.036	112	60	4	70	174	36	139	2.00e-09	55.1
MEFHNIAF_01197	MER0000431	27.132	129	84	4	63	188	27	148	4.64e-09	53.5
MEFHNIAF_01197	MER0213829	26.786	112	72	3	62	167	42	149	2.54e-08	51.6
MEFHNIAF_01197	MER0030163	36.145	83	49	3	94	174	52	132	1.40e-07	48.9
MEFHNIAF_01197	MER0011509	27.273	154	89	6	56	192	24	171	1.69e-07	48.9
MEFHNIAF_01197	MER0025512	25.373	134	91	4	37	169	19	144	9.85e-07	46.6
MEFHNIAF_01197	MER0014065	24.852	169	114	5	62	225	27	187	1.30e-06	46.2
MEFHNIAF_01197	MER0044581	27.338	139	89	5	64	195	66	199	2.36e-06	45.4
MEFHNIAF_01197	MER0036075	25.373	134	87	5	66	191	67	195	4.51e-06	44.7
MEFHNIAF_01204	MER0033186	39.375	320	186	3	67	381	1	317	7.71e-65	207
MEFHNIAF_01218	MER0054450	60.714	28	11	0	31	58	4	31	2.66e-06	37.4
MEFHNIAF_01218	MER0017822	47.222	36	19	0	33	68	5	40	2.80e-06	37.0
MEFHNIAF_01218	MER0036617	50.000	36	18	0	33	68	2	37	3.92e-06	36.6
MEFHNIAF_01218	MER0036485	41.463	41	18	1	34	68	5	45	4.00e-06	37.0
MEFHNIAF_01269	MER0003380	31.727	249	160	4	136	383	1	240	1.85e-37	133
MEFHNIAF_01269	MER0069741	36.054	147	89	3	239	383	28	171	3.75e-22	89.7
MEFHNIAF_01269	MER0013541	41.176	85	50	0	281	365	1	85	9.78e-17	72.0
MEFHNIAF_01269	MER0066182	35.593	118	71	2	260	376	75	188	6.70e-16	72.8
MEFHNIAF_01269	MER0387040	38.947	95	57	1	281	374	1	95	1.96e-15	68.9
MEFHNIAF_01269	MER0001419	33.333	108	64	3	281	386	32	133	2.89e-14	66.6
MEFHNIAF_01269	MER0003423	32.353	102	67	1	281	380	32	133	8.16e-13	62.4
MEFHNIAF_01269	MER0003376	35.455	110	54	4	281	374	45	153	4.65e-12	60.8
MEFHNIAF_01269	MER0015415	32.955	88	50	2	283	365	66	149	2.50e-08	50.4
MEFHNIAF_01269	MER0003906	35.000	100	59	3	281	374	1	100	5.81e-08	47.8
MEFHNIAF_01282	MER0014135	43.609	266	150	0	186	451	3	268	3.98e-79	244
MEFHNIAF_01282	MER0003359	25.439	114	83	2	342	453	110	223	9.18e-07	46.6
MEFHNIAF_01288	MER0012158	36.471	340	140	11	2	268	1	337	1.72e-55	188
MEFHNIAF_01288	MER0003327	43.981	216	116	4	2	216	1	212	9.25e-54	180
MEFHNIAF_01288	MER0185695	38.839	224	127	3	2	218	1	221	1.71e-45	157
MEFHNIAF_01288	MER0003350	39.806	206	102	5	2	185	1	206	6.75e-43	150
MEFHNIAF_01288	MER0003322	38.835	206	101	6	2	182	1	206	1.16e-38	138
MEFHNIAF_01288	MER0011781	32.086	187	119	6	2	185	1	182	7.02e-18	80.1
MEFHNIAF_01288	MER0011806	29.050	179	117	6	2	177	1	172	4.07e-14	69.3
MEFHNIAF_01288	MER0004101	30.147	136	91	3	2	134	1	135	1.70e-13	67.4
MEFHNIAF_01288	MER0003314	28.947	152	95	4	2	141	1	151	6.69e-10	57.0
MEFHNIAF_01303	MER0237414	26.293	232	157	7	47	267	3	231	4.25e-20	87.0
MEFHNIAF_01303	MER0003543	24.623	199	143	4	45	237	2	199	4.01e-09	54.3
MEFHNIAF_01303	MER0039456	24.257	202	142	6	45	237	6	205	4.54e-08	50.8
MEFHNIAF_01303	MER0015090	23.881	201	146	4	45	239	2	201	1.69e-07	49.7
MEFHNIAF_01303	MER0002008	23.618	199	123	8	44	224	1	188	2.24e-07	49.3
MEFHNIAF_01303	MER0003448	22.967	209	153	4	44	245	1	208	7.03e-07	47.8
MEFHNIAF_01304	MER0195774	36.723	177	112	0	30	206	1	177	5.69e-39	135
MEFHNIAF_01304	MER0001233	27.706	231	147	8	30	246	2	226	6.32e-15	71.2
MEFHNIAF_01304	MER0003543	25.980	204	149	2	30	233	2	203	1.18e-13	67.0
MEFHNIAF_01304	MER0003448	23.301	206	157	1	30	235	2	206	8.03e-13	64.7
MEFHNIAF_01304	MER0001229	24.762	210	157	1	30	239	2	210	9.43e-13	64.3
MEFHNIAF_01304	MER0043985	23.404	235	179	1	30	264	2	235	1.04e-12	64.3
MEFHNIAF_01304	MER0004423	28.402	169	113	4	66	233	33	194	5.24e-12	62.0
MEFHNIAF_01304	MER0001214	29.412	136	95	1	25	159	21	156	4.70e-10	55.8
MEFHNIAF_01304	MER0001218	36.559	93	57	2	22	112	18	110	4.47e-09	53.1
MEFHNIAF_01304	MER0122186	28.571	126	89	1	25	149	17	142	5.73e-09	52.8
MEFHNIAF_01304	MER0015259	26.590	173	121	5	30	199	26	195	5.97e-09	52.8
MEFHNIAF_01304	MER0026957	25.294	170	110	5	55	216	22	182	1.72e-08	51.6
MEFHNIAF_01304	MER0015090	23.645	203	153	2	30	232	2	202	1.89e-08	51.6
MEFHNIAF_01304	MER0001222	22.872	188	137	5	25	206	21	206	2.43e-08	51.2
MEFHNIAF_01304	MER0003386	25.543	184	130	3	30	206	26	209	3.93e-08	50.4
MEFHNIAF_01304	MER0390687	24.242	165	122	2	41	203	3	166	1.27e-07	48.1
MEFHNIAF_01304	MER0188967	24.232	293	185	11	66	329	3	287	1.42e-07	50.1
MEFHNIAF_01304	MER0011192	27.891	147	99	6	66	206	17	162	3.40e-07	47.0
MEFHNIAF_01304	MER0169735	25.263	190	132	3	25	206	11	198	7.80e-07	46.6
MEFHNIAF_01304	MER0002283	35.556	90	56	2	25	112	21	110	1.40e-06	45.8
MEFHNIAF_01304	MER0011292	27.619	105	75	1	46	149	64	168	2.30e-06	45.4
MEFHNIAF_01304	MER0011096	24.599	187	128	4	30	206	26	209	2.66e-06	45.1
MEFHNIAF_01304	MER0002008	25.000	216	133	8	30	230	2	203	2.95e-06	45.1
MEFHNIAF_01304	MER0011744	25.000	188	126	5	30	206	26	209	3.64e-06	44.7
MEFHNIAF_01304	MER0002423	34.940	83	53	1	29	110	25	107	5.16e-06	44.3
MEFHNIAF_01304	MER0003823	32.673	101	64	3	18	114	12	112	6.44e-06	43.9
MEFHNIAF_01304	MER0170820	37.037	54	33	1	66	118	33	86	6.62e-06	43.5
MEFHNIAF_01334	MER0005767	29.653	317	184	8	52	367	27	305	2.66e-31	119
MEFHNIAF_01334	MER0030136	24.265	408	266	13	5	383	2	395	1.24e-20	90.1
MEFHNIAF_01334	MER0030151	23.737	396	283	11	5	383	2	395	7.73e-17	79.0
MEFHNIAF_01334	MER0030143	22.864	398	284	13	5	383	2	395	6.04e-16	76.3
MEFHNIAF_01334	MER0030149	23.192	401	279	13	5	383	2	395	1.36e-13	68.9
MEFHNIAF_01334	MER0030155	22.306	399	285	13	5	383	2	395	7.03e-13	66.6
MEFHNIAF_01334	MER0015112	23.192	401	283	14	5	383	2	399	1.18e-12	65.9
MEFHNIAF_01352	MER0006198	24.575	529	362	16	199	711	1	508	2.51e-33	131
MEFHNIAF_01352	MER0003306	23.140	363	214	14	199	532	1	327	8.66e-13	68.2
MEFHNIAF_01362	MER0000463	27.083	96	67	2	40	135	18	110	2.76e-08	48.1
MEFHNIAF_01362	MER0004154	30.252	119	72	5	21	134	3	115	1.12e-06	43.5
MEFHNIAF_01362	MER0002489	38.983	59	36	0	73	131	58	116	1.36e-06	43.1
MEFHNIAF_01364	MER0030235	27.624	181	116	5	179	348	8	184	2.31e-12	62.4
MEFHNIAF_01364	MER0030244	26.519	181	118	5	179	348	19	195	1.55e-11	60.5
MEFHNIAF_01364	MER0059675	25.946	185	127	5	171	348	18	199	2.84e-11	59.7
MEFHNIAF_01364	MER0078759	25.907	193	119	7	171	348	13	196	4.38e-11	58.9
MEFHNIAF_01364	MER0015684	28.387	155	99	4	170	322	2	146	1.15e-10	57.4
MEFHNIAF_01364	MER0001297	29.221	154	95	5	171	322	3	144	2.58e-10	56.2
MEFHNIAF_01364	MER0078760	29.474	190	117	8	171	348	14	198	5.32e-10	55.8
MEFHNIAF_01364	MER0003514	24.590	183	115	7	172	348	4	169	5.13e-08	49.7
MEFHNIAF_01364	MER0001425	27.222	180	114	6	171	344	3	171	1.71e-06	45.1
MEFHNIAF_01367	MER0002489	26.482	253	168	5	38	273	9	260	1.86e-23	96.3
MEFHNIAF_01367	MER0005964	23.221	267	173	4	36	274	4	266	1.59e-21	90.9
MEFHNIAF_01367	MER0026262	31.731	208	128	7	72	268	36	240	2.82e-20	87.4
MEFHNIAF_01367	MER0000459	26.199	271	164	10	34	277	3	264	3.84e-20	87.0
MEFHNIAF_01367	MER0354941	25.381	197	130	7	44	224	2	197	1.75e-12	62.4
MEFHNIAF_01367	MER1143079	27.885	208	125	8	49	251	8	195	3.20e-12	63.2
MEFHNIAF_01367	MER0006204	24.623	199	120	6	72	250	40	228	1.19e-11	62.0
MEFHNIAF_01367	MER0028284	26.220	164	105	3	86	242	49	203	1.71e-11	61.2
MEFHNIAF_01367	MER0017069	27.500	200	123	6	54	243	12	199	2.33e-11	60.8
MEFHNIAF_01367	MER0005925	24.837	153	107	3	72	216	37	189	2.08e-10	58.2
MEFHNIAF_01367	MER0219770	22.807	171	125	3	76	242	35	202	2.16e-10	57.8
MEFHNIAF_01367	MER0000463	23.707	232	163	5	54	279	18	241	2.82e-10	57.8
MEFHNIAF_01367	MER0003800	23.022	278	167	10	40	271	18	294	8.13e-10	56.2
MEFHNIAF_01367	MER0003802	22.677	269	169	6	72	313	35	291	3.49e-09	53.9
MEFHNIAF_01367	MER0005923	32.673	101	66	1	51	149	22	122	4.30e-09	54.3
MEFHNIAF_01367	MER0004090	25.658	152	97	5	86	225	64	211	2.68e-08	51.6
MEFHNIAF_01367	MER0122661	21.739	161	121	2	69	229	36	191	6.67e-08	50.4
MEFHNIAF_01367	MER0140154	23.350	197	126	6	72	249	21	211	2.11e-07	48.9
MEFHNIAF_01367	MER0011700	22.613	199	133	5	50	228	14	211	6.17e-07	47.4
MEFHNIAF_01367	MER0005836	25.837	209	125	7	72	260	45	243	8.29e-07	46.6
MEFHNIAF_01367	MER0034964	26.515	132	86	5	71	196	40	166	6.80e-06	44.3
MEFHNIAF_01378	MER0013541	33.673	98	54	4	432	529	1	87	4.26e-07	45.8
MEFHNIAF_01378	MER0003906	34.737	95	53	3	432	526	1	86	5.27e-07	46.2
MEFHNIAF_01378	MER0003380	30.882	136	73	8	402	530	104	225	5.30e-07	48.9
MEFHNIAF_01378	MER0001419	34.579	107	55	6	427	530	27	121	6.93e-07	46.6
MEFHNIAF_01378	MER0003423	37.755	98	46	6	432	526	32	117	1.44e-06	45.8
MEFHNIAF_01414	MER0037236	26.692	266	157	6	18	254	4	260	8.73e-17	74.7
MEFHNIAF_01414	MER0004146	25.385	260	161	9	22	254	7	260	1.12e-14	68.9
MEFHNIAF_01414	MER0031611	24.549	277	165	7	23	263	24	292	1.60e-11	60.1
MEFHNIAF_01414	MER0036054	26.047	215	122	7	72	251	58	270	1.94e-09	53.9
MEFHNIAF_01414	MER0036053	23.954	263	159	8	29	254	4	262	3.56e-09	53.1
MEFHNIAF_01414	MER0011509	32.174	115	56	3	33	133	38	144	6.38e-08	49.7
MEFHNIAF_01414	MER0031610	23.282	262	153	9	34	262	55	301	1.16e-07	48.5
MEFHNIAF_01414	MER0036068	25.824	182	118	5	89	253	112	293	6.26e-07	46.6
MEFHNIAF_01414	MER0043008	22.711	273	174	10	15	261	4	265	8.69e-07	45.8
MEFHNIAF_01414	MER0036057	19.421	242	167	6	34	254	63	297	1.03e-06	45.8
MEFHNIAF_01414	MER0017033	21.074	242	163	8	34	254	65	299	1.46e-06	45.4
MEFHNIAF_01414	MER0035973	23.333	210	142	6	59	254	82	286	3.13e-06	44.3
MEFHNIAF_01414	MER0036059	37.931	58	36	0	196	253	293	350	6.11e-06	43.5
MEFHNIAF_01444	MER0198917	41.910	377	210	5	18	390	1	372	4.06e-97	314
MEFHNIAF_01444	MER1054487	41.425	379	213	4	18	390	1	376	2.68e-90	295
MEFHNIAF_01444	MER0037955	28.846	156	86	6	186	336	132	267	4.84e-08	53.1
MEFHNIAF_01448	MER0045479	23.394	218	135	10	40	251	42	233	5.12e-07	46.6
MEFHNIAF_01465	MER0000472	30.000	110	73	2	329	434	334	443	3.62e-11	61.6
MEFHNIAF_01465	MER0000471	32.710	107	65	3	330	430	338	443	1.22e-08	53.5
MEFHNIAF_01465	MER0026276	27.007	137	88	4	277	404	291	424	7.18e-07	48.1
MEFHNIAF_01465	MER0011571	25.503	149	100	4	260	402	258	401	1.43e-06	47.0
MEFHNIAF_01480	MER0001284	37.383	107	65	1	118	222	33	139	4.93e-15	71.6
MEFHNIAF_01480	MER0004514	30.833	120	81	1	121	238	36	155	3.82e-13	65.9
MEFHNIAF_01480	MER0100667	34.454	119	66	3	111	225	14	124	1.52e-10	57.8
MEFHNIAF_01480	MER0005139	26.066	211	116	8	119	317	61	243	6.03e-08	50.8
MEFHNIAF_01480	MER0013618	33.654	104	61	3	121	223	58	154	3.48e-06	45.4
MEFHNIAF_01480	MER0194228	35.714	70	44	1	156	224	14	83	5.49e-06	43.9
MEFHNIAF_01480	MER0001289	34.667	75	48	1	151	224	85	159	7.29e-06	44.3
MEFHNIAF_01487	MER0042827	54.167	96	44	0	983	1078	1	96	1.04e-29	110
MEFHNIAF_01506	MER0061059	26.214	206	123	7	54	237	41	239	2.16e-12	62.4
MEFHNIAF_01506	MER0061081	25.523	239	146	11	55	268	42	273	9.65e-09	52.0
MEFHNIAF_01506	MER0043126	21.138	246	164	7	49	269	41	281	5.20e-08	49.7
MEFHNIAF_01523	MER0000576	44.348	115	63	1	35	149	1	114	1.62e-33	111
MEFHNIAF_01523	MER0000569	35.965	114	71	2	35	147	1	113	3.64e-15	64.7
MEFHNIAF_01523	MER0006172	39.744	78	47	0	57	134	2	79	4.39e-14	60.5
MEFHNIAF_01551	MER0001244	39.080	261	147	2	298	546	2	262	3.78e-57	189
MEFHNIAF_01551	MER0013463	35.271	258	157	3	298	545	2	259	7.95e-45	156
MEFHNIAF_01551	MER0028601	37.984	258	141	7	306	545	10	266	8.15e-43	151
MEFHNIAF_01551	MER0001733	32.210	267	138	5	306	529	10	276	6.87e-34	127
MEFHNIAF_01551	MER0001248	30.279	251	128	7	342	546	4	253	7.56e-29	112
MEFHNIAF_01551	MER0004931	33.884	242	134	7	298	534	2	222	2.93e-28	109
MEFHNIAF_01551	MER0005462	30.522	249	146	7	298	541	2	228	5.91e-27	106
MEFHNIAF_01551	MER0005715	30.952	252	143	9	298	540	2	231	5.87e-21	89.0
MEFHNIAF_01551	MER0004532	29.832	238	137	7	298	529	2	215	2.45e-19	84.3
MEFHNIAF_01551	MER0002038	29.707	239	139	8	298	529	2	218	8.38e-15	70.9
MEFHNIAF_01551	MER0001250	27.437	277	148	11	299	527	3	274	2.58e-13	67.4
MEFHNIAF_01551	MER0013929	24.889	225	131	8	300	506	4	208	1.76e-08	52.4
MEFHNIAF_01551	MER0003105	29.032	186	94	8	355	525	67	229	2.77e-08	52.0
MEFHNIAF_01551	MER0004321	29.189	185	94	9	355	525	65	226	5.44e-08	51.2
MEFHNIAF_01551	MER0015128	24.684	158	109	5	300	449	2	157	2.93e-06	45.8
MEFHNIAF_01551	MER0027437	26.733	202	113	9	333	521	43	222	3.14e-06	45.8
MEFHNIAF_01551	MER0016542	28.662	157	78	6	362	501	94	233	5.12e-06	45.1
MEFHNIAF_01560	MER0001322	44.286	70	35	2	126	193	1	68	1.76e-11	57.0
MEFHNIAF_01560	MER0014188	34.066	91	54	3	126	215	1	86	4.01e-10	52.8
MEFHNIAF_01560	MER0024252	39.506	81	47	2	138	218	14	92	1.01e-08	49.3
MEFHNIAF_01560	MER0003807	36.170	94	56	4	126	216	1	93	3.56e-08	47.8
MEFHNIAF_01589	MER0001243	39.676	247	147	2	2	246	3	249	3.81e-59	186
MEFHNIAF_01589	MER0005690	37.553	237	147	1	10	246	11	246	2.50e-55	176
MEFHNIAF_01589	MER0001342	35.510	245	158	0	2	246	3	247	5.58e-51	165
MEFHNIAF_01589	MER0015127	36.287	237	150	1	10	246	11	246	2.55e-48	157
MEFHNIAF_01589	MER0015128	33.740	246	161	2	2	246	3	247	2.31e-47	155
MEFHNIAF_01589	MER0013929	34.008	247	162	1	2	248	3	248	1.67e-46	153
MEFHNIAF_01589	MER0013450	31.855	248	167	2	4	249	3	250	2.63e-45	150
MEFHNIAF_01589	MER0013589	33.745	243	160	1	4	246	1	242	2.78e-44	147
MEFHNIAF_01589	MER0004931	29.557	203	127	6	4	202	5	195	3.60e-19	80.9
MEFHNIAF_01589	MER0010972	23.932	234	160	2	13	246	14	229	4.07e-16	72.8
MEFHNIAF_01589	MER0003880	28.947	190	120	4	29	214	22	200	6.69e-14	67.0
MEFHNIAF_01589	MER0005462	25.698	179	127	2	1	178	2	175	2.62e-12	61.6
MEFHNIAF_01589	MER0024896	25.664	113	84	0	4	116	5	117	5.82e-12	62.4
MEFHNIAF_01589	MER0024896	25.000	136	92	3	120	246	332	466	1.88e-08	51.6
MEFHNIAF_01589	MER0004532	26.816	179	118	3	4	178	5	174	2.33e-11	58.9
MEFHNIAF_01589	MER0011746	27.404	208	132	7	13	207	14	215	9.17e-11	58.2
MEFHNIAF_01589	MER0002038	24.118	170	122	4	63	230	60	224	7.86e-09	51.6
MEFHNIAF_01589	MER0013463	24.201	219	134	8	4	202	5	211	3.93e-08	50.1
MEFHNIAF_01589	MER0001728	28.774	212	124	10	13	207	14	215	7.56e-08	49.3
MEFHNIAF_01589	MER0001244	25.112	223	136	8	1	202	2	214	4.60e-07	46.6
MEFHNIAF_01589	MER0005715	22.439	205	145	6	3	202	4	199	7.37e-07	45.8
MEFHNIAF_01594	MER0002251	45.291	223	116	4	1	220	4	223	3.19e-58	181
MEFHNIAF_01594	MER0001335	35.909	220	134	4	1	217	4	219	5.59e-47	152
MEFHNIAF_01598	MER0001009	25.170	147	105	3	431	577	20	161	1.55e-07	49.7
MEFHNIAF_01598	MER0091680	24.051	158	114	4	425	582	66	217	5.32e-07	48.1
MEFHNIAF_01598	MER0001010	24.324	148	105	5	431	577	61	202	8.59e-06	44.3
MEFHNIAF_01604	MER0000474	47.368	171	89	1	12	181	33	203	4.11e-57	175
MEFHNIAF_01604	MER0011666	46.629	178	92	2	7	181	8	185	2.05e-53	165
MEFHNIAF_01604	MER0006046	42.778	180	102	1	3	181	24	203	1.77e-52	164
MEFHNIAF_01604	MER0005687	43.750	176	97	2	7	181	33	207	1.29e-49	156
MEFHNIAF_01604	MER0004857	42.775	173	99	0	6	178	28	200	6.16e-49	154
MEFHNIAF_01604	MER0002211	45.614	171	92	1	12	181	33	203	7.25e-49	154
MEFHNIAF_01604	MER0006056	42.169	166	96	0	16	181	42	207	5.57e-48	152
MEFHNIAF_01604	MER0006063	42.515	167	95	1	16	181	38	204	8.89e-48	152
MEFHNIAF_01604	MER0004855	44.910	167	91	1	16	181	39	205	1.12e-46	149
MEFHNIAF_01604	MER0002299	44.571	175	96	1	5	178	20	194	4.21e-46	147
MEFHNIAF_01604	MER0004847	44.379	169	92	2	15	181	36	204	5.56e-40	132
MEFHNIAF_01604	MER0006308	39.053	169	101	2	12	178	23	191	4.32e-39	129
MEFHNIAF_01604	MER0004182	34.731	167	108	1	16	181	33	199	7.27e-33	113
MEFHNIAF_01627	MER0056525	51.724	232	109	2	405	635	1	230	7.91e-81	254
MEFHNIAF_01627	MER0011748	52.991	234	107	2	405	637	1	232	1.02e-79	252
MEFHNIAF_01627	MER0015609	52.381	231	105	2	405	634	1	227	3.93e-79	250
MEFHNIAF_01627	MER0005496	50.216	231	114	1	405	635	1	230	3.08e-76	243
MEFHNIAF_01627	MER0011224	46.957	230	121	1	405	634	1	229	1.48e-73	236
MEFHNIAF_01627	MER0023544	46.522	230	122	1	405	634	1	229	9.15e-72	231
MEFHNIAF_01627	MER0015195	47.186	231	119	3	405	634	1	229	3.75e-68	221
MEFHNIAF_01627	MER0015194	44.397	232	124	2	406	635	2	230	1.58e-64	211
MEFHNIAF_01627	MER0171760	39.552	268	155	3	370	634	1	264	8.10e-64	209
MEFHNIAF_01627	MER0014306	44.589	231	127	1	405	635	1	230	3.05e-63	208
MEFHNIAF_01627	MER0002600	40.161	249	146	2	405	652	1	247	4.32e-63	207
MEFHNIAF_01627	MER0002605	42.083	240	135	2	405	643	1	237	2.31e-62	206
MEFHNIAF_01627	MER0024898	41.700	247	140	4	405	649	1	245	1.46e-58	196
MEFHNIAF_01627	MER0004454	41.026	234	135	3	405	636	1	233	4.53e-55	186
MEFHNIAF_01627	MER0015199	42.918	233	126	3	405	631	1	232	1.43e-53	182
MEFHNIAF_01627	MER0005466	39.655	232	134	3	406	631	2	233	2.23e-52	178
MEFHNIAF_01627	MER0002602	37.959	245	141	3	406	639	2	246	1.21e-50	174
MEFHNIAF_01627	MER0001620	37.132	272	144	4	405	649	1	272	1.07e-49	172
MEFHNIAF_01627	MER0002563	37.179	234	137	4	406	629	2	235	1.30e-45	159
MEFHNIAF_01627	MER0002408	37.705	244	143	5	405	641	1	242	1.05e-44	157
MEFHNIAF_01627	MER0017637	37.872	235	134	5	406	629	2	235	1.73e-42	151
MEFHNIAF_01627	MER0011745	35.124	242	144	7	405	638	1	237	2.59e-42	151
MEFHNIAF_01627	MER0015197	36.620	213	134	1	417	628	13	225	3.29e-42	150
MEFHNIAF_01627	MER0015137	35.950	242	142	7	405	638	1	237	3.97e-42	150
MEFHNIAF_01627	MER0015193	37.083	240	141	5	405	636	1	238	2.87e-41	147
MEFHNIAF_01627	MER0002608	36.626	243	149	4	406	643	2	244	6.78e-38	139
MEFHNIAF_01627	MER0005755	37.615	218	124	3	406	620	2	210	1.04e-36	134
MEFHNIAF_01627	MER0014324	35.965	228	132	4	405	629	1	217	3.62e-35	130
MEFHNIAF_01627	MER0190577	33.617	235	142	3	405	636	1	224	7.05e-35	129
MEFHNIAF_01627	MER0015690	35.294	238	136	6	405	627	1	235	1.22e-33	127
MEFHNIAF_01627	MER0011120	36.036	222	130	7	405	614	1	222	1.39e-32	124
MEFHNIAF_01627	MER0190705	32.900	231	144	3	406	634	1	222	2.11e-31	119
MEFHNIAF_01627	MER0024900	33.036	224	139	4	406	626	2	217	8.02e-31	118
MEFHNIAF_01627	MER0002197	32.328	232	145	4	405	632	1	224	2.20e-30	117
MEFHNIAF_01627	MER0001246	30.899	178	111	3	420	594	5	173	1.16e-21	89.7
MEFHNIAF_01627	MER0015204	26.335	281	169	9	406	652	2	278	1.98e-18	83.6
MEFHNIAF_01638	MER0026494	27.451	408	253	11	78	477	79	451	3.22e-40	148
MEFHNIAF_01638	MER0026471	25.207	484	290	12	40	493	31	472	2.50e-39	145
MEFHNIAF_01638	MER0015142	27.506	429	258	12	78	493	110	498	2.33e-37	140
MEFHNIAF_01638	MER0003397	31.336	217	113	6	23	224	11	206	6.18e-20	87.4
MEFHNIAF_01638	MER0026485	33.014	209	104	8	32	225	19	206	2.23e-18	82.8
MEFHNIAF_01638	MER0057434	26.768	198	108	7	32	213	11	187	1.76e-11	62.0
MEFHNIAF_01638	MER0052470	19.954	431	287	15	65	479	55	443	3.15e-08	52.8
MEFHNIAF_01645	MER0045094	43.590	195	101	5	4	191	14	206	8.45e-50	159
MEFHNIAF_01645	MER0044622	39.594	197	108	6	4	191	28	222	6.89e-42	139
MEFHNIAF_01645	MER0043394	43.902	164	87	3	26	186	1	162	2.11e-40	132
MEFHNIAF_01645	MER0044882	35.714	182	109	6	24	198	1	181	2.32e-31	109
MEFHNIAF_01645	MER0043392	41.060	151	83	5	38	186	12	158	2.18e-29	104
MEFHNIAF_01645	MER0043195	28.241	216	127	7	5	197	8	218	7.68e-22	86.7
MEFHNIAF_01645	MER0044619	31.959	194	118	8	4	189	10	197	3.33e-20	82.0
MEFHNIAF_01645	MER0043537	30.729	192	125	7	4	192	2	188	7.28e-20	80.1
MEFHNIAF_01645	MER0045095	27.830	212	128	8	4	190	17	228	9.87e-16	70.5
MEFHNIAF_01645	MER0038086	31.298	131	81	3	75	197	109	238	4.17e-14	65.9
MEFHNIAF_01645	MER0045945	35.507	138	70	6	47	177	75	200	2.61e-11	57.8
MEFHNIAF_01645	MER0043387	32.653	147	89	7	43	186	26	165	4.74e-11	56.2
MEFHNIAF_01645	MER0044889	31.452	124	82	3	75	198	91	211	2.55e-09	52.0
MEFHNIAF_01645	MER0436691	26.786	168	102	6	44	199	96	254	1.23e-08	50.4
MEFHNIAF_01645	MER0045886	26.957	115	73	3	75	185	85	192	1.43e-08	50.1
MEFHNIAF_01645	MER0043540	28.244	131	78	5	47	172	87	206	5.04e-08	48.1
MEFHNIAF_01645	MER0044812	22.699	163	117	3	16	176	68	223	7.65e-08	47.8
MEFHNIAF_01645	MER0042974	28.244	131	79	5	75	196	70	194	1.22e-07	47.0
MEFHNIAF_01645	MER0002464	27.273	121	60	7	75	171	105	221	2.05e-07	47.0
MEFHNIAF_01645	MER0060647	24.731	186	119	9	4	182	175	346	1.78e-06	44.3
MEFHNIAF_01647	MER0492485	38.028	71	42	2	3	73	52	120	1.53e-07	44.3
MEFHNIAF_01711	MER0003336	67.143	140	40	2	185	320	1	138	3.39e-60	186
MEFHNIAF_01711	MER0011465	38.843	121	71	2	185	305	1	118	1.83e-20	83.2
MEFHNIAF_01711	MER0017622	33.005	203	112	9	61	242	36	235	7.47e-20	84.3
MEFHNIAF_01711	MER0003299	39.130	138	75	3	185	318	1	133	1.60e-18	77.8
MEFHNIAF_01711	MER0003338	37.273	110	64	2	185	293	1	106	1.11e-16	72.8
MEFHNIAF_01711	MER0003303	34.234	111	65	3	185	294	1	104	2.77e-13	63.2
MEFHNIAF_01711	MER0034967	26.738	187	106	7	85	245	3	184	6.16e-10	55.1
MEFHNIAF_01711	MER0013976	31.532	111	68	4	185	294	1	104	2.37e-09	51.6
MEFHNIAF_01711	MER0016969	29.412	68	42	1	185	246	1	68	4.55e-06	43.1
