BBCOLEID_00048	MER0034960	29.333	300	146	8	59	297	12	306	9.70e-33	119
BBCOLEID_00048	MER0034961	36.301	146	84	4	59	195	16	161	2.42e-27	105
BBCOLEID_00048	MER0034961	32.000	75	51	0	220	294	254	328	1.81e-07	48.5
BBCOLEID_00048	MER0034548	30.078	256	147	6	59	295	11	253	2.52e-26	101
BBCOLEID_00048	MER0034722	28.405	257	120	8	90	282	1	257	1.39e-25	100
BBCOLEID_00048	MER0033237	27.055	292	143	9	59	280	16	307	1.15e-24	98.6
BBCOLEID_00048	MER0034959	32.653	147	90	4	59	196	14	160	1.37e-24	98.2
BBCOLEID_00048	MER0034959	34.667	75	49	0	220	294	252	326	5.11e-08	50.4
BBCOLEID_00048	MER0043146	30.859	256	139	12	50	276	6	252	4.56e-24	95.9
BBCOLEID_00048	MER0036029	25.795	283	152	6	70	294	20	302	4.64e-23	93.6
BBCOLEID_00048	MER0036040	27.143	280	145	5	57	277	3	282	5.81e-23	93.6
BBCOLEID_00048	MER0034665	29.457	258	159	8	58	296	12	265	1.60e-22	91.7
BBCOLEID_00048	MER0036033	30.350	257	151	11	63	297	12	262	3.38e-22	90.5
BBCOLEID_00048	MER0043003	29.167	240	146	8	64	282	9	245	1.62e-21	88.6
BBCOLEID_00048	MER0036039	25.856	263	162	9	64	298	9	266	2.57e-21	88.2
BBCOLEID_00048	MER0039263	28.627	255	135	12	56	280	6	243	1.74e-19	83.2
BBCOLEID_00048	MER0047634	25.514	243	117	6	98	276	9	251	1.90e-19	83.2
BBCOLEID_00048	MER0036370	31.333	150	95	3	59	200	13	162	2.84e-19	80.5
BBCOLEID_00048	MER0033274	36.283	113	72	0	55	167	5	117	1.62e-18	80.1
BBCOLEID_00048	MER0033242	25.000	292	145	10	59	276	15	306	1.83e-18	81.3
BBCOLEID_00048	MER0036046	27.888	251	123	9	59	264	1	238	4.05e-16	73.9
BBCOLEID_00048	MER0036030	26.360	239	138	9	56	261	1	234	2.74e-13	65.5
BBCOLEID_00048	MER0036028	24.706	255	152	10	56	275	3	252	3.97e-12	62.4
BBCOLEID_00048	MER0037852	31.111	135	72	4	42	164	2	127	5.23e-12	62.4
BBCOLEID_00048	MER0209600	26.531	147	89	4	60	200	16	149	1.35e-11	60.8
BBCOLEID_00048	MER0034742	28.659	164	93	5	42	193	2	153	2.68e-11	60.5
BBCOLEID_00048	MER0043201	27.193	114	66	4	59	159	13	122	1.06e-09	55.8
BBCOLEID_00048	MER0034744	28.125	128	78	3	48	163	1	126	1.97e-09	54.7
BBCOLEID_00048	MER0033188	30.769	104	58	3	68	159	24	125	3.63e-09	53.9
BBCOLEID_00048	MER0034728	28.689	122	73	3	54	163	7	126	5.02e-09	53.5
BBCOLEID_00048	MER0034745	28.125	128	78	3	48	163	1	126	6.18e-09	53.1
BBCOLEID_00048	MER0030934	29.825	114	64	4	59	158	14	125	8.17e-09	52.8
BBCOLEID_00048	MER0033198	28.866	97	59	1	76	162	31	127	9.99e-09	52.8
BBCOLEID_00048	MER0078701	28.689	122	73	3	54	163	7	126	1.62e-08	52.0
BBCOLEID_00048	MER0033220	28.667	150	84	4	59	187	12	159	2.16e-08	51.6
BBCOLEID_00048	MER0033235	27.407	135	81	3	59	178	9	141	2.20e-08	51.6
BBCOLEID_00048	MER0029616	32.110	109	56	4	70	162	8	114	2.49e-08	51.6
BBCOLEID_00048	MER0044819	31.304	115	67	3	59	164	16	127	2.61e-08	51.2
BBCOLEID_00048	MER0032203	30.357	112	64	3	59	158	12	121	3.11e-08	51.2
BBCOLEID_00048	MER0042911	25.287	174	107	6	63	214	5	177	3.12e-08	50.4
BBCOLEID_00048	MER0033236	27.407	135	81	3	59	178	9	141	3.78e-08	50.8
BBCOLEID_00048	MER0033226	27.481	131	81	3	47	165	1	129	4.54e-08	50.4
BBCOLEID_00048	MER0033213	29.412	119	70	3	59	165	12	128	5.89e-08	50.4
BBCOLEID_00048	MER0037850	30.357	112	64	3	59	158	12	121	6.22e-08	50.1
BBCOLEID_00048	MER0034730	29.915	117	68	3	59	163	12	126	8.88e-08	49.7
BBCOLEID_00048	MER0034726	29.508	122	72	3	54	163	7	126	9.98e-08	49.7
BBCOLEID_00048	MER0033224	29.464	112	65	3	59	158	11	120	1.53e-07	48.9
BBCOLEID_00048	MER0033212	24.691	162	98	5	43	192	3	152	1.58e-07	48.9
BBCOLEID_00048	MER0077889	28.099	121	73	4	54	162	6	124	6.29e-07	47.0
BBCOLEID_00048	MER0036034	31.405	121	63	7	60	161	3	122	7.26e-07	46.6
BBCOLEID_00048	MER0034727	29.915	117	68	3	59	163	12	126	9.62e-07	46.6
BBCOLEID_00048	MER0078925	28.571	112	66	3	63	162	16	125	2.18e-06	45.4
BBCOLEID_00048	MER0033240	26.144	153	88	5	59	189	12	161	2.54e-06	45.1
BBCOLEID_00048	MER0033231	29.474	95	56	2	73	158	7	99	2.80e-06	42.7
BBCOLEID_00048	MER0033227	25.731	171	104	6	49	200	1	167	2.84e-06	45.1
BBCOLEID_00048	MER0037861	30.303	99	58	2	75	164	31	127	4.39e-06	44.7
BBCOLEID_00048	MER0033280	28.037	107	66	2	74	171	30	134	6.64e-06	43.9
BBCOLEID_00048	MER0043138	27.523	109	67	3	59	155	14	122	6.71e-06	43.9
BBCOLEID_00048	MER0034723	27.826	115	69	3	63	165	16	128	7.41e-06	43.9
BBCOLEID_00165	MER0003336	61.806	144	53	2	193	335	1	143	1.67e-58	182
BBCOLEID_00165	MER0011465	36.735	147	80	3	193	332	1	141	7.86e-23	89.7
BBCOLEID_00165	MER0017622	29.204	226	138	6	58	263	25	248	9.74e-18	78.6
BBCOLEID_00165	MER0003299	35.915	142	81	2	193	330	1	136	4.81e-16	71.2
BBCOLEID_00165	MER0003338	38.824	85	51	1	193	276	1	85	4.08e-12	60.1
BBCOLEID_00165	MER0003303	33.333	114	65	3	193	305	1	104	1.12e-10	55.8
BBCOLEID_00165	MER0013976	43.333	60	33	1	193	252	1	59	3.20e-09	51.2
BBCOLEID_00165	MER0034967	20.976	205	138	7	92	282	2	196	9.89e-06	42.7
BBCOLEID_00175	MER0001289	32.218	239	125	12	79	301	46	263	1.61e-17	77.8
BBCOLEID_00175	MER0194228	34.857	175	98	7	140	301	16	187	9.36e-17	74.3
BBCOLEID_00175	MER0100667	31.532	222	126	9	89	305	19	219	5.12e-15	70.1
BBCOLEID_00175	MER0001284	29.064	203	125	8	93	288	35	225	7.42e-14	67.0
BBCOLEID_00175	MER0004514	27.536	138	90	3	71	207	12	140	9.26e-13	63.9
BBCOLEID_00175	MER0001288	25.751	233	136	7	90	306	19	230	2.86e-11	59.3
BBCOLEID_00175	MER0002161	29.008	131	74	3	82	211	54	166	7.00e-11	58.9
BBCOLEID_00175	MER0005139	31.967	122	57	5	93	208	62	163	1.88e-10	57.4
BBCOLEID_00175	MER0001290	24.272	206	134	7	39	240	46	233	7.84e-10	55.8
BBCOLEID_00175	MER0015691	26.201	229	119	8	93	297	52	254	1.03e-09	55.1
BBCOLEID_00175	MER0005149	32.231	121	56	5	93	207	64	164	1.77e-09	54.7
BBCOLEID_00175	MER0037181	28.571	133	88	4	140	270	94	221	1.46e-07	48.9
BBCOLEID_00175	MER0005131	31.304	115	67	2	109	219	51	157	2.00e-07	48.1
BBCOLEID_00175	MER0005238	35.789	95	37	4	94	184	67	141	3.35e-07	47.8
BBCOLEID_00175	MER0005239	33.333	102	43	5	92	188	67	148	5.89e-07	47.0
BBCOLEID_00175	MER0005152	31.731	104	47	4	89	188	55	138	1.18e-06	45.8
BBCOLEID_00175	MER0002104	30.435	92	46	3	94	184	67	141	6.01e-06	43.9
BBCOLEID_00208	MER0031562	31.081	222	137	5	72	288	26	236	1.96e-27	104
BBCOLEID_00208	MER0034961	25.478	157	93	6	52	202	11	149	8.08e-08	49.7
BBCOLEID_00208	MER0036027	24.576	236	152	8	64	281	11	238	2.26e-07	48.1
BBCOLEID_00208	MER0036044	24.380	242	144	9	64	281	60	286	6.02e-07	47.0
BBCOLEID_00208	MER0034959	27.778	162	84	7	53	202	7	147	8.15e-06	43.5
BBCOLEID_00213	MER0061102	33.163	196	124	4	70	261	2	194	1.38e-28	107
BBCOLEID_00227	MER0061102	35.193	233	137	3	672	893	2	231	2.32e-35	131
BBCOLEID_00227	MER0061102	30.303	231	149	5	311	529	1	231	3.03e-30	116
BBCOLEID_00240	MER0000431	28.099	121	79	3	25	144	9	122	1.11e-08	52.4
BBCOLEID_00240	MER0003537	22.993	274	189	9	49	313	24	284	1.02e-07	49.3
BBCOLEID_00240	MER0036049	23.196	194	121	6	117	303	97	269	4.01e-07	47.4
BBCOLEID_00282	MER0195774	33.520	179	115	2	43	220	2	177	1.58e-30	115
BBCOLEID_00282	MER0003448	24.757	206	152	1	44	249	4	206	1.12e-19	85.9
BBCOLEID_00282	MER0001229	27.358	212	151	1	43	254	3	211	1.93e-16	76.3
BBCOLEID_00282	MER0043985	27.358	212	151	1	43	254	3	211	1.99e-16	76.6
BBCOLEID_00282	MER0003543	25.616	203	147	2	44	246	4	202	1.10e-15	74.3
BBCOLEID_00282	MER0015090	23.529	221	159	3	44	258	4	220	6.25e-14	68.9
BBCOLEID_00282	MER0014333	29.185	233	144	10	44	260	4	231	6.99e-14	69.3
BBCOLEID_00282	MER0188967	28.780	205	129	6	76	265	1	203	9.15e-14	71.2
BBCOLEID_00282	MER0390687	26.667	150	107	1	68	217	20	166	7.42e-12	61.6
BBCOLEID_00282	MER0039456	25.731	171	125	1	547	715	35	205	1.31e-11	62.0
BBCOLEID_00282	MER0237414	23.318	223	166	3	43	262	2	222	1.36e-11	62.4
BBCOLEID_00282	MER0004423	25.980	204	130	5	78	277	33	219	2.19e-11	61.6
BBCOLEID_00282	MER0026957	28.313	166	116	1	68	233	23	185	3.49e-11	60.8
BBCOLEID_00282	MER0001233	22.870	223	137	8	44	246	4	211	6.40e-10	57.4
BBCOLEID_00282	MER0021876	28.814	177	116	4	52	224	10	180	1.41e-09	55.8
BBCOLEID_00282	MER0001214	26.543	162	117	1	44	205	28	187	6.19e-09	53.5
BBCOLEID_00282	MER0001222	25.843	178	126	3	44	217	28	203	1.70e-08	52.8
BBCOLEID_00282	MER0122186	24.731	186	124	4	39	217	19	195	4.16e-08	51.6
BBCOLEID_00282	MER0001218	25.466	161	104	3	43	196	27	178	5.99e-08	51.2
BBCOLEID_00282	MER0001223	26.016	123	89	1	43	165	11	131	1.60e-07	49.7
BBCOLEID_00282	MER0002283	26.396	197	116	5	44	223	28	212	3.15e-07	48.9
BBCOLEID_00282	MER0001413	30.894	123	80	3	44	166	32	149	9.94e-07	46.2
BBCOLEID_00282	MER0003386	28.926	121	84	1	44	164	28	146	1.68e-06	47.0
BBCOLEID_00282	MER0002345	25.414	181	126	3	44	217	28	206	1.80e-06	46.6
BBCOLEID_00282	MER0014096	22.356	331	220	10	76	374	4	329	2.04e-06	47.8
BBCOLEID_00282	MER0011096	24.468	188	119	5	44	217	28	206	5.74e-06	45.1
BBCOLEID_00282	MER0169735	24.064	187	132	4	38	217	12	195	7.04e-06	44.7
BBCOLEID_00282	MER0092828	25.000	136	87	4	54	178	4	135	8.34e-06	43.9
BBCOLEID_00282	MER0015259	24.551	167	118	4	44	207	28	189	9.52e-06	44.7
BBCOLEID_00282	MER0002423	25.543	184	122	4	44	217	28	206	9.52e-06	44.7
BBCOLEID_00301	MER0028934	36.471	85	32	3	67	142	1	72	1.51e-10	52.0
BBCOLEID_00305	MER0001380	33.692	279	166	6	53	322	12	280	3.67e-53	174
BBCOLEID_00305	MER0003537	33.579	271	166	7	65	330	21	282	5.38e-46	155
BBCOLEID_00305	MER0000437	31.169	308	189	7	39	335	3	298	6.06e-44	150
BBCOLEID_00305	MER0000436	28.090	267	174	9	49	310	4	257	6.30e-26	102
BBCOLEID_00305	MER0000431	27.612	134	87	5	54	184	20	146	2.42e-09	54.7
BBCOLEID_00305	MER0011785	25.000	300	171	12	68	332	36	316	3.34e-08	51.2
BBCOLEID_00305	MER0011509	30.769	130	82	5	44	169	13	138	1.25e-07	49.3
BBCOLEID_00305	MER0036075	27.692	130	89	4	64	191	67	193	1.90e-07	48.9
BBCOLEID_00359	MER0034539	41.573	178	99	4	19	192	22	198	2.23e-39	139
BBCOLEID_00359	MER0033254	33.158	190	104	10	2	174	1	184	1.26e-18	82.4
BBCOLEID_00359	MER0004101	32.673	101	59	2	68	159	99	199	6.57e-12	62.4
BBCOLEID_00359	MER0011781	33.663	101	58	2	68	159	98	198	1.09e-11	62.0
BBCOLEID_00359	MER0011806	31.683	101	60	2	68	159	99	199	5.16e-11	59.7
BBCOLEID_00359	MER0038019	35.897	78	45	3	114	187	75	151	6.05e-06	43.9
BBCOLEID_00360	MER0034539	59.709	206	83	0	2	207	1	206	8.76e-89	270
BBCOLEID_00360	MER0033254	31.890	254	138	10	2	226	1	248	8.45e-25	100
BBCOLEID_00392	MER0066184	23.605	233	166	4	85	309	18	246	1.57e-18	80.1
BBCOLEID_00392	MER0017368	23.913	184	113	7	95	264	28	198	1.34e-09	54.7
BBCOLEID_00392	MER0031551	25.263	190	133	5	100	282	33	220	2.67e-09	53.5
BBCOLEID_00392	MER0031552	25.000	216	131	9	75	282	19	211	3.99e-08	50.1
BBCOLEID_00392	MER0035185	25.114	219	134	9	78	292	12	204	5.17e-08	49.7
BBCOLEID_00392	MER0017242	24.828	145	106	3	65	207	47	190	1.77e-07	48.5
BBCOLEID_00392	MER0031564	19.556	225	155	5	71	292	4	205	3.32e-07	47.4
BBCOLEID_00392	MER0017243	22.099	181	108	6	101	262	100	266	8.80e-07	46.6
BBCOLEID_00392	MER0045469	25.532	141	98	3	99	235	41	178	1.47e-06	45.4
BBCOLEID_00392	MER0034962	25.405	185	108	8	123	303	60	218	1.94e-06	44.7
BBCOLEID_00392	MER0036063	30.303	99	63	3	89	181	28	126	2.00e-06	45.4
BBCOLEID_00392	MER0017248	21.918	219	143	8	81	290	54	253	2.66e-06	44.7
BBCOLEID_00392	MER0017244	20.339	236	163	5	78	312	53	264	3.21e-06	44.7
BBCOLEID_00392	MER0031566	19.095	199	137	5	78	274	11	187	7.96e-06	43.1
BBCOLEID_00408	MER0001421	54.271	398	177	3	13	410	1	393	9.73e-157	445
BBCOLEID_00408	MER0028941	26.353	425	237	13	3	410	1	366	8.24e-27	107
BBCOLEID_00408	MER0369336	27.616	344	201	11	72	410	14	314	8.23e-22	92.4
BBCOLEID_00415	MER0034548	32.000	125	76	3	52	171	17	137	7.45e-15	69.3
BBCOLEID_00415	MER0036027	23.348	227	145	7	47	245	9	234	1.94e-11	59.7
BBCOLEID_00415	MER0031570	24.336	226	143	9	47	245	9	233	2.06e-10	56.6
BBCOLEID_00415	MER0032203	31.250	128	68	6	39	148	4	129	2.08e-10	57.4
BBCOLEID_00415	MER0029616	29.091	110	61	2	59	151	12	121	5.92e-10	56.2
BBCOLEID_00415	MER0033220	30.435	115	64	4	42	140	7	121	9.13e-10	55.5
BBCOLEID_00415	MER0034726	29.204	113	64	4	44	140	9	121	1.81e-09	54.3
BBCOLEID_00415	MER0037850	30.233	129	68	6	39	148	4	129	2.23e-09	54.3
BBCOLEID_00415	MER0031563	29.134	127	78	6	50	171	12	131	2.39e-09	53.5
BBCOLEID_00415	MER0036044	26.667	120	82	3	30	143	40	159	2.73e-09	53.5
BBCOLEID_00415	MER0033224	29.915	117	64	5	42	141	6	121	3.83e-09	53.5
BBCOLEID_00415	MER0034723	28.696	115	66	4	42	140	7	121	3.96e-09	53.5
BBCOLEID_00415	MER0078701	28.319	113	65	4	44	140	9	121	5.82e-09	52.8
BBCOLEID_00415	MER0078925	30.357	112	62	4	45	140	10	121	6.09e-09	52.8
BBCOLEID_00415	MER0034727	29.204	113	64	4	44	140	9	121	6.47e-09	52.8
BBCOLEID_00415	MER0077885	29.204	113	64	4	44	140	18	130	9.35e-09	52.4
BBCOLEID_00415	MER0034745	27.434	113	66	4	44	140	9	121	1.77e-08	51.6
BBCOLEID_00415	MER0034730	28.205	117	68	4	40	140	5	121	1.88e-08	51.2
BBCOLEID_00415	MER0033274	29.592	98	64	1	56	148	19	116	2.10e-08	50.8
BBCOLEID_00415	MER0033213	30.973	113	60	5	45	140	10	121	3.11e-08	50.8
BBCOLEID_00415	MER0033227	27.132	129	69	4	37	140	1	129	3.25e-08	50.8
BBCOLEID_00415	MER0043201	29.091	110	63	4	46	140	12	121	3.35e-08	50.8
BBCOLEID_00415	MER0077889	26.549	113	67	4	44	140	8	120	6.97e-08	49.7
BBCOLEID_00415	MER0034959	31.731	104	63	4	52	147	20	123	7.19e-08	49.7
BBCOLEID_00415	MER0034728	27.434	113	66	4	44	140	9	121	8.00e-08	49.3
BBCOLEID_00415	MER0034744	26.230	122	70	5	37	140	2	121	8.36e-08	49.3
BBCOLEID_00415	MER0030934	29.825	114	62	6	45	140	12	125	8.59e-08	49.3
BBCOLEID_00415	MER0034742	30.508	118	62	6	44	143	9	124	1.00e-07	49.3
BBCOLEID_00415	MER0033241	29.204	113	64	4	44	140	12	124	1.22e-07	48.9
BBCOLEID_00415	MER0037852	30.508	118	62	6	44	143	9	124	1.89e-07	48.5
BBCOLEID_00415	MER0033198	28.947	114	62	5	44	139	10	122	2.01e-07	48.1
BBCOLEID_00415	MER0033212	31.304	115	63	5	44	142	9	123	3.67e-07	47.4
BBCOLEID_00415	MER0042911	26.761	142	87	5	57	183	20	159	5.58e-07	46.6
BBCOLEID_00415	MER0036046	26.207	145	78	5	50	167	5	147	5.83e-07	46.6
BBCOLEID_00415	MER0043003	31.579	95	54	3	64	147	27	121	6.77e-07	46.2
BBCOLEID_00415	MER0036039	25.105	239	131	12	64	264	27	255	8.32e-07	45.8
BBCOLEID_00415	MER0033226	28.696	115	62	5	44	140	10	122	1.10e-06	45.8
BBCOLEID_00415	MER0033188	24.561	114	68	4	44	139	10	123	2.13e-06	45.1
BBCOLEID_00415	MER0033231	29.474	95	55	2	58	140	5	99	2.28e-06	43.1
BBCOLEID_00415	MER0043147	28.125	96	52	3	60	139	6	100	2.78e-06	44.7
BBCOLEID_00415	MER0034741	28.319	113	63	5	45	140	9	120	4.56e-06	44.3
BBCOLEID_00415	MER0037861	26.957	115	68	5	42	140	7	121	6.57e-06	43.5
BBCOLEID_00418	MER0017193	43.173	271	147	4	29	295	8	275	4.52e-69	213
BBCOLEID_00418	MER0026339	38.258	264	160	2	28	288	4	267	4.48e-63	197
BBCOLEID_00418	MER0017177	29.496	139	90	2	27	163	15	147	1.54e-14	69.7
BBCOLEID_00418	MER0000436	24.211	285	192	9	33	297	7	287	1.22e-10	57.8
BBCOLEID_00418	MER0014065	36.667	90	51	4	37	122	24	111	5.71e-10	56.2
BBCOLEID_00418	MER0036053	38.272	81	49	1	42	122	4	83	1.48e-09	54.3
BBCOLEID_00418	MER0036047	23.214	280	178	12	25	283	12	275	5.13e-09	53.1
BBCOLEID_00418	MER0036115	30.769	104	68	3	44	145	33	134	7.66e-09	52.8
BBCOLEID_00418	MER0036062	25.000	252	155	11	47	281	33	267	1.15e-07	48.9
BBCOLEID_00418	MER0000437	24.627	268	157	12	26	262	6	259	1.17e-07	48.9
BBCOLEID_00418	MER0031617	30.252	119	75	6	31	144	17	132	1.27e-07	48.9
BBCOLEID_00418	MER0004146	24.727	275	179	11	29	289	1	261	2.06e-07	48.1
BBCOLEID_00418	MER0036063	24.400	250	157	9	47	280	39	272	3.14e-07	47.8
BBCOLEID_00418	MER0031614	33.766	77	49	1	47	121	84	160	8.21e-07	46.6
BBCOLEID_00418	MER0001380	23.162	272	154	12	35	271	13	264	1.41e-06	45.8
BBCOLEID_00418	MER0036075	34.831	89	52	4	39	121	60	148	1.96e-06	45.4
BBCOLEID_00418	MER0003537	22.642	265	183	9	47	295	24	282	2.47e-06	45.1
BBCOLEID_00418	MER0031611	22.182	275	181	11	43	297	31	292	4.07e-06	44.3
BBCOLEID_00418	MER0036080	40.984	61	34	2	66	125	85	144	6.95e-06	43.5
BBCOLEID_00425	MER0011907	32.955	176	87	4	117	262	1	175	2.09e-22	89.0
BBCOLEID_00425	MER0058242	27.374	179	97	3	117	263	1	178	1.10e-13	65.1
BBCOLEID_00425	MER0011900	37.815	119	61	4	152	262	57	170	2.57e-13	63.9
BBCOLEID_00441	MER0036067	24.268	239	162	9	79	301	52	287	4.65e-10	56.2
BBCOLEID_00441	MER0011785	21.691	272	171	7	79	308	36	307	1.14e-09	55.5
BBCOLEID_00441	MER0011509	23.273	275	156	11	79	307	39	304	3.18e-09	53.9
BBCOLEID_00441	MER0031611	19.101	267	178	7	73	311	34	290	4.06e-09	53.5
BBCOLEID_00441	MER0036053	23.664	262	162	9	76	304	6	262	7.11e-09	52.4
BBCOLEID_00441	MER0036068	21.901	242	168	8	78	301	53	291	1.13e-08	52.4
BBCOLEID_00441	MER0044581	25.882	170	105	7	74	228	67	230	1.52e-08	52.0
BBCOLEID_00441	MER0036076	23.045	243	153	10	78	301	62	289	1.16e-07	48.9
BBCOLEID_00441	MER0036115	25.564	133	89	3	55	183	12	138	2.97e-07	47.8
BBCOLEID_00441	MER0036066	23.671	207	135	9	79	267	1	202	4.31e-07	47.0
BBCOLEID_00441	MER0183709	26.190	210	108	9	135	312	97	291	4.53e-07	47.4
BBCOLEID_00441	MER0017033	23.045	243	162	10	79	304	65	299	1.38e-06	45.8
BBCOLEID_00441	MER0044578	29.268	123	69	5	68	176	59	177	2.44e-06	45.4
BBCOLEID_00441	MER0014065	28.333	120	83	2	67	184	23	141	2.71e-06	45.1
BBCOLEID_00441	MER0036056	20.769	260	186	7	65	305	64	322	3.97e-06	44.7
BBCOLEID_00441	MER0035973	20.812	197	143	6	79	267	57	248	5.51e-06	43.9
BBCOLEID_00444	MER0066178	29.947	187	115	8	35	218	5	178	2.39e-10	55.8
BBCOLEID_00452	MER0198917	42.175	377	209	5	32	404	1	372	1.77e-97	315
BBCOLEID_00452	MER1054487	41.425	379	213	4	32	404	1	376	4.21e-91	297
BBCOLEID_00472	MER0066178	28.910	211	110	9	43	244	3	182	6.75e-12	60.5
BBCOLEID_00496	MER0004090	27.778	414	212	18	27	406	3	363	2.04e-27	109
BBCOLEID_00496	MER0003800	28.571	427	210	21	36	421	18	390	1.40e-25	104
BBCOLEID_00496	MER0035017	24.471	425	228	18	36	413	3	381	7.03e-21	90.9
BBCOLEID_00496	MER0354941	27.459	244	97	12	49	274	10	191	9.73e-09	52.0
BBCOLEID_00496	MER0006204	29.464	112	72	3	36	142	7	116	6.96e-08	50.8
BBCOLEID_00506	MER0004090	29.750	400	220	16	607	975	1	370	1.76e-38	145
BBCOLEID_00506	MER0035017	26.492	419	242	17	616	993	2	395	1.84e-29	119
BBCOLEID_00506	MER0003800	27.273	396	235	15	605	973	6	375	7.80e-29	117
BBCOLEID_00506	MER0006204	21.160	293	194	11	611	885	1	274	9.57e-10	58.5
BBCOLEID_00506	MER0015683	22.613	199	122	4	632	827	40	209	2.91e-08	53.1
BBCOLEID_00506	MER0026262	17.857	280	195	9	616	890	2	251	4.97e-08	52.8
BBCOLEID_00506	MER0011700	24.727	275	168	13	621	880	3	253	1.21e-07	51.6
BBCOLEID_00506	MER0354941	24.762	210	122	8	631	827	11	197	1.76e-07	49.7
BBCOLEID_00506	MER0000459	23.116	199	129	7	630	827	23	198	8.93e-07	48.9
BBCOLEID_00506	MER0005923	20.253	237	140	6	630	818	23	258	5.66e-06	46.6
BBCOLEID_00551	MER0061102	31.687	243	139	10	146	374	2	231	1.40e-26	103
BBCOLEID_00552	MER0061102	30.380	158	98	2	153	299	2	158	8.85e-18	78.6
BBCOLEID_00565	MER0004111	28.966	145	93	3	42	182	2	140	1.47e-11	59.7
BBCOLEID_00565	MER0003290	27.742	155	92	4	42	185	2	147	1.15e-10	57.0
BBCOLEID_00565	MER0000268	27.027	148	91	4	42	182	2	139	2.35e-10	56.2
BBCOLEID_00565	MER0002577	28.767	146	91	3	42	180	2	141	1.70e-09	53.5
BBCOLEID_00565	MER0005468	29.518	166	92	7	42	196	2	153	2.28e-09	53.5
BBCOLEID_00565	MER0013623	27.778	144	94	3	42	182	2	138	5.73e-09	52.0
BBCOLEID_00565	MER0001373	27.044	159	99	5	42	193	2	150	1.61e-07	48.1
BBCOLEID_00565	MER0004086	26.087	161	95	5	42	187	1	152	2.95e-06	44.3
BBCOLEID_00565	MER0003293	26.351	148	92	4	42	182	2	139	4.26e-06	43.5
BBCOLEID_00565	MER0010944	29.193	161	88	8	42	182	2	156	9.64e-06	43.1
BBCOLEID_00647	MER0022664	32.174	115	64	6	93	207	9	109	2.30e-06	42.7
BBCOLEID_00668	MER0030244	32.143	196	119	6	127	316	1	188	1.70e-20	85.9
BBCOLEID_00668	MER0030235	32.973	185	116	5	145	323	2	184	2.23e-20	85.5
BBCOLEID_00668	MER0059675	31.795	195	124	5	135	323	8	199	2.69e-20	85.5
BBCOLEID_00668	MER0078759	29.381	194	127	5	138	323	5	196	8.71e-20	84.0
BBCOLEID_00668	MER0078760	31.122	196	120	7	139	323	7	198	2.95e-18	79.7
BBCOLEID_00668	MER0001297	26.316	171	113	5	146	315	3	161	1.65e-11	59.7
BBCOLEID_00668	MER0001425	25.000	180	122	4	144	319	1	171	1.40e-10	57.0
BBCOLEID_00668	MER0003514	29.070	172	107	5	147	316	4	162	5.33e-09	52.4
BBCOLEID_00668	MER0003413	26.667	180	112	6	147	321	4	168	1.07e-08	51.6
BBCOLEID_00668	MER0015684	25.000	172	116	4	146	315	3	163	4.81e-07	46.6
BBCOLEID_00677	MER0039263	29.661	236	149	6	97	321	11	240	1.27e-30	114
BBCOLEID_00677	MER0043146	32.129	249	151	7	86	319	6	251	5.03e-27	104
BBCOLEID_00677	MER0034960	28.777	278	139	9	101	325	18	289	4.60e-24	97.4
BBCOLEID_00677	MER0034665	29.644	253	157	9	89	327	7	252	4.73e-24	96.7
BBCOLEID_00677	MER0034548	27.197	239	146	5	96	321	12	235	6.23e-24	95.9
BBCOLEID_00677	MER0033237	26.241	282	140	9	93	310	16	293	2.71e-21	89.7
BBCOLEID_00677	MER0036040	23.913	276	160	7	112	338	25	299	2.68e-16	75.5
BBCOLEID_00677	MER0033242	26.027	292	150	9	93	319	15	305	3.59e-16	75.1
BBCOLEID_00677	MER0036370	27.273	154	107	4	97	246	15	167	8.81e-15	68.6
BBCOLEID_00677	MER0036029	23.827	277	162	6	112	339	25	301	1.20e-14	70.5
BBCOLEID_00677	MER0036039	22.511	231	160	6	112	325	25	253	8.05e-14	67.8
BBCOLEID_00677	MER0047634	24.359	234	120	7	143	319	17	250	1.00e-13	67.4
BBCOLEID_00677	MER0209600	24.265	272	133	9	97	310	17	273	1.39e-13	67.4
BBCOLEID_00677	MER0033274	27.350	117	85	0	89	205	2	118	5.61e-13	65.1
BBCOLEID_00677	MER0034961	31.452	124	82	3	115	235	37	160	1.33e-12	64.7
BBCOLEID_00677	MER0034961	46.667	45	24	0	275	319	265	309	3.53e-06	45.1
BBCOLEID_00677	MER0036030	24.590	244	146	10	91	306	2	235	1.66e-11	60.8
BBCOLEID_00677	MER0034722	22.881	236	121	6	143	319	17	250	1.69e-11	60.8
BBCOLEID_00677	MER0036028	23.967	242	155	9	99	315	10	247	2.79e-11	60.1
BBCOLEID_00677	MER0034959	29.839	124	84	3	115	235	35	158	2.94e-11	60.5
BBCOLEID_00677	MER0034959	44.444	54	28	1	266	319	256	307	3.05e-07	48.1
BBCOLEID_00677	MER0042911	22.707	229	163	5	112	326	25	253	1.31e-10	58.2
BBCOLEID_00677	MER0036046	25.385	260	145	12	93	320	1	243	1.31e-10	58.2
BBCOLEID_00677	MER0043003	22.745	255	181	8	96	338	9	259	1.24e-09	55.1
BBCOLEID_00677	MER0031570	22.857	245	165	11	98	327	11	246	1.53e-07	48.9
BBCOLEID_00677	MER0036034	21.723	267	164	8	92	326	1	254	1.77e-06	45.4
BBCOLEID_00750	MER0056047	34.667	75	48	1	106	180	7	80	6.68e-08	45.8
BBCOLEID_00750	MER0056022	32.000	75	50	1	106	180	49	122	2.54e-06	42.4
BBCOLEID_00766	MER0017177	26.606	109	78	1	57	165	31	137	2.27e-09	54.7
BBCOLEID_00766	MER0017193	32.710	107	58	3	37	139	4	100	1.62e-07	48.5
BBCOLEID_00766	MER0000432	28.037	107	65	2	60	157	24	127	1.74e-07	48.9
BBCOLEID_00766	MER0036115	27.607	163	111	4	54	215	29	185	1.74e-07	48.9
BBCOLEID_00766	MER0026339	28.571	133	82	3	47	174	11	135	1.88e-07	48.5
BBCOLEID_00766	MER0014065	27.273	110	75	3	53	161	27	132	5.43e-06	44.3
BBCOLEID_00790	MER0001233	36.364	242	148	3	37	276	2	239	1.46e-50	175
BBCOLEID_00790	MER0014333	36.598	194	122	1	37	230	2	194	1.39e-39	144
BBCOLEID_00790	MER0002008	29.108	213	136	4	37	245	2	203	3.58e-22	93.6
BBCOLEID_00790	MER0003448	28.774	212	140	6	37	247	2	203	1.65e-14	70.9
BBCOLEID_00790	MER0195774	34.375	160	94	6	63	220	26	176	1.13e-13	67.0
BBCOLEID_00790	MER0001229	26.596	188	128	4	62	248	26	204	2.62e-12	64.3
BBCOLEID_00790	MER0043985	26.596	188	128	4	62	248	26	204	3.08e-12	64.3
BBCOLEID_00790	MER0026957	28.655	171	112	5	62	231	21	182	1.49e-11	62.0
BBCOLEID_00790	MER0142407	27.536	207	114	9	74	266	4	188	1.81e-10	60.1
BBCOLEID_00790	MER0003543	25.234	214	146	6	37	248	2	203	2.68e-10	58.5
BBCOLEID_00790	MER0004423	27.830	212	124	10	73	278	32	220	1.66e-09	55.8
BBCOLEID_00790	MER0001220	26.531	196	126	7	62	248	8	194	1.66e-09	55.8
BBCOLEID_00790	MER0188967	25.731	171	113	5	73	233	2	168	1.85e-09	57.8
BBCOLEID_00790	MER0015090	26.554	177	110	6	62	232	25	187	6.10e-09	54.3
BBCOLEID_00790	MER0023436	25.556	180	111	6	63	227	34	205	1.78e-07	49.7
BBCOLEID_00790	MER0035181	20.270	222	128	5	58	240	13	224	2.29e-07	49.7
BBCOLEID_00790	MER0122186	34.831	89	46	3	37	121	22	102	1.38e-06	47.0
BBCOLEID_00790	MER0024891	25.521	192	94	7	73	235	2	173	1.38e-06	48.1
BBCOLEID_00790	MER0390687	25.316	158	108	4	62	218	18	166	3.30e-06	45.1
BBCOLEID_00790	MER0025036	28.646	192	111	9	71	244	3	186	7.42e-06	46.2
BBCOLEID_00790	MER0003909	24.658	219	126	12	74	266	6	211	8.25e-06	46.2
BBCOLEID_00791	MER0017401	31.544	149	93	4	694	841	78	218	2.76e-16	76.3
BBCOLEID_00791	MER0058228	27.586	232	140	8	625	843	6	222	5.55e-13	66.6
BBCOLEID_00791	MER0001920	27.108	166	113	4	687	848	71	232	2.69e-12	64.7
BBCOLEID_00791	MER0004925	24.206	252	155	8	610	841	4	239	7.67e-12	63.5
BBCOLEID_00791	MER0011583	24.096	249	172	8	621	862	7	245	1.50e-11	62.4
BBCOLEID_00791	MER0014827	25.296	253	151	10	610	841	4	239	6.58e-11	60.8
BBCOLEID_00791	MER0015682	27.059	170	104	4	695	860	150	303	1.01e-10	60.8
BBCOLEID_00791	MER0018170	29.730	148	102	2	695	841	85	231	1.94e-10	59.3
BBCOLEID_00791	MER0001423	25.403	248	147	5	629	859	5	231	7.21e-10	57.0
BBCOLEID_00791	MER0005196	25.714	210	124	7	626	822	22	212	7.87e-10	57.4
BBCOLEID_00791	MER0000401	24.898	245	161	8	625	859	25	256	1.39e-09	56.6
BBCOLEID_00791	MER0003558	23.786	206	118	5	670	853	63	251	4.05e-09	55.5
BBCOLEID_00791	MER0192427	24.409	254	145	10	609	841	49	276	8.96e-09	54.3
BBCOLEID_00791	MER0000263	21.429	238	161	5	629	852	9	234	1.14e-08	53.5
BBCOLEID_00791	MER0140224	26.250	160	89	4	696	841	73	217	1.35e-08	53.5
BBCOLEID_00791	MER0034615	23.478	230	147	6	628	841	12	228	3.12e-08	52.4
BBCOLEID_00791	MER0000399	26.066	211	129	7	626	824	25	220	4.10e-08	52.4
BBCOLEID_00791	MER0005994	25.949	158	99	6	695	849	107	249	6.52e-08	51.6
BBCOLEID_00791	MER0006027	28.289	152	98	4	715	860	109	255	7.52e-07	48.1
BBCOLEID_00791	MER0000408	23.737	198	114	6	673	851	62	241	9.67e-07	47.8
BBCOLEID_00791	MER0126485	23.404	141	96	2	704	841	84	215	2.19e-06	46.6
BBCOLEID_00791	MER0004193	24.138	232	139	8	629	843	6	217	7.53e-06	45.1
BBCOLEID_00817	MER0214730	26.639	244	162	5	105	333	2	243	8.36e-25	97.8
BBCOLEID_00817	MER0214939	26.230	244	163	5	105	333	2	243	4.60e-24	95.9
BBCOLEID_00817	MER0214982	25.969	258	149	7	105	333	3	247	2.59e-20	85.9
BBCOLEID_00817	MER0213595	25.098	255	148	7	105	331	3	242	5.08e-20	84.7
BBCOLEID_00817	MER0213816	25.000	252	154	9	107	333	2	243	2.75e-14	68.6
BBCOLEID_00817	MER0044350	29.808	104	68	3	108	207	3	105	6.26e-07	47.0
BBCOLEID_00817	MER0017193	27.429	175	107	7	87	251	2	166	3.13e-06	45.1
BBCOLEID_00817	MER0014065	28.972	107	67	4	100	201	29	131	7.13e-06	43.9
BBCOLEID_00819	MER0002601	42.105	114	64	2	153	265	24	136	1.51e-26	98.2
BBCOLEID_00819	MER0002455	38.053	113	69	1	153	265	22	133	6.20e-23	88.6
BBCOLEID_00819	MER0019092	33.036	112	67	3	153	257	39	149	3.77e-14	65.5
BBCOLEID_00819	MER0014721	34.343	99	60	2	160	254	45	142	4.43e-14	65.5
BBCOLEID_00819	MER0121992	31.250	80	53	2	160	238	45	123	2.56e-07	45.4
BBCOLEID_00838	MER0026339	59.925	267	104	2	1	264	1	267	3.00e-121	344
BBCOLEID_00838	MER0017193	36.502	263	164	3	11	271	14	275	5.08e-53	171
BBCOLEID_00838	MER0017177	31.250	160	93	7	4	158	16	163	1.27e-12	63.5
BBCOLEID_00838	MER0036063	24.506	253	155	12	23	257	39	273	2.50e-08	50.8
BBCOLEID_00838	MER0031614	26.872	227	139	8	23	240	84	292	8.19e-08	49.3
BBCOLEID_00838	MER0033259	25.806	279	170	12	2	272	11	260	1.65e-07	48.1
BBCOLEID_00838	MER0036047	21.811	243	170	9	23	255	39	271	4.35e-06	43.9
BBCOLEID_00838	MER0036115	31.250	112	72	3	11	118	22	132	6.67e-06	43.5
BBCOLEID_00849	MER0195774	34.078	179	114	2	43	220	2	177	1.02e-30	116
BBCOLEID_00849	MER0003448	25.243	206	151	1	44	249	4	206	6.53e-20	86.7
BBCOLEID_00849	MER0001229	27.830	212	150	1	43	254	3	211	1.49e-16	76.6
BBCOLEID_00849	MER0043985	27.830	212	150	1	43	254	3	211	1.85e-16	76.6
BBCOLEID_00849	MER0003543	26.108	203	146	2	44	246	4	202	7.30e-16	74.7
BBCOLEID_00849	MER0188967	25.806	310	207	10	76	364	1	308	1.99e-15	76.6
BBCOLEID_00849	MER0014333	29.185	233	144	10	44	260	4	231	1.61e-13	68.2
BBCOLEID_00849	MER0015090	23.529	221	159	3	44	258	4	220	2.09e-13	67.4
BBCOLEID_00849	MER0039456	26.316	171	124	1	547	715	35	205	2.81e-12	63.9
BBCOLEID_00849	MER0390687	27.333	150	106	1	68	217	20	166	5.57e-12	62.0
BBCOLEID_00849	MER0026957	28.916	166	115	1	68	233	23	185	2.49e-11	61.2
BBCOLEID_00849	MER0237414	23.423	222	165	3	43	261	2	221	2.74e-11	61.6
BBCOLEID_00849	MER0004423	26.486	185	119	4	78	262	33	200	9.17e-11	59.7
BBCOLEID_00849	MER0001233	23.182	220	140	7	44	246	4	211	8.53e-10	57.0
BBCOLEID_00849	MER0001214	27.160	162	116	1	44	205	28	187	4.17e-09	54.3
BBCOLEID_00849	MER0021876	28.249	177	117	4	52	224	10	180	9.07e-09	53.1
BBCOLEID_00849	MER0122186	26.984	189	116	6	39	217	19	195	1.30e-08	52.8
BBCOLEID_00849	MER0001222	26.404	178	125	3	44	217	28	203	1.86e-08	52.8
BBCOLEID_00849	MER0001223	26.016	123	89	1	43	165	11	131	8.46e-08	50.4
BBCOLEID_00849	MER0003386	30.579	121	82	1	44	164	28	146	1.27e-07	50.1
BBCOLEID_00849	MER0001218	24.845	161	105	3	43	196	27	178	4.57e-07	48.5
BBCOLEID_00849	MER0002283	25.888	197	117	5	44	223	28	212	1.80e-06	46.6
BBCOLEID_00849	MER0011292	23.353	167	117	4	58	217	64	226	3.89e-06	45.8
BBCOLEID_00849	MER0002345	24.862	181	127	3	44	217	28	206	4.24e-06	45.4
BBCOLEID_00849	MER0001413	30.081	123	81	3	44	166	32	149	4.84e-06	44.3
BBCOLEID_00849	MER0169735	24.064	187	132	4	38	217	12	195	7.24e-06	44.7
BBCOLEID_00849	MER0015259	25.150	167	117	4	44	207	28	189	8.61e-06	44.7
BBCOLEID_00937	MER0031431	34.884	86	54	1	118	201	53	138	6.35e-11	56.6
BBCOLEID_00937	MER0034659	27.857	140	96	2	67	201	1	140	7.36e-10	53.5
BBCOLEID_00937	MER0031432	29.787	141	90	5	67	201	1	138	4.33e-09	51.2
BBCOLEID_00937	MER0031433	29.787	141	90	5	67	201	1	138	5.52e-09	50.8
BBCOLEID_00937	MER0014721	30.108	93	55	3	99	187	24	110	4.26e-08	48.5
BBCOLEID_00937	MER0002455	26.437	87	58	2	109	195	22	102	6.77e-07	44.7
BBCOLEID_00965	MER0003380	33.193	238	150	3	143	379	11	240	2.82e-40	140
BBCOLEID_00965	MER0069741	40.994	161	90	4	222	379	13	171	2.37e-32	117
BBCOLEID_00965	MER0013541	51.765	85	41	0	277	361	1	85	1.29e-24	94.0
BBCOLEID_00965	MER0387040	43.617	94	52	1	277	369	1	94	4.94e-17	73.2
BBCOLEID_00965	MER0066182	40.187	107	63	1	277	382	92	198	9.23e-17	75.1
BBCOLEID_00965	MER0003376	38.095	105	52	2	274	365	42	146	5.54e-15	69.3
BBCOLEID_00965	MER0003423	37.209	86	52	2	277	360	32	117	7.56e-12	59.7
BBCOLEID_00965	MER0003906	33.696	92	59	2	277	366	1	92	1.12e-11	58.2
BBCOLEID_00965	MER0001419	34.884	86	54	2	277	360	32	117	1.44e-10	56.2
BBCOLEID_00965	MER0015415	34.409	93	60	1	270	361	57	149	6.00e-10	55.1
BBCOLEID_00965	MER0025070	33.000	100	56	4	275	364	4	102	5.59e-08	48.1
BBCOLEID_00965	MER0388771	33.673	98	54	4	277	364	2	98	6.23e-08	47.8
BBCOLEID_00965	MER0005300	31.897	116	79	0	254	369	42	157	9.01e-08	48.5
BBCOLEID_01002	MER0001313	27.869	183	86	6	9	189	15	153	4.09e-07	45.1
BBCOLEID_01010	MER0004146	29.231	260	163	10	14	256	4	259	3.18e-16	73.2
BBCOLEID_01010	MER0036115	34.314	102	65	1	26	125	33	134	2.94e-15	70.9
BBCOLEID_01010	MER0014065	31.633	98	65	1	29	124	35	132	1.74e-13	66.2
BBCOLEID_01010	MER0037236	33.613	119	72	3	13	125	4	121	1.85e-13	65.5
BBCOLEID_01010	MER0031619	31.429	105	70	1	25	127	25	129	3.94e-13	65.1
BBCOLEID_01010	MER0026339	34.426	122	76	3	11	128	5	126	8.37e-13	63.5
BBCOLEID_01010	MER0036053	28.571	112	80	0	24	135	4	115	4.31e-12	61.6
BBCOLEID_01010	MER0036072	30.075	133	83	2	22	144	74	206	6.31e-12	61.6
BBCOLEID_01010	MER0011785	28.000	150	102	3	6	150	14	162	7.29e-12	61.2
BBCOLEID_01010	MER0031611	23.194	263	175	9	23	264	34	290	4.13e-11	58.9
BBCOLEID_01010	MER0035043	31.313	99	66	1	28	124	35	133	5.26e-11	58.5
BBCOLEID_01010	MER0035973	26.087	207	147	3	19	223	47	249	6.92e-11	58.2
BBCOLEID_01010	MER0213280	24.752	101	74	1	28	126	30	130	7.57e-11	58.2
BBCOLEID_01010	MER0017177	26.190	126	90	2	11	133	17	142	8.38e-11	58.2
BBCOLEID_01010	MER0044581	27.907	129	79	5	5	123	49	173	2.99e-10	56.6
BBCOLEID_01010	MER0035035	26.316	114	82	1	28	139	35	148	3.88e-10	56.2
BBCOLEID_01010	MER0017193	27.273	165	108	4	20	172	17	181	7.79e-10	55.1
BBCOLEID_01010	MER0044578	32.075	106	61	3	27	123	72	175	8.96e-10	55.1
BBCOLEID_01010	MER0031617	25.217	115	82	2	17	127	21	135	9.31e-10	54.7
BBCOLEID_01010	MER0036084	22.709	251	176	7	24	260	14	260	1.29e-09	54.3
BBCOLEID_01010	MER0035032	26.263	99	71	1	28	124	31	129	1.79e-09	54.3
BBCOLEID_01010	MER0017142	31.532	111	70	3	18	127	3	108	1.96e-09	53.5
BBCOLEID_01010	MER0011509	25.000	156	107	3	18	163	28	183	2.02e-09	53.9
BBCOLEID_01010	MER0031616	26.214	103	72	1	27	125	38	140	2.86e-09	53.5
BBCOLEID_01010	MER0035044	24.000	150	95	2	28	175	33	165	4.13e-09	53.1
BBCOLEID_01010	MER0017033	35.354	99	63	1	28	125	64	162	4.19e-09	53.1
BBCOLEID_01010	MER0044633	27.152	151	97	5	9	150	55	201	8.37e-09	52.4
BBCOLEID_01010	MER0035038	25.000	100	73	1	27	124	29	128	1.51e-08	51.2
BBCOLEID_01010	MER0036075	27.679	112	71	4	29	133	71	179	1.76e-08	51.2
BBCOLEID_01010	MER0036076	29.293	99	67	2	29	125	63	160	2.64e-08	50.4
BBCOLEID_01010	MER0031614	22.400	250	171	7	28	264	83	322	3.04e-08	50.4
BBCOLEID_01010	MER0044350	26.263	99	66	2	28	121	1	97	4.91e-08	49.7
BBCOLEID_01010	MER0031610	25.455	110	73	3	28	132	54	159	4.94e-08	49.7
BBCOLEID_01010	MER0043008	23.423	111	80	2	23	128	15	125	5.67e-08	49.3
BBCOLEID_01010	MER0036054	33.333	108	68	4	23	127	11	117	6.79e-08	49.3
BBCOLEID_01010	MER0030163	26.056	142	94	4	44	175	46	186	7.09e-08	49.3
BBCOLEID_01010	MER0036065	23.828	256	161	8	28	254	2	252	8.51e-08	48.9
BBCOLEID_01010	MER0044900	28.800	125	76	5	13	128	83	203	1.21e-07	48.9
BBCOLEID_01010	MER0036066	28.283	99	69	2	29	125	1	99	1.49e-07	48.1
BBCOLEID_01010	MER0183709	29.293	99	60	3	52	143	60	155	4.73e-07	47.0
BBCOLEID_01010	MER0036067	24.242	99	74	1	28	125	51	149	6.84e-07	46.2
BBCOLEID_01010	MER0035042	28.283	99	69	1	28	124	35	133	1.54e-06	45.4
BBCOLEID_01010	MER0036057	30.303	99	68	1	28	125	62	160	4.70e-06	43.9
BBCOLEID_01010	MER0210990	40.816	49	29	0	79	127	84	132	6.97e-06	43.5
BBCOLEID_01018	MER0001244	37.879	264	149	5	175	426	2	262	1.60e-54	179
BBCOLEID_01018	MER0013463	36.122	263	153	5	174	425	1	259	1.91e-47	160
BBCOLEID_01018	MER0001733	29.210	291	163	4	176	425	3	291	4.83e-42	147
BBCOLEID_01018	MER0028601	31.273	275	153	9	176	425	3	266	4.94e-38	135
BBCOLEID_01018	MER0005462	31.381	239	138	5	174	408	1	217	2.83e-34	124
BBCOLEID_01018	MER0004931	31.513	238	137	5	175	408	2	217	3.51e-33	121
BBCOLEID_01018	MER0004532	31.120	241	129	6	175	406	2	214	1.56e-32	120
BBCOLEID_01018	MER0001248	31.076	251	123	8	222	426	7	253	1.26e-29	112
BBCOLEID_01018	MER0005715	28.571	238	144	6	175	406	2	219	1.63e-23	95.5
BBCOLEID_01018	MER0002038	25.000	248	150	9	175	412	2	223	9.27e-15	70.5
BBCOLEID_01018	MER0016544	27.928	222	116	8	209	413	62	256	7.95e-14	68.6
BBCOLEID_01018	MER0027437	28.713	202	107	9	213	400	44	222	2.38e-12	63.5
BBCOLEID_01018	MER0001250	25.263	285	146	12	176	406	3	274	4.98e-12	63.2
BBCOLEID_01018	MER0003105	24.229	227	123	11	209	415	43	240	1.99e-08	52.0
BBCOLEID_01018	MER0013929	21.834	229	156	7	178	400	5	216	4.39e-06	44.7
BBCOLEID_01034	MER0013425	31.683	202	119	7	109	305	76	263	1.50e-21	90.5
BBCOLEID_01034	MER0001265	22.344	273	184	7	35	287	21	285	9.49e-17	77.0
BBCOLEID_01034	MER0013499	23.907	343	212	12	20	348	18	325	5.32e-15	72.0
BBCOLEID_01034	MER0006319	24.481	241	141	5	144	348	134	369	6.58e-13	65.9
BBCOLEID_01034	MER0011422	25.316	237	137	10	130	348	126	340	1.95e-12	64.3
BBCOLEID_01034	MER0011343	24.571	175	118	4	177	351	176	336	1.87e-10	58.5
BBCOLEID_01034	MER0015155	22.314	242	154	8	121	348	104	325	7.84e-10	56.6
BBCOLEID_01034	MER0001260	21.491	228	156	6	130	348	118	331	3.59e-09	54.3
BBCOLEID_01034	MER0032370	24.359	234	149	8	130	351	110	327	1.41e-08	52.4
BBCOLEID_01034	MER0013479	20.500	200	127	4	177	355	130	318	1.15e-07	49.7
BBCOLEID_01078	MER0034615	58.704	247	101	1	382	628	1	246	4.63e-107	320
BBCOLEID_01078	MER0000263	37.705	244	142	5	389	628	4	241	3.38e-50	171
BBCOLEID_01078	MER0016096	35.124	242	152	3	390	628	5	244	6.69e-50	171
BBCOLEID_01078	MER0011583	31.225	253	148	8	390	631	11	248	1.52e-28	111
BBCOLEID_01078	MER0000408	25.991	227	155	6	391	610	11	231	2.93e-20	87.8
BBCOLEID_01078	MER0001423	28.631	241	140	6	390	616	1	223	2.13e-18	81.6
BBCOLEID_01078	MER0017401	27.064	218	137	6	393	597	8	216	2.03e-17	79.0
BBCOLEID_01078	MER0005196	32.624	141	89	3	379	514	9	148	3.31e-16	75.9
BBCOLEID_01078	MER0001920	22.368	228	173	2	406	631	21	246	4.69e-15	72.4
BBCOLEID_01078	MER0004921	32.283	127	82	3	391	514	4	129	4.78e-14	68.9
BBCOLEID_01078	MER0015682	26.016	246	163	8	378	617	60	292	7.25e-13	66.6
BBCOLEID_01078	MER0005987	25.738	237	162	5	379	610	14	241	1.07e-12	65.5
BBCOLEID_01078	MER0003558	23.846	260	180	7	369	622	1	248	1.21e-12	65.5
BBCOLEID_01078	MER0000399	30.075	133	87	3	367	496	2	131	3.27e-12	63.9
BBCOLEID_01078	MER0058228	29.688	128	86	2	391	514	7	134	4.00e-12	63.5
BBCOLEID_01078	MER0000403	26.866	134	96	2	383	514	17	150	6.01e-12	63.2
BBCOLEID_01078	MER0000401	32.800	125	83	1	391	514	26	150	6.65e-12	63.2
BBCOLEID_01078	MER0018170	23.333	210	155	3	404	610	25	231	8.19e-12	62.8
BBCOLEID_01078	MER0005807	27.053	207	136	6	378	583	38	230	3.46e-11	61.2
BBCOLEID_01078	MER0022823	28.054	221	151	5	364	581	1	216	3.60e-11	61.2
BBCOLEID_01078	MER0195666	32.110	109	70	3	391	496	1	108	4.47e-11	60.5
BBCOLEID_01078	MER0011413	22.709	251	166	9	391	629	4	238	4.76e-10	57.4
BBCOLEID_01078	MER0013484	33.945	109	64	3	394	496	7	113	7.56e-10	56.6
BBCOLEID_01078	MER0140224	22.791	215	159	4	406	617	14	224	9.25e-10	56.2
BBCOLEID_01078	MER0004923	28.000	250	148	13	394	629	58	289	8.51e-09	53.9
BBCOLEID_01078	MER0003361	23.043	230	158	8	392	617	20	234	1.22e-08	53.1
BBCOLEID_01078	MER0004925	25.660	265	146	11	371	610	1	239	1.26e-08	53.1
BBCOLEID_01078	MER0000405	28.369	141	89	4	361	496	7	140	1.45e-08	53.1
BBCOLEID_01078	MER0014827	23.396	265	152	12	371	610	1	239	1.63e-08	52.8
BBCOLEID_01078	MER0015621	25.517	145	107	1	378	522	24	167	5.52e-08	51.6
BBCOLEID_01078	MER0011305	28.333	120	84	2	379	496	8	127	9.93e-08	50.4
BBCOLEID_01078	MER0011450	27.152	151	104	3	374	522	10	156	2.02e-07	49.7
BBCOLEID_01078	MER0000392	26.000	150	110	1	373	522	9	157	6.07e-07	48.1
BBCOLEID_01078	MER0192427	25.000	124	90	2	393	514	68	190	7.49e-07	48.1
BBCOLEID_01078	MER0004504	30.631	111	67	3	393	496	1	108	8.02e-07	47.4
BBCOLEID_01078	MER0006027	23.636	220	159	6	397	612	24	238	9.52e-07	47.4
BBCOLEID_01078	MER0005694	26.174	149	101	3	351	498	2	142	3.86e-06	45.8
BBCOLEID_01078	MER0126485	22.791	215	150	6	401	610	12	215	7.49e-06	44.7
BBCOLEID_01116	MER0000436	28.926	121	79	4	22	136	11	130	8.64e-10	55.5
BBCOLEID_01116	MER0017193	32.759	116	66	5	13	121	1	111	9.60e-10	55.1
BBCOLEID_01116	MER0026339	29.600	125	75	3	16	134	7	124	2.25e-09	53.9
BBCOLEID_01116	MER0031619	24.731	186	123	6	20	191	15	197	2.37e-09	54.3
BBCOLEID_01116	MER0000431	24.194	124	83	3	19	137	19	136	3.26e-08	50.8
BBCOLEID_01116	MER0000437	27.692	130	82	4	15	134	10	137	6.43e-08	49.7
BBCOLEID_01116	MER0031614	27.358	106	73	2	27	130	77	180	1.15e-07	49.3
BBCOLEID_01116	MER0030163	23.293	249	160	10	63	295	56	289	1.91e-07	48.5
BBCOLEID_01116	MER0036115	24.400	250	154	10	24	262	26	251	4.09e-07	47.4
BBCOLEID_01116	MER0011785	34.906	106	61	4	33	133	35	137	5.14e-07	47.4
BBCOLEID_01116	MER0004146	26.573	143	97	4	29	168	15	152	5.50e-07	46.6
BBCOLEID_01116	MER0033259	22.772	202	135	4	31	229	29	212	5.52e-07	46.6
BBCOLEID_01116	MER0001380	29.134	127	81	4	15	134	8	132	5.63e-07	47.0
BBCOLEID_01116	MER0195666	33.333	132	67	7	21	142	17	137	5.75e-07	46.6
BBCOLEID_01116	MER0036114	24.603	126	88	3	16	135	25	149	8.50e-07	46.6
BBCOLEID_01116	MER0003537	23.810	126	89	4	34	154	24	147	9.52e-07	46.2
BBCOLEID_01116	MER0031610	32.692	104	66	4	27	129	48	148	1.15e-06	46.2
BBCOLEID_01116	MER0035044	22.462	325	205	12	1	304	1	299	1.31e-06	45.8
BBCOLEID_01116	MER0036081	27.119	118	79	2	29	139	28	145	2.01e-06	45.1
BBCOLEID_01116	MER0017033	27.869	183	93	8	99	275	128	277	3.27e-06	44.7
BBCOLEID_01116	MER0036062	25.000	132	90	3	12	134	8	139	6.21e-06	43.5
BBCOLEID_01116	MER0210990	35.616	73	45	1	60	130	55	127	8.51e-06	43.5
BBCOLEID_01145	MER0017033	29.358	109	71	3	38	142	62	168	2.53e-07	47.8
BBCOLEID_01145	MER0036075	28.846	104	63	4	39	134	69	169	4.16e-07	47.4
BBCOLEID_01145	MER0031610	21.505	279	187	8	22	280	34	300	7.32e-07	46.6
BBCOLEID_01145	MER0036054	32.353	102	61	5	24	122	3	99	1.08e-06	45.8
BBCOLEID_01145	MER0017142	24.390	123	80	2	19	141	2	111	1.24e-06	45.4
BBCOLEID_01145	MER0036057	27.068	133	80	4	28	145	39	169	1.39e-06	45.4
BBCOLEID_01145	MER0033259	31.818	110	69	2	33	136	24	133	2.35e-06	44.7
BBCOLEID_01145	MER0036084	24.771	109	77	1	35	138	14	122	2.41e-06	44.7
BBCOLEID_01145	MER0044581	27.103	107	68	3	37	134	68	173	2.71e-06	44.7
BBCOLEID_01145	MER0044578	25.532	141	86	4	37	168	70	200	3.40e-06	44.7
BBCOLEID_01145	MER0031616	22.857	140	103	2	13	147	12	151	5.24e-06	43.9
BBCOLEID_01156	MER0005767	28.213	319	186	8	54	369	27	305	3.87e-34	126
BBCOLEID_01156	MER0030136	24.390	410	267	16	4	385	1	395	1.14e-18	84.3
BBCOLEID_01156	MER0030151	23.250	400	284	12	4	385	1	395	1.41e-16	78.2
BBCOLEID_01156	MER0030143	23.367	398	286	12	4	385	1	395	1.88e-16	77.8
BBCOLEID_01156	MER0030155	21.588	403	287	11	4	385	1	395	7.00e-13	66.6
BBCOLEID_01156	MER0030149	23.227	409	273	16	4	385	1	395	1.36e-12	65.9
BBCOLEID_01156	MER0015112	23.020	404	284	13	4	385	1	399	1.84e-12	65.5
BBCOLEID_01187	MER0004196	44.937	158	83	3	200	355	2	157	4.67e-35	126
BBCOLEID_01187	MER0001297	38.217	157	95	2	199	355	1	155	8.82e-34	122
BBCOLEID_01187	MER0001425	42.767	159	85	3	201	354	3	160	9.87e-32	117
BBCOLEID_01187	MER0003413	38.065	155	93	2	202	355	4	156	2.18e-31	116
BBCOLEID_01187	MER0003514	38.854	157	94	2	199	355	1	155	5.96e-31	115
BBCOLEID_01187	MER0004195	38.854	157	95	1	199	355	1	156	1.88e-29	110
BBCOLEID_01187	MER0003065	37.013	154	95	1	202	355	4	155	2.54e-29	110
BBCOLEID_01187	MER0005714	34.375	160	98	1	203	355	5	164	8.01e-29	109
BBCOLEID_01187	MER0015684	35.135	148	96	0	201	348	3	150	2.41e-28	107
BBCOLEID_01187	MER0001295	33.533	167	96	3	202	355	4	168	2.70e-20	85.5
BBCOLEID_01218	MER0003339	24.101	556	387	16	248	791	1	533	3.65e-29	119
BBCOLEID_01218	MER0003306	24.407	590	345	18	248	783	1	543	1.50e-28	117
BBCOLEID_01218	MER0006198	21.913	575	368	20	248	794	1	522	5.05e-21	94.4
BBCOLEID_01220	MER1143079	36.333	300	161	10	43	339	11	283	3.65e-50	169
BBCOLEID_01220	MER0003802	33.123	317	188	6	43	358	16	309	1.96e-45	158
BBCOLEID_01220	MER0026262	33.956	321	178	11	46	344	20	328	2.40e-42	150
BBCOLEID_01220	MER0002489	35.836	293	162	8	47	324	28	309	2.20e-40	145
BBCOLEID_01220	MER0011700	29.494	356	203	10	46	361	20	367	8.47e-36	133
BBCOLEID_01220	MER0017069	33.779	299	177	10	52	341	20	306	3.95e-35	130
BBCOLEID_01220	MER0028284	31.715	309	180	9	61	354	34	326	2.51e-32	123
BBCOLEID_01220	MER0140154	28.107	338	204	8	46	347	5	339	2.63e-32	123
BBCOLEID_01220	MER0000459	29.181	281	180	7	77	346	57	329	3.08e-30	117
BBCOLEID_01220	MER0005923	30.241	291	130	8	49	267	30	319	1.45e-27	111
BBCOLEID_01220	MER0006204	31.868	182	109	5	47	215	25	204	1.50e-24	102
BBCOLEID_01220	MER0122661	31.034	232	146	4	73	296	47	272	6.61e-24	99.4
BBCOLEID_01220	MER0005964	27.852	298	181	7	70	343	48	335	6.76e-24	99.8
BBCOLEID_01220	MER0004154	28.105	306	186	8	45	328	18	311	8.01e-23	96.3
BBCOLEID_01220	MER0005925	32.474	194	107	6	28	207	6	189	3.20e-20	88.6
BBCOLEID_01220	MER0354941	31.771	192	108	7	43	215	10	197	3.40e-19	82.8
BBCOLEID_01220	MER0219770	31.122	196	122	6	73	263	45	232	4.82e-19	84.7
BBCOLEID_01220	MER0000457	25.484	310	206	11	45	345	24	317	5.25e-19	85.1
BBCOLEID_01220	MER0005836	32.317	164	97	5	54	208	37	195	3.83e-15	72.0
BBCOLEID_01220	MER0004090	26.887	212	127	6	26	216	7	211	1.16e-14	72.4
BBCOLEID_01220	MER0015683	30.319	188	118	5	29	210	24	204	1.50e-14	70.9
BBCOLEID_01220	MER0003800	26.415	212	140	7	20	216	8	218	3.25e-14	71.2
BBCOLEID_01220	MER0000463	29.379	177	114	4	61	236	34	200	1.50e-13	68.6
BBCOLEID_01220	MER0356183	27.826	230	147	8	47	260	1	227	8.67e-13	64.7
BBCOLEID_01220	MER0192873	27.451	204	119	8	79	260	1	197	2.53e-10	57.4
BBCOLEID_01220	MER0034963	31.915	94	63	1	45	137	23	116	7.87e-07	47.8
BBCOLEID_01220	MER0034964	29.365	126	81	5	82	204	61	181	1.98e-06	46.6
BBCOLEID_01222	MER0026262	23.750	320	202	10	198	480	11	325	1.26e-15	75.1
BBCOLEID_01222	MER1143079	26.190	252	158	7	239	478	46	281	4.82e-14	69.3
BBCOLEID_01222	MER0000459	23.759	282	176	7	237	487	58	331	2.68e-13	67.8
BBCOLEID_01222	MER0011700	27.948	229	118	7	195	382	8	230	8.62e-13	66.6
BBCOLEID_01222	MER0004154	29.070	172	93	5	210	357	22	188	1.37e-11	62.8
BBCOLEID_01222	MER0005925	22.832	346	215	11	192	499	6	337	3.64e-10	58.2
BBCOLEID_01222	MER0005964	23.661	224	130	6	236	423	55	273	1.48e-09	56.6
BBCOLEID_01222	MER0006204	25.137	183	100	8	234	387	53	227	6.22e-09	54.7
BBCOLEID_01222	MER0002489	23.047	256	168	7	237	465	58	311	3.51e-08	52.0
BBCOLEID_01222	MER0005836	22.944	231	149	9	195	401	17	242	5.36e-08	50.8
BBCOLEID_01222	MER0354941	24.211	190	103	6	204	357	11	195	5.39e-07	47.0
BBCOLEID_01222	MER0000463	20.385	260	187	7	198	446	11	261	9.96e-07	47.8
BBCOLEID_01222	MER0005923	28.155	103	71	2	200	299	20	122	9.45e-06	44.7
BBCOLEID_01278	MER0001158	36.257	684	422	9	6	682	3	679	1.33e-148	444
BBCOLEID_01278	MER0001161	30.015	683	455	10	5	675	2	673	1.75e-93	301
BBCOLEID_01278	MER0006087	27.857	700	465	19	3	676	9	694	3.48e-79	263
BBCOLEID_01278	MER0001149	28.959	663	410	16	49	684	52	680	4.37e-73	246
BBCOLEID_01278	MER0015119	27.075	735	448	24	3	676	5	712	4.13e-71	242
BBCOLEID_01278	MER0001942	26.906	669	402	15	52	680	55	676	1.24e-63	221
BBCOLEID_01278	MER0001153	26.333	600	411	15	98	676	99	688	3.53e-53	191
BBCOLEID_01278	MER0108144	26.252	659	444	19	42	677	20	659	2.85e-48	177
BBCOLEID_01278	MER0003110	26.006	696	427	25	46	676	39	711	6.14e-44	165
BBCOLEID_01278	MER0079465	26.678	566	346	15	147	677	100	631	7.72e-43	161
BBCOLEID_01278	MER0015170	23.267	649	439	18	46	678	23	628	2.03e-42	159
BBCOLEID_01278	MER0001156	22.429	700	452	18	12	656	20	683	3.26e-34	135
BBCOLEID_01278	MER0059435	26.289	194	110	8	449	620	474	656	2.11e-06	47.8
BBCOLEID_01345	MER0034582	25.868	317	210	9	616	917	14	320	5.32e-29	116
BBCOLEID_01350	MER0036308	52.101	238	112	1	228	465	1	236	7.63e-90	275
BBCOLEID_01350	MER0001013	45.455	242	130	2	226	466	2	242	8.61e-68	218
BBCOLEID_01350	MER0001017	42.623	244	136	4	226	466	1	243	1.19e-65	212
BBCOLEID_01350	MER0011345	42.857	238	132	3	229	464	4	239	1.47e-65	212
BBCOLEID_01350	MER0012283	48.598	214	107	1	234	444	6	219	1.46e-62	203
BBCOLEID_01350	MER0002755	46.040	202	106	3	237	435	1	202	3.51e-60	196
BBCOLEID_01350	MER0005328	47.000	200	103	2	237	433	1	200	8.02e-58	190
BBCOLEID_01350	MER0002281	42.259	239	134	4	231	466	6	243	2.82e-55	184
BBCOLEID_01350	MER0012271	37.383	214	131	3	231	441	6	219	7.21e-48	165
BBCOLEID_01350	MER0002658	35.625	160	94	3	312	465	1	157	4.72e-27	104
BBCOLEID_01350	MER0019730	25.984	254	153	8	241	465	12	259	2.13e-24	99.8
BBCOLEID_01350	MER0002355	28.814	236	143	9	234	461	3	221	4.61e-21	89.0
BBCOLEID_01350	MER0002060	29.646	226	123	8	235	439	4	214	7.19e-20	85.5
BBCOLEID_01350	MER0002003	28.182	220	138	7	234	439	3	216	1.13e-19	85.1
BBCOLEID_01350	MER0011371	29.858	211	135	4	237	437	1	208	5.97e-19	82.8
BBCOLEID_01350	MER0001701	26.540	211	136	4	267	464	20	224	3.21e-18	80.9
BBCOLEID_01350	MER0011370	32.057	209	115	11	250	440	11	210	1.02e-17	79.3
BBCOLEID_01350	MER0005046	29.545	176	106	5	276	439	28	197	4.57e-17	77.0
BBCOLEID_01350	MER0005331	27.753	227	124	8	237	440	1	210	8.23e-17	76.6
BBCOLEID_01350	MER0002968	27.397	219	141	7	234	440	3	215	8.42e-17	76.6
BBCOLEID_01350	MER0011369	28.902	173	106	4	280	440	58	225	1.67e-16	75.9
BBCOLEID_01350	MER0019759	27.957	186	115	6	267	440	32	210	2.14e-16	75.9
BBCOLEID_01350	MER0011720	27.488	211	136	7	234	439	3	201	2.73e-16	75.1
BBCOLEID_01350	MER0006264	30.159	189	107	7	267	440	4	182	3.63e-16	73.9
BBCOLEID_01350	MER0168983	32.927	164	84	5	287	443	21	165	5.93e-16	72.8
BBCOLEID_01350	MER0011423	27.273	220	138	8	237	440	1	214	9.31e-16	73.6
BBCOLEID_01350	MER0005045	29.050	179	105	7	276	440	28	198	1.87e-15	72.4
BBCOLEID_01350	MER0011401	27.778	162	106	2	280	430	36	197	3.27e-15	71.6
BBCOLEID_01350	MER0028449	28.495	186	110	8	276	444	46	225	6.69e-15	71.2
BBCOLEID_01350	MER0000997	28.037	214	134	7	237	434	2	211	7.79e-15	70.9
BBCOLEID_01350	MER0011438	28.079	203	131	7	238	429	1	199	8.44e-15	70.9
BBCOLEID_01350	MER0011440	25.909	220	148	7	238	446	1	216	9.56e-15	70.9
BBCOLEID_01350	MER0002422	30.481	187	103	5	259	427	16	193	1.08e-14	70.1
BBCOLEID_01350	MER0011183	26.776	183	117	3	276	446	32	209	1.14e-14	70.5
BBCOLEID_01350	MER0004243	26.027	219	144	7	237	440	1	216	1.31e-14	70.1
BBCOLEID_01350	MER0001012	25.792	221	137	8	237	440	6	216	3.44e-14	68.9
BBCOLEID_01350	MER0019754	26.601	203	124	7	255	440	1	195	4.73e-14	68.2
BBCOLEID_01350	MER0002210	26.994	163	97	4	280	427	1	156	7.20e-14	66.6
BBCOLEID_01350	MER0002746	26.064	188	125	5	267	444	32	215	3.32e-13	66.6
BBCOLEID_01350	MER0001185	26.984	189	116	6	267	442	38	217	3.42e-13	66.2
BBCOLEID_01350	MER0016308	30.055	183	112	7	267	439	6	182	4.22e-13	65.1
BBCOLEID_01350	MER0001003	30.851	188	116	5	262	439	1	184	1.67e-12	63.2
BBCOLEID_01350	MER0002078	27.869	183	115	6	276	446	40	217	1.83e-12	64.3
BBCOLEID_01350	MER0091680	26.705	176	110	6	277	440	32	200	2.14e-12	63.9
BBCOLEID_01350	MER0168177	29.710	138	85	4	307	443	40	166	3.95e-11	58.9
BBCOLEID_01350	MER0001010	28.889	180	105	6	276	440	19	190	4.32e-11	59.7
BBCOLEID_01350	MER0026830	40.260	77	37	2	274	342	41	116	4.84e-11	59.3
BBCOLEID_01350	MER0001009	27.703	148	83	4	304	440	15	149	5.69e-11	59.3
BBCOLEID_01350	MER0001005	28.235	170	96	7	280	432	9	169	5.94e-11	58.9
BBCOLEID_01350	MER0052595	31.405	121	70	5	237	345	6	125	8.32e-11	59.3
BBCOLEID_01350	MER0015166	25.253	198	112	5	267	439	44	230	1.37e-10	58.5
BBCOLEID_01350	MER0011175	27.612	134	89	4	310	440	82	210	4.39e-10	57.0
BBCOLEID_01350	MER0002865	25.683	183	117	7	277	453	10	179	4.78e-09	53.1
BBCOLEID_01350	MER0001001	23.394	218	146	6	237	441	1	210	1.47e-08	52.4
BBCOLEID_01350	MER0001525	23.721	215	136	8	235	428	7	214	3.19e-08	51.6
BBCOLEID_01350	MER0011399	25.000	124	85	4	312	432	84	202	1.13e-06	47.0
BBCOLEID_01350	MER0040779	25.564	133	84	1	309	441	81	198	5.18e-06	44.7
BBCOLEID_01360	MER0195774	35.593	177	114	0	25	201	1	177	1.68e-34	124
BBCOLEID_01360	MER0001229	27.488	211	144	5	25	231	2	207	5.27e-18	79.3
BBCOLEID_01360	MER0043985	27.488	211	144	5	25	231	2	207	1.41e-17	78.6
BBCOLEID_01360	MER0003448	25.728	206	152	1	25	230	2	206	8.21e-17	76.3
BBCOLEID_01360	MER0001233	25.877	228	148	7	25	238	2	222	3.03e-12	63.2
BBCOLEID_01360	MER0001214	30.579	121	83	1	25	144	26	146	3.05e-12	62.0
BBCOLEID_01360	MER0390687	25.150	167	124	1	32	198	1	166	6.57e-12	60.5
BBCOLEID_01360	MER0122186	26.630	184	121	4	25	201	22	198	6.65e-12	61.2
BBCOLEID_01360	MER0004423	28.723	188	117	6	57	236	31	209	9.82e-12	61.2
BBCOLEID_01360	MER0015259	26.708	161	114	3	25	183	26	184	1.13e-11	60.8
BBCOLEID_01360	MER0003386	27.174	184	127	4	25	201	26	209	1.16e-11	60.8
BBCOLEID_01360	MER0001218	26.882	186	125	4	25	201	26	209	4.54e-11	59.3
BBCOLEID_01360	MER0001222	21.505	186	142	3	20	201	21	206	1.19e-10	57.8
BBCOLEID_01360	MER0011096	27.219	169	101	4	25	182	26	183	1.27e-10	57.8
BBCOLEID_01360	MER0011292	24.706	170	121	4	41	204	64	232	3.61e-10	57.0
BBCOLEID_01360	MER0003543	23.902	205	152	3	25	228	2	203	4.02e-10	56.6
BBCOLEID_01360	MER0011744	26.506	166	106	5	25	182	26	183	6.42e-10	55.8
BBCOLEID_01360	MER0002423	37.805	82	50	1	25	105	26	107	2.88e-09	53.9
BBCOLEID_01360	MER0002345	29.348	184	117	7	25	205	26	199	4.72e-09	53.1
BBCOLEID_01360	MER0003823	33.333	105	66	3	7	109	10	112	7.40e-09	52.8
BBCOLEID_01360	MER0169735	24.865	185	129	3	25	201	16	198	2.30e-08	50.8
BBCOLEID_01360	MER0002008	24.651	215	135	7	25	225	2	203	7.05e-08	50.1
BBCOLEID_01360	MER0021876	23.656	186	131	5	25	205	1	180	1.05e-07	48.9
BBCOLEID_01360	MER0002283	38.824	85	50	2	25	107	26	110	1.17e-07	48.9
BBCOLEID_01360	MER0014333	24.896	241	155	7	24	240	1	239	1.48e-07	49.3
BBCOLEID_01360	MER0015090	21.845	206	157	3	25	229	2	204	5.27e-07	47.4
BBCOLEID_01360	MER0188967	21.644	365	238	13	61	390	3	354	7.10e-07	48.1
BBCOLEID_01360	MER0001413	27.619	105	74	2	24	127	29	132	1.11e-06	45.1
BBCOLEID_01360	MER0011192	25.478	157	110	6	51	201	7	162	3.28e-06	43.9
BBCOLEID_01360	MER0001223	26.812	138	98	3	18	153	3	139	3.69e-06	44.3
BBCOLEID_01360	MER0001220	23.590	195	124	7	50	228	9	194	4.58e-06	44.3
BBCOLEID_01361	MER0237414	27.928	222	145	7	45	254	3	221	9.06e-16	74.3
BBCOLEID_01372	MER0034541	23.769	1422	924	47	554	1877	22	1381	7.34e-76	275
BBCOLEID_01404	MER0044357	25.792	221	133	7	10	202	34	251	9.27e-14	68.6
BBCOLEID_01404	MER0044357	31.579	114	73	2	211	323	340	449	1.82e-09	55.5
BBCOLEID_01469	MER0001295	43.548	186	91	4	376	557	3	178	1.49e-45	157
BBCOLEID_01469	MER0003514	35.165	182	97	5	374	554	1	162	2.16e-21	89.0
BBCOLEID_01469	MER0003413	38.532	109	66	1	408	516	27	134	1.35e-20	86.7
BBCOLEID_01469	MER0001425	33.766	154	87	4	406	556	29	170	2.85e-20	85.9
BBCOLEID_01469	MER0001297	32.927	164	92	5	396	558	15	161	4.55e-20	85.1
BBCOLEID_01469	MER0003065	35.526	152	83	4	405	554	24	162	4.56e-19	82.0
BBCOLEID_01469	MER0015684	38.843	121	70	3	397	515	16	134	1.50e-17	77.8
BBCOLEID_01469	MER0004196	31.847	157	94	3	400	554	19	164	2.11e-16	74.7
BBCOLEID_01469	MER0005714	30.496	141	83	5	397	524	16	154	5.17e-13	65.1
BBCOLEID_01469	MER0004195	30.488	164	98	6	399	558	18	169	9.94e-12	60.8
BBCOLEID_01473	MER0004035	44.348	115	57	3	45	158	3	111	1.38e-29	101
BBCOLEID_01473	MER0002443	41.071	112	61	2	49	159	10	117	9.78e-24	87.0
BBCOLEID_01473	MER0003986	33.607	122	75	3	40	159	1	118	7.91e-19	74.3
BBCOLEID_01473	MER0004054	31.200	125	77	5	41	160	2	122	6.50e-15	64.3
BBCOLEID_01473	MER0003807	33.607	122	74	3	40	159	1	117	8.50e-15	63.9
BBCOLEID_01473	MER0024252	38.554	83	45	2	52	134	14	90	5.75e-13	59.3
BBCOLEID_01473	MER0031199	42.373	59	34	0	56	114	1	59	1.66e-12	56.6
BBCOLEID_01473	MER0014672	31.818	88	47	1	40	114	1	88	2.41e-12	57.8
BBCOLEID_01473	MER0002450	33.333	120	72	5	40	159	1	112	3.01e-12	57.0
BBCOLEID_01473	MER0377310	35.135	111	64	5	40	150	1	103	5.81e-12	56.2
BBCOLEID_01473	MER0377307	35.135	111	64	5	40	150	1	103	5.81e-12	56.2
BBCOLEID_01473	MER0377178	36.937	111	62	5	40	150	1	103	9.34e-12	55.5
BBCOLEID_01473	MER0003805	30.894	123	73	5	40	160	1	113	3.15e-11	54.3
BBCOLEID_01473	MER0014188	38.554	83	41	3	40	119	1	76	8.99e-11	53.1
BBCOLEID_01473	MER0003808	32.203	118	64	6	40	153	1	106	1.29e-10	52.8
BBCOLEID_01473	MER0038100	31.624	117	64	6	52	158	14	124	1.47e-09	50.4
BBCOLEID_01473	MER0376722	33.645	107	55	6	40	142	1	95	3.59e-09	48.5
BBCOLEID_01473	MER0377450	35.366	82	46	3	40	119	1	77	5.79e-09	47.8
BBCOLEID_01480	MER0001423	69.397	232	71	0	506	737	1	232	3.06e-117	349
BBCOLEID_01480	MER0000405	42.379	269	141	8	482	739	2	267	3.99e-63	209
BBCOLEID_01480	MER0000401	40.149	269	139	8	482	739	2	259	4.34e-59	197
BBCOLEID_01480	MER0005196	40.969	227	133	1	510	736	25	250	7.50e-59	196
BBCOLEID_01480	MER0000399	40.152	264	145	7	482	739	1	257	1.27e-58	196
BBCOLEID_01480	MER0058228	41.284	218	126	2	507	722	7	224	5.93e-55	186
BBCOLEID_01480	MER0004504	40.426	235	128	6	510	733	2	235	3.30e-54	183
BBCOLEID_01480	MER0013484	38.532	218	130	2	507	720	4	221	1.88e-52	179
BBCOLEID_01480	MER0011413	36.134	238	148	2	505	738	2	239	4.61e-52	177
BBCOLEID_01480	MER0011305	40.157	254	143	6	488	736	1	250	1.79e-51	177
BBCOLEID_01480	MER0004923	38.136	236	142	2	489	720	37	272	2.64e-51	177
BBCOLEID_01480	MER0004921	36.364	242	141	5	505	739	2	237	8.94e-51	174
BBCOLEID_01480	MER0005987	35.385	260	156	7	487	739	6	260	1.47e-49	172
BBCOLEID_01480	MER0000404	36.226	265	159	7	482	739	1	262	7.33e-49	170
BBCOLEID_01480	MER0011231	36.981	265	154	8	482	739	1	259	1.27e-46	163
BBCOLEID_01480	MER0192427	33.906	233	147	4	491	720	50	278	2.37e-41	149
BBCOLEID_01480	MER0005994	32.700	263	170	5	482	739	2	262	5.86e-41	147
BBCOLEID_01480	MER0004193	36.325	234	142	5	507	737	3	232	2.52e-40	145
BBCOLEID_01480	MER0004199	35.065	231	136	7	514	739	1	222	6.18e-38	138
BBCOLEID_01480	MER0000403	28.807	243	164	4	503	739	21	260	1.97e-36	135
BBCOLEID_01480	MER0195666	33.493	209	125	6	507	706	1	204	1.23e-32	123
BBCOLEID_01480	MER0003361	28.632	234	146	8	495	718	5	227	1.00e-26	106
BBCOLEID_01480	MER0005988	36.364	110	69	1	612	720	2	111	7.12e-21	85.5
BBCOLEID_01480	MER0003558	25.410	244	165	5	491	723	7	244	4.56e-19	84.7
BBCOLEID_01480	MER0034615	27.155	232	154	4	500	720	3	230	7.54e-18	80.9
BBCOLEID_01480	MER0005807	28.986	207	132	8	520	720	62	259	5.96e-16	75.9
BBCOLEID_01480	MER0018170	26.606	218	142	4	515	719	20	232	4.84e-14	69.7
BBCOLEID_01480	MER0140224	28.042	189	118	4	544	719	35	218	3.04e-12	63.9
BBCOLEID_01480	MER0017401	24.280	243	165	9	502	736	2	233	6.10e-12	63.2
BBCOLEID_01480	MER0000408	23.950	238	155	5	500	720	5	233	1.43e-11	62.4
BBCOLEID_01480	MER0030932	26.882	186	109	6	547	718	52	224	8.69e-11	59.7
BBCOLEID_01480	MER0006027	23.874	222	148	5	513	720	24	238	3.38e-10	58.2
BBCOLEID_01480	MER0016096	23.504	234	158	8	503	721	2	229	1.04e-09	56.6
BBCOLEID_01480	MER0015682	25.962	208	141	7	517	719	87	286	1.66e-09	56.6
BBCOLEID_01480	MER0000263	23.504	234	155	8	502	720	1	225	3.23e-09	55.1
BBCOLEID_01480	MER0011583	22.609	230	155	6	501	718	6	224	4.64e-09	54.7
BBCOLEID_01480	MER0014827	27.830	212	133	7	490	688	3	207	2.36e-07	49.7
BBCOLEID_01480	MER0004925	25.306	245	161	6	490	719	3	240	5.63e-07	48.5
BBCOLEID_01480	MER0001920	21.569	204	147	1	549	739	43	246	6.03e-07	48.1
BBCOLEID_01480	MER0126485	26.531	147	97	5	549	686	39	183	1.80e-06	46.6
BBCOLEID_01480	MER0981959	26.042	192	127	6	490	673	10	194	8.00e-06	45.1
BBCOLEID_01547	MER0015142	31.006	487	295	11	1	462	33	503	2.02e-71	231
BBCOLEID_01547	MER0026471	31.924	473	294	10	8	459	12	477	4.18e-71	230
BBCOLEID_01547	MER0026494	31.967	488	287	11	1	462	4	472	2.90e-70	228
BBCOLEID_01547	MER0003397	31.604	212	123	6	1	198	5	208	1.93e-23	97.4
BBCOLEID_01547	MER0003397	30.303	99	66	1	362	460	213	308	2.50e-09	55.1
BBCOLEID_01547	MER0052470	25.258	388	264	10	66	440	69	443	2.88e-22	95.9
BBCOLEID_01547	MER0026485	31.884	207	115	7	8	198	11	207	9.28e-20	86.7
BBCOLEID_01547	MER0026485	31.373	102	67	1	360	461	210	308	2.29e-10	58.5
BBCOLEID_01547	MER0057434	29.126	206	124	7	7	198	2	199	1.20e-15	74.3
BBCOLEID_01547	MER0057434	30.693	101	67	1	361	461	203	300	9.10e-08	50.4
BBCOLEID_01547	MER0001272	30.345	145	80	5	21	162	11	137	1.79e-10	58.2
BBCOLEID_01547	MER0369972	28.800	125	79	4	64	188	49	163	9.22e-07	47.8
BBCOLEID_01547	MER0033183	34.118	85	49	2	75	159	76	153	1.04e-06	47.0
BBCOLEID_01608	MER0027775	34.545	110	67	3	90	197	10	116	8.74e-22	83.6
BBCOLEID_01608	MER0001602	28.873	142	76	3	81	200	1	139	1.91e-13	62.4
BBCOLEID_01612	MER0025086	56.911	123	47	2	188	304	1	123	6.48e-44	144
BBCOLEID_01612	MER0029657	42.623	122	62	4	187	304	28	145	6.72e-21	84.3
BBCOLEID_01612	MER0011122	33.333	144	80	6	177	304	3	146	1.30e-13	64.3
BBCOLEID_01612	MER0002084	28.571	189	116	8	83	255	6	191	1.82e-08	50.8
BBCOLEID_01642	MER0033186	39.688	320	185	4	67	381	1	317	9.71e-68	215
