AMJCIJGH_00077	MER0005767	28.213	319	186	7	52	367	27	305	2.51e-32	121
AMJCIJGH_00077	MER0030136	24.318	403	272	13	5	383	2	395	1.13e-20	90.5
AMJCIJGH_00077	MER0030151	26.119	402	266	14	5	383	2	395	5.68e-20	88.2
AMJCIJGH_00077	MER0015112	24.938	401	276	13	5	383	2	399	3.22e-19	85.9
AMJCIJGH_00077	MER0030143	24.060	399	278	14	5	383	2	395	1.32e-18	84.0
AMJCIJGH_00077	MER0030155	23.750	400	278	13	5	383	2	395	1.10e-17	81.3
AMJCIJGH_00077	MER0030149	23.678	397	282	13	5	383	2	395	2.16e-15	74.3
AMJCIJGH_00156	MER0061059	25.625	160	104	5	24	171	18	174	2.31e-07	47.8
AMJCIJGH_00156	MER0061102	19.433	247	165	7	21	249	1	231	8.26e-06	42.7
AMJCIJGH_00167	MER0069741	47.863	117	59	2	183	299	50	164	3.07e-31	112
AMJCIJGH_00167	MER0003380	50.000	108	53	1	192	299	127	233	3.62e-28	106
AMJCIJGH_00167	MER0013541	54.651	86	38	1	203	288	1	85	7.42e-25	93.2
AMJCIJGH_00167	MER0015415	44.048	84	47	0	205	288	66	149	1.93e-20	84.0
AMJCIJGH_00167	MER0003376	39.286	112	54	3	203	300	45	156	1.75e-18	78.6
AMJCIJGH_00167	MER0001419	39.450	109	65	1	180	287	9	117	6.16e-15	68.2
AMJCIJGH_00167	MER0003423	39.252	107	64	1	182	287	11	117	1.55e-14	67.0
AMJCIJGH_00167	MER0003906	38.372	86	52	1	203	287	1	86	7.61e-13	61.2
AMJCIJGH_00167	MER0387040	35.294	102	64	2	203	303	1	101	3.56e-11	56.2
AMJCIJGH_00167	MER0066182	34.783	115	66	3	190	303	86	192	1.99e-10	56.6
AMJCIJGH_00167	MER0025070	35.514	107	55	5	199	294	2	105	1.67e-07	46.2
AMJCIJGH_00167	MER0005300	31.959	97	65	1	204	300	66	161	1.88e-07	47.0
AMJCIJGH_00167	MER0388771	35.577	104	53	5	202	294	1	101	1.09e-06	43.9
AMJCIJGH_00178	MER0005768	31.008	258	167	2	1	258	3	249	4.17e-43	145
AMJCIJGH_00179	MER0003338	65.000	120	42	0	176	295	1	120	2.42e-50	160
AMJCIJGH_00179	MER0003303	56.296	135	56	2	176	310	1	132	2.37e-45	147
AMJCIJGH_00179	MER0013976	52.381	126	57	2	176	301	1	123	1.76e-35	122
AMJCIJGH_00179	MER0017622	27.755	245	146	6	8	233	3	235	3.63e-21	87.8
AMJCIJGH_00179	MER0003336	44.186	86	47	1	176	261	1	85	1.77e-14	66.6
AMJCIJGH_00179	MER0016969	39.130	92	45	2	176	261	1	87	9.22e-12	59.7
AMJCIJGH_00179	MER0034967	26.154	195	106	6	67	235	1	183	1.09e-08	51.2
AMJCIJGH_00179	MER0003299	43.939	66	37	0	176	241	1	66	2.72e-07	46.2
AMJCIJGH_00179	MER0011465	36.667	60	38	0	176	235	1	60	6.12e-06	42.4
AMJCIJGH_00238	MER0028047	59.777	179	69	2	442	620	1	176	3.66e-66	212
AMJCIJGH_00238	MER0003564	25.854	205	116	7	442	610	21	225	2.38e-07	49.3
AMJCIJGH_00241	MER0281397	24.103	195	109	6	111	267	3	196	1.01e-07	48.9
AMJCIJGH_00329	MER0001295	28.000	200	96	9	188	374	13	177	1.71e-07	47.8
AMJCIJGH_00353	MER0000440	20.996	462	317	15	40	467	16	463	4.26e-14	70.9
AMJCIJGH_00353	MER0000441	22.838	451	301	21	35	459	11	440	6.54e-14	70.5
AMJCIJGH_00353	MER0000439	27.273	198	131	8	32	219	7	201	1.92e-11	62.8
AMJCIJGH_00353	MER0004231	22.271	458	295	16	43	459	19	456	9.94e-09	53.9
AMJCIJGH_00355	MER0003537	36.268	284	176	5	34	313	2	284	5.94e-57	182
AMJCIJGH_00355	MER0000436	35.769	260	161	4	41	294	9	268	2.09e-45	153
AMJCIJGH_00355	MER0000437	33.218	289	179	5	39	316	13	298	2.66e-41	142
AMJCIJGH_00355	MER0001380	33.200	250	157	5	55	296	26	273	1.08e-33	122
AMJCIJGH_00355	MER0000431	24.839	310	194	12	33	314	11	309	4.99e-18	80.1
AMJCIJGH_00355	MER0011509	33.108	148	92	5	38	181	21	165	2.27e-14	69.3
AMJCIJGH_00355	MER0031616	38.136	118	67	4	41	153	24	140	5.83e-14	68.2
AMJCIJGH_00355	MER0030163	26.693	251	155	9	74	304	49	290	5.06e-13	65.1
AMJCIJGH_00355	MER0183709	25.442	283	187	11	40	311	21	290	8.75e-11	58.5
AMJCIJGH_00355	MER0011785	26.500	200	119	6	55	245	36	216	1.75e-09	54.7
AMJCIJGH_00355	MER0025512	26.531	147	101	4	44	187	41	183	6.08e-08	50.1
AMJCIJGH_00355	MER0014065	25.833	120	86	1	39	155	19	138	2.14e-07	48.5
AMJCIJGH_00355	MER0004146	23.636	275	178	10	41	304	7	260	1.75e-06	45.4
AMJCIJGH_00358	MER0002078	35.000	220	136	3	247	462	15	231	7.65e-36	132
AMJCIJGH_00358	MER0002968	36.082	194	122	2	254	446	27	219	1.40e-35	131
AMJCIJGH_00358	MER0011369	31.336	217	140	3	225	438	11	221	3.58e-33	124
AMJCIJGH_00358	MER0005046	32.995	197	128	2	248	442	4	198	1.20e-30	116
AMJCIJGH_00358	MER0001010	31.034	203	133	3	256	454	3	202	8.13e-29	111
AMJCIJGH_00358	MER0016308	35.714	182	112	3	262	441	4	182	1.03e-28	110
AMJCIJGH_00358	MER0002003	30.806	211	138	3	237	442	10	217	2.04e-28	110
AMJCIJGH_00358	MER0011370	30.964	197	135	1	247	442	14	210	3.87e-28	109
AMJCIJGH_00358	MER0005045	31.282	195	134	0	248	442	4	198	4.26e-28	109
AMJCIJGH_00358	MER0011371	32.749	171	114	1	260	429	28	198	8.15e-28	108
AMJCIJGH_00358	MER0019759	29.412	221	146	4	247	461	13	229	8.45e-28	109
AMJCIJGH_00358	MER0002746	28.571	217	154	1	247	462	15	231	1.50e-27	108
AMJCIJGH_00358	MER0011183	31.313	198	131	2	256	450	16	211	5.14e-27	107
AMJCIJGH_00358	MER0011440	27.094	203	137	4	254	448	21	220	1.84e-26	105
AMJCIJGH_00358	MER0005331	30.052	193	127	3	254	442	22	210	2.08e-26	104
AMJCIJGH_00358	MER0001185	30.952	210	140	3	236	442	8	215	2.58e-26	104
AMJCIJGH_00358	MER0001012	32.995	197	115	4	255	442	28	216	3.94e-26	104
AMJCIJGH_00358	MER0028449	30.392	204	137	3	248	446	22	225	1.18e-25	103
AMJCIJGH_00358	MER0001003	32.796	186	121	3	258	441	1	184	2.25e-24	98.2
AMJCIJGH_00358	MER0001009	31.285	179	116	3	296	470	2	177	2.53e-24	99.0
AMJCIJGH_00358	MER0006264	31.492	181	118	2	265	442	5	182	5.81e-24	97.1
AMJCIJGH_00358	MER0001701	29.949	197	136	2	254	448	10	206	1.26e-23	97.1
AMJCIJGH_00358	MER0002060	29.508	183	124	3	251	429	21	202	1.56e-23	96.7
AMJCIJGH_00358	MER0019754	31.250	192	129	3	254	442	4	195	1.76e-23	95.9
AMJCIJGH_00358	MER0091680	29.121	182	128	1	248	429	7	187	4.09e-23	95.5
AMJCIJGH_00358	MER0001005	34.524	168	108	2	281	446	14	181	1.52e-22	92.8
AMJCIJGH_00358	MER0011175	28.934	197	125	4	254	442	21	210	3.68e-22	92.4
AMJCIJGH_00358	MER0004243	29.949	197	126	6	254	442	24	216	5.17e-22	92.4
AMJCIJGH_00358	MER0000997	28.947	190	125	5	254	436	25	211	8.27e-22	91.7
AMJCIJGH_00358	MER0011438	25.824	182	128	3	248	425	15	193	1.24e-21	90.9
AMJCIJGH_00358	MER0011423	26.761	213	146	3	237	442	5	214	2.07e-21	90.5
AMJCIJGH_00358	MER0003500	28.000	200	136	3	247	442	2	197	2.62e-21	90.1
AMJCIJGH_00358	MER0002422	31.053	190	120	4	257	442	24	206	5.09e-21	89.0
AMJCIJGH_00358	MER0011400	29.082	196	138	1	257	451	25	220	1.76e-19	85.5
AMJCIJGH_00358	MER0011401	28.409	176	115	3	270	437	30	202	3.44e-18	80.9
AMJCIJGH_00358	MER0002210	29.801	151	104	2	281	429	6	156	7.29e-18	78.6
AMJCIJGH_00358	MER0052595	26.842	190	136	2	256	442	31	220	3.27e-17	78.6
AMJCIJGH_00358	MER0011720	27.072	181	113	4	265	442	38	202	4.47e-16	75.1
AMJCIJGH_00358	MER0002355	28.378	222	134	6	235	450	14	216	4.53e-16	75.1
AMJCIJGH_00358	MER0171631	29.293	198	124	8	253	442	20	209	8.03e-16	74.3
AMJCIJGH_00358	MER0116688	27.807	187	134	1	257	442	25	211	1.60e-15	73.9
AMJCIJGH_00358	MER0003916	28.649	185	106	6	252	425	8	177	5.01e-15	71.6
AMJCIJGH_00358	MER0011399	23.350	197	147	2	252	446	20	214	3.18e-13	67.0
AMJCIJGH_00358	MER0026830	31.250	96	66	0	256	351	26	121	1.70e-12	63.9
AMJCIJGH_00358	MER0015166	25.654	191	121	4	255	430	35	219	2.48e-12	64.3
AMJCIJGH_00358	MER0001525	27.184	206	122	8	247	432	22	219	2.70e-11	61.2
AMJCIJGH_00358	MER0011345	27.179	195	120	5	277	457	56	242	2.28e-10	58.9
AMJCIJGH_00358	MER0002281	26.316	190	123	4	277	457	57	238	9.00e-10	57.0
AMJCIJGH_00358	MER0012283	24.044	183	107	4	277	446	56	219	4.77e-09	54.3
AMJCIJGH_00358	MER0036308	23.810	168	94	3	277	431	54	200	1.29e-08	53.5
AMJCIJGH_00358	MER0001001	28.090	178	97	8	281	443	49	210	6.75e-08	50.8
AMJCIJGH_00358	MER0005328	28.743	167	98	6	277	434	45	199	2.61e-07	48.9
AMJCIJGH_00358	MER0001013	25.253	198	127	8	277	464	57	243	3.37e-07	49.3
AMJCIJGH_00358	MER0002755	26.087	161	107	3	277	433	46	198	4.21e-07	48.5
AMJCIJGH_00358	MER0001017	24.365	197	130	8	277	463	56	243	7.86e-07	48.1
AMJCIJGH_00358	MER0019096	25.000	148	94	3	314	457	61	195	1.05e-06	47.0
AMJCIJGH_00358	MER0168983	50.000	32	16	0	313	344	43	74	3.07e-06	45.1
AMJCIJGH_00359	MER0058228	30.137	219	138	5	422	633	10	220	2.94e-23	96.3
AMJCIJGH_00359	MER0005196	35.032	157	93	2	396	547	3	155	1.04e-22	94.7
AMJCIJGH_00359	MER0000408	24.900	249	178	3	412	653	5	251	1.82e-22	94.0
AMJCIJGH_00359	MER0034615	27.004	237	169	2	419	651	10	246	9.46e-22	92.0
AMJCIJGH_00359	MER0015682	30.085	236	154	4	403	633	56	285	1.42e-21	92.8
AMJCIJGH_00359	MER0000263	29.694	229	150	7	419	640	6	230	1.59e-21	91.3
AMJCIJGH_00359	MER0011583	27.165	254	158	6	416	655	9	249	3.33e-20	87.4
AMJCIJGH_00359	MER0017401	28.061	196	135	4	423	616	10	201	1.02e-19	85.9
AMJCIJGH_00359	MER0003558	28.444	225	141	6	421	633	23	239	2.61e-19	85.1
AMJCIJGH_00359	MER0005807	28.986	207	141	3	427	633	57	257	8.16e-19	84.0
AMJCIJGH_00359	MER0004921	32.090	134	87	2	417	546	2	135	1.52e-17	79.3
AMJCIJGH_00359	MER0011413	34.091	132	81	3	417	542	2	133	2.05e-17	79.0
AMJCIJGH_00359	MER0001423	25.738	237	161	6	422	652	5	232	2.10e-17	79.0
AMJCIJGH_00359	MER0192427	33.566	143	92	2	407	546	54	196	4.83e-17	79.0
AMJCIJGH_00359	MER0004923	31.507	146	94	3	403	542	39	184	2.12e-16	77.0
AMJCIJGH_00359	MER0000399	30.709	127	84	2	422	545	28	153	4.55e-16	75.5
AMJCIJGH_00359	MER0001920	24.454	229	164	3	433	654	20	246	8.59e-16	74.3
AMJCIJGH_00359	MER0000401	33.071	127	81	3	422	545	29	154	1.36e-15	74.3
AMJCIJGH_00359	MER0013484	32.576	132	83	3	417	542	2	133	8.52e-15	71.2
AMJCIJGH_00359	MER0004193	34.351	131	81	3	422	547	6	136	2.88e-14	69.7
AMJCIJGH_00359	MER0005994	23.529	255	181	4	394	641	2	249	2.54e-13	67.4
AMJCIJGH_00359	MER0140224	25.943	212	139	5	433	633	13	217	8.65e-13	65.5
AMJCIJGH_00359	MER0000404	28.079	203	130	7	422	616	29	223	1.94e-12	64.7
AMJCIJGH_00359	MER0016096	22.414	232	156	5	422	638	9	231	5.92e-12	63.2
AMJCIJGH_00359	MER0195666	24.312	218	142	6	428	634	12	217	7.02e-12	62.8
AMJCIJGH_00359	MER0004199	26.316	209	135	7	432	633	7	203	7.75e-12	62.4
AMJCIJGH_00359	MER0011305	25.000	196	132	5	411	596	6	196	8.34e-11	59.7
AMJCIJGH_00359	MER0004504	23.554	242	155	6	422	642	2	234	8.74e-11	59.3
AMJCIJGH_00359	MER0018170	22.807	228	163	4	432	648	25	250	1.74e-10	58.9
AMJCIJGH_00359	MER0015621	25.581	215	134	6	423	616	34	243	1.14e-09	57.0
AMJCIJGH_00359	MER0000403	25.455	110	79	1	422	528	28	137	1.79e-09	55.8
AMJCIJGH_00359	MER0004925	28.659	164	102	5	497	656	110	262	9.37e-09	53.5
AMJCIJGH_00359	MER0000405	24.444	135	96	3	393	524	11	142	1.17e-08	53.5
AMJCIJGH_00359	MER0002490	24.645	211	133	6	423	612	34	239	2.21e-08	53.1
AMJCIJGH_00359	MER0006027	23.853	218	152	5	425	633	24	236	5.31e-08	51.2
AMJCIJGH_00359	MER0014827	23.827	277	170	8	403	656	4	262	7.01e-08	51.2
AMJCIJGH_00359	MER0011231	26.543	162	111	5	394	549	1	160	1.57e-07	50.1
AMJCIJGH_00359	MER0003361	22.523	222	156	7	422	638	22	232	2.48e-07	49.3
AMJCIJGH_00359	MER0017246	23.923	209	124	5	438	633	89	275	2.84e-07	49.3
AMJCIJGH_00359	MER0030932	22.530	253	162	9	412	653	14	243	6.64e-07	47.8
AMJCIJGH_00359	MER0011450	26.000	200	123	6	432	616	39	228	8.45e-07	47.8
AMJCIJGH_00359	MER0126485	22.222	207	158	2	428	633	11	215	9.55e-07	47.4
AMJCIJGH_00359	MER0005987	22.374	219	157	6	422	633	29	241	9.82e-06	44.3
AMJCIJGH_00425	MER0000474	47.222	180	94	1	3	181	24	203	4.70e-57	175
AMJCIJGH_00425	MER0005687	47.977	173	89	1	10	181	35	207	4.97e-53	165
AMJCIJGH_00425	MER0011666	47.191	178	91	2	7	181	8	185	4.16e-52	162
AMJCIJGH_00425	MER0006063	46.429	168	89	1	16	182	38	205	4.61e-52	162
AMJCIJGH_00425	MER0004857	46.023	176	95	0	6	181	28	203	4.78e-52	162
AMJCIJGH_00425	MER0002211	46.409	181	94	2	4	181	23	203	2.25e-50	158
AMJCIJGH_00425	MER0006046	40.331	181	107	1	3	182	24	204	1.16e-48	154
AMJCIJGH_00425	MER0002299	45.763	177	95	1	5	180	20	196	1.47e-47	151
AMJCIJGH_00425	MER0006056	43.114	167	95	0	16	182	42	208	1.09e-45	146
AMJCIJGH_00425	MER0004855	45.238	168	91	1	16	182	39	206	4.46e-45	145
AMJCIJGH_00425	MER0006308	38.596	171	103	2	12	180	23	193	1.88e-36	122
AMJCIJGH_00425	MER0004847	42.604	169	95	2	15	181	36	204	5.34e-36	122
AMJCIJGH_00425	MER0004182	36.310	168	106	1	16	182	33	200	2.94e-34	117
AMJCIJGH_00425	MER0001369	36.620	71	45	0	46	116	60	130	9.54e-06	40.4
AMJCIJGH_00448	MER0044622	43.085	188	100	5	4	185	28	214	1.34e-45	148
AMJCIJGH_00448	MER0043394	44.172	163	87	3	26	185	1	162	8.25e-45	143
AMJCIJGH_00448	MER0045094	39.037	187	109	4	3	185	13	198	9.08e-42	137
AMJCIJGH_00448	MER0044882	39.766	171	95	5	24	186	1	171	1.83e-38	127
AMJCIJGH_00448	MER0043392	40.714	140	80	3	47	186	23	159	3.58e-31	108
AMJCIJGH_00448	MER0044619	30.052	193	120	9	3	186	9	195	2.79e-18	76.6
AMJCIJGH_00448	MER0043195	27.638	199	125	5	5	184	8	206	1.84e-16	72.0
AMJCIJGH_00448	MER0045095	29.717	212	119	8	3	186	16	225	2.68e-16	71.6
AMJCIJGH_00448	MER0043537	27.419	186	128	6	4	186	2	183	1.01e-14	66.2
AMJCIJGH_00448	MER0045945	29.508	183	110	6	13	187	41	212	7.54e-14	64.3
AMJCIJGH_00448	MER0044812	24.390	164	112	5	16	175	68	223	2.29e-11	57.8
AMJCIJGH_00448	MER0043387	31.081	148	87	6	44	185	27	165	2.30e-09	51.2
AMJCIJGH_00448	MER0044889	27.815	151	89	4	44	185	60	199	3.03e-08	48.9
AMJCIJGH_00448	MER0060647	25.946	185	119	7	3	181	174	346	2.40e-07	46.6
AMJCIJGH_00448	MER0045886	24.561	114	76	2	75	184	85	192	1.16e-06	44.3
AMJCIJGH_00448	MER0043540	26.119	134	84	4	47	175	87	210	4.44e-06	42.4
AMJCIJGH_00448	MER0046161	26.064	188	114	8	3	181	66	237	4.57e-06	42.7
AMJCIJGH_00448	MER0038086	28.205	117	76	3	75	185	109	223	7.64e-06	42.0
AMJCIJGH_00451	MER0492485	31.313	99	63	2	51	149	28	121	1.91e-07	45.8
AMJCIJGH_00457	MER0026545	35.468	203	115	4	65	260	77	270	1.65e-35	125
AMJCIJGH_00457	MER0026552	37.209	172	99	3	82	253	2	164	3.81e-30	108
AMJCIJGH_00457	MER0042387	31.156	199	113	6	65	256	2	183	5.37e-27	100
AMJCIJGH_00457	MER0026496	27.881	269	164	10	6	258	17	271	1.89e-20	85.1
AMJCIJGH_00457	MER0031491	27.160	162	113	2	94	250	20	181	1.21e-17	75.9
AMJCIJGH_00462	MER0002959	43.548	124	69	1	28	150	164	287	1.87e-30	108
AMJCIJGH_00462	MER0011097	36.364	121	76	1	28	147	159	279	5.65e-19	78.2
AMJCIJGH_00491	MER0047723	43.558	163	92	0	6	168	313	475	5.01e-44	148
AMJCIJGH_00491	MER0001283	39.881	168	101	0	5	172	315	482	1.07e-41	142
AMJCIJGH_00528	MER0006204	28.108	370	221	12	43	387	6	355	6.52e-36	132
AMJCIJGH_00528	MER0122661	27.374	358	212	9	49	392	6	329	2.50e-24	99.8
AMJCIJGH_00528	MER0026262	26.554	354	217	14	43	385	2	323	2.35e-22	94.4
AMJCIJGH_00528	MER0002489	30.508	295	166	12	58	345	24	286	1.74e-18	82.8
AMJCIJGH_00528	MER0005925	26.623	308	195	9	40	343	7	287	4.77e-16	75.9
AMJCIJGH_00528	MER0004090	23.454	388	247	13	34	393	1	366	1.10e-14	72.0
AMJCIJGH_00528	MER1143079	25.670	261	150	7	60	319	13	230	5.83e-14	68.6
AMJCIJGH_00528	MER0003802	29.577	213	111	7	41	250	1	177	4.01e-13	66.6
AMJCIJGH_00528	MER0003800	24.155	414	250	15	36	409	10	399	7.75e-13	66.2
AMJCIJGH_00528	MER0000459	26.667	315	169	16	48	345	15	284	1.25e-12	65.5
AMJCIJGH_00528	MER0011700	26.484	219	129	7	57	262	16	215	1.45e-12	65.5
AMJCIJGH_00528	MER0140154	24.138	203	128	4	57	248	1	188	4.92e-12	63.5
AMJCIJGH_00528	MER0005964	22.887	284	163	8	57	322	29	274	1.80e-10	58.9
AMJCIJGH_00528	MER0004154	26.027	219	127	7	88	303	46	232	4.14e-10	57.8
AMJCIJGH_00528	MER0005923	23.824	319	157	11	58	310	24	322	1.33e-09	56.6
AMJCIJGH_00528	MER0354941	25.248	202	127	6	58	250	11	197	1.84e-09	53.9
AMJCIJGH_00528	MER0028284	24.402	209	130	8	42	248	1	183	2.03e-09	55.5
AMJCIJGH_00528	MER0034963	30.769	130	70	3	36	165	4	113	6.13e-09	54.3
AMJCIJGH_00528	MER0000457	24.084	191	118	5	58	246	22	187	3.72e-08	51.6
AMJCIJGH_00528	MER0017074	29.365	126	72	3	40	164	3	112	4.20e-06	45.4
AMJCIJGH_00532	MER0026471	25.653	421	254	11	96	499	94	472	5.04e-34	130
AMJCIJGH_00532	MER0015142	24.481	482	281	15	38	483	48	482	6.36e-31	122
AMJCIJGH_00532	MER0026494	22.892	415	261	9	85	483	80	451	2.82e-26	108
AMJCIJGH_00532	MER0003397	28.780	205	110	6	41	230	23	206	1.42e-16	77.4
AMJCIJGH_00532	MER0026485	28.788	198	103	7	38	219	19	194	3.55e-14	70.1
AMJCIJGH_00532	MER0057434	24.623	199	111	7	38	219	11	187	6.31e-10	57.0
AMJCIJGH_00532	MER0052470	21.311	488	310	17	27	485	1	443	7.11e-08	51.6
AMJCIJGH_00542	MER0001313	28.646	192	87	6	5	195	11	153	2.40e-07	45.8
AMJCIJGH_00546	MER0015121	27.684	177	93	9	68	212	36	209	1.76e-09	56.2
AMJCIJGH_00546	MER0003817	31.356	118	60	3	69	165	37	154	1.25e-08	53.5
AMJCIJGH_00546	MER0001198	29.310	116	59	4	66	159	34	148	4.36e-08	51.6
AMJCIJGH_00546	MER0001205	26.606	109	63	3	68	159	36	144	2.16e-07	49.3
AMJCIJGH_00546	MER0001202	27.826	115	62	3	66	159	34	148	4.88e-07	48.9
AMJCIJGH_00546	MER0038671	29.630	108	66	3	59	158	27	132	5.61e-07	46.6
AMJCIJGH_00546	MER0001608	25.510	196	115	5	30	220	6	175	9.84e-07	47.4
AMJCIJGH_00546	MER0004959	27.523	109	62	3	68	159	36	144	2.75e-06	46.2
AMJCIJGH_00546	MER0003495	26.241	141	82	6	41	159	4	144	3.78e-06	45.4
AMJCIJGH_00546	MER0003428	25.532	141	79	4	45	159	8	148	7.75e-06	44.7
AMJCIJGH_00546	MER0107602	29.661	118	69	3	54	159	19	134	9.88e-06	44.3
AMJCIJGH_00582	MER0004466	36.301	292	163	6	10	300	1	270	1.08e-47	160
AMJCIJGH_00582	MER0002454	22.314	242	163	6	59	291	43	268	1.20e-11	61.6
AMJCIJGH_00597	MER0078640	38.843	363	194	9	11	361	1	347	4.93e-74	231
AMJCIJGH_00597	MER0060647	37.978	366	198	9	11	362	1	351	1.15e-70	222
AMJCIJGH_00597	MER0044812	40.833	240	126	4	139	365	1	237	1.49e-56	182
AMJCIJGH_00597	MER0043540	39.301	229	129	4	139	365	4	224	3.28e-52	170
AMJCIJGH_00597	MER0436691	32.616	279	141	6	93	362	1	241	5.56e-44	150
AMJCIJGH_00597	MER0046161	39.556	225	115	6	155	365	28	245	1.02e-43	149
AMJCIJGH_00597	MER0115185	51.799	139	65	1	222	360	7	143	2.53e-43	144
AMJCIJGH_00597	MER0045945	37.255	204	123	4	162	365	15	213	2.07e-42	145
AMJCIJGH_00597	MER0043394	25.000	140	97	3	213	347	12	148	1.47e-08	50.4
AMJCIJGH_00597	MER0044882	28.000	150	86	5	213	347	14	156	1.10e-07	48.5
AMJCIJGH_00597	MER0044622	24.865	185	133	3	195	375	45	227	4.07e-07	47.8
AMJCIJGH_00597	MER0043537	27.072	181	102	6	192	357	13	178	6.75e-07	46.2
AMJCIJGH_00597	MER0045094	25.466	161	112	3	193	347	26	184	1.20e-06	46.2
AMJCIJGH_00617	MER0004090	33.333	201	119	5	23	210	167	365	1.00e-27	105
AMJCIJGH_00617	MER0035017	28.235	255	145	9	8	229	148	397	2.44e-22	91.3
AMJCIJGH_00617	MER0003800	30.198	202	124	5	23	210	174	372	3.43e-19	82.4
AMJCIJGH_00619	MER0013425	26.603	312	191	11	42	349	25	302	3.15e-23	95.1
AMJCIJGH_00619	MER0001265	24.623	199	130	4	108	297	107	294	2.18e-19	84.3
AMJCIJGH_00619	MER0032370	25.000	236	151	7	131	355	110	330	3.81e-14	69.3
AMJCIJGH_00619	MER0013499	23.264	288	187	10	87	356	69	340	3.89e-13	66.6
AMJCIJGH_00619	MER0015155	23.377	231	152	7	129	349	110	325	8.22e-12	62.4
AMJCIJGH_00619	MER0011422	23.237	241	149	9	131	355	126	346	1.70e-11	61.6
AMJCIJGH_00619	MER0001260	23.276	232	155	7	131	353	118	335	2.24e-11	61.2
AMJCIJGH_00619	MER0011343	25.568	176	117	4	178	353	176	337	6.74e-11	59.7
AMJCIJGH_00619	MER0013479	23.585	212	126	5	166	356	122	318	1.00e-10	58.9
AMJCIJGH_00619	MER0006319	22.989	261	147	8	130	353	130	373	9.61e-10	56.2
AMJCIJGH_00619	MER0013496	20.588	272	192	6	87	349	12	268	1.92e-09	55.1
AMJCIJGH_00639	MER0014418	29.551	423	241	8	23	439	2	373	2.61e-49	170
AMJCIJGH_00639	MER0002013	29.167	264	162	11	51	300	30	282	7.69e-15	72.8
AMJCIJGH_00639	MER0002655	24.643	280	186	9	36	300	7	276	3.01e-12	64.7
AMJCIJGH_00639	MER0003581	28.807	243	157	6	83	312	1	240	7.19e-12	63.2
AMJCIJGH_00639	MER0002664	29.605	152	94	4	33	184	2	140	1.60e-10	58.5
AMJCIJGH_00639	MER0005163	30.000	140	93	3	51	190	21	155	2.74e-10	57.8
AMJCIJGH_00639	MER0005173	31.915	141	89	4	51	190	14	148	3.99e-09	55.1
AMJCIJGH_00639	MER0021873	33.010	103	50	2	98	197	2	88	2.24e-08	51.2
AMJCIJGH_00639	MER0015354	28.758	153	102	5	39	190	18	164	1.92e-07	49.3
AMJCIJGH_00639	MER0003815	27.451	153	104	5	39	190	18	164	4.95e-06	45.1
AMJCIJGH_00655	MER0013829	34.139	331	205	6	13	338	5	327	3.51e-51	171
AMJCIJGH_00655	MER0005169	31.195	343	225	5	14	353	6	340	7.08e-49	165
AMJCIJGH_00655	MER0005472	33.028	327	203	6	20	345	12	323	6.25e-46	157
AMJCIJGH_00655	MER0004410	30.259	347	219	10	14	349	6	340	9.32e-40	141
AMJCIJGH_00655	MER0002046	30.323	310	195	9	43	349	35	326	1.96e-36	131
AMJCIJGH_00655	MER0005160	32.653	294	169	11	61	345	51	324	2.07e-32	120
AMJCIJGH_00655	MER0002043	24.863	366	248	8	5	361	9	356	6.61e-31	117
AMJCIJGH_00655	MER0002040	28.115	313	192	12	65	360	59	355	7.66e-21	89.4
AMJCIJGH_00655	MER0022215	25.413	303	204	9	49	345	40	326	3.75e-20	87.0
AMJCIJGH_00655	MER0025084	20.225	356	244	13	9	346	1	334	2.57e-06	45.4
AMJCIJGH_00666	MER0033186	34.572	269	164	4	75	333	5	271	5.58e-44	152
AMJCIJGH_00671	MER0001161	38.314	676	410	4	2	670	3	678	1.19e-166	491
AMJCIJGH_00671	MER0001158	36.283	678	422	6	1	670	2	677	1.63e-143	431
AMJCIJGH_00671	MER0006087	35.540	695	424	12	2	675	12	703	9.77e-139	419
AMJCIJGH_00671	MER0015119	33.608	729	414	17	2	675	8	721	2.93e-124	382
AMJCIJGH_00671	MER0001149	31.788	604	384	11	78	670	90	676	6.74e-91	294
AMJCIJGH_00671	MER0108144	28.614	664	443	11	25	670	12	662	2.19e-90	292
AMJCIJGH_00671	MER0001942	32.131	610	368	12	81	670	93	676	4.09e-88	286
AMJCIJGH_00671	MER0001153	31.135	652	411	14	44	670	54	692	3.07e-83	274
AMJCIJGH_00671	MER0003110	29.218	729	432	19	3	670	10	715	1.41e-81	270
AMJCIJGH_00671	MER0079465	27.006	648	434	16	47	670	2	634	6.26e-66	226
AMJCIJGH_00671	MER0015170	23.418	632	441	13	42	665	29	625	1.32e-51	186
AMJCIJGH_00671	MER0001156	25.668	674	420	21	28	647	38	684	2.17e-44	166
AMJCIJGH_00671	MER0021317	37.879	66	41	0	434	499	22	87	1.61e-08	49.3
AMJCIJGH_00691	MER0003906	26.596	94	58	1	183	276	12	94	6.55e-06	41.2
AMJCIJGH_00692	MER0026262	28.190	337	199	13	26	333	12	334	8.01e-26	104
AMJCIJGH_00692	MER0028284	25.705	319	187	11	34	324	17	313	6.64e-19	84.3
AMJCIJGH_00692	MER0002489	32.168	143	83	3	63	196	60	197	5.73e-17	79.0
AMJCIJGH_00692	MER1143079	25.271	277	172	11	44	310	20	271	9.21e-17	77.4
AMJCIJGH_00692	MER0219770	27.027	259	159	10	63	309	52	292	2.03e-16	76.6
AMJCIJGH_00692	MER0122661	29.375	160	107	3	56	213	47	202	1.69e-14	71.2
AMJCIJGH_00692	MER0004154	22.713	317	201	11	54	347	44	339	1.88e-13	68.2
AMJCIJGH_00692	MER0011700	23.098	368	219	14	22	337	5	360	5.31e-13	67.0
AMJCIJGH_00692	MER0000459	24.126	286	174	9	63	325	60	325	2.91e-12	64.7
AMJCIJGH_00692	MER0000463	23.851	348	194	13	34	333	17	341	3.80e-12	64.3
AMJCIJGH_00692	MER0140154	23.188	345	198	14	34	324	2	333	2.53e-11	61.6
AMJCIJGH_00692	MER0005964	29.012	162	97	6	48	201	41	192	3.93e-11	61.2
AMJCIJGH_00692	MER0003802	27.468	233	134	10	63	287	53	258	4.75e-11	60.5
AMJCIJGH_00692	MER0192873	31.624	117	73	3	63	172	2	118	2.03e-10	57.8
AMJCIJGH_00692	MER0017069	24.113	282	188	9	63	332	48	315	3.75e-10	57.8
AMJCIJGH_00692	MER0006204	31.111	135	73	5	58	176	53	183	1.57e-09	56.2
AMJCIJGH_00692	MER0356183	28.859	149	90	5	40	172	3	151	7.03e-08	50.1
AMJCIJGH_00692	MER0354941	27.397	146	90	5	63	196	55	196	1.96e-07	48.1
AMJCIJGH_00692	MER0004090	21.661	277	177	9	44	287	49	318	2.70e-07	49.3
AMJCIJGH_00692	MER0003800	22.826	276	171	10	44	285	56	323	1.29e-06	47.4
AMJCIJGH_00692	MER0005836	24.664	223	128	7	15	213	10	216	1.32e-06	46.6
AMJCIJGH_00692	MER0005925	24.540	163	103	4	34	178	18	178	3.59e-06	45.4
AMJCIJGH_00692	MER0005923	28.319	113	65	3	24	120	7	119	7.71e-06	44.7
AMJCIJGH_00712	MER0013623	53.896	154	70	1	127	280	1	153	3.03e-53	173
AMJCIJGH_00712	MER0000268	55.484	155	67	2	127	280	1	154	4.08e-52	170
AMJCIJGH_00712	MER0004111	54.194	155	70	1	127	280	1	155	3.52e-51	168
AMJCIJGH_00712	MER0003850	49.714	175	85	3	127	299	3	176	7.63e-51	168
AMJCIJGH_00712	MER0000266	52.564	156	72	2	127	280	1	156	2.83e-48	160
AMJCIJGH_00712	MER0001372	53.165	158	68	3	127	280	1	156	1.26e-47	159
AMJCIJGH_00712	MER0005468	51.250	160	70	4	127	280	1	158	1.44e-45	153
AMJCIJGH_00712	MER0004149	47.853	163	76	3	127	280	1	163	6.09e-41	141
AMJCIJGH_00712	MER0001945	44.720	161	80	3	127	280	1	159	3.38e-39	136
AMJCIJGH_00712	MER0002577	46.835	158	75	2	127	280	1	153	1.69e-38	134
AMJCIJGH_00712	MER0001373	50.000	138	68	1	127	263	1	138	8.31e-38	132
AMJCIJGH_00712	MER0003293	48.344	151	72	3	127	274	1	148	9.80e-38	132
AMJCIJGH_00712	MER0004673	34.657	277	142	7	127	377	2	265	2.31e-37	135
AMJCIJGH_00712	MER0028330	46.203	158	76	2	127	280	1	153	3.40e-37	131
AMJCIJGH_00712	MER0003290	44.025	159	81	3	127	280	1	156	1.13e-35	127
AMJCIJGH_00712	MER0016351	42.405	158	82	2	127	280	1	153	1.31e-34	124
AMJCIJGH_00712	MER0016031	46.429	168	74	7	127	280	1	166	2.46e-33	121
AMJCIJGH_00712	MER0010944	42.105	171	82	4	127	280	1	171	5.34e-33	120
AMJCIJGH_00712	MER0004093	44.099	161	75	3	127	280	1	153	1.01e-32	119
AMJCIJGH_00712	MER0014795	42.683	164	79	3	127	280	1	159	1.84e-32	118
AMJCIJGH_00712	MER0011375	38.750	160	86	4	127	280	1	154	3.07e-29	109
AMJCIJGH_00712	MER0004086	39.877	163	87	4	128	280	1	162	6.27e-29	108
AMJCIJGH_00712	MER0022668	39.181	171	87	5	127	280	1	171	3.46e-28	107
AMJCIJGH_00712	MER0015583	42.282	149	74	3	127	263	1	149	3.13e-26	101
AMJCIJGH_00712	MER0005093	38.750	160	83	3	127	271	1	160	2.35e-25	99.4
AMJCIJGH_00712	MER0006096	38.060	134	76	2	151	280	1	131	6.66e-24	94.0
AMJCIJGH_00712	MER0063616	34.228	149	77	4	130	264	5	146	2.14e-16	73.6
AMJCIJGH_00712	MER0004696	31.944	144	83	7	127	261	1	138	1.90e-10	55.8
AMJCIJGH_00712	MER0005094	29.655	145	86	6	127	261	1	139	2.61e-09	53.1
AMJCIJGH_00712	MER0014318	34.532	139	75	8	127	255	1	133	4.93e-08	49.3
AMJCIJGH_00712	MER0005089	32.143	140	77	7	127	255	1	133	1.06e-07	48.5
AMJCIJGH_00712	MER0014317	31.061	132	80	6	138	261	10	138	2.90e-07	47.0
AMJCIJGH_00712	MER0024901	36.111	144	77	9	127	261	1	138	3.04e-07	46.6
AMJCIJGH_00712	MER0014314	31.618	136	83	6	127	255	1	133	1.05e-06	45.4
AMJCIJGH_00712	MER0035031	24.490	147	99	3	123	261	22	164	1.06e-06	46.6
AMJCIJGH_00712	MER0005090	32.353	136	82	6	127	255	1	133	4.08e-06	43.9
AMJCIJGH_00772	MER0198917	43.351	376	206	4	16	388	1	372	1.19e-104	335
AMJCIJGH_00772	MER1054487	39.842	379	219	4	16	388	1	376	5.77e-84	277
AMJCIJGH_00772	MER0037955	27.215	158	86	5	184	334	132	267	3.58e-07	50.4
AMJCIJGH_00774	MER0003018	44.796	221	120	2	537	755	1	221	1.91e-59	198
AMJCIJGH_00774	MER0041647	42.553	235	134	1	523	757	1	234	3.04e-52	179
AMJCIJGH_00774	MER0017402	34.513	113	62	2	639	751	99	199	3.86e-14	69.3
AMJCIJGH_00774	MER0003859	28.641	206	103	8	559	750	47	222	4.32e-13	66.6
AMJCIJGH_00774	MER0003359	30.729	192	104	5	550	728	31	206	5.09e-13	66.2
AMJCIJGH_00808	MER0000410	62.324	284	105	1	427	710	2	283	2.62e-124	369
AMJCIJGH_00808	MER0011872	42.007	269	153	2	443	708	16	284	3.66e-67	220
AMJCIJGH_00808	MER0082498	39.929	283	146	7	445	703	1	283	8.73e-63	208
AMJCIJGH_00808	MER0005694	36.496	274	159	4	443	708	16	282	1.19e-51	178
AMJCIJGH_00808	MER0079308	32.955	264	170	5	443	703	6	265	2.19e-42	152
AMJCIJGH_00808	MER0015621	30.068	296	187	4	428	706	1	293	2.07e-41	150
AMJCIJGH_00808	MER0000392	30.627	271	175	4	443	703	6	273	2.53e-41	149
AMJCIJGH_00808	MER0022823	32.353	272	172	7	440	703	3	270	2.51e-40	146
AMJCIJGH_00808	MER0325901	33.333	267	168	7	443	703	4	266	1.13e-39	144
AMJCIJGH_00808	MER0004227	38.182	220	135	1	446	664	25	244	8.61e-39	142
AMJCIJGH_00808	MER0082653	35.652	230	133	7	456	671	18	246	3.30e-36	134
AMJCIJGH_00808	MER0002490	27.124	306	191	7	428	706	1	301	1.70e-35	133
AMJCIJGH_00808	MER0011450	29.961	257	166	5	440	686	3	255	1.60e-34	130
AMJCIJGH_00808	MER0981959	27.758	281	182	5	440	703	2	278	4.42e-32	123
AMJCIJGH_00808	MER0003229	30.224	268	173	6	440	703	11	268	1.75e-31	120
AMJCIJGH_00808	MER0000398	29.119	261	169	6	445	704	5	250	1.43e-27	109
AMJCIJGH_00830	MER0031431	31.356	118	68	3	72	187	27	133	2.68e-10	55.5
AMJCIJGH_00830	MER0031432	28.148	135	78	4	71	205	26	141	3.55e-08	49.3
AMJCIJGH_00830	MER0031433	30.851	94	54	2	71	164	26	108	4.45e-08	49.3
AMJCIJGH_00830	MER0038141	38.983	59	31	2	111	167	57	112	1.76e-07	47.4
AMJCIJGH_00830	MER0034659	33.333	66	43	1	99	164	44	108	5.94e-07	45.8
AMJCIJGH_00838	MER0028025	44.444	162	89	1	8	169	8	168	4.11e-40	139
AMJCIJGH_00838	MER0028025	53.488	86	39	1	269	354	162	246	4.04e-26	102
AMJCIJGH_00838	MER0238460	27.829	327	196	11	53	344	80	401	4.87e-17	78.6
AMJCIJGH_00838	MER0001272	28.218	202	127	6	13	203	6	200	5.28e-15	71.2
AMJCIJGH_00838	MER0001273	30.769	195	118	6	13	195	9	198	2.93e-13	66.2
AMJCIJGH_00838	MER0003798	22.335	394	240	14	11	343	20	408	1.81e-11	61.6
AMJCIJGH_00838	MER0038758	23.546	361	239	13	13	356	9	349	5.77e-10	57.0
AMJCIJGH_00838	MER0026485	40.217	92	49	4	62	149	88	177	2.00e-07	48.9
AMJCIJGH_00859	MER0034539	38.095	168	98	5	2	166	1	165	1.13e-22	93.6
AMJCIJGH_00859	MER0033254	26.857	175	113	8	2	169	1	167	3.87e-16	75.5
AMJCIJGH_00859	MER0011806	29.310	116	67	4	45	147	67	180	4.08e-07	48.5
AMJCIJGH_00859	MER0011781	30.508	118	63	5	45	147	66	179	6.28e-07	47.8
AMJCIJGH_00859	MER0004101	25.269	186	93	8	2	147	1	180	1.36e-06	47.0
AMJCIJGH_00859	MER0003327	40.299	67	38	2	46	111	68	133	2.08e-06	46.2
AMJCIJGH_00871	MER0073084	21.577	482	322	13	45	493	19	477	1.27e-22	98.2
AMJCIJGH_00871	MER0014496	23.906	297	184	12	161	434	157	434	1.66e-07	50.8
AMJCIJGH_00889	MER0387040	36.842	57	35	1	224	280	32	87	1.86e-07	45.8
AMJCIJGH_00889	MER0066182	31.111	90	57	3	191	280	94	178	2.09e-07	47.4
AMJCIJGH_00891	MER0195376	36.735	147	85	2	24	162	1	147	1.53e-19	81.3
AMJCIJGH_00891	MER0003514	27.143	140	82	3	24	162	3	123	3.85e-07	46.2
AMJCIJGH_01041	MER0031562	29.817	218	130	6	43	253	33	234	1.34e-18	79.7
AMJCIJGH_01041	MER0036027	24.153	236	156	7	28	248	11	238	3.68e-10	55.8
AMJCIJGH_01041	MER0017401	24.742	194	125	5	67	257	52	227	7.92e-10	54.7
AMJCIJGH_01041	MER0140224	25.728	206	134	7	52	250	26	219	3.82e-08	49.7
AMJCIJGH_01041	MER0003558	22.798	193	129	5	66	250	61	241	6.85e-08	49.3
AMJCIJGH_01041	MER0015682	27.604	192	122	6	66	253	112	290	1.33e-07	48.5
AMJCIJGH_01063	MER0003339	23.457	567	381	18	169	715	1	534	1.16e-30	124
AMJCIJGH_01063	MER0006198	22.679	560	356	21	169	703	1	508	7.90e-20	90.5
AMJCIJGH_01063	MER0003306	26.071	280	194	6	169	443	1	272	3.19e-16	79.0
AMJCIJGH_01063	MER0035254	20.310	581	369	18	169	703	1	533	3.88e-11	62.8
AMJCIJGH_01063	MER0030255	20.103	582	377	20	169	703	1	541	2.33e-06	47.4
AMJCIJGH_01108	MER0000437	34.185	313	179	9	43	344	1	297	5.21e-48	161
AMJCIJGH_01108	MER0001380	33.088	272	167	6	59	325	12	273	5.57e-46	155
AMJCIJGH_01108	MER0003537	34.572	269	166	8	73	340	23	282	1.61e-44	151
AMJCIJGH_01108	MER0000436	27.740	292	199	9	57	344	6	289	1.29e-26	103
AMJCIJGH_01108	MER0000431	28.682	129	81	6	68	192	27	148	2.47e-08	51.6
AMJCIJGH_01177	MER0005244	38.674	181	111	0	247	427	3	183	4.65e-35	126
AMJCIJGH_01177	MER0005241	31.556	225	124	8	245	446	1	218	1.11e-19	85.1
AMJCIJGH_01177	MER0004514	35.922	103	58	1	249	343	36	138	4.73e-13	65.9
AMJCIJGH_01177	MER0001284	31.783	129	76	2	249	365	36	164	5.85e-13	65.5
AMJCIJGH_01177	MER0002104	35.000	120	66	4	245	357	63	177	5.91e-12	63.2
AMJCIJGH_01177	MER0005131	32.667	150	79	6	246	374	35	183	6.52e-11	59.3
AMJCIJGH_01177	MER0005238	35.897	117	63	5	248	357	66	177	6.77e-11	59.7
AMJCIJGH_01177	MER0005239	28.767	219	119	7	241	424	61	277	1.98e-10	58.5
AMJCIJGH_01177	MER0001911	30.464	151	97	4	235	382	25	170	5.62e-10	56.6
AMJCIJGH_01177	MER0005139	38.202	89	49	2	243	327	57	143	1.35e-09	55.8
AMJCIJGH_01177	MER0001289	27.236	246	151	10	208	439	29	260	1.63e-09	55.5
AMJCIJGH_01177	MER0037181	24.537	216	132	6	248	439	65	273	3.61e-09	54.3
AMJCIJGH_01177	MER0002161	25.114	219	131	10	248	441	65	275	3.86e-09	54.3
AMJCIJGH_01177	MER0001288	33.028	109	68	4	227	335	2	105	3.92e-09	53.9
AMJCIJGH_01177	MER0100667	33.663	101	53	4	241	334	16	109	1.86e-08	51.6
AMJCIJGH_01177	MER0015691	40.000	85	46	3	246	327	50	132	4.80e-08	50.8
AMJCIJGH_01177	MER0005149	30.337	89	60	1	241	327	57	145	3.24e-07	48.5
AMJCIJGH_01177	MER0002105	26.573	143	84	3	208	331	2	142	5.54e-07	47.8
AMJCIJGH_01295	MER0042827	52.525	99	47	0	984	1082	1	99	2.00e-28	107
AMJCIJGH_01314	MER0001243	36.842	247	154	2	2	246	3	249	4.32e-57	181
AMJCIJGH_01314	MER0005690	35.865	237	151	1	10	246	11	246	8.88e-50	161
AMJCIJGH_01314	MER0001342	35.983	239	153	0	8	246	9	247	1.96e-48	158
AMJCIJGH_01314	MER0015127	34.728	239	155	1	8	246	9	246	1.70e-43	145
AMJCIJGH_01314	MER0013589	33.745	243	160	1	4	246	1	242	3.79e-42	141
AMJCIJGH_01314	MER0013450	30.400	250	172	2	2	249	1	250	5.00e-42	141
AMJCIJGH_01314	MER0013929	33.333	243	161	1	4	246	5	246	8.47e-41	138
AMJCIJGH_01314	MER0015128	31.064	235	160	2	13	246	14	247	1.51e-40	137
AMJCIJGH_01314	MER0003880	31.522	184	111	4	32	211	25	197	2.46e-17	77.0
AMJCIJGH_01314	MER0010972	23.504	234	161	2	13	246	14	229	2.52e-17	76.3
AMJCIJGH_01314	MER0004931	26.699	206	135	6	3	204	4	197	7.15e-15	68.9
AMJCIJGH_01314	MER0011746	27.103	214	137	6	13	213	14	221	1.64e-12	63.2
AMJCIJGH_01314	MER0024896	27.481	131	88	2	122	246	337	466	3.91e-11	59.7
AMJCIJGH_01314	MER0024896	23.853	109	83	0	4	112	5	113	4.01e-07	47.4
AMJCIJGH_01314	MER0004532	28.671	143	97	2	63	204	58	196	5.55e-09	52.0
AMJCIJGH_01314	MER0001244	27.517	149	98	5	1	146	2	143	9.96e-09	51.6
AMJCIJGH_01314	MER0005462	22.099	181	135	2	1	180	2	177	1.03e-07	48.5
AMJCIJGH_01314	MER0013463	22.523	222	140	6	3	204	4	213	1.61e-07	48.1
AMJCIJGH_01314	MER0002038	23.392	171	124	4	62	230	59	224	2.95e-07	47.0
AMJCIJGH_01318	MER0042387	31.783	129	75	4	1	120	56	180	8.02e-14	61.6
AMJCIJGH_01318	MER0026545	27.273	132	78	3	1	120	142	267	1.08e-10	54.3
AMJCIJGH_01318	MER0026552	28.814	118	81	3	1	117	50	165	6.06e-10	51.2
AMJCIJGH_01318	MER0031491	26.984	126	75	3	1	111	56	179	7.01e-10	51.2
AMJCIJGH_01329	MER0015142	31.992	472	297	8	1	454	33	498	1.77e-74	239
AMJCIJGH_01329	MER0026494	32.135	473	296	9	1	455	4	469	5.36e-74	237
AMJCIJGH_01329	MER0026471	29.661	472	306	7	8	459	12	477	2.87e-68	223
AMJCIJGH_01329	MER0052470	25.386	453	294	17	30	460	33	463	3.60e-26	107
AMJCIJGH_01329	MER0003397	30.476	210	128	6	1	198	5	208	1.09e-21	92.4
AMJCIJGH_01329	MER0003397	30.337	89	62	0	362	450	213	301	8.85e-10	56.6
AMJCIJGH_01329	MER0026485	32.020	203	120	7	8	198	11	207	3.47e-20	87.8
AMJCIJGH_01329	MER0026485	31.915	94	64	0	360	453	210	303	1.02e-10	59.7
AMJCIJGH_01329	MER0057434	30.097	206	122	9	7	198	2	199	2.66e-18	82.0
AMJCIJGH_01329	MER0057434	31.313	99	65	1	361	459	203	298	1.48e-07	49.7
AMJCIJGH_01329	MER0001272	28.834	163	91	6	21	176	11	155	1.32e-10	58.5
AMJCIJGH_01335	MER0000332	40.351	228	98	9	258	480	40	234	6.66e-34	126
AMJCIJGH_01335	MER0002565	38.889	216	108	6	280	493	96	289	7.68e-34	129
AMJCIJGH_01335	MER0017009	38.182	220	116	8	288	496	114	324	1.80e-29	115
AMJCIJGH_01335	MER0017009	41.667	72	38	2	66	133	34	105	7.24e-09	54.3
AMJCIJGH_01335	MER0077555	36.402	239	120	8	261	498	47	254	4.01e-29	113
AMJCIJGH_01335	MER0000310	40.196	204	104	7	291	493	63	249	2.94e-28	110
AMJCIJGH_01335	MER0002575	34.082	267	139	12	240	501	31	265	9.40e-27	106
AMJCIJGH_01335	MER0028365	34.812	293	138	13	260	535	94	350	1.37e-26	108
AMJCIJGH_01335	MER0028365	48.529	68	33	2	65	132	47	112	1.76e-09	56.6
AMJCIJGH_01335	MER0000333	37.179	234	115	11	263	495	44	246	6.16e-26	104
AMJCIJGH_01335	MER0000320	36.402	239	128	8	279	509	56	278	2.25e-25	103
AMJCIJGH_01335	MER0001709	35.636	275	119	14	254	496	59	307	2.80e-25	103
AMJCIJGH_01335	MER0002057	29.801	302	155	11	279	535	90	379	4.87e-25	103
AMJCIJGH_01335	MER0004690	33.564	289	159	10	258	524	63	340	4.54e-24	100
AMJCIJGH_01335	MER0004690	45.455	66	35	1	74	138	27	92	2.42e-08	52.8
AMJCIJGH_01335	MER0005821	35.323	201	112	8	283	479	78	264	1.23e-23	100
AMJCIJGH_01335	MER0001699	35.545	211	114	8	291	498	62	253	1.57e-23	97.4
AMJCIJGH_01335	MER0016978	34.052	232	105	9	290	493	77	288	2.32e-23	97.8
AMJCIJGH_01335	MER0002562	35.270	241	111	10	280	493	104	326	6.18e-23	97.1
AMJCIJGH_01335	MER0000309	37.198	207	106	7	291	493	63	249	6.44e-23	95.5
AMJCIJGH_01335	MER0054318	37.113	194	110	7	286	477	61	244	9.72e-23	95.9
AMJCIJGH_01335	MER0001928	33.929	224	118	8	277	499	56	250	1.04e-22	94.7
AMJCIJGH_01335	MER0016983	36.321	212	91	8	291	481	71	259	5.26e-22	93.6
AMJCIJGH_01335	MER0062058	38.496	226	112	8	280	497	53	259	6.26e-22	95.1
AMJCIJGH_01335	MER0062058	55.102	49	22	0	85	133	1	49	4.92e-11	61.6
AMJCIJGH_01335	MER0001521	35.961	203	112	7	289	490	62	247	9.00e-22	92.4
AMJCIJGH_01335	MER0000313	35.961	203	112	7	289	490	62	247	1.06e-21	92.0
AMJCIJGH_01335	MER0000321	29.927	274	149	13	240	499	110	354	1.92e-21	92.8
AMJCIJGH_01335	MER0001725	31.673	281	165	9	257	533	62	319	3.08e-21	91.7
AMJCIJGH_01335	MER0001755	35.468	203	113	7	289	490	62	247	4.97e-21	90.1
AMJCIJGH_01335	MER0000362	34.524	252	119	12	268	499	76	301	9.33e-21	90.5
AMJCIJGH_01335	MER0002790	36.406	217	109	7	291	490	1	205	1.89e-20	87.4
AMJCIJGH_01335	MER0000349	31.535	241	124	11	288	499	141	369	2.26e-20	90.1
AMJCIJGH_01335	MER0000319	33.484	221	123	9	266	482	41	241	2.50e-20	88.2
AMJCIJGH_01335	MER0013656	35.122	205	111	7	288	491	58	241	3.28e-20	87.4
AMJCIJGH_01335	MER0000315	34.804	204	111	7	291	493	62	244	4.97e-20	87.0
AMJCIJGH_01335	MER0001523	35.468	203	113	7	289	490	62	247	7.65e-20	86.7
AMJCIJGH_01335	MER0000312	35.468	203	113	7	289	490	62	247	7.65e-20	86.7
AMJCIJGH_01335	MER0001520	34.314	204	112	7	291	493	62	244	7.75e-20	86.7
AMJCIJGH_01335	MER0000316	34.804	204	111	7	291	493	61	243	7.99e-20	86.3
AMJCIJGH_01335	MER0001906	34.314	204	112	7	291	493	62	244	2.21e-19	85.1
AMJCIJGH_01335	MER0004085	34.649	228	109	10	291	495	96	306	3.86e-19	85.5
AMJCIJGH_01335	MER0014744	34.894	235	116	8	276	493	88	302	4.99e-19	85.5
AMJCIJGH_01335	MER0042897	39.806	206	103	7	291	493	66	253	1.46e-18	82.8
AMJCIJGH_01335	MER0000311	37.198	207	112	7	288	493	61	250	1.70e-18	82.8
AMJCIJGH_01335	MER0155676	31.020	245	129	9	284	497	117	352	2.53e-18	84.0
AMJCIJGH_01335	MER0002500	30.714	280	148	11	245	504	129	382	3.47e-18	83.6
AMJCIJGH_01335	MER0019280	31.660	259	141	11	256	499	46	283	4.32e-18	82.0
AMJCIJGH_01335	MER0081072	32.367	207	119	6	291	496	61	247	7.24e-18	80.5
AMJCIJGH_01335	MER0050309	31.222	221	123	8	290	500	46	247	7.56e-18	82.8
AMJCIJGH_01335	MER0000361	32.773	238	120	11	281	496	94	313	1.04e-17	81.3
AMJCIJGH_01335	MER0000326	30.453	243	131	10	256	495	46	253	1.16e-17	80.9
AMJCIJGH_01335	MER0006074	29.897	291	151	14	218	496	26	275	3.47e-17	79.3
AMJCIJGH_01335	MER0030016	30.742	283	131	15	229	496	44	276	3.49e-17	79.0
AMJCIJGH_01335	MER0006023	31.298	262	139	9	258	496	64	307	3.94e-17	79.7
AMJCIJGH_01335	MER0016688	31.128	257	116	12	282	493	51	291	4.01e-17	79.3
AMJCIJGH_01335	MER0037258	32.340	235	138	8	279	496	65	295	4.20e-17	79.3
AMJCIJGH_01335	MER0161312	33.475	236	127	9	289	496	92	325	5.28e-17	79.7
AMJCIJGH_01335	MER0002516	32.889	225	119	9	276	494	66	264	1.08e-16	77.4
AMJCIJGH_01335	MER0016697	31.651	218	102	8	291	479	98	297	1.41e-16	78.2
AMJCIJGH_01335	MER0002267	32.093	215	115	8	291	498	71	261	1.56e-15	73.9
AMJCIJGH_01335	MER0000358	28.916	249	127	11	258	492	49	261	1.70e-15	75.1
AMJCIJGH_01335	MER0003536	29.515	227	122	8	291	496	71	280	1.75e-15	74.3
AMJCIJGH_01335	MER0014446	31.064	235	111	8	286	496	192	399	2.33e-15	75.1
AMJCIJGH_01335	MER0000359	30.078	256	126	12	256	498	64	279	5.05e-15	72.8
AMJCIJGH_01335	MER0114485	25.260	289	163	9	223	477	56	325	1.56e-14	72.4
AMJCIJGH_01335	MER0068994	27.217	327	162	13	231	503	66	370	2.20e-14	72.0
AMJCIJGH_01335	MER0000351	27.757	263	121	10	235	478	72	284	5.01e-14	69.7
AMJCIJGH_01335	MER0005859	31.008	258	110	13	289	501	240	474	5.34e-14	71.2
AMJCIJGH_01335	MER0003117	29.758	289	152	12	210	485	3	253	5.96e-14	69.3
AMJCIJGH_01335	MER0004720	27.236	246	134	9	256	493	49	257	9.54e-14	68.6
AMJCIJGH_01335	MER0000325	31.538	260	136	12	258	512	48	270	1.51e-13	68.6
AMJCIJGH_01335	MER0004123	27.686	242	127	9	288	493	76	305	1.98e-13	68.2
AMJCIJGH_01335	MER0050310	27.935	247	126	12	283	505	94	312	4.77e-13	67.8
AMJCIJGH_01335	MER0000350	27.027	259	134	8	280	494	79	326	6.68e-13	67.0
AMJCIJGH_01335	MER0016986	28.400	250	128	9	289	494	88	330	8.29e-13	66.6
AMJCIJGH_01335	MER0000357	32.850	207	98	9	291	482	77	257	1.39e-12	65.5
AMJCIJGH_01335	MER0002764	32.632	190	98	8	291	475	89	253	1.49e-12	65.5
AMJCIJGH_01335	MER0000353	27.843	255	117	10	235	472	123	327	1.58e-12	65.5
AMJCIJGH_01335	MER0005078	28.205	195	106	7	291	477	80	248	2.89e-12	64.3
AMJCIJGH_01335	MER0003020	26.846	298	150	11	289	527	224	512	2.92e-12	65.9
AMJCIJGH_01335	MER0000328	34.673	199	98	11	291	479	72	248	3.14e-12	64.3
AMJCIJGH_01335	MER0016991	27.206	272	156	8	277	520	64	321	5.34e-12	63.9
AMJCIJGH_01335	MER0014085	25.926	297	165	11	255	496	44	340	9.00e-12	63.5
AMJCIJGH_01335	MER0005790	27.016	248	120	8	245	476	66	268	1.12e-11	62.4
AMJCIJGH_01335	MER0000347	28.151	238	132	9	288	502	116	337	1.23e-11	63.5
AMJCIJGH_01335	MER0022415	27.602	221	123	9	287	495	79	274	1.43e-11	63.2
AMJCIJGH_01335	MER0000356	31.950	241	111	12	258	482	66	269	2.51e-11	62.0
AMJCIJGH_01335	MER0067924	27.755	245	128	11	281	494	47	273	2.70e-11	61.2
AMJCIJGH_01335	MER0028258	30.268	261	122	11	281	493	94	342	6.12e-11	60.8
AMJCIJGH_01335	MER0000338	28.774	212	114	9	291	492	72	256	6.40e-11	60.1
AMJCIJGH_01335	MER0024902	27.027	222	135	6	291	496	97	307	7.16e-11	60.5
AMJCIJGH_01335	MER0000335	29.717	212	111	9	291	492	69	252	8.82e-11	59.7
AMJCIJGH_01335	MER0006037	26.978	278	146	12	227	493	33	264	1.06e-10	59.7
AMJCIJGH_01335	MER0004988	26.291	213	138	6	291	496	71	271	1.59e-10	58.9
AMJCIJGH_01335	MER0006048	24.188	277	145	9	281	496	78	350	1.82e-10	59.7
AMJCIJGH_01335	MER0006049	25.540	278	134	9	289	496	83	357	2.19e-10	59.3
AMJCIJGH_01335	MER0005712	24.915	293	166	10	291	532	88	377	2.72e-10	58.9
AMJCIJGH_01335	MER0006297	29.060	234	133	10	271	479	241	466	2.78e-10	59.3
AMJCIJGH_01335	MER0055027	29.412	238	124	12	278	497	60	271	3.07e-10	58.9
AMJCIJGH_01335	MER0000348	26.201	229	120	5	290	476	87	308	3.95e-10	58.5
AMJCIJGH_01335	MER0013641	28.632	234	130	10	288	496	80	301	4.57e-10	58.5
AMJCIJGH_01335	MER0014300	28.682	258	119	10	287	496	75	315	5.00e-10	58.2
AMJCIJGH_01335	MER0005699	26.971	241	120	11	331	517	156	394	5.47e-10	58.2
AMJCIJGH_01335	MER0002739	28.689	244	112	11	278	479	79	302	1.81e-09	56.6
AMJCIJGH_01335	MER0015436	31.897	116	70	3	421	527	347	462	1.88e-09	56.6
AMJCIJGH_01335	MER0005931	29.437	231	108	9	283	493	23	218	3.09e-09	54.7
AMJCIJGH_01335	MER0001368	23.308	266	135	9	288	496	82	335	3.97e-09	55.5
AMJCIJGH_01335	MER0000344	30.151	199	102	9	291	479	88	259	4.12e-09	54.7
AMJCIJGH_01335	MER0000383	26.639	244	153	8	268	496	39	271	9.53e-09	53.5
AMJCIJGH_01335	MER0015432	23.368	291	161	10	289	517	85	375	1.12e-08	53.9
AMJCIJGH_01335	MER0000374	26.724	232	136	9	283	498	62	275	1.32e-08	53.1
AMJCIJGH_01335	MER0003122	25.879	313	156	11	254	498	43	347	1.72e-08	53.5
AMJCIJGH_01335	MER0015438	32.381	105	51	2	412	496	346	450	2.58e-08	53.1
AMJCIJGH_01335	MER0015435	26.027	146	82	5	398	517	327	472	2.84e-08	53.1
AMJCIJGH_01335	MER0005710	32.609	92	49	2	419	497	343	434	3.06e-08	52.8
AMJCIJGH_01335	MER0000364	29.870	231	133	10	282	498	61	276	3.51e-08	52.0
AMJCIJGH_01335	MER0014089	35.870	92	46	3	418	496	343	434	4.16e-08	52.4
AMJCIJGH_01335	MER0000336	25.000	264	150	11	244	498	44	268	5.25e-08	51.2
AMJCIJGH_01335	MER0005774	31.746	126	66	5	419	527	336	458	6.41e-08	52.0
AMJCIJGH_01335	MER0015431	22.945	292	139	9	289	518	84	351	8.61e-08	51.2
AMJCIJGH_01335	MER0015437	31.818	110	63	4	419	517	345	453	8.65e-08	51.2
AMJCIJGH_01335	MER0047718	27.027	296	151	13	240	477	21	309	9.19e-08	50.8
AMJCIJGH_01335	MER0003688	26.939	245	129	11	289	489	88	326	9.36e-08	50.8
AMJCIJGH_01335	MER0004641	23.897	272	142	10	289	496	84	354	1.13e-07	50.8
AMJCIJGH_01335	MER0002771	23.368	291	156	10	263	496	49	329	1.41e-07	50.4
AMJCIJGH_01335	MER0000340	27.232	224	121	11	291	496	74	273	1.59e-07	50.1
AMJCIJGH_01335	MER0003256	28.655	171	88	9	291	450	60	207	1.68e-07	49.7
AMJCIJGH_01335	MER0014465	35.714	98	49	3	410	495	350	445	1.71e-07	50.4
AMJCIJGH_01335	MER0004652	30.275	109	61	3	430	528	431	534	2.30e-07	50.1
AMJCIJGH_01335	MER0000329	23.636	275	122	9	291	493	76	334	3.54e-07	49.3
AMJCIJGH_01335	MER0006036	32.258	93	47	3	421	499	353	443	5.12e-07	48.9
AMJCIJGH_01335	MER0001454	30.000	90	45	2	425	496	238	327	6.35e-07	48.5
AMJCIJGH_01335	MER0015427	23.485	264	142	9	289	496	84	343	6.85e-07	48.1
AMJCIJGH_01335	MER0175622	27.876	226	122	12	291	496	74	278	7.47e-07	47.8
AMJCIJGH_01335	MER0001603	24.895	237	136	7	282	496	54	270	1.22e-06	47.0
AMJCIJGH_01335	MER0015433	29.412	119	68	4	428	531	353	470	1.40e-06	47.4
AMJCIJGH_01335	MER0005775	31.532	111	63	5	431	531	375	482	1.48e-06	47.4
AMJCIJGH_01335	MER0001467	23.874	222	116	10	312	496	131	336	1.49e-06	47.4
AMJCIJGH_01335	MER0001604	28.511	235	128	12	281	496	60	273	2.28e-06	46.2
AMJCIJGH_01335	MER0087792	24.537	216	132	5	291	479	97	308	3.16e-06	46.2
AMJCIJGH_01335	MER0025143	26.667	225	106	8	291	479	71	272	3.56e-06	45.8
AMJCIJGH_01335	MER0014312	33.696	92	41	4	425	496	309	400	3.56e-06	46.2
AMJCIJGH_01335	MER0005700	24.434	221	140	8	334	531	177	393	4.26e-06	45.8
AMJCIJGH_01335	MER0001514	24.895	237	156	7	273	496	44	271	6.13e-06	45.1
AMJCIJGH_01335	MER0013896	30.682	88	42	2	428	496	358	445	8.38e-06	45.1
AMJCIJGH_01335	MER0013893	35.443	79	41	2	430	498	433	511	8.87e-06	45.1
AMJCIJGH_01336	MER0005328	28.342	187	108	7	308	474	17	197	4.20e-11	59.7
AMJCIJGH_01336	MER0002755	27.215	158	92	7	336	477	50	200	1.11e-10	58.5
AMJCIJGH_01336	MER0011345	26.577	222	128	9	308	500	28	243	2.70e-10	58.2
AMJCIJGH_01336	MER0006264	21.154	156	116	3	336	484	27	182	3.85e-09	53.5
AMJCIJGH_01336	MER0004243	25.714	210	136	5	283	484	19	216	3.97e-09	54.3
AMJCIJGH_01336	MER0011438	23.750	160	102	4	326	468	38	194	9.38e-09	52.8
AMJCIJGH_01336	MER0001009	21.143	175	132	3	351	522	13	184	1.28e-08	52.4
AMJCIJGH_01336	MER0002003	22.794	136	101	2	353	484	82	217	2.71e-08	51.6
AMJCIJGH_01336	MER0002746	22.222	162	121	3	346	504	72	231	4.11e-08	51.2
AMJCIJGH_01336	MER0011440	23.353	167	109	4	318	478	51	204	4.89e-08	50.8
AMJCIJGH_01336	MER0091680	26.490	151	101	4	353	497	67	213	6.15e-08	50.4
AMJCIJGH_01336	MER0001017	27.419	186	109	7	336	500	60	240	6.72e-08	50.8
AMJCIJGH_01336	MER0019759	23.718	156	113	4	353	504	77	230	1.00e-07	50.1
AMJCIJGH_01336	MER0011369	24.806	129	92	3	353	477	91	218	1.95e-07	49.3
AMJCIJGH_01336	MER0001010	22.819	149	106	3	351	493	54	199	2.72e-07	48.5
AMJCIJGH_01336	MER0002422	25.806	155	96	4	338	484	63	206	2.96e-07	48.5
AMJCIJGH_01336	MER0002968	21.705	129	99	2	358	484	87	215	2.99e-07	48.5
AMJCIJGH_01336	MER0019096	24.848	165	100	6	346	503	48	195	3.29e-07	48.1
AMJCIJGH_01336	MER0028449	25.175	143	92	4	353	484	83	221	4.35e-07	48.1
AMJCIJGH_01336	MER0011183	20.395	152	117	3	356	503	71	222	4.85e-07	48.1
AMJCIJGH_01336	MER0000997	23.529	204	136	4	285	480	22	213	5.30e-07	47.8
AMJCIJGH_01336	MER0036308	31.507	73	42	2	336	403	58	127	6.95e-07	47.8
AMJCIJGH_01336	MER0168983	22.561	164	107	5	321	475	1	153	2.43e-06	45.1
AMJCIJGH_01336	MER0002281	31.818	88	48	3	320	398	41	125	3.02e-06	45.8
AMJCIJGH_01336	MER0012283	25.824	182	96	7	321	477	41	208	3.88e-06	45.1
AMJCIJGH_01336	MER0002078	22.024	168	116	4	346	504	70	231	5.05e-06	45.1
AMJCIJGH_01336	MER0168177	23.077	156	102	5	340	486	19	165	8.11e-06	43.5
AMJCIJGH_01336	MER0001185	21.106	199	127	7	309	484	24	215	8.39e-06	44.3
AMJCIJGH_01340	MER0003514	45.752	153	80	1	192	344	4	153	5.26e-37	132
AMJCIJGH_01340	MER0001297	43.671	158	86	1	190	347	2	156	6.70e-36	129
AMJCIJGH_01340	MER0001425	44.099	161	85	2	191	347	3	162	2.99e-34	124
AMJCIJGH_01340	MER0003413	38.158	152	92	1	190	341	2	151	9.17e-32	117
AMJCIJGH_01340	MER0003065	42.953	149	82	1	193	341	5	150	1.58e-31	117
AMJCIJGH_01340	MER0004196	40.000	160	93	3	189	347	1	158	1.61e-27	105
AMJCIJGH_01340	MER0005714	38.889	162	79	3	192	340	4	158	1.40e-26	103
AMJCIJGH_01340	MER0015684	38.667	150	91	1	191	340	3	151	3.53e-26	102
AMJCIJGH_01340	MER0004195	32.484	157	104	1	189	345	1	155	6.78e-23	92.8
AMJCIJGH_01340	MER0001295	34.524	168	96	4	190	345	2	167	6.38e-19	81.6
AMJCIJGH_01340	MER0195376	28.276	145	81	5	193	314	3	147	4.52e-06	44.3
AMJCIJGH_01350	MER0168983	27.273	165	102	5	276	436	1	151	7.63e-13	63.5
AMJCIJGH_01350	MER0168177	29.677	155	87	6	276	423	1	140	1.23e-09	54.3
AMJCIJGH_01350	MER0005331	24.757	206	141	4	248	441	2	205	6.25e-09	53.1
AMJCIJGH_01350	MER0019754	25.131	191	122	6	265	438	1	187	4.22e-08	50.4
AMJCIJGH_01350	MER0001017	27.891	147	75	6	328	451	84	222	4.47e-07	48.1
AMJCIJGH_01350	MER0002755	25.134	187	113	6	272	442	27	202	5.18e-07	47.4
AMJCIJGH_01350	MER0011401	27.815	151	80	6	291	420	39	181	5.23e-07	47.4
AMJCIJGH_01350	MER0001009	22.674	172	120	4	328	487	20	190	1.73e-06	45.8
AMJCIJGH_01350	MER0002746	23.810	210	133	8	277	468	32	232	6.20e-06	44.7
AMJCIJGH_01352	MER0001284	35.135	148	82	3	66	211	4	139	1.22e-17	79.3
AMJCIJGH_01352	MER0004514	28.333	120	84	1	110	227	36	155	2.38e-12	63.5
AMJCIJGH_01352	MER0100667	33.028	109	61	3	110	214	24	124	1.07e-09	55.5
AMJCIJGH_01462	MER0005900	23.585	212	127	7	74	258	38	241	3.83e-06	45.4
AMJCIJGH_01484	MER0005163	34.328	67	44	0	10	76	198	264	1.73e-09	48.9
AMJCIJGH_01484	MER0002655	37.500	56	30	2	18	73	323	373	3.07e-08	45.8
AMJCIJGH_01484	MER0003815	30.986	71	49	0	6	76	224	294	4.15e-08	45.1
AMJCIJGH_01484	MER0002659	35.211	71	45	1	6	76	321	390	5.17e-08	45.1
AMJCIJGH_01484	MER0002014	38.333	60	36	1	18	77	333	391	3.23e-07	42.7
AMJCIJGH_01484	MER0002013	30.556	72	50	0	6	77	323	394	3.60e-07	42.7
AMJCIJGH_01484	MER0002007	39.535	43	26	0	16	58	331	373	3.63e-07	42.7
AMJCIJGH_01484	MER0005173	29.167	72	51	0	6	77	302	373	8.39e-07	41.6
AMJCIJGH_01484	MER0005155	25.397	63	47	0	6	68	317	379	2.24e-06	40.4
AMJCIJGH_01484	MER0015354	28.169	71	51	0	6	76	218	288	5.63e-06	39.3
AMJCIJGH_01543	MER0005300	38.136	118	68	2	173	286	46	162	1.33e-19	80.9
AMJCIJGH_01543	MER0069741	42.105	95	53	2	188	282	70	162	2.82e-19	80.1
AMJCIJGH_01543	MER0003380	34.234	111	65	2	172	282	129	231	1.01e-14	68.9
AMJCIJGH_01543	MER0003376	33.333	126	68	5	176	286	33	157	1.84e-14	67.0
AMJCIJGH_01543	MER0003906	37.143	105	59	3	188	286	1	104	6.80e-13	60.8
AMJCIJGH_01543	MER0001419	35.632	87	53	2	188	272	32	117	3.36e-11	57.0
AMJCIJGH_01543	MER0387040	30.392	102	65	3	188	286	1	99	8.40e-11	55.1
AMJCIJGH_01543	MER0066182	30.097	103	66	3	188	287	92	191	2.57e-10	55.8
AMJCIJGH_01543	MER0003423	35.632	87	53	2	188	272	32	117	3.35e-10	54.3
AMJCIJGH_01543	MER0013541	31.395	86	58	1	188	273	1	85	2.01e-08	47.8
AMJCIJGH_01543	MER0015415	28.358	134	84	5	160	283	34	165	1.47e-07	47.4
AMJCIJGH_01550	MER0014135	42.910	268	153	0	92	359	1	268	5.59e-78	238
AMJCIJGH_01550	MER0000488	27.338	139	83	4	232	360	104	234	6.10e-07	47.0
AMJCIJGH_01550	MER0005837	24.545	110	76	4	258	360	138	247	1.44e-06	45.8
AMJCIJGH_01550	MER0004236	28.431	102	67	1	266	361	161	262	8.00e-06	43.5
AMJCIJGH_01550	MER0000485	23.585	106	74	2	258	356	126	231	9.56e-06	43.1
AMJCIJGH_01582	MER0001244	41.353	266	137	7	174	425	1	261	2.34e-60	194
AMJCIJGH_01582	MER0013463	36.502	263	152	4	174	425	1	259	1.59e-53	176
AMJCIJGH_01582	MER0001733	30.717	293	160	4	174	425	1	291	7.09e-45	154
AMJCIJGH_01582	MER0028601	31.250	272	161	9	174	425	1	266	1.22e-39	140
AMJCIJGH_01582	MER0004931	33.473	239	133	5	175	409	2	218	3.75e-35	127
AMJCIJGH_01582	MER0004532	33.473	239	128	6	174	406	1	214	2.49e-34	124
AMJCIJGH_01582	MER0001248	30.800	250	123	6	222	425	7	252	5.49e-33	122
AMJCIJGH_01582	MER0005462	30.417	240	141	5	174	409	1	218	5.19e-32	118
AMJCIJGH_01582	MER0005715	29.921	254	138	8	174	419	1	222	4.24e-24	97.1
AMJCIJGH_01582	MER0002038	25.506	247	152	8	174	412	1	223	9.95e-17	75.9
AMJCIJGH_01582	MER0001250	24.579	297	158	11	176	419	3	286	2.93e-16	75.9
AMJCIJGH_01582	MER0027437	27.136	199	110	9	221	407	54	229	4.91e-12	62.8
AMJCIJGH_01582	MER0016544	27.136	199	109	7	228	413	81	256	7.35e-12	62.4
AMJCIJGH_01582	MER0013589	23.288	219	136	7	178	385	1	198	3.50e-07	48.1
AMJCIJGH_01582	MER0013929	23.982	221	132	8	178	385	5	202	2.16e-06	45.8
AMJCIJGH_01620	MER0006198	22.251	391	269	12	19	392	150	522	6.26e-20	88.2
AMJCIJGH_01620	MER0003306	42.647	68	38	1	47	114	178	244	1.74e-08	53.1
AMJCIJGH_01620	MER0035254	19.458	406	264	14	14	382	154	533	1.53e-06	47.0
AMJCIJGH_01685	MER0005694	53.455	275	127	1	431	705	8	281	3.82e-99	304
AMJCIJGH_01685	MER0000392	51.064	282	128	4	436	708	3	283	2.00e-98	302
AMJCIJGH_01685	MER0015621	50.704	284	123	4	436	703	13	295	2.13e-93	289
AMJCIJGH_01685	MER0079308	51.673	269	122	5	439	703	6	270	2.52e-92	286
AMJCIJGH_01685	MER0022823	54.104	268	116	6	436	697	3	269	2.15e-91	283
AMJCIJGH_01685	MER0981959	48.746	279	125	5	435	697	1	277	5.49e-88	275
AMJCIJGH_01685	MER0011450	50.538	279	127	5	436	705	3	279	5.34e-87	272
AMJCIJGH_01685	MER0002490	46.853	286	127	5	436	697	13	297	5.54e-85	268
AMJCIJGH_01685	MER0325901	45.985	274	143	5	436	705	1	273	4.79e-74	238
AMJCIJGH_01685	MER0000398	43.561	264	136	7	440	703	4	254	4.52e-62	205
AMJCIJGH_01685	MER0003229	36.940	268	161	5	436	702	11	271	1.29e-52	180
AMJCIJGH_01685	MER0000410	31.835	267	177	3	436	699	13	277	2.87e-39	143
AMJCIJGH_01685	MER0011872	30.357	280	187	5	432	705	9	286	2.73e-33	126
AMJCIJGH_01685	MER0082498	31.081	222	143	4	450	661	12	233	4.77e-26	105
AMJCIJGH_01685	MER0004227	29.439	214	147	2	450	660	33	245	2.29e-22	95.1
AMJCIJGH_01685	MER0082653	27.200	250	160	7	450	678	16	264	5.02e-22	93.6
AMJCIJGH_01685	MER0001920	26.201	229	157	6	475	697	21	243	1.96e-09	55.8
AMJCIJGH_01685	MER0005807	25.128	195	138	4	443	637	34	220	3.00e-09	55.5
AMJCIJGH_01685	MER0004923	24.540	163	116	4	438	593	32	194	6.26e-07	48.5
AMJCIJGH_01685	MER0003558	22.159	176	134	2	473	648	39	211	3.62e-06	45.8
AMJCIJGH_01685	MER0015682	25.214	234	157	9	468	696	85	305	3.86e-06	46.2
AMJCIJGH_01722	MER0192051	24.841	157	109	2	17	167	95	248	1.92e-12	63.2
AMJCIJGH_01722	MER0191412	20.346	231	130	4	16	193	17	246	9.34e-08	48.9
AMJCIJGH_01725	MER0000589	40.909	66	35	1	81	142	163	228	1.94e-11	58.2
AMJCIJGH_01725	MER0013626	33.333	96	46	2	70	147	55	150	6.89e-11	55.1
AMJCIJGH_01729	MER0048181	32.168	143	84	3	64	194	1	142	2.66e-10	54.7
AMJCIJGH_01729	MER0015473	25.000	160	102	5	57	203	31	185	8.51e-07	45.8
AMJCIJGH_01729	MER0015472	28.125	160	105	5	56	210	37	191	1.00e-06	45.4
AMJCIJGH_01729	MER0035036	25.000	156	102	5	57	202	75	225	2.77e-06	44.7
AMJCIJGH_01730	MER0030047	27.473	182	79	6	2	182	5	134	4.15e-11	55.5
AMJCIJGH_01730	MER0015472	26.702	191	93	4	2	192	52	195	1.70e-10	55.1
AMJCIJGH_01730	MER0035036	26.136	176	80	4	2	176	95	221	4.95e-10	54.3
AMJCIJGH_01730	MER0015473	27.778	180	84	5	7	182	49	186	7.18e-10	53.1
AMJCIJGH_01730	MER0015458	28.042	189	81	7	1	179	58	201	1.24e-08	50.1
AMJCIJGH_01730	MER0015459	50.000	40	20	0	1	40	56	95	3.20e-08	48.9
AMJCIJGH_01730	MER0015462	45.000	40	22	0	1	40	54	93	6.03e-06	42.0
AMJCIJGH_01756	MER0002443	38.462	117	66	3	69	184	6	117	5.60e-23	85.9
AMJCIJGH_01756	MER0004035	36.842	114	64	3	71	183	5	111	8.60e-23	85.1
AMJCIJGH_01756	MER0003807	35.246	122	73	3	64	184	1	117	1.83e-19	76.6
AMJCIJGH_01756	MER0004054	31.746	126	76	6	65	185	2	122	1.99e-15	66.2
AMJCIJGH_01756	MER0003986	35.965	114	64	5	64	174	1	108	6.79e-15	64.7
AMJCIJGH_01756	MER0003808	35.537	121	63	7	64	181	1	109	7.22e-13	59.3
AMJCIJGH_01756	MER0003805	32.283	127	67	6	64	185	1	113	1.35e-12	58.5
AMJCIJGH_01756	MER0024252	38.095	84	45	2	76	159	14	90	8.67e-12	56.6
AMJCIJGH_01756	MER0002450	32.500	120	72	5	64	183	1	111	9.43e-12	56.2
AMJCIJGH_01756	MER0377310	33.333	111	65	5	64	174	1	102	3.90e-11	54.7
AMJCIJGH_01756	MER0377307	33.333	111	65	5	64	174	1	102	3.90e-11	54.7
AMJCIJGH_01756	MER0376722	37.383	107	52	7	64	167	1	95	2.90e-10	52.0
AMJCIJGH_01756	MER0377178	32.432	111	66	5	64	174	1	102	1.15e-09	50.4
AMJCIJGH_01756	MER0001322	31.250	112	59	5	64	171	1	98	8.02e-09	48.5
AMJCIJGH_01756	MER0377450	33.981	103	50	5	64	161	1	90	2.69e-08	46.6
AMJCIJGH_01756	MER0014188	30.612	98	53	4	64	158	1	86	2.20e-07	44.7
AMJCIJGH_01756	MER0038100	27.966	118	68	5	76	183	14	124	6.24e-07	43.5
AMJCIJGH_01756	MER0031199	37.255	51	32	0	80	130	1	51	1.48e-06	41.2
AMJCIJGH_01756	MER0014672	27.500	80	45	1	64	130	1	80	3.77e-06	41.6
AMJCIJGH_01761	MER0001423	64.224	232	83	0	486	717	1	232	2.82e-109	328
AMJCIJGH_01761	MER0000399	44.487	263	134	7	463	719	1	257	1.03e-63	210
AMJCIJGH_01761	MER0000401	41.379	261	146	4	463	719	2	259	2.03e-58	196
AMJCIJGH_01761	MER0000405	38.060	268	151	7	463	718	2	266	3.52e-57	192
AMJCIJGH_01761	MER0011305	43.333	240	127	6	487	721	20	255	1.51e-53	182
AMJCIJGH_01761	MER0058228	37.759	241	147	3	483	721	3	242	7.20e-52	177
AMJCIJGH_01761	MER0005196	36.957	230	144	1	487	716	22	250	1.48e-50	174
AMJCIJGH_01761	MER0004504	39.574	235	130	5	490	715	2	233	5.20e-50	172
AMJCIJGH_01761	MER0011413	37.447	235	141	3	489	718	6	239	3.56e-48	167
AMJCIJGH_01761	MER0013484	39.394	231	132	3	487	709	4	234	1.53e-46	162
AMJCIJGH_01761	MER0011231	37.165	261	152	8	463	716	1	256	1.94e-46	163
AMJCIJGH_01761	MER0005987	37.662	231	134	6	494	719	35	260	5.17e-46	161
AMJCIJGH_01761	MER0000404	34.717	265	162	7	463	719	1	262	1.47e-43	155
AMJCIJGH_01761	MER0004923	33.725	255	165	2	468	718	36	290	1.54e-41	150
AMJCIJGH_01761	MER0005994	33.080	263	168	5	463	719	2	262	1.78e-41	149
AMJCIJGH_01761	MER0004921	32.068	237	148	5	487	716	4	234	6.26e-39	141
AMJCIJGH_01761	MER0004193	34.874	238	148	5	487	721	3	236	6.71e-37	135
AMJCIJGH_01761	MER0000403	28.516	256	174	5	467	716	5	257	3.39e-35	131
AMJCIJGH_01761	MER0192427	31.915	235	151	4	470	700	49	278	3.18e-34	129
AMJCIJGH_01761	MER0195666	34.762	210	121	6	487	686	1	204	2.27e-33	125
AMJCIJGH_01761	MER0004199	33.476	233	137	9	494	719	1	222	4.72e-31	118
AMJCIJGH_01761	MER0003361	27.273	231	155	7	473	698	5	227	1.64e-24	100
AMJCIJGH_01761	MER0005988	29.091	110	77	1	592	700	2	111	8.00e-15	68.2
AMJCIJGH_01761	MER0003558	24.194	248	169	6	470	705	6	246	2.08e-13	67.8
AMJCIJGH_01761	MER0034615	26.068	234	156	7	479	700	2	230	2.47e-11	61.2
AMJCIJGH_01761	MER0017401	27.948	229	143	8	482	699	2	219	3.50e-11	60.8
AMJCIJGH_01761	MER0005807	25.238	210	136	5	500	700	62	259	7.33e-11	60.5
AMJCIJGH_01761	MER0016096	22.267	247	175	7	483	716	2	244	2.67e-10	58.2
AMJCIJGH_01761	MER0140224	27.230	213	136	4	501	700	13	219	3.83e-10	57.8
AMJCIJGH_01761	MER0030932	26.214	206	124	7	529	720	54	245	1.31e-08	53.1
AMJCIJGH_01761	MER0000263	22.822	241	160	7	483	707	2	232	5.13e-08	51.2
AMJCIJGH_01761	MER0018170	21.101	218	154	3	495	699	20	232	1.63e-07	50.1
AMJCIJGH_01761	MER0126485	27.397	146	97	3	529	666	39	183	7.78e-07	47.8
AMJCIJGH_01761	MER0005694	22.467	227	158	6	468	681	13	234	7.63e-06	45.1
AMJCIJGH_01777	MER0437468	39.255	349	198	4	197	532	1	348	2.57e-83	260
AMJCIJGH_01777	MER0065554	48.092	262	124	3	289	540	9	268	1.53e-82	255
AMJCIJGH_01777	MER0436717	35.930	398	187	9	197	531	1	393	2.53e-67	220
AMJCIJGH_01777	MER0031278	24.706	255	134	11	305	535	27	247	5.84e-07	47.8
AMJCIJGH_01791	MER0036115	27.564	156	100	7	49	194	5	157	8.34e-10	55.5
AMJCIJGH_01791	MER0035032	28.704	108	67	5	72	171	23	128	1.45e-06	45.4
AMJCIJGH_01791	MER0035044	28.125	128	81	6	52	171	6	130	1.95e-06	45.1
AMJCIJGH_01791	MER0035038	28.333	120	76	5	52	163	3	120	2.34e-06	45.1
AMJCIJGH_01791	MER0031619	25.694	144	97	5	57	193	6	146	2.73e-06	44.7
AMJCIJGH_01823	MER0037236	27.092	251	157	6	15	242	13	260	4.85e-18	78.2
AMJCIJGH_01823	MER0004146	24.710	259	158	9	13	242	10	260	4.56e-15	69.7
AMJCIJGH_01823	MER0031611	24.908	273	167	8	10	249	23	290	2.59e-11	59.3
AMJCIJGH_01823	MER0036068	26.984	189	121	5	70	241	105	293	4.06e-11	58.9
AMJCIJGH_01823	MER0036076	25.000	212	134	7	47	241	88	291	4.52e-10	55.8
AMJCIJGH_01823	MER0036066	22.709	251	153	9	22	242	1	240	7.32e-10	54.7
AMJCIJGH_01823	MER0003537	26.131	199	117	7	81	251	88	284	2.11e-09	53.5
AMJCIJGH_01823	MER0036073	24.427	262	131	10	22	242	80	315	7.07e-09	52.4
AMJCIJGH_01823	MER0036078	24.051	237	141	9	18	238	28	241	1.26e-08	51.2
AMJCIJGH_01823	MER0036067	22.689	238	164	7	22	240	52	288	4.66e-08	49.7
AMJCIJGH_01823	MER0035973	24.551	167	110	4	87	242	125	286	4.76e-08	49.7
AMJCIJGH_01823	MER0017193	22.180	266	167	7	17	251	21	277	5.93e-08	49.3
AMJCIJGH_01823	MER0017033	21.488	242	162	8	22	242	65	299	9.00e-08	48.9
AMJCIJGH_01823	MER0036054	22.066	213	133	6	60	239	58	270	1.53e-07	48.1
AMJCIJGH_01823	MER0036059	37.931	58	36	0	184	241	293	350	4.30e-07	47.0
AMJCIJGH_01823	MER0031610	21.970	264	161	11	10	241	42	292	4.31e-07	47.0
AMJCIJGH_01823	MER0036115	25.620	121	72	4	19	128	33	146	7.79e-07	46.2
AMJCIJGH_01823	MER0000437	21.887	265	166	8	17	241	22	285	9.56e-07	45.8
AMJCIJGH_01823	MER0011509	29.630	108	70	2	20	121	37	144	1.50e-06	45.1
AMJCIJGH_01823	MER0043008	21.176	255	180	8	16	251	15	267	6.33e-06	43.1
AMJCIJGH_01823	MER0036056	24.400	250	152	10	22	242	80	321	7.56e-06	43.1
AMJCIJGH_01826	MER0048181	32.867	143	80	2	46	173	1	142	9.59e-16	68.6
AMJCIJGH_01826	MER0015472	31.034	145	91	2	42	177	35	179	1.31e-13	63.9
AMJCIJGH_01826	MER0015473	32.414	145	86	4	46	178	37	181	5.58e-13	62.4
AMJCIJGH_01826	MER0015632	28.507	221	116	10	13	207	5	209	1.80e-10	55.5
AMJCIJGH_01826	MER0030047	28.889	135	86	3	49	177	1	131	5.96e-09	50.1
AMJCIJGH_01826	MER0035036	29.851	134	92	2	46	177	88	221	1.39e-08	50.4
AMJCIJGH_01826	MER0015459	29.787	141	89	3	38	178	42	172	1.44e-08	50.1
AMJCIJGH_01826	MER0015633	37.209	86	49	2	38	122	42	123	1.87e-08	49.7
AMJCIJGH_01826	MER0015659	34.940	83	51	1	38	120	42	121	6.80e-08	48.1
AMJCIJGH_01826	MER0094384	27.528	178	100	5	41	205	31	192	2.63e-07	46.2
AMJCIJGH_01826	MER0017405	28.378	148	93	4	41	188	41	175	4.08e-07	45.4
AMJCIJGH_01826	MER0047976	36.709	79	47	1	42	120	9	84	7.07e-07	44.7
AMJCIJGH_01826	MER0015462	32.143	84	53	2	37	119	39	119	1.41e-06	43.9
AMJCIJGH_01826	MER0015630	35.802	81	49	1	42	122	49	126	1.74e-06	43.9
AMJCIJGH_01826	MER0015470	32.955	88	54	3	39	125	5	88	2.38e-06	43.1
AMJCIJGH_01826	MER0026388	33.333	87	55	1	45	131	283	366	2.41e-06	44.3
AMJCIJGH_01826	MER0015686	32.530	83	53	1	38	120	42	121	3.65e-06	43.1
AMJCIJGH_01830	MER0001978	47.310	539	274	6	28	560	21	555	3.57e-167	483
AMJCIJGH_01830	MER0011811	34.276	566	328	13	10	551	3	548	1.74e-82	265
AMJCIJGH_01830	MER0011800	31.774	513	326	9	28	525	21	524	2.19e-75	247
AMJCIJGH_01830	MER0011215	32.417	509	316	12	33	526	3	498	1.61e-71	234
AMJCIJGH_01830	MER0005029	32.781	543	313	18	41	552	1	522	4.49e-70	231
AMJCIJGH_01830	MER0005831	33.633	556	330	18	20	552	11	550	8.57e-68	226
AMJCIJGH_01830	MER0011143	32.515	489	279	12	40	504	33	494	6.47e-67	224
AMJCIJGH_01830	MER0011211	31.262	515	322	12	27	523	20	520	8.14e-67	223
AMJCIJGH_01830	MER0006124	30.864	567	348	20	18	557	9	558	1.70e-65	220
AMJCIJGH_01830	MER0003580	31.758	529	322	14	29	537	22	531	8.63e-62	210
AMJCIJGH_01830	MER0001629	32.790	552	337	16	23	557	16	550	1.25e-61	209
AMJCIJGH_01830	MER0002720	31.337	501	280	18	44	538	17	459	1.03e-51	181
AMJCIJGH_01830	MER0004194	31.463	499	300	19	42	517	1	480	1.20e-51	182
AMJCIJGH_01830	MER0004202	27.422	547	325	15	32	552	8	508	1.86e-50	178
AMJCIJGH_01830	MER0002728	30.980	510	304	16	51	525	47	543	5.77e-50	178
AMJCIJGH_01830	MER0001977	28.513	491	298	17	38	493	31	503	1.09e-43	160
AMJCIJGH_01830	MER0011193	29.380	548	349	18	21	544	12	545	2.84e-43	159
AMJCIJGH_01830	MER0094876	26.802	541	349	13	32	554	2	513	9.63e-34	131
AMJCIJGH_01830	MER0016970	26.367	512	341	17	29	525	21	511	4.45e-33	129
AMJCIJGH_01830	MER0002718	38.021	192	109	4	319	504	3	190	6.34e-29	110
AMJCIJGH_01830	MER0003440	27.040	429	256	13	31	453	24	401	4.21e-28	113
AMJCIJGH_01830	MER0006132	23.349	621	354	17	32	553	25	622	6.36e-25	105
AMJCIJGH_01830	MER0002721	32.864	213	112	5	369	553	37	246	3.39e-23	95.9
AMJCIJGH_01830	MER0026205	34.211	190	121	4	369	557	37	223	4.89e-22	92.0
AMJCIJGH_01830	MER0001976	33.158	190	113	6	369	557	37	213	8.21e-17	76.6
AMJCIJGH_01830	MER0026204	30.000	220	142	5	23	238	16	227	3.45e-15	72.0
AMJCIJGH_01830	MER0026207	26.984	189	110	5	369	557	37	197	7.42e-12	61.6
AMJCIJGH_01830	MER0016605	26.131	199	115	5	27	220	3	174	1.68e-09	56.6
AMJCIJGH_01830	MER0159283	26.490	151	87	3	27	175	3	131	1.78e-06	47.0
AMJCIJGH_01858	MER0043537	30.693	101	66	2	85	184	71	168	1.48e-10	55.8
AMJCIJGH_01858	MER0043387	26.496	117	80	2	87	200	57	170	1.22e-06	44.3
AMJCIJGH_01927	MER0035184	29.464	224	139	9	51	267	10	221	4.54e-21	85.9
AMJCIJGH_01927	MER0035185	31.553	206	123	8	52	250	11	205	1.37e-20	84.7
AMJCIJGH_01927	MER0017243	26.457	223	131	7	32	232	69	280	1.42e-20	86.3
AMJCIJGH_01927	MER0017250	31.606	193	118	7	64	250	22	206	1.60e-20	84.7
AMJCIJGH_01927	MER0017368	31.771	192	106	8	74	243	32	220	2.54e-20	84.3
AMJCIJGH_01927	MER0017246	27.706	231	134	7	20	221	21	247	3.09e-20	85.1
AMJCIJGH_01927	MER0031566	32.663	199	116	8	75	265	33	221	4.21e-19	80.5
AMJCIJGH_01927	MER0017244	30.000	210	130	7	48	250	48	247	6.39e-19	80.9
AMJCIJGH_01927	MER0033244	31.016	187	104	6	74	239	32	214	8.77e-19	80.5
AMJCIJGH_01927	MER0017256	29.756	205	129	8	64	263	61	255	1.43e-18	80.1
AMJCIJGH_01927	MER0017367	27.876	226	143	8	50	265	6	221	6.36e-18	77.4
AMJCIJGH_01927	MER0017240	29.091	165	109	3	106	262	13	177	3.75e-17	74.3
AMJCIJGH_01927	MER0017377	29.108	213	139	6	49	256	7	212	4.72e-17	75.1
AMJCIJGH_01927	MER0017371	26.991	226	145	9	50	265	6	221	1.01e-16	74.3
AMJCIJGH_01927	MER0017375	27.979	193	125	6	75	261	33	217	1.57e-16	73.6
AMJCIJGH_01927	MER0031564	31.156	199	122	7	75	268	33	221	3.47e-16	72.8
AMJCIJGH_01927	MER0017239	27.451	255	160	8	17	249	40	291	1.46e-15	72.0
AMJCIJGH_01927	MER0017374	28.643	199	130	7	63	256	42	233	1.54e-15	71.2
AMJCIJGH_01927	MER0017353	26.633	199	130	7	74	265	32	221	3.01e-15	70.1
AMJCIJGH_01927	MER0031568	32.105	190	111	9	75	256	33	212	8.79e-15	68.9
AMJCIJGH_01927	MER0017373	31.250	160	99	6	75	229	33	186	1.24e-14	67.8
AMJCIJGH_01927	MER0017378	29.524	210	113	8	75	256	33	235	6.34e-14	66.6
AMJCIJGH_01927	MER0017242	26.978	278	182	9	1	263	2	273	2.24e-13	65.5
AMJCIJGH_01927	MER0031558	27.933	179	104	7	74	229	53	229	3.42e-13	65.1
AMJCIJGH_01927	MER0017248	27.273	198	126	7	73	258	76	267	3.87e-13	64.7
AMJCIJGH_01927	MER0031556	32.576	132	83	4	101	229	92	220	1.79e-10	57.0
AMJCIJGH_01927	MER0017355	29.197	137	87	4	49	178	5	138	9.31e-10	53.5
AMJCIJGH_01927	MER0034962	27.059	170	105	5	74	232	32	193	1.53e-09	53.9
AMJCIJGH_01927	MER0031557	26.115	157	94	5	101	250	92	233	1.25e-08	51.6
AMJCIJGH_01927	MER0066184	23.789	227	147	7	61	262	19	244	2.62e-08	50.4
AMJCIJGH_01927	MER0031551	22.672	247	155	11	49	264	2	243	2.33e-07	47.4
AMJCIJGH_01928	MER0035185	28.507	221	136	8	54	265	12	219	9.51e-21	85.5
AMJCIJGH_01928	MER0017243	26.636	214	123	4	33	224	70	271	6.02e-19	82.0
AMJCIJGH_01928	MER0017377	26.549	226	151	5	47	265	4	221	8.77e-18	77.4
AMJCIJGH_01928	MER0017250	26.484	219	150	5	47	260	4	216	3.68e-17	75.5
AMJCIJGH_01928	MER0017368	25.683	183	106	5	75	232	32	209	3.75e-17	75.9
AMJCIJGH_01928	MER0017375	29.697	165	110	3	102	264	60	220	1.14e-16	74.3
AMJCIJGH_01928	MER0017244	27.624	181	117	5	47	221	46	218	1.31e-16	74.7
AMJCIJGH_01928	MER0017256	25.333	225	153	6	47	264	43	259	1.75e-16	74.3
AMJCIJGH_01928	MER0017374	26.033	242	161	7	44	277	21	252	2.65e-16	73.6
AMJCIJGH_01928	MER0017248	24.569	232	160	6	37	257	34	261	3.88e-16	73.6
AMJCIJGH_01928	MER0031568	23.661	224	160	5	47	265	4	221	1.44e-15	71.2
AMJCIJGH_01928	MER0031566	23.661	224	160	5	47	265	4	221	1.50e-15	71.2
AMJCIJGH_01928	MER0033244	27.861	201	112	6	52	232	22	209	3.30e-15	70.5
AMJCIJGH_01928	MER0017353	24.623	199	135	4	76	267	33	223	2.48e-14	67.8
AMJCIJGH_01928	MER0017240	27.811	169	113	4	107	266	13	181	2.66e-14	66.6
AMJCIJGH_01928	MER0017367	24.000	200	145	4	69	265	26	221	8.52e-14	66.2
AMJCIJGH_01928	MER0035184	22.791	215	157	4	44	255	2	210	1.57e-13	65.5
AMJCIJGH_01928	MER0031564	25.701	214	144	5	54	260	11	216	1.67e-13	65.5
AMJCIJGH_01928	MER0017378	22.881	236	160	4	47	260	4	239	3.10e-13	65.1
AMJCIJGH_01928	MER0017371	22.845	232	161	7	45	267	1	223	3.87e-13	64.3
AMJCIJGH_01928	MER0017373	24.747	198	121	6	46	229	2	185	1.29e-12	62.4
AMJCIJGH_01928	MER0017246	27.338	139	82	4	102	222	110	247	4.63e-12	62.0
AMJCIJGH_01928	MER0031558	29.508	183	100	10	75	232	53	231	2.32e-11	59.7
AMJCIJGH_01928	MER0017239	23.404	282	171	10	17	266	40	308	3.42e-11	59.7
AMJCIJGH_01928	MER0031556	24.876	201	133	8	44	229	22	219	8.34e-11	58.2
AMJCIJGH_01928	MER0017242	25.641	195	135	5	50	235	55	248	3.66e-09	53.1
AMJCIJGH_01928	MER0031557	23.196	194	120	7	46	222	24	205	4.66e-09	52.8
AMJCIJGH_01928	MER0017355	23.308	133	98	3	47	175	2	134	1.74e-07	47.0
AMJCIJGH_01928	MER0031140	36.667	90	52	3	100	185	43	131	2.98e-07	47.8
AMJCIJGH_01936	MER0091680	25.000	160	112	2	408	561	60	217	8.01e-10	56.6
AMJCIJGH_01936	MER0011175	24.020	204	140	8	356	545	9	211	7.56e-09	53.5
AMJCIJGH_01936	MER0011440	24.051	158	101	6	406	552	69	218	8.41e-08	50.4
AMJCIJGH_01936	MER0011423	27.206	136	86	5	419	545	84	215	8.78e-08	50.4
AMJCIJGH_01936	MER0019754	25.121	207	108	8	370	545	6	196	9.47e-08	50.1
AMJCIJGH_01936	MER0001185	25.874	143	101	3	408	546	76	217	1.01e-07	50.1
AMJCIJGH_01936	MER0001009	25.175	143	100	2	420	556	20	161	1.32e-07	49.7
AMJCIJGH_01936	MER0011369	28.571	133	82	5	414	537	90	218	4.38e-07	48.5
AMJCIJGH_01936	MER0002968	26.667	150	102	5	404	548	73	219	4.39e-07	48.1
AMJCIJGH_01936	MER0001010	27.083	144	96	5	420	556	61	202	5.41e-07	47.8
AMJCIJGH_01936	MER0002746	23.684	228	136	9	353	553	4	220	1.77e-06	46.6
AMJCIJGH_01936	MER0005331	25.175	143	101	3	408	545	70	211	2.21e-06	46.2
AMJCIJGH_01936	MER0011183	23.721	215	143	6	357	553	1	212	2.23e-06	46.2
AMJCIJGH_01936	MER0011345	21.717	198	127	6	391	579	61	239	4.10e-06	45.8
AMJCIJGH_01936	MER0011370	27.778	126	78	6	414	530	75	196	4.21e-06	45.4
AMJCIJGH_01936	MER0011720	23.944	142	87	4	421	552	80	210	5.31e-06	45.1
AMJCIJGH_01936	MER0002078	25.153	163	115	4	407	563	69	230	5.78e-06	45.1
AMJCIJGH_01936	MER0001012	25.166	151	98	6	404	545	73	217	6.69e-06	44.7
AMJCIJGH_01936	MER0016308	33.333	84	50	3	375	452	3	86	6.91e-06	44.3
AMJCIJGH_01936	MER0005328	25.333	150	96	5	391	530	50	193	9.63e-06	43.9
AMJCIJGH_02058	MER0002646	33.987	306	163	3	144	410	3	308	3.23e-55	182
AMJCIJGH_02058	MER0173063	38.376	271	156	5	144	408	2	267	4.46e-50	167
AMJCIJGH_02058	MER0002635	37.011	281	161	3	144	408	3	283	3.17e-49	166
AMJCIJGH_02058	MER0003824	36.864	236	142	5	175	408	32	262	2.83e-42	146
AMJCIJGH_02058	MER0120615	31.111	270	171	6	144	408	1	260	2.26e-36	130
AMJCIJGH_02058	MER0049282	33.846	260	157	6	157	409	21	272	2.91e-35	128
AMJCIJGH_02058	MER0011469	26.014	296	181	6	141	409	4	288	1.42e-26	105
AMJCIJGH_02058	MER0011470	26.953	256	164	5	171	405	25	278	7.06e-26	103
AMJCIJGH_02058	MER0003772	25.581	258	165	4	165	407	24	269	1.99e-24	99.0
AMJCIJGH_02058	MER0142760	34.234	111	73	0	252	362	308	418	1.01e-14	72.4
AMJCIJGH_02058	MER0142760	29.851	134	76	4	86	216	95	213	1.36e-07	50.1
AMJCIJGH_02058	MER0006292	27.500	200	118	8	212	410	1	174	1.61e-14	68.2
AMJCIJGH_02071	MER0237414	26.368	201	136	5	46	235	2	201	9.03e-17	77.0
AMJCIJGH_02071	MER0001233	22.275	211	144	6	44	237	1	208	5.91e-08	51.2
AMJCIJGH_02071	MER0039456	23.077	208	143	6	44	237	1	205	1.67e-07	49.3
AMJCIJGH_02071	MER0002008	23.881	201	120	9	44	224	1	188	7.82e-07	47.8
AMJCIJGH_02072	MER0195774	36.723	177	112	0	30	206	1	177	1.60e-38	134
AMJCIJGH_02072	MER0001233	28.837	215	138	5	30	233	2	212	1.23e-16	75.9
AMJCIJGH_02072	MER0003543	25.792	221	157	4	30	248	2	217	1.36e-14	69.7
AMJCIJGH_02072	MER0003448	24.272	206	155	1	30	235	2	206	2.03e-14	69.3
AMJCIJGH_02072	MER0003386	28.646	192	126	5	24	206	20	209	4.30e-13	65.1
AMJCIJGH_02072	MER0001229	23.810	210	159	1	30	239	2	210	2.68e-12	62.8
AMJCIJGH_02072	MER0043985	23.810	210	159	1	30	239	2	210	3.99e-12	62.8
AMJCIJGH_02072	MER0001214	27.922	154	109	2	24	176	20	172	2.65e-11	59.3
AMJCIJGH_02072	MER0390687	27.647	170	116	3	37	203	1	166	3.46e-11	58.5
AMJCIJGH_02072	MER0001218	25.616	203	140	4	13	206	9	209	6.47e-11	58.5
AMJCIJGH_02072	MER0015090	25.225	222	157	6	30	248	2	217	7.96e-11	58.5
AMJCIJGH_02072	MER0001222	24.339	189	135	5	24	206	20	206	1.09e-10	58.2
AMJCIJGH_02072	MER0122186	24.737	190	129	4	24	206	16	198	1.67e-10	57.4
AMJCIJGH_02072	MER0011096	27.545	167	115	3	24	187	20	183	9.59e-10	55.5
AMJCIJGH_02072	MER0170820	46.296	54	28	1	66	118	33	86	3.50e-09	53.5
AMJCIJGH_02072	MER0015259	25.466	161	116	3	30	188	26	184	4.09e-09	53.5
AMJCIJGH_02072	MER0004423	26.316	152	106	3	66	217	33	178	4.55e-09	53.5
AMJCIJGH_02072	MER0011744	25.907	193	130	4	24	206	20	209	6.12e-09	52.8
AMJCIJGH_02072	MER0001413	29.496	139	91	4	15	149	14	149	2.22e-08	50.1
AMJCIJGH_02072	MER0002423	29.452	146	99	3	22	165	18	161	1.07e-07	49.3
AMJCIJGH_02072	MER0011192	26.712	146	102	4	66	206	17	162	3.80e-07	46.6
AMJCIJGH_02072	MER0002008	25.346	217	131	8	30	230	2	203	4.63e-07	47.8
AMJCIJGH_02072	MER0011292	26.667	105	76	1	46	149	64	168	4.73e-07	47.4
AMJCIJGH_02072	MER0021876	25.532	188	125	7	30	210	1	180	6.83e-07	46.6
AMJCIJGH_02072	MER0188967	25.271	277	184	8	66	320	3	278	7.17e-07	48.1
AMJCIJGH_02072	MER0003823	27.612	134	96	1	24	156	20	153	1.14e-06	46.2
AMJCIJGH_02072	MER0002345	27.513	189	126	5	24	210	20	199	1.56e-06	45.8
AMJCIJGH_02072	MER0142407	26.316	266	165	12	66	305	4	264	3.11e-06	45.4
AMJCIJGH_02072	MER0001220	22.564	195	140	4	48	233	2	194	4.32e-06	44.3
AMJCIJGH_02072	MER0026957	23.125	160	112	3	62	216	29	182	9.94e-06	43.5
AMJCIJGH_02105	MER0001299	37.764	474	280	6	78	541	54	522	1.17e-88	282
AMJCIJGH_02105	MER0321345	44.382	178	97	1	332	507	3	180	3.23e-41	144
AMJCIJGH_02105	MER0321345	29.444	180	118	5	86	261	4	178	2.43e-16	74.3
AMJCIJGH_02105	MER0003812	44.382	178	97	1	332	507	3	180	6.45e-41	144
AMJCIJGH_02105	MER0003812	28.889	180	119	5	86	261	4	178	1.52e-15	72.4
AMJCIJGH_02105	MER0011114	39.683	189	113	1	328	515	185	373	2.07e-37	139
AMJCIJGH_02105	MER0011114	30.481	187	124	3	86	268	2	186	1.06e-15	75.9
AMJCIJGH_02105	MER0044046	36.111	180	114	1	336	515	7	185	1.44e-23	95.1
AMJCIJGH_02105	MER0013957	29.775	178	123	2	333	509	4	180	1.00e-20	87.0
AMJCIJGH_02105	MER0013957	25.789	190	136	4	83	271	1	186	9.50e-09	52.4
AMJCIJGH_02105	MER0001300	32.759	174	110	4	337	507	4	173	3.95e-19	82.4
AMJCIJGH_02105	MER0001303	28.333	180	120	3	332	507	3	177	6.28e-12	62.0
AMJCIJGH_02119	MER0011781	24.296	284	151	12	38	320	17	237	2.15e-11	61.2
AMJCIJGH_02134	MER0005139	34.921	126	73	2	273	397	46	163	2.08e-17	79.7
AMJCIJGH_02134	MER0015691	34.579	107	62	1	289	395	52	150	9.44e-14	68.2
AMJCIJGH_02134	MER0005238	30.675	163	94	4	290	449	67	213	1.45e-12	65.1
AMJCIJGH_02134	MER0002161	29.891	184	101	6	290	473	66	221	1.51e-12	65.1
AMJCIJGH_02134	MER0002104	31.148	122	76	1	273	394	50	163	1.68e-12	65.1
AMJCIJGH_02134	MER0037181	30.702	228	109	9	302	508	77	276	2.04e-12	64.7
AMJCIJGH_02134	MER0004514	33.333	135	72	6	268	395	16	139	2.32e-12	63.9
AMJCIJGH_02134	MER0001284	42.529	87	45	3	289	373	35	118	4.77e-12	63.2
AMJCIJGH_02134	MER0100667	27.586	232	127	9	286	508	20	219	6.44e-12	62.0
AMJCIJGH_02134	MER0005239	33.333	138	73	4	259	395	48	167	7.63e-12	63.2
AMJCIJGH_02134	MER0015336	34.286	105	61	1	290	394	62	158	7.95e-12	62.4
AMJCIJGH_02134	MER0001289	25.738	237	143	7	287	515	59	270	6.27e-11	60.1
AMJCIJGH_02134	MER0194228	26.106	226	121	7	304	515	1	194	1.61e-10	57.4
AMJCIJGH_02134	MER0005149	29.600	125	79	2	273	396	48	164	3.58e-10	58.2
AMJCIJGH_02134	MER0005241	33.696	92	53	2	286	375	1	86	4.60e-10	57.0
AMJCIJGH_02134	MER0001288	26.957	230	145	6	270	499	3	209	1.39e-09	55.5
AMJCIJGH_02134	MER0005244	38.202	89	45	3	288	375	3	82	5.78e-09	53.1
AMJCIJGH_02134	MER0005152	30.769	104	62	2	277	378	45	140	5.94e-09	53.9
AMJCIJGH_02134	MER0005131	25.431	232	143	9	290	505	38	255	7.14e-09	53.5
AMJCIJGH_02134	MER0026972	26.852	108	72	2	273	380	23	123	1.31e-07	49.7
AMJCIJGH_02134	MER0002105	30.337	89	53	2	290	377	58	138	3.32e-07	48.5
AMJCIJGH_02134	MER0015688	36.170	94	47	4	302	395	68	148	5.29e-06	45.1
AMJCIJGH_02142	MER0168983	26.667	165	103	6	276	436	1	151	3.51e-13	64.7
AMJCIJGH_02142	MER0168177	27.451	153	93	5	276	423	1	140	1.66e-11	59.7
AMJCIJGH_02142	MER0005331	25.481	208	137	5	248	441	2	205	1.91e-11	60.5
AMJCIJGH_02142	MER0019754	25.397	189	120	6	267	438	3	187	8.27e-10	55.5
AMJCIJGH_02142	MER0001009	23.243	185	123	5	328	497	20	200	4.52e-09	53.5
AMJCIJGH_02142	MER0002755	25.359	209	122	7	254	442	8	202	2.29e-08	51.2
AMJCIJGH_02142	MER0001013	24.074	216	138	5	251	451	17	221	4.36e-08	51.2
AMJCIJGH_02142	MER0002968	26.230	122	80	2	328	439	87	208	7.45e-08	50.1
AMJCIJGH_02142	MER0011440	26.471	136	88	3	328	452	81	215	8.73e-08	50.1
AMJCIJGH_02142	MER0000997	26.882	186	117	5	273	442	31	213	1.17e-07	49.7
AMJCIJGH_02142	MER0001017	26.619	139	87	2	328	451	84	222	1.21e-07	49.7
AMJCIJGH_02142	MER0002746	24.155	207	136	8	277	468	32	232	1.54e-07	49.3
AMJCIJGH_02142	MER0002060	30.841	107	62	3	328	423	87	192	3.28e-07	48.1
AMJCIJGH_02142	MER0006264	24.409	127	85	1	328	443	53	179	3.34e-07	47.8
AMJCIJGH_02142	MER0012271	23.500	200	118	9	268	447	34	218	1.26e-06	46.6
AMJCIJGH_02142	MER0011438	27.103	107	67	3	328	423	81	187	1.30e-06	46.2
AMJCIJGH_02142	MER0011345	19.626	214	145	5	254	451	19	221	1.30e-06	46.6
AMJCIJGH_02142	MER0004243	25.191	131	84	2	328	444	84	214	3.57e-06	45.1
AMJCIJGH_02142	MER0001010	25.828	151	94	5	328	464	61	207	4.40e-06	44.7
AMJCIJGH_02142	MER0011401	28.037	107	63	2	328	420	75	181	4.44e-06	44.7
AMJCIJGH_02142	MER0011175	28.333	120	75	2	327	435	80	199	5.06e-06	44.7
AMJCIJGH_02142	MER0011720	23.563	174	118	5	253	420	12	176	9.91e-06	43.5
AMJCIJGH_02145	MER0001284	26.506	249	136	8	65	310	4	208	1.35e-17	79.0
AMJCIJGH_02145	MER0004514	24.878	205	119	5	109	310	36	208	1.30e-13	67.4
AMJCIJGH_02145	MER0100667	35.345	116	63	3	102	213	17	124	1.38e-10	57.8
AMJCIJGH_02145	MER0194228	38.571	70	42	1	144	212	14	83	1.07e-07	48.9
AMJCIJGH_02145	MER0001289	38.571	70	42	1	144	212	90	159	2.08e-07	48.9
AMJCIJGH_02159	MER0031610	34.818	247	153	4	15	254	55	300	4.23e-45	150
AMJCIJGH_02159	MER0036053	20.913	263	173	8	10	244	4	259	6.19e-10	55.1
AMJCIJGH_02159	MER0044900	24.138	261	159	11	16	243	96	350	8.55e-10	55.1
AMJCIJGH_02159	MER0031619	27.586	116	64	3	11	115	25	131	1.97e-08	50.8
AMJCIJGH_02159	MER0037236	28.369	141	80	5	4	135	9	137	2.36e-08	50.4
AMJCIJGH_02159	MER0031614	23.504	234	170	5	15	244	84	312	1.39e-07	48.5
AMJCIJGH_02159	MER0036064	22.800	250	165	8	14	248	27	263	1.71e-07	47.8
AMJCIJGH_02159	MER0017177	24.060	133	95	3	4	132	24	154	2.92e-07	47.4
AMJCIJGH_02159	MER0036115	25.455	110	62	3	12	110	33	133	4.34e-07	47.0
AMJCIJGH_02159	MER0017193	28.571	91	64	1	10	99	21	111	4.78e-07	46.6
AMJCIJGH_02159	MER0014065	28.846	104	69	3	11	110	30	132	7.23e-07	46.2
AMJCIJGH_02159	MER0044858	23.381	278	158	14	16	248	57	324	1.74e-06	45.1
AMJCIJGH_02159	MER0036038	24.521	261	155	13	3	254	23	250	2.48e-06	44.3
AMJCIJGH_02159	MER0034563	30.769	91	57	2	12	98	10	98	8.78e-06	42.7
AMJCIJGH_02181	MER0001421	51.637	397	188	4	13	407	1	395	7.09e-146	417
AMJCIJGH_02181	MER0028941	26.179	424	236	12	3	406	1	367	1.94e-27	108
AMJCIJGH_02181	MER0369336	26.590	346	207	9	68	406	10	315	3.40e-24	99.0
AMJCIJGH_02207	MER0065588	44.388	196	106	3	1	193	1	196	1.47e-55	172
AMJCIJGH_02207	MER0045886	30.147	136	77	5	59	190	71	192	1.08e-07	47.4
AMJCIJGH_02207	MER0043387	26.630	184	97	7	13	191	15	165	1.65e-07	46.2
AMJCIJGH_02207	MER0038086	25.758	132	78	4	68	191	104	223	6.07e-07	45.1
AMJCIJGH_02237	MER0472834	27.642	123	65	5	50	169	13	114	9.21e-06	41.2
AMJCIJGH_02250	MER0001322	34.314	102	54	4	154	250	4	97	1.26e-11	57.4
AMJCIJGH_02250	MER0014188	35.165	91	53	3	151	240	1	86	2.44e-11	56.6
AMJCIJGH_02250	MER0003807	36.667	90	53	4	155	241	5	93	6.00e-08	47.4
AMJCIJGH_02250	MER0024252	31.624	117	70	4	163	273	14	126	8.76e-08	47.0
AMJCIJGH_02250	MER0003808	29.126	103	69	3	151	252	1	100	1.55e-07	45.8
AMJCIJGH_02250	MER0376722	29.670	91	61	2	151	241	1	88	2.52e-07	45.1
AMJCIJGH_02250	MER0377310	28.155	103	70	3	151	252	1	100	4.66e-07	44.3
AMJCIJGH_02250	MER0377307	28.155	103	70	3	151	252	1	100	4.66e-07	44.3
AMJCIJGH_02250	MER0002450	28.155	103	70	3	151	252	1	100	6.51e-07	44.3
AMJCIJGH_02250	MER0377450	29.670	91	61	2	151	241	1	88	9.68e-07	43.1
AMJCIJGH_02250	MER0003805	29.670	91	61	2	151	241	1	88	9.90e-07	43.5
AMJCIJGH_02250	MER0003986	32.710	107	64	6	151	251	1	105	2.74e-06	42.4
AMJCIJGH_02257	MER0035017	25.424	413	245	13	38	413	2	388	2.44e-35	131
AMJCIJGH_02257	MER0004090	27.670	412	235	17	33	414	6	384	4.17e-33	125
AMJCIJGH_02257	MER0003800	25.686	401	240	17	37	409	16	386	1.35e-20	90.1
AMJCIJGH_02257	MER0026262	22.337	291	163	10	38	309	2	248	3.45e-13	67.0
AMJCIJGH_02257	MER0122661	22.222	369	214	14	47	395	9	324	4.64e-11	60.5
AMJCIJGH_02257	MER1143079	26.570	207	105	8	47	248	6	170	6.19e-10	56.6
AMJCIJGH_02257	MER0354941	24.272	206	118	8	51	242	9	190	2.15e-09	53.9
AMJCIJGH_02257	MER0006204	26.549	113	77	4	38	146	6	116	6.77e-09	53.9
AMJCIJGH_02257	MER0140154	22.564	195	135	6	53	243	2	184	1.19e-08	53.1
AMJCIJGH_02257	MER0011700	26.496	117	80	4	37	149	1	115	1.98e-08	52.8
AMJCIJGH_02257	MER0005925	24.638	207	121	7	47	244	12	192	2.79e-08	52.0
AMJCIJGH_02257	MER0005923	26.829	123	85	4	53	171	24	145	8.28e-08	50.8
AMJCIJGH_02257	MER0003802	23.567	314	179	13	34	345	2	256	9.63e-08	50.1
AMJCIJGH_02262	MER0001266	26.957	345	216	11	28	363	72	389	2.32e-18	82.4
AMJCIJGH_02262	MER0003798	26.582	158	103	5	38	191	95	243	2.79e-06	45.8
AMJCIJGH_02283	MER0026262	30.372	349	203	11	61	394	2	325	1.17e-37	139
AMJCIJGH_02283	MER1143079	30.249	281	150	11	112	390	45	281	2.00e-24	100
AMJCIJGH_02283	MER0002489	28.716	296	170	12	93	375	40	307	9.48e-21	90.5
AMJCIJGH_02283	MER0192873	26.724	232	152	6	112	327	1	230	1.55e-20	87.4
AMJCIJGH_02283	MER0003802	30.455	220	133	10	82	297	22	225	5.83e-18	81.6
AMJCIJGH_02283	MER0005964	26.977	215	127	6	73	272	18	217	9.25e-17	78.6
AMJCIJGH_02283	MER0028284	24.262	305	202	9	95	395	35	314	1.66e-16	77.8
AMJCIJGH_02283	MER0005925	25.776	322	200	9	66	374	8	303	1.86e-16	77.8
AMJCIJGH_02283	MER0017069	24.107	336	214	9	74	400	9	312	2.33e-16	77.0
AMJCIJGH_02283	MER0356183	28.390	236	150	10	82	302	3	234	3.71e-16	75.1
AMJCIJGH_02283	MER0004154	26.754	228	152	4	82	304	22	239	1.11e-15	75.1
AMJCIJGH_02283	MER0004090	30.964	197	105	7	76	250	24	211	3.14e-15	74.3
AMJCIJGH_02283	MER0140154	26.042	192	113	5	75	244	1	185	3.26e-15	73.9
AMJCIJGH_02283	MER0122661	31.282	195	109	7	112	296	53	232	2.75e-14	70.9
AMJCIJGH_02283	MER0000463	24.149	323	209	12	95	400	35	338	6.66e-14	70.1
AMJCIJGH_02283	MER0005836	27.941	204	134	6	52	247	2	200	8.23e-13	65.5
AMJCIJGH_02283	MER0011700	23.398	359	231	11	75	405	16	358	9.67e-13	66.6
AMJCIJGH_02283	MER0000459	23.826	298	176	12	95	375	42	305	4.75e-12	64.3
AMJCIJGH_02283	MER0005923	36.735	98	58	1	55	152	7	100	4.73e-11	61.6
AMJCIJGH_02283	MER0006204	24.272	206	132	5	57	245	2	200	5.57e-11	61.2
AMJCIJGH_02283	MER0219770	23.457	243	166	7	66	300	5	235	9.77e-11	59.7
AMJCIJGH_02283	MER0354941	23.280	189	128	5	76	249	11	197	3.57e-09	53.5
AMJCIJGH_02283	MER0000457	22.222	342	228	11	59	395	5	313	1.21e-08	53.5
AMJCIJGH_02283	MER0003800	24.365	197	118	7	75	249	30	217	1.82e-07	50.1
AMJCIJGH_02302	MER0001297	43.506	154	85	2	203	356	4	155	1.69e-37	133
AMJCIJGH_02302	MER0003514	42.208	154	87	2	203	356	4	155	3.79e-35	126
AMJCIJGH_02302	MER0001425	45.283	159	81	3	202	355	3	160	1.72e-34	125
AMJCIJGH_02302	MER0015684	37.952	166	98	1	200	360	1	166	2.79e-32	119
AMJCIJGH_02302	MER0004195	37.821	156	92	2	203	356	4	156	7.00e-29	109
AMJCIJGH_02302	MER0003065	37.013	154	95	1	203	356	4	155	7.16e-29	109
AMJCIJGH_02302	MER0004196	41.772	158	88	3	202	357	3	158	4.03e-28	107
AMJCIJGH_02302	MER0003413	38.065	155	93	2	203	356	4	156	1.21e-27	105
AMJCIJGH_02302	MER0005714	34.375	160	98	1	204	356	5	164	7.21e-26	101
AMJCIJGH_02302	MER0001295	28.916	166	105	2	203	356	4	168	6.10e-14	67.4
AMJCIJGH_02302	MER0078760	25.786	159	104	5	190	335	2	159	5.15e-06	44.3
AMJCIJGH_02341	MER0001333	27.570	214	106	8	19	214	42	224	4.25e-12	61.2
AMJCIJGH_02345	MER0000474	51.064	188	92	0	15	202	16	203	1.95e-72	215
AMJCIJGH_02345	MER0005687	50.000	186	88	1	17	202	27	207	1.85e-64	195
AMJCIJGH_02345	MER0006046	47.895	190	99	0	14	203	15	204	3.27e-63	192
AMJCIJGH_02345	MER0004857	48.187	193	98	2	11	202	12	203	2.08e-61	187
AMJCIJGH_02345	MER0002211	46.316	190	102	0	13	202	14	203	5.16e-60	184
AMJCIJGH_02345	MER0002299	47.568	185	97	0	17	201	12	196	1.86e-59	182
AMJCIJGH_02345	MER0006063	44.865	185	102	0	21	205	23	207	4.19e-58	179
AMJCIJGH_02345	MER0004847	48.168	191	98	1	17	206	18	208	4.82e-55	171
AMJCIJGH_02345	MER0006056	47.399	173	90	1	31	203	37	208	3.58e-53	166
AMJCIJGH_02345	MER0004855	43.503	177	100	0	30	206	33	209	9.37e-53	165
AMJCIJGH_02345	MER0004182	43.182	176	100	0	30	205	27	202	5.47e-50	158
AMJCIJGH_02345	MER0006308	38.012	171	105	1	30	199	21	191	4.60e-46	148
AMJCIJGH_02345	MER0011666	39.053	169	101	1	36	202	17	185	9.12e-39	129
AMJCIJGH_02345	MER0001369	41.975	81	45	1	57	137	52	130	4.44e-07	44.3
AMJCIJGH_02355	MER0281397	25.980	204	133	6	117	308	4	201	1.04e-11	60.5
AMJCIJGH_02355	MER0003800	28.571	112	68	3	253	361	260	362	4.12e-06	45.1
AMJCIJGH_02360	MER0012158	36.863	255	107	6	4	205	84	337	1.70e-45	160
AMJCIJGH_02360	MER0003327	45.098	153	81	2	1	153	63	212	1.83e-41	146
AMJCIJGH_02360	MER0185695	41.401	157	79	2	5	155	72	221	5.72e-33	122
AMJCIJGH_02360	MER0003350	45.528	123	63	2	4	122	84	206	1.53e-31	118
AMJCIJGH_02360	MER0003322	42.500	120	65	2	4	119	87	206	3.51e-27	105
AMJCIJGH_02360	MER0011781	33.333	99	61	2	3	99	64	159	2.06e-09	55.1
AMJCIJGH_02360	MER0011806	28.713	101	67	2	1	99	63	160	2.64e-07	48.9
AMJCIJGH_02360	MER0004101	28.713	101	67	2	1	99	63	160	5.30e-07	47.8
AMJCIJGH_02402	MER0001266	32.642	193	130	0	87	279	86	278	6.20e-25	99.8
AMJCIJGH_02402	MER0003798	31.000	200	112	7	87	268	99	290	2.02e-13	66.6
AMJCIJGH_02402	MER0369336	28.261	184	119	7	91	269	20	195	6.05e-09	52.8
AMJCIJGH_02402	MER0028941	25.296	253	165	10	28	269	8	247	2.91e-08	50.8
AMJCIJGH_02402	MER0002013	36.364	88	47	4	180	261	170	254	1.86e-06	45.4
AMJCIJGH_02402	MER0238460	26.293	232	139	10	37	250	52	269	5.25e-06	43.9
AMJCIJGH_02415	MER0011583	34.538	249	145	7	16	254	9	249	7.31e-45	148
AMJCIJGH_02415	MER0017401	31.330	233	155	4	14	243	2	232	2.86e-35	123
AMJCIJGH_02415	MER0034615	29.876	241	158	6	18	250	9	246	1.20e-28	106
AMJCIJGH_02415	MER0000263	29.707	239	149	6	15	241	2	233	3.97e-28	104
AMJCIJGH_02415	MER0016096	28.194	227	155	3	15	233	2	228	1.49e-25	98.2
AMJCIJGH_02415	MER0003558	28.452	239	164	4	2	235	7	243	1.73e-25	98.2
AMJCIJGH_02415	MER0000408	26.522	230	156	5	16	235	9	235	1.88e-25	97.8
AMJCIJGH_02415	MER0126485	28.509	228	157	4	29	253	12	236	2.37e-21	86.7
AMJCIJGH_02415	MER0140224	26.638	229	157	3	33	253	13	238	7.07e-21	85.5
AMJCIJGH_02415	MER0058228	25.926	243	163	5	19	253	7	240	8.85e-21	85.1
AMJCIJGH_02415	MER0015682	26.957	230	163	3	24	253	82	306	1.01e-20	86.3
AMJCIJGH_02415	MER0005196	30.851	188	115	4	19	199	22	201	6.21e-19	80.5
AMJCIJGH_02415	MER0001423	24.324	222	155	4	18	233	1	215	1.35e-18	79.0
AMJCIJGH_02415	MER0001920	28.205	234	160	5	27	253	14	246	8.68e-18	77.0
AMJCIJGH_02415	MER0006027	24.681	235	166	5	25	251	24	255	3.95e-16	72.8
AMJCIJGH_02415	MER0000399	25.541	231	152	8	19	239	25	245	2.86e-15	70.5
AMJCIJGH_02415	MER0000401	25.221	226	159	6	19	239	26	246	3.16e-14	67.4
AMJCIJGH_02415	MER0022823	25.660	265	183	9	1	253	10	272	1.69e-13	65.5
AMJCIJGH_02415	MER0011413	25.328	229	154	7	21	239	6	227	2.51e-13	64.7
AMJCIJGH_02415	MER0015621	25.991	227	139	5	9	215	27	244	3.38e-13	65.1
AMJCIJGH_02415	MER0005807	24.569	232	167	4	3	233	35	259	4.14e-13	64.3
AMJCIJGH_02415	MER0018170	26.457	223	151	4	27	239	20	239	1.63e-12	62.4
AMJCIJGH_02415	MER0004921	30.827	133	87	3	19	146	4	136	2.83e-12	61.6
AMJCIJGH_02415	MER0002490	25.379	264	167	8	9	247	27	285	3.49e-12	62.0
AMJCIJGH_02415	MER0004925	24.528	265	164	8	11	254	12	261	4.63e-12	61.2
AMJCIJGH_02415	MER0004923	28.671	143	95	3	14	149	50	192	1.04e-11	60.5
AMJCIJGH_02415	MER0013484	29.927	137	89	3	17	146	2	138	1.08e-11	60.1
AMJCIJGH_02415	MER0005994	24.880	209	141	5	31	231	41	241	2.32e-11	59.3
AMJCIJGH_02415	MER0195666	23.256	215	148	6	26	231	10	216	4.55e-11	58.2
AMJCIJGH_02415	MER0005694	23.077	247	182	7	1	241	20	264	6.42e-11	58.2
AMJCIJGH_02415	MER0011305	25.847	236	157	7	19	244	20	247	9.71e-11	57.4
AMJCIJGH_02415	MER0014827	23.774	265	166	8	11	254	12	261	1.29e-10	57.0
AMJCIJGH_02415	MER0000404	28.070	171	107	7	20	182	27	189	2.81e-09	53.1
AMJCIJGH_02415	MER0000398	24.658	219	156	5	38	253	39	251	3.04e-09	53.1
AMJCIJGH_02415	MER0981959	23.789	227	144	4	9	215	16	233	5.66e-09	52.4
AMJCIJGH_02415	MER0079308	25.630	238	155	8	28	251	35	264	1.55e-08	51.2
AMJCIJGH_02415	MER0192427	24.561	228	152	7	15	233	62	278	2.02e-08	50.8
AMJCIJGH_02415	MER0004193	22.594	239	167	8	19	248	3	232	5.97e-08	48.9
AMJCIJGH_02415	MER0003229	24.091	220	150	7	5	215	21	232	2.53e-07	47.4
AMJCIJGH_02415	MER0000392	21.805	266	180	10	9	253	17	275	2.57e-07	47.4
AMJCIJGH_02415	MER0325901	24.303	251	160	7	3	244	10	239	4.84e-07	46.6
AMJCIJGH_02415	MER0230379	22.047	254	174	10	19	257	1	245	2.05e-06	44.7
AMJCIJGH_02415	MER0000405	23.413	252	168	11	15	253	28	267	2.43e-06	44.3
AMJCIJGH_02415	MER0000403	23.457	162	111	5	19	170	25	183	4.61e-06	43.5
AMJCIJGH_02415	MER0004504	23.485	132	94	2	22	146	2	133	7.73e-06	42.7
AMJCIJGH_02459	MER0014418	31.675	382	201	10	1	374	46	375	9.86e-46	159
AMJCIJGH_02459	MER0005155	26.241	282	187	9	17	284	53	327	1.68e-11	62.0
AMJCIJGH_02459	MER0002664	30.935	139	81	3	17	155	50	173	6.45e-11	59.7
AMJCIJGH_02459	MER0002655	25.610	246	164	7	11	243	47	286	8.55e-11	60.1
AMJCIJGH_02459	MER0021873	34.314	102	49	2	32	130	2	88	1.03e-10	57.8
AMJCIJGH_02459	MER0002013	29.694	229	143	9	17	233	60	282	1.11e-08	53.5
AMJCIJGH_02459	MER0005173	27.778	216	125	10	26	220	54	259	1.74e-08	52.8
AMJCIJGH_02459	MER0003581	25.000	300	202	6	17	302	1	291	5.65e-08	50.8
AMJCIJGH_02459	MER0005163	33.981	103	55	3	30	127	65	159	2.18e-07	48.5
AMJCIJGH_02535	MER0037862	36.111	72	42	1	10	77	22	93	3.50e-09	47.4
AMJCIJGH_02559	MER0000485	47.059	238	125	1	572	808	1	238	2.92e-72	234
AMJCIJGH_02559	MER0000495	43.083	253	127	4	572	811	1	249	7.00e-61	203
AMJCIJGH_02559	MER0003442	46.512	215	109	2	594	805	10	221	2.81e-55	187
AMJCIJGH_02559	MER0011056	46.890	209	104	3	602	805	15	221	4.87e-55	186
AMJCIJGH_02559	MER0003443	45.876	194	100	2	609	797	27	220	5.11e-52	178
AMJCIJGH_02559	MER0014970	36.429	280	131	3	572	805	1	279	1.12e-51	179
AMJCIJGH_02559	MER0000488	41.379	232	130	2	572	800	1	229	1.67e-51	177
AMJCIJGH_02559	MER0011057	46.907	194	99	2	615	805	29	221	9.72e-51	174
AMJCIJGH_02559	MER0004236	47.727	176	90	1	627	802	85	258	4.22e-46	162
AMJCIJGH_02559	MER0000496	36.691	278	115	5	572	789	1	277	8.88e-44	157
AMJCIJGH_02559	MER0005837	37.931	232	116	5	573	787	2	222	2.68e-40	146
AMJCIJGH_02559	MER0108906	38.723	235	137	2	572	804	1	230	1.36e-39	143
AMJCIJGH_02559	MER0026213	32.895	152	99	1	658	809	111	259	3.14e-22	94.0
AMJCIJGH_02559	MER0017402	32.620	187	106	6	630	807	28	203	1.28e-17	79.7
AMJCIJGH_02559	MER0003859	28.571	154	103	2	652	805	79	225	4.81e-14	69.7
AMJCIJGH_02559	MER0003359	27.848	158	107	4	630	780	45	202	1.84e-11	61.6
AMJCIJGH_02559	MER0017403	35.294	85	55	0	695	779	96	180	2.56e-07	49.7
AMJCIJGH_02559	MER0000491	26.126	111	79	1	668	778	5	112	2.98e-07	48.5
AMJCIJGH_02578	MER0026276	23.364	428	241	17	42	391	6	424	1.71e-10	59.3
AMJCIJGH_02578	MER0000472	23.952	167	119	3	260	418	274	440	3.16e-10	58.5
AMJCIJGH_02599	MER0056525	54.113	231	103	2	407	636	1	229	3.42e-83	259
AMJCIJGH_02599	MER0011748	52.814	231	106	2	407	636	1	229	6.07e-79	249
AMJCIJGH_02599	MER0015609	51.724	232	107	2	407	637	1	228	8.64e-78	246
AMJCIJGH_02599	MER0005496	50.000	230	114	1	407	636	1	229	2.08e-76	243
AMJCIJGH_02599	MER0011224	46.552	232	123	1	407	638	1	231	7.22e-75	239
AMJCIJGH_02599	MER0023544	47.391	230	120	1	407	636	1	229	8.43e-74	236
AMJCIJGH_02599	MER0015195	46.320	231	121	2	407	636	1	229	1.71e-69	224
AMJCIJGH_02599	MER0002605	44.068	236	128	2	407	641	1	233	3.74e-68	221
AMJCIJGH_02599	MER0002600	42.489	233	131	2	407	638	1	231	1.04e-64	211
AMJCIJGH_02599	MER0171760	41.418	268	150	3	372	636	1	264	1.28e-64	211
AMJCIJGH_02599	MER0015194	44.156	231	124	2	408	636	2	229	3.78e-63	207
AMJCIJGH_02599	MER0014306	43.478	230	129	1	407	636	1	229	6.54e-63	207
AMJCIJGH_02599	MER0024898	40.909	264	147	4	407	662	1	263	1.50e-58	195
AMJCIJGH_02599	MER0004454	42.857	231	129	3	407	635	1	230	2.00e-53	181
AMJCIJGH_02599	MER0015199	41.667	252	137	4	407	649	1	251	2.66e-52	179
AMJCIJGH_02599	MER0005466	40.084	237	135	4	408	638	2	237	3.74e-52	177
AMJCIJGH_02599	MER0002602	38.800	250	142	5	408	647	2	250	1.30e-49	171
AMJCIJGH_02599	MER0002563	37.607	234	136	4	408	631	2	235	1.61e-48	167
AMJCIJGH_02599	MER0017637	38.723	235	132	5	408	631	2	235	9.07e-47	162
AMJCIJGH_02599	MER0001620	40.359	223	126	3	407	622	1	223	1.41e-44	157
AMJCIJGH_02599	MER0015197	36.530	219	138	1	419	636	13	231	1.51e-42	151
AMJCIJGH_02599	MER0002408	36.638	232	138	5	407	631	1	230	2.12e-41	147
AMJCIJGH_02599	MER0011745	35.622	233	139	6	407	631	1	230	3.38e-40	145
AMJCIJGH_02599	MER0015193	38.627	233	133	6	407	631	1	231	1.67e-39	142
AMJCIJGH_02599	MER0015137	35.193	233	140	6	407	631	1	230	3.58e-38	139
AMJCIJGH_02599	MER0190577	33.333	231	140	3	407	634	1	220	1.61e-36	134
AMJCIJGH_02599	MER0002608	36.709	237	142	5	408	638	2	236	4.83e-36	133
AMJCIJGH_02599	MER0005755	35.622	233	138	3	408	637	2	225	5.63e-35	129
AMJCIJGH_02599	MER0014324	36.842	228	130	4	407	631	1	217	9.28e-35	129
AMJCIJGH_02599	MER0015690	36.323	223	128	7	407	616	1	222	1.77e-34	129
AMJCIJGH_02599	MER0002197	31.915	235	149	3	407	638	1	227	9.58e-33	124
AMJCIJGH_02599	MER0190705	33.333	231	143	3	408	636	1	222	1.99e-32	122
AMJCIJGH_02599	MER0024900	33.184	223	138	4	408	627	2	216	8.18e-31	118
AMJCIJGH_02599	MER0011120	36.486	222	129	7	407	616	1	222	9.88e-31	118
AMJCIJGH_02599	MER0001246	29.944	177	112	3	422	595	5	172	2.95e-20	85.5
AMJCIJGH_02599	MER0015204	26.165	279	160	8	408	640	2	280	7.35e-19	84.7
AMJCIJGH_02646	MER0015475	33.728	169	96	6	37	194	24	187	1.64e-18	77.8
AMJCIJGH_02652	MER0003336	64.925	134	43	1	187	316	1	134	5.81e-61	188
AMJCIJGH_02652	MER0017622	34.101	217	121	8	51	247	24	238	5.26e-23	93.2
AMJCIJGH_02652	MER0011465	39.098	133	71	2	187	312	1	130	6.14e-21	84.3
AMJCIJGH_02652	MER0003338	36.364	110	65	2	187	295	1	106	1.20e-16	72.8
AMJCIJGH_02652	MER0003299	39.850	133	72	3	187	314	1	130	1.47e-16	72.4
AMJCIJGH_02652	MER0003303	32.576	132	81	3	187	317	1	125	1.63e-13	63.9
AMJCIJGH_02652	MER0013976	37.500	112	60	5	187	296	1	104	7.48e-12	58.9
AMJCIJGH_02652	MER0034967	25.806	155	96	6	87	227	3	152	2.24e-09	53.5
AMJCIJGH_02652	MER0016969	27.731	119	70	5	187	299	1	109	9.03e-08	48.1
AMJCIJGH_02656	MER0059846	33.670	297	192	3	6	298	16	311	6.30e-54	176
AMJCIJGH_02656	MER0199690	25.949	316	206	9	10	300	1	313	5.02e-24	97.1
AMJCIJGH_02656	MER0214074	29.189	185	112	5	133	300	1	183	6.68e-18	77.0
