EEPCNJIF_00023	MER0002161	27.273	297	169	11	49	342	15	267	8.11e-17	76.6
EEPCNJIF_00023	MER0005139	37.273	110	60	2	110	218	62	163	2.05e-16	75.5
EEPCNJIF_00023	MER0001284	40.000	115	57	4	94	199	12	123	1.00e-14	70.1
EEPCNJIF_00023	MER0037181	25.342	292	153	11	61	329	27	276	2.47e-13	66.2
EEPCNJIF_00023	MER0005131	27.897	233	136	9	111	330	38	251	5.22e-12	62.0
EEPCNJIF_00023	MER0005241	38.889	90	47	3	109	196	3	86	9.31e-12	61.2
EEPCNJIF_00023	MER0015691	29.630	135	80	3	88	215	23	149	2.45e-11	60.1
EEPCNJIF_00023	MER0015336	32.759	116	68	2	102	215	51	158	2.45e-11	60.1
EEPCNJIF_00023	MER0004514	35.135	111	62	4	110	216	35	139	3.22e-11	59.7
EEPCNJIF_00023	MER0194228	25.446	224	121	6	125	334	1	192	1.24e-10	57.0
EEPCNJIF_00023	MER0005238	31.148	122	75	2	80	200	35	148	1.34e-10	58.2
EEPCNJIF_00023	MER0100667	25.764	229	131	8	109	329	22	219	3.03e-10	56.6
EEPCNJIF_00023	MER0001289	25.523	239	139	7	107	334	58	268	6.21e-10	56.2
EEPCNJIF_00023	MER0002104	29.078	141	83	4	111	250	67	191	8.82e-10	55.8
EEPCNJIF_00023	MER0005149	32.143	112	67	2	107	217	61	164	5.81e-09	53.5
EEPCNJIF_00023	MER0005244	35.955	89	47	3	109	196	3	82	9.31e-09	52.0
EEPCNJIF_00023	MER0005239	32.632	95	55	2	106	199	64	150	2.65e-08	51.2
EEPCNJIF_00023	MER0005152	31.395	86	51	1	111	196	60	137	1.84e-07	48.5
EEPCNJIF_00023	MER0015688	28.226	124	72	4	119	242	64	170	3.51e-06	44.7
EEPCNJIF_00023	MER0001288	25.893	224	132	7	109	321	21	221	4.49e-06	44.3
EEPCNJIF_00234	MER0005169	32.764	351	215	6	14	356	6	343	2.90e-52	174
EEPCNJIF_00234	MER0013829	33.428	353	216	8	14	358	6	347	1.05e-51	172
EEPCNJIF_00234	MER0005472	32.432	333	209	6	14	345	6	323	1.35e-43	150
EEPCNJIF_00234	MER0002046	29.885	348	217	10	9	350	1	327	3.40e-40	141
EEPCNJIF_00234	MER0004410	28.693	352	230	9	13	354	5	345	4.43e-39	139
EEPCNJIF_00234	MER0002043	26.000	350	237	6	5	345	9	345	5.03e-32	120
EEPCNJIF_00234	MER0005160	27.545	334	223	9	15	345	7	324	2.09e-28	110
EEPCNJIF_00234	MER0022215	24.377	361	237	10	12	354	1	343	1.14e-20	88.6
EEPCNJIF_00234	MER0002040	28.364	275	173	10	65	328	59	320	2.92e-19	84.7
EEPCNJIF_00234	MER0072098	28.000	200	117	9	157	350	121	299	1.32e-06	46.2
EEPCNJIF_00236	MER0057728	36.571	175	102	2	14	186	1	168	4.75e-30	107
EEPCNJIF_00238	MER0492485	44.828	58	31	1	88	145	64	120	6.69e-09	50.1
EEPCNJIF_00268	MER0000485	46.639	238	126	1	572	808	1	238	3.83e-71	231
EEPCNJIF_00268	MER0000495	42.292	253	129	4	572	811	1	249	3.76e-58	196
EEPCNJIF_00268	MER0003442	42.793	222	121	2	594	812	10	228	2.11e-54	184
EEPCNJIF_00268	MER0014970	37.143	280	129	3	572	805	1	279	3.33e-53	184
EEPCNJIF_00268	MER0000488	42.735	234	124	4	572	800	1	229	3.35e-53	181
EEPCNJIF_00268	MER0011056	43.478	207	114	1	602	805	15	221	1.53e-52	179
EEPCNJIF_00268	MER0011057	43.128	211	115	2	598	805	13	221	1.10e-50	174
EEPCNJIF_00268	MER0003443	44.500	200	105	3	604	797	21	220	1.25e-49	171
EEPCNJIF_00268	MER0000496	41.117	197	111	1	598	789	81	277	1.77e-43	157
EEPCNJIF_00268	MER0004236	43.931	173	95	1	629	801	87	257	2.00e-43	155
EEPCNJIF_00268	MER0108906	40.167	239	130	6	572	805	1	231	5.41e-41	147
EEPCNJIF_00268	MER0005837	36.087	230	123	6	573	787	2	222	1.14e-36	135
EEPCNJIF_00268	MER0026213	32.026	153	99	3	658	809	111	259	1.65e-21	92.0
EEPCNJIF_00268	MER0017402	31.148	183	114	5	630	807	28	203	2.45e-17	78.6
EEPCNJIF_00268	MER0003859	33.121	157	98	3	652	808	79	228	2.83e-16	76.3
EEPCNJIF_00268	MER0003359	30.435	161	99	6	630	780	45	202	2.84e-09	55.1
EEPCNJIF_00268	MER0017403	35.185	108	64	1	668	775	75	176	5.35e-08	51.6
EEPCNJIF_00268	MER0000491	24.107	112	82	1	668	779	5	113	5.15e-06	45.1
EEPCNJIF_00268	MER0003017	29.703	101	66	2	710	809	66	162	5.99e-06	44.3
