CHDHPALG_00013	MER0013623	52.597	154	72	1	105	258	1	153	1.05e-53	174
CHDHPALG_00013	MER0004111	52.258	155	73	1	105	258	1	155	1.47e-52	171
CHDHPALG_00013	MER0003850	49.143	175	86	3	105	277	3	176	2.94e-52	171
CHDHPALG_00013	MER0000268	53.548	155	70	2	105	258	1	154	5.42e-52	169
CHDHPALG_00013	MER0001372	53.205	156	71	2	105	258	1	156	7.27e-48	159
CHDHPALG_00013	MER0000266	50.000	156	76	2	105	258	1	156	1.06e-45	153
CHDHPALG_00013	MER0004149	48.171	164	74	4	105	258	1	163	1.60e-43	147
CHDHPALG_00013	MER0005468	47.799	159	77	3	105	258	1	158	1.24e-41	142
CHDHPALG_00013	MER0001373	48.734	158	77	2	105	258	1	158	1.57e-40	139
CHDHPALG_00013	MER0003290	44.025	159	81	3	105	258	1	156	1.65e-38	134
CHDHPALG_00013	MER0001945	43.396	159	85	2	105	258	1	159	1.45e-37	132
CHDHPALG_00013	MER0002577	46.835	158	75	3	105	258	1	153	1.49e-37	131
CHDHPALG_00013	MER0004673	33.455	275	148	6	105	355	2	265	3.26e-37	134
CHDHPALG_00013	MER0028330	45.570	158	77	3	105	258	1	153	8.32e-37	129
CHDHPALG_00013	MER0016031	46.707	167	75	5	105	258	1	166	1.21e-36	129
CHDHPALG_00013	MER0016351	42.405	158	82	2	105	258	1	153	4.92e-36	127
CHDHPALG_00013	MER0010944	41.520	171	83	4	105	258	1	171	1.04e-34	124
CHDHPALG_00013	MER0022668	45.029	171	77	6	105	258	1	171	2.09e-34	124
CHDHPALG_00013	MER0003293	44.295	149	81	2	105	252	1	148	7.36e-33	119
CHDHPALG_00013	MER0004093	44.375	160	76	4	105	258	1	153	1.07e-31	115
CHDHPALG_00013	MER0014795	42.683	164	79	4	105	258	1	159	1.69e-31	115
CHDHPALG_00013	MER0004086	42.073	164	82	5	106	258	1	162	2.95e-30	112
CHDHPALG_00013	MER0011375	38.125	160	87	4	105	258	1	154	5.42e-28	105
CHDHPALG_00013	MER0006096	39.552	134	74	3	129	258	1	131	8.44e-25	96.3
CHDHPALG_00013	MER0015583	40.000	150	78	4	105	242	1	150	2.95e-23	92.8
CHDHPALG_00013	MER0005093	36.250	160	87	4	105	249	1	160	1.99e-21	87.8
CHDHPALG_00013	MER0063616	33.099	142	82	4	108	239	5	143	6.14e-16	72.0
CHDHPALG_00013	MER0005094	30.345	145	85	6	105	239	1	139	4.59e-11	58.2
CHDHPALG_00013	MER0005090	32.353	136	76	7	105	230	1	130	8.64e-08	48.5
CHDHPALG_00013	MER0024901	34.965	143	80	8	105	239	1	138	2.14e-07	47.0
CHDHPALG_00013	MER0014317	30.216	139	91	5	106	239	1	138	5.96e-07	46.2
CHDHPALG_00013	MER0014314	30.147	136	79	6	105	230	1	130	6.72e-07	45.8
CHDHPALG_00013	MER0005089	32.836	134	78	7	105	230	1	130	1.12e-06	45.4
CHDHPALG_00013	MER0145078	34.211	114	54	6	146	241	110	220	2.10e-06	45.8
CHDHPALG_00013	MER0014318	30.882	136	78	7	105	230	1	130	3.06e-06	43.9
CHDHPALG_00017	MER0004035	42.342	111	57	3	358	467	7	111	4.07e-23	90.9
CHDHPALG_00017	MER0002443	41.964	112	60	2	358	468	10	117	8.63e-23	90.1
CHDHPALG_00017	MER0003986	33.884	121	74	3	349	467	1	117	4.84e-14	65.5
CHDHPALG_00017	MER0004054	32.500	120	72	5	355	469	7	122	1.19e-12	61.6
CHDHPALG_00017	MER0003807	34.513	113	67	4	358	468	10	117	4.51e-12	60.1
CHDHPALG_00017	MER0003808	31.858	113	69	5	349	461	1	105	2.50e-10	54.7
CHDHPALG_00017	MER0003805	29.915	117	66	5	349	461	1	105	9.57e-10	53.1
CHDHPALG_00017	MER0377178	32.743	113	68	5	349	461	1	105	2.96e-09	51.6
CHDHPALG_00017	MER0002450	32.743	113	68	5	349	461	1	105	3.44e-09	51.6
CHDHPALG_00017	MER0377310	32.743	113	68	5	349	461	1	105	4.28e-09	51.2
CHDHPALG_00017	MER0377307	32.743	113	68	5	349	461	1	105	4.28e-09	51.2
CHDHPALG_00017	MER0024252	37.349	83	46	3	361	443	14	90	6.39e-09	51.2
CHDHPALG_00017	MER0376722	33.981	103	60	5	349	451	1	95	1.20e-08	49.3
CHDHPALG_00017	MER0014672	30.534	131	70	4	349	465	1	124	1.12e-07	47.4
CHDHPALG_00017	MER0014188	33.945	109	61	4	349	455	1	100	1.59e-07	46.6
CHDHPALG_00017	MER0377450	28.713	101	57	4	349	445	1	90	5.44e-06	42.0
CHDHPALG_00017	MER0031199	37.255	51	32	0	365	415	1	51	6.58e-06	40.8
CHDHPALG_00070	MER0069741	50.000	116	56	2	184	299	51	164	1.81e-32	115
CHDHPALG_00070	MER0003380	48.718	117	56	3	184	298	118	232	5.53e-27	103
CHDHPALG_00070	MER0013541	52.326	86	40	1	203	288	1	85	2.17e-22	86.7
CHDHPALG_00070	MER0003423	42.056	107	61	1	182	287	11	117	8.51e-20	81.3
CHDHPALG_00070	MER0001419	41.121	107	62	1	182	287	11	117	5.94e-19	79.0
CHDHPALG_00070	MER0003376	39.344	122	66	2	203	318	45	164	1.72e-18	78.6
CHDHPALG_00070	MER0015415	39.535	86	52	0	203	288	64	149	7.38e-18	76.6
CHDHPALG_00070	MER0387040	39.216	102	60	2	203	303	1	101	3.46e-15	67.4
CHDHPALG_00070	MER0066182	38.261	115	62	3	190	303	86	192	4.46e-15	69.7
CHDHPALG_00070	MER0003906	37.209	86	53	1	203	287	1	86	3.49e-12	59.3
CHDHPALG_00070	MER0005300	31.959	97	65	1	204	300	66	161	3.59e-09	52.0
CHDHPALG_00070	MER0025070	33.981	103	56	4	199	291	2	102	6.31e-07	44.7
CHDHPALG_00070	MER0388771	34.000	100	54	4	202	291	1	98	5.81e-06	42.0
CHDHPALG_00143	MER0037236	26.984	252	162	6	13	243	11	261	8.84e-23	90.9
CHDHPALG_00143	MER0004146	25.869	259	163	10	10	243	7	261	6.36e-18	77.8
CHDHPALG_00143	MER0031611	24.490	294	168	11	1	253	14	294	3.60e-15	70.5
CHDHPALG_00143	MER0036053	23.664	262	163	7	17	243	4	263	8.10e-11	57.8
CHDHPALG_00143	MER0036074	22.944	231	135	7	53	249	163	384	5.72e-10	55.8
CHDHPALG_00143	MER0003537	24.873	197	118	7	81	249	88	282	1.07e-09	54.7
CHDHPALG_00143	MER0017033	23.214	224	136	6	45	243	88	300	1.43e-09	54.3
CHDHPALG_00143	MER0036067	23.140	242	158	11	22	240	52	288	4.29e-09	52.8
CHDHPALG_00143	MER0036068	23.651	241	162	8	22	241	54	293	5.56e-09	52.4
CHDHPALG_00143	MER0036076	22.897	214	136	8	47	241	88	291	8.00e-09	52.0
CHDHPALG_00143	MER0036073	24.180	244	154	9	22	242	80	315	4.52e-08	49.7
CHDHPALG_00143	MER0035973	24.551	167	110	4	87	242	125	286	6.52e-08	49.3
CHDHPALG_00143	MER0011785	30.328	122	69	4	14	123	27	144	8.11e-08	48.9
CHDHPALG_00143	MER0011509	30.702	114	61	4	20	121	37	144	1.16e-07	48.5
CHDHPALG_00143	MER0036059	36.207	58	37	0	184	241	293	350	2.75e-07	47.4
CHDHPALG_00143	MER0033259	25.600	250	161	8	13	249	22	259	5.52e-07	46.2
CHDHPALG_00143	MER0036056	24.691	243	160	6	22	242	80	321	1.03e-06	45.8
CHDHPALG_00147	MER0002078	23.445	209	128	7	383	570	33	230	3.46e-07	48.9
CHDHPALG_00147	MER0002746	23.684	190	131	4	383	560	33	220	5.09e-07	48.5
CHDHPALG_00147	MER0091680	24.375	160	111	4	416	568	61	217	8.14e-07	47.4
CHDHPALG_00147	MER0011183	23.684	152	109	2	415	560	62	212	9.28e-07	47.4
CHDHPALG_00147	MER0001009	23.270	159	114	3	411	563	5	161	9.79e-07	47.4
CHDHPALG_00147	MER0011175	22.816	206	141	8	362	552	9	211	2.14e-06	46.2
CHDHPALG_00147	MER0001012	24.161	149	103	4	410	552	73	217	7.81e-06	44.7
CHDHPALG_00151	MER0002251	43.777	233	125	4	17	246	1	230	2.97e-63	194
CHDHPALG_00151	MER0001335	34.513	226	141	4	19	241	3	224	1.49e-43	144
CHDHPALG_00160	MER0001243	38.462	247	150	2	2	246	3	249	1.71e-63	197
CHDHPALG_00160	MER0001342	39.592	245	148	0	2	246	3	247	1.96e-57	181
CHDHPALG_00160	MER0005690	37.860	243	150	1	4	246	5	246	6.70e-56	177
CHDHPALG_00160	MER0015127	37.238	239	149	1	8	246	9	246	4.00e-50	162
CHDHPALG_00160	MER0013929	35.628	247	158	1	2	248	3	248	1.25e-49	161
CHDHPALG_00160	MER0015128	35.021	237	148	3	13	246	14	247	8.17e-49	159
CHDHPALG_00160	MER0013450	31.984	247	166	2	2	246	1	247	1.38e-45	150
CHDHPALG_00160	MER0013589	33.745	243	160	1	4	246	1	242	6.74e-45	149
CHDHPALG_00160	MER0010972	25.714	245	152	4	8	246	9	229	5.97e-21	85.9
CHDHPALG_00160	MER0004931	24.510	204	142	4	3	204	4	197	1.24e-16	73.9
CHDHPALG_00160	MER0024896	34.579	107	70	0	4	110	5	111	2.36e-16	75.5
CHDHPALG_00160	MER0024896	26.718	131	89	2	122	246	337	466	1.81e-11	60.8
CHDHPALG_00160	MER0003880	27.041	196	120	5	25	208	10	194	1.86e-13	65.9
CHDHPALG_00160	MER0004532	25.728	206	136	4	3	204	4	196	1.33e-11	59.7
CHDHPALG_00160	MER0011746	25.234	214	141	6	13	213	14	221	1.57e-10	57.4
CHDHPALG_00160	MER0005462	25.140	179	128	2	1	178	2	175	1.76e-10	56.6
CHDHPALG_00160	MER0001244	23.182	220	144	6	1	202	2	214	9.27e-10	54.7
CHDHPALG_00160	MER0002038	26.119	134	94	2	72	204	69	198	1.08e-08	51.2
CHDHPALG_00160	MER0013463	22.072	222	141	7	3	204	4	213	5.95e-06	43.5
CHDHPALG_00170	MER0001350	31.667	420	272	11	24	431	7	423	2.76e-60	202
CHDHPALG_00170	MER0117386	22.849	337	210	11	109	403	70	398	1.33e-06	47.4
CHDHPALG_00170	MER0118420	31.034	116	70	3	102	207	61	176	2.32e-06	46.6
CHDHPALG_00186	MER0001299	36.550	487	280	9	78	548	52	525	1.68e-86	276
CHDHPALG_00186	MER0011114	30.588	425	234	6	87	510	1	365	1.56e-54	186
CHDHPALG_00186	MER0321345	40.556	180	105	1	333	510	1	180	4.28e-37	133
CHDHPALG_00186	MER0321345	24.444	180	131	3	85	262	1	177	2.00e-10	57.4
CHDHPALG_00186	MER0003812	40.556	180	105	1	333	510	1	180	1.13e-36	132
CHDHPALG_00186	MER0003812	25.510	196	137	5	85	278	1	189	1.81e-11	60.5
CHDHPALG_00186	MER0013957	34.426	183	120	0	333	515	1	183	8.06e-27	104
CHDHPALG_00186	MER0013957	26.882	186	126	6	85	266	1	180	5.35e-09	53.1
CHDHPALG_00186	MER0044046	32.609	184	123	1	333	516	1	183	3.28e-21	88.6
CHDHPALG_00186	MER0044046	29.808	104	65	3	140	240	56	154	3.85e-06	44.7
CHDHPALG_00186	MER0001300	33.714	175	97	7	345	510	9	173	7.88e-16	72.8
CHDHPALG_00186	MER0001303	24.000	175	124	3	333	503	1	170	6.20e-09	53.1
CHDHPALG_00193	MER0000474	53.191	188	88	0	34	221	16	203	4.78e-75	223
CHDHPALG_00193	MER0005687	53.226	186	82	1	36	221	27	207	2.87e-68	206
CHDHPALG_00193	MER0004857	52.880	191	88	2	32	221	14	203	7.65e-66	199
CHDHPALG_00193	MER0006046	48.148	189	98	0	33	221	15	203	3.78e-64	195
CHDHPALG_00193	MER0002211	48.936	188	96	0	34	221	16	203	1.44e-63	193
CHDHPALG_00193	MER0002299	47.568	185	97	0	36	220	12	196	6.83e-61	186
CHDHPALG_00193	MER0004855	48.087	183	95	0	42	224	26	208	9.99e-61	186
CHDHPALG_00193	MER0006063	44.505	182	101	0	40	221	23	204	8.34e-56	174
CHDHPALG_00193	MER0004847	48.128	187	96	1	36	221	18	204	3.90e-55	172
CHDHPALG_00193	MER0006056	47.399	173	90	1	50	222	37	208	8.24e-52	164
CHDHPALG_00193	MER0004182	42.932	191	100	1	31	221	18	199	2.21e-48	155
CHDHPALG_00193	MER0006308	39.548	177	106	1	45	220	17	193	7.51e-48	153
CHDHPALG_00193	MER0011666	40.237	169	99	1	55	221	17	185	1.43e-41	137
CHDHPALG_00193	MER0001369	39.506	81	47	1	76	156	52	130	3.20e-07	45.1
CHDHPALG_00196	MER0066178	26.708	161	99	5	48	203	3	149	1.85e-07	47.8
CHDHPALG_00224	MER0031610	34.615	260	158	7	3	252	43	300	1.07e-42	144
CHDHPALG_00224	MER0036115	33.333	102	64	2	10	108	33	133	9.35e-13	63.5
CHDHPALG_00224	MER0014065	32.308	130	76	5	9	134	30	151	2.65e-12	62.4
CHDHPALG_00224	MER0044858	25.180	278	155	14	14	247	57	325	2.35e-10	56.6
CHDHPALG_00224	MER0031611	23.443	273	164	8	8	252	35	290	1.69e-08	50.8
CHDHPALG_00224	MER0031619	29.825	114	74	3	5	113	19	131	2.25e-08	50.8
CHDHPALG_00224	MER0036072	25.893	112	73	3	9	111	77	187	2.70e-07	47.4
CHDHPALG_00224	MER0017142	28.682	129	81	4	2	124	3	126	2.79e-07	47.0
CHDHPALG_00224	MER0017193	25.773	97	71	1	2	97	15	111	3.80e-07	47.0
CHDHPALG_00224	MER0036053	25.217	115	84	2	6	119	2	115	5.80e-07	46.2
CHDHPALG_00224	MER0011509	26.712	146	83	5	7	147	33	159	6.57e-07	46.2
CHDHPALG_00224	MER0066189	27.826	115	72	2	7	117	12	119	7.95e-07	45.8
CHDHPALG_00224	MER0031617	22.137	262	182	7	4	246	26	284	1.15e-06	45.4
CHDHPALG_00224	MER0026339	32.075	106	69	3	9	111	21	126	1.29e-06	45.1
CHDHPALG_00224	MER0017177	23.383	201	131	7	8	198	30	217	1.46e-06	45.4
CHDHPALG_00224	MER0044900	22.305	269	166	12	14	247	96	356	2.27e-06	44.7
CHDHPALG_00224	MER0043008	23.188	276	171	12	2	254	10	267	2.67e-06	44.3
CHDHPALG_00224	MER0035044	27.885	104	67	3	11	109	32	132	2.88e-06	44.3
CHDHPALG_00258	MER0034582	26.752	314	205	9	618	916	14	317	9.16e-33	127
CHDHPALG_00280	MER0005694	51.418	282	136	1	418	699	1	281	2.54e-100	306
CHDHPALG_00280	MER0000392	52.128	282	125	4	430	702	3	283	4.53e-96	295
CHDHPALG_00280	MER0015621	51.079	278	119	4	430	691	13	289	3.14e-93	288
CHDHPALG_00280	MER0022823	53.532	269	116	7	430	691	3	269	4.89e-90	280
CHDHPALG_00280	MER0079308	50.000	264	128	4	435	696	8	269	5.27e-87	271
CHDHPALG_00280	MER0981959	48.746	279	125	6	429	691	1	277	1.36e-86	271
CHDHPALG_00280	MER0002490	49.049	263	117	4	430	676	13	274	1.83e-85	268
CHDHPALG_00280	MER0011450	50.923	271	122	5	430	691	3	271	1.71e-84	265
CHDHPALG_00280	MER0325901	42.336	274	153	5	430	699	1	273	7.05e-65	213
CHDHPALG_00280	MER0000398	44.231	260	132	7	434	693	4	250	2.65e-61	202
CHDHPALG_00280	MER0003229	37.008	254	152	5	430	682	11	257	6.28e-49	170
CHDHPALG_00280	MER0000410	31.884	276	182	4	430	702	13	285	1.83e-43	155
CHDHPALG_00280	MER0011872	27.675	271	190	3	432	697	15	284	1.76e-30	118
CHDHPALG_00280	MER0082498	30.631	222	144	4	444	655	12	233	5.71e-25	102
CHDHPALG_00280	MER0082653	27.799	259	165	7	435	672	7	264	5.91e-24	99.4
CHDHPALG_00280	MER0004227	26.667	270	180	8	444	700	33	297	7.78e-24	99.4
CHDHPALG_00280	MER0001920	26.383	235	149	9	469	691	21	243	2.06e-07	49.7
CHDHPALG_00280	MER0003558	22.172	221	153	5	422	642	10	211	2.79e-06	46.2
CHDHPALG_00280	MER0015682	22.564	195	142	4	462	655	85	271	9.71e-06	45.1
CHDHPALG_00333	MER0000576	43.478	115	64	1	29	143	1	114	2.76e-34	113
CHDHPALG_00333	MER0000569	33.333	114	74	2	29	141	1	113	5.05e-15	63.9
CHDHPALG_00333	MER0006172	35.065	77	50	0	51	127	2	78	1.12e-09	48.9
CHDHPALG_00386	MER0044357	27.895	190	107	6	40	202	67	253	5.24e-13	69.3
CHDHPALG_00386	MER0044357	30.275	109	71	2	209	316	340	444	1.40e-09	58.5
CHDHPALG_00419	MER0001295	42.473	186	93	4	383	564	3	178	1.61e-43	152
CHDHPALG_00419	MER0001425	38.621	145	74	4	422	563	38	170	2.22e-21	89.0
CHDHPALG_00419	MER0003413	35.374	147	85	2	415	561	27	163	8.05e-21	87.4
CHDHPALG_00419	MER0003065	36.000	150	85	3	412	561	24	162	3.03e-20	85.5
CHDHPALG_00419	MER0001297	38.017	121	73	2	403	523	15	133	2.40e-19	82.8
CHDHPALG_00419	MER0003514	33.516	182	100	5	381	561	1	162	2.43e-18	80.1
CHDHPALG_00419	MER0015684	34.211	152	92	5	404	553	16	161	4.49e-18	79.3
CHDHPALG_00419	MER0004196	30.263	152	93	3	412	561	24	164	2.56e-14	68.6
CHDHPALG_00419	MER0005714	29.940	167	97	5	404	561	16	171	2.31e-12	63.2
CHDHPALG_00419	MER0004195	29.268	164	100	6	406	565	18	169	4.32e-11	59.3
CHDHPALG_00423	MER0002443	40.517	116	58	4	51	163	10	117	7.47e-20	77.0
CHDHPALG_00423	MER0004035	37.391	115	59	5	51	162	7	111	1.33e-19	76.3
CHDHPALG_00423	MER0004054	28.926	121	79	4	47	164	6	122	2.36e-13	60.5
CHDHPALG_00423	MER0003986	30.081	123	78	4	42	162	1	117	2.26e-11	55.1
CHDHPALG_00423	MER0003805	28.455	123	74	5	42	162	1	111	5.34e-11	53.9
CHDHPALG_00423	MER0002450	31.405	121	73	5	42	162	1	111	1.27e-10	52.8
CHDHPALG_00423	MER0003808	28.814	118	70	5	42	157	1	106	1.30e-10	52.8
CHDHPALG_00423	MER0377310	31.897	116	69	5	42	157	1	106	3.76e-10	51.6
CHDHPALG_00423	MER0377307	31.897	116	69	5	42	157	1	106	3.76e-10	51.6
CHDHPALG_00423	MER0014188	40.000	85	39	4	42	123	1	76	2.38e-09	49.3
CHDHPALG_00423	MER0377450	33.333	84	47	3	42	123	1	77	8.97e-09	47.4
CHDHPALG_00423	MER0024252	35.294	85	47	3	54	138	14	90	9.89e-09	48.1
CHDHPALG_00423	MER0377178	32.479	117	67	6	42	157	1	106	1.03e-08	47.8
CHDHPALG_00423	MER0376722	29.907	107	61	5	42	146	1	95	1.34e-08	47.0
CHDHPALG_00423	MER0003807	30.645	124	77	5	42	163	1	117	1.93e-08	47.4
CHDHPALG_00423	MER0038100	29.457	129	83	3	38	164	4	126	2.84e-08	47.0
CHDHPALG_00423	MER0014672	30.864	81	53	2	30	110	3	80	2.71e-06	41.6
CHDHPALG_00423	MER0031311	38.028	71	37	4	58	126	1	66	5.15e-06	39.7
CHDHPALG_00430	MER0001423	70.690	232	68	0	487	718	1	232	6.60e-120	355
CHDHPALG_00430	MER0000405	40.977	266	143	7	463	717	2	264	9.02e-62	205
CHDHPALG_00430	MER0005196	40.088	227	135	1	491	717	25	250	1.13e-57	193
CHDHPALG_00430	MER0000399	40.467	257	140	8	468	718	6	255	2.20e-57	192
CHDHPALG_00430	MER0000401	39.768	259	140	7	468	718	7	257	1.15e-56	191
CHDHPALG_00430	MER0058228	41.743	218	125	2	488	703	7	224	1.77e-54	184
CHDHPALG_00430	MER0004504	41.704	223	120	5	491	704	2	223	4.75e-54	183
CHDHPALG_00430	MER0011413	37.815	238	144	2	486	719	2	239	1.93e-53	181
CHDHPALG_00430	MER0013484	39.908	218	127	2	488	701	4	221	3.05e-52	178
CHDHPALG_00430	MER0004923	39.749	239	140	2	467	701	34	272	2.27e-51	177
CHDHPALG_00430	MER0005987	36.398	261	156	6	463	717	1	257	3.52e-51	176
CHDHPALG_00430	MER0011305	40.336	238	135	5	469	701	1	236	4.34e-49	170
CHDHPALG_00430	MER0004921	36.820	239	138	5	486	717	2	234	2.05e-48	167
CHDHPALG_00430	MER0011231	36.471	255	153	6	468	717	6	256	8.06e-48	167
CHDHPALG_00430	MER0000404	37.500	256	150	7	466	714	4	256	8.10e-48	167
CHDHPALG_00430	MER0004193	38.249	217	129	4	488	701	3	217	8.13e-42	149
CHDHPALG_00430	MER0005994	35.514	214	135	2	507	718	48	260	7.33e-41	147
CHDHPALG_00430	MER0192427	33.476	233	148	3	472	701	50	278	1.09e-40	147
CHDHPALG_00430	MER0000403	30.544	239	159	4	484	717	21	257	5.78e-39	142
CHDHPALG_00430	MER0004199	36.404	228	133	8	495	718	1	220	1.07e-36	134
CHDHPALG_00430	MER0195666	33.971	209	124	6	488	687	1	204	1.73e-32	122
CHDHPALG_00430	MER0003361	27.917	240	151	8	469	699	1	227	4.16e-27	107
CHDHPALG_00430	MER0005988	40.000	110	65	1	593	701	2	111	4.61e-23	91.7
CHDHPALG_00430	MER0003558	26.000	250	166	8	467	704	2	244	2.67e-17	79.3
CHDHPALG_00430	MER0034615	28.270	237	150	5	478	701	1	230	1.27e-16	77.0
CHDHPALG_00430	MER0005807	27.670	206	136	6	501	701	62	259	1.23e-14	71.6
CHDHPALG_00430	MER0017401	26.667	225	149	8	484	700	3	219	4.94e-14	69.3
CHDHPALG_00430	MER0000408	25.523	239	150	8	481	701	5	233	1.21e-12	65.5
CHDHPALG_00430	MER0018170	26.230	183	118	4	533	700	52	232	7.50e-12	63.2
CHDHPALG_00430	MER0140224	26.943	193	127	3	521	700	27	218	9.29e-12	62.4
CHDHPALG_00430	MER0006027	24.766	214	140	6	502	701	32	238	8.67e-11	60.1
CHDHPALG_00430	MER0016096	22.414	232	163	7	484	702	2	229	2.62e-10	58.2
CHDHPALG_00430	MER0030932	27.957	186	107	6	528	699	52	224	2.53e-09	55.5
CHDHPALG_00430	MER0011583	22.026	227	154	6	485	699	9	224	1.65e-08	53.1
CHDHPALG_00430	MER0015682	23.715	253	173	8	460	700	42	286	5.43e-08	52.0
CHDHPALG_00430	MER0014827	27.830	212	133	7	471	669	3	207	1.91e-07	50.1
CHDHPALG_00430	MER0004925	26.887	212	135	6	471	669	3	207	1.99e-07	49.7
CHDHPALG_00430	MER0000263	29.412	119	72	5	484	597	2	113	7.85e-07	47.8
CHDHPALG_00467	MER0026494	32.225	481	295	11	1	462	4	472	7.69e-71	229
CHDHPALG_00467	MER0015142	31.393	481	301	11	1	462	33	503	9.53e-69	224
CHDHPALG_00467	MER0026471	30.983	468	297	8	12	459	16	477	2.41e-68	223
CHDHPALG_00467	MER0003397	31.905	210	125	6	1	198	5	208	6.47e-23	95.9
CHDHPALG_00467	MER0003397	30.303	99	66	1	362	460	213	308	7.52e-09	53.9
CHDHPALG_00467	MER0026485	33.333	204	116	8	8	198	11	207	3.34e-21	90.9
CHDHPALG_00467	MER0026485	30.392	102	68	1	360	461	210	308	7.02e-09	53.9
CHDHPALG_00467	MER0052470	25.059	423	293	14	30	440	33	443	7.53e-20	88.6
CHDHPALG_00467	MER0057434	32.683	205	118	8	7	198	2	199	5.26e-18	81.3
CHDHPALG_00467	MER0057434	30.702	114	73	2	351	461	190	300	6.79e-08	50.8
CHDHPALG_00467	MER0001272	30.137	146	83	6	21	164	11	139	5.57e-11	59.7
CHDHPALG_00467	MER0033183	32.941	85	50	2	75	159	76	153	1.91e-06	46.2
CHDHPALG_00467	MER0001271	28.502	207	129	11	21	222	18	210	4.04e-06	45.4
CHDHPALG_00517	MER0042387	25.926	135	77	3	113	239	31	150	2.77e-06	44.7
CHDHPALG_00548	MER0003327	48.165	218	108	4	2	218	1	214	1.92e-62	203
CHDHPALG_00548	MER0012158	37.092	337	138	10	2	266	1	335	2.97e-56	190
CHDHPALG_00548	MER0185695	43.243	222	116	3	2	216	1	219	1.95e-50	171
CHDHPALG_00548	MER0003350	42.995	207	94	6	2	185	1	206	3.99e-43	150
CHDHPALG_00548	MER0003322	38.835	206	101	5	2	182	1	206	4.47e-37	134
CHDHPALG_00548	MER0011781	30.588	170	111	5	2	168	1	166	8.30e-15	71.2
CHDHPALG_00548	MER0011806	27.933	179	119	5	2	177	1	172	3.46e-13	66.6
CHDHPALG_00548	MER0003314	29.655	145	89	4	2	134	1	144	3.33e-12	63.9
CHDHPALG_00548	MER0004101	30.147	136	91	3	2	134	1	135	7.80e-12	62.4
CHDHPALG_00554	MER0014135	44.238	269	148	2	184	451	1	268	2.33e-78	242
CHDHPALG_00554	MER0003359	27.778	108	76	2	347	452	115	222	5.79e-09	53.1
CHDHPALG_00554	MER0017402	28.421	95	63	2	337	428	80	172	3.55e-07	47.8
CHDHPALG_00554	MER0026213	27.451	102	65	2	327	427	131	224	2.69e-06	45.4
CHDHPALG_00554	MER0005837	25.000	120	81	3	318	428	98	217	4.22e-06	45.1
CHDHPALG_00554	MER0000485	25.000	108	74	2	350	450	126	233	8.54e-06	43.9
CHDHPALG_00582	MER0011464	30.435	207	136	5	100	302	44	246	4.15e-26	105
CHDHPALG_00582	MER0030257	29.098	244	163	7	65	302	10	249	4.71e-25	102
CHDHPALG_00582	MER0011461	29.388	245	160	7	66	302	8	247	1.53e-24	100
CHDHPALG_00582	MER0015688	32.323	198	127	4	101	296	57	249	5.26e-23	96.3
CHDHPALG_00582	MER0038833	29.412	238	160	6	71	303	16	250	1.30e-22	95.1
CHDHPALG_00582	MER0011462	27.962	211	141	6	93	296	37	243	2.99e-22	94.0
CHDHPALG_00582	MER0029965	27.536	207	143	5	101	304	50	252	3.17e-22	94.0
CHDHPALG_00582	MER0038831	31.553	206	133	5	101	302	48	249	1.24e-21	92.0
CHDHPALG_00582	MER0015338	26.471	204	140	6	98	296	49	247	1.72e-20	89.0
CHDHPALG_00582	MER0038822	28.972	214	144	4	93	302	2	211	2.17e-20	87.4
CHDHPALG_00582	MER0005158	28.780	205	137	4	103	303	56	255	3.02e-20	88.2
CHDHPALG_00582	MER0038832	28.019	207	141	5	100	302	47	249	3.42e-20	87.8
CHDHPALG_00582	MER0011487	25.820	244	171	6	65	302	10	249	5.25e-18	81.6
CHDHPALG_00582	MER0001911	32.143	196	115	10	98	287	38	221	1.23e-16	77.4
CHDHPALG_00582	MER0038830	34.615	104	64	2	100	201	47	148	2.67e-10	57.8
CHDHPALG_00582	MER0002161	28.977	176	110	5	37	210	13	175	1.05e-08	54.3
CHDHPALG_00582	MER0005139	40.659	91	45	4	98	183	60	146	1.99e-08	53.1
CHDHPALG_00582	MER0004514	27.228	202	127	9	100	287	35	230	6.89e-08	51.2
CHDHPALG_00582	MER0194228	30.220	182	105	9	119	289	6	176	7.52e-08	50.4
CHDHPALG_00584	MER0004775	38.685	654	395	3	34	687	11	658	1.26e-165	488
CHDHPALG_00584	MER0011141	31.669	701	433	14	20	687	2	689	6.60e-112	350
CHDHPALG_00584	MER0001991	32.196	674	420	14	29	676	6	668	1.23e-108	341
CHDHPALG_00584	MER0019832	32.061	655	424	9	35	687	13	648	4.75e-104	328
CHDHPALG_00584	MER0001056	30.312	673	431	12	38	687	20	677	4.01e-103	326
CHDHPALG_00584	MER0011838	30.015	673	436	13	38	687	21	681	6.10e-101	321
CHDHPALG_00584	MER0002988	30.342	702	435	15	28	687	4	693	7.93e-101	321
CHDHPALG_00584	MER0001050	31.259	691	421	14	39	687	21	699	6.22e-100	318
CHDHPALG_00584	MER0011159	30.416	697	432	16	24	687	6	682	7.35e-99	315
CHDHPALG_00584	MER0013406	30.324	709	429	18	28	687	4	696	5.81e-94	303
CHDHPALG_00584	MER0001058	31.895	649	406	15	48	687	5	626	6.75e-94	301
CHDHPALG_00584	MER0019831	30.093	648	409	12	64	687	24	651	4.77e-90	291
CHDHPALG_00584	MER0004762	27.810	694	451	15	29	687	11	689	2.15e-83	275
CHDHPALG_00584	MER0002062	26.896	699	465	15	28	687	10	701	2.91e-77	258
CHDHPALG_00584	MER0002997	26.582	711	456	17	20	687	2	689	4.30e-77	258
CHDHPALG_00584	MER0005528	28.223	698	444	17	29	687	6	685	1.20e-76	256
CHDHPALG_00584	MER0002350	28.289	707	430	19	33	687	15	696	1.45e-76	256
CHDHPALG_00584	MER0002285	27.770	695	425	17	24	687	1	649	5.65e-73	245
CHDHPALG_00584	MER0001059	30.090	555	364	8	48	592	6	546	3.73e-71	238
CHDHPALG_00584	MER0015175	26.022	734	449	24	38	687	27	750	1.14e-56	202
CHDHPALG_00584	MER0001365	34.278	353	209	8	356	687	381	731	2.28e-56	201
CHDHPALG_00584	MER0001054	25.915	683	432	26	38	687	20	661	5.93e-51	185
CHDHPALG_00584	MER0038668	25.574	610	371	21	149	687	6	603	2.83e-50	182
CHDHPALG_00584	MER0162857	32.153	367	212	10	350	687	388	746	6.45e-50	183
CHDHPALG_00584	MER0011432	25.529	709	420	27	21	676	14	667	1.49e-38	149
CHDHPALG_00584	MER0011433	25.764	687	413	26	40	676	28	667	1.30e-37	146
CHDHPALG_00584	MER0024834	36.413	184	106	6	511	687	2	181	8.05e-34	124
CHDHPALG_00584	MER0011427	27.424	361	228	11	354	687	330	683	2.13e-29	120
CHDHPALG_00584	MER0004778	21.024	742	475	22	29	687	13	726	2.92e-29	120
CHDHPALG_00584	MER0011430	28.261	322	209	10	379	687	345	657	1.30e-27	115
CHDHPALG_00584	MER0026946	28.077	260	168	7	431	687	11	254	8.59e-25	100
CHDHPALG_00584	MER0002987	25.444	338	239	7	347	676	237	569	9.56e-24	102
CHDHPALG_00584	MER0002990	23.952	334	227	11	368	687	327	647	6.09e-22	97.4
CHDHPALG_00584	MER0011355	23.324	343	237	11	366	687	329	666	5.09e-21	94.4
CHDHPALG_00584	MER0002993	24.000	375	239	11	253	596	215	574	2.70e-20	92.0
CHDHPALG_00584	MER0011429	21.606	685	431	26	38	676	26	650	8.11e-20	90.9
CHDHPALG_00584	MER0002989	22.333	403	267	12	297	687	272	640	8.45e-20	90.5
CHDHPALG_00584	MER0004761	25.602	332	233	8	365	687	332	658	1.25e-19	90.1
CHDHPALG_00584	MER0002991	25.472	318	215	9	384	687	371	680	9.89e-15	74.3
CHDHPALG_00584	MER0015181	25.000	300	196	10	393	676	349	635	3.29e-14	72.8
CHDHPALG_00584	MER0004763	22.318	233	169	4	368	591	186	415	1.44e-12	67.0
CHDHPALG_00584	MER0011195	25.346	217	128	7	478	687	466	655	4.62e-12	65.9
CHDHPALG_00584	MER0011151	35.593	59	38	0	482	540	188	246	4.97e-10	58.5
CHDHPALG_00584	MER0011306	25.269	186	116	6	452	629	428	598	7.85e-10	58.5
CHDHPALG_00584	MER0011486	23.469	196	120	5	415	596	350	529	4.94e-08	52.8
CHDHPALG_00584	MER0002998	20.115	348	231	13	216	543	218	538	1.96e-06	47.8
CHDHPALG_00602	MER0003242	29.268	82	58	0	374	455	216	297	1.25e-07	50.1
CHDHPALG_00632	MER0003514	41.401	157	85	2	190	344	2	153	2.74e-31	116
CHDHPALG_00632	MER0003065	41.333	150	83	2	193	341	5	150	9.47e-30	112
CHDHPALG_00632	MER0001425	39.506	162	93	3	193	350	5	165	1.14e-29	112
CHDHPALG_00632	MER0004196	41.875	160	90	3	189	347	1	158	8.33e-29	109
CHDHPALG_00632	MER0001297	37.580	157	95	1	191	347	3	156	1.32e-28	108
CHDHPALG_00632	MER0003413	34.228	149	96	1	193	341	5	151	1.93e-27	105
CHDHPALG_00632	MER0015684	34.286	175	104	2	191	365	3	166	1.04e-26	103
CHDHPALG_00632	MER0004195	35.032	157	96	2	191	345	3	155	3.44e-24	96.3
CHDHPALG_00632	MER0005714	34.177	158	96	2	190	340	2	158	1.14e-23	95.1
CHDHPALG_00632	MER0001295	33.529	170	91	5	192	345	4	167	9.42e-22	89.7
CHDHPALG_00658	MER0192051	25.000	216	150	7	18	224	95	307	8.86e-11	59.3
CHDHPALG_00714	MER0005300	26.042	96	70	1	332	426	67	162	9.72e-06	42.7
CHDHPALG_00720	MER0004480	24.439	401	220	14	11	405	1	324	3.71e-18	82.0
CHDHPALG_00720	MER0004468	26.786	224	150	5	223	442	204	417	3.13e-13	67.8
CHDHPALG_00720	MER0004468	33.721	86	54	1	80	165	147	229	1.53e-07	50.1
CHDHPALG_00720	MER0004469	22.984	248	154	9	10	234	10	243	3.46e-13	67.8
CHDHPALG_00720	MER0897124	27.442	215	144	4	230	442	213	417	8.37e-13	66.6
CHDHPALG_00720	MER0897124	29.609	179	116	5	80	252	147	321	1.14e-08	53.5
CHDHPALG_00720	MER0004474	32.407	108	64	4	14	120	89	188	2.26e-08	52.4
CHDHPALG_00720	MER0004474	29.897	97	66	1	338	432	252	348	7.91e-06	44.7
CHDHPALG_00720	MER0004471	32.407	108	64	4	14	120	95	194	2.69e-07	49.3
CHDHPALG_00720	MER0004471	32.292	96	63	1	339	432	259	354	2.04e-06	46.6
CHDHPALG_00738	MER0002565	36.681	229	122	7	281	508	98	304	4.41e-27	109
CHDHPALG_00738	MER0000310	37.198	207	115	7	288	493	57	249	3.94e-26	104
CHDHPALG_00738	MER0028365	34.783	253	129	11	294	536	125	351	8.05e-26	106
CHDHPALG_00738	MER0028365	34.343	99	63	2	36	134	16	112	4.70e-07	48.9
CHDHPALG_00738	MER0004690	29.260	311	172	11	215	502	30	315	2.09e-25	104
CHDHPALG_00738	MER0004690	45.312	64	34	1	76	138	27	90	1.49e-09	56.6
CHDHPALG_00738	MER0000332	41.270	189	89	6	294	479	64	233	2.19e-25	102
CHDHPALG_00738	MER0077555	36.453	203	111	7	294	493	62	249	7.24e-25	101
CHDHPALG_00738	MER0005821	35.294	204	112	9	283	479	74	264	1.40e-23	100
CHDHPALG_00738	MER0001709	34.599	237	110	10	287	496	89	307	1.18e-21	93.2
CHDHPALG_00738	MER0001699	33.333	216	127	9	294	507	62	262	1.34e-21	91.7
CHDHPALG_00738	MER0016978	29.022	317	160	11	207	493	7	288	1.34e-20	89.7
CHDHPALG_00738	MER0000315	33.482	224	127	8	287	507	54	258	1.65e-20	88.6
CHDHPALG_00738	MER0002057	30.000	250	127	10	287	493	95	339	1.93e-20	90.1
CHDHPALG_00738	MER0001520	34.101	217	121	8	287	500	54	251	3.18e-20	87.8
CHDHPALG_00738	MER0017009	30.864	243	148	8	269	498	91	326	5.58e-20	88.2
CHDHPALG_00738	MER0017009	45.614	57	27	2	87	142	56	109	3.45e-06	45.8
CHDHPALG_00738	MER0000319	33.005	203	118	7	289	490	64	249	7.38e-20	86.7
CHDHPALG_00738	MER0001906	33.036	224	128	8	287	507	54	258	8.49e-20	86.3
CHDHPALG_00738	MER0001928	32.212	208	122	7	294	500	62	251	1.30e-19	85.9
CHDHPALG_00738	MER0000309	35.885	209	115	8	288	493	57	249	1.58e-19	85.5
CHDHPALG_00738	MER0000333	36.364	187	101	6	294	479	64	233	1.92e-19	85.5
CHDHPALG_00738	MER0081072	31.356	236	137	8	267	496	31	247	2.57e-19	84.7
CHDHPALG_00738	MER0062058	35.874	223	122	7	285	499	52	261	3.23e-19	87.0
CHDHPALG_00738	MER0062058	51.020	49	24	0	87	135	1	49	1.54e-10	60.1
CHDHPALG_00738	MER0000321	32.184	261	132	14	259	500	121	355	7.97e-19	85.1
CHDHPALG_00738	MER0002575	32.273	220	124	10	290	503	67	267	8.02e-19	83.6
CHDHPALG_00738	MER0001521	32.381	210	117	7	287	490	57	247	1.12e-18	83.2
CHDHPALG_00738	MER0000361	33.188	229	113	10	289	494	100	311	2.48e-18	83.2
CHDHPALG_00738	MER0000313	32.381	210	117	7	287	490	57	247	4.13e-18	81.6
CHDHPALG_00738	MER0002562	33.333	234	116	8	288	496	111	329	5.33e-18	82.4
CHDHPALG_00738	MER0000316	32.394	213	122	7	287	496	53	246	5.88e-18	80.9
CHDHPALG_00738	MER0013656	34.848	198	110	8	294	490	61	240	6.58e-18	80.9
CHDHPALG_00738	MER0000320	34.146	205	103	9	289	480	59	244	7.70e-18	80.9
CHDHPALG_00738	MER0054318	33.333	186	114	7	294	477	67	244	8.12e-18	81.3
CHDHPALG_00738	MER0004085	33.333	222	117	9	294	495	96	306	8.76e-18	81.6
CHDHPALG_00738	MER0001755	32.381	210	117	7	287	490	57	247	8.84e-18	80.5
CHDHPALG_00738	MER0000349	30.864	243	128	10	291	503	141	373	9.57e-18	82.0
CHDHPALG_00738	MER0001523	34.300	207	117	8	287	490	57	247	1.12e-17	80.1
CHDHPALG_00738	MER0000312	34.300	207	117	8	287	490	57	247	1.12e-17	80.1
CHDHPALG_00738	MER0014744	32.864	213	129	6	294	495	95	304	2.15e-17	80.5
CHDHPALG_00738	MER0016983	33.493	209	98	8	294	481	71	259	3.91e-17	79.3
CHDHPALG_00738	MER0001725	33.816	207	119	7	278	479	79	272	4.08e-17	79.3
CHDHPALG_00738	MER0000311	32.258	217	114	8	287	493	57	250	2.00e-16	76.6
CHDHPALG_00738	MER0016697	32.273	220	105	9	289	479	93	297	2.52e-16	77.4
CHDHPALG_00738	MER0030016	30.078	256	131	9	259	496	51	276	2.85e-16	76.3
CHDHPALG_00738	MER0042897	35.211	213	120	8	287	496	59	256	5.30e-16	75.5
CHDHPALG_00738	MER0006023	29.386	228	124	8	289	496	97	307	8.34e-16	75.5
CHDHPALG_00738	MER0005078	28.405	257	147	9	269	511	55	288	1.86e-15	73.9
CHDHPALG_00738	MER0006074	30.464	302	144	15	227	496	8	275	6.05e-15	72.4
CHDHPALG_00738	MER0004720	28.099	242	137	8	269	496	42	260	8.39e-15	71.6
CHDHPALG_00738	MER0161312	33.913	230	115	9	281	478	83	307	8.70e-15	72.8
CHDHPALG_00738	MER0003536	28.926	242	136	9	277	496	53	280	1.33e-14	71.6
CHDHPALG_00738	MER0000362	31.441	229	117	10	289	494	94	305	1.92e-14	71.2
CHDHPALG_00738	MER0003117	33.659	205	103	9	290	484	71	252	2.15e-14	70.9
CHDHPALG_00738	MER0005931	34.158	202	116	5	294	493	32	218	3.04e-14	69.3
CHDHPALG_00738	MER0002267	32.558	215	117	10	294	499	71	266	3.53e-14	70.1
CHDHPALG_00738	MER0050309	29.237	236	133	11	261	479	4	222	3.59e-14	71.2
CHDHPALG_00738	MER0002516	32.039	206	112	9	294	494	82	264	8.19e-14	68.9
CHDHPALG_00738	MER0155676	29.839	248	138	10	278	497	113	352	8.42e-14	70.1
CHDHPALG_00738	MER0000359	30.986	213	117	11	294	498	89	279	8.50e-14	68.9
CHDHPALG_00738	MER0006037	31.401	207	111	7	279	477	65	248	3.04e-13	67.4
CHDHPALG_00738	MER0067924	29.614	233	110	10	294	494	63	273	5.62e-13	66.2
CHDHPALG_00738	MER0019280	31.364	220	130	8	290	496	69	280	7.46e-13	66.2
CHDHPALG_00738	MER0000358	29.108	213	115	10	294	492	71	261	1.95e-12	65.5
CHDHPALG_00738	MER0002790	31.336	217	123	5	294	493	1	208	2.81e-12	63.5
CHDHPALG_00738	MER0000328	32.381	210	108	12	283	479	60	248	1.14e-11	62.4
CHDHPALG_00738	MER0002500	29.858	211	107	8	293	477	156	351	3.59e-11	62.0
CHDHPALG_00738	MER0000356	29.825	228	110	9	294	494	89	293	5.24e-11	61.2
CHDHPALG_00738	MER0000326	29.902	204	117	8	294	494	72	252	6.19e-11	60.5
CHDHPALG_00738	MER0000357	30.693	202	108	9	294	483	77	258	1.01e-10	59.7
CHDHPALG_00738	MER0005859	31.718	227	101	10	294	480	242	454	1.70e-10	60.1
CHDHPALG_00738	MER0000347	26.991	226	145	7	290	501	115	334	1.71e-10	60.1
CHDHPALG_00738	MER0016688	28.807	243	127	10	290	500	70	298	2.58e-10	58.5
CHDHPALG_00738	MER0000353	30.097	206	108	8	281	472	144	327	2.72e-10	58.5
CHDHPALG_00738	MER0014446	28.689	244	128	11	294	513	197	418	1.19e-09	57.4
CHDHPALG_00738	MER0002764	31.163	215	113	10	278	485	73	259	1.82e-09	55.8
CHDHPALG_00738	MER0000351	27.650	217	113	7	281	478	93	284	2.07e-09	55.5
CHDHPALG_00738	MER0000344	29.592	196	104	9	294	479	88	259	4.15e-09	54.7
CHDHPALG_00738	MER0000389	27.157	313	148	16	271	535	59	339	4.75e-09	55.1
CHDHPALG_00738	MER0014300	29.126	309	139	15	287	541	73	355	6.04e-09	54.7
CHDHPALG_00738	MER0050310	25.877	228	136	10	294	505	102	312	6.80e-09	54.7
CHDHPALG_00738	MER0004123	32.680	153	75	6	369	493	153	305	8.02e-09	54.3
CHDHPALG_00738	MER0000325	29.915	234	135	10	283	510	58	268	1.08e-08	53.9
CHDHPALG_00738	MER0037258	28.125	224	134	8	293	496	79	295	1.19e-08	53.5
CHDHPALG_00738	MER0000335	26.291	213	126	10	288	492	63	252	1.22e-08	53.1
CHDHPALG_00738	MER0000336	25.758	198	116	7	286	475	73	247	1.62e-08	52.8
CHDHPALG_00738	MER0003020	27.152	302	137	15	294	527	226	512	1.80e-08	53.5
CHDHPALG_00738	MER0001454	32.609	92	44	3	421	494	234	325	7.04e-08	51.2
CHDHPALG_00738	MER0004988	27.273	198	115	7	294	479	71	251	7.60e-08	50.8
CHDHPALG_00738	MER0000350	28.044	271	125	14	270	494	80	326	9.38e-08	50.8
CHDHPALG_00738	MER0055027	35.965	114	57	5	280	390	68	168	9.65e-08	51.2
CHDHPALG_00738	MER0028258	30.556	252	124	12	292	496	102	349	2.02e-07	50.1
CHDHPALG_00738	MER0014085	25.692	253	135	10	294	494	87	338	2.49e-07	49.7
CHDHPALG_00738	MER0005712	24.506	253	141	9	294	496	88	340	2.54e-07	49.7
CHDHPALG_00738	MER0006048	24.242	264	137	8	294	494	85	348	2.96e-07	49.7
CHDHPALG_00738	MER0022415	25.234	214	124	10	294	494	83	273	3.30e-07	49.7
CHDHPALG_00738	MER0015427	24.046	262	132	9	294	494	86	341	4.14e-07	48.9
CHDHPALG_00738	MER0000338	27.094	203	115	8	284	477	62	240	4.95e-07	48.1
CHDHPALG_00738	MER0005699	24.573	293	149	11	294	516	103	393	5.61e-07	48.5
CHDHPALG_00738	MER0015438	32.584	89	40	2	428	496	362	450	6.32e-07	48.5
CHDHPALG_00738	MER0024902	25.116	215	149	5	294	498	97	309	6.90e-07	48.1
CHDHPALG_00738	MER0001467	31.818	88	40	3	427	494	247	334	8.67e-07	48.1
CHDHPALG_00738	MER0002771	25.926	189	108	6	331	494	146	327	1.12e-06	47.8
CHDHPALG_00738	MER0068994	26.400	250	107	11	292	477	107	343	1.33e-06	47.4
CHDHPALG_00738	MER0005790	29.353	201	98	8	294	476	94	268	1.54e-06	46.6
CHDHPALG_00738	MER0006036	30.864	81	43	1	440	507	371	451	1.54e-06	47.4
CHDHPALG_00738	MER0015437	33.784	74	41	2	428	494	354	426	1.62e-06	47.4
CHDHPALG_00738	MER0016991	27.354	223	122	10	288	481	71	282	1.80e-06	47.0
CHDHPALG_00738	MER0001451	24.164	269	133	8	286	494	59	316	2.20e-06	46.6
CHDHPALG_00738	MER0001368	23.022	278	145	11	280	494	62	333	2.27e-06	46.6
CHDHPALG_00738	MER0011813	32.743	113	47	5	428	511	347	459	2.43e-06	46.6
CHDHPALG_00738	MER0000364	26.360	239	140	8	281	500	57	278	2.76e-06	46.2
CHDHPALG_00738	MER0015436	31.313	99	49	4	428	511	354	448	2.86e-06	46.6
CHDHPALG_00738	MER0013641	25.498	251	141	12	288	510	77	309	2.92e-06	46.6
CHDHPALG_00738	MER0014310	34.483	87	37	3	428	494	310	396	3.08e-06	46.2
CHDHPALG_00738	MER0013896	31.250	112	49	4	428	512	358	468	5.10e-06	45.8
CHDHPALG_00738	MER0014309	30.435	92	46	2	421	494	234	325	5.33e-06	45.4
CHDHPALG_00738	MER0014325	34.286	70	31	2	440	494	264	333	6.55e-06	45.1
CHDHPALG_00739	MER0036308	29.139	151	94	5	340	481	58	204	2.01e-10	58.2
CHDHPALG_00739	MER0002755	27.011	174	112	6	322	481	28	200	2.21e-10	57.8
CHDHPALG_00739	MER0002003	24.747	198	122	9	314	488	24	217	8.09e-10	56.2
CHDHPALG_00739	MER0012283	27.389	157	101	5	340	486	60	213	1.42e-09	55.5
CHDHPALG_00739	MER0002746	22.791	215	148	7	312	508	17	231	1.43e-08	52.8
CHDHPALG_00739	MER0019759	23.841	151	109	3	362	508	82	230	3.63e-08	51.6
CHDHPALG_00739	MER0002968	25.000	192	127	6	314	488	24	215	8.57e-08	50.1
CHDHPALG_00739	MER0011345	24.551	167	108	6	324	475	40	203	1.10e-07	50.1
CHDHPALG_00739	MER0002355	26.901	171	86	8	322	480	57	200	1.96e-07	49.3
CHDHPALG_00739	MER0011720	24.286	140	102	3	362	501	79	214	2.11e-07	48.9
CHDHPALG_00739	MER0001009	22.840	162	119	4	353	508	8	169	4.61e-07	47.8
CHDHPALG_00739	MER0001013	26.111	180	115	6	325	489	42	218	1.07e-06	47.0
CHDHPALG_00739	MER0001017	22.422	223	127	8	315	504	31	240	1.12e-06	47.0
CHDHPALG_00739	MER0001010	23.077	169	122	5	340	500	34	202	1.40e-06	46.2
CHDHPALG_00739	MER0091680	23.697	211	131	9	314	501	10	213	6.42e-06	44.7
CHDHPALG_00739	MER0005328	26.452	155	92	6	340	478	49	197	9.46e-06	43.9
CHDHPALG_00745	MER0016191	29.167	288	185	6	48	321	4	286	7.09e-35	125
CHDHPALG_00745	MER0016172	28.175	252	170	5	88	330	45	294	9.95e-22	90.5
CHDHPALG_00745	MER0016185	24.444	315	196	9	45	321	1	311	8.85e-16	73.9
CHDHPALG_00768	MER0031431	30.894	123	79	2	100	216	35	157	6.38e-14	64.7
CHDHPALG_00768	MER0031432	29.008	131	84	4	94	216	28	157	1.49e-11	58.2
CHDHPALG_00768	MER0031433	29.464	112	74	3	94	201	28	138	5.30e-11	56.6
CHDHPALG_00768	MER0034659	33.333	99	56	2	113	201	42	140	4.32e-09	51.2
CHDHPALG_00768	MER0014721	33.333	93	52	3	99	187	24	110	6.94e-08	47.8
CHDHPALG_00768	MER0044553	27.778	126	89	2	93	217	10	134	1.15e-06	43.9
CHDHPALG_00768	MER0038141	29.762	84	53	2	114	192	45	127	5.20e-06	42.4
CHDHPALG_00768	MER0002601	26.250	80	53	2	106	185	21	94	5.52e-06	42.0
CHDHPALG_00784	MER0001313	24.457	184	93	5	9	191	15	153	3.97e-07	45.1
CHDHPALG_00793	MER0003380	34.894	235	144	4	150	383	14	240	7.60e-41	142
CHDHPALG_00793	MER0069741	41.333	150	84	3	236	383	24	171	1.07e-30	113
CHDHPALG_00793	MER0013541	51.765	85	41	0	281	365	1	85	2.13e-22	87.8
CHDHPALG_00793	MER0387040	43.299	97	54	1	281	376	1	97	2.65e-17	73.9
CHDHPALG_00793	MER0066182	42.574	101	57	1	277	376	88	188	4.39e-17	76.3
CHDHPALG_00793	MER0003376	38.095	105	52	2	278	369	42	146	1.08e-14	68.6
CHDHPALG_00793	MER0003906	36.264	91	56	2	281	369	1	91	1.29e-12	60.8
CHDHPALG_00793	MER0001419	34.884	86	54	2	281	364	32	117	3.49e-11	57.8
CHDHPALG_00793	MER0003423	36.047	86	53	2	281	364	32	117	4.53e-11	57.4
CHDHPALG_00793	MER0015415	27.972	143	101	2	224	365	8	149	1.38e-09	53.9
CHDHPALG_00793	MER0025070	33.981	103	56	5	279	370	4	105	3.38e-08	48.5
CHDHPALG_00793	MER0388771	34.653	101	54	5	281	370	2	101	3.42e-08	48.5
CHDHPALG_00793	MER0005300	36.000	100	58	2	258	354	42	138	9.21e-08	48.5
CHDHPALG_00810	MER0011781	25.430	291	138	14	38	319	17	237	9.13e-10	56.2
CHDHPALG_00810	MER0004101	24.460	278	145	12	38	314	17	230	7.45e-09	53.5
CHDHPALG_00810	MER0011806	23.611	288	148	11	38	320	17	237	2.23e-08	52.4
CHDHPALG_00824	MER0036053	27.519	258	158	6	17	247	4	259	1.83e-16	73.9
CHDHPALG_00824	MER0017177	28.846	156	100	6	13	161	26	177	1.61e-13	66.2
CHDHPALG_00824	MER0036115	31.373	102	68	1	19	118	33	134	3.15e-13	65.1
CHDHPALG_00824	MER0031619	31.429	105	70	1	18	120	25	129	6.39e-13	64.3
CHDHPALG_00824	MER0014065	30.275	109	73	2	11	117	25	132	2.83e-12	62.4
CHDHPALG_00824	MER0044581	31.818	110	68	4	14	116	64	173	1.39e-11	60.5
CHDHPALG_00824	MER0004146	31.897	116	73	3	7	116	4	119	2.95e-11	58.9
CHDHPALG_00824	MER0037236	32.031	128	74	4	6	124	4	127	3.40e-11	58.9
CHDHPALG_00824	MER0036072	25.362	138	90	2	15	144	74	206	8.73e-11	58.2
CHDHPALG_00824	MER0017142	27.149	221	128	9	10	213	2	206	6.65e-10	55.1
CHDHPALG_00824	MER0035043	30.303	99	67	1	21	117	35	133	8.01e-10	55.1
CHDHPALG_00824	MER0017193	30.952	168	104	5	10	165	14	181	9.43e-10	54.7
CHDHPALG_00824	MER0036084	21.176	255	175	7	17	253	14	260	1.25e-09	54.3
CHDHPALG_00824	MER0011785	27.333	150	96	3	15	158	28	170	1.30e-09	54.7
CHDHPALG_00824	MER0026339	36.275	102	57	3	8	101	9	110	1.54e-09	53.9
CHDHPALG_00824	MER0035032	26.263	99	71	1	21	117	31	129	1.62e-09	54.3
CHDHPALG_00824	MER0035035	25.234	107	78	1	21	125	35	141	1.64e-09	54.3
CHDHPALG_00824	MER0036054	28.972	107	74	2	16	120	11	117	1.80e-09	53.9
CHDHPALG_00824	MER0035044	27.273	99	70	1	21	117	33	131	2.01e-09	53.9
CHDHPALG_00824	MER0044578	29.412	102	65	4	22	116	74	175	2.68e-09	53.5
CHDHPALG_00824	MER0035038	26.263	99	71	1	21	117	30	128	2.87e-09	53.5
CHDHPALG_00824	MER0031617	23.134	134	87	3	17	144	30	153	4.12e-09	52.8
CHDHPALG_00824	MER0011509	25.806	124	88	1	11	130	28	151	4.13e-09	53.1
CHDHPALG_00824	MER0036065	27.523	109	72	1	20	121	1	109	6.13e-09	52.0
CHDHPALG_00824	MER0213280	20.325	123	91	2	21	141	30	147	7.11e-09	52.4
CHDHPALG_00824	MER0036075	27.434	113	78	3	8	116	57	169	1.03e-08	52.0
CHDHPALG_00824	MER0031616	23.490	149	102	3	2	138	15	163	1.55e-08	51.2
CHDHPALG_00824	MER0031611	24.818	137	87	5	1	126	16	147	1.84e-08	50.8
CHDHPALG_00824	MER0044900	32.353	102	60	3	23	115	96	197	3.44e-08	50.4
CHDHPALG_00824	MER0031610	31.068	103	62	3	20	117	53	151	6.57e-08	49.3
CHDHPALG_00824	MER0017033	32.075	106	55	4	22	118	65	162	6.60e-08	49.3
CHDHPALG_00824	MER0035973	25.000	108	80	1	12	118	47	154	7.94e-08	48.9
CHDHPALG_00824	MER0037853	30.833	120	72	6	7	117	12	129	2.48e-07	47.8
CHDHPALG_00824	MER0043008	24.490	147	88	4	17	146	16	156	2.92e-07	47.4
CHDHPALG_00824	MER0031569	25.000	184	123	6	15	187	22	201	3.51e-07	47.0
CHDHPALG_00824	MER0036057	29.592	98	68	1	22	118	63	160	3.66e-07	47.0
CHDHPALG_00824	MER0044350	25.773	97	69	2	21	114	1	97	4.78e-07	46.6
CHDHPALG_00824	MER0034563	24.183	153	111	3	22	174	17	164	9.09e-07	45.4
CHDHPALG_00824	MER0044633	23.944	142	101	4	3	138	56	196	1.13e-06	45.8
CHDHPALG_00824	MER0045479	25.397	189	123	7	15	192	26	207	1.15e-06	45.4
CHDHPALG_00824	MER0036074	26.429	140	72	2	12	120	82	221	1.21e-06	45.8
CHDHPALG_00824	MER0030163	25.600	125	83	3	48	162	56	180	1.52e-06	45.1
CHDHPALG_00824	MER0031565	27.826	115	74	3	15	123	26	137	2.00e-06	44.7
CHDHPALG_00824	MER0031614	22.925	253	176	7	17	257	77	322	3.39e-06	44.3
CHDHPALG_00824	MER0033249	29.412	102	69	2	22	120	35	136	4.31e-06	43.1
CHDHPALG_00824	MER0036066	20.492	244	173	7	22	249	1	239	4.73e-06	43.5
CHDHPALG_00824	MER0213829	23.423	111	77	3	22	124	50	160	4.79e-06	43.9
CHDHPALG_00824	MER0036076	29.167	96	65	2	22	115	63	157	5.54e-06	43.5
CHDHPALG_00824	MER0045809	22.043	186	128	7	63	237	93	272	5.70e-06	43.5
CHDHPALG_00824	MER0025512	37.931	58	36	0	66	123	95	152	6.06e-06	43.5
CHDHPALG_00824	MER0183709	27.273	121	64	6	14	120	32	142	6.15e-06	43.5
CHDHPALG_00828	MER0001244	38.577	267	143	6	175	426	2	262	4.32e-55	181
CHDHPALG_00828	MER0013463	34.601	263	157	4	174	425	1	259	3.79e-49	165
CHDHPALG_00828	MER0001733	29.210	291	163	4	176	425	3	291	4.26e-42	147
CHDHPALG_00828	MER0028601	30.370	270	162	9	176	425	3	266	4.84e-38	135
CHDHPALG_00828	MER0004532	31.818	242	128	6	175	407	2	215	2.29e-36	130
CHDHPALG_00828	MER0005462	30.924	249	144	6	174	418	1	225	2.04e-34	125
CHDHPALG_00828	MER0004931	30.126	239	141	5	175	409	2	218	6.36e-33	121
CHDHPALG_00828	MER0001248	34.426	244	106	10	231	426	16	253	8.35e-31	116
CHDHPALG_00828	MER0005715	30.252	238	140	6	175	406	2	219	7.76e-26	102
CHDHPALG_00828	MER0001250	26.174	298	152	12	176	419	3	286	1.73e-15	73.6
CHDHPALG_00828	MER0002038	26.064	188	110	6	231	412	59	223	2.55e-15	72.0
CHDHPALG_00828	MER0016544	29.187	209	112	8	229	424	82	267	1.47e-12	64.7
CHDHPALG_00828	MER0027437	25.610	246	140	11	174	400	1	222	1.14e-10	58.5
CHDHPALG_00828	MER0003105	25.116	215	123	10	216	415	49	240	1.42e-08	52.4
CHDHPALG_00828	MER0014518	25.405	185	101	8	230	400	64	225	1.18e-06	46.6
CHDHPALG_00846	MER0095620	38.889	360	200	6	55	396	3	360	5.39e-92	278
CHDHPALG_00846	MER0000727	21.647	425	265	15	19	396	29	432	2.21e-12	65.1
CHDHPALG_00846	MER0003535	22.751	378	239	10	52	391	55	417	2.75e-11	61.6
CHDHPALG_00846	MER0000728	22.794	408	239	17	25	385	30	408	4.46e-10	57.8
CHDHPALG_00846	MER0003534	21.134	388	249	10	50	397	53	423	2.29e-07	49.3
CHDHPALG_00846	MER0025190	30.682	88	48	3	312	390	127	210	2.28e-06	45.1
CHDHPALG_00846	MER0000660	31.461	89	51	2	294	372	114	202	2.80e-06	45.1
CHDHPALG_00846	MER0011796	36.667	60	37	1	330	389	157	215	5.27e-06	43.9
CHDHPALG_00846	MER0003651	39.535	43	26	0	330	372	153	195	5.84e-06	43.9
CHDHPALG_00846	MER0002628	23.056	360	222	12	52	372	55	398	6.44e-06	44.7
CHDHPALG_00846	MER0000243	40.476	42	25	0	330	371	153	194	7.99e-06	43.5
CHDHPALG_00847	MER0034615	59.109	247	100	1	382	628	1	246	2.26e-111	331
CHDHPALG_00847	MER0000263	36.885	244	144	5	389	628	4	241	1.00e-51	175
CHDHPALG_00847	MER0016096	35.124	242	152	3	390	628	5	244	9.48e-50	170
CHDHPALG_00847	MER0011583	31.621	253	147	8	390	631	11	248	3.44e-28	110
CHDHPALG_00847	MER0000408	26.168	214	148	4	402	610	23	231	1.64e-19	85.5
CHDHPALG_00847	MER0017401	25.571	219	154	4	393	610	8	218	1.01e-17	80.1
CHDHPALG_00847	MER0005196	24.701	251	168	6	379	622	9	245	2.46e-17	79.0
CHDHPALG_00847	MER0001423	27.426	237	148	5	390	616	1	223	4.03e-17	78.2
CHDHPALG_00847	MER0195666	25.103	243	169	7	391	627	1	236	6.51e-15	71.6
CHDHPALG_00847	MER0003558	24.615	260	180	6	369	623	1	249	2.07e-14	70.5
CHDHPALG_00847	MER0005987	26.271	236	162	4	379	610	14	241	5.40e-14	69.3
CHDHPALG_00847	MER0001920	22.176	239	160	3	406	631	21	246	6.99e-14	68.9
CHDHPALG_00847	MER0004921	26.754	228	148	9	391	612	4	218	1.30e-13	67.8
CHDHPALG_00847	MER0015682	25.000	224	153	4	396	617	82	292	3.36e-13	67.8
CHDHPALG_00847	MER0005807	24.896	241	156	6	378	612	38	259	3.85e-13	67.0
CHDHPALG_00847	MER0058228	23.894	226	158	5	391	612	7	222	4.62e-13	66.2
CHDHPALG_00847	MER0018170	26.977	215	141	6	404	610	25	231	9.56e-13	65.5
CHDHPALG_00847	MER0140224	22.374	219	155	4	406	617	14	224	5.76e-12	62.8
CHDHPALG_00847	MER0000401	26.609	233	142	6	391	612	26	240	5.95e-12	63.2
CHDHPALG_00847	MER0022823	29.384	211	133	8	378	581	15	216	9.58e-11	60.1
CHDHPALG_00847	MER0011413	24.803	254	159	8	391	630	4	239	1.81e-10	58.5
CHDHPALG_00847	MER0000399	28.972	107	75	1	391	496	25	131	1.90e-10	58.9
CHDHPALG_00847	MER0000403	25.373	134	98	2	383	514	17	150	3.04e-10	58.2
CHDHPALG_00847	MER0013484	24.180	244	167	7	394	630	7	239	3.41e-10	57.8
CHDHPALG_00847	MER0006027	26.244	221	152	7	397	612	24	238	1.49e-08	53.1
CHDHPALG_00847	MER0003361	26.415	106	74	2	392	496	20	122	7.34e-08	50.8
CHDHPALG_00847	MER0004923	26.800	250	153	13	394	630	58	290	8.61e-08	50.8
CHDHPALG_00847	MER0011305	22.358	246	162	4	379	612	8	236	2.23e-07	49.3
CHDHPALG_00847	MER0000405	28.814	118	79	3	384	496	23	140	2.74e-07	49.3
CHDHPALG_00847	MER0192427	30.973	113	63	4	393	497	68	173	2.94e-07	49.3
CHDHPALG_00847	MER0014827	24.906	265	148	12	371	610	1	239	3.71e-07	48.9
CHDHPALG_00847	MER0005694	28.571	126	88	1	373	498	19	142	8.74e-07	47.8
CHDHPALG_00847	MER0003229	22.034	236	173	5	364	597	9	235	2.40e-06	46.2
CHDHPALG_00847	MER0004504	29.730	111	68	3	393	496	1	108	2.63e-06	45.8
CHDHPALG_00847	MER0002490	23.871	155	116	2	366	520	13	165	3.00e-06	46.2
CHDHPALG_00847	MER0011231	29.323	133	90	3	369	497	4	136	3.45e-06	45.8
CHDHPALG_00847	MER0011450	24.299	214	149	5	374	581	10	216	3.47e-06	45.8
CHDHPALG_00847	MER0000392	26.351	148	108	1	373	520	9	155	4.16e-06	45.8
CHDHPALG_00847	MER0000404	22.963	270	190	10	371	633	6	264	4.48e-06	45.4
CHDHPALG_00847	MER0015621	23.077	143	109	1	378	520	24	165	8.89e-06	44.7
CHDHPALG_00885	MER0005767	28.527	319	185	8	54	369	27	305	4.74e-34	126
CHDHPALG_00885	MER0030136	24.069	403	277	15	4	385	1	395	7.82e-19	84.7
CHDHPALG_00885	MER0030151	24.010	404	276	13	4	385	1	395	1.68e-18	84.0
CHDHPALG_00885	MER0030143	23.020	404	280	13	4	385	1	395	1.11e-17	81.3
CHDHPALG_00885	MER0015112	24.566	403	279	13	4	385	1	399	1.56e-16	77.8
CHDHPALG_00885	MER0030149	23.383	402	281	14	4	385	1	395	3.45e-13	67.8
CHDHPALG_00885	MER0030155	21.608	398	293	11	4	385	1	395	6.87e-13	66.6
CHDHPALG_00914	MER0003413	41.290	155	88	2	202	355	4	156	7.02e-35	125
CHDHPALG_00914	MER0004196	40.385	156	89	3	202	355	4	157	2.60e-32	119
CHDHPALG_00914	MER0001297	38.065	155	94	2	201	355	3	155	5.43e-32	118
CHDHPALG_00914	MER0001425	41.401	157	88	1	202	354	4	160	9.13e-32	117
CHDHPALG_00914	MER0003514	38.961	154	92	1	202	355	4	155	6.40e-31	115
CHDHPALG_00914	MER0015684	34.615	156	102	0	199	354	1	156	1.82e-30	114
CHDHPALG_00914	MER0003065	36.364	154	96	1	202	355	4	155	2.29e-28	107
CHDHPALG_00914	MER0005714	35.849	159	95	1	204	355	6	164	2.32e-28	108
CHDHPALG_00914	MER0004195	34.395	157	98	2	201	355	3	156	2.27e-24	96.7
CHDHPALG_00914	MER0001295	30.464	151	92	2	217	355	19	168	5.79e-19	81.6
CHDHPALG_00914	MER0195376	27.397	146	82	4	202	323	2	147	1.53e-06	45.4
CHDHPALG_00937	MER0237414	22.477	218	157	5	45	251	3	219	1.31e-13	67.0
CHDHPALG_00938	MER0195774	35.593	177	114	0	25	201	1	177	4.36e-35	125
CHDHPALG_00938	MER0003448	27.273	209	151	1	25	233	2	209	6.62e-17	76.6
CHDHPALG_00938	MER0001229	27.700	213	137	5	25	229	2	205	6.20e-16	73.6
CHDHPALG_00938	MER0043985	27.700	213	137	5	25	229	2	205	1.27e-15	72.8
CHDHPALG_00938	MER0001233	26.786	224	151	7	24	237	1	221	3.90e-13	65.9
CHDHPALG_00938	MER0004423	30.323	155	98	5	56	209	30	175	4.15e-12	62.4
CHDHPALG_00938	MER0003543	26.442	208	143	3	25	228	2	203	4.62e-12	62.4
CHDHPALG_00938	MER0001214	33.333	108	71	1	25	131	26	133	1.34e-11	60.5
CHDHPALG_00938	MER0122186	25.543	184	123	5	25	201	22	198	1.61e-11	60.1
CHDHPALG_00938	MER0015259	26.776	183	125	6	25	201	26	205	1.03e-10	58.2
CHDHPALG_00938	MER0390687	23.353	167	127	1	32	198	1	166	4.48e-10	55.5
CHDHPALG_00938	MER0001222	25.131	191	129	5	20	201	21	206	6.31e-10	55.8
CHDHPALG_00938	MER0002283	28.571	154	108	2	25	177	26	178	1.11e-09	55.1
CHDHPALG_00938	MER0002423	27.473	182	123	3	25	205	26	199	1.71e-09	54.7
CHDHPALG_00938	MER0001218	27.027	185	126	3	25	201	26	209	1.81e-09	54.3
CHDHPALG_00938	MER0003823	25.871	201	136	6	7	205	10	199	3.58e-09	53.5
CHDHPALG_00938	MER0188967	23.055	347	221	11	61	375	3	335	3.60e-09	55.1
CHDHPALG_00938	MER0003386	36.471	85	52	2	25	107	26	110	4.16e-09	53.5
CHDHPALG_00938	MER0011744	26.220	164	109	4	25	182	26	183	1.22e-08	52.0
CHDHPALG_00938	MER0015090	23.415	205	155	2	25	229	2	204	2.44e-08	51.2
CHDHPALG_00938	MER0002345	29.457	129	88	3	25	151	26	153	5.21e-08	50.1
CHDHPALG_00938	MER0002008	25.114	219	127	6	25	231	2	195	1.14e-07	49.3
CHDHPALG_00938	MER0001413	28.846	104	72	2	25	127	30	132	2.80e-07	47.0
CHDHPALG_00938	MER0011096	25.610	164	110	5	25	182	26	183	2.86e-07	47.8
CHDHPALG_00938	MER0142407	23.333	300	187	12	61	327	4	293	7.86e-07	47.4
CHDHPALG_00938	MER0026957	23.494	166	124	2	50	214	22	185	8.63e-07	46.6
CHDHPALG_00938	MER0169735	33.333	81	53	1	25	104	16	96	1.25e-06	45.8
CHDHPALG_00938	MER0021876	27.885	104	73	2	25	127	1	103	2.38e-06	45.1
CHDHPALG_00938	MER0011292	20.710	169	129	4	41	204	64	232	5.97e-06	44.3
CHDHPALG_01005	MER0001161	40.469	682	391	7	2	674	3	678	1.17e-172	506
CHDHPALG_01005	MER0001158	37.611	678	417	5	1	674	2	677	1.00e-153	457
CHDHPALG_01005	MER0006087	34.429	639	387	13	64	675	66	699	3.57e-122	377
CHDHPALG_01005	MER0015119	33.057	723	422	20	2	675	8	717	4.72e-118	366
CHDHPALG_01005	MER0001149	31.788	604	384	12	82	674	90	676	2.47e-91	295
CHDHPALG_01005	MER0108144	29.630	675	435	14	24	674	4	662	1.76e-89	290
CHDHPALG_01005	MER0003110	29.471	699	422	16	33	674	31	715	5.03e-87	285
CHDHPALG_01005	MER0001942	31.683	606	384	13	81	674	89	676	6.82e-84	275
CHDHPALG_01005	MER0001153	30.435	621	400	12	76	674	82	692	2.97e-78	260
CHDHPALG_01005	MER0079465	27.866	567	371	17	128	674	86	634	9.99e-65	222
CHDHPALG_01005	MER0015170	25.134	561	388	11	112	669	94	625	1.56e-52	188
CHDHPALG_01005	MER0001156	25.904	664	435	21	30	651	36	684	3.15e-44	166
CHDHPALG_01005	MER0021317	34.247	73	48	0	431	503	15	87	4.07e-08	48.1
CHDHPALG_01023	MER0015475	34.921	189	104	6	16	191	5	187	2.97e-21	85.5
CHDHPALG_01059	MER0060647	37.293	362	205	7	11	361	1	351	3.20e-73	228
CHDHPALG_01059	MER0078640	37.845	362	198	6	11	360	1	347	5.56e-72	225
CHDHPALG_01059	MER0044812	41.772	237	122	3	138	361	1	234	1.05e-59	190
CHDHPALG_01059	MER0043540	39.801	201	117	2	165	364	27	224	2.31e-50	165
CHDHPALG_01059	MER0115185	51.724	145	68	1	215	359	1	143	2.07e-45	149
CHDHPALG_01059	MER0436691	34.201	269	134	6	101	364	14	244	4.91e-45	152
CHDHPALG_01059	MER0045945	38.235	204	121	4	161	364	15	213	4.90e-42	143
CHDHPALG_01059	MER0046161	38.182	220	117	4	161	366	33	247	1.92e-41	143
CHDHPALG_01059	MER0044882	28.205	156	99	6	202	346	3	156	6.45e-11	57.8
CHDHPALG_01059	MER0043394	24.113	141	97	5	212	346	12	148	9.53e-07	45.4
CHDHPALG_01059	MER0043195	27.632	152	86	8	229	360	59	206	1.64e-06	45.8
CHDHPALG_01059	MER0043537	24.571	175	112	5	192	356	14	178	2.23e-06	44.7
CHDHPALG_01059	MER0045094	23.529	170	104	6	192	346	26	184	6.94e-06	43.5
CHDHPALG_01140	MER0005462	25.789	190	118	6	12	184	12	195	3.41e-10	55.1
CHDHPALG_01155	MER0035035	29.293	99	61	4	73	163	27	124	5.45e-08	50.1
CHDHPALG_01155	MER0036115	29.703	101	63	4	80	174	36	134	1.95e-07	48.1
CHDHPALG_01155	MER0035044	28.125	128	78	6	73	192	25	146	9.12e-06	43.1
CHDHPALG_01166	MER0034539	37.356	174	106	3	2	174	1	172	4.92e-32	120
CHDHPALG_01166	MER0033254	30.992	242	129	11	2	214	1	233	6.80e-19	83.6
CHDHPALG_01166	MER0011806	29.126	206	98	11	2	166	1	199	1.76e-08	52.4
CHDHPALG_01166	MER0004101	28.293	205	101	9	2	166	1	199	2.18e-08	52.4
CHDHPALG_01166	MER0011781	27.374	179	89	6	27	166	22	198	2.62e-08	52.0
CHDHPALG_01175	MER0015473	29.756	205	93	6	49	248	38	196	5.06e-12	60.5
CHDHPALG_01175	MER0015472	25.389	193	94	4	49	241	46	188	4.37e-08	48.9
CHDHPALG_01175	MER0015459	33.333	54	36	0	44	97	46	99	3.26e-07	46.6
CHDHPALG_01175	MER0015458	24.257	202	95	5	44	235	48	201	3.67e-07	46.6
CHDHPALG_01175	MER0035036	25.532	188	87	4	46	232	86	221	4.44e-07	46.6
CHDHPALG_01175	MER0015632	30.882	68	45	1	44	109	41	108	5.33e-07	45.8
CHDHPALG_01175	MER0030047	26.738	187	81	6	53	238	3	134	6.32e-07	44.7
CHDHPALG_01175	MER0015462	36.000	50	32	0	44	93	44	93	1.42e-06	44.3
CHDHPALG_01175	MER0017194	28.571	182	79	4	50	228	66	199	1.58e-06	44.7
CHDHPALG_01175	MER0015468	32.895	76	50	1	11	85	8	83	8.26e-06	42.0
CHDHPALG_01176	MER0015473	25.949	158	103	3	56	200	29	185	1.72e-07	47.8
CHDHPALG_01179	MER0000589	24.927	341	138	10	140	473	1	230	1.95e-19	84.7
CHDHPALG_01179	MER0013626	42.308	52	30	0	425	476	99	150	2.07e-10	56.2
CHDHPALG_01205	MER0034539	57.282	206	88	0	2	207	1	206	4.14e-86	263
CHDHPALG_01205	MER0033254	34.737	190	107	7	2	180	1	184	2.05e-23	96.3
CHDHPALG_01205	MER0011806	32.075	106	65	4	68	166	95	200	3.90e-06	45.1
CHDHPALG_01205	MER0004101	33.019	106	64	4	68	166	95	200	5.66e-06	44.7
CHDHPALG_01235	MER0001158	49.630	675	336	1	34	704	3	677	0.0	665
CHDHPALG_01235	MER0001161	31.287	684	449	9	33	703	2	677	6.60e-100	318
CHDHPALG_01235	MER0006087	29.487	702	453	17	33	705	11	699	2.35e-87	286
CHDHPALG_01235	MER0015119	27.984	729	451	20	33	705	7	717	1.03e-77	260
CHDHPALG_01235	MER0001149	27.258	609	403	16	114	704	90	676	1.03e-56	202
CHDHPALG_01235	MER0108144	25.532	658	451	18	70	704	21	662	2.07e-51	186
CHDHPALG_01235	MER0079465	24.279	659	434	22	83	703	2	633	3.17e-47	174
CHDHPALG_01235	MER0001153	27.176	471	315	12	253	704	231	692	3.13e-44	166
CHDHPALG_01235	MER0001942	26.020	588	391	16	137	704	113	676	2.62e-41	157
CHDHPALG_01235	MER0003110	24.731	558	348	17	85	593	63	597	1.48e-37	146
CHDHPALG_01235	MER0001156	23.509	570	376	18	153	680	132	683	5.09e-34	135
CHDHPALG_01235	MER0015170	24.512	461	319	12	83	532	34	476	1.26e-33	134
CHDHPALG_01235	MER0059435	28.226	124	83	3	467	590	471	588	1.26e-07	51.6
CHDHPALG_01235	MER0021317	30.882	68	47	0	464	531	20	87	9.76e-07	44.3
CHDHPALG_01248	MER0001421	53.266	398	181	3	13	410	1	393	1.83e-151	432
CHDHPALG_01248	MER0028941	26.492	419	244	14	3	410	1	366	1.23e-25	103
CHDHPALG_01248	MER0369336	27.915	283	195	5	130	410	39	314	4.71e-23	95.9
CHDHPALG_01293	MER0047723	45.114	481	252	5	7	481	1	475	4.43e-146	424
CHDHPALG_01293	MER0001283	41.529	484	282	1	4	487	2	484	4.82e-138	404
CHDHPALG_01293	MER0028941	30.769	156	84	5	13	156	2	145	5.42e-09	54.7
CHDHPALG_01302	MER0001244	39.850	266	139	6	175	423	1	262	2.12e-60	194
CHDHPALG_01302	MER0013463	37.879	264	146	4	176	426	2	260	1.40e-43	150
CHDHPALG_01302	MER0004931	34.016	244	135	6	175	414	1	222	7.29e-38	134
CHDHPALG_01302	MER0028601	31.636	275	155	7	175	425	1	266	1.81e-37	134
CHDHPALG_01302	MER0001733	30.142	282	156	2	175	415	1	282	4.97e-35	128
CHDHPALG_01302	MER0004532	31.727	249	137	7	175	416	1	223	3.87e-29	110
CHDHPALG_01302	MER0005462	31.381	239	138	5	175	409	1	217	4.17e-29	110
CHDHPALG_01302	MER0001248	29.482	251	128	5	221	425	5	252	1.42e-24	99.0
CHDHPALG_01302	MER0005715	29.832	238	141	6	176	407	2	219	1.26e-20	87.4
CHDHPALG_01302	MER0002038	25.105	239	152	5	176	409	2	218	7.79e-19	82.0
CHDHPALG_01302	MER0001250	25.000	296	157	9	177	419	3	286	3.58e-16	75.5
CHDHPALG_01302	MER0002039	32.973	185	92	9	232	407	64	225	1.41e-10	58.2
CHDHPALG_01302	MER0027437	30.387	181	90	10	232	401	67	222	5.09e-08	50.4
CHDHPALG_01302	MER0014518	28.421	190	99	8	232	407	65	231	6.89e-08	50.4
CHDHPALG_01303	MER0002084	32.456	228	121	10	61	271	2	213	3.94e-19	84.3
CHDHPALG_01303	MER0029657	35.200	125	63	7	185	301	31	145	5.85e-11	58.9
CHDHPALG_01303	MER0011122	33.088	136	73	6	184	301	11	146	4.54e-09	53.5
CHDHPALG_01304	MER0001423	40.773	233	134	4	481	711	2	232	1.58e-51	176
CHDHPALG_01304	MER0058228	40.000	220	121	4	481	693	7	222	2.92e-46	161
CHDHPALG_01304	MER0013484	34.599	237	139	7	479	703	2	234	9.55e-39	140
CHDHPALG_01304	MER0004921	35.088	228	136	7	479	699	2	224	1.58e-38	140
CHDHPALG_01304	MER0004923	31.250	256	164	6	465	712	39	290	3.47e-37	137
CHDHPALG_01304	MER0005196	32.479	234	149	4	481	710	22	250	1.08e-36	135
CHDHPALG_01304	MER0000399	31.923	260	166	6	457	713	6	257	2.87e-35	131
CHDHPALG_01304	MER0000401	33.898	236	151	4	481	713	26	259	5.17e-35	130
CHDHPALG_01304	MER0004504	35.047	214	127	4	484	692	2	208	2.99e-34	127
CHDHPALG_01304	MER0011413	33.180	217	138	4	483	693	6	221	8.71e-33	123
CHDHPALG_01304	MER0004199	37.674	215	115	8	488	693	1	205	1.45e-32	122
CHDHPALG_01304	MER0000405	36.406	217	128	7	484	693	35	248	3.00e-31	120
CHDHPALG_01304	MER0011231	32.075	265	156	9	460	710	2	256	3.40e-31	119
CHDHPALG_01304	MER0005994	30.350	257	166	9	465	713	11	262	5.50e-31	119
CHDHPALG_01304	MER0192427	31.760	233	147	5	467	693	52	278	6.00e-30	116
CHDHPALG_01304	MER0000404	30.303	231	154	5	469	693	14	243	7.71e-28	110
CHDHPALG_01304	MER0005987	27.519	258	171	9	464	712	9	259	3.83e-27	108
CHDHPALG_01304	MER0004193	32.579	221	137	7	480	693	2	217	1.65e-26	105
CHDHPALG_01304	MER0011305	30.870	230	153	5	469	693	8	236	2.73e-25	102
CHDHPALG_01304	MER0000403	24.901	253	177	7	466	710	10	257	5.00e-23	96.3
CHDHPALG_01304	MER0195666	28.216	241	157	8	484	714	4	238	1.44e-19	85.5
CHDHPALG_01304	MER0003361	27.442	215	143	6	467	676	5	211	2.13e-19	85.1
CHDHPALG_01304	MER0005988	34.862	109	70	1	586	693	3	111	2.21e-18	78.2
CHDHPALG_01304	MER0003558	25.140	179	127	1	541	712	82	260	2.94e-16	76.3
CHDHPALG_01304	MER0018170	22.685	216	150	6	489	691	20	231	6.48e-13	66.2
CHDHPALG_01304	MER0034615	24.797	246	173	4	472	707	1	244	6.78e-12	63.2
CHDHPALG_01304	MER0005807	26.471	204	140	5	494	693	62	259	2.39e-11	62.0
CHDHPALG_01304	MER0140224	25.743	202	133	6	525	712	40	238	3.01e-10	58.2
CHDHPALG_01304	MER0000408	21.757	239	166	5	474	697	5	237	3.81e-10	57.8
CHDHPALG_01304	MER0015682	22.340	188	132	4	533	712	125	306	5.71e-08	52.0
CHDHPALG_01304	MER0126485	24.294	177	121	3	491	659	12	183	7.64e-08	50.8
CHDHPALG_01304	MER0004925	22.088	249	159	7	465	691	4	239	5.10e-07	48.5
CHDHPALG_01304	MER0017401	25.907	193	128	9	475	659	1	186	8.27e-07	47.8
CHDHPALG_01304	MER0006027	21.673	263	159	7	451	693	3	238	3.20e-06	46.2
CHDHPALG_01307	MER0002084	82.710	214	37	0	69	282	3	216	2.65e-127	385
CHDHPALG_01307	MER0011122	37.500	96	48	4	222	306	54	148	7.96e-12	61.2
CHDHPALG_01307	MER0029657	43.750	80	40	5	228	304	68	145	1.57e-09	54.7
CHDHPALG_01307	MER0025086	40.909	88	38	5	228	304	39	123	1.74e-09	53.9
CHDHPALG_01308	MER0002038	36.283	226	138	3	167	391	3	223	2.10e-39	137
CHDHPALG_01308	MER0004931	36.681	229	134	4	166	391	2	222	4.04e-39	137
CHDHPALG_01308	MER0005715	37.788	217	124	7	167	378	3	213	3.11e-31	116
CHDHPALG_01308	MER0004532	32.751	229	142	5	166	391	2	221	5.81e-29	110
CHDHPALG_01308	MER0005462	29.870	231	157	2	167	397	3	228	5.51e-28	107
CHDHPALG_01308	MER0001244	29.435	248	152	6	167	391	3	250	2.21e-18	81.3
CHDHPALG_01308	MER0002039	35.664	143	74	5	243	378	88	219	8.52e-13	64.7
CHDHPALG_01308	MER0013463	26.210	248	150	8	167	387	3	244	1.99e-12	63.9
CHDHPALG_01308	MER0004321	31.944	144	85	5	241	378	86	222	1.43e-10	58.2
CHDHPALG_01308	MER0016542	34.815	135	75	5	250	378	117	244	7.76e-10	56.2
CHDHPALG_01308	MER0013929	25.564	133	90	2	237	366	78	204	2.85e-09	54.3
CHDHPALG_01308	MER0013450	27.891	147	94	5	232	372	71	211	3.18e-09	54.3
CHDHPALG_01308	MER0001733	27.386	241	137	8	167	375	3	237	1.33e-08	52.8
CHDHPALG_01308	MER0015127	23.762	202	140	6	175	368	11	206	4.81e-08	50.4
CHDHPALG_01308	MER0003105	33.562	146	75	7	250	384	97	231	6.08e-08	50.4
CHDHPALG_01308	MER0016544	29.730	185	113	6	204	378	66	243	1.16e-07	49.7
CHDHPALG_01308	MER0027437	30.216	139	82	6	250	382	97	226	6.15e-06	44.3
CHDHPALG_01311	MER0001350	32.738	336	216	6	58	384	32	366	1.29e-55	187
CHDHPALG_01311	MER0118420	24.378	201	139	5	106	295	61	259	6.98e-08	50.8
CHDHPALG_01311	MER0001349	25.263	190	116	5	54	218	3	191	6.09e-07	48.1
CHDHPALG_01311	MER0000446	31.132	106	62	2	99	193	56	161	1.69e-06	46.6
CHDHPALG_01311	MER0004219	28.689	122	68	3	106	208	62	183	5.22e-06	45.4
CHDHPALG_01348	MER0001521	32.013	303	162	10	158	453	8	273	8.08e-24	98.2
CHDHPALG_01348	MER0000313	32.013	303	162	10	158	453	8	273	3.08e-23	96.7
CHDHPALG_01348	MER0019280	32.323	297	166	10	172	454	29	304	2.28e-22	94.7
CHDHPALG_01348	MER0001755	31.023	303	165	10	158	453	8	273	3.01e-22	93.6
CHDHPALG_01348	MER0001523	31.683	303	163	10	158	453	8	273	9.60e-22	92.0
CHDHPALG_01348	MER0000312	31.683	303	163	10	158	453	8	273	9.60e-22	92.0
CHDHPALG_01348	MER0000310	30.233	301	169	10	158	453	8	272	3.46e-21	90.5
CHDHPALG_01348	MER0000311	30.169	295	166	12	158	447	8	267	1.32e-18	83.2
CHDHPALG_01348	MER0001699	28.912	294	167	11	165	453	15	271	5.57e-18	81.3
CHDHPALG_01348	MER0004123	27.385	325	186	13	153	446	18	323	9.44e-18	81.3
CHDHPALG_01348	MER0175622	27.458	295	161	11	166	438	21	284	1.54e-16	77.4
CHDHPALG_01348	MER0000309	31.164	292	166	9	158	447	8	266	7.01e-16	75.1
CHDHPALG_01348	MER0003536	31.818	286	146	14	168	433	25	281	4.95e-15	72.8
CHDHPALG_01348	MER0001520	29.252	294	164	10	158	447	8	261	8.29e-15	71.6
CHDHPALG_01348	MER0001928	28.929	280	161	10	169	447	19	261	8.68e-15	71.6
CHDHPALG_01348	MER0000332	28.727	275	159	10	174	446	23	262	2.30e-14	70.5
CHDHPALG_01348	MER0000315	28.912	294	165	10	158	447	8	261	3.35e-14	69.7
CHDHPALG_01348	MER0001906	28.912	294	165	10	158	447	8	261	5.38e-14	69.3
CHDHPALG_01348	MER0000316	27.835	291	172	11	158	447	7	260	7.29e-14	68.9
CHDHPALG_01348	MER0077555	30.272	294	160	13	168	454	18	273	2.02e-13	67.8
CHDHPALG_01348	MER0000347	26.453	344	202	15	132	447	30	350	3.10e-13	68.9
CHDHPALG_01348	MER0000321	29.897	291	138	14	171	433	100	352	8.13e-13	66.6
CHDHPALG_01348	MER0002500	28.571	308	158	15	154	417	66	355	8.60e-13	67.0
CHDHPALG_01348	MER0002267	28.346	254	138	11	206	447	55	276	3.33e-12	63.9
CHDHPALG_01348	MER0161312	28.889	360	168	19	155	445	2	342	3.57e-12	64.7
CHDHPALG_01348	MER0030016	28.720	289	139	13	171	433	30	277	5.96e-12	63.2
CHDHPALG_01348	MER0016688	27.875	287	156	13	171	429	28	291	6.44e-12	63.5
CHDHPALG_01348	MER0042897	27.365	296	176	9	158	447	8	270	1.19e-11	62.4
CHDHPALG_01348	MER0004988	26.710	307	177	14	159	450	17	290	1.63e-11	62.0
CHDHPALG_01348	MER0013656	25.952	289	162	11	167	447	16	260	4.31e-11	60.5
CHDHPALG_01348	MER0000349	27.609	297	144	15	166	413	65	339	1.55e-10	59.7
CHDHPALG_01348	MER0014446	30.802	237	123	11	220	439	195	407	2.50e-10	59.3
CHDHPALG_01348	MER0000320	26.038	265	152	11	158	411	8	239	4.05e-10	57.8
CHDHPALG_01348	MER0016978	26.582	316	169	14	172	454	30	315	1.88e-09	55.8
CHDHPALG_01348	MER0067924	24.667	300	168	16	165	433	4	276	2.85e-09	55.1
CHDHPALG_01348	MER0000319	24.407	295	177	10	168	455	25	280	3.00e-09	55.1
CHDHPALG_01348	MER0002565	23.643	258	167	5	177	434	67	294	1.03e-08	53.9
CHDHPALG_01348	MER0004085	26.246	301	171	16	173	449	50	323	1.28e-08	53.5
CHDHPALG_01348	MER0000351	26.812	276	152	10	171	416	31	286	1.41e-08	53.1
CHDHPALG_01348	MER0114485	25.538	325	173	16	155	417	12	329	1.55e-08	53.5
CHDHPALG_01348	MER0050309	24.336	226	147	8	212	433	39	244	2.92e-08	52.8
CHDHPALG_01348	MER0016991	26.885	305	176	12	173	451	31	314	4.41e-08	52.0
CHDHPALG_01348	MER0003020	27.059	255	117	9	217	413	221	464	5.29e-08	52.0
CHDHPALG_01348	MER0002764	27.200	250	143	10	167	411	38	253	8.30e-08	50.8
CHDHPALG_01348	MER0000353	24.627	268	150	8	171	408	82	327	4.91e-07	48.5
CHDHPALG_01348	MER0016983	32.000	150	76	6	320	454	173	311	5.20e-07	48.5
CHDHPALG_01348	MER0081072	23.297	279	180	8	158	435	5	250	5.45e-07	47.8
CHDHPALG_01348	MER0005790	27.919	197	116	6	220	411	92	267	1.55e-06	46.6
CHDHPALG_01348	MER0005859	27.586	232	108	9	221	413	241	451	2.01e-06	47.0
CHDHPALG_01348	MER0022415	27.083	144	95	4	320	461	165	300	5.58e-06	45.4
CHDHPALG_01348	MER0054318	28.514	249	140	11	177	413	22	244	8.37e-06	44.7
CHDHPALG_01374	MER0038141	26.667	150	101	5	75	218	7	153	3.62e-11	57.4
CHDHPALG_01418	MER0042827	55.208	96	43	0	989	1084	1	96	8.30e-30	111
CHDHPALG_01503	MER0003770	30.141	355	240	5	8	357	3	354	2.81e-44	154
CHDHPALG_01503	MER0002655	27.222	360	257	5	14	372	13	368	1.56e-42	149
CHDHPALG_01503	MER0002007	29.032	341	226	13	14	346	21	353	2.20e-34	128
CHDHPALG_01503	MER0002013	25.849	383	248	11	9	370	16	383	1.04e-28	112
CHDHPALG_01503	MER0002014	25.000	388	262	11	9	380	16	390	1.57e-27	109
CHDHPALG_01503	MER0002659	24.607	382	261	10	14	380	21	390	7.83e-27	107
CHDHPALG_01503	MER0005155	24.737	380	261	8	9	372	9	379	7.36e-26	104
CHDHPALG_01503	MER0005163	35.616	146	90	3	15	159	13	155	5.54e-24	97.1
CHDHPALG_01503	MER0005173	24.090	357	224	12	11	345	2	333	8.14e-19	84.0
CHDHPALG_01503	MER0015354	34.615	130	82	3	14	142	21	148	4.26e-17	77.8
CHDHPALG_01503	MER0003581	35.669	157	90	5	55	202	2	156	1.69e-15	73.6
CHDHPALG_01503	MER0003815	32.353	136	77	4	14	142	21	148	1.71e-15	73.2
CHDHPALG_01503	MER0002664	32.278	158	75	7	16	162	13	149	1.30e-11	61.6
CHDHPALG_01503	MER0014418	28.972	214	117	11	14	219	21	207	5.75e-11	60.1
CHDHPALG_01531	MER0005139	29.817	218	125	9	110	308	62	270	2.48e-16	75.1
CHDHPALG_01531	MER0015336	29.187	209	125	9	106	307	57	249	7.26e-13	64.7
CHDHPALG_01531	MER0001284	26.087	276	160	11	66	328	3	247	8.27e-13	64.3
CHDHPALG_01531	MER0002161	26.609	233	124	7	122	333	76	282	2.69e-12	63.2
CHDHPALG_01531	MER0015691	32.231	121	72	3	96	213	36	149	1.21e-11	60.8
CHDHPALG_01531	MER0005131	26.786	224	138	9	116	328	43	251	1.70e-11	60.5
CHDHPALG_01531	MER0005239	33.036	112	66	3	105	214	63	167	1.15e-10	58.5
CHDHPALG_01531	MER0001289	27.530	247	110	10	116	333	63	269	1.48e-10	57.8
CHDHPALG_01531	MER0004514	25.446	224	138	10	88	303	14	216	2.73e-10	57.0
CHDHPALG_01531	MER0194228	27.468	233	105	9	125	333	1	193	3.23e-10	55.8
CHDHPALG_01531	MER0002104	34.483	87	50	2	111	197	67	146	9.89e-10	55.5
CHDHPALG_01531	MER0100667	27.751	209	104	8	119	312	28	204	1.14e-09	54.7
CHDHPALG_01531	MER0037181	28.643	199	111	8	123	316	77	249	1.25e-09	55.1
CHDHPALG_01531	MER0005238	34.483	87	50	2	111	197	67	146	2.69e-09	54.3
CHDHPALG_01531	MER0005152	28.369	141	84	4	111	249	60	185	3.96e-09	53.5
CHDHPALG_01531	MER0005149	31.061	132	80	5	98	225	50	174	6.51e-09	53.1
CHDHPALG_01531	MER0002105	33.333	105	61	3	111	213	58	155	8.03e-09	52.8
CHDHPALG_01531	MER0001911	33.981	103	58	2	108	210	38	130	1.29e-08	52.0
CHDHPALG_01531	MER0005244	37.500	88	47	2	108	195	2	81	3.11e-08	50.1
CHDHPALG_01531	MER0001288	25.943	212	118	8	122	318	33	220	4.66e-08	50.1
CHDHPALG_01531	MER0032443	24.537	216	145	7	121	327	47	253	3.16e-07	47.8
CHDHPALG_01531	MER0005241	34.444	90	52	3	108	195	2	86	4.60e-07	47.0
CHDHPALG_01531	MER0001290	24.479	192	102	9	56	225	46	216	5.55e-06	44.3
CHDHPALG_01557	MER0013829	32.768	354	221	8	13	359	5	348	1.59e-54	180
CHDHPALG_01557	MER0005169	32.370	346	219	7	13	353	5	340	1.13e-53	177
CHDHPALG_01557	MER0005472	30.792	341	220	6	14	353	6	331	2.06e-41	145
CHDHPALG_01557	MER0004410	30.484	351	215	11	13	349	5	340	3.06e-41	145
CHDHPALG_01557	MER0002046	30.645	310	194	9	43	349	35	326	2.49e-39	139
CHDHPALG_01557	MER0005160	32.180	289	169	9	65	345	55	324	2.87e-33	123
CHDHPALG_01557	MER0002043	25.852	352	235	7	5	345	9	345	4.02e-32	120
CHDHPALG_01557	MER0022215	26.282	312	204	7	49	352	40	333	1.28e-24	99.8
CHDHPALG_01557	MER0002040	26.333	300	195	11	61	351	56	338	2.53e-19	85.1
CHDHPALG_01595	MER0045094	41.146	192	107	4	15	202	10	199	2.50e-46	150
CHDHPALG_01595	MER0044622	38.860	193	108	6	17	202	26	215	5.09e-43	142
CHDHPALG_01595	MER0043394	42.073	164	90	3	42	202	2	163	8.07e-42	136
CHDHPALG_01595	MER0044882	40.936	171	94	5	39	202	1	171	1.27e-38	129
CHDHPALG_01595	MER0043392	39.375	160	88	6	45	199	1	156	2.64e-30	107
CHDHPALG_01595	MER0044619	32.381	210	117	12	12	205	1	201	8.87e-22	86.7
CHDHPALG_01595	MER0043195	29.851	201	123	6	20	202	8	208	7.62e-18	76.3
CHDHPALG_01595	MER0045095	29.730	222	127	9	7	201	5	224	8.83e-16	70.9
CHDHPALG_01595	MER0043537	25.668	187	131	6	19	202	2	183	1.95e-14	65.9
CHDHPALG_01595	MER0043387	31.818	154	96	7	50	201	19	165	3.14e-10	53.9
CHDHPALG_01595	MER0044812	26.111	180	120	5	17	192	54	224	4.50e-10	54.7
CHDHPALG_01595	MER0038086	30.508	118	73	4	90	201	109	223	4.03e-09	52.0
CHDHPALG_01595	MER0045945	28.652	178	106	6	17	187	32	195	4.03e-09	51.6
CHDHPALG_01595	MER0044889	32.143	112	73	3	90	201	91	199	3.00e-08	49.3
CHDHPALG_01595	MER0436735	30.460	174	86	8	62	201	48	220	3.08e-08	49.3
CHDHPALG_01595	MER0045886	24.103	195	133	7	13	201	8	193	9.54e-08	47.8
CHDHPALG_01595	MER0060647	26.500	200	126	8	5	197	161	346	9.24e-07	45.4
CHDHPALG_01595	MER0436691	27.820	133	83	4	59	186	101	225	1.10e-06	44.7
CHDHPALG_01595	MER0115185	27.206	136	88	4	60	192	8	135	5.47e-06	41.6
CHDHPALG_01683	MER0056525	51.271	236	112	2	405	639	1	234	2.63e-81	254
CHDHPALG_01683	MER0005496	49.565	230	115	1	405	634	1	229	2.18e-79	249
CHDHPALG_01683	MER0015609	50.215	233	111	2	405	636	1	229	1.36e-76	243
CHDHPALG_01683	MER0011748	49.785	233	114	2	405	636	1	231	7.88e-76	241
CHDHPALG_01683	MER0011224	45.652	230	124	1	405	634	1	229	2.22e-72	231
CHDHPALG_01683	MER0023544	45.228	241	129	2	405	643	1	240	3.71e-70	226
CHDHPALG_01683	MER0015195	46.383	235	123	3	405	638	1	233	7.60e-69	222
CHDHPALG_01683	MER0002605	44.156	231	125	2	405	634	1	228	1.11e-65	214
CHDHPALG_01683	MER0015194	42.424	231	128	2	406	634	2	229	2.29e-61	202
CHDHPALG_01683	MER0002600	40.254	236	138	2	405	639	1	234	2.62e-61	202
CHDHPALG_01683	MER0014306	40.870	230	135	1	405	634	1	229	1.06e-60	201
CHDHPALG_01683	MER0171760	40.408	245	139	3	392	634	25	264	9.66e-59	195
CHDHPALG_01683	MER0024898	43.103	232	129	3	405	634	1	231	4.83e-57	191
CHDHPALG_01683	MER0004454	41.379	232	133	3	405	634	1	231	1.71e-56	189
CHDHPALG_01683	MER0015199	43.460	237	126	3	405	633	1	237	1.74e-53	181
CHDHPALG_01683	MER0005466	37.500	232	139	3	406	631	2	233	6.47e-49	168
CHDHPALG_01683	MER0002602	40.249	241	133	4	406	640	2	237	1.65e-48	167
CHDHPALG_01683	MER0001620	39.357	249	141	4	405	643	1	249	8.02e-45	158
CHDHPALG_01683	MER0002563	35.470	234	141	3	406	629	2	235	1.78e-43	153
CHDHPALG_01683	MER0002408	37.872	235	135	6	405	631	1	232	1.83e-43	153
CHDHPALG_01683	MER0017637	36.596	235	137	4	406	629	2	235	3.29e-41	147
CHDHPALG_01683	MER0015197	34.685	222	138	4	417	634	13	231	1.03e-39	143
CHDHPALG_01683	MER0011745	33.191	235	146	6	405	631	1	232	6.44e-39	141
CHDHPALG_01683	MER0015137	34.043	235	144	6	405	631	1	232	8.68e-39	140
CHDHPALG_01683	MER0015193	36.481	233	138	6	405	629	1	231	1.86e-37	136
CHDHPALG_01683	MER0002608	37.131	237	139	5	406	633	2	237	8.89e-36	132
CHDHPALG_01683	MER0190705	32.035	231	146	3	406	634	1	222	1.23e-33	125
CHDHPALG_01683	MER0011120	38.073	218	123	6	405	610	1	218	3.23e-33	125
CHDHPALG_01683	MER0015690	37.156	218	125	6	405	610	1	218	4.08e-33	125
CHDHPALG_01683	MER0002197	33.740	246	145	5	405	642	1	236	4.48e-33	124
CHDHPALG_01683	MER0005755	35.065	231	137	4	406	632	2	223	8.49e-33	123
CHDHPALG_01683	MER0190577	32.751	229	138	4	405	629	1	217	6.03e-32	121
CHDHPALG_01683	MER0014324	34.649	228	135	4	405	629	1	217	6.86e-32	120
CHDHPALG_01683	MER0024900	32.174	230	144	5	406	631	2	223	2.48e-28	110
CHDHPALG_01683	MER0001246	31.098	164	101	3	433	593	18	172	1.24e-18	80.9
CHDHPALG_01683	MER0015204	27.600	250	142	9	406	620	2	247	1.24e-16	77.8
CHDHPALG_01706	MER0000410	60.071	283	111	1	401	683	1	281	4.84e-121	359
CHDHPALG_01706	MER0082498	40.647	278	141	5	425	678	6	283	1.49e-66	218
CHDHPALG_01706	MER0011872	39.245	265	158	2	418	679	16	280	4.29e-65	214
CHDHPALG_01706	MER0005694	35.870	276	165	3	415	685	13	281	8.76e-54	183
CHDHPALG_01706	MER0015621	32.432	296	180	5	403	681	1	293	4.16e-44	157
CHDHPALG_01706	MER0002490	32.680	306	174	8	403	681	1	301	5.16e-44	157
CHDHPALG_01706	MER0000392	32.364	275	173	4	414	678	2	273	5.21e-44	156
CHDHPALG_01706	MER0079308	33.835	266	165	6	418	678	6	265	3.20e-42	151
CHDHPALG_01706	MER0004227	35.115	262	163	3	424	678	28	289	3.66e-42	152
CHDHPALG_01706	MER0082653	33.766	231	138	6	427	643	14	243	5.36e-39	142
CHDHPALG_01706	MER0981959	33.617	235	143	3	415	639	2	233	8.12e-39	142
CHDHPALG_01706	MER0022823	30.996	271	178	5	421	685	10	277	1.39e-36	135
CHDHPALG_01706	MER0011450	30.502	259	164	6	414	661	2	255	9.76e-34	127
CHDHPALG_01706	MER0003229	32.090	268	168	7	415	678	11	268	2.77e-33	126
CHDHPALG_01706	MER0325901	28.731	268	185	5	415	678	1	266	5.24e-32	122
CHDHPALG_01706	MER0000398	29.730	259	164	7	423	679	8	250	1.31e-27	109
CHDHPALG_01775	MER0048181	33.803	142	79	1	44	170	1	142	1.18e-14	65.5
CHDHPALG_01775	MER0015473	29.861	144	86	4	47	176	40	182	1.39e-11	58.5
CHDHPALG_01775	MER0015462	31.757	148	84	4	36	178	40	175	4.78e-11	56.6
CHDHPALG_01775	MER0015472	28.873	142	95	3	40	176	41	181	1.02e-09	53.1
CHDHPALG_01775	MER0015459	36.145	83	49	1	36	118	42	120	7.43e-07	45.1
CHDHPALG_01775	MER0015659	37.349	83	49	1	36	118	42	121	1.35e-06	44.3
CHDHPALG_01775	MER0035036	27.737	137	90	3	44	174	88	221	5.92e-06	42.7
CHDHPALG_01775	MER0015632	26.582	158	96	4	36	183	37	184	6.39e-06	42.4
CHDHPALG_01780	MER0002084	84.112	214	34	0	69	282	3	216	3.48e-133	388
CHDHPALG_01780	MER0011122	36.458	96	49	4	222	306	54	148	2.37e-11	59.3
CHDHPALG_01780	MER0025086	37.273	110	51	5	212	304	15	123	9.07e-11	57.0
CHDHPALG_01780	MER0029657	42.500	80	41	5	228	304	68	145	3.31e-09	53.1
CHDHPALG_01786	MER0013471	32.624	141	75	4	12	132	4	144	4.27e-10	57.8
CHDHPALG_01786	MER0015121	32.061	131	70	4	30	141	26	156	1.55e-09	55.8
CHDHPALG_01786	MER0038627	27.869	122	70	3	43	146	41	162	4.67e-09	52.8
CHDHPALG_01786	MER0033174	36.170	94	51	4	58	147	93	181	5.70e-08	49.7
CHDHPALG_01786	MER0003817	34.167	120	54	5	38	133	34	152	6.23e-08	50.8
CHDHPALG_01786	MER0033175	36.170	94	51	4	58	147	95	183	1.93e-07	48.9
CHDHPALG_01786	MER0033178	30.769	104	63	2	40	134	1	104	2.76e-07	46.6
CHDHPALG_01786	MER0107602	30.370	135	76	5	16	132	3	137	4.77e-07	48.1
CHDHPALG_01786	MER0034711	34.211	76	49	1	54	128	62	137	5.74e-07	46.2
CHDHPALG_01786	MER0011681	35.632	87	50	4	41	122	38	123	1.54e-06	46.2
CHDHPALG_01786	MER0034713	36.145	83	49	3	66	147	75	154	1.79e-06	44.7
CHDHPALG_01786	MER0033179	28.000	100	66	3	51	147	65	161	1.85e-06	44.7
CHDHPALG_01786	MER0002356	30.579	121	65	4	28	129	24	144	2.73e-06	45.4
CHDHPALG_01786	MER0038626	36.486	74	40	3	59	128	68	138	4.33e-06	43.5
CHDHPALG_01786	MER0038671	36.111	72	45	1	58	128	61	132	7.67e-06	42.7
CHDHPALG_01807	MER0015166	29.437	231	133	7	202	406	4	230	2.61e-21	90.1
CHDHPALG_01807	MER0001017	31.188	202	92	9	237	409	37	220	5.85e-20	86.7
CHDHPALG_01807	MER0002968	28.319	226	135	5	206	411	1	219	2.21e-19	84.3
CHDHPALG_01807	MER0019759	30.052	193	116	5	232	408	22	211	3.99e-19	84.0
CHDHPALG_01807	MER0011720	25.822	213	140	4	206	409	1	204	1.11e-18	82.4
CHDHPALG_01807	MER0002746	27.700	213	140	3	228	426	18	230	1.18e-18	82.8
CHDHPALG_01807	MER0011440	28.218	202	125	4	231	415	20	218	3.65e-18	80.9
CHDHPALG_01807	MER0001012	26.027	219	144	3	206	408	1	217	3.27e-17	78.2
CHDHPALG_01807	MER0028449	28.426	197	121	5	232	409	28	223	3.72e-17	78.2
CHDHPALG_01807	MER0001013	28.342	187	115	4	235	407	36	217	7.21e-17	77.8
CHDHPALG_01807	MER0006264	28.022	182	118	4	240	408	2	183	9.20e-17	75.9
CHDHPALG_01807	MER0005331	29.381	194	124	4	228	408	18	211	1.08e-16	76.3
CHDHPALG_01807	MER0011438	31.492	181	106	5	231	395	20	198	1.66e-16	75.9
CHDHPALG_01807	MER0002422	27.717	184	123	4	235	408	24	207	1.77e-16	75.5
CHDHPALG_01807	MER0011345	29.730	185	110	5	238	407	38	217	1.90e-16	76.6
CHDHPALG_01807	MER0002060	27.064	218	144	5	206	409	1	217	2.13e-16	75.9
CHDHPALG_01807	MER0011399	25.352	213	146	3	212	411	2	214	2.67e-16	75.5
CHDHPALG_01807	MER0002355	25.943	212	151	4	206	411	1	212	3.36e-16	75.1
CHDHPALG_01807	MER0001009	30.519	154	93	3	291	432	23	174	4.59e-16	74.7
CHDHPALG_01807	MER0091680	26.389	216	123	5	233	424	14	217	6.00e-16	74.3
CHDHPALG_01807	MER0011183	24.413	213	147	4	228	426	10	222	6.05e-16	74.3
CHDHPALG_01807	MER0001003	31.667	180	105	3	243	406	7	184	6.70e-16	73.2
CHDHPALG_01807	MER0001010	28.141	199	123	6	234	415	3	198	1.74e-15	72.8
CHDHPALG_01807	MER0168983	28.571	168	109	4	243	407	3	162	2.64e-15	71.2
CHDHPALG_01807	MER0002003	28.889	225	131	6	206	408	1	218	4.38e-15	72.0
CHDHPALG_01807	MER0005328	29.630	189	94	8	237	400	26	200	1.44e-14	70.1
CHDHPALG_01807	MER0016308	30.769	182	104	6	242	406	6	182	1.46e-14	69.3
CHDHPALG_01807	MER0011370	28.804	184	111	4	241	407	30	210	1.54e-14	70.1
CHDHPALG_01807	MER0001701	26.484	219	118	6	231	420	9	213	3.21e-14	69.3
CHDHPALG_01807	MER0036308	28.571	189	118	5	230	407	29	211	6.21e-14	68.9
CHDHPALG_01807	MER0005046	26.702	191	123	3	233	408	11	199	7.14e-14	67.8
CHDHPALG_01807	MER0019754	27.273	198	120	5	231	408	3	196	7.41e-14	67.8
CHDHPALG_01807	MER0011175	26.168	214	138	5	212	408	1	211	9.43e-14	67.8
CHDHPALG_01807	MER0011423	29.944	177	99	4	253	408	43	215	2.33e-13	66.6
CHDHPALG_01807	MER0004243	28.061	196	122	5	231	408	23	217	3.14e-13	66.2
CHDHPALG_01807	MER0002281	30.159	189	102	6	243	411	44	222	3.25e-13	67.0
CHDHPALG_01807	MER0168177	32.090	134	81	4	280	407	34	163	1.53e-12	63.2
CHDHPALG_01807	MER0012271	29.348	184	108	6	242	409	43	220	1.79e-12	64.7
CHDHPALG_01807	MER0011369	23.005	213	144	4	212	407	16	225	2.46e-12	63.9
CHDHPALG_01807	MER0000997	26.738	187	120	4	231	400	24	210	2.55e-12	63.5
CHDHPALG_01807	MER0001185	26.168	214	134	6	215	409	9	217	6.78e-12	62.4
CHDHPALG_01807	MER0012283	25.131	191	103	5	243	409	43	217	8.93e-12	62.0
CHDHPALG_01807	MER0011400	26.064	188	125	4	241	414	31	218	1.65e-11	61.6
CHDHPALG_01807	MER0005045	27.179	195	117	4	233	408	11	199	4.43e-11	59.7
CHDHPALG_01807	MER0026830	32.773	119	71	3	227	342	19	131	5.96e-11	58.9
CHDHPALG_01807	MER0011371	23.333	210	141	4	212	404	2	208	6.13e-11	59.3
CHDHPALG_01807	MER0001001	25.773	194	112	5	236	407	26	209	2.36e-10	57.8
CHDHPALG_01807	MER0003916	25.789	190	131	4	228	408	6	194	2.96e-10	57.4
CHDHPALG_01807	MER0116688	25.926	189	124	4	235	408	25	212	3.13e-10	57.8
CHDHPALG_01807	MER0052595	24.103	195	126	4	231	406	28	219	4.27e-10	57.4
CHDHPALG_01807	MER0002755	25.275	182	115	6	236	402	27	202	4.33e-10	57.0
CHDHPALG_01807	MER0002078	23.318	223	137	7	228	426	18	230	1.36e-09	55.8
CHDHPALG_01807	MER0011401	27.439	164	93	5	256	397	38	197	1.96e-09	55.1
CHDHPALG_01807	MER0001005	26.486	185	93	7	242	399	1	169	4.74e-08	50.4
CHDHPALG_01807	MER0002210	30.579	121	69	3	287	394	38	156	1.84e-07	48.1
CHDHPALG_01807	MER0002658	27.660	141	77	6	291	410	1	137	1.08e-06	45.8
CHDHPALG_01807	MER0003500	30.000	90	59	1	235	320	12	101	1.62e-06	46.2
CHDHPALG_01807	MER0026493	23.485	132	88	3	223	345	8	135	7.61e-06	43.9
CHDHPALG_01876	MER0002489	29.104	268	166	6	94	344	42	302	1.52e-25	103
CHDHPALG_01876	MER1143079	27.575	301	187	8	72	366	8	283	1.76e-23	96.3
CHDHPALG_01876	MER0026262	28.707	317	189	15	78	368	20	325	2.08e-23	97.1
CHDHPALG_01876	MER0003802	29.046	241	148	7	74	309	15	237	1.09e-21	91.7
CHDHPALG_01876	MER0000459	25.172	290	184	9	79	348	28	304	4.91e-21	90.1
CHDHPALG_01876	MER0017069	24.150	294	209	8	84	369	20	307	1.54e-19	85.9
CHDHPALG_01876	MER0000457	24.138	319	218	10	76	382	23	329	5.38e-19	84.3
CHDHPALG_01876	MER0006204	30.047	213	132	7	72	270	17	226	5.03e-18	81.6
CHDHPALG_01876	MER0140154	22.419	339	207	10	78	369	5	334	5.29e-16	75.5
CHDHPALG_01876	MER0122661	23.973	292	186	9	78	344	18	298	1.06e-15	74.3
CHDHPALG_01876	MER0011700	24.518	363	200	12	78	384	20	364	6.05e-15	72.4
CHDHPALG_01876	MER0005925	26.923	182	116	5	78	247	21	197	5.93e-13	66.2
CHDHPALG_01876	MER0005964	25.108	231	131	8	92	292	37	255	1.85e-12	64.7
CHDHPALG_01876	MER0354941	26.984	189	113	6	77	245	12	195	1.29e-11	60.5
CHDHPALG_01876	MER0000463	26.772	254	161	9	94	338	35	272	2.83e-10	58.2
CHDHPALG_01876	MER0219770	24.852	169	111	3	94	254	34	194	4.10e-09	54.3
CHDHPALG_01876	MER0028284	23.856	306	175	12	94	368	35	313	1.18e-08	53.1
CHDHPALG_01876	MER0005923	31.579	95	58	1	79	166	28	122	2.34e-08	52.4
CHDHPALG_01876	MER0003800	26.455	189	114	6	77	245	32	215	7.65e-08	50.8
CHDHPALG_01876	MER0005836	27.072	181	110	7	78	245	29	200	4.05e-06	44.7
CHDHPALG_01959	MER0036050	23.810	273	157	11	52	309	83	319	1.32e-07	49.3
CHDHPALG_01959	MER0014065	30.612	98	61	2	52	148	35	126	8.01e-07	47.0
CHDHPALG_01959	MER0044580	21.162	241	180	5	43	279	74	308	3.92e-06	44.7
CHDHPALG_01976	MER0000431	27.350	117	78	2	36	152	13	122	2.09e-06	45.4
CHDHPALG_01992	MER0030163	26.606	109	72	5	70	177	51	152	1.31e-06	46.2
CHDHPALG_01992	MER0000436	31.731	104	68	3	46	148	23	124	5.17e-06	44.7
CHDHPALG_01992	MER0031616	32.051	78	49	3	74	150	65	139	5.25e-06	44.7
CHDHPALG_02060	MER0030935	30.435	115	79	1	140	253	29	143	1.80e-07	47.8
CHDHPALG_02075	MER0001425	31.707	82	56	0	352	433	93	174	1.37e-06	45.4
CHDHPALG_02076	MER0001425	31.707	82	56	0	352	433	93	174	1.45e-06	45.4
CHDHPALG_02088	MER0002455	31.250	80	54	1	43	121	14	93	4.15e-06	41.6
CHDHPALG_02100	MER0001322	36.190	105	54	4	131	230	1	97	8.58e-16	68.6
CHDHPALG_02100	MER0014188	39.560	91	49	3	131	220	1	86	2.25e-15	67.4
CHDHPALG_02100	MER0002443	43.373	83	44	3	141	221	11	92	2.34e-12	59.3
CHDHPALG_02100	MER0024252	34.188	117	67	4	143	253	14	126	1.34e-11	57.4
CHDHPALG_02100	MER0376722	37.209	86	47	3	138	221	8	88	3.55e-10	52.8
CHDHPALG_02100	MER0003808	37.209	86	47	3	138	221	8	88	4.10e-10	53.1
CHDHPALG_02100	MER0377310	36.170	94	56	3	139	231	9	99	5.46e-10	52.4
CHDHPALG_02100	MER0377307	36.170	94	56	3	139	231	9	99	5.46e-10	52.4
CHDHPALG_02100	MER0003805	35.484	93	53	3	131	221	1	88	6.24e-10	52.4
CHDHPALG_02100	MER0002450	34.314	102	63	3	131	231	1	99	6.29e-10	52.4
CHDHPALG_02100	MER0377450	35.870	92	52	3	131	220	1	87	7.51e-10	51.6
CHDHPALG_02100	MER0003807	34.043	94	58	3	131	221	1	93	7.74e-10	52.4
CHDHPALG_02100	MER0377178	36.170	94	56	3	139	231	9	99	1.22e-08	48.9
CHDHPALG_02100	MER0004035	38.750	80	46	3	143	221	10	87	2.69e-08	47.8
CHDHPALG_02100	MER0004054	36.782	87	49	5	139	220	9	94	3.50e-07	45.1
CHDHPALG_02105	MER0013541	32.653	98	53	5	93	189	1	86	3.53e-07	43.9
CHDHPALG_02105	MER0069741	28.800	125	73	7	67	187	40	152	8.86e-07	44.7
CHDHPALG_02105	MER0015415	30.476	105	58	5	95	194	66	160	5.07e-06	42.4
CHDHPALG_02135	MER0168983	27.607	163	96	7	284	440	1	147	6.21e-13	63.9
CHDHPALG_02135	MER0005331	22.816	206	145	4	256	449	2	205	3.57e-08	50.8
CHDHPALG_02135	MER0001017	21.875	224	147	6	253	459	10	222	3.42e-07	48.5
CHDHPALG_02135	MER0011345	22.535	213	134	8	265	459	22	221	5.80e-07	47.8
CHDHPALG_02135	MER0019754	25.926	189	119	7	275	446	3	187	1.01e-06	46.6
CHDHPALG_02135	MER0168177	24.837	153	97	5	284	431	1	140	1.02e-06	45.8
CHDHPALG_02135	MER0012271	21.782	202	131	6	272	457	30	220	2.74e-06	45.8
CHDHPALG_02135	MER0002060	26.415	106	68	2	336	431	87	192	3.53e-06	45.1
CHDHPALG_02135	MER0001013	23.853	218	136	8	259	459	17	221	6.19e-06	44.7
CHDHPALG_02136	MER0001236	38.965	367	206	11	118	475	124	481	2.51e-74	239
CHDHPALG_02136	MER0041673	35.765	425	261	9	41	456	33	454	5.83e-70	227
CHDHPALG_02136	MER0001238	33.962	424	262	9	62	474	68	484	2.71e-68	223
CHDHPALG_02136	MER0035089	41.720	314	175	7	166	476	41	349	2.32e-65	211
CHDHPALG_02136	MER0004598	36.364	352	211	7	130	475	3	347	4.06e-64	208
CHDHPALG_02136	MER0004597	37.216	352	208	8	130	475	3	347	6.25e-64	207
CHDHPALG_02136	MER0001235	33.649	422	257	10	45	454	49	459	2.35e-62	207
CHDHPALG_02136	MER0024892	36.765	340	203	7	140	475	66	397	7.83e-61	201
CHDHPALG_02136	MER0003825	36.434	387	225	8	105	474	59	441	4.49e-59	197
CHDHPALG_02136	MER0014397	34.473	351	194	11	118	452	1	331	1.01e-53	181
CHDHPALG_02136	MER0026959	39.216	255	144	7	205	454	2	250	3.21e-50	169
CHDHPALG_02136	MER0002271	32.080	452	278	12	39	472	42	482	1.43e-49	173
CHDHPALG_02136	MER0105906	34.591	318	187	7	165	472	163	469	2.49e-46	164
CHDHPALG_02136	MER0003919	33.779	299	185	8	162	454	54	345	6.56e-45	158
CHDHPALG_02136	MER0001910	32.289	415	244	12	62	448	59	464	1.62e-44	160
CHDHPALG_02136	MER0013416	33.234	334	203	8	141	469	53	371	2.13e-43	154
CHDHPALG_02136	MER0001240	35.016	317	187	6	162	470	172	477	8.20e-43	155
CHDHPALG_02136	MER0011357	33.123	317	198	7	158	469	207	514	2.51e-41	151
CHDHPALG_02136	MER0002497	35.361	263	166	4	213	472	163	424	3.85e-40	146
CHDHPALG_02136	MER0079520	30.769	234	145	7	170	390	186	415	4.90e-23	98.6
CHDHPALG_02136	MER0081108	27.119	236	148	8	236	447	221	456	1.34e-13	69.3
CHDHPALG_02140	MER0065588	45.408	196	104	3	1	193	1	196	4.99e-56	173
CHDHPALG_02140	MER0043387	25.668	187	95	6	13	191	15	165	6.30e-10	52.8
CHDHPALG_02140	MER0038086	29.008	131	73	4	69	191	105	223	1.40e-08	50.1
CHDHPALG_02142	MER0000431	35.922	309	188	5	2	306	3	305	1.25e-62	197
CHDHPALG_02142	MER0000436	25.746	268	163	11	33	288	24	267	6.65e-10	55.8
CHDHPALG_02142	MER0003537	34.646	127	70	7	11	130	2	122	1.54e-09	54.7
CHDHPALG_02142	MER0031617	29.921	127	86	3	4	128	5	130	1.04e-06	46.2
CHDHPALG_02142	MER0014065	27.928	111	78	2	19	128	21	130	3.29e-06	44.7
CHDHPALG_02142	MER0033259	28.000	125	84	4	19	138	19	142	6.85e-06	43.5
CHDHPALG_02142	MER0037236	28.906	128	58	6	20	130	9	120	7.74e-06	43.1
CHDHPALG_02146	MER0004726	26.289	194	120	6	216	391	7	195	5.09e-08	50.8
CHDHPALG_02146	MER0003081	24.378	201	125	8	213	391	4	199	1.11e-06	47.0
CHDHPALG_02146	MER0026928	23.636	165	109	5	216	373	7	161	1.12e-06	47.0
CHDHPALG_02146	MER0030142	25.143	175	106	8	213	378	4	162	1.48e-06	46.6
CHDHPALG_02146	MER0001967	25.143	175	106	8	213	378	4	162	1.48e-06	46.6
CHDHPALG_02167	MER0005767	24.476	286	185	6	31	315	3	258	2.97e-15	72.8
CHDHPALG_02169	MER0209507	32.075	106	69	2	92	195	1	105	8.35e-10	51.6
CHDHPALG_02169	MER0200434	30.357	112	68	4	89	194	3	110	1.19e-07	45.8
CHDHPALG_02235	MER0000485	50.840	238	116	1	572	808	1	238	1.89e-74	239
CHDHPALG_02235	MER0000495	43.089	246	131	2	572	808	1	246	3.86e-57	193
CHDHPALG_02235	MER0000488	42.795	229	131	0	572	800	1	229	3.82e-54	184
CHDHPALG_02235	MER0003442	50.267	187	85	4	623	804	37	220	4.58e-52	178
CHDHPALG_02235	MER0011056	43.836	219	115	4	592	804	4	220	3.50e-50	172
CHDHPALG_02235	MER0003443	45.263	190	94	2	618	797	31	220	5.93e-50	172
CHDHPALG_02235	MER0011057	49.198	187	87	4	623	804	37	220	1.01e-49	171
CHDHPALG_02235	MER0014970	37.050	278	130	3	572	804	1	278	1.71e-49	173
CHDHPALG_02235	MER0004236	46.857	175	91	1	627	801	85	257	2.04e-45	160
CHDHPALG_02235	MER0000496	36.986	219	133	1	598	811	81	299	5.17e-39	144
CHDHPALG_02235	MER0108906	37.288	236	139	4	572	804	1	230	1.17e-37	137
CHDHPALG_02235	MER0005837	37.387	222	118	4	573	777	2	219	1.62e-37	138
CHDHPALG_02235	MER0017402	32.474	194	119	5	625	813	23	209	3.21e-21	90.1
CHDHPALG_02235	MER0026213	31.818	154	96	2	658	808	111	258	3.44e-20	88.2
CHDHPALG_02235	MER0003859	32.099	162	98	5	622	778	45	199	3.99e-15	72.8
CHDHPALG_02235	MER0003359	30.000	190	114	8	630	809	45	225	5.48e-11	60.5
CHDHPALG_02235	MER0017403	29.012	162	97	4	651	810	56	201	9.79e-08	50.8
CHDHPALG_02235	MER0003017	32.323	99	64	1	710	808	66	161	1.92e-06	45.4
CHDHPALG_02237	MER0026545	35.294	204	114	4	64	260	76	268	6.63e-36	126
CHDHPALG_02237	MER0026552	38.415	164	90	2	86	249	6	158	7.86e-30	107
CHDHPALG_02237	MER0042387	32.353	170	104	4	91	257	17	178	1.45e-26	99.4
CHDHPALG_02237	MER0026496	28.014	282	162	10	3	260	7	271	1.06e-24	96.7
CHDHPALG_02237	MER0031491	27.568	185	123	6	79	254	1	183	1.66e-18	78.2
CHDHPALG_02237	MER0002642	27.711	166	114	3	96	261	16	175	1.12e-14	67.4
CHDHPALG_02237	MER0002639	29.375	160	105	5	96	254	16	168	2.73e-11	58.2
CHDHPALG_02250	MER0005663	33.065	372	228	10	344	698	82	449	9.78e-55	196
CHDHPALG_02250	MER0001417	39.927	273	149	8	260	524	162	427	9.82e-49	177
CHDHPALG_02250	MER0029410	37.302	252	147	7	260	504	198	445	4.38e-38	145
CHDHPALG_02250	MER0001172	21.896	443	305	12	83	510	27	443	7.99e-22	97.1
CHDHPALG_02271	MER0002746	21.935	155	93	4	422	560	82	224	4.55e-06	45.4
CHDHPALG_02271	MER0011345	25.786	159	106	5	400	547	60	217	4.73e-06	45.4
CHDHPALG_02292	MER0033186	38.125	320	190	3	67	381	1	317	2.21e-63	203
CHDHPALG_02321	MER0027775	38.655	119	68	3	85	201	1	116	2.20e-25	93.2
CHDHPALG_02321	MER0001602	32.374	139	75	5	85	204	1	139	8.13e-16	68.6
CHDHPALG_02334	MER0437468	36.390	349	207	5	197	531	1	348	2.90e-74	236
CHDHPALG_02334	MER0065554	44.231	260	134	2	289	538	9	267	3.28e-74	233
CHDHPALG_02334	MER0436717	34.328	402	193	10	197	533	1	396	1.14e-60	202
CHDHPALG_02334	MER0031278	28.289	152	81	6	370	516	100	228	9.38e-08	50.1
CHDHPALG_02337	MER0045886	41.228	228	131	3	1	226	10	236	1.14e-54	181
CHDHPALG_02337	MER0044889	37.069	232	138	6	1	227	14	242	1.39e-42	149
CHDHPALG_02337	MER0038086	35.841	226	126	7	5	213	29	252	1.05e-35	130
CHDHPALG_02337	MER0436735	29.344	259	146	4	5	226	4	262	1.81e-33	124
CHDHPALG_02337	MER0042974	34.759	187	113	4	12	190	1	186	7.71e-28	107
CHDHPALG_02337	MER0043537	32.418	182	118	3	5	183	2	181	3.72e-24	96.7
CHDHPALG_02337	MER0043387	34.831	178	112	3	20	195	1	176	4.36e-24	95.9
CHDHPALG_02337	MER0044622	30.128	156	86	6	41	184	70	214	8.81e-10	56.2
CHDHPALG_02337	MER0043392	26.752	157	106	5	35	184	4	158	1.24e-09	54.3
CHDHPALG_02337	MER0045094	29.310	116	79	2	71	184	84	198	1.28e-07	49.7
CHDHPALG_02337	MER0043475	25.424	177	113	6	3	169	27	194	2.47e-07	48.9
CHDHPALG_02337	MER0043195	27.211	147	90	5	51	183	63	206	5.51e-07	47.8
CHDHPALG_02337	MER0043394	27.586	116	81	2	71	184	48	162	7.39e-07	46.2
CHDHPALG_02368	MER0036056	39.583	48	29	0	32	79	274	321	5.77e-06	39.7
CHDHPALG_02368	MER0183709	31.250	64	43	1	23	85	226	289	7.98e-06	39.3
CHDHPALG_02369	MER0031614	35.088	114	64	4	18	125	86	195	6.74e-11	56.6
CHDHPALG_02369	MER0014065	31.395	86	56	1	29	114	48	130	2.07e-10	55.1
CHDHPALG_02369	MER0017033	28.099	121	81	3	3	122	52	167	3.50e-09	51.6
CHDHPALG_02369	MER0210990	38.667	75	41	2	41	114	57	127	4.98e-09	51.2
CHDHPALG_02369	MER0000431	30.000	120	77	3	16	133	34	148	3.40e-08	48.9
CHDHPALG_02369	MER0017177	28.000	100	64	3	16	112	35	129	5.28e-08	48.1
CHDHPALG_02369	MER0031617	28.319	113	77	3	2	114	22	130	8.62e-08	47.4
CHDHPALG_02369	MER0044578	28.571	112	72	2	8	114	66	174	3.01e-07	46.2
CHDHPALG_02369	MER0183709	30.769	117	77	3	1	114	22	137	4.07e-07	45.4
CHDHPALG_02369	MER0017142	27.273	99	60	2	16	113	15	102	6.92e-07	44.7
CHDHPALG_02369	MER0044581	27.928	111	72	2	9	114	65	172	1.32e-06	44.3
CHDHPALG_02369	MER0036084	30.208	96	64	3	20	114	24	117	1.58e-06	43.9
CHDHPALG_02369	MER0036057	28.333	120	78	4	16	132	63	177	1.76e-06	43.5
CHDHPALG_02369	MER0043008	27.273	99	71	1	18	116	24	121	2.71e-06	43.1
CHDHPALG_02369	MER0036054	30.172	116	74	4	12	125	13	123	3.00e-06	43.1
CHDHPALG_02369	MER0036075	30.631	111	70	5	7	114	62	168	5.80e-06	42.4
CHDHPALG_02369	MER0036065	30.275	109	72	4	16	121	3	110	6.53e-06	42.0
CHDHPALG_02371	MER0042581	39.896	386	189	12	37	386	56	434	1.96e-66	214
CHDHPALG_02421	MER0030244	27.907	172	91	6	256	423	48	190	6.77e-13	64.3
CHDHPALG_02421	MER0030235	26.554	177	97	6	256	428	37	184	4.01e-12	61.6
CHDHPALG_02421	MER0078760	28.249	177	95	6	257	428	49	198	1.57e-11	60.1
CHDHPALG_02421	MER0004196	30.645	186	91	6	240	425	21	168	4.32e-10	55.5
CHDHPALG_02421	MER0003514	23.267	202	116	5	225	424	1	165	3.24e-09	52.8
CHDHPALG_02421	MER0003065	22.564	195	114	3	231	424	7	165	4.84e-09	52.4
CHDHPALG_02421	MER0004195	24.000	175	98	3	250	424	27	166	1.38e-07	48.1
CHDHPALG_02421	MER0001297	24.103	195	111	4	231	424	7	165	1.70e-06	45.1
CHDHPALG_02556	MER0195376	35.333	150	91	3	219	362	1	150	3.04e-20	85.1
CHDHPALG_02580	MER0017142	22.500	200	144	5	35	230	9	201	3.54e-11	58.9
CHDHPALG_02580	MER0036075	30.631	111	69	5	38	142	68	176	4.79e-08	50.1
CHDHPALG_02580	MER0003537	23.980	196	128	6	103	280	90	282	6.34e-07	46.6
CHDHPALG_02580	MER0031610	19.118	272	190	6	28	281	42	301	1.78e-06	45.4
CHDHPALG_02580	MER0031616	24.648	142	98	4	13	147	12	151	2.65e-06	44.7
CHDHPALG_02580	MER0036115	19.737	152	118	2	38	185	33	184	3.98e-06	44.3
CHDHPALG_02600	MER0014664	34.884	129	81	1	1	126	1	129	1.21e-21	88.6
CHDHPALG_02600	MER0002036	29.134	127	82	2	7	125	10	136	1.25e-17	77.4
CHDHPALG_02600	MER0002031	32.432	111	74	1	3	113	6	115	6.34e-16	72.4
CHDHPALG_02600	MER0042832	30.070	143	84	2	10	147	6	137	8.94e-14	66.2
CHDHPALG_02600	MER0002884	32.456	114	72	3	14	122	10	123	2.56e-11	58.9
CHDHPALG_02600	MER0003813	28.829	111	71	4	3	106	5	114	2.15e-08	50.8
CHDHPALG_02600	MER0014665	25.664	113	80	1	14	122	10	122	2.90e-08	50.1
CHDHPALG_02616	MER0003380	30.818	159	76	6	18	170	102	232	3.09e-10	57.8
CHDHPALG_02616	MER0069741	33.065	124	54	5	47	170	69	163	5.31e-10	55.8
CHDHPALG_02616	MER0013541	29.730	111	52	4	48	158	1	85	4.04e-06	42.4
