KMJCJKPO_00033	MER0069741	50.435	115	55	2	182	296	51	163	5.02e-32	114
KMJCJKPO_00033	MER0003380	48.598	107	54	1	190	296	127	232	8.40e-26	100
KMJCJKPO_00033	MER0013541	52.326	86	40	1	201	286	1	85	1.73e-21	84.3
KMJCJKPO_00033	MER0015415	38.824	85	52	0	203	287	66	150	2.36e-17	75.5
KMJCJKPO_00033	MER0003423	40.741	108	61	2	180	285	11	117	1.43e-15	69.7
KMJCJKPO_00033	MER0001419	39.815	108	62	2	180	285	11	117	9.67e-15	67.4
KMJCJKPO_00033	MER0003376	38.542	96	53	1	201	290	45	140	8.05e-14	65.5
KMJCJKPO_00033	MER0387040	42.708	96	53	2	201	295	1	95	1.24e-13	63.2
KMJCJKPO_00033	MER0003906	40.659	91	51	2	201	289	1	90	2.55e-13	62.4
KMJCJKPO_00033	MER0066182	40.367	109	56	3	188	295	86	186	2.58e-13	64.7
KMJCJKPO_00033	MER0005300	31.000	100	67	2	200	298	63	161	1.79e-06	44.3
KMJCJKPO_00046	MER0492485	28.049	164	108	2	13	172	11	168	2.09e-20	80.1
KMJCJKPO_00069	MER0031562	27.442	215	145	4	85	296	33	239	5.54e-22	92.4
KMJCJKPO_00069	MER0003558	23.923	209	138	6	108	307	61	257	8.88e-09	53.5
KMJCJKPO_00069	MER0034961	28.767	146	82	8	70	209	22	151	1.08e-07	50.8
KMJCJKPO_00094	MER0003339	20.930	559	390	15	243	781	1	527	3.11e-19	88.6
KMJCJKPO_00094	MER0003306	23.009	339	240	9	243	571	1	328	1.36e-14	73.9
KMJCJKPO_00094	MER0006198	23.077	377	250	13	243	598	1	358	6.02e-13	68.9
KMJCJKPO_00127	MER0014333	39.669	242	145	1	45	285	2	243	8.06e-57	192
KMJCJKPO_00127	MER0001233	38.813	219	134	0	45	263	2	220	2.77e-50	174
KMJCJKPO_00127	MER0002008	31.472	197	122	3	45	238	2	188	2.39e-24	99.8
KMJCJKPO_00127	MER0003543	28.774	212	142	3	44	255	1	203	5.30e-19	84.0
KMJCJKPO_00127	MER0015090	29.808	208	137	3	44	251	1	199	1.41e-18	82.8
KMJCJKPO_00127	MER0001229	28.866	194	131	2	67	260	23	209	7.70e-18	80.5
KMJCJKPO_00127	MER0043985	28.866	194	131	2	67	260	23	209	1.24e-17	80.1
KMJCJKPO_00127	MER0026957	29.775	178	118	2	71	248	22	192	2.24e-17	79.0
KMJCJKPO_00127	MER0003448	26.904	197	136	3	45	241	2	190	5.68e-16	75.1
KMJCJKPO_00127	MER0390687	27.485	171	117	2	55	225	3	166	6.31e-15	70.5
KMJCJKPO_00127	MER0195774	29.947	187	118	7	45	228	1	177	6.11e-14	67.8
KMJCJKPO_00127	MER0035181	24.123	228	115	6	69	252	16	229	1.24e-12	65.5
KMJCJKPO_00127	MER0004423	26.289	194	111	6	82	265	33	204	5.05e-12	63.5
KMJCJKPO_00127	MER0001222	26.702	191	127	6	45	230	26	208	7.57e-09	53.9
KMJCJKPO_00127	MER0001413	29.771	131	82	4	40	169	25	146	1.48e-08	51.6
KMJCJKPO_00127	MER0011292	28.000	175	103	6	67	230	69	231	1.48e-08	53.1
KMJCJKPO_00127	MER0169735	29.412	170	104	5	69	230	39	200	2.95e-08	52.0
KMJCJKPO_00127	MER0001220	25.728	206	132	6	67	261	5	200	6.67e-08	50.8
KMJCJKPO_00127	MER0002423	27.928	222	134	11	22	230	3	211	7.31e-08	50.8
KMJCJKPO_00127	MER0002283	26.804	194	126	6	45	230	26	211	4.03e-07	48.5
KMJCJKPO_00127	MER0021876	23.913	184	122	6	67	244	21	192	4.33e-07	48.5
KMJCJKPO_00127	MER0001218	27.692	195	123	7	45	230	26	211	8.22e-07	47.8
KMJCJKPO_00127	MER0002345	24.424	217	148	5	22	230	3	211	9.80e-07	47.4
KMJCJKPO_00127	MER0003909	26.961	204	114	8	82	263	6	196	1.95e-06	48.1
KMJCJKPO_00127	MER0003823	27.041	196	123	8	45	230	26	211	3.00e-06	46.2
KMJCJKPO_00127	MER0092828	25.688	109	71	3	69	175	24	124	5.11e-06	44.3
KMJCJKPO_00230	MER0045094	38.095	189	109	5	3	187	14	198	6.13e-45	146
KMJCJKPO_00230	MER0044622	40.838	191	103	6	3	187	28	214	3.64e-43	142
KMJCJKPO_00230	MER0044882	42.045	176	94	6	29	197	6	180	1.36e-38	128
KMJCJKPO_00230	MER0043394	38.788	165	91	3	30	189	5	164	1.63e-37	125
KMJCJKPO_00230	MER0043392	37.584	149	88	3	46	194	22	165	2.50e-31	109
KMJCJKPO_00230	MER0043195	30.332	211	129	6	4	197	8	217	3.19e-21	85.1
KMJCJKPO_00230	MER0045095	26.540	211	132	5	1	188	15	225	4.99e-21	84.7
KMJCJKPO_00230	MER0044619	26.733	202	124	6	1	190	8	197	1.64e-17	74.7
KMJCJKPO_00230	MER0044812	27.397	146	96	3	45	188	98	235	1.60e-15	69.3
KMJCJKPO_00230	MER0038086	34.426	122	66	3	74	187	108	223	5.57e-14	65.5
KMJCJKPO_00230	MER0043537	27.513	189	123	8	3	186	2	181	3.95e-13	62.0
KMJCJKPO_00230	MER0436735	24.675	231	126	9	2	192	3	225	2.85e-11	57.8
KMJCJKPO_00230	MER0045945	28.395	162	94	8	45	196	73	222	3.29e-11	57.4
KMJCJKPO_00230	MER0044889	30.833	120	71	3	72	187	88	199	1.24e-09	53.1
KMJCJKPO_00230	MER0045886	26.724	116	75	3	74	186	84	192	2.15e-09	52.4
KMJCJKPO_00230	MER0436691	27.815	151	94	6	43	187	100	241	2.26e-09	52.4
KMJCJKPO_00230	MER0115185	28.058	139	90	3	45	181	8	138	5.91e-09	49.7
KMJCJKPO_00230	MER0046161	27.922	154	91	6	43	188	102	243	1.04e-08	50.4
KMJCJKPO_00230	MER0042974	24.138	116	80	3	75	187	70	180	1.59e-08	49.3
KMJCJKPO_00230	MER0060647	26.950	141	89	5	43	178	210	341	9.11e-08	48.1
KMJCJKPO_00230	MER0043540	25.850	147	97	5	45	188	85	222	4.74e-07	45.4
KMJCJKPO_00230	MER0043387	26.613	124	68	5	73	187	56	165	5.71e-07	44.7
KMJCJKPO_00241	MER0001161	38.428	687	404	6	2	680	3	678	1.83e-164	485
KMJCJKPO_00241	MER0001158	36.164	683	426	5	1	680	2	677	3.09e-154	459
KMJCJKPO_00241	MER0006087	35.235	701	420	14	2	681	12	699	3.01e-138	418
KMJCJKPO_00241	MER0015119	34.435	726	414	19	2	681	8	717	2.63e-132	404
KMJCJKPO_00241	MER0108144	32.110	654	403	16	48	680	29	662	6.02e-98	312
KMJCJKPO_00241	MER0001942	30.769	676	426	16	18	680	30	676	2.49e-91	295
KMJCJKPO_00241	MER0001149	30.303	660	429	13	31	680	38	676	3.82e-90	292
KMJCJKPO_00241	MER0001153	30.873	664	415	14	42	680	48	692	1.12e-86	283
KMJCJKPO_00241	MER0003110	28.996	707	427	16	30	680	28	715	1.47e-83	275
KMJCJKPO_00241	MER0079465	30.973	565	352	16	133	680	91	634	1.16e-75	252
KMJCJKPO_00241	MER0015170	25.796	628	427	13	51	675	34	625	6.24e-64	220
KMJCJKPO_00241	MER0001156	26.571	700	429	20	8	657	20	684	6.03e-53	191
KMJCJKPO_00241	MER0021317	34.848	66	43	0	438	503	22	87	1.61e-08	49.3
KMJCJKPO_00241	MER0059435	21.845	206	124	5	327	503	337	534	5.44e-06	46.2
KMJCJKPO_00245	MER0028934	35.897	78	44	3	68	145	1	72	1.04e-09	49.7
KMJCJKPO_00257	MER0028025	45.000	160	87	1	16	175	5	163	1.33e-40	140
KMJCJKPO_00257	MER0028025	45.652	92	47	1	275	366	158	246	7.07e-21	87.8
KMJCJKPO_00257	MER0001273	31.818	198	113	7	24	207	9	198	5.24e-14	68.2
KMJCJKPO_00257	MER0001272	28.877	187	111	8	24	197	6	183	3.36e-12	62.8
KMJCJKPO_00257	MER0369972	30.282	142	80	6	24	152	2	137	6.29e-08	50.8
KMJCJKPO_00257	MER0038758	24.119	369	226	19	24	367	9	348	8.27e-08	50.1
KMJCJKPO_00257	MER0026479	29.762	168	98	6	21	177	4	162	4.75e-06	44.3
KMJCJKPO_00291	MER0037236	24.603	252	168	7	13	243	11	261	1.23e-18	79.7
KMJCJKPO_00291	MER0004146	24.125	257	164	10	13	243	10	261	3.62e-13	64.3
KMJCJKPO_00291	MER0031611	24.514	257	161	7	17	245	35	286	1.07e-12	63.5
KMJCJKPO_00291	MER0036076	24.766	214	132	7	47	241	88	291	8.17e-10	55.1
KMJCJKPO_00291	MER0036066	21.116	251	157	7	22	242	1	240	2.03e-09	53.5
KMJCJKPO_00291	MER0035973	26.257	179	116	4	75	242	113	286	2.44e-09	53.5
KMJCJKPO_00291	MER0036068	22.314	242	164	8	22	241	54	293	1.24e-08	51.6
KMJCJKPO_00291	MER0017142	26.136	176	105	4	85	241	75	244	3.79e-08	49.7
KMJCJKPO_00291	MER0036059	30.337	89	53	1	153	241	271	350	1.67e-06	45.1
KMJCJKPO_00291	MER0017033	23.864	176	109	5	86	243	132	300	2.09e-06	44.7
KMJCJKPO_00291	MER0036057	21.224	245	163	8	21	243	62	298	5.85e-06	43.5
KMJCJKPO_00300	MER0001313	26.374	182	88	5	9	188	15	152	1.31e-06	43.5
KMJCJKPO_00337	MER0000474	54.167	192	88	0	28	219	15	206	2.04e-75	223
KMJCJKPO_00337	MER0005687	51.613	186	85	1	31	216	27	207	6.94e-66	199
KMJCJKPO_00337	MER0006046	46.354	192	103	0	28	219	15	206	8.80e-64	194
KMJCJKPO_00337	MER0002299	47.594	187	98	0	31	217	12	198	1.25e-60	186
KMJCJKPO_00337	MER0002211	47.090	189	100	0	29	217	16	204	1.69e-59	183
KMJCJKPO_00337	MER0004857	49.708	171	85	1	46	216	34	203	8.03e-59	181
KMJCJKPO_00337	MER0004855	40.976	205	115	1	12	216	7	205	3.11e-58	180
KMJCJKPO_00337	MER0004847	46.354	192	102	1	29	219	16	207	1.08e-56	176
KMJCJKPO_00337	MER0006063	44.505	182	101	0	35	216	23	204	6.79e-56	174
KMJCJKPO_00337	MER0006056	46.386	166	88	1	54	219	46	210	1.59e-52	165
KMJCJKPO_00337	MER0006308	38.857	175	106	1	40	213	17	191	2.27e-48	154
KMJCJKPO_00337	MER0004182	43.931	173	97	0	44	216	27	199	3.66e-48	154
KMJCJKPO_00337	MER0011666	43.195	169	94	2	50	216	17	185	1.74e-43	141
KMJCJKPO_00337	MER0001369	39.506	81	47	1	71	151	52	130	8.87e-08	46.6
KMJCJKPO_00397	MER0001017	30.968	155	89	6	337	476	60	211	1.19e-13	67.8
KMJCJKPO_00397	MER0005328	28.415	183	109	6	311	474	19	198	3.83e-13	65.5
KMJCJKPO_00397	MER0028449	31.884	138	84	4	348	475	76	213	1.57e-12	64.3
KMJCJKPO_00397	MER0091680	26.163	172	111	4	337	496	46	213	2.02e-12	63.9
KMJCJKPO_00397	MER0019759	27.389	157	106	4	354	504	77	231	2.26e-11	60.8
KMJCJKPO_00397	MER0036308	27.322	183	111	6	337	502	58	235	2.72e-11	60.8
KMJCJKPO_00397	MER0011345	26.776	183	113	6	319	483	38	217	4.86e-11	60.1
KMJCJKPO_00397	MER0002281	30.409	171	92	6	320	476	54	211	1.54e-10	58.5
KMJCJKPO_00397	MER0011440	26.087	138	87	3	352	479	74	206	7.50e-10	56.2
KMJCJKPO_00397	MER0001013	27.429	175	101	7	322	476	42	210	9.55e-10	56.2
KMJCJKPO_00397	MER0002746	25.229	218	141	7	308	504	16	232	3.80e-09	54.3
KMJCJKPO_00397	MER0002755	25.521	192	110	7	309	476	18	200	5.95e-09	53.1
KMJCJKPO_00397	MER0002422	27.907	129	80	2	351	472	73	195	7.03e-09	53.1
KMJCJKPO_00397	MER0011438	24.044	183	113	6	308	467	15	194	8.48e-09	53.1
KMJCJKPO_00397	MER0012283	30.625	160	96	4	337	484	60	216	9.52e-09	53.1
KMJCJKPO_00397	MER0011423	23.776	143	88	3	346	475	72	206	1.77e-08	52.0
KMJCJKPO_00397	MER0002003	28.682	129	86	3	359	481	87	215	1.80e-08	52.4
KMJCJKPO_00397	MER0000997	25.532	141	95	3	346	477	72	211	3.51e-08	51.2
KMJCJKPO_00397	MER0001009	26.829	164	110	4	348	504	10	170	5.73e-08	50.4
KMJCJKPO_00397	MER0002968	26.400	125	88	2	359	479	87	211	1.39e-07	49.7
KMJCJKPO_00397	MER0019096	25.444	169	101	5	347	505	45	198	1.45e-07	49.3
KMJCJKPO_00397	MER0001003	27.374	179	103	5	324	479	7	181	3.27e-07	47.8
KMJCJKPO_00397	MER0052595	26.619	139	85	3	359	485	89	222	4.43e-07	48.1
KMJCJKPO_00397	MER0019754	26.471	136	81	5	359	481	64	193	4.94e-07	47.4
KMJCJKPO_00397	MER0011369	24.444	135	97	3	354	483	91	225	5.14e-07	47.8
KMJCJKPO_00397	MER0002060	23.729	177	116	7	312	469	25	201	8.43e-07	47.0
KMJCJKPO_00397	MER0011183	22.449	147	103	2	354	492	69	212	9.17e-07	47.0
KMJCJKPO_00397	MER0001010	26.667	150	100	4	350	492	53	199	1.02e-06	46.6
KMJCJKPO_00397	MER0004243	27.481	131	85	3	356	477	81	210	1.10e-06	46.6
KMJCJKPO_00397	MER0011371	24.219	128	82	3	359	476	82	204	1.78e-06	46.2
KMJCJKPO_00397	MER0002078	26.471	170	106	6	347	504	70	232	4.21e-06	45.1
KMJCJKPO_00397	MER0006264	26.016	123	80	3	359	473	53	172	5.14e-06	44.3
KMJCJKPO_00397	MER0168983	25.984	127	86	3	347	473	34	152	8.91e-06	43.1
KMJCJKPO_00398	MER0002565	41.395	215	107	6	301	514	103	299	1.70e-36	136
KMJCJKPO_00398	MER0077555	39.834	241	108	12	281	513	45	256	9.62e-31	118
KMJCJKPO_00398	MER0000332	42.021	188	89	6	305	490	64	233	7.20e-30	115
KMJCJKPO_00398	MER0001928	39.336	211	107	8	301	509	58	249	2.19e-29	114
KMJCJKPO_00398	MER0017009	33.708	267	150	9	254	501	60	318	4.63e-29	115
KMJCJKPO_00398	MER0000310	37.915	211	114	7	301	509	59	254	5.78e-28	110
KMJCJKPO_00398	MER0001699	39.000	200	103	8	305	501	62	245	1.48e-27	108
KMJCJKPO_00398	MER0000315	38.095	210	111	8	301	509	58	249	1.84e-27	108
KMJCJKPO_00398	MER0001520	38.095	210	111	8	301	509	58	249	2.39e-27	108
KMJCJKPO_00398	MER0001906	37.619	210	112	8	301	509	58	249	9.55e-27	106
KMJCJKPO_00398	MER0028365	36.250	240	123	9	280	504	97	321	4.54e-26	107
KMJCJKPO_00398	MER0028365	51.020	49	22	2	81	129	66	112	7.28e-07	48.1
KMJCJKPO_00398	MER0004690	29.355	310	180	9	219	507	18	309	8.78e-26	105
KMJCJKPO_00398	MER0004690	36.585	82	48	2	66	143	22	103	2.02e-08	53.1
KMJCJKPO_00398	MER0002575	33.953	215	121	8	302	514	68	263	1.35e-24	100
KMJCJKPO_00398	MER0000320	38.362	232	111	12	286	500	42	258	1.65e-24	100
KMJCJKPO_00398	MER0001709	30.189	318	173	13	223	512	16	312	1.89e-24	101
KMJCJKPO_00398	MER0000333	39.512	205	102	7	305	507	64	248	3.18e-24	99.4
KMJCJKPO_00398	MER0005821	33.766	231	120	9	269	490	58	264	3.36e-24	102
KMJCJKPO_00398	MER0000349	35.319	235	122	10	302	511	141	370	4.15e-24	101
KMJCJKPO_00398	MER0000316	34.685	222	121	8	290	509	49	248	4.79e-24	98.6
KMJCJKPO_00398	MER0013656	35.294	221	124	6	301	520	57	259	8.51e-24	98.2
KMJCJKPO_00398	MER0062058	33.893	298	167	11	254	539	5	284	5.51e-23	98.6
KMJCJKPO_00398	MER0062058	55.102	49	22	0	82	130	1	49	9.64e-12	63.9
KMJCJKPO_00398	MER0001521	36.232	207	107	7	301	501	60	247	1.56e-22	94.7
KMJCJKPO_00398	MER0000313	36.232	207	107	7	301	501	60	247	1.80e-22	94.4
KMJCJKPO_00398	MER0004085	35.211	213	123	8	301	501	92	301	2.82e-22	95.1
KMJCJKPO_00398	MER0001755	35.749	207	108	7	301	501	60	247	3.78e-22	93.6
KMJCJKPO_00398	MER0054318	39.267	191	104	9	301	488	63	244	5.51e-22	94.0
KMJCJKPO_00398	MER0001725	33.493	209	121	6	285	490	79	272	5.84e-22	94.0
KMJCJKPO_00398	MER0000309	37.441	211	115	7	301	509	59	254	4.67e-21	90.1
KMJCJKPO_00398	MER0001523	36.232	207	107	7	301	501	60	247	7.14e-21	89.7
KMJCJKPO_00398	MER0000312	36.232	207	107	7	301	501	60	247	7.14e-21	89.7
KMJCJKPO_00398	MER0000321	32.645	242	123	11	281	507	135	351	2.20e-20	89.7
KMJCJKPO_00398	MER0000361	36.000	225	106	10	305	507	105	313	3.40e-20	89.0
KMJCJKPO_00398	MER0002057	31.557	244	117	9	305	504	102	339	4.51e-20	89.4
KMJCJKPO_00398	MER0014744	33.186	226	129	7	296	506	86	304	6.83e-20	87.8
KMJCJKPO_00398	MER0081072	34.783	207	111	8	305	507	61	247	8.82e-20	85.9
KMJCJKPO_00398	MER0016983	33.188	229	110	10	285	492	53	259	1.24e-19	86.7
KMJCJKPO_00398	MER0000311	38.140	215	108	8	301	509	60	255	3.59e-19	84.7
KMJCJKPO_00398	MER0002562	34.764	233	110	10	301	507	113	329	1.90e-18	84.0
KMJCJKPO_00398	MER0000362	32.900	231	115	9	305	512	99	312	2.36e-18	83.2
KMJCJKPO_00398	MER0002267	33.171	205	115	8	301	501	67	253	2.43e-18	82.4
KMJCJKPO_00398	MER0002500	31.022	274	159	9	236	488	87	351	5.86e-18	82.8
KMJCJKPO_00398	MER0000326	33.750	240	124	10	270	506	46	253	7.54e-18	81.3
KMJCJKPO_00398	MER0005931	36.967	211	116	6	301	509	28	223	1.63e-17	79.3
KMJCJKPO_00398	MER0155676	32.677	254	120	13	294	511	117	355	2.16e-17	81.3
KMJCJKPO_00398	MER0002790	34.272	213	116	5	305	501	1	205	2.68e-17	78.6
KMJCJKPO_00398	MER0050309	32.308	195	104	8	305	490	47	222	3.21e-17	80.9
KMJCJKPO_00398	MER0030016	28.793	323	161	16	207	507	1	276	5.45e-17	78.2
KMJCJKPO_00398	MER0000319	30.198	202	123	6	301	501	65	249	5.74e-17	78.2
KMJCJKPO_00398	MER0002516	33.333	210	112	9	301	505	78	264	5.84e-17	78.6
KMJCJKPO_00398	MER0006074	33.333	225	114	11	295	505	70	272	7.98e-17	78.2
KMJCJKPO_00398	MER0042897	38.835	206	104	8	301	501	62	250	1.17e-16	77.4
KMJCJKPO_00398	MER0006023	28.197	305	177	12	227	507	21	307	1.38e-16	78.2
KMJCJKPO_00398	MER0003117	34.894	235	110	13	272	496	52	253	1.38e-16	77.4
KMJCJKPO_00398	MER0000359	34.661	251	122	14	267	508	61	278	4.83e-16	75.9
KMJCJKPO_00398	MER0014446	31.765	255	119	11	303	535	195	416	4.83e-16	77.4
KMJCJKPO_00398	MER0114485	29.180	305	167	12	227	488	27	325	5.79e-16	76.6
KMJCJKPO_00398	MER0016978	30.736	231	115	8	305	507	78	291	7.17e-16	75.5
KMJCJKPO_00398	MER0000351	32.558	215	109	7	291	489	90	284	1.35e-15	74.3
KMJCJKPO_00398	MER0019280	32.468	231	127	9	294	507	62	280	1.39e-15	74.7
KMJCJKPO_00398	MER0003536	29.020	255	139	9	300	536	66	296	1.40e-15	74.7
KMJCJKPO_00398	MER0004720	27.341	267	149	10	272	530	51	280	2.16e-15	73.6
KMJCJKPO_00398	MER0037258	28.378	222	136	8	304	507	79	295	2.94e-15	73.6
KMJCJKPO_00398	MER0000325	34.940	249	121	12	272	514	48	261	4.98e-15	73.2
KMJCJKPO_00398	MER0161312	34.234	222	105	9	303	489	92	307	5.82e-15	73.6
KMJCJKPO_00398	MER0006037	32.743	226	108	9	272	488	58	248	1.29e-14	71.2
KMJCJKPO_00398	MER0000356	34.804	204	95	9	305	493	89	269	1.80e-14	72.0
KMJCJKPO_00398	MER0000335	30.556	252	130	13	272	513	48	264	3.79e-14	69.7
KMJCJKPO_00398	MER0005078	28.839	267	139	12	272	523	58	288	4.21e-14	69.7
KMJCJKPO_00398	MER0016697	31.222	221	108	9	301	492	94	299	6.42e-14	70.1
KMJCJKPO_00398	MER0000338	29.845	258	136	13	272	520	50	271	6.52e-14	69.3
KMJCJKPO_00398	MER0000353	33.019	212	98	8	291	483	141	327	1.19e-13	68.9
KMJCJKPO_00398	MER0000358	27.737	274	142	14	259	503	15	261	2.06e-13	68.6
KMJCJKPO_00398	MER0005790	32.828	198	99	6	303	487	92	268	2.37e-13	67.4
KMJCJKPO_00398	MER0000389	29.553	291	148	11	295	546	67	339	8.18e-13	66.6
KMJCJKPO_00398	MER0000328	32.314	229	115	13	272	490	50	248	2.07e-12	64.7
KMJCJKPO_00398	MER0000357	35.644	202	96	12	305	493	77	257	2.13e-12	65.1
KMJCJKPO_00398	MER0022415	27.347	245	137	11	305	529	83	306	4.29e-12	65.1
KMJCJKPO_00398	MER0016688	27.969	261	146	9	294	524	63	311	5.19e-12	63.9
KMJCJKPO_00398	MER0050310	30.303	198	109	10	305	490	102	282	7.40e-12	64.3
KMJCJKPO_00398	MER0004123	26.182	275	149	10	268	506	51	307	1.32e-11	62.8
KMJCJKPO_00398	MER0000344	31.878	229	111	12	272	490	66	259	1.61e-11	62.4
KMJCJKPO_00398	MER0006297	24.059	478	313	20	68	505	18	485	4.61e-11	62.0
KMJCJKPO_00398	MER0000336	30.049	203	107	8	301	495	77	252	4.65e-11	60.8
KMJCJKPO_00398	MER0068994	28.516	256	121	11	291	488	92	343	7.26e-11	60.8
KMJCJKPO_00398	MER0028258	27.190	331	167	15	236	507	34	349	1.28e-10	60.1
KMJCJKPO_00398	MER0005859	32.314	229	105	10	301	491	238	454	1.39e-10	60.5
KMJCJKPO_00398	MER0000329	28.159	277	114	13	305	509	76	339	3.27e-10	58.5
KMJCJKPO_00398	MER0067924	28.509	228	129	9	301	506	59	274	3.56e-10	57.8
KMJCJKPO_00398	MER0014300	28.571	301	136	11	303	549	77	352	3.79e-10	58.5
KMJCJKPO_00398	MER0000347	26.429	280	150	11	301	552	115	366	5.40e-10	58.5
KMJCJKPO_00398	MER0055027	37.705	122	66	5	292	410	60	174	1.58e-09	56.6
KMJCJKPO_00398	MER0016986	26.154	260	136	10	295	506	80	331	3.88e-09	55.5
KMJCJKPO_00398	MER0080418	31.690	142	80	7	378	509	204	338	4.01e-09	55.5
KMJCJKPO_00398	MER0001451	26.415	265	144	10	298	512	60	323	1.05e-08	53.9
KMJCJKPO_00398	MER0024902	26.244	221	141	7	295	500	87	300	1.42e-08	53.5
KMJCJKPO_00398	MER0002764	31.527	203	111	10	290	486	73	253	2.15e-08	52.8
KMJCJKPO_00398	MER0001467	27.407	270	134	12	305	512	72	341	4.74e-08	52.0
KMJCJKPO_00398	MER0014325	47.917	48	25	0	467	514	295	342	4.91e-08	52.0
KMJCJKPO_00398	MER0087792	23.353	334	209	12	206	504	4	325	6.18e-08	51.6
KMJCJKPO_00398	MER0013641	24.380	242	141	10	300	512	78	306	1.76e-07	50.4
KMJCJKPO_00398	MER0005712	23.320	253	144	10	305	507	88	340	2.17e-07	50.1
KMJCJKPO_00398	MER0001454	23.196	194	105	7	345	507	147	327	2.60e-07	49.7
KMJCJKPO_00398	MER0004988	25.965	285	175	12	262	524	18	288	3.95e-07	48.9
KMJCJKPO_00398	MER0000350	26.154	260	135	10	295	507	80	329	7.35e-07	48.1
KMJCJKPO_00398	MER0002771	27.536	207	115	8	342	518	146	347	8.27e-07	48.1
KMJCJKPO_00398	MER0014310	34.314	102	45	4	433	512	302	403	9.25e-07	48.1
KMJCJKPO_00398	MER0005610	24.413	213	130	9	340	532	149	350	1.04e-06	47.8
KMJCJKPO_00398	MER0016991	25.630	238	128	8	288	492	61	282	1.21e-06	47.4
KMJCJKPO_00398	MER0011484	27.935	247	125	14	281	490	243	473	1.29e-06	47.8
KMJCJKPO_00398	MER0014309	24.490	196	104	8	348	512	150	332	2.29e-06	46.6
KMJCJKPO_00398	MER0014312	34.021	97	42	5	433	507	304	400	2.71e-06	46.6
KMJCJKPO_00398	MER0015428	24.188	277	163	10	283	512	62	338	2.86e-06	46.2
KMJCJKPO_00398	MER0175622	24.701	251	153	10	293	524	62	295	4.15e-06	45.4
KMJCJKPO_00398	MER0002739	26.872	227	113	10	301	491	94	303	7.08e-06	45.4
KMJCJKPO_00398	MER0006036	35.632	87	41	2	451	524	371	455	7.11e-06	45.4
KMJCJKPO_00398	MER0000348	26.316	228	116	7	305	487	88	308	8.33e-06	44.7
KMJCJKPO_00398	MER0003122	22.822	241	126	9	355	544	150	381	9.89e-06	44.7
KMJCJKPO_00452	MER0281397	26.066	211	111	8	177	355	4	201	1.74e-08	51.2
KMJCJKPO_00462	MER0017177	24.671	304	164	10	12	259	24	318	2.47e-16	74.3
KMJCJKPO_00462	MER0037236	33.333	120	67	3	7	117	4	119	1.36e-14	68.6
KMJCJKPO_00462	MER0036115	35.294	102	64	1	20	119	33	134	2.01e-14	68.6
KMJCJKPO_00462	MER0031611	26.182	275	150	11	18	258	35	290	8.11e-14	66.6
KMJCJKPO_00462	MER0004146	31.034	116	74	3	8	117	4	119	2.88e-13	64.7
KMJCJKPO_00462	MER0014065	29.730	111	74	3	12	118	22	132	1.02e-12	63.9
KMJCJKPO_00462	MER0036053	30.357	112	78	0	18	129	4	115	2.78e-11	58.9
KMJCJKPO_00462	MER0017142	32.432	111	67	4	12	120	3	107	3.36e-11	58.5
KMJCJKPO_00462	MER0031617	28.947	114	77	2	12	121	22	135	5.12e-11	58.5
KMJCJKPO_00462	MER0031619	31.132	106	71	1	17	120	23	128	7.39e-11	58.2
KMJCJKPO_00462	MER0035044	30.303	99	67	1	22	118	33	131	1.15e-10	57.8
KMJCJKPO_00462	MER0011785	30.657	137	86	3	7	135	21	156	2.35e-10	56.6
KMJCJKPO_00462	MER0044581	29.091	110	71	3	15	117	64	173	4.24e-10	56.2
KMJCJKPO_00462	MER0035038	27.273	99	70	1	22	118	30	128	1.51e-09	54.3
KMJCJKPO_00462	MER0213280	24.390	123	86	2	22	142	30	147	1.96e-09	53.9
KMJCJKPO_00462	MER0044578	30.769	104	61	3	23	117	74	175	2.02e-09	53.9
KMJCJKPO_00462	MER0000431	23.958	192	119	4	12	199	21	189	2.14e-09	53.9
KMJCJKPO_00462	MER0031616	25.893	112	79	1	16	123	33	144	2.25e-09	53.9
KMJCJKPO_00462	MER0035973	28.947	114	80	1	7	119	41	154	2.46e-09	53.5
KMJCJKPO_00462	MER0035043	30.303	99	67	1	22	118	35	133	2.76e-09	53.5
KMJCJKPO_00462	MER0026339	30.894	123	81	3	1	119	1	123	2.79e-09	53.1
KMJCJKPO_00462	MER0035032	27.273	99	70	1	22	118	31	129	3.19e-09	53.1
KMJCJKPO_00462	MER0036065	29.358	109	70	1	21	122	1	109	4.14e-09	52.8
KMJCJKPO_00462	MER0017193	28.477	151	86	5	12	146	15	159	7.37e-09	52.0
KMJCJKPO_00462	MER0036074	29.655	145	67	3	12	121	77	221	7.45e-09	52.4
KMJCJKPO_00462	MER0035035	22.981	161	118	3	22	176	35	195	1.20e-08	51.6
KMJCJKPO_00462	MER0036084	22.481	258	182	5	17	261	15	267	1.34e-08	51.2
KMJCJKPO_00462	MER0036054	30.172	116	77	3	8	121	4	117	1.62e-08	51.2
KMJCJKPO_00462	MER0036072	23.894	113	78	1	16	120	74	186	2.18e-08	50.8
KMJCJKPO_00462	MER0036076	33.333	96	61	2	23	116	63	157	2.34e-08	50.8
KMJCJKPO_00462	MER0036075	26.667	120	80	4	23	134	71	190	3.28e-08	50.4
KMJCJKPO_00462	MER0017123	31.159	138	81	5	4	127	12	149	4.80e-08	49.7
KMJCJKPO_00462	MER0044633	29.060	117	77	4	23	133	74	190	8.52e-08	49.3
KMJCJKPO_00462	MER0011509	28.070	114	77	2	15	124	32	144	9.99e-08	48.9
KMJCJKPO_00462	MER0213829	27.679	112	73	3	23	126	50	161	1.19e-07	48.5
KMJCJKPO_00462	MER0036066	30.000	100	66	2	23	119	1	99	1.57e-07	47.8
KMJCJKPO_00462	MER0031614	27.273	99	69	2	23	118	84	182	3.58e-07	47.4
KMJCJKPO_00462	MER0036057	30.612	98	67	1	23	119	63	160	1.00e-06	45.8
KMJCJKPO_00462	MER0036062	30.275	109	67	4	23	122	33	141	1.16e-06	45.4
KMJCJKPO_00462	MER0035042	25.962	104	75	1	22	123	35	138	1.54e-06	45.1
KMJCJKPO_00462	MER0033259	25.664	226	139	9	2	217	10	216	1.64e-06	45.1
KMJCJKPO_00462	MER0031610	25.161	155	105	4	21	173	53	198	2.11e-06	44.7
KMJCJKPO_00462	MER0033249	29.358	109	69	2	3	103	10	118	3.40e-06	43.5
KMJCJKPO_00462	MER0036050	31.765	85	52	3	23	101	83	167	3.47e-06	44.3
KMJCJKPO_00462	MER0031569	31.967	122	65	5	16	124	22	138	3.58e-06	43.9
KMJCJKPO_00462	MER0044350	25.000	96	69	2	23	115	2	97	3.88e-06	43.9
KMJCJKPO_00462	MER0036067	24.171	211	140	6	23	220	52	255	3.89e-06	43.9
KMJCJKPO_00462	MER0017033	33.645	107	68	2	16	119	56	162	5.91e-06	43.5
KMJCJKPO_00462	MER0025512	31.915	94	61	2	36	126	61	154	6.57e-06	43.1
KMJCJKPO_00462	MER0066189	25.000	264	158	14	10	259	5	242	8.02e-06	42.7
KMJCJKPO_00462	MER0210990	38.182	55	34	0	67	121	78	132	9.16e-06	43.1
KMJCJKPO_00465	MER0001244	38.258	264	148	5	175	426	2	262	2.56e-57	186
KMJCJKPO_00465	MER0013463	34.848	264	153	5	175	425	2	259	5.68e-44	151
KMJCJKPO_00465	MER0028601	32.222	270	157	9	176	425	3	266	1.21e-40	142
KMJCJKPO_00465	MER0001733	30.000	290	161	4	176	423	3	292	1.11e-39	141
KMJCJKPO_00465	MER0004931	32.353	238	135	4	175	408	2	217	2.24e-35	127
KMJCJKPO_00465	MER0004532	32.068	237	134	5	175	407	2	215	2.55e-32	119
KMJCJKPO_00465	MER0001248	28.175	252	129	6	222	426	7	253	3.16e-29	111
KMJCJKPO_00465	MER0005462	29.832	238	141	6	175	408	2	217	3.54e-29	110
KMJCJKPO_00465	MER0005715	30.279	251	139	9	175	419	2	222	1.77e-21	89.7
KMJCJKPO_00465	MER0002038	24.074	216	135	5	197	408	28	218	2.64e-13	65.9
KMJCJKPO_00465	MER0001250	23.729	295	163	9	176	419	3	286	4.49e-13	66.2
KMJCJKPO_00465	MER0027437	25.203	246	139	11	175	400	2	222	4.31e-09	53.9
KMJCJKPO_00465	MER0015127	23.571	140	99	4	187	320	14	151	3.12e-06	45.1
KMJCJKPO_00474	MER0016191	28.622	283	187	8	20	292	4	281	1.02e-33	122
KMJCJKPO_00474	MER0016172	25.436	287	195	6	22	296	6	285	2.98e-23	94.4
KMJCJKPO_00474	MER0016185	22.866	328	207	9	17	306	1	320	1.53e-13	67.0
KMJCJKPO_00496	MER0001297	42.581	155	87	2	202	356	3	155	1.95e-37	132
KMJCJKPO_00496	MER0003514	44.156	154	84	2	203	356	4	155	2.20e-35	127
KMJCJKPO_00496	MER0001425	40.373	161	84	3	203	355	4	160	3.14e-32	119
KMJCJKPO_00496	MER0004196	40.385	156	89	3	203	356	4	157	1.14e-31	117
KMJCJKPO_00496	MER0003065	40.909	154	89	2	203	356	4	155	4.75e-30	112
KMJCJKPO_00496	MER0005714	36.145	166	87	3	204	356	5	164	2.71e-29	110
KMJCJKPO_00496	MER0004195	35.669	157	96	2	202	356	3	156	3.68e-28	107
KMJCJKPO_00496	MER0003413	37.179	156	93	2	203	356	4	156	7.45e-28	106
KMJCJKPO_00496	MER0015684	35.333	150	97	0	200	349	1	150	1.90e-27	105
KMJCJKPO_00496	MER0001295	31.019	216	106	4	201	412	2	178	1.85e-20	85.9
KMJCJKPO_00508	MER0192051	24.766	214	151	4	22	227	96	307	1.93e-10	58.2
KMJCJKPO_00568	MER0100667	31.532	222	117	9	92	299	17	217	5.74e-17	75.5
KMJCJKPO_00568	MER0194228	32.370	173	101	7	140	301	16	183	3.12e-16	72.8
KMJCJKPO_00568	MER0001289	29.583	240	133	11	74	301	44	259	3.72e-16	73.9
KMJCJKPO_00568	MER0001288	30.270	185	105	6	92	271	19	184	1.15e-13	66.2
KMJCJKPO_00568	MER0002161	28.774	212	110	6	96	286	66	257	6.97e-13	64.7
KMJCJKPO_00568	MER0005139	28.369	141	74	5	73	208	45	163	3.55e-10	56.6
KMJCJKPO_00568	MER0005149	27.686	242	115	11	96	296	65	287	4.62e-10	56.6
KMJCJKPO_00568	MER0015691	26.609	233	119	9	86	292	43	249	4.74e-10	56.2
KMJCJKPO_00568	MER0001284	41.772	79	41	2	107	185	45	118	5.51e-10	55.8
KMJCJKPO_00568	MER0004514	27.322	183	114	6	111	283	49	222	1.56e-09	54.3
KMJCJKPO_00568	MER0013618	39.423	104	48	5	106	207	64	154	4.23e-09	53.5
KMJCJKPO_00568	MER0001290	27.815	151	100	4	41	190	46	188	4.28e-09	53.9
KMJCJKPO_00568	MER0037181	25.514	243	145	8	29	270	14	221	5.99e-09	53.1
KMJCJKPO_00568	MER0005239	27.309	249	123	13	76	286	48	276	1.91e-08	51.6
KMJCJKPO_00568	MER0015336	26.047	215	113	9	93	285	59	249	5.93e-08	49.7
KMJCJKPO_00568	MER0015688	24.324	185	113	6	140	309	85	257	9.27e-08	49.3
KMJCJKPO_00568	MER0032443	32.710	107	62	2	106	208	45	145	1.31e-07	48.9
KMJCJKPO_00568	MER0002104	33.010	103	47	4	91	189	62	146	1.45e-06	45.8
KMJCJKPO_00568	MER0005238	32.039	103	48	4	91	189	62	146	1.79e-06	45.4
KMJCJKPO_00568	MER0029965	37.143	70	41	2	140	208	79	146	7.44e-06	43.5
KMJCJKPO_00582	MER0003380	36.522	230	132	5	154	382	21	237	8.62e-43	147
KMJCJKPO_00582	MER0069741	35.443	158	97	4	228	382	13	168	8.13e-22	89.0
KMJCJKPO_00582	MER0013541	47.059	85	45	0	283	367	1	85	8.02e-21	83.6
KMJCJKPO_00582	MER0066182	41.026	117	65	2	263	378	75	188	5.51e-19	81.6
KMJCJKPO_00582	MER0387040	43.299	97	54	1	283	378	1	97	4.58e-17	73.6
KMJCJKPO_00582	MER0001419	38.372	86	51	2	283	366	32	117	6.57e-15	68.6
KMJCJKPO_00582	MER0003376	32.667	150	75	5	243	376	14	153	1.45e-14	68.2
KMJCJKPO_00582	MER0003423	38.372	86	51	2	283	366	32	117	1.60e-13	64.7
KMJCJKPO_00582	MER0015415	37.931	87	47	2	285	367	66	149	2.05e-12	62.0
KMJCJKPO_00582	MER0003906	37.931	87	50	3	283	366	1	86	3.36e-12	59.7
KMJCJKPO_00582	MER0005300	34.783	92	60	0	285	376	67	158	7.61e-09	51.6
KMJCJKPO_00582	MER0025070	32.673	101	59	3	278	369	1	101	6.15e-06	42.4
KMJCJKPO_00582	MER0388771	33.333	96	55	3	283	369	2	97	7.45e-06	42.0
KMJCJKPO_00602	MER0003242	49.498	299	147	2	109	407	4	298	5.26e-105	310
KMJCJKPO_00602	MER0013876	31.119	286	169	8	38	313	10	277	5.02e-35	129
KMJCJKPO_00602	MER0003855	31.164	292	177	7	27	307	1	279	6.25e-35	130
KMJCJKPO_00602	MER0004416	28.425	292	170	9	39	311	11	282	2.29e-22	93.2
KMJCJKPO_00616	MER0001243	41.600	250	144	2	2	249	3	252	7.71e-63	195
KMJCJKPO_00616	MER0005690	38.819	237	144	1	10	246	11	246	3.43e-56	178
KMJCJKPO_00616	MER0001342	37.959	245	152	0	2	246	3	247	5.02e-54	173
KMJCJKPO_00616	MER0015127	38.912	239	145	1	8	246	9	246	2.99e-50	162
KMJCJKPO_00616	MER0015128	35.319	235	150	2	13	246	14	247	6.37e-48	157
KMJCJKPO_00616	MER0013929	34.413	247	161	1	2	248	3	248	3.03e-45	150
KMJCJKPO_00616	MER0013589	34.979	243	157	1	4	246	1	242	6.34e-44	146
KMJCJKPO_00616	MER0013450	32.520	246	163	3	4	247	3	247	2.27e-43	145
KMJCJKPO_00616	MER0003880	29.474	190	119	4	29	214	22	200	8.83e-17	75.5
KMJCJKPO_00616	MER0004931	26.866	201	135	4	4	202	5	195	2.63e-16	73.2
KMJCJKPO_00616	MER0010972	23.504	234	161	2	13	246	14	229	6.12e-16	72.4
KMJCJKPO_00616	MER0011746	26.442	208	134	6	13	207	14	215	1.45e-13	66.6
KMJCJKPO_00616	MER0024896	26.316	114	84	0	3	116	4	117	4.62e-12	62.4
KMJCJKPO_00616	MER0024896	25.191	131	91	2	122	246	337	466	3.38e-10	57.0
KMJCJKPO_00616	MER0002038	27.950	161	109	4	72	230	69	224	2.29e-11	58.9
KMJCJKPO_00616	MER0005462	23.913	230	158	4	1	222	2	222	4.11e-11	58.5
KMJCJKPO_00616	MER0004532	26.000	200	137	3	4	202	5	194	5.80e-11	57.8
KMJCJKPO_00616	MER0001728	28.846	208	129	7	13	207	14	215	1.20e-09	54.7
KMJCJKPO_00616	MER0001244	24.324	148	104	3	1	146	2	143	6.00e-07	46.2
KMJCJKPO_00616	MER0013463	23.288	219	136	8	4	202	5	211	4.56e-06	43.9
KMJCJKPO_00628	MER0031610	35.628	247	150	4	15	253	55	300	2.93e-44	148
KMJCJKPO_00628	MER0036057	26.587	252	151	10	15	248	63	298	8.71e-16	72.4
KMJCJKPO_00628	MER0017033	25.498	251	155	9	15	248	65	300	1.06e-14	69.3
KMJCJKPO_00628	MER0014065	27.731	119	77	2	15	130	35	147	1.49e-12	63.2
KMJCJKPO_00628	MER0031617	24.335	263	166	7	10	247	30	284	2.08e-12	62.4
KMJCJKPO_00628	MER0036115	29.703	101	68	1	12	109	33	133	4.83e-11	58.5
KMJCJKPO_00628	MER0044858	25.660	265	157	12	16	242	57	319	5.20e-11	58.5
KMJCJKPO_00628	MER0037236	24.324	259	171	8	4	245	9	259	1.11e-10	57.4
KMJCJKPO_00628	MER0017142	35.294	102	62	2	15	116	15	112	2.86e-10	55.8
KMJCJKPO_00628	MER0036072	25.828	151	89	3	16	157	82	218	3.40e-10	56.2
KMJCJKPO_00628	MER0044900	23.221	267	167	10	16	249	96	357	2.14e-09	53.9
KMJCJKPO_00628	MER0031616	29.703	101	66	1	14	109	39	139	3.35e-09	53.1
KMJCJKPO_00628	MER0044350	28.431	102	69	1	14	111	1	102	1.23e-07	48.1
KMJCJKPO_00628	MER0011509	31.683	101	64	2	14	109	38	138	2.05e-07	47.8
KMJCJKPO_00628	MER0031619	27.451	102	71	1	14	112	28	129	2.15e-07	47.8
KMJCJKPO_00628	MER0004146	23.346	257	177	10	4	245	8	259	3.59e-07	47.0
KMJCJKPO_00628	MER0017193	30.000	80	54	2	10	87	21	100	8.55e-07	45.8
KMJCJKPO_00628	MER0036053	29.358	109	74	2	10	116	4	111	1.18e-06	45.4
KMJCJKPO_00628	MER0036084	29.167	120	65	4	8	114	12	124	1.24e-06	45.4
KMJCJKPO_00628	MER0036059	28.682	129	74	4	13	125	44	170	1.77e-06	45.1
KMJCJKPO_00628	MER0031611	22.433	263	168	9	15	253	40	290	1.85e-06	45.1
KMJCJKPO_00628	MER0017177	26.415	106	74	2	4	105	24	129	2.02e-06	44.7
KMJCJKPO_00628	MER0011785	27.184	103	69	1	15	111	36	138	3.03e-06	44.3
KMJCJKPO_00628	MER0035043	22.689	238	157	5	14	224	35	272	5.04e-06	43.5
KMJCJKPO_00632	MER0026213	25.620	121	81	3	55	169	140	257	9.28e-07	47.0
KMJCJKPO_00669	MER0045479	24.643	280	170	9	3	277	7	250	1.24e-14	68.9
KMJCJKPO_00669	MER0031565	24.904	261	162	8	3	256	7	240	2.13e-13	65.5
KMJCJKPO_00669	MER0036038	27.376	263	153	10	3	256	7	240	5.61e-12	61.2
KMJCJKPO_00669	MER0036036	23.643	258	169	8	3	255	7	241	7.05e-12	60.8
KMJCJKPO_00669	MER0031569	24.219	256	165	10	6	255	6	238	1.29e-09	54.3
KMJCJKPO_00698	MER0014135	40.672	268	159	0	183	450	1	268	1.83e-77	239
KMJCJKPO_00698	MER0003359	25.000	108	79	2	346	451	115	222	9.13e-07	46.6
KMJCJKPO_00771	MER0001284	26.106	226	152	8	64	283	3	219	2.21e-12	62.8
KMJCJKPO_00771	MER0004514	33.043	115	73	3	90	201	26	139	3.62e-10	56.2
KMJCJKPO_00771	MER0100667	28.421	190	94	9	113	289	40	200	7.77e-10	55.1
KMJCJKPO_00771	MER0001911	36.691	139	69	7	100	236	41	162	2.52e-09	53.9
KMJCJKPO_00771	MER0005139	26.623	154	84	5	97	242	60	192	3.14e-09	53.9
KMJCJKPO_00771	MER0005131	26.728	217	135	11	89	291	27	233	5.87e-08	49.7
KMJCJKPO_00771	MER0001289	33.945	109	56	5	100	203	62	159	1.42e-07	48.9
KMJCJKPO_00771	MER0005238	29.204	113	54	4	97	198	64	161	4.96e-07	47.4
KMJCJKPO_00771	MER0194228	31.522	92	50	3	115	203	2	83	1.28e-06	45.1
KMJCJKPO_00771	MER0015691	30.435	115	54	4	97	200	50	149	2.86e-06	44.7
KMJCJKPO_00780	MER0004035	48.673	113	50	4	63	173	5	111	9.33e-29	103
KMJCJKPO_00780	MER0002443	43.860	114	58	4	63	174	8	117	1.96e-21	84.7
KMJCJKPO_00780	MER0003986	40.179	112	60	4	56	164	1	108	2.33e-17	73.6
KMJCJKPO_00780	MER0003807	35.537	121	72	3	56	174	1	117	1.09e-15	69.3
KMJCJKPO_00780	MER0004054	35.897	117	65	5	65	175	10	122	1.07e-14	66.6
KMJCJKPO_00780	MER0002450	34.513	113	61	4	65	174	10	112	5.66e-13	61.6
KMJCJKPO_00780	MER0377310	35.514	107	56	4	65	168	10	106	2.58e-12	59.3
KMJCJKPO_00780	MER0377307	35.514	107	56	4	65	168	10	106	2.58e-12	59.3
KMJCJKPO_00780	MER0003808	35.593	118	68	4	56	173	1	110	4.14e-12	58.9
KMJCJKPO_00780	MER0003805	32.203	118	73	3	56	173	1	111	7.42e-12	58.5
KMJCJKPO_00780	MER0024252	36.000	100	53	3	68	162	14	107	2.94e-11	57.0
KMJCJKPO_00780	MER0001322	31.532	111	62	4	56	163	1	100	5.64e-11	56.2
KMJCJKPO_00780	MER0014188	33.945	109	60	4	56	161	1	100	4.60e-10	53.1
KMJCJKPO_00780	MER0377178	32.743	113	51	4	65	168	10	106	4.79e-10	53.1
KMJCJKPO_00780	MER0376722	36.275	102	58	3	56	157	1	95	1.69e-08	48.5
KMJCJKPO_00780	MER0031199	37.500	64	37	1	72	135	1	61	1.77e-07	44.7
KMJCJKPO_00780	MER0014672	31.667	60	41	0	72	131	30	89	1.35e-06	43.9
KMJCJKPO_00786	MER0003376	36.301	146	75	6	215	344	15	158	3.77e-20	83.2
KMJCJKPO_00786	MER0003380	42.857	98	55	1	242	339	135	231	7.16e-18	79.0
KMJCJKPO_00786	MER0003906	44.340	106	52	3	245	344	1	105	9.56e-18	74.7
KMJCJKPO_00786	MER0005300	33.594	128	80	2	221	344	37	163	2.19e-17	75.5
KMJCJKPO_00786	MER0069741	42.105	95	53	2	245	339	70	162	8.63e-17	74.3
KMJCJKPO_00786	MER0387040	39.604	101	59	2	245	344	1	100	1.86e-14	65.5
KMJCJKPO_00786	MER0066182	39.604	101	59	2	245	344	92	191	6.41e-14	66.6
KMJCJKPO_00786	MER0015415	34.146	123	70	5	227	339	43	164	1.31e-12	62.4
KMJCJKPO_00786	MER0003423	35.185	108	63	4	243	344	30	136	1.74e-11	58.5
KMJCJKPO_00786	MER0013541	37.209	86	53	1	245	330	1	85	2.78e-11	56.2
KMJCJKPO_00786	MER0001419	39.080	87	50	2	245	329	32	117	6.10e-11	57.0
KMJCJKPO_00786	MER0025070	32.990	97	57	2	245	333	6	102	6.67e-07	44.7
KMJCJKPO_00786	MER0388771	34.000	100	52	3	245	333	2	98	1.99e-06	43.1
KMJCJKPO_00788	MER0025086	41.096	146	59	4	250	391	1	123	1.27e-27	103
KMJCJKPO_00788	MER0029657	39.860	143	59	5	250	391	29	145	3.08e-21	87.0
KMJCJKPO_00788	MER0011122	39.362	94	49	4	307	393	56	148	1.65e-12	62.0
KMJCJKPO_00788	MER0002217	26.316	209	103	8	204	396	47	220	7.06e-09	54.7
KMJCJKPO_00788	MER0002084	26.165	279	127	13	100	366	4	215	1.58e-08	52.0
KMJCJKPO_00788	MER0014521	27.094	203	95	9	211	396	52	218	2.23e-07	49.3
KMJCJKPO_00805	MER0011806	23.675	283	153	10	31	312	17	237	1.54e-10	58.5
KMJCJKPO_00805	MER0004101	23.675	283	153	11	31	312	17	237	6.03e-10	57.0
KMJCJKPO_00805	MER0011781	26.887	212	118	9	103	312	61	237	9.32e-10	56.2
KMJCJKPO_00805	MER0003314	26.531	147	83	6	106	251	72	194	5.32e-07	48.1
KMJCJKPO_00821	MER0001423	67.672	232	75	0	486	717	1	232	9.37e-117	347
KMJCJKPO_00821	MER0000405	39.852	271	148	8	463	721	2	269	2.04e-60	201
KMJCJKPO_00821	MER0000399	40.377	265	146	8	463	721	1	259	2.59e-60	201
KMJCJKPO_00821	MER0000401	38.868	265	151	5	463	721	2	261	1.42e-57	193
KMJCJKPO_00821	MER0005196	39.648	227	136	1	490	716	25	250	1.93e-56	190
KMJCJKPO_00821	MER0058228	38.589	241	145	3	483	721	3	242	8.64e-55	185
KMJCJKPO_00821	MER0004504	41.702	235	125	6	490	713	2	235	2.58e-54	183
KMJCJKPO_00821	MER0005987	41.048	229	127	5	494	718	35	259	2.51e-53	182
KMJCJKPO_00821	MER0011413	36.441	236	146	2	487	718	4	239	1.85e-49	170
KMJCJKPO_00821	MER0013484	38.532	218	130	2	487	700	4	221	1.51e-48	168
KMJCJKPO_00821	MER0011305	41.350	237	130	6	490	721	23	255	2.15e-48	168
KMJCJKPO_00821	MER0011231	35.581	267	158	8	463	721	1	261	7.23e-47	164
KMJCJKPO_00821	MER0000404	37.190	242	142	7	479	713	18	256	7.26e-47	164
KMJCJKPO_00821	MER0004921	34.167	240	145	5	487	719	4	237	9.24e-45	157
KMJCJKPO_00821	MER0004923	35.648	216	135	2	489	700	57	272	4.01e-42	152
KMJCJKPO_00821	MER0192427	35.981	214	130	3	490	700	69	278	1.21e-40	147
KMJCJKPO_00821	MER0005994	32.700	263	169	5	463	719	2	262	8.41e-40	144
KMJCJKPO_00821	MER0000403	28.287	251	171	5	472	716	10	257	7.72e-39	141
KMJCJKPO_00821	MER0004193	33.333	234	149	5	487	717	3	232	1.13e-38	140
KMJCJKPO_00821	MER0004199	36.207	232	132	9	494	719	1	222	1.90e-37	136
KMJCJKPO_00821	MER0195666	35.961	203	120	5	487	682	1	200	7.46e-34	127
KMJCJKPO_00821	MER0003361	28.205	234	149	7	473	698	5	227	8.43e-27	106
KMJCJKPO_00821	MER0017401	30.088	226	142	7	482	699	2	219	1.18e-17	80.1
KMJCJKPO_00821	MER0005988	31.818	110	74	1	592	700	2	111	4.55e-17	74.7
KMJCJKPO_00821	MER0140224	27.700	213	135	4	501	700	13	219	1.36e-14	70.9
KMJCJKPO_00821	MER0003558	24.766	214	147	4	500	705	39	246	1.45e-14	71.2
KMJCJKPO_00821	MER0005807	25.000	208	139	5	500	700	62	259	8.31e-13	66.2
KMJCJKPO_00821	MER0006027	23.874	222	148	6	493	700	24	238	9.61e-13	65.9
KMJCJKPO_00821	MER0034615	24.180	244	148	6	479	700	2	230	1.10e-12	65.5
KMJCJKPO_00821	MER0000408	23.830	235	159	6	480	700	5	233	9.39e-11	59.7
KMJCJKPO_00821	MER0016096	20.482	249	177	7	483	716	2	244	3.90e-10	57.8
KMJCJKPO_00821	MER0018170	22.460	187	132	1	526	699	46	232	5.37e-10	57.4
KMJCJKPO_00821	MER0011583	23.556	225	149	7	486	698	11	224	3.94e-08	52.0
KMJCJKPO_00821	MER0030932	29.630	135	76	4	565	686	84	212	2.26e-07	49.3
KMJCJKPO_00821	MER0004925	27.778	126	80	3	580	699	120	240	7.07e-07	48.1
KMJCJKPO_00821	MER0001920	20.673	208	144	5	529	719	43	246	3.28e-06	45.8
KMJCJKPO_00821	MER0000263	21.008	238	156	7	482	700	1	225	3.78e-06	45.8
KMJCJKPO_00821	MER0015682	21.739	207	153	4	496	699	86	286	4.13e-06	46.2
KMJCJKPO_00821	MER0126485	23.889	180	123	5	495	666	10	183	4.36e-06	45.4
KMJCJKPO_00830	MER0004775	37.462	654	401	4	32	684	12	658	3.25e-160	474
KMJCJKPO_00830	MER0001056	32.018	659	420	10	34	673	19	668	1.85e-109	343
KMJCJKPO_00830	MER0001991	31.748	652	413	13	37	667	22	662	4.10e-109	342
KMJCJKPO_00830	MER0011141	31.971	685	412	18	37	684	22	689	7.19e-105	331
KMJCJKPO_00830	MER0019832	31.513	641	420	8	46	684	25	648	1.63e-98	313
KMJCJKPO_00830	MER0011159	30.106	661	435	11	34	673	19	673	1.70e-98	314
KMJCJKPO_00830	MER0011838	28.242	694	462	16	14	684	1	681	1.86e-98	314
KMJCJKPO_00830	MER0002988	29.545	660	421	11	37	661	22	672	1.98e-94	304
KMJCJKPO_00830	MER0001050	31.124	694	416	20	37	684	22	699	2.03e-94	304
KMJCJKPO_00830	MER0019831	30.769	624	390	15	90	684	41	651	3.80e-93	299
KMJCJKPO_00830	MER0002350	32.138	697	396	20	40	684	25	696	1.96e-91	296
KMJCJKPO_00830	MER0013406	27.897	699	429	15	37	684	22	696	6.41e-88	286
KMJCJKPO_00830	MER0001058	28.947	646	427	11	46	684	6	626	7.76e-85	276
KMJCJKPO_00830	MER0002062	28.713	707	452	17	19	684	6	701	9.06e-82	270
KMJCJKPO_00830	MER0004762	28.773	709	444	18	13	684	5	689	1.81e-80	266
KMJCJKPO_00830	MER0001059	31.387	548	364	7	46	589	7	546	6.14e-78	256
KMJCJKPO_00830	MER0005528	28.406	690	418	22	41	684	26	685	8.54e-72	243
KMJCJKPO_00830	MER0002997	25.551	681	461	17	37	684	22	689	2.86e-65	225
KMJCJKPO_00830	MER0002285	26.347	668	422	15	42	684	27	649	1.15e-62	217
KMJCJKPO_00830	MER0001365	34.659	352	193	8	345	667	373	716	1.62e-55	199
KMJCJKPO_00830	MER0015175	23.482	741	455	21	37	684	29	750	1.63e-46	173
KMJCJKPO_00830	MER0162857	30.571	350	214	10	359	684	402	746	7.09e-45	168
KMJCJKPO_00830	MER0038668	24.155	592	369	18	163	684	22	603	1.24e-42	160
KMJCJKPO_00830	MER0001054	22.061	689	445	23	38	684	23	661	9.22e-37	143
KMJCJKPO_00830	MER0024834	35.714	182	110	4	508	684	2	181	3.04e-33	123
KMJCJKPO_00830	MER0011432	21.720	686	459	23	36	681	27	674	7.68e-32	128
KMJCJKPO_00830	MER0011433	22.124	678	451	21	36	673	27	667	1.59e-31	127
KMJCJKPO_00830	MER0004778	21.637	721	475	27	37	684	23	726	1.44e-30	124
KMJCJKPO_00830	MER0011430	24.074	486	309	17	211	673	200	648	2.11e-25	108
KMJCJKPO_00830	MER0011427	23.097	381	238	11	344	684	318	683	2.68e-22	98.6
KMJCJKPO_00830	MER0002990	23.276	348	228	8	347	673	309	638	1.27e-21	96.3
KMJCJKPO_00830	MER0011355	23.768	345	233	11	363	684	329	666	7.33e-20	90.9
KMJCJKPO_00830	MER0002993	24.830	294	193	8	351	619	311	601	1.02e-19	90.5
KMJCJKPO_00830	MER0026946	30.045	223	139	7	464	684	47	254	1.71e-19	85.5
KMJCJKPO_00830	MER0004761	25.602	332	233	7	347	667	315	643	3.02e-19	89.0
KMJCJKPO_00830	MER0002987	23.032	343	248	9	334	667	228	563	2.54e-18	85.9
KMJCJKPO_00830	MER0011429	25.342	292	194	9	398	676	373	653	7.82e-18	84.3
KMJCJKPO_00830	MER0011195	19.874	634	399	25	37	626	36	604	5.10e-16	78.6
KMJCJKPO_00830	MER0002999	19.708	548	365	21	24	542	15	516	9.70e-13	67.8
KMJCJKPO_00830	MER0002989	23.154	298	207	9	378	667	342	625	1.85e-12	67.0
KMJCJKPO_00830	MER0002991	27.723	202	138	5	478	673	472	671	2.92e-12	66.6
KMJCJKPO_00830	MER0015181	21.053	437	309	15	254	673	218	635	7.81e-12	65.1
KMJCJKPO_00830	MER0011486	30.899	178	92	6	382	538	319	486	2.23e-11	63.5
KMJCJKPO_00830	MER0011151	22.680	194	127	6	478	667	187	361	1.68e-10	60.1
KMJCJKPO_00830	MER0002998	20.219	366	231	15	254	594	254	583	6.97e-09	55.5
KMJCJKPO_00830	MER0011306	22.088	249	157	8	366	593	334	566	7.18e-09	55.5
KMJCJKPO_00830	MER0004763	22.870	223	156	5	375	588	200	415	1.57e-08	54.3
KMJCJKPO_00841	MER0034959	33.673	98	63	2	84	179	26	123	6.79e-14	68.2
KMJCJKPO_00841	MER0034961	33.000	100	65	2	91	188	35	134	1.86e-12	63.9
KMJCJKPO_00841	MER0029616	33.945	109	59	2	86	181	11	119	4.09e-11	60.1
KMJCJKPO_00841	MER0034548	22.727	220	154	6	82	295	18	227	1.03e-08	52.0
KMJCJKPO_00841	MER0031562	31.522	92	57	3	90	177	32	121	1.30e-08	51.6
KMJCJKPO_00841	MER0033242	33.000	100	56	4	88	179	32	128	2.61e-08	51.2
KMJCJKPO_00841	MER0036044	23.684	114	87	0	63	176	47	160	1.96e-07	48.5
KMJCJKPO_00841	MER0031570	25.225	111	83	0	66	176	1	111	2.62e-07	47.8
KMJCJKPO_00841	MER0031563	27.957	93	63	1	86	178	21	109	6.97e-07	46.2
KMJCJKPO_00841	MER0003558	26.562	192	111	7	90	271	38	209	1.05e-06	45.8
KMJCJKPO_00841	MER0034722	35.714	56	34	1	125	178	22	77	8.27e-06	43.5
KMJCJKPO_00845	MER0002968	33.482	224	143	3	225	447	1	219	6.96e-38	138
KMJCJKPO_00845	MER0011369	38.503	187	110	2	255	438	36	220	9.70e-38	137
KMJCJKPO_00845	MER0002078	33.180	217	144	1	250	465	17	233	8.06e-37	135
KMJCJKPO_00845	MER0005046	34.021	194	128	0	250	443	5	198	1.01e-34	128
KMJCJKPO_00845	MER0019759	31.390	223	145	4	248	465	13	232	2.27e-33	125
KMJCJKPO_00845	MER0028449	34.483	203	128	3	250	447	23	225	3.85e-33	124
KMJCJKPO_00845	MER0005045	33.333	195	130	0	249	443	4	198	8.90e-33	122
KMJCJKPO_00845	MER0002003	32.653	196	128	3	253	445	25	219	9.61e-33	123
KMJCJKPO_00845	MER0011370	32.642	193	129	1	252	443	18	210	1.25e-32	122
KMJCJKPO_00845	MER0091680	32.642	193	129	1	253	445	11	202	1.71e-31	119
KMJCJKPO_00845	MER0016308	34.392	189	111	3	260	442	1	182	2.58e-31	117
KMJCJKPO_00845	MER0002746	30.374	214	148	1	253	465	20	233	3.24e-31	119
KMJCJKPO_00845	MER0011183	31.100	209	143	1	255	462	14	222	8.80e-31	117
KMJCJKPO_00845	MER0005331	33.684	190	124	2	255	443	22	210	8.97e-31	117
KMJCJKPO_00845	MER0011371	33.140	172	114	1	260	430	27	198	9.54e-30	114
KMJCJKPO_00845	MER0011423	30.000	200	136	2	248	443	15	214	8.54e-29	111
KMJCJKPO_00845	MER0011440	29.381	194	128	3	255	443	21	210	9.25e-29	112
KMJCJKPO_00845	MER0001010	30.851	188	129	1	257	443	3	190	1.87e-28	110
KMJCJKPO_00845	MER0001185	33.333	189	119	3	253	438	26	210	3.23e-28	110
KMJCJKPO_00845	MER0002060	28.230	209	144	3	236	443	12	215	7.53e-28	109
KMJCJKPO_00845	MER0019754	32.821	195	122	5	255	443	4	195	8.98e-28	108
KMJCJKPO_00845	MER0006264	31.868	182	120	2	264	443	3	182	1.48e-27	107
KMJCJKPO_00845	MER0001003	35.196	179	113	2	266	442	7	184	3.49e-27	106
KMJCJKPO_00845	MER0000997	32.086	187	123	3	255	437	25	211	6.03e-27	106
KMJCJKPO_00845	MER0001012	31.472	197	120	3	255	443	27	216	1.28e-26	105
KMJCJKPO_00845	MER0001005	34.302	172	111	2	274	443	6	177	1.57e-26	104
KMJCJKPO_00845	MER0004243	30.542	203	117	4	255	443	24	216	2.18e-25	102
KMJCJKPO_00845	MER0052595	28.947	190	132	2	257	443	31	220	1.14e-24	100
KMJCJKPO_00845	MER0002422	32.979	188	119	3	258	443	24	206	1.66e-24	99.4
KMJCJKPO_00845	MER0011175	28.947	190	134	1	255	443	21	210	1.99e-24	99.0
KMJCJKPO_00845	MER0011438	26.667	180	131	1	249	427	15	194	2.21e-24	99.0
KMJCJKPO_00845	MER0003500	31.000	200	134	4	252	449	6	203	2.62e-24	98.6
KMJCJKPO_00845	MER0001701	29.108	213	147	3	248	456	1	213	3.80e-24	98.6
KMJCJKPO_00845	MER0002210	30.128	156	107	2	277	430	1	156	8.45e-22	89.7
KMJCJKPO_00845	MER0011400	30.460	174	120	1	258	430	25	198	3.09e-21	90.5
KMJCJKPO_00845	MER0011401	29.762	168	113	2	271	433	30	197	3.78e-21	89.7
KMJCJKPO_00845	MER0011720	29.843	191	114	4	258	443	27	202	8.08e-21	88.6
KMJCJKPO_00845	MER0001009	26.554	177	129	1	297	472	2	178	5.86e-20	86.3
KMJCJKPO_00845	MER0002355	27.933	179	119	4	258	433	27	198	3.82e-19	84.0
KMJCJKPO_00845	MER0011399	27.861	201	139	3	253	450	20	217	2.08e-18	82.0
KMJCJKPO_00845	MER0015166	27.723	202	125	5	256	442	35	230	3.27e-17	78.6
KMJCJKPO_00845	MER0026830	32.353	102	69	0	257	358	26	127	3.93e-17	77.4
KMJCJKPO_00845	MER0116688	28.736	174	123	1	258	430	25	198	1.02e-16	77.4
KMJCJKPO_00845	MER0003916	36.735	98	61	1	249	345	4	101	3.40e-15	72.0
KMJCJKPO_00845	MER0171631	39.583	96	53	3	254	345	20	114	4.18e-15	72.0
KMJCJKPO_00845	MER0001525	24.731	186	131	3	252	428	26	211	1.35e-12	65.1
KMJCJKPO_00845	MER0002865	26.257	179	109	5	266	437	2	164	4.46e-10	56.6
KMJCJKPO_00845	MER0011345	27.136	199	123	8	277	463	55	243	4.67e-10	57.8
KMJCJKPO_00845	MER0001017	24.645	211	129	10	270	464	47	243	8.96e-10	57.0
KMJCJKPO_00845	MER0001001	26.590	173	122	4	274	444	41	210	1.60e-09	55.8
KMJCJKPO_00845	MER0005328	27.072	181	110	9	265	435	31	199	1.35e-08	52.8
KMJCJKPO_00845	MER0005037	24.479	192	118	8	252	430	7	184	1.68e-08	52.0
KMJCJKPO_00845	MER0036308	23.370	184	106	6	265	434	40	202	3.47e-08	52.0
KMJCJKPO_00845	MER0002281	24.242	165	113	3	274	434	53	209	1.71e-07	50.1
KMJCJKPO_00845	MER0002755	24.390	164	106	4	277	433	45	197	1.85e-07	49.3
KMJCJKPO_00845	MER0012283	24.623	199	134	5	252	447	34	219	1.30e-06	47.0
KMJCJKPO_00845	MER0019096	20.946	148	104	3	315	462	61	195	2.40e-06	46.2
KMJCJKPO_00845	MER0168983	25.000	136	84	4	314	445	43	164	6.83e-06	44.3
KMJCJKPO_00913	MER0026471	32.568	479	297	9	1	459	5	477	2.00e-75	241
KMJCJKPO_00913	MER0026494	31.381	478	302	9	1	460	4	473	2.11e-69	225
KMJCJKPO_00913	MER0015142	30.063	479	311	6	1	461	33	505	3.32e-66	218
KMJCJKPO_00913	MER0003397	30.000	210	129	4	1	198	5	208	1.12e-21	92.4
KMJCJKPO_00913	MER0003397	25.287	87	65	0	364	450	215	301	3.09e-06	45.8
KMJCJKPO_00913	MER0052470	26.216	370	245	11	80	436	85	439	1.19e-20	90.9
KMJCJKPO_00913	MER0057434	31.884	207	119	7	6	198	1	199	1.41e-18	82.8
KMJCJKPO_00913	MER0057434	29.245	106	70	2	355	460	199	299	1.36e-06	46.6
KMJCJKPO_00913	MER0026485	29.612	206	125	6	6	198	9	207	2.44e-17	79.3
KMJCJKPO_00913	MER0026485	27.273	99	70	1	355	453	207	303	2.82e-07	48.9
KMJCJKPO_00913	MER0001272	31.933	119	65	4	51	159	22	134	2.94e-07	48.5
KMJCJKPO_00913	MER0033183	32.941	85	50	2	75	159	76	153	8.21e-07	47.4
KMJCJKPO_00913	MER0238460	30.675	163	90	8	78	236	92	235	1.22e-06	47.4
KMJCJKPO_00963	MER0005169	32.754	345	220	6	14	355	5	340	8.98e-54	178
KMJCJKPO_00963	MER0013829	31.909	351	229	5	14	361	5	348	1.58e-52	175
KMJCJKPO_00963	MER0005472	33.533	334	207	5	14	347	5	323	1.09e-44	154
KMJCJKPO_00963	MER0004410	29.745	353	226	9	14	356	5	345	7.97e-41	144
KMJCJKPO_00963	MER0002046	31.833	311	190	10	44	351	35	326	1.14e-40	143
KMJCJKPO_00963	MER0005160	30.149	335	214	10	16	347	7	324	2.45e-33	123
KMJCJKPO_00963	MER0002043	25.071	351	240	8	6	347	9	345	3.36e-32	121
KMJCJKPO_00963	MER0002040	27.246	345	217	13	38	362	25	355	7.58e-26	103
KMJCJKPO_00963	MER0022215	24.348	345	244	7	13	354	3	333	1.81e-23	96.7
KMJCJKPO_00963	MER0025084	20.344	349	261	9	10	352	1	338	2.08e-06	45.8
KMJCJKPO_00988	MER0061102	34.536	194	117	3	311	494	1	194	3.55e-32	122
KMJCJKPO_00988	MER0061102	28.696	230	140	4	672	877	2	231	5.24e-23	95.5
KMJCJKPO_00989	MER0061102	35.583	163	95	5	150	308	2	158	3.67e-21	88.2
KMJCJKPO_00990	MER0061102	30.126	239	142	8	149	371	2	231	3.55e-23	94.0
KMJCJKPO_00990	MER0066178	23.109	238	147	9	149	371	1	217	1.41e-06	45.8
KMJCJKPO_00992	MER0031562	28.148	135	82	5	2	130	111	236	3.76e-08	47.8
KMJCJKPO_01044	MER0002746	33.333	213	138	3	264	472	18	230	2.82e-33	125
KMJCJKPO_01044	MER0011183	28.774	212	147	2	265	472	11	222	4.52e-30	115
KMJCJKPO_01044	MER0019759	30.332	211	144	1	265	472	19	229	2.34e-29	114
KMJCJKPO_01044	MER0005331	32.057	209	139	1	248	453	2	210	2.12e-28	110
KMJCJKPO_01044	MER0002968	30.233	215	147	2	242	453	1	215	1.32e-27	108
KMJCJKPO_01044	MER0001012	30.047	213	145	2	242	450	1	213	4.81e-27	106
KMJCJKPO_01044	MER0002060	29.680	219	151	1	242	457	1	219	6.13e-27	106
KMJCJKPO_01044	MER0011440	30.952	210	141	2	248	453	1	210	9.31e-27	105
KMJCJKPO_01044	MER0002078	28.821	229	159	3	248	472	2	230	7.03e-26	103
KMJCJKPO_01044	MER0011438	31.000	200	132	3	248	442	1	199	3.22e-25	101
KMJCJKPO_01044	MER0001010	30.806	211	126	4	268	466	1	203	5.97e-25	100
KMJCJKPO_01044	MER0091680	30.542	203	137	3	266	465	11	212	1.28e-24	99.8
KMJCJKPO_01044	MER0002003	29.386	228	142	5	242	457	1	221	6.38e-24	97.8
KMJCJKPO_01044	MER0000997	33.673	196	111	4	264	446	21	210	6.52e-24	97.8
KMJCJKPO_01044	MER0004243	32.995	197	113	4	257	440	13	203	6.07e-23	95.1
KMJCJKPO_01044	MER0005045	30.570	193	127	4	266	453	8	198	1.43e-22	93.2
KMJCJKPO_01044	MER0001003	35.838	173	103	4	279	445	7	177	3.10e-22	92.0
KMJCJKPO_01044	MER0006264	29.508	183	122	3	276	453	2	182	3.23e-22	91.7
KMJCJKPO_01044	MER0002422	29.442	197	119	5	262	448	15	201	9.09e-22	91.3
KMJCJKPO_01044	MER0011369	26.794	209	149	2	245	449	13	221	7.77e-21	89.0
KMJCJKPO_01044	MER0001005	31.818	176	99	5	291	453	10	177	9.54e-21	87.4
KMJCJKPO_01044	MER0001185	29.293	198	116	4	264	448	24	210	1.52e-20	87.8
KMJCJKPO_01044	MER0005046	30.570	193	127	4	266	453	8	198	8.91e-20	85.1
KMJCJKPO_01044	MER0011370	32.044	181	103	4	277	445	30	202	1.32e-19	85.1
KMJCJKPO_01044	MER0028449	28.302	212	134	5	255	453	15	221	1.74e-19	85.1
KMJCJKPO_01044	MER0001701	29.592	196	131	3	264	453	6	200	1.82e-19	85.1
KMJCJKPO_01044	MER0011720	28.378	222	145	5	242	461	1	210	2.55e-19	84.3
KMJCJKPO_01044	MER0168983	30.636	173	101	5	279	449	3	158	1.13e-18	80.9
KMJCJKPO_01044	MER0052595	27.679	224	146	5	242	453	1	220	1.28e-18	82.4
KMJCJKPO_01044	MER0001009	29.070	172	99	4	325	484	20	180	2.73e-18	81.3
KMJCJKPO_01044	MER0003500	29.016	193	132	3	271	459	12	203	4.26e-18	80.5
KMJCJKPO_01044	MER0011423	26.852	216	145	4	248	453	2	214	9.95e-18	79.7
KMJCJKPO_01044	MER0011399	27.358	212	145	5	248	453	2	210	1.31e-17	79.7
KMJCJKPO_01044	MER0011371	24.878	205	150	2	248	448	2	206	2.53e-17	78.6
KMJCJKPO_01044	MER0016308	31.073	177	104	7	279	445	7	175	5.62e-17	76.6
KMJCJKPO_01044	MER0002355	24.424	217	150	4	242	453	1	208	2.68e-16	75.9
KMJCJKPO_01044	MER0019754	27.094	203	122	6	267	453	3	195	3.09e-16	75.1
KMJCJKPO_01044	MER0168177	32.800	125	77	2	324	448	41	158	3.57e-16	73.9
KMJCJKPO_01044	MER0116688	29.146	199	123	4	276	463	30	221	1.47e-15	73.9
KMJCJKPO_01044	MER0011175	27.957	186	126	5	266	445	19	202	4.04e-15	72.0
KMJCJKPO_01044	MER0011400	30.928	194	126	4	277	464	31	222	5.48e-15	72.4
KMJCJKPO_01044	MER0036308	28.505	214	128	7	244	447	7	205	8.53e-14	68.6
KMJCJKPO_01044	MER0019096	29.412	153	92	4	325	475	60	198	2.52e-13	66.6
KMJCJKPO_01044	MER0002210	29.697	165	91	5	291	440	2	156	4.58e-13	64.7
KMJCJKPO_01044	MER0005328	28.230	209	118	7	248	440	2	194	5.33e-13	65.5
KMJCJKPO_01044	MER0015166	25.000	224	152	5	238	447	4	225	6.06e-13	66.2
KMJCJKPO_01044	MER0003916	25.521	192	124	5	266	448	8	189	7.09e-13	65.1
KMJCJKPO_01044	MER0011345	25.225	222	153	5	242	457	7	221	7.34e-13	66.2
KMJCJKPO_01044	MER0171631	30.303	198	125	6	264	453	17	209	9.77e-13	65.1
KMJCJKPO_01044	MER0026830	35.714	98	61	1	263	358	19	116	1.05e-12	64.3
KMJCJKPO_01044	MER0001017	27.189	217	138	8	248	454	13	219	1.24e-12	65.5
KMJCJKPO_01044	MER0001001	23.445	209	148	4	247	448	1	204	1.07e-11	62.0
KMJCJKPO_01044	MER0011401	28.387	155	103	2	296	442	42	196	1.07e-11	62.0
KMJCJKPO_01044	MER0001013	28.571	196	120	7	261	447	27	211	7.03e-11	60.1
KMJCJKPO_01044	MER0002658	30.935	139	87	2	328	459	1	137	5.71e-10	55.8
KMJCJKPO_01044	MER0002755	24.413	213	135	6	248	447	2	201	2.12e-09	55.1
KMJCJKPO_01044	MER0040779	23.899	159	104	4	289	443	42	187	7.46e-09	53.5
KMJCJKPO_01044	MER0005037	23.560	191	116	5	266	440	8	184	7.88e-09	53.1
KMJCJKPO_01044	MER0001525	24.615	195	127	5	266	444	27	217	1.89e-08	52.8
KMJCJKPO_01044	MER0012283	26.904	197	133	5	255	447	20	209	2.30e-08	52.4
KMJCJKPO_01044	MER0012271	27.083	144	86	4	326	457	86	222	3.73e-06	45.8
KMJCJKPO_01044	MER0002281	26.522	230	133	10	242	453	7	218	4.14e-06	45.8
KMJCJKPO_01046	MER0013471	38.636	88	44	3	63	140	57	144	4.92e-09	53.9
KMJCJKPO_01046	MER0015121	29.091	110	67	2	74	172	70	179	6.33e-07	47.4
KMJCJKPO_01046	MER0001205	27.820	133	75	5	29	140	15	147	1.19e-06	46.2
KMJCJKPO_01046	MER0003495	33.784	74	39	2	74	137	71	144	1.41e-06	46.2
KMJCJKPO_01053	MER0001423	41.702	235	134	3	484	718	1	232	5.34e-54	182
KMJCJKPO_01053	MER0058228	38.710	217	131	2	485	700	7	222	5.94e-45	158
KMJCJKPO_01053	MER0000399	33.891	239	149	5	485	720	25	257	1.30e-39	144
KMJCJKPO_01053	MER0000401	34.016	244	143	6	485	720	26	259	1.62e-37	138
KMJCJKPO_01053	MER0011413	35.000	220	137	4	485	700	4	221	5.85e-35	130
KMJCJKPO_01053	MER0011305	32.812	256	162	7	469	718	4	255	5.89e-35	130
KMJCJKPO_01053	MER0004923	31.765	255	167	5	469	719	39	290	1.42e-34	130
KMJCJKPO_01053	MER0013484	33.884	242	151	6	483	719	2	239	3.10e-34	127
KMJCJKPO_01053	MER0004199	35.983	239	126	10	492	720	1	222	9.86e-34	125
KMJCJKPO_01053	MER0004921	33.333	222	135	5	485	700	4	218	1.02e-32	123
KMJCJKPO_01053	MER0005196	32.035	231	150	4	473	700	9	235	4.09e-32	122
KMJCJKPO_01053	MER0004504	32.589	224	143	4	488	705	2	223	1.23e-31	120
KMJCJKPO_01053	MER0011231	33.193	238	150	6	469	701	10	243	1.11e-30	118
KMJCJKPO_01053	MER0005987	31.418	261	160	9	457	710	2	250	2.40e-30	117
KMJCJKPO_01053	MER0192427	31.489	235	152	4	469	700	50	278	7.04e-30	116
KMJCJKPO_01053	MER0000405	32.000	225	144	6	481	700	28	248	6.13e-29	113
KMJCJKPO_01053	MER0005994	30.802	237	151	7	469	698	11	241	3.61e-28	111
KMJCJKPO_01053	MER0004193	33.333	225	135	7	485	702	3	219	1.41e-27	108
KMJCJKPO_01053	MER0000404	28.629	248	167	6	473	714	14	257	9.88e-26	104
KMJCJKPO_01053	MER0195666	29.150	247	154	7	485	720	1	237	8.25e-24	97.8
KMJCJKPO_01053	MER0003361	28.270	237	157	6	470	702	4	231	5.02e-20	87.0
KMJCJKPO_01053	MER0000403	24.138	261	179	8	467	718	8	258	1.35e-19	86.3
KMJCJKPO_01053	MER0005988	29.091	110	77	1	593	701	3	112	1.29e-13	64.7
KMJCJKPO_01053	MER0000408	21.849	238	166	5	478	702	5	235	6.93e-13	66.2
KMJCJKPO_01053	MER0034615	25.641	234	159	7	477	700	2	230	3.00e-12	64.3
KMJCJKPO_01053	MER0003558	20.784	255	174	5	476	714	13	255	2.86e-11	61.6
KMJCJKPO_01053	MER0018170	20.606	165	118	1	548	699	68	232	6.87e-11	60.1
KMJCJKPO_01053	MER0004925	24.896	241	171	5	469	701	4	242	8.21e-11	60.1
KMJCJKPO_01053	MER0014827	24.066	241	173	5	469	701	4	242	2.76e-10	58.5
KMJCJKPO_01053	MER0011583	24.498	249	157	9	480	713	7	239	1.93e-09	55.8
KMJCJKPO_01053	MER0015682	23.171	164	122	2	540	700	125	287	2.70e-08	52.8
KMJCJKPO_01053	MER0006027	26.923	156	99	3	559	700	84	238	2.10e-07	49.7
KMJCJKPO_01053	MER0005807	22.650	234	154	8	477	700	43	259	3.22e-07	49.3
KMJCJKPO_01053	MER0140224	24.176	182	123	4	532	700	40	219	5.27e-06	45.4
KMJCJKPO_01147	MER0000485	48.511	235	119	2	573	805	1	235	4.97e-68	223
KMJCJKPO_01147	MER0000495	42.169	249	134	2	573	811	1	249	9.41e-58	195
KMJCJKPO_01147	MER0011056	49.000	200	85	5	616	805	29	221	5.99e-52	177
KMJCJKPO_01147	MER0014970	43.779	217	116	2	595	805	63	279	1.15e-51	179
KMJCJKPO_01147	MER0003442	47.668	193	96	3	624	812	37	228	3.32e-51	176
KMJCJKPO_01147	MER0003443	45.685	197	101	3	610	800	27	223	4.57e-51	175
KMJCJKPO_01147	MER0011057	46.907	194	98	3	616	805	29	221	1.34e-49	171
KMJCJKPO_01147	MER0000488	39.301	229	138	1	573	800	1	229	3.37e-48	167
KMJCJKPO_01147	MER0004236	47.159	176	90	2	628	802	85	258	2.55e-44	157
KMJCJKPO_01147	MER0108906	38.559	236	137	2	573	805	1	231	5.29e-43	152
KMJCJKPO_01147	MER0000496	35.018	277	120	3	573	789	1	277	2.02e-42	154
KMJCJKPO_01147	MER0005837	37.387	222	117	5	574	777	2	219	2.12e-36	135
KMJCJKPO_01147	MER0026213	30.263	152	103	1	658	809	111	259	2.14e-20	88.6
KMJCJKPO_01147	MER0017402	34.595	185	102	6	631	806	28	202	8.27e-17	77.0
KMJCJKPO_01147	MER0003859	28.859	149	91	3	661	805	88	225	1.26e-12	65.5
KMJCJKPO_01147	MER0003359	31.013	158	101	4	631	780	45	202	4.09e-12	63.5
KMJCJKPO_01147	MER0017403	30.508	118	72	2	693	810	94	201	9.61e-08	50.8
KMJCJKPO_01171	MER0264123	24.762	210	122	8	142	337	139	326	5.77e-06	44.7
KMJCJKPO_01198	MER0001350	31.010	416	263	11	24	425	8	413	1.70e-63	208
KMJCJKPO_01198	MER0000446	28.889	180	99	7	50	204	5	180	1.50e-09	56.2
KMJCJKPO_01198	MER0003225	27.320	194	114	7	50	219	5	195	7.31e-09	54.3
KMJCJKPO_01198	MER0001349	33.333	108	59	3	91	185	54	161	3.31e-08	52.4
KMJCJKPO_01198	MER0126148	25.207	242	147	9	79	296	17	248	4.47e-08	51.6
KMJCJKPO_01198	MER0118420	29.703	101	64	2	91	184	54	154	2.97e-07	48.9
KMJCJKPO_01198	MER0011394	25.543	184	116	6	50	212	5	188	4.25e-07	48.5
KMJCJKPO_01198	MER0003601	27.374	179	106	8	55	210	10	187	1.32e-06	47.0
KMJCJKPO_01198	MER0006058	27.273	143	88	4	91	217	57	199	2.10e-06	46.6
KMJCJKPO_01236	MER0198917	40.849	377	213	6	17	388	1	372	7.29e-92	299
KMJCJKPO_01236	MER1054487	42.559	383	202	7	17	388	1	376	2.82e-90	295
KMJCJKPO_01238	MER0037236	31.159	138	91	2	64	197	16	153	1.27e-12	63.9
KMJCJKPO_01238	MER0017177	28.455	123	80	2	42	156	2	124	1.99e-12	63.9
KMJCJKPO_01238	MER0011509	33.645	107	67	2	68	171	39	144	4.20e-12	62.8
KMJCJKPO_01238	MER0014065	36.364	99	61	2	68	165	35	132	5.28e-12	62.8
KMJCJKPO_01238	MER0210990	43.590	78	43	1	92	168	55	132	1.08e-11	61.6
KMJCJKPO_01238	MER0031614	33.945	109	66	3	68	170	82	190	1.29e-11	61.6
KMJCJKPO_01238	MER0036115	30.841	107	72	2	64	169	32	137	1.76e-11	60.8
KMJCJKPO_01238	MER0017193	32.979	94	62	1	61	154	19	111	2.44e-11	60.1
KMJCJKPO_01238	MER0000436	25.249	301	173	12	55	329	11	285	2.52e-11	60.5
KMJCJKPO_01238	MER0031616	28.205	117	80	2	56	169	28	143	5.03e-11	59.7
KMJCJKPO_01238	MER0004146	36.634	101	61	1	66	163	18	118	1.00e-10	58.2
KMJCJKPO_01238	MER0011785	31.818	110	64	3	67	169	35	140	1.53e-10	58.2
KMJCJKPO_01238	MER0043008	22.403	308	170	14	47	331	2	263	1.30e-09	55.1
KMJCJKPO_01238	MER0000437	23.448	290	173	9	68	331	29	295	3.96e-09	53.9
KMJCJKPO_01238	MER0036084	24.138	290	155	13	57	322	9	257	5.58e-09	53.1
KMJCJKPO_01238	MER0044633	29.134	127	85	3	45	166	50	176	1.18e-08	52.8
KMJCJKPO_01238	MER0036054	29.060	117	74	3	66	174	15	130	2.14e-08	51.2
KMJCJKPO_01238	MER0003537	23.611	288	169	11	68	331	24	284	2.44e-08	51.2
KMJCJKPO_01238	MER0044578	26.772	127	88	2	45	166	51	177	3.06e-08	51.2
KMJCJKPO_01238	MER0044581	26.923	130	85	4	44	166	49	175	6.12e-08	50.4
KMJCJKPO_01238	MER0030163	35.802	81	47	2	95	171	56	135	6.32e-08	50.1
KMJCJKPO_01238	MER0036066	22.711	273	162	10	68	323	1	241	6.84e-08	49.7
KMJCJKPO_01238	MER0036068	25.000	284	161	10	59	323	45	295	1.68e-07	48.9
KMJCJKPO_01238	MER0003280	27.358	106	76	1	67	171	29	134	2.20e-07	48.5
KMJCJKPO_01238	MER0017123	32.967	91	59	1	66	154	33	123	2.88e-07	48.1
KMJCJKPO_01238	MER0026339	28.736	87	61	1	64	150	21	106	3.33e-07	47.8
KMJCJKPO_01238	MER0031610	29.897	97	65	2	67	162	54	148	3.85e-07	47.8
KMJCJKPO_01238	MER0036076	32.110	109	65	6	59	163	54	157	2.10e-06	45.4
KMJCJKPO_01238	MER0033249	29.245	106	71	3	50	152	16	120	4.92e-06	43.5
KMJCJKPO_01238	MER0042913	25.967	181	111	7	94	264	49	216	4.94e-06	43.9
KMJCJKPO_01238	MER0042914	25.688	218	122	9	68	264	49	247	5.69e-06	43.9
KMJCJKPO_01238	MER0017033	29.825	114	71	5	58	167	55	163	6.16e-06	43.9
KMJCJKPO_01238	MER0035973	28.037	107	72	4	61	165	50	153	6.87e-06	43.9
KMJCJKPO_01238	MER0033259	23.858	197	119	7	85	278	50	218	9.17e-06	43.1
KMJCJKPO_01277	MER0069741	28.467	137	69	4	44	180	64	171	3.05e-10	56.2
KMJCJKPO_01277	MER0003376	25.610	164	87	4	3	160	2	136	3.70e-08	50.1
KMJCJKPO_01277	MER0015415	24.306	144	82	3	24	167	40	156	2.55e-06	44.7
KMJCJKPO_01301	MER0003336	61.806	144	53	2	192	334	1	143	1.22e-60	188
KMJCJKPO_01301	MER0011465	41.228	114	61	2	192	305	1	108	1.57e-22	89.0
KMJCJKPO_01301	MER0003299	40.141	142	75	4	192	329	1	136	5.85e-19	79.3
KMJCJKPO_01301	MER0017622	27.876	226	141	6	57	262	25	248	3.48e-15	71.2
KMJCJKPO_01301	MER0003338	38.372	86	52	1	192	276	1	86	9.18e-13	62.0
KMJCJKPO_01301	MER0003303	33.333	114	65	3	192	304	1	104	5.89e-11	56.6
KMJCJKPO_01301	MER0013976	34.400	125	66	5	192	315	1	110	9.12e-11	55.8
KMJCJKPO_01328	MER0043126	25.105	239	145	9	27	235	30	264	2.68e-12	62.0
KMJCJKPO_01328	MER0061059	23.451	226	144	9	8	209	6	226	1.03e-08	51.6
KMJCJKPO_01339	MER0015475	34.659	176	104	4	5	170	3	177	1.26e-24	92.0
KMJCJKPO_01389	MER0217243	24.762	210	138	6	48	243	33	236	3.17e-13	64.7
KMJCJKPO_01435	MER0015472	26.087	161	109	3	21	175	23	179	1.37e-11	58.5
KMJCJKPO_01435	MER0030047	27.407	135	88	3	47	175	1	131	1.24e-09	51.6
KMJCJKPO_01435	MER0015473	29.452	146	91	3	44	177	37	182	2.56e-09	52.0
KMJCJKPO_01435	MER0048181	28.671	143	86	2	44	171	1	142	2.63e-09	50.8
KMJCJKPO_01435	MER0015631	31.765	85	57	1	36	120	44	127	6.48e-08	48.1
KMJCJKPO_01435	MER0015632	25.888	197	118	7	30	211	32	215	1.80e-07	47.0
KMJCJKPO_01435	MER0015458	24.737	190	118	6	38	206	46	231	3.25e-07	46.6
KMJCJKPO_01435	MER0020201	27.273	187	115	8	23	203	44	215	1.18e-06	44.7
KMJCJKPO_01435	MER0015462	31.915	94	60	2	34	125	38	129	2.19e-06	43.5
KMJCJKPO_01435	MER0015633	36.047	86	50	2	36	120	42	123	3.09e-06	43.5
KMJCJKPO_01435	MER0015686	33.735	83	52	1	36	118	42	121	3.41e-06	43.1
KMJCJKPO_01454	MER0013450	40.873	252	147	2	1	251	1	251	7.79e-64	197
KMJCJKPO_01454	MER0001243	31.048	248	169	2	1	247	3	249	1.33e-39	135
KMJCJKPO_01454	MER0005690	36.652	221	133	4	31	249	33	248	7.76e-38	130
KMJCJKPO_01454	MER0001342	30.672	238	163	2	11	248	13	248	3.22e-36	126
KMJCJKPO_01454	MER0015128	32.645	242	161	2	9	250	11	250	8.57e-36	125
KMJCJKPO_01454	MER0015127	32.917	240	154	4	12	249	14	248	2.80e-35	123
KMJCJKPO_01454	MER0013589	33.040	227	146	4	24	247	19	242	1.78e-32	116
KMJCJKPO_01454	MER0013929	28.629	248	174	2	1	248	3	247	1.26e-31	114
KMJCJKPO_01454	MER0003880	34.356	163	89	6	20	175	10	161	1.17e-17	77.4
KMJCJKPO_01454	MER0010972	22.363	237	164	3	11	247	13	229	4.20e-13	63.9
KMJCJKPO_01454	MER0024896	35.366	82	52	1	33	114	35	115	4.71e-11	59.3
KMJCJKPO_01454	MER0024896	28.800	125	81	2	134	252	349	471	9.42e-11	58.2
KMJCJKPO_01454	MER0004931	28.148	135	88	4	46	178	48	175	1.07e-07	48.1
KMJCJKPO_01454	MER0011746	25.000	208	137	8	12	207	14	214	7.97e-07	46.2
KMJCJKPO_01454	MER0064643	43.636	55	26	2	62	113	69	121	4.11e-06	43.9
KMJCJKPO_01454	MER0004532	25.000	164	114	4	76	237	72	228	4.45e-06	43.5
KMJCJKPO_01545	MER0034582	25.857	321	211	9	615	920	12	320	8.85e-28	112
KMJCJKPO_01558	MER0065588	44.898	196	105	3	1	193	1	196	3.51e-58	178
KMJCJKPO_01558	MER0038086	29.104	134	69	6	69	191	105	223	8.99e-09	50.4
KMJCJKPO_01558	MER0043537	30.303	198	110	11	3	190	2	181	4.58e-08	47.8
KMJCJKPO_01589	MER0014137	31.959	97	59	3	159	248	198	294	9.54e-06	43.9
KMJCJKPO_01648	MER0015473	26.415	159	106	3	57	205	25	182	2.78e-07	47.0
KMJCJKPO_01648	MER0048181	28.169	142	91	3	69	199	1	142	3.74e-07	45.4
KMJCJKPO_01648	MER0035036	26.000	150	104	3	67	213	86	231	1.72e-06	45.1
KMJCJKPO_01648	MER0047975	25.490	204	121	7	69	258	29	215	2.10e-06	44.7
KMJCJKPO_01648	MER0047976	26.027	146	99	2	67	212	11	147	7.80e-06	42.4
KMJCJKPO_01649	MER0048181	27.778	180	92	4	49	228	1	142	1.33e-10	55.1
KMJCJKPO_01649	MER0015473	27.136	199	85	6	48	236	36	184	3.97e-09	52.0
KMJCJKPO_01649	MER0015458	29.108	213	90	11	47	246	50	214	1.53e-08	50.8
KMJCJKPO_01649	MER0015459	34.783	69	45	0	47	115	48	116	7.01e-08	48.5
KMJCJKPO_01649	MER0015472	25.854	205	96	8	48	246	44	198	1.03e-07	47.8
KMJCJKPO_01649	MER0017194	24.615	195	83	4	51	235	66	206	1.84e-07	47.4
KMJCJKPO_01649	MER0015633	30.612	98	66	2	45	140	46	143	8.68e-07	45.4
KMJCJKPO_01649	MER0015659	22.680	194	90	6	45	238	46	179	2.69e-06	43.9
KMJCJKPO_01649	MER0047976	24.444	135	99	3	43	175	7	140	3.11e-06	43.1
KMJCJKPO_01649	MER0035036	25.701	214	99	6	37	242	74	235	3.32e-06	43.9
KMJCJKPO_01649	MER0015630	34.545	55	36	0	45	99	49	103	9.59e-06	42.4
KMJCJKPO_01721	MER0042827	57.576	99	42	0	989	1087	1	99	4.68e-32	117
KMJCJKPO_01769	MER0013623	50.649	154	75	1	105	258	1	153	1.33e-52	171
KMJCJKPO_01769	MER0003850	47.701	174	90	1	105	277	3	176	5.76e-51	167
KMJCJKPO_01769	MER0000268	50.000	154	77	0	105	258	1	154	1.97e-50	165
KMJCJKPO_01769	MER0000266	50.641	156	75	2	105	258	1	156	2.10e-46	155
KMJCJKPO_01769	MER0001372	52.201	159	68	4	105	258	1	156	1.90e-45	152
KMJCJKPO_01769	MER0004111	46.452	155	82	1	105	258	1	155	5.84e-45	151
KMJCJKPO_01769	MER0005468	49.057	159	75	3	105	258	1	158	6.95e-44	148
KMJCJKPO_01769	MER0004149	47.273	165	74	4	105	258	1	163	2.08e-43	147
KMJCJKPO_01769	MER0004673	35.094	265	147	5	105	345	2	265	3.06e-41	145
KMJCJKPO_01769	MER0003290	46.250	160	76	4	105	258	1	156	2.64e-38	133
KMJCJKPO_01769	MER0010944	43.860	171	79	4	105	258	1	171	2.63e-37	131
KMJCJKPO_01769	MER0001373	47.799	159	77	4	105	258	1	158	9.05e-36	127
KMJCJKPO_01769	MER0001945	44.025	159	84	3	105	258	1	159	1.07e-35	127
KMJCJKPO_01769	MER0003293	44.595	148	82	0	105	252	1	148	1.01e-34	124
KMJCJKPO_01769	MER0016031	45.509	167	77	6	105	258	1	166	1.13e-34	124
KMJCJKPO_01769	MER0022668	41.954	174	78	7	105	258	1	171	3.01e-32	117
KMJCJKPO_01769	MER0002577	43.038	158	81	3	105	258	1	153	2.06e-31	115
KMJCJKPO_01769	MER0028330	42.405	158	82	3	105	258	1	153	2.74e-31	114
KMJCJKPO_01769	MER0016351	41.772	158	83	3	105	258	1	153	1.25e-30	112
KMJCJKPO_01769	MER0011375	39.623	159	86	3	105	258	1	154	5.79e-29	108
KMJCJKPO_01769	MER0004086	42.105	152	78	5	115	258	13	162	1.28e-28	107
KMJCJKPO_01769	MER0014795	41.463	164	81	4	105	258	1	159	5.29e-27	103
KMJCJKPO_01769	MER0004093	39.241	158	87	3	105	258	1	153	6.49e-26	100
KMJCJKPO_01769	MER0005093	38.125	160	84	6	105	249	1	160	1.56e-23	94.0
KMJCJKPO_01769	MER0006096	38.060	134	76	3	129	258	1	131	5.69e-22	88.2
KMJCJKPO_01769	MER0015583	40.268	149	77	5	105	241	1	149	1.47e-19	82.4
KMJCJKPO_01769	MER0063616	36.810	163	83	6	108	258	5	159	1.40e-18	79.7
KMJCJKPO_01769	MER0005094	31.818	154	71	8	105	239	1	139	2.19e-11	58.9
KMJCJKPO_01769	MER0014318	35.664	143	62	7	105	230	1	130	7.83e-11	57.4
KMJCJKPO_01769	MER0014317	30.769	143	66	7	116	239	10	138	2.75e-07	47.0
KMJCJKPO_01769	MER0005090	33.333	132	80	6	105	230	1	130	2.87e-07	47.0
KMJCJKPO_01769	MER0005089	32.331	133	80	6	105	230	1	130	3.78e-07	46.6
KMJCJKPO_01769	MER0014314	32.847	137	74	8	105	230	1	130	8.51e-07	45.4
KMJCJKPO_01769	MER0024901	34.028	144	80	9	105	239	1	138	1.75e-06	44.3
KMJCJKPO_01808	MER0004090	28.256	407	219	17	585	955	1	370	5.00e-30	120
KMJCJKPO_01808	MER0003800	27.806	392	236	15	587	955	10	377	1.57e-23	101
KMJCJKPO_01808	MER0035017	24.105	419	257	12	593	973	1	396	3.19e-21	94.0
KMJCJKPO_01808	MER0004154	22.887	284	169	11	595	872	3	242	5.75e-09	55.8
KMJCJKPO_01808	MER0354941	26.168	214	115	9	609	806	11	197	1.82e-07	49.7
KMJCJKPO_01862	MER0002251	41.071	224	116	5	2	212	1	221	6.43e-55	172
KMJCJKPO_01862	MER0001335	38.326	227	132	5	4	226	3	225	5.22e-44	144
KMJCJKPO_01862	MER0066916	32.000	75	49	1	50	124	15	87	7.01e-06	42.4
KMJCJKPO_01874	MER0034541	22.222	1395	946	43	511	1815	36	1381	3.75e-81	292
KMJCJKPO_01874	MER0023251	24.476	286	167	12	1216	1465	728	1000	1.11e-09	60.5
KMJCJKPO_01878	MER0001421	51.637	397	189	3	13	408	1	395	2.47e-148	423
KMJCJKPO_01878	MER0028941	26.190	420	232	14	4	403	2	363	9.86e-28	109
KMJCJKPO_01878	MER0369336	29.123	285	179	8	130	403	39	311	3.67e-23	95.9
KMJCJKPO_01994	MER0003327	42.735	234	126	6	2	233	1	228	1.64e-58	193
KMJCJKPO_01994	MER0012158	35.015	337	148	10	2	267	1	337	1.59e-52	180
KMJCJKPO_01994	MER0185695	37.946	224	129	4	2	218	1	221	9.24e-48	164
KMJCJKPO_01994	MER0003350	42.233	206	95	6	2	183	1	206	2.84e-42	148
KMJCJKPO_01994	MER0003322	38.835	206	99	6	2	180	1	206	3.76e-38	137
KMJCJKPO_01994	MER0011806	27.103	214	136	8	2	204	1	205	5.04e-14	68.9
KMJCJKPO_01994	MER0004101	27.700	213	136	8	2	204	1	205	9.28e-14	68.2
KMJCJKPO_01994	MER0011781	28.191	188	123	5	2	183	1	182	1.43e-13	67.8
KMJCJKPO_01994	MER0003314	27.273	198	128	5	2	183	1	198	2.08e-13	67.8
KMJCJKPO_02001	MER0019759	24.324	148	109	2	406	550	82	229	4.05e-10	57.4
KMJCJKPO_02001	MER0019096	21.531	209	131	5	361	552	5	197	1.01e-08	52.8
KMJCJKPO_02001	MER0001009	24.476	143	102	2	406	543	20	161	1.50e-08	52.4
KMJCJKPO_02001	MER0011345	25.767	163	109	4	384	535	60	221	1.90e-08	52.4
KMJCJKPO_02001	MER0001010	23.469	196	126	6	369	543	10	202	1.93e-07	48.9
KMJCJKPO_02001	MER0002078	24.658	219	123	9	363	550	23	230	4.97e-07	48.1
KMJCJKPO_02001	MER0002060	24.155	207	125	8	353	534	19	218	2.10e-06	46.2
KMJCJKPO_02001	MER0002746	24.675	154	106	4	394	541	72	221	3.18e-06	45.8
KMJCJKPO_02001	MER0011369	24.747	198	120	8	358	531	33	225	5.86e-06	44.7
KMJCJKPO_02001	MER0005331	25.000	184	117	7	368	531	28	210	9.64e-06	43.9
KMJCJKPO_02045	MER0095620	38.333	360	200	6	54	394	3	359	3.12e-84	258
KMJCJKPO_02045	MER0002481	22.824	425	226	21	35	391	41	431	8.75e-12	63.2
KMJCJKPO_02045	MER0000727	21.853	421	259	15	27	394	28	431	2.16e-11	62.0
KMJCJKPO_02045	MER0003535	24.185	368	216	12	51	373	55	404	7.23e-11	60.1
KMJCJKPO_02045	MER0003534	21.340	403	256	11	31	391	35	418	3.12e-10	58.2
KMJCJKPO_02045	MER0000728	22.396	384	233	15	49	389	52	413	8.63e-09	53.5
KMJCJKPO_02045	MER0002628	23.077	364	220	11	51	372	55	400	9.52e-09	53.5
KMJCJKPO_02045	MER0002333	39.130	46	28	0	53	98	14	59	2.73e-06	44.7
KMJCJKPO_02045	MER0000660	36.765	68	34	1	313	371	135	202	4.30e-06	44.3
KMJCJKPO_02045	MER0025190	31.765	85	45	3	313	388	129	209	4.66e-06	44.3
KMJCJKPO_02045	MER0052377	48.718	39	19	1	332	370	162	199	6.49e-06	43.5
KMJCJKPO_02081	MER0001299	34.375	512	304	10	38	523	6	511	3.32e-76	249
KMJCJKPO_02081	MER0321345	42.391	184	98	3	326	504	1	181	3.46e-39	139
KMJCJKPO_02081	MER0003812	42.391	184	98	3	326	504	1	181	3.67e-39	139
KMJCJKPO_02081	MER0011114	39.153	189	108	2	322	506	183	368	2.76e-36	136
KMJCJKPO_02081	MER0013957	33.516	182	115	2	326	504	1	179	2.82e-25	100
KMJCJKPO_02081	MER0044046	31.217	189	123	4	326	511	1	185	4.31e-20	85.1
KMJCJKPO_02081	MER0001300	30.058	173	106	4	338	503	9	173	3.66e-19	82.4
KMJCJKPO_02081	MER0001303	25.128	195	139	4	326	517	1	191	1.92e-09	54.7
KMJCJKPO_02099	MER0000589	31.452	124	40	3	139	262	1	79	4.35e-10	57.0
KMJCJKPO_02099	MER0000589	44.231	52	29	0	430	481	192	243	1.26e-09	55.8
KMJCJKPO_02099	MER0004537	27.536	138	70	5	140	273	2	113	7.94e-07	46.6
KMJCJKPO_02099	MER0013626	33.333	51	34	0	416	466	95	145	9.88e-07	45.4
KMJCJKPO_02099	MER0001510	48.571	35	18	0	245	279	49	83	2.29e-06	44.7
KMJCJKPO_02099	MER0000592	58.065	31	13	0	249	279	51	81	4.30e-06	43.9
KMJCJKPO_02099	MER0002550	35.714	70	25	2	210	279	34	83	6.50e-06	43.1
KMJCJKPO_02104	MER0001283	44.398	482	266	2	5	484	3	484	2.72e-141	412
KMJCJKPO_02104	MER0047723	43.396	477	261	3	8	478	2	475	1.88e-137	401
KMJCJKPO_02104	MER0369336	23.137	255	145	10	65	297	8	233	2.46e-08	52.4
KMJCJKPO_02104	MER0028941	25.949	158	93	5	27	172	16	161	6.43e-06	45.1
KMJCJKPO_02144	MER0065554	50.000	256	117	2	289	534	9	263	3.81e-84	259
KMJCJKPO_02144	MER0437468	35.530	349	210	4	197	531	1	348	5.91e-74	236
KMJCJKPO_02144	MER0436717	33.417	398	198	9	197	531	1	394	1.64e-59	199
KMJCJKPO_02171	MER0002635	38.380	284	157	5	142	408	1	283	8.23e-52	172
KMJCJKPO_02171	MER0173063	40.149	269	154	4	144	408	2	267	1.93e-51	171
KMJCJKPO_02171	MER0002646	37.091	275	134	3	174	409	33	307	8.56e-47	160
KMJCJKPO_02171	MER0003824	32.331	266	167	7	144	405	3	259	5.87e-37	132
KMJCJKPO_02171	MER0120615	29.818	275	174	7	144	410	1	264	1.80e-36	131
KMJCJKPO_02171	MER0049282	34.156	243	155	4	172	410	32	273	4.67e-35	127
KMJCJKPO_02171	MER0003772	29.317	249	173	2	165	410	24	272	4.08e-30	114
KMJCJKPO_02171	MER0011469	27.797	295	179	9	141	410	4	289	3.69e-22	92.8
KMJCJKPO_02171	MER0011470	28.682	258	160	6	174	410	29	283	1.05e-21	91.3
KMJCJKPO_02171	MER0142760	30.719	153	106	0	252	404	308	460	2.15e-18	83.6
KMJCJKPO_02171	MER0142760	25.532	235	123	8	6	213	1	210	9.87e-08	50.4
KMJCJKPO_02171	MER0006292	28.079	203	111	9	212	409	1	173	4.69e-12	61.2
KMJCJKPO_02197	MER0033241	34.862	109	55	4	37	129	16	124	2.55e-11	60.1
KMJCJKPO_02197	MER0037850	30.894	123	70	3	31	138	8	130	2.96e-11	59.7
KMJCJKPO_02197	MER0029616	28.037	107	60	2	51	140	15	121	4.03e-11	59.3
KMJCJKPO_02197	MER0032203	31.200	125	67	4	31	138	8	130	4.12e-11	59.3
KMJCJKPO_02197	MER0033227	28.667	150	75	5	30	147	5	154	5.54e-11	58.9
KMJCJKPO_02197	MER0033224	28.662	157	81	5	31	156	7	163	5.86e-11	58.9
KMJCJKPO_02197	MER0030934	33.065	124	64	7	33	137	11	134	8.97e-11	58.2
KMJCJKPO_02197	MER0031563	29.921	127	77	5	39	160	12	131	1.19e-10	57.0
KMJCJKPO_02197	MER0033220	35.780	109	54	4	37	129	13	121	1.92e-10	57.4
KMJCJKPO_02197	MER0034745	35.135	111	52	5	37	129	13	121	2.85e-10	56.6
KMJCJKPO_02197	MER0034723	30.496	141	75	5	37	154	13	153	3.31e-10	56.6
KMJCJKPO_02197	MER0037852	32.374	139	71	6	37	152	13	151	4.39e-10	56.2
KMJCJKPO_02197	MER0078925	33.058	121	65	4	25	129	1	121	6.16e-10	55.8
KMJCJKPO_02197	MER0034726	34.862	109	55	4	37	129	13	121	6.97e-10	55.5
KMJCJKPO_02197	MER0034742	36.036	111	55	5	37	131	13	123	8.06e-10	55.5
KMJCJKPO_02197	MER0033213	34.862	109	55	4	37	129	13	121	1.17e-09	55.1
KMJCJKPO_02197	MER0078701	33.945	109	56	4	37	129	13	121	2.19e-09	53.9
KMJCJKPO_02197	MER0031570	27.273	99	67	2	39	132	12	110	3.97e-09	52.8
KMJCJKPO_02197	MER0034728	33.028	109	57	4	37	129	13	121	4.59e-09	53.1
KMJCJKPO_02197	MER0034744	35.135	111	52	5	37	129	13	121	4.62e-09	53.1
KMJCJKPO_02197	MER0077889	30.275	109	60	4	37	129	12	120	9.79e-09	52.0
KMJCJKPO_02197	MER0036044	27.273	99	67	2	39	132	61	159	1.02e-08	52.0
KMJCJKPO_02197	MER0034548	27.200	125	82	3	41	160	17	137	1.20e-08	51.2
KMJCJKPO_02197	MER0036046	28.671	143	77	5	39	156	5	147	1.22e-08	51.6
KMJCJKPO_02197	MER0034730	32.110	109	58	4	37	129	13	121	1.37e-08	51.6
KMJCJKPO_02197	MER0077885	33.945	109	56	4	37	129	22	130	1.45e-08	51.6
KMJCJKPO_02197	MER0033226	32.540	126	61	6	22	129	3	122	1.86e-08	51.2
KMJCJKPO_02197	MER0033231	33.333	96	52	2	46	129	4	99	3.08e-08	48.1
KMJCJKPO_02197	MER0043201	26.852	108	64	4	37	129	14	121	3.23e-08	50.4
KMJCJKPO_02197	MER0043003	33.333	99	55	3	48	135	22	120	3.32e-08	50.1
KMJCJKPO_02197	MER0034727	33.028	109	57	4	37	129	13	121	3.91e-08	50.4
KMJCJKPO_02197	MER0033240	29.358	109	61	4	37	129	13	121	1.08e-07	48.9
KMJCJKPO_02197	MER0036027	24.779	113	79	3	39	146	12	123	1.23e-07	48.5
KMJCJKPO_02197	MER0033212	34.234	111	57	5	37	131	13	123	1.37e-07	48.5
KMJCJKPO_02197	MER0037861	32.110	109	58	5	37	129	13	121	1.61e-07	48.5
KMJCJKPO_02197	MER0036370	31.193	109	66	3	53	156	33	137	1.62e-07	47.0
KMJCJKPO_02197	MER0044867	24.324	111	77	3	38	143	17	125	2.37e-07	47.4
KMJCJKPO_02197	MER0036033	29.371	143	85	6	33	160	6	147	3.06e-07	47.4
KMJCJKPO_02197	MER0017401	25.909	220	135	10	45	244	13	224	5.85e-07	46.2
KMJCJKPO_02197	MER0033237	28.333	120	75	3	28	136	9	128	6.40e-07	46.6
KMJCJKPO_02197	MER0044819	28.226	124	77	3	29	140	9	132	6.97e-07	46.6
KMJCJKPO_02197	MER0034741	34.545	110	54	5	37	129	12	120	1.12e-06	45.8
KMJCJKPO_02197	MER0034664	29.457	129	66	6	31	134	10	138	1.30e-06	45.8
KMJCJKPO_02197	MER0033198	29.358	109	60	4	37	128	14	122	1.45e-06	45.4
KMJCJKPO_02197	MER0043138	30.435	115	62	6	30	126	8	122	2.00e-06	45.1
KMJCJKPO_02197	MER0033236	28.800	125	70	5	33	138	6	130	2.14e-06	45.1
KMJCJKPO_02197	MER0033188	23.478	115	71	3	31	128	9	123	2.20e-06	45.1
KMJCJKPO_02197	MER0033235	28.800	125	70	5	33	138	6	130	3.21e-06	44.3
KMJCJKPO_02197	MER0034961	26.882	93	62	2	53	139	36	128	4.16e-06	43.9
KMJCJKPO_02197	MER0036039	27.885	104	59	3	50	137	24	127	6.28e-06	43.1
KMJCJKPO_02232	MER0011748	48.617	253	127	3	413	663	1	252	7.84e-79	249
KMJCJKPO_02232	MER0015609	50.000	232	112	2	413	643	1	229	1.10e-77	246
KMJCJKPO_02232	MER0056525	51.271	236	111	3	413	646	1	234	1.14e-76	243
KMJCJKPO_02232	MER0005496	48.498	233	120	0	413	645	1	233	5.04e-76	241
KMJCJKPO_02232	MER0023544	46.957	230	122	0	413	642	1	230	9.09e-75	238
KMJCJKPO_02232	MER0011224	45.923	233	126	0	413	645	1	233	7.48e-74	236
KMJCJKPO_02232	MER0015195	44.275	262	136	4	413	665	1	261	6.91e-68	220
KMJCJKPO_02232	MER0002600	41.129	248	144	2	413	659	1	247	1.13e-64	211
KMJCJKPO_02232	MER0015194	43.043	230	127	2	414	641	2	229	8.05e-63	206
KMJCJKPO_02232	MER0002605	38.683	243	146	2	413	654	1	241	5.36e-61	202
KMJCJKPO_02232	MER0014306	40.343	233	139	0	413	645	1	233	4.15e-60	199
KMJCJKPO_02232	MER0171760	36.704	267	163	3	378	641	1	264	1.68e-58	195
KMJCJKPO_02232	MER0024898	42.424	231	131	2	413	641	1	231	3.57e-58	194
KMJCJKPO_02232	MER0004454	41.410	227	131	2	413	637	1	227	1.38e-55	187
KMJCJKPO_02232	MER0005466	40.948	232	130	3	414	638	2	233	9.14e-54	181
KMJCJKPO_02232	MER0002602	42.986	221	119	2	414	627	2	222	2.99e-52	178
KMJCJKPO_02232	MER0015199	40.948	232	131	2	413	638	1	232	2.03e-51	176
KMJCJKPO_02232	MER0002563	35.897	234	139	4	414	636	2	235	2.42e-46	161
KMJCJKPO_02232	MER0001620	38.723	235	136	3	413	639	1	235	3.75e-46	162
KMJCJKPO_02232	MER0017637	36.325	234	138	4	414	636	2	235	9.93e-44	154
KMJCJKPO_02232	MER0015193	38.589	241	131	6	413	644	1	233	3.22e-43	152
KMJCJKPO_02232	MER0015197	37.559	213	131	1	425	635	13	225	4.91e-43	152
KMJCJKPO_02232	MER0011745	36.250	240	137	6	413	644	1	232	9.90e-42	149
KMJCJKPO_02232	MER0002408	36.441	236	140	6	413	640	1	234	1.66e-41	148
KMJCJKPO_02232	MER0015137	35.833	240	138	6	413	644	1	232	1.71e-41	148
KMJCJKPO_02232	MER0190577	34.764	233	139	3	413	642	1	223	9.91e-40	143
KMJCJKPO_02232	MER0005755	38.710	217	122	3	414	627	2	210	1.71e-36	133
KMJCJKPO_02232	MER0014324	36.123	227	132	4	413	636	1	217	8.17e-35	129
KMJCJKPO_02232	MER0002608	36.522	230	139	5	414	637	2	230	6.11e-34	127
KMJCJKPO_02232	MER0190705	34.783	230	140	3	414	641	1	222	5.52e-33	123
KMJCJKPO_02232	MER0011120	36.036	222	129	7	413	621	1	222	2.91e-31	120
KMJCJKPO_02232	MER0015690	33.778	225	130	6	413	621	1	222	6.55e-31	119
KMJCJKPO_02232	MER0002197	32.110	218	138	3	413	627	1	211	6.01e-30	115
KMJCJKPO_02232	MER0024900	30.180	222	145	4	414	632	2	216	5.47e-27	107
KMJCJKPO_02232	MER0001246	31.492	181	113	3	424	601	1	173	4.24e-21	87.8
KMJCJKPO_02232	MER0015204	28.455	246	144	7	414	627	2	247	2.01e-19	86.3
KMJCJKPO_02297	MER0045886	44.737	228	123	3	1	226	10	236	6.85e-57	186
KMJCJKPO_02297	MER0038086	36.161	224	128	3	5	213	29	252	2.61e-41	145
KMJCJKPO_02297	MER0044889	36.564	227	139	4	4	227	18	242	4.31e-41	145
KMJCJKPO_02297	MER0436735	30.769	260	143	5	4	226	3	262	3.72e-35	129
KMJCJKPO_02297	MER0042974	34.872	195	118	4	12	198	1	194	1.48e-32	120
KMJCJKPO_02297	MER0043387	35.393	178	111	3	20	195	1	176	4.42e-30	112
KMJCJKPO_02297	MER0043537	33.155	187	121	3	5	189	2	186	6.04e-26	101
KMJCJKPO_02297	MER0045094	30.464	151	83	6	58	193	64	207	5.83e-09	53.5
KMJCJKPO_02297	MER0043392	30.597	134	86	4	66	198	42	169	7.71e-09	52.0
KMJCJKPO_02297	MER0044622	27.322	183	117	6	45	216	74	251	1.18e-08	52.8
KMJCJKPO_02297	MER0043394	30.769	117	76	3	71	184	48	162	5.23e-08	49.7
KMJCJKPO_02297	MER0043475	27.206	136	88	5	44	169	60	194	3.23e-07	48.5
KMJCJKPO_02297	MER0044882	25.595	168	113	6	29	184	3	170	1.71e-06	45.4
KMJCJKPO_02303	MER0897124	28.285	449	277	14	3	438	2	418	7.03e-31	120
KMJCJKPO_02303	MER0004468	27.273	451	279	15	3	438	2	418	1.45e-29	116
KMJCJKPO_02303	MER0004469	21.853	421	223	17	10	402	10	352	1.18e-12	65.9
KMJCJKPO_02303	MER0004480	31.169	154	97	4	11	164	1	145	1.96e-12	64.7
KMJCJKPO_02303	MER0004474	30.252	119	70	6	14	131	89	195	2.38e-07	49.3
KMJCJKPO_02303	MER0004471	31.148	122	72	5	11	131	92	202	7.27e-07	47.8
KMJCJKPO_02310	MER0005767	30.284	317	182	10	53	368	27	305	2.42e-35	130
KMJCJKPO_02310	MER0030136	24.752	404	270	15	5	384	2	395	2.84e-22	95.1
KMJCJKPO_02310	MER0030151	24.688	401	274	13	5	384	2	395	3.67e-20	89.0
KMJCJKPO_02310	MER0030143	24.561	399	277	12	5	384	2	395	7.35e-20	87.8
KMJCJKPO_02310	MER0030155	24.190	401	276	13	5	384	2	395	1.18e-17	81.3
KMJCJKPO_02310	MER0030149	23.821	403	275	14	5	384	2	395	6.80e-17	79.0
KMJCJKPO_02310	MER0015112	23.399	406	277	15	5	384	2	399	2.31e-15	74.3
KMJCJKPO_02323	MER0000410	60.993	282	106	3	411	691	1	279	2.82e-121	360
KMJCJKPO_02323	MER0082498	44.245	278	131	8	435	688	6	283	3.49e-67	219
KMJCJKPO_02323	MER0011872	40.824	267	155	2	430	693	18	284	1.26e-64	213
KMJCJKPO_02323	MER0005694	32.234	273	178	3	425	693	13	282	3.94e-45	159
KMJCJKPO_02323	MER0004227	37.156	218	136	1	434	650	28	245	6.26e-43	154
KMJCJKPO_02323	MER0000392	29.927	274	179	4	425	688	3	273	7.18e-40	145
KMJCJKPO_02323	MER0082653	34.177	237	141	6	430	652	7	242	1.73e-37	138
KMJCJKPO_02323	MER0079308	30.798	263	175	5	429	688	7	265	1.02e-36	135
KMJCJKPO_02323	MER0022823	31.481	270	175	7	425	687	3	269	6.34e-36	134
KMJCJKPO_02323	MER0015621	27.797	295	193	4	414	691	2	293	6.98e-36	134
KMJCJKPO_02323	MER0002490	28.231	294	179	6	425	691	13	301	3.48e-33	126
KMJCJKPO_02323	MER0011450	29.183	257	168	5	425	671	3	255	1.04e-32	124
KMJCJKPO_02323	MER0325901	29.455	275	186	6	425	694	1	272	1.64e-32	124
KMJCJKPO_02323	MER0981959	27.758	281	182	5	425	688	2	278	8.61e-29	113
KMJCJKPO_02323	MER0003229	29.323	266	178	5	425	688	11	268	1.84e-28	112
KMJCJKPO_02323	MER0000398	28.151	238	156	5	436	672	11	234	1.29e-26	106
KMJCJKPO_02323	MER0018170	36.559	93	51	4	489	577	52	140	9.90e-07	47.4
KMJCJKPO_02351	MER0001295	45.699	186	87	3	368	548	2	178	2.38e-50	171
KMJCJKPO_02351	MER0003065	43.671	158	78	4	389	545	15	162	1.73e-28	108
KMJCJKPO_02351	MER0001425	39.490	157	83	4	392	547	25	170	9.09e-26	101
KMJCJKPO_02351	MER0003514	33.333	180	101	5	367	545	1	162	2.76e-24	97.1
KMJCJKPO_02351	MER0003413	33.121	157	97	2	389	545	15	163	3.47e-24	96.7
KMJCJKPO_02351	MER0001297	33.129	163	90	5	367	528	1	145	2.07e-21	89.0
KMJCJKPO_02351	MER0004196	35.849	159	91	4	389	545	15	164	4.53e-21	87.8
KMJCJKPO_02351	MER0005714	30.857	175	104	5	379	545	6	171	1.40e-18	80.9
KMJCJKPO_02351	MER0015684	34.211	152	86	4	392	537	18	161	1.88e-17	77.4
KMJCJKPO_02351	MER0004195	34.337	166	93	6	389	549	15	169	9.79e-17	75.5
KMJCJKPO_02372	MER0014137	24.476	143	95	5	118	247	152	294	6.07e-07	48.1
KMJCJKPO_02374	MER0005767	24.709	344	213	9	23	359	1	305	3.09e-19	84.7
KMJCJKPO_02392	MER0026545	30.830	253	146	7	21	258	32	270	3.47e-33	119
KMJCJKPO_02392	MER0042387	33.702	181	109	4	74	250	2	175	7.18e-31	110
KMJCJKPO_02392	MER0026552	30.058	173	100	2	79	245	1	158	1.56e-24	93.6
KMJCJKPO_02392	MER0026496	26.538	260	178	6	7	258	19	273	4.76e-21	86.7
KMJCJKPO_02392	MER0031491	24.551	167	117	4	92	251	20	184	2.23e-17	75.1
KMJCJKPO_02392	MER0002642	25.767	163	103	3	102	257	24	175	1.12e-11	58.9
KMJCJKPO_02393	MER0168983	27.976	168	97	8	274	434	1	151	3.29e-14	67.4
KMJCJKPO_02393	MER0002755	23.786	206	129	5	252	440	8	202	5.34e-09	53.1
KMJCJKPO_02393	MER0001017	24.790	238	142	8	243	456	10	234	6.29e-09	53.5
KMJCJKPO_02393	MER0168177	25.316	158	90	5	274	421	1	140	2.35e-07	47.8
KMJCJKPO_02393	MER0000997	36.559	93	54	3	275	365	35	124	5.41e-07	47.4
KMJCJKPO_02393	MER0011401	25.466	161	96	6	289	429	39	195	5.76e-07	47.4
KMJCJKPO_02393	MER0019754	24.194	186	120	8	265	433	3	184	1.14e-06	46.2
KMJCJKPO_02393	MER0011438	33.019	106	63	4	263	364	18	119	1.46e-06	46.2
KMJCJKPO_02393	MER0001013	23.077	208	130	4	251	441	19	213	7.20e-06	44.3
KMJCJKPO_02393	MER0011720	28.319	113	71	3	246	357	7	110	7.35e-06	43.9
KMJCJKPO_02398	MER0019280	31.270	307	156	13	165	451	28	299	2.29e-23	97.4
KMJCJKPO_02398	MER0000310	27.437	277	161	7	152	426	8	246	1.90e-19	85.5
KMJCJKPO_02398	MER0175622	27.389	314	187	14	151	450	11	297	2.50e-19	85.5
KMJCJKPO_02398	MER0001699	29.078	282	159	11	161	440	17	259	9.63e-18	80.5
KMJCJKPO_02398	MER0004123	26.959	319	177	13	165	452	36	329	1.59e-17	80.9
KMJCJKPO_02398	MER0013656	26.552	290	170	8	152	440	7	254	3.29e-17	78.6
KMJCJKPO_02398	MER0001521	26.230	305	185	9	152	454	8	274	1.12e-16	77.4
KMJCJKPO_02398	MER0001906	27.931	290	165	9	161	449	17	263	1.61e-16	76.6
KMJCJKPO_02398	MER0000315	27.931	290	165	9	161	449	17	263	1.81e-16	76.6
KMJCJKPO_02398	MER0000313	26.230	305	185	9	152	454	8	274	2.02e-16	76.6
KMJCJKPO_02398	MER0000332	29.617	287	157	11	169	452	24	268	3.79e-16	75.5
KMJCJKPO_02398	MER0001520	27.586	290	166	9	161	449	17	263	5.45e-16	75.1
KMJCJKPO_02398	MER0003536	24.921	317	191	9	152	452	15	300	6.45e-16	75.5
KMJCJKPO_02398	MER0002267	28.634	227	128	7	215	435	64	262	8.51e-16	74.7
KMJCJKPO_02398	MER0001755	25.574	305	187	9	152	454	8	274	1.13e-15	74.3
KMJCJKPO_02398	MER0000309	26.230	305	184	9	152	454	8	273	5.23e-15	72.4
KMJCJKPO_02398	MER0001523	25.902	305	186	9	152	454	8	274	5.81e-15	72.0
KMJCJKPO_02398	MER0000312	25.902	305	186	9	152	454	8	274	5.81e-15	72.0
KMJCJKPO_02398	MER0004988	29.858	211	123	7	209	413	58	249	2.42e-14	70.5
KMJCJKPO_02398	MER0067924	26.885	305	167	13	156	433	1	276	2.06e-13	67.4
KMJCJKPO_02398	MER0000321	29.391	279	151	12	167	430	102	349	3.16e-13	67.8
KMJCJKPO_02398	MER0030016	26.263	297	166	10	150	430	15	274	4.79e-13	66.6
KMJCJKPO_02398	MER0000316	27.817	284	161	9	167	449	22	262	4.87e-13	66.2
KMJCJKPO_02398	MER0001928	26.144	306	177	12	150	449	1	263	1.20e-12	65.1
KMJCJKPO_02398	MER0000319	25.342	292	174	9	157	446	20	269	2.46e-12	64.3
KMJCJKPO_02398	MER0016688	25.243	309	175	14	147	429	13	291	4.00e-12	64.3
KMJCJKPO_02398	MER0000333	28.727	275	146	10	166	435	21	250	4.68e-12	63.5
KMJCJKPO_02398	MER0000311	24.837	306	188	10	152	454	8	274	1.75e-11	61.6
KMJCJKPO_02398	MER0042897	27.857	280	160	8	161	435	17	259	5.05e-11	60.5
KMJCJKPO_02398	MER0114485	24.333	300	179	10	164	415	28	327	5.66e-11	61.2
KMJCJKPO_02398	MER0014446	26.022	269	150	10	206	451	184	426	1.25e-10	60.1
KMJCJKPO_02398	MER0002500	23.270	318	193	11	160	439	77	381	3.31e-10	58.9
KMJCJKPO_02398	MER0077555	26.774	310	179	11	151	452	2	271	5.12e-10	57.4
KMJCJKPO_02398	MER0016983	28.440	218	111	9	222	420	71	262	2.27e-09	55.8
KMJCJKPO_02398	MER0000351	24.912	285	162	11	160	416	26	286	1.05e-08	53.5
KMJCJKPO_02398	MER0002575	27.203	261	143	11	204	452	51	276	1.10e-08	53.1
KMJCJKPO_02398	MER0000349	24.923	325	185	12	166	442	71	384	2.24e-08	53.1
KMJCJKPO_02398	MER0016991	31.667	120	58	3	321	417	164	282	2.32e-08	52.8
KMJCJKPO_02398	MER0161312	25.784	287	153	11	205	448	76	345	2.48e-08	52.8
KMJCJKPO_02398	MER0000358	38.235	102	50	5	316	413	152	244	4.70e-08	52.0
KMJCJKPO_02398	MER0016978	23.856	306	178	13	172	451	36	312	5.37e-08	51.6
KMJCJKPO_02398	MER0028258	27.114	343	164	15	139	415	2	324	6.33e-08	51.6
KMJCJKPO_02398	MER0028365	25.000	320	182	12	124	417	18	305	6.82e-08	51.6
KMJCJKPO_02398	MER0050309	25.571	219	139	9	220	433	45	244	7.09e-08	51.6
KMJCJKPO_02398	MER0000320	25.483	259	145	10	165	413	21	241	1.45e-07	50.1
KMJCJKPO_02398	MER0022415	31.507	146	86	6	317	455	162	300	2.78e-07	49.7
KMJCJKPO_02398	MER0000347	28.509	228	118	11	222	428	119	322	3.84e-07	49.3
KMJCJKPO_02398	MER0014744	25.321	312	168	15	153	434	31	307	5.06e-07	48.5
KMJCJKPO_02398	MER0002565	26.778	239	138	9	204	437	91	297	9.99e-07	47.8
KMJCJKPO_02398	MER0047718	27.273	220	109	10	156	354	2	191	1.05e-06	47.8
KMJCJKPO_02398	MER0006297	26.778	239	137	10	221	434	264	489	2.13e-06	47.0
KMJCJKPO_02398	MER0005756	25.085	295	140	9	192	433	109	375	2.62e-06	46.6
KMJCJKPO_02398	MER0004085	24.912	285	172	11	167	434	50	309	4.38e-06	45.4
KMJCJKPO_02398	MER0000353	22.460	374	201	14	64	408	14	327	5.29e-06	45.4
KMJCJKPO_02398	MER0005790	25.000	196	121	5	222	412	94	268	7.18e-06	44.7
KMJCJKPO_02534	MER0044357	26.455	189	111	6	55	219	67	251	1.99e-16	76.6
KMJCJKPO_02534	MER0044357	33.333	108	67	2	229	335	341	444	1.60e-08	52.4
KMJCJKPO_02646	MER0060647	36.785	367	200	7	11	361	1	351	1.78e-68	216
KMJCJKPO_02646	MER0078640	37.602	367	192	10	11	360	1	347	4.99e-66	209
KMJCJKPO_02646	MER0044812	41.494	241	125	4	138	365	1	238	8.53e-57	182
KMJCJKPO_02646	MER0043540	40.670	209	120	2	155	362	17	222	7.28e-54	174
KMJCJKPO_02646	MER0045945	37.619	210	126	4	155	364	9	213	2.98e-43	147
KMJCJKPO_02646	MER0046161	40.541	222	109	5	160	365	32	246	3.73e-43	148
KMJCJKPO_02646	MER0115185	48.966	145	72	1	215	359	1	143	5.51e-42	140
KMJCJKPO_02646	MER0436691	30.037	273	153	4	90	361	6	241	6.44e-40	139
KMJCJKPO_02646	MER0043394	26.241	141	94	4	212	346	12	148	2.26e-07	47.0
KMJCJKPO_02646	MER0045094	24.540	163	111	5	192	346	26	184	6.02e-07	47.0
KMJCJKPO_02741	MER0013876	49.702	336	166	2	28	363	1	333	2.63e-109	330
KMJCJKPO_02741	MER0003855	32.192	292	171	7	28	303	1	281	7.01e-40	147
KMJCJKPO_02741	MER0003242	35.196	179	104	4	155	332	60	227	1.03e-25	104
KMJCJKPO_02741	MER0004416	30.165	242	156	5	30	260	3	242	8.20e-24	98.6
KMJCJKPO_02770	MER0004921	30.275	218	145	3	505	717	1	216	7.16e-26	103
KMJCJKPO_02770	MER0005196	29.956	227	153	5	499	721	13	237	5.84e-24	98.6
KMJCJKPO_02770	MER0013484	29.091	220	150	3	505	718	1	220	3.54e-23	96.3
KMJCJKPO_02770	MER0001423	29.224	219	147	4	508	721	2	217	4.07e-22	92.8
KMJCJKPO_02770	MER0004923	26.339	224	153	3	504	718	51	271	8.59e-21	90.5
KMJCJKPO_02770	MER0011413	26.818	220	155	3	505	718	1	220	9.46e-19	83.2
KMJCJKPO_02770	MER0192427	26.971	241	154	6	490	719	49	278	1.76e-18	83.2
KMJCJKPO_02770	MER0058228	27.686	242	156	8	508	736	7	242	2.73e-18	82.0
KMJCJKPO_02770	MER0195666	26.484	219	149	6	508	717	1	216	2.18e-16	76.3
KMJCJKPO_02770	MER0005994	27.237	257	153	10	490	730	10	248	3.45e-15	73.2
KMJCJKPO_02770	MER0000399	24.167	240	169	6	490	721	7	241	2.64e-12	64.7
KMJCJKPO_02770	MER0000404	26.087	230	156	8	499	718	17	242	1.89e-11	62.0
KMJCJKPO_02770	MER0004504	25.490	204	131	5	511	701	2	197	1.31e-10	59.3
KMJCJKPO_02770	MER0034615	24.229	227	147	5	508	717	10	228	1.21e-09	56.2
KMJCJKPO_02770	MER0003361	25.446	224	136	10	509	717	20	227	2.07e-09	55.8
KMJCJKPO_02770	MER0000401	25.346	217	147	7	501	708	19	229	4.74e-09	54.7
KMJCJKPO_02770	MER0005987	21.226	212	161	3	515	721	35	245	1.17e-08	53.5
KMJCJKPO_02770	MER0011305	23.529	221	158	4	508	720	20	237	6.56e-08	51.2
KMJCJKPO_02770	MER0000263	30.508	118	74	4	503	619	1	111	2.14e-07	49.7
KMJCJKPO_02770	MER0004199	23.077	208	152	6	515	718	1	204	3.27e-07	48.9
KMJCJKPO_02770	MER0011231	25.630	238	155	9	507	725	25	259	3.93e-06	45.8
KMJCJKPO_02771	MER0004931	37.339	233	141	2	164	396	1	228	1.37e-44	151
KMJCJKPO_02771	MER0002038	36.765	204	123	3	195	397	32	230	2.55e-39	137
KMJCJKPO_02771	MER0005462	34.199	231	147	1	166	396	3	228	9.97e-39	136
KMJCJKPO_02771	MER0004532	33.333	234	148	4	164	396	1	227	1.04e-32	120
KMJCJKPO_02771	MER0005715	35.111	225	135	7	164	383	1	219	6.83e-32	118
KMJCJKPO_02771	MER0001244	27.823	248	156	5	166	390	3	250	4.36e-18	80.5
KMJCJKPO_02771	MER0002039	33.548	155	83	6	242	388	88	230	1.97e-12	63.5
KMJCJKPO_02771	MER0028601	26.295	251	157	10	165	387	2	252	2.74e-12	63.5
KMJCJKPO_02771	MER0013463	23.770	244	161	5	166	386	3	244	7.02e-12	62.0
KMJCJKPO_02771	MER0016542	27.642	246	142	11	154	389	38	257	2.50e-11	60.8
KMJCJKPO_02771	MER0013450	23.474	213	140	6	167	365	2	205	3.41e-11	60.1
KMJCJKPO_02771	MER0004321	32.414	145	85	5	239	377	85	222	3.83e-11	60.1
KMJCJKPO_02771	MER0016544	28.061	196	118	7	221	400	84	272	9.86e-11	58.9
KMJCJKPO_02771	MER0013929	22.535	213	137	6	168	365	5	204	3.98e-10	57.0
KMJCJKPO_02771	MER0005690	21.941	237	171	5	168	396	5	235	4.23e-09	53.5
KMJCJKPO_02771	MER0001250	22.747	233	143	9	166	365	3	231	2.25e-07	48.9
KMJCJKPO_02771	MER0015127	21.287	202	145	5	174	367	11	206	2.66e-07	48.1
KMJCJKPO_02771	MER0027437	26.316	190	123	8	199	381	47	226	3.17e-07	48.1
KMJCJKPO_02771	MER0015128	21.463	205	142	6	174	367	11	207	1.07e-06	46.6
KMJCJKPO_02771	MER0001243	23.704	135	92	3	236	365	79	207	2.19e-06	45.4
KMJCJKPO_02771	MER0001248	24.121	199	102	8	207	365	2	191	4.88e-06	44.3
KMJCJKPO_02771	MER0003105	29.114	158	95	6	238	385	86	236	6.46e-06	44.3
KMJCJKPO_02772	MER0001244	41.132	265	138	5	176	426	2	262	1.60e-60	194
KMJCJKPO_02772	MER0013463	35.249	261	155	3	176	425	2	259	9.68e-43	148
KMJCJKPO_02772	MER0028601	31.461	267	162	7	177	425	3	266	3.34e-35	128
KMJCJKPO_02772	MER0001733	28.966	290	163	3	177	423	3	292	9.82e-33	122
KMJCJKPO_02772	MER0004931	34.156	243	134	7	176	414	2	222	1.23e-31	117
KMJCJKPO_02772	MER0001248	30.677	251	120	7	225	426	8	253	3.95e-27	105
KMJCJKPO_02772	MER0005462	32.922	243	137	5	176	414	2	222	8.20e-27	104
KMJCJKPO_02772	MER0004532	30.364	247	141	6	176	416	2	223	8.52e-27	104
KMJCJKPO_02772	MER0005715	27.731	238	146	5	176	407	2	219	8.00e-18	79.3
KMJCJKPO_02772	MER0002038	23.770	244	159	5	176	414	2	223	2.43e-15	72.0
KMJCJKPO_02772	MER0001250	23.264	288	162	8	177	414	3	281	5.32e-11	60.1
KMJCJKPO_02791	MER0001322	40.217	92	45	3	134	223	1	84	6.65e-16	68.9
KMJCJKPO_02791	MER0014188	38.462	91	50	3	134	223	1	86	2.86e-15	67.0
KMJCJKPO_02791	MER0024252	41.975	81	45	2	146	226	14	92	1.28e-11	57.4
KMJCJKPO_02791	MER0003807	36.170	94	56	4	134	224	1	93	3.05e-11	56.2
KMJCJKPO_02791	MER0002443	41.463	82	45	3	144	223	11	91	1.58e-10	54.3
KMJCJKPO_02791	MER0003808	31.111	90	59	1	134	223	1	87	1.00e-09	52.0
KMJCJKPO_02791	MER0376722	31.111	90	59	1	134	223	1	87	1.06e-09	51.6
KMJCJKPO_02791	MER0377310	34.783	92	53	3	134	223	1	87	1.51e-09	51.2
KMJCJKPO_02791	MER0377307	34.783	92	53	3	134	223	1	87	1.51e-09	51.2
KMJCJKPO_02791	MER0002450	34.783	92	53	3	134	223	1	87	1.58e-09	51.2
KMJCJKPO_02791	MER0003805	30.851	94	56	3	134	224	1	88	9.00e-09	49.3
KMJCJKPO_02791	MER0377450	30.851	94	56	3	134	224	1	88	1.93e-08	47.8
KMJCJKPO_02791	MER0377178	31.731	104	63	4	134	234	1	99	8.68e-08	46.2
KMJCJKPO_02791	MER0004054	36.667	90	51	5	139	223	6	94	2.19e-07	45.8
KMJCJKPO_02791	MER0004035	35.443	79	48	3	146	223	10	86	2.07e-06	42.7
KMJCJKPO_02799	MER0000576	41.739	115	66	1	26	140	1	114	8.13e-33	109
KMJCJKPO_02799	MER0000569	35.088	114	72	2	26	138	1	113	5.39e-15	63.9
KMJCJKPO_02799	MER0006172	38.961	77	47	0	48	124	2	78	3.64e-12	55.5
