LOIHNAME_00011	MER0015472	28.415	183	81	5	49	228	44	179	1.02e-12	62.0
LOIHNAME_00011	MER0015468	36.264	91	54	2	7	95	3	91	6.74e-12	59.3
LOIHNAME_00011	MER0015473	24.229	227	122	6	15	233	1	185	3.92e-11	57.8
LOIHNAME_00011	MER0017194	27.368	190	83	3	50	231	64	206	1.18e-10	56.6
LOIHNAME_00011	MER0015458	24.576	236	132	7	7	232	3	202	1.18e-09	53.9
LOIHNAME_00011	MER0015631	26.203	187	85	4	46	232	48	181	4.38e-09	52.0
LOIHNAME_00011	MER0015462	39.583	48	29	0	48	95	46	93	2.17e-08	49.7
LOIHNAME_00011	MER0015659	25.134	187	85	4	46	232	46	177	1.21e-07	47.8
LOIHNAME_00011	MER0015630	24.599	187	86	5	46	232	49	180	1.26e-07	47.8
LOIHNAME_00011	MER0035036	23.267	202	96	6	47	239	85	236	5.71e-07	46.2
LOIHNAME_00011	MER0015633	24.064	187	87	4	46	232	46	177	2.39e-06	43.9
LOIHNAME_00011	MER0047976	33.333	51	34	0	45	95	8	58	2.40e-06	43.5
LOIHNAME_00014	MER0079308	47.059	85	44	1	2	85	180	264	8.03e-25	91.3
LOIHNAME_00014	MER0000392	46.739	92	41	2	2	85	181	272	4.85e-24	89.4
LOIHNAME_00014	MER0015621	48.485	99	36	2	2	85	191	289	9.61e-24	89.0
LOIHNAME_00014	MER0002490	44.860	107	36	3	2	85	191	297	1.29e-21	83.2
LOIHNAME_00014	MER0011450	45.652	92	42	2	2	85	180	271	5.50e-21	81.3
LOIHNAME_00014	MER0022823	44.828	87	45	2	2	85	183	269	1.25e-20	80.1
LOIHNAME_00014	MER0005694	44.048	84	47	0	2	85	190	273	1.78e-19	77.0
LOIHNAME_00014	MER0981959	43.434	99	40	3	2	85	180	277	8.95e-19	75.5
LOIHNAME_00014	MER0325901	40.426	94	54	2	2	93	180	273	2.61e-17	71.2
LOIHNAME_00014	MER0000398	44.706	85	43	2	3	87	170	250	3.69e-16	67.8
LOIHNAME_00014	MER0011872	36.559	93	55	3	2	91	193	284	6.28e-11	53.9
LOIHNAME_00014	MER0003229	32.222	90	55	3	2	90	187	271	2.52e-09	49.3
LOIHNAME_00014	MER0000410	33.708	89	54	3	2	86	193	280	1.58e-07	44.3
LOIHNAME_00014	MER0082653	28.889	90	54	2	2	85	194	279	2.51e-07	43.9
LOIHNAME_00034	MER0000410	61.429	280	107	1	185	464	1	279	8.92e-127	367
LOIHNAME_00034	MER0011872	42.697	267	150	2	203	466	18	284	1.72e-73	230
LOIHNAME_00034	MER0082498	44.569	267	126	6	217	461	17	283	5.92e-69	218
LOIHNAME_00034	MER0005694	37.453	267	155	3	203	464	18	277	1.71e-57	189
LOIHNAME_00034	MER0015621	32.632	285	172	4	197	464	12	293	9.39e-50	169
LOIHNAME_00034	MER0079308	34.848	264	165	5	203	463	8	267	1.26e-48	165
LOIHNAME_00034	MER0000392	34.164	281	172	4	197	467	2	279	3.49e-47	161
LOIHNAME_00034	MER0004227	37.662	231	140	2	197	423	15	245	3.10e-46	159
LOIHNAME_00034	MER0002490	32.463	268	159	5	197	447	12	274	1.35e-45	158
LOIHNAME_00034	MER0082653	34.749	259	148	8	203	441	7	264	3.84e-44	153
LOIHNAME_00034	MER0022823	34.783	276	168	7	197	464	2	273	6.50e-43	150
LOIHNAME_00034	MER0011450	32.946	258	159	5	197	444	2	255	3.34e-41	145
LOIHNAME_00034	MER0981959	30.389	283	176	5	198	463	2	280	6.45e-41	145
LOIHNAME_00034	MER0325901	33.577	274	174	7	199	467	2	272	2.48e-36	132
LOIHNAME_00034	MER0003229	31.970	269	173	5	198	464	11	271	1.04e-33	125
LOIHNAME_00034	MER0000398	33.607	244	147	5	203	445	5	234	1.82e-33	124
LOIHNAME_00038	MER0001920	35.172	145	90	1	1	141	102	246	5.39e-22	85.1
LOIHNAME_00038	MER0003558	25.362	138	101	1	2	139	123	258	1.63e-15	68.2
LOIHNAME_00038	MER0015682	29.457	129	84	2	2	130	174	295	4.16e-14	64.7
LOIHNAME_00038	MER0140224	28.244	131	89	2	2	128	96	225	5.64e-13	60.8
LOIHNAME_00038	MER0018170	29.008	131	88	2	2	127	109	239	1.59e-11	57.0
LOIHNAME_00038	MER0003229	26.351	148	97	4	2	143	131	272	1.73e-09	51.6
LOIHNAME_00038	MER0005807	25.000	128	91	1	1	128	143	265	3.61e-09	50.4
LOIHNAME_00038	MER0030932	28.125	128	86	3	2	127	108	231	1.52e-08	48.5
LOIHNAME_00038	MER0126485	24.627	134	85	4	2	128	99	223	5.03e-08	47.0
LOIHNAME_00038	MER0004925	23.448	145	95	4	2	142	129	261	1.94e-07	45.4
LOIHNAME_00038	MER0011583	27.737	137	82	5	1	129	106	233	2.24e-07	45.4
LOIHNAME_00038	MER0014827	25.517	145	92	5	2	142	129	261	2.61e-07	45.1
LOIHNAME_00038	MER0000398	30.579	121	79	2	2	120	113	230	5.60e-07	44.3
LOIHNAME_00038	MER0079308	32.258	93	58	3	1	91	123	212	7.40e-06	41.2
LOIHNAME_00141	MER0003327	42.922	219	121	2	2	220	1	215	9.56e-55	183
LOIHNAME_00141	MER0012158	34.911	338	149	10	2	269	1	337	6.03e-53	181
LOIHNAME_00141	MER0185695	38.839	224	128	3	2	219	1	221	1.94e-48	166
LOIHNAME_00141	MER0003350	38.350	206	106	5	2	186	1	206	1.57e-41	146
LOIHNAME_00141	MER0003322	39.806	206	100	6	2	183	1	206	7.54e-39	139
LOIHNAME_00141	MER0004101	30.114	176	105	4	2	169	1	166	1.17e-16	76.6
LOIHNAME_00141	MER0003314	30.000	200	123	6	2	186	1	198	5.13e-16	75.5
LOIHNAME_00141	MER0011781	29.412	170	113	3	2	169	1	165	5.68e-16	74.7
LOIHNAME_00141	MER0011806	27.647	170	117	2	2	169	1	166	1.73e-15	73.2
LOIHNAME_00190	MER0000589	40.299	67	35	1	256	322	179	240	2.15e-09	54.3
LOIHNAME_00190	MER0013626	25.000	108	59	3	217	303	37	143	7.29e-07	45.4
LOIHNAME_00190	MER0013626	37.736	53	26	1	43	95	32	77	8.04e-06	42.4
LOIHNAME_00190	MER0055964	40.741	54	32	0	43	96	32	85	9.74e-07	45.1
LOIHNAME_00190	MER0015620	43.137	51	29	0	45	95	34	84	2.20e-06	43.9
LOIHNAME_00192	MER0002267	45.455	33	18	0	1	33	228	260	5.00e-06	40.4
LOIHNAME_00230	MER0033186	35.772	123	69	3	2	119	200	317	1.81e-10	54.7
LOIHNAME_00251	MER0015415	34.862	109	57	4	398	501	37	136	2.55e-08	50.4
LOIHNAME_00262	MER0001400	41.202	233	110	7	361	585	173	386	6.97e-43	156
LOIHNAME_00262	MER0001400	38.889	180	97	4	48	221	1	173	4.31e-25	104
LOIHNAME_00266	MER0000410	74.150	147	38	0	1	147	133	279	6.70e-83	243
LOIHNAME_00266	MER0011872	44.000	150	81	2	1	147	133	282	2.77e-41	136
LOIHNAME_00266	MER0082498	42.683	164	73	6	2	144	120	283	4.21e-34	117
LOIHNAME_00266	MER0079308	33.333	150	91	4	1	146	123	267	1.10e-20	82.4
LOIHNAME_00266	MER0004227	44.231	104	57	1	4	106	142	245	1.21e-20	82.8
LOIHNAME_00266	MER0005694	30.201	149	96	3	2	147	134	277	1.15e-19	80.1
LOIHNAME_00266	MER0082653	34.848	132	77	5	2	124	133	264	3.63e-19	78.6
LOIHNAME_00266	MER0022823	32.237	152	96	3	2	149	127	275	3.75e-18	75.9
LOIHNAME_00266	MER0000392	29.936	157	98	3	2	149	125	278	1.02e-17	74.7
LOIHNAME_00266	MER0003229	30.201	149	93	4	2	147	131	271	1.06e-16	71.6
LOIHNAME_00266	MER0000398	32.192	146	91	4	2	146	113	251	2.21e-16	70.5
LOIHNAME_00266	MER0011450	32.090	134	79	3	2	126	124	254	1.30e-15	68.9
LOIHNAME_00266	MER0015621	25.610	164	103	3	2	149	135	295	3.76e-13	62.4
LOIHNAME_00266	MER0002490	25.294	170	100	4	2	147	135	301	5.71e-12	58.9
LOIHNAME_00266	MER0981959	27.329	161	97	4	2	146	124	280	1.70e-09	52.0
LOIHNAME_00327	MER0001295	46.486	185	85	3	378	557	2	177	8.16e-47	161
LOIHNAME_00327	MER0003065	36.585	164	95	3	394	557	10	164	1.26e-24	98.2
LOIHNAME_00327	MER0003514	32.967	182	105	4	377	558	1	165	1.54e-22	92.0
LOIHNAME_00327	MER0003413	28.889	180	112	3	378	557	2	165	2.57e-21	88.6
LOIHNAME_00327	MER0004195	32.620	187	100	6	377	558	1	166	2.73e-20	85.5
LOIHNAME_00327	MER0001297	32.584	178	103	4	377	554	1	161	3.08e-19	82.4
LOIHNAME_00327	MER0005714	31.720	186	103	6	379	556	3	172	5.57e-19	82.0
LOIHNAME_00327	MER0001425	37.179	156	83	4	404	555	24	168	1.05e-18	81.3
LOIHNAME_00327	MER0004196	30.556	180	106	4	381	558	5	167	6.35e-15	70.1
LOIHNAME_00327	MER0015684	29.609	179	105	5	381	556	5	165	1.14e-14	69.3
LOIHNAME_00335	MER0005837	30.252	119	72	3	62	173	138	252	1.15e-06	47.0
LOIHNAME_00335	MER0017402	31.183	93	58	2	76	164	107	197	1.22e-06	46.2
LOIHNAME_00335	MER0026213	28.704	108	74	2	45	151	128	233	4.24e-06	45.1
LOIHNAME_00335	MER0003359	27.717	184	108	7	5	173	47	220	9.78e-06	43.9
LOIHNAME_00337	MER0015475	30.357	168	98	7	43	205	33	186	3.18e-12	60.8
LOIHNAME_00349	MER0025086	50.667	75	30	3	1	69	50	123	1.96e-18	70.9
LOIHNAME_00349	MER0029657	44.828	58	29	2	13	70	92	146	4.46e-08	44.3
LOIHNAME_00362	MER0056027	32.258	93	60	2	119	211	29	118	4.11e-10	53.1
LOIHNAME_00362	MER0056047	39.744	78	46	1	134	211	4	80	8.26e-09	48.5
LOIHNAME_00362	MER0056022	35.135	74	47	1	134	207	46	118	2.00e-07	45.8
LOIHNAME_00362	MER0067221	35.227	88	49	4	130	211	3	88	3.71e-06	41.2
LOIHNAME_00426	MER0001978	37.681	69	43	0	2	70	483	551	7.94e-13	58.5
LOIHNAME_00426	MER0011211	35.135	74	42	3	2	71	483	554	2.07e-06	40.0
LOIHNAME_00532	MER0026494	35.458	251	157	2	1	247	218	467	2.07e-43	150
LOIHNAME_00532	MER0015142	31.373	255	172	1	1	252	249	503	1.73e-38	137
LOIHNAME_00532	MER0026471	32.157	255	168	2	3	253	225	478	5.02e-38	135
LOIHNAME_00532	MER0003397	31.313	99	68	0	155	253	213	311	1.73e-12	62.8
LOIHNAME_00532	MER0026485	33.333	99	66	0	155	253	212	310	1.87e-11	59.7
LOIHNAME_00532	MER0057434	31.034	87	60	0	153	239	202	288	5.27e-08	49.7
LOIHNAME_00586	MER0004925	57.529	259	108	2	539	796	3	260	5.73e-105	320
LOIHNAME_00586	MER0014827	55.939	261	109	3	539	796	3	260	5.62e-100	307
LOIHNAME_00586	MER0058228	25.954	262	151	12	555	798	6	242	2.97e-12	64.3
LOIHNAME_00586	MER0005196	29.353	201	106	10	556	741	22	201	1.14e-11	62.8
LOIHNAME_00586	MER0126485	27.935	247	140	9	559	787	1	227	1.68e-10	58.9
LOIHNAME_00586	MER0000401	25.786	159	95	5	653	798	113	261	3.66e-10	58.2
LOIHNAME_00586	MER0011583	28.758	153	81	6	646	775	77	224	1.94e-09	55.8
LOIHNAME_00586	MER0017401	27.027	148	93	4	658	795	96	238	3.88e-09	55.1
LOIHNAME_00586	MER0001920	26.168	214	124	9	608	796	42	246	9.77e-09	53.9
LOIHNAME_00586	MER0140224	27.315	216	118	8	608	796	35	238	1.79e-08	52.8
LOIHNAME_00586	MER0000408	28.571	175	102	6	639	798	82	248	2.28e-08	52.8
LOIHNAME_00586	MER0004923	25.954	262	158	10	540	785	39	280	4.46e-08	52.4
LOIHNAME_00586	MER0034615	28.873	142	85	4	647	775	90	228	6.28e-08	51.2
LOIHNAME_00586	MER0011413	30.282	142	80	5	652	782	93	226	6.55e-08	51.2
LOIHNAME_00586	MER0015682	25.126	199	134	6	608	796	113	306	3.68e-07	49.7
LOIHNAME_00586	MER0016096	24.627	134	84	3	655	775	97	226	7.81e-07	48.1
LOIHNAME_00586	MER0000399	22.939	279	169	10	539	798	8	259	7.83e-07	48.1
LOIHNAME_00586	MER0004199	25.517	145	98	6	657	798	87	224	8.25e-07	47.8
LOIHNAME_00586	MER0001423	33.333	105	57	4	648	743	83	183	2.26e-06	46.6
LOIHNAME_00586	MER0003558	24.194	248	154	11	546	777	12	241	5.86e-06	45.4
LOIHNAME_00628	MER0003380	34.343	99	53	2	142	240	140	226	1.03e-10	57.4
LOIHNAME_00628	MER0001419	36.275	102	51	4	141	240	33	122	1.97e-10	54.7
LOIHNAME_00628	MER0387040	39.450	109	50	6	144	249	5	100	2.85e-10	53.5
LOIHNAME_00628	MER0066182	39.450	109	50	6	144	249	96	191	6.49e-10	54.3
LOIHNAME_00628	MER0003376	31.469	143	81	6	99	240	14	140	1.66e-09	52.8
LOIHNAME_00628	MER0003423	35.922	103	52	4	139	239	31	121	1.71e-09	52.4
LOIHNAME_00628	MER0013541	34.737	95	50	2	144	238	5	87	1.72e-09	50.8
LOIHNAME_00628	MER0069741	28.283	99	58	2	142	240	72	157	1.60e-07	47.0
LOIHNAME_00635	MER0065588	46.429	84	44	1	1	83	113	196	5.02e-23	84.3
LOIHNAME_00668	MER0013623	54.717	159	66	2	120	278	1	153	1.33e-52	172
LOIHNAME_00668	MER0003850	50.829	181	81	3	119	297	2	176	2.99e-52	172
LOIHNAME_00668	MER0000268	52.201	159	71	1	120	278	1	154	8.64e-51	167
LOIHNAME_00668	MER0004111	52.500	160	70	2	120	278	1	155	1.74e-46	156
LOIHNAME_00668	MER0004673	38.516	283	137	6	120	383	2	266	3.49e-45	156
LOIHNAME_00668	MER0000266	53.416	161	68	3	120	278	1	156	2.78e-44	150
LOIHNAME_00668	MER0003290	49.693	163	71	4	120	278	1	156	1.12e-41	143
LOIHNAME_00668	MER0001372	50.932	161	72	3	120	278	1	156	1.95e-41	142
LOIHNAME_00668	MER0005468	46.584	161	81	3	120	278	1	158	1.48e-39	137
LOIHNAME_00668	MER0004149	48.503	167	74	4	120	278	1	163	2.73e-38	134
LOIHNAME_00668	MER0003293	48.701	154	72	2	120	272	1	148	1.07e-37	132
LOIHNAME_00668	MER0022668	45.614	171	81	5	120	278	1	171	2.29e-37	132
LOIHNAME_00668	MER0001945	45.342	161	84	2	120	278	1	159	5.39e-37	130
LOIHNAME_00668	MER0004086	45.732	164	81	5	121	278	1	162	3.73e-35	126
LOIHNAME_00668	MER0001373	47.853	163	76	4	120	278	1	158	5.88e-33	120
LOIHNAME_00668	MER0010944	42.529	174	82	5	120	278	1	171	1.21e-32	119
LOIHNAME_00668	MER0016031	44.048	168	83	6	120	278	1	166	1.41e-31	116
LOIHNAME_00668	MER0002577	43.125	160	83	3	120	278	1	153	3.38e-30	112
LOIHNAME_00668	MER0016351	41.875	160	85	3	120	278	1	153	6.01e-29	108
LOIHNAME_00668	MER0011375	38.509	161	90	3	120	278	1	154	9.59e-29	108
LOIHNAME_00668	MER0028330	42.331	163	80	5	120	278	1	153	1.02e-28	108
LOIHNAME_00668	MER0014795	42.604	169	77	5	120	278	1	159	6.91e-28	106
LOIHNAME_00668	MER0004093	41.615	161	84	4	120	278	1	153	1.50e-26	102
LOIHNAME_00668	MER0005093	40.123	162	81	4	120	268	1	159	2.96e-24	96.3
LOIHNAME_00668	MER0006096	43.478	138	68	5	144	278	1	131	2.70e-23	92.4
LOIHNAME_00668	MER0015583	40.000	150	81	4	120	261	1	149	2.81e-20	84.3
LOIHNAME_00668	MER0063616	35.542	166	86	5	123	278	5	159	1.18e-18	80.1
LOIHNAME_00668	MER0005094	32.121	165	98	7	120	278	1	157	6.36e-12	60.8
LOIHNAME_00668	MER0004696	31.206	141	93	4	120	259	1	138	4.29e-10	55.1
LOIHNAME_00668	MER0014318	35.252	139	73	7	120	250	1	130	2.00e-08	50.4
LOIHNAME_00668	MER0014317	30.864	162	93	7	129	278	2	156	4.17e-08	49.7
LOIHNAME_00685	MER0001289	43.243	111	55	5	82	189	54	159	4.90e-19	83.2
LOIHNAME_00685	MER0194228	46.429	84	42	2	107	189	2	83	6.70e-19	81.3
LOIHNAME_00685	MER0013618	33.846	130	74	5	64	188	32	154	5.35e-15	72.0
LOIHNAME_00685	MER0004514	26.316	247	149	11	62	290	6	237	6.19e-15	70.9
LOIHNAME_00685	MER0001284	26.496	117	75	2	62	167	6	122	3.53e-14	68.9
LOIHNAME_00685	MER0037181	29.651	172	100	7	22	189	9	163	2.17e-13	67.0
LOIHNAME_00685	MER0100667	34.259	108	59	4	89	189	21	123	6.87e-13	64.3
LOIHNAME_00685	MER0002161	28.824	170	105	7	29	189	1	163	2.90e-11	60.5
LOIHNAME_00685	MER0001290	25.904	166	96	5	47	188	44	206	3.10e-10	57.8
LOIHNAME_00685	MER0001288	33.333	102	62	4	90	189	21	118	5.59e-09	53.1
LOIHNAME_00685	MER0005244	26.238	202	109	9	92	279	5	180	4.10e-08	50.1
LOIHNAME_00685	MER0005241	30.208	96	59	2	90	177	3	98	3.63e-07	47.8
LOIHNAME_00685	MER0011464	30.208	96	56	4	105	195	59	148	1.09e-06	46.2
LOIHNAME_00692	MER0031610	31.727	249	160	5	17	256	53	300	1.82e-38	133
LOIHNAME_00692	MER0044900	27.612	268	151	14	14	245	90	350	1.15e-11	60.8
LOIHNAME_00692	MER0044858	23.411	299	169	12	7	257	45	331	6.44e-11	58.5
LOIHNAME_00692	MER0031616	32.110	109	67	2	16	119	38	144	2.72e-09	53.5
LOIHNAME_00692	MER0037236	21.654	254	184	7	9	250	11	261	3.05e-09	53.1
LOIHNAME_00692	MER0017142	32.653	98	62	1	18	115	15	108	4.67e-09	52.4
LOIHNAME_00692	MER0014065	29.861	144	80	6	15	140	31	171	1.70e-08	51.2
LOIHNAME_00692	MER0035038	26.295	251	159	10	9	251	23	255	2.69e-08	50.4
LOIHNAME_00692	MER0044350	30.935	139	78	8	17	142	1	134	5.39e-08	49.3
LOIHNAME_00692	MER0031619	26.994	163	96	6	7	161	19	166	1.11e-06	45.8
LOIHNAME_00692	MER0034563	30.275	109	73	3	3	110	2	108	1.35e-06	45.1
LOIHNAME_00692	MER0035044	28.058	139	80	4	17	149	33	157	3.06e-06	44.3
LOIHNAME_00692	MER0035043	24.167	240	152	8	7	218	26	263	4.26e-06	43.9
LOIHNAME_00770	MER0195774	25.439	228	116	5	50	274	1	177	2.44e-15	72.0
LOIHNAME_00770	MER0122186	41.270	63	37	0	40	102	12	74	1.22e-08	53.1
LOIHNAME_00770	MER0001214	31.250	112	68	1	41	152	17	119	3.04e-07	48.9
LOIHNAME_00770	MER0001233	21.654	254	138	7	50	293	2	204	3.26e-07	49.3
LOIHNAME_00770	MER0011744	39.394	66	40	0	41	106	17	82	3.78e-07	48.9
LOIHNAME_00770	MER0011096	39.394	66	40	0	41	106	17	82	1.37e-06	47.0
LOIHNAME_00770	MER0002423	32.584	89	51	1	41	129	17	96	1.98e-06	46.6
LOIHNAME_00770	MER0003386	36.066	61	39	0	41	101	17	77	2.94e-06	46.2
LOIHNAME_00770	MER0003823	25.786	159	107	3	41	198	17	165	3.44e-06	45.8
LOIHNAME_00770	MER0001222	35.714	84	44	1	23	106	9	82	4.65e-06	45.4
LOIHNAME_00770	MER0015259	34.848	66	43	0	41	106	17	82	8.18e-06	44.7
LOIHNAME_00770	MER0001218	37.097	62	39	0	41	102	17	78	9.14e-06	44.7
LOIHNAME_00771	MER0217397	37.412	711	378	15	38	713	1	679	2.37e-154	460
LOIHNAME_00771	MER0014366	37.838	703	405	14	26	713	27	712	1.71e-149	449
LOIHNAME_00771	MER0039993	37.728	713	401	12	27	713	1	696	1.27e-145	438
LOIHNAME_00771	MER0501051	41.634	257	133	8	26	272	3	252	1.51e-52	184
LOIHNAME_00771	MER0501051	45.333	150	80	2	566	714	253	401	2.02e-30	120
LOIHNAME_00820	MER0005169	37.126	167	88	3	4	165	187	341	6.42e-27	100
LOIHNAME_00820	MER0002046	37.654	162	93	4	3	161	171	327	5.70e-26	98.2
LOIHNAME_00820	MER0005472	37.857	140	82	1	17	156	189	323	3.79e-24	93.2
LOIHNAME_00820	MER0013829	36.641	131	83	0	20	150	198	328	3.24e-20	82.8
LOIHNAME_00820	MER0004410	33.333	162	101	3	4	163	187	343	1.01e-17	75.9
LOIHNAME_00820	MER0002040	30.719	153	90	6	1	148	188	329	6.54e-12	59.3
LOIHNAME_00820	MER0002043	28.758	153	94	4	15	156	197	345	4.32e-11	57.0
LOIHNAME_00820	MER0005160	32.593	135	77	5	25	156	201	324	2.86e-10	54.7
LOIHNAME_00820	MER0022215	23.718	156	106	5	8	156	177	326	3.71e-06	42.7
LOIHNAME_00839	MER0034615	56.098	246	105	1	281	523	1	246	3.30e-98	294
LOIHNAME_00839	MER0000263	36.735	245	145	6	285	523	1	241	5.16e-45	155
LOIHNAME_00839	MER0016096	32.645	242	154	4	289	523	5	244	1.56e-41	146
LOIHNAME_00839	MER0011583	28.980	245	160	7	289	526	11	248	5.96e-23	95.1
LOIHNAME_00839	MER0005196	26.339	224	149	4	293	510	25	238	4.71e-19	83.6
LOIHNAME_00839	MER0005987	27.755	245	162	6	271	505	2	241	4.81e-18	80.9
LOIHNAME_00839	MER0000408	23.982	221	153	5	293	505	18	231	1.28e-16	76.6
LOIHNAME_00839	MER0001423	25.664	226	152	4	289	508	1	216	2.04e-16	75.5
LOIHNAME_00839	MER0001920	25.108	231	159	4	305	526	21	246	2.72e-15	72.8
LOIHNAME_00839	MER0000401	25.991	227	159	4	285	507	19	240	2.16e-13	67.4
LOIHNAME_00839	MER0017401	23.913	230	153	7	285	505	2	218	4.12e-13	65.9
LOIHNAME_00839	MER0004921	25.225	222	153	5	293	509	7	220	7.37e-13	65.1
LOIHNAME_00839	MER0000399	23.276	232	169	4	278	505	11	237	8.39e-13	65.5
LOIHNAME_00839	MER0015682	26.068	234	149	6	290	512	72	292	2.98e-12	64.3
LOIHNAME_00839	MER0058228	29.688	128	86	2	290	413	7	134	3.56e-12	63.2
LOIHNAME_00839	MER0013484	33.600	125	79	3	293	413	7	131	5.01e-12	62.8
LOIHNAME_00839	MER0000403	29.921	127	87	2	293	417	28	154	7.39e-12	62.8
LOIHNAME_00839	MER0018170	24.242	231	152	5	298	514	20	241	3.29e-11	60.5
LOIHNAME_00839	MER0140224	23.810	189	135	3	331	512	38	224	6.92e-11	59.3
LOIHNAME_00839	MER0003558	25.000	252	155	8	276	509	8	243	1.44e-10	58.9
LOIHNAME_00839	MER0022823	28.492	179	119	4	303	476	42	216	4.82e-10	57.4
LOIHNAME_00839	MER0011413	23.868	243	165	7	293	525	7	239	5.41e-10	56.6
LOIHNAME_00839	MER0011305	24.686	239	171	6	278	511	8	242	1.39e-09	55.8
LOIHNAME_00839	MER0004504	31.818	110	65	3	293	395	2	108	2.58e-09	54.7
LOIHNAME_00839	MER0000405	28.261	138	94	3	263	395	3	140	3.49e-09	54.7
LOIHNAME_00839	MER0005807	27.219	169	112	4	303	469	62	221	5.08e-09	54.3
LOIHNAME_00839	MER0006027	24.444	225	147	7	296	507	24	238	5.26e-09	53.9
LOIHNAME_00839	MER0011231	24.167	240	171	7	278	511	14	248	2.28e-08	52.0
LOIHNAME_00839	MER0195666	23.790	248	162	8	290	522	1	236	2.87e-08	51.6
LOIHNAME_00839	MER0002490	25.503	149	108	2	280	427	27	173	3.73e-08	52.0
LOIHNAME_00839	MER0004923	25.600	250	152	13	293	525	58	290	4.12e-08	51.6
LOIHNAME_00839	MER0004925	24.206	252	159	8	272	505	2	239	8.79e-08	50.4
LOIHNAME_00839	MER0030932	25.556	180	111	3	301	473	29	192	1.14e-07	49.7
LOIHNAME_00839	MER0015621	23.649	148	112	1	280	427	27	173	1.72e-07	49.7
LOIHNAME_00839	MER0003361	26.415	106	74	2	291	395	20	122	1.80e-07	49.3
LOIHNAME_00839	MER0005994	21.923	260	188	7	274	526	11	262	2.18e-07	49.3
LOIHNAME_00839	MER0192427	24.088	137	101	2	279	413	55	190	3.74e-07	48.5
LOIHNAME_00839	MER0005694	25.000	200	124	5	268	453	13	200	5.82e-07	48.1
LOIHNAME_00839	MER0014827	24.603	252	158	8	272	505	2	239	6.89e-07	47.8
LOIHNAME_00839	MER0126485	22.381	210	155	5	299	505	11	215	1.24e-06	46.6
LOIHNAME_00839	MER0000404	23.529	272	176	14	273	528	9	264	2.13e-06	46.2
LOIHNAME_00839	MER0079308	23.265	245	162	8	273	513	10	232	3.44e-06	45.4
LOIHNAME_00839	MER0011450	26.846	149	107	2	279	427	16	162	3.51e-06	45.4
LOIHNAME_00851	MER0002601	48.148	135	68	2	37	170	3	136	6.37e-41	132
LOIHNAME_00851	MER0002455	44.681	141	73	2	33	173	1	136	2.24e-36	120
LOIHNAME_00851	MER0019092	33.913	115	68	3	49	160	34	143	5.31e-19	76.3
LOIHNAME_00851	MER0014721	34.646	127	74	3	51	173	35	156	5.48e-19	76.3
LOIHNAME_00851	MER0010992	31.461	89	59	2	58	145	23	110	5.47e-07	43.5
LOIHNAME_00851	MER0014802	27.957	93	65	2	58	149	23	114	9.13e-06	40.0
LOIHNAME_00879	MER0000471	26.545	437	259	15	44	440	19	433	2.80e-30	119
LOIHNAME_00879	MER0000472	24.578	415	246	12	66	440	41	428	6.48e-28	112
LOIHNAME_00879	MER0011571	25.058	431	272	15	42	445	16	422	3.04e-21	92.8
LOIHNAME_00879	MER0026276	22.135	384	221	15	46	383	15	366	1.07e-06	47.8
LOIHNAME_00890	MER0000472	25.187	401	223	13	2	352	56	429	1.53e-25	103
LOIHNAME_00890	MER0011571	25.600	375	207	12	2	333	56	401	3.09e-21	91.7
LOIHNAME_00890	MER0000471	32.212	208	133	4	153	353	229	435	7.42e-21	90.5
LOIHNAME_00890	MER0053015	30.387	181	112	5	174	349	188	359	1.61e-15	73.9
LOIHNAME_00890	MER0026276	27.650	217	132	9	150	350	237	444	7.07e-13	66.2
LOIHNAME_00924	MER0003338	58.824	119	47	2	71	187	1	119	2.42e-43	139
LOIHNAME_00924	MER0003303	52.273	132	62	1	71	202	1	131	3.59e-41	133
LOIHNAME_00924	MER0013976	51.181	127	55	2	71	194	1	123	4.36e-36	120
LOIHNAME_00924	MER0003336	35.965	114	62	3	71	174	1	113	3.33e-16	69.3
LOIHNAME_00924	MER0016969	34.783	92	51	2	71	155	1	90	1.75e-11	57.4
LOIHNAME_00924	MER0003299	39.560	91	53	2	71	160	1	90	4.62e-11	55.5
LOIHNAME_00924	MER0034967	25.676	148	81	4	7	140	62	194	9.89e-09	50.1
LOIHNAME_00924	MER0017622	32.000	125	63	4	8	122	120	232	1.60e-08	50.1
LOIHNAME_00924	MER0011465	30.000	120	80	3	71	187	1	119	1.04e-07	46.2
LOIHNAME_00950	MER0031566	30.516	213	123	8	6	209	24	220	1.42e-21	85.9
LOIHNAME_00950	MER0017371	29.717	212	122	7	8	210	28	221	2.20e-21	85.1
LOIHNAME_00950	MER0017368	29.670	182	107	5	12	174	32	211	9.66e-21	84.0
LOIHNAME_00950	MER0017240	29.050	179	104	5	44	210	13	180	3.01e-19	78.6
LOIHNAME_00950	MER0017367	27.184	206	125	6	13	210	33	221	5.78e-19	79.0
LOIHNAME_00950	MER0033244	30.055	183	107	5	8	172	30	209	7.71e-19	79.0
LOIHNAME_00950	MER0017353	27.751	209	120	8	13	210	33	221	1.30e-18	77.8
LOIHNAME_00950	MER0017244	26.190	210	135	6	6	209	66	261	2.08e-18	78.2
LOIHNAME_00950	MER0017242	31.455	213	131	6	5	209	73	278	2.24e-18	78.2
LOIHNAME_00950	MER0017243	26.776	183	115	3	12	175	100	282	2.35e-18	78.6
LOIHNAME_00950	MER0017246	29.949	197	121	6	13	194	83	277	9.35e-18	76.6
LOIHNAME_00950	MER0035184	30.857	175	104	4	3	171	23	186	1.49e-17	75.1
LOIHNAME_00950	MER0017378	28.251	223	122	9	13	209	33	243	1.80e-17	75.1
LOIHNAME_00950	MER0017250	27.488	211	128	8	6	207	24	218	1.81e-17	74.7
LOIHNAME_00950	MER0017256	28.704	216	128	8	2	210	61	257	3.67e-17	74.7
LOIHNAME_00950	MER0017374	28.079	203	125	7	13	209	54	241	7.20e-17	73.6
LOIHNAME_00950	MER0031568	27.586	203	126	7	13	209	33	220	1.09e-16	72.8
LOIHNAME_00950	MER0017377	26.699	206	124	7	13	209	33	220	1.71e-16	72.0
LOIHNAME_00950	MER0017248	27.053	207	132	7	8	207	73	267	1.80e-16	72.8
LOIHNAME_00950	MER0017239	29.319	191	120	6	13	194	107	291	7.48e-16	71.6
LOIHNAME_00950	MER0031556	32.727	165	93	4	36	187	89	248	1.10e-15	70.9
LOIHNAME_00950	MER0017375	23.223	211	141	6	5	209	25	220	2.77e-15	68.9
LOIHNAME_00950	MER0031557	27.586	203	112	7	7	187	52	241	1.00e-14	67.8
LOIHNAME_00950	MER0017373	29.213	178	108	7	6	175	24	191	1.84e-14	65.9
LOIHNAME_00950	MER0031564	26.794	209	124	9	4	201	22	212	2.79e-14	66.2
LOIHNAME_00950	MER0035185	27.368	190	114	7	13	195	33	205	5.25e-14	65.5
LOIHNAME_00950	MER0031558	26.562	192	116	8	6	175	46	234	1.63e-13	64.7
LOIHNAME_00950	MER0017355	29.452	146	84	4	7	146	26	158	5.16e-11	56.2
LOIHNAME_00950	MER0034962	28.221	163	104	4	5	161	26	181	2.34e-09	52.4
LOIHNAME_00950	MER0031140	24.615	195	120	9	12	195	20	198	9.52e-08	48.1
LOIHNAME_00950	MER0036114	26.316	95	66	1	9	99	41	135	5.17e-07	45.8
LOIHNAME_00950	MER0031618	31.000	100	55	5	8	98	31	125	2.41e-06	43.9
LOIHNAME_00950	MER0036048	31.633	98	50	6	8	93	33	125	3.54e-06	43.5
LOIHNAME_00966	MER0047723	44.258	357	194	3	1	352	119	475	4.52e-94	286
LOIHNAME_00966	MER0001283	41.689	367	200	4	1	358	123	484	7.43e-86	265
LOIHNAME_01005	MER0044357	25.792	221	130	8	7	197	33	249	3.21e-12	63.5
LOIHNAME_01038	MER0056525	46.552	174	90	2	1	173	73	244	7.24e-49	156
LOIHNAME_01038	MER0005496	45.570	158	85	1	1	158	73	229	1.88e-45	148
LOIHNAME_01038	MER0015609	47.170	159	79	2	1	158	73	227	2.91e-44	145
LOIHNAME_01038	MER0023544	43.038	158	89	1	1	158	73	229	6.97e-44	144
LOIHNAME_01038	MER0011748	46.541	159	82	2	1	158	73	229	1.34e-43	143
LOIHNAME_01038	MER0011224	40.506	158	93	1	1	158	73	229	7.49e-42	139
LOIHNAME_01038	MER0015195	44.512	164	88	2	1	163	73	234	3.83e-41	137
LOIHNAME_01038	MER0015199	42.105	190	96	4	1	178	73	260	3.73e-38	129
LOIHNAME_01038	MER0002600	37.640	178	103	3	1	172	73	248	3.08e-36	124
LOIHNAME_01038	MER0015194	39.375	160	92	2	1	158	73	229	9.35e-36	123
LOIHNAME_01038	MER0024898	40.252	159	93	2	1	158	74	231	1.29e-35	122
LOIHNAME_01038	MER0014306	38.037	163	100	1	1	163	73	234	2.24e-35	122
LOIHNAME_01038	MER0002602	41.509	159	87	2	1	153	73	231	1.68e-34	119
LOIHNAME_01038	MER0002605	37.037	162	97	3	1	161	73	230	1.46e-33	117
LOIHNAME_01038	MER0005466	38.509	161	89	4	1	153	73	231	1.59e-30	108
LOIHNAME_01038	MER0171760	36.129	155	94	2	1	154	110	260	6.76e-30	107
LOIHNAME_01038	MER0004454	36.810	163	100	3	1	161	73	234	1.20e-29	107
LOIHNAME_01038	MER0011745	35.795	176	99	5	1	169	72	240	5.18e-29	105
LOIHNAME_01038	MER0002408	37.126	167	97	4	1	160	72	237	1.25e-28	103
LOIHNAME_01038	MER0001620	34.731	167	102	3	1	160	73	239	1.49e-28	104
LOIHNAME_01038	MER0015197	37.419	155	92	2	1	152	73	225	1.53e-28	104
LOIHNAME_01038	MER0015137	34.091	176	102	5	1	169	72	240	6.36e-26	97.4
LOIHNAME_01038	MER0002608	35.366	164	102	3	1	160	74	237	1.09e-25	97.1
LOIHNAME_01038	MER0002563	31.288	163	102	3	1	153	73	235	6.72e-25	94.4
LOIHNAME_01038	MER0190577	33.333	162	94	3	2	160	74	224	2.65e-24	92.8
LOIHNAME_01038	MER0015690	36.986	146	84	5	1	138	77	222	4.52e-23	89.7
LOIHNAME_01038	MER0015193	36.196	163	91	5	1	151	72	233	4.67e-23	89.4
LOIHNAME_01038	MER0190705	32.911	158	95	3	2	157	73	221	1.32e-22	87.8
LOIHNAME_01038	MER0017637	32.927	164	98	4	1	153	73	235	1.33e-21	85.5
LOIHNAME_01038	MER0014324	32.258	155	91	4	2	153	74	217	1.96e-20	82.4
LOIHNAME_01038	MER0005755	35.849	159	89	5	2	156	74	223	2.06e-20	82.0
LOIHNAME_01038	MER0024900	31.579	152	94	3	2	150	73	217	4.66e-20	81.6
LOIHNAME_01038	MER0002197	31.818	154	94	3	2	152	74	219	5.71e-19	79.0
LOIHNAME_01038	MER0011120	35.616	146	86	5	1	138	77	222	8.24e-18	75.9
LOIHNAME_01038	MER0001246	34.167	120	67	4	2	118	63	173	6.42e-14	63.5
LOIHNAME_01038	MER0015204	28.235	170	101	5	3	151	85	254	2.98e-12	60.8
LOIHNAME_01078	MER0005196	60.241	249	98	1	255	502	2	250	1.64e-107	318
LOIHNAME_01078	MER0058228	41.322	242	140	2	268	507	1	242	1.48e-68	217
LOIHNAME_01078	MER0001423	41.304	230	134	1	274	502	2	231	1.50e-64	206
LOIHNAME_01078	MER0004923	35.060	251	157	3	241	487	24	272	2.16e-51	174
LOIHNAME_01078	MER0013484	37.557	221	134	2	271	487	1	221	2.49e-49	166
LOIHNAME_01078	MER0011413	35.714	224	134	3	271	487	1	221	6.93e-49	165
LOIHNAME_01078	MER0192427	37.850	214	124	4	255	465	49	256	2.17e-47	162
LOIHNAME_01078	MER0005994	32.075	265	168	6	249	505	2	262	5.26e-47	161
LOIHNAME_01078	MER0004921	33.040	227	141	5	271	491	1	222	1.33e-45	157
LOIHNAME_01078	MER0005987	33.721	258	160	7	255	505	7	260	1.95e-45	157
LOIHNAME_01078	MER0000399	34.100	261	164	5	249	505	1	257	2.55e-44	154
LOIHNAME_01078	MER0000401	35.802	243	148	5	249	487	2	240	1.98e-42	149
LOIHNAME_01078	MER0004504	39.409	203	116	3	276	473	1	201	2.48e-41	145
LOIHNAME_01078	MER0011305	36.328	256	149	8	259	507	7	255	1.84e-38	138
LOIHNAME_01078	MER0011231	33.840	263	164	7	249	505	1	259	1.95e-37	135
LOIHNAME_01078	MER0000405	37.900	219	127	6	275	487	33	248	5.02e-37	134
LOIHNAME_01078	MER0195666	31.553	206	131	5	274	472	1	203	2.96e-36	131
LOIHNAME_01078	MER0004199	35.065	231	135	9	281	505	1	222	5.45e-34	125
LOIHNAME_01078	MER0004193	30.455	220	148	4	274	490	3	220	1.76e-33	124
LOIHNAME_01078	MER0000404	29.278	263	164	8	249	500	1	252	3.99e-29	112
LOIHNAME_01078	MER0034615	29.218	243	159	3	266	498	2	241	1.10e-26	105
LOIHNAME_01078	MER0000403	25.000	268	188	7	249	508	1	263	1.57e-25	102
LOIHNAME_01078	MER0003361	27.586	261	169	8	248	503	1	246	2.56e-23	95.9
LOIHNAME_01078	MER0005988	31.818	110	74	1	379	487	2	111	3.12e-16	71.6
LOIHNAME_01078	MER0017401	26.786	224	148	7	284	498	16	232	2.98e-15	72.4
LOIHNAME_01078	MER0003558	23.009	226	158	4	287	503	39	257	2.32e-13	67.0
LOIHNAME_01078	MER0005807	25.112	223	149	7	282	496	57	269	1.33e-12	65.1
LOIHNAME_01078	MER0000408	22.273	220	145	4	285	487	23	233	2.74e-12	63.9
LOIHNAME_01078	MER0018170	21.127	213	150	3	287	486	25	232	5.39e-11	59.7
LOIHNAME_01078	MER0140224	26.000	200	128	5	310	493	30	225	8.46e-11	58.9
LOIHNAME_01078	MER0000263	23.913	230	151	8	274	488	6	226	1.37e-10	58.5
LOIHNAME_01078	MER0126485	23.894	226	155	5	284	501	12	228	1.61e-10	58.2
LOIHNAME_01078	MER0011583	22.041	245	167	10	272	503	10	243	5.43e-09	53.9
LOIHNAME_01078	MER0005694	25.221	226	151	8	256	471	19	236	2.00e-08	52.4
LOIHNAME_01078	MER0016096	23.009	226	153	7	277	487	9	228	8.30e-08	50.1
LOIHNAME_01078	MER0981959	24.837	153	107	4	256	406	8	154	1.07e-07	50.1
LOIHNAME_01078	MER0015621	25.517	145	100	4	264	406	27	165	5.46e-07	48.1
LOIHNAME_01078	MER0030932	28.105	153	97	4	316	461	54	200	4.80e-06	44.7
LOIHNAME_01078	MER0079308	21.244	193	140	3	283	467	35	223	5.86e-06	44.7
LOIHNAME_01079	MER0001920	50.000	232	113	2	448	678	17	246	9.18e-71	228
LOIHNAME_01079	MER0018170	32.035	231	150	3	437	665	14	239	2.47e-33	125
LOIHNAME_01079	MER0003558	34.188	234	144	4	431	659	13	241	1.04e-31	121
LOIHNAME_01079	MER0015682	34.247	292	156	9	390	664	20	292	1.93e-31	121
LOIHNAME_01079	MER0126485	32.340	235	145	5	449	680	12	235	6.39e-26	103
LOIHNAME_01079	MER0140224	32.692	208	138	2	453	659	13	219	8.75e-26	103
LOIHNAME_01079	MER0005807	29.237	236	146	7	430	660	41	260	3.51e-20	88.2
LOIHNAME_01079	MER0017401	29.437	231	145	4	434	658	1	219	1.50e-19	85.5
LOIHNAME_01079	MER0000408	27.586	232	164	3	433	661	5	235	3.72e-19	84.7
LOIHNAME_01079	MER0011583	29.333	225	150	5	435	657	7	224	1.69e-17	79.7
LOIHNAME_01079	MER0004925	25.641	273	169	7	426	680	6	262	4.79e-17	78.6
LOIHNAME_01079	MER0014827	24.910	277	166	7	426	680	6	262	1.18e-16	77.4
LOIHNAME_01079	MER0079308	29.555	247	159	7	428	666	15	254	1.28e-15	74.7
LOIHNAME_01079	MER0000399	26.522	230	148	5	446	665	27	245	2.80e-15	73.6
LOIHNAME_01079	MER0005694	26.906	223	154	4	423	642	20	236	2.93e-13	67.8
LOIHNAME_01079	MER0000401	25.514	243	160	5	446	678	28	259	5.59e-13	66.6
LOIHNAME_01079	MER0006027	26.540	211	149	5	453	660	32	239	9.16e-13	65.9
LOIHNAME_01079	MER0016096	25.346	217	143	10	436	641	2	210	1.51e-11	62.0
LOIHNAME_01079	MER0005196	29.524	210	121	9	430	628	11	204	2.28e-11	61.6
LOIHNAME_01079	MER0058228	30.045	223	131	7	447	659	15	222	2.48e-11	61.2
LOIHNAME_01079	MER0001423	26.432	227	145	7	439	657	1	213	5.07e-11	60.1
LOIHNAME_01079	MER0002490	23.432	303	180	11	396	674	13	287	7.79e-11	60.8
LOIHNAME_01079	MER0034615	23.770	244	171	7	431	666	1	237	1.75e-10	58.9
LOIHNAME_01079	MER0192427	27.848	237	152	9	428	658	54	277	1.95e-10	59.3
LOIHNAME_01079	MER0015621	24.549	277	163	10	426	671	23	284	1.98e-10	59.3
LOIHNAME_01079	MER0011450	24.710	259	167	6	423	663	10	258	5.08e-10	57.8
LOIHNAME_01079	MER0004923	32.520	123	69	3	447	559	63	181	9.88e-10	57.0
LOIHNAME_01079	MER0000392	25.287	261	156	9	426	662	13	258	1.33e-09	56.6
LOIHNAME_01079	MER0000263	33.628	113	69	4	435	542	1	112	1.83e-09	55.8
LOIHNAME_01079	MER0195666	28.095	210	137	8	442	645	3	204	5.52e-09	54.3
LOIHNAME_01079	MER0013484	28.641	206	114	9	447	637	12	199	6.94e-09	53.9
LOIHNAME_01079	MER0011413	24.211	190	124	4	474	657	44	219	2.08e-08	52.4
LOIHNAME_01079	MER0005994	21.622	185	134	1	473	657	68	241	8.03e-08	50.8
LOIHNAME_01079	MER0004921	29.921	127	84	3	438	559	2	128	6.90e-07	47.8
LOIHNAME_01079	MER0000404	25.000	224	147	7	432	646	18	229	1.81e-06	47.0
LOIHNAME_01079	MER0011231	27.984	243	140	11	433	659	19	242	3.81e-06	45.8
LOIHNAME_01079	MER0048191	26.316	228	132	11	431	628	3	224	3.82e-06	45.8
LOIHNAME_01079	MER0022823	25.229	218	138	7	465	664	47	257	9.51e-06	44.7
LOIHNAME_01111	MER0003802	29.582	311	183	8	53	345	5	297	9.94e-31	116
LOIHNAME_01111	MER0017069	27.597	308	181	7	73	349	20	316	2.58e-25	101
LOIHNAME_01111	MER0002489	29.693	293	160	12	64	319	23	306	5.29e-25	101
LOIHNAME_01111	MER0026262	28.165	316	174	10	67	339	20	325	1.48e-24	100
LOIHNAME_01111	MER1143079	30.208	288	158	12	55	319	2	269	2.51e-22	92.4
LOIHNAME_01111	MER0011700	23.478	345	185	9	67	344	20	352	3.38e-19	84.7
LOIHNAME_01111	MER0005964	24.451	319	186	8	67	339	24	333	2.12e-18	82.4
LOIHNAME_01111	MER0140154	21.493	335	195	9	67	339	5	333	6.87e-18	80.9
LOIHNAME_01111	MER0000459	22.857	315	193	9	66	342	25	327	1.77e-17	79.7
LOIHNAME_01111	MER0028284	27.431	288	171	10	83	340	35	314	1.18e-15	73.9
LOIHNAME_01111	MER0006204	30.702	114	70	3	51	155	3	116	1.05e-14	71.6
LOIHNAME_01111	MER0000457	21.895	306	190	10	66	339	24	312	9.38e-12	62.4
LOIHNAME_01111	MER0122661	28.369	141	78	3	88	205	41	181	1.64e-10	58.5
LOIHNAME_01111	MER0005925	25.610	164	90	3	67	198	21	184	4.53e-10	57.4
LOIHNAME_01111	MER0011726	27.273	110	74	1	53	156	5	114	2.21e-09	55.5
LOIHNAME_01111	MER0219770	24.034	233	132	8	97	293	48	271	4.35e-09	53.9
LOIHNAME_01111	MER0034963	28.125	96	69	0	63	158	21	116	5.12e-09	54.3
LOIHNAME_01111	MER0005923	28.421	95	64	1	68	158	28	122	1.15e-08	53.1
LOIHNAME_01111	MER0005923	28.750	160	84	7	165	302	221	372	6.99e-06	44.7
LOIHNAME_01111	MER0192873	24.390	205	106	9	101	262	2	200	1.63e-08	51.6
LOIHNAME_01111	MER0356183	28.571	224	111	11	76	259	13	227	2.76e-08	50.8
LOIHNAME_01111	MER0000463	23.563	174	104	5	38	194	2	163	6.21e-08	50.8
LOIHNAME_01111	MER0004154	22.458	236	143	5	56	262	8	232	9.42e-08	50.1
LOIHNAME_01111	MER0354941	25.767	163	88	5	79	208	33	195	1.29e-07	48.5
LOIHNAME_01111	MER0015683	30.000	120	79	2	39	157	17	132	1.36e-07	49.3
LOIHNAME_01111	MER0034964	29.885	87	61	0	70	156	28	114	6.05e-07	47.8
LOIHNAME_01111	MER0017074	25.439	114	79	1	53	160	5	118	3.11e-06	45.4
LOIHNAME_01111	MER0011718	25.556	90	67	0	66	155	24	113	3.26e-06	45.4
LOIHNAME_01118	MER0056022	44.872	78	42	1	148	225	46	122	2.57e-13	62.4
LOIHNAME_01118	MER0056047	42.308	78	44	1	148	225	4	80	2.72e-11	55.5
LOIHNAME_01118	MER0056027	35.632	87	55	1	139	225	33	118	1.95e-08	48.5
LOIHNAME_01118	MER0055284	32.895	76	50	1	150	225	8	82	2.73e-07	44.7
LOIHNAME_01215	MER0043394	44.898	147	80	1	3	149	17	162	2.91e-43	137
LOIHNAME_01215	MER0044622	41.176	153	86	3	1	150	64	215	2.48e-36	122
LOIHNAME_01215	MER0044882	38.462	156	89	5	1	149	15	170	5.10e-35	117
LOIHNAME_01215	MER0045094	39.161	143	85	2	8	149	57	198	7.60e-34	115
LOIHNAME_01215	MER0043392	39.716	141	81	3	10	150	23	159	1.53e-29	103
LOIHNAME_01215	MER0043195	30.303	165	96	6	2	148	43	206	3.95e-17	72.4
LOIHNAME_01215	MER0043537	31.126	151	97	5	1	148	35	181	2.57e-15	66.6
LOIHNAME_01215	MER0045095	38.462	117	67	3	38	149	108	224	4.31e-15	67.4
LOIHNAME_01215	MER0044619	29.139	151	100	6	2	150	50	195	7.92e-15	66.2
LOIHNAME_01215	MER0044812	27.820	133	86	3	10	140	100	224	7.54e-14	63.5
LOIHNAME_01215	MER0038086	30.769	117	74	2	38	149	109	223	1.63e-11	57.4
LOIHNAME_01215	MER0045945	28.667	150	95	4	6	151	71	212	1.27e-10	54.3
LOIHNAME_01215	MER0044889	29.730	148	95	5	5	149	58	199	4.87e-10	53.1
LOIHNAME_01215	MER0436691	25.676	148	98	5	7	149	101	241	9.12e-09	49.7
LOIHNAME_01215	MER0043540	27.344	128	83	4	10	135	87	206	1.54e-08	48.5
LOIHNAME_01215	MER0043387	29.655	145	94	6	7	149	27	165	3.08e-08	47.4
LOIHNAME_01215	MER0042974	25.424	118	77	3	37	149	69	180	1.81e-07	45.4
LOIHNAME_01215	MER0115185	26.761	142	93	5	3	140	1	135	5.20e-07	43.5
LOIHNAME_01215	MER0046161	25.850	147	89	5	7	145	103	237	8.59e-06	41.2
LOIHNAME_01274	MER0028025	47.482	139	66	1	2	133	66	204	1.12e-34	123
LOIHNAME_01274	MER0028025	56.098	82	35	1	205	286	163	243	2.65e-21	87.4
LOIHNAME_01274	MER0003798	22.727	308	194	11	3	270	97	400	3.83e-16	74.7
LOIHNAME_01274	MER0001272	29.358	109	69	3	3	103	60	168	1.76e-09	54.3
LOIHNAME_01274	MER0001273	36.000	100	61	3	4	101	75	173	1.21e-08	51.6
LOIHNAME_01274	MER0238460	23.492	315	200	11	1	279	92	401	2.95e-08	51.2
LOIHNAME_01274	MER0002655	26.852	216	139	9	2	205	66	274	8.83e-06	43.5
LOIHNAME_01291	MER0001284	33.784	148	84	4	68	213	4	139	3.58e-16	75.1
LOIHNAME_01291	MER0004514	38.000	100	59	3	116	213	41	139	1.42e-12	64.3
LOIHNAME_01291	MER0100667	43.243	74	34	1	122	195	37	102	1.07e-09	55.5
LOIHNAME_01291	MER0194228	35.484	93	51	2	126	217	1	85	3.25e-09	53.5
LOIHNAME_01291	MER0001289	33.333	108	63	2	111	217	62	161	5.06e-09	53.9
LOIHNAME_01291	MER0002161	35.780	109	57	4	111	216	66	164	2.05e-08	52.0
LOIHNAME_01291	MER0032443	21.992	241	143	8	125	357	50	253	5.51e-08	50.4
LOIHNAME_01291	MER0001288	29.730	111	67	3	111	220	23	123	2.40e-07	48.5
LOIHNAME_01291	MER0011464	27.344	128	78	4	103	224	37	155	1.16e-06	46.6
LOIHNAME_01291	MER0011462	26.126	111	71	3	107	215	44	145	4.43e-06	44.7
LOIHNAME_01291	MER0037181	33.028	109	60	4	111	216	66	164	6.44e-06	44.3
LOIHNAME_01291	MER0001290	30.065	153	92	5	113	254	101	249	9.14e-06	44.3
LOIHNAME_01313	MER0069741	53.125	96	44	1	203	298	68	162	1.13e-28	105
LOIHNAME_01313	MER0003376	45.631	103	45	2	205	300	45	143	9.95e-23	89.7
LOIHNAME_01313	MER0003380	38.806	134	75	1	172	298	98	231	3.92e-22	89.7
LOIHNAME_01313	MER0013541	47.059	85	45	0	205	289	1	85	7.11e-18	74.3
LOIHNAME_01313	MER0005300	41.237	97	57	0	206	302	66	162	2.66e-17	74.7
LOIHNAME_01313	MER0387040	38.384	99	60	1	205	302	1	99	3.15e-17	72.8
LOIHNAME_01313	MER0066182	39.394	99	59	1	205	302	92	190	3.78e-17	75.1
LOIHNAME_01313	MER0003423	38.462	104	58	3	205	302	32	135	5.46e-13	62.4
LOIHNAME_01313	MER0015415	28.070	171	99	4	141	302	13	168	9.32e-12	59.7
LOIHNAME_01313	MER0001419	36.538	104	60	3	205	302	32	135	1.40e-11	58.5
LOIHNAME_01313	MER0003906	35.632	87	52	3	205	288	1	86	1.59e-07	45.8
LOIHNAME_01360	MER0031431	34.028	144	77	4	74	205	1	138	1.18e-18	77.8
LOIHNAME_01360	MER0031432	32.877	146	82	5	74	208	1	141	1.24e-18	77.8
LOIHNAME_01360	MER0031433	32.877	146	82	5	74	208	1	141	1.44e-18	77.4
LOIHNAME_01360	MER0034659	29.012	162	97	4	74	220	1	159	1.49e-14	66.6
LOIHNAME_01360	MER0038141	27.273	132	83	6	73	196	1	127	2.21e-06	43.5
LOIHNAME_01404	MER0003242	38.554	83	51	0	119	201	216	298	1.16e-12	62.4
LOIHNAME_01405	MER0003242	49.669	302	147	3	110	411	2	298	1.01e-106	314
LOIHNAME_01405	MER0013876	31.525	295	176	9	30	316	1	277	2.90e-34	127
LOIHNAME_01405	MER0003855	30.164	305	182	9	30	320	1	288	2.84e-33	125
LOIHNAME_01405	MER0004416	28.621	290	168	10	42	312	11	280	2.14e-23	96.3
LOIHNAME_01489	MER0039993	38.356	730	375	12	23	711	1	696	5.29e-159	473
LOIHNAME_01489	MER0014366	36.582	708	417	8	18	711	23	712	2.59e-154	461
LOIHNAME_01489	MER0217397	32.225	692	439	5	37	711	1	679	7.99e-121	374
LOIHNAME_01489	MER0501051	38.846	260	152	6	21	277	2	257	1.95e-51	181
LOIHNAME_01489	MER0501051	43.210	162	80	4	555	712	248	401	1.67e-31	124
LOIHNAME_01492	MER0004035	51.515	33	16	0	11	43	79	111	1.24e-07	41.6
LOIHNAME_01492	MER0002450	61.765	34	12	1	11	44	80	112	3.84e-07	40.4
LOIHNAME_01492	MER0002443	54.839	31	14	0	14	44	87	117	1.14e-06	39.3
LOIHNAME_01516	MER1143079	29.231	325	168	14	62	368	1	281	2.23e-22	93.2
LOIHNAME_01516	MER0005964	25.074	339	208	12	81	389	27	349	4.32e-21	90.9
LOIHNAME_01516	MER0017069	29.515	227	142	8	87	304	22	239	5.19e-17	78.6
LOIHNAME_01516	MER0003802	25.097	259	170	7	78	332	18	256	6.15e-17	78.2
LOIHNAME_01516	MER0026262	24.601	313	205	9	81	372	23	325	6.35e-16	75.5
LOIHNAME_01516	MER0000459	24.303	251	173	9	113	352	60	304	8.16e-15	72.0
LOIHNAME_01516	MER0005925	23.494	332	191	12	82	377	24	328	2.17e-13	67.8
LOIHNAME_01516	MER0005923	41.176	102	52	3	85	179	34	134	4.96e-13	67.4
LOIHNAME_01516	MER0002489	21.721	244	168	6	104	332	51	286	1.59e-12	65.1
LOIHNAME_01516	MER0000457	22.074	299	220	6	78	372	23	312	2.00e-12	64.7
LOIHNAME_01516	MER0006204	32.174	115	70	2	58	164	2	116	3.26e-12	64.3
LOIHNAME_01516	MER0011700	24.430	307	188	12	111	378	52	353	4.13e-11	60.8
LOIHNAME_01516	MER0122661	25.641	195	128	9	63	250	1	185	4.20e-11	60.8
LOIHNAME_01516	MER0140154	23.009	339	204	12	81	373	7	334	5.74e-11	60.5
LOIHNAME_01516	MER0004154	21.961	255	173	7	62	305	2	241	4.05e-10	57.8
LOIHNAME_01516	MER0000463	25.532	235	157	6	104	334	44	264	5.55e-10	57.4
LOIHNAME_01516	MER0354941	30.435	138	81	3	121	249	64	195	1.33e-09	54.7
LOIHNAME_01516	MER0219770	25.862	174	102	5	113	275	52	209	5.36e-08	50.8
LOIHNAME_01516	MER0028284	25.000	168	107	5	107	268	48	202	2.36e-07	49.3
LOIHNAME_01516	MER0003800	29.710	138	82	4	121	249	84	215	2.93e-07	48.9
LOIHNAME_01537	MER0001058	44.444	63	35	0	3	65	564	626	1.01e-15	66.2
LOIHNAME_01537	MER0011141	36.923	65	39	1	1	65	627	689	5.74e-12	55.5
LOIHNAME_01537	MER0001050	38.462	65	38	1	1	65	637	699	7.39e-11	52.4
LOIHNAME_01537	MER0001365	36.364	66	39	2	1	65	668	731	5.24e-10	50.1
LOIHNAME_01537	MER0004762	30.769	65	43	1	1	65	627	689	9.99e-10	49.3
LOIHNAME_01537	MER0004775	30.769	65	45	0	1	65	594	658	2.08e-09	48.1
LOIHNAME_01537	MER0019832	32.812	64	43	0	2	65	585	648	3.79e-08	44.7
LOIHNAME_01537	MER0001056	32.308	65	42	1	1	65	615	677	6.08e-08	44.3
LOIHNAME_01537	MER0013406	30.769	65	43	1	1	65	634	696	9.65e-08	43.5
LOIHNAME_01537	MER0015175	29.231	65	46	0	1	65	686	750	3.33e-07	42.0
LOIHNAME_01537	MER0011159	26.154	65	46	1	1	65	620	682	7.44e-07	41.2
LOIHNAME_01537	MER0038668	29.231	65	46	0	1	65	539	603	1.11e-06	40.4
LOIHNAME_01537	MER0002997	29.231	65	44	1	1	65	627	689	1.77e-06	40.0
LOIHNAME_01537	MER0011433	32.308	65	42	1	1	65	614	676	3.16e-06	39.3
LOIHNAME_01537	MER0019831	27.692	65	45	1	1	65	589	651	5.74e-06	38.5
LOIHNAME_01537	MER0011432	35.185	54	35	0	1	54	614	667	5.75e-06	38.5
LOIHNAME_01538	MER0036038	26.582	237	131	10	29	250	27	235	7.53e-11	58.2
LOIHNAME_01538	MER0045479	24.242	231	144	6	29	250	27	235	1.22e-10	57.4
LOIHNAME_01538	MER0036036	21.983	232	158	6	29	254	27	241	2.16e-10	56.6
LOIHNAME_01538	MER0031565	26.087	230	141	9	29	250	27	235	5.26e-10	55.5
LOIHNAME_01538	MER0048191	27.692	130	86	3	31	154	22	149	9.64e-08	48.9
LOIHNAME_01538	MER0030932	23.611	216	139	6	67	279	52	244	1.02e-07	48.5
LOIHNAME_01538	MER0031569	22.566	226	157	6	29	250	23	234	4.07e-06	43.9
LOIHNAME_01617	MER0897124	27.376	442	279	15	9	439	7	417	1.91e-22	95.9
LOIHNAME_01617	MER0004468	24.829	439	294	12	9	439	7	417	3.60e-21	92.0
LOIHNAME_01617	MER0004469	27.778	198	120	8	228	404	157	352	9.69e-14	69.3
LOIHNAME_01617	MER0004469	23.113	212	135	7	1	191	2	206	2.41e-10	58.9
LOIHNAME_01617	MER0004480	31.875	160	86	8	10	156	1	150	8.08e-11	59.7
LOIHNAME_01617	MER0004480	23.188	207	134	5	220	402	119	324	1.33e-07	50.1
LOIHNAME_01617	MER0004471	26.506	166	105	5	278	432	201	360	1.22e-10	59.7
LOIHNAME_01617	MER0004471	28.448	116	74	4	5	119	87	194	3.47e-09	55.1
LOIHNAME_01617	MER0004474	29.936	157	99	6	281	432	204	354	1.63e-10	59.3
LOIHNAME_01617	MER0004474	29.630	108	67	4	13	119	89	188	9.20e-10	57.0
LOIHNAME_01618	MER0001421	52.956	389	171	5	35	418	13	394	4.60e-140	403
LOIHNAME_01618	MER0028941	27.603	413	246	14	13	418	1	367	6.25e-25	102
LOIHNAME_01618	MER0369336	28.529	333	192	11	86	412	17	309	2.92e-21	90.5
LOIHNAME_01643	MER0175622	28.190	337	178	13	21	335	2	296	3.04e-22	93.2
LOIHNAME_01643	MER0019280	32.877	292	158	11	55	332	27	294	6.63e-19	83.6
LOIHNAME_01643	MER0004123	28.710	310	170	11	57	335	37	326	6.85e-19	84.0
LOIHNAME_01643	MER0001699	28.674	279	161	10	51	326	16	259	3.26e-16	75.5
LOIHNAME_01643	MER0004988	28.302	265	153	9	51	308	24	258	1.56e-15	73.6
LOIHNAME_01643	MER0001521	28.767	292	160	11	43	325	8	260	2.41e-15	72.8
LOIHNAME_01643	MER0000313	28.767	292	160	11	43	325	8	260	3.07e-15	72.4
LOIHNAME_01643	MER0001523	28.425	292	161	11	43	325	8	260	5.30e-15	71.6
LOIHNAME_01643	MER0000312	28.425	292	161	11	43	325	8	260	5.30e-15	71.6
LOIHNAME_01643	MER0003536	28.966	290	162	9	43	315	15	277	1.50e-14	70.9
LOIHNAME_01643	MER0000316	27.667	300	166	12	43	335	7	262	1.67e-14	70.1
LOIHNAME_01643	MER0001755	28.383	303	168	12	43	336	8	270	1.87e-14	70.1
LOIHNAME_01643	MER0000310	28.571	280	165	9	43	320	8	254	1.30e-13	67.8
LOIHNAME_01643	MER0000319	28.758	306	162	14	45	336	12	275	1.97e-13	67.0
LOIHNAME_01643	MER0000326	30.104	289	154	12	39	320	9	256	2.47e-13	67.4
LOIHNAME_01643	MER0030016	29.643	280	151	12	55	319	29	277	1.57e-12	64.3
LOIHNAME_01643	MER0000315	26.689	296	174	10	43	335	8	263	2.66e-12	63.5
LOIHNAME_01643	MER0001520	27.027	296	173	10	43	335	8	263	4.87e-12	62.8
LOIHNAME_01643	MER0001906	26.689	296	174	10	43	335	8	263	5.44e-12	62.8
LOIHNAME_01643	MER0000332	29.021	286	151	12	59	335	23	265	1.22e-11	61.6
LOIHNAME_01643	MER0002565	25.625	320	176	10	63	354	68	353	1.64e-11	62.0
LOIHNAME_01643	MER0000321	27.338	278	151	11	55	312	99	345	1.84e-11	62.0
LOIHNAME_01643	MER0001928	28.920	287	155	12	55	335	20	263	2.79e-11	60.5
LOIHNAME_01643	MER0081072	27.165	254	139	12	58	304	19	233	4.74e-11	59.7
LOIHNAME_01643	MER0013656	26.621	293	163	11	43	324	7	258	8.52e-11	59.3
LOIHNAME_01643	MER0016688	25.846	325	188	15	45	340	17	317	1.44e-10	58.9
LOIHNAME_01643	MER0000361	29.129	333	166	19	55	340	27	336	2.68e-10	58.2
LOIHNAME_01643	MER0025143	25.912	274	139	11	58	300	31	271	1.70e-09	55.5
LOIHNAME_01643	MER0002500	27.055	292	157	13	58	308	84	360	2.19e-09	55.8
LOIHNAME_01643	MER0014446	26.744	258	142	12	104	337	192	426	3.87e-09	55.1
LOIHNAME_01643	MER0077555	27.491	291	169	11	55	340	20	273	1.28e-08	52.8
LOIHNAME_01643	MER0042897	28.205	273	159	9	52	319	17	257	2.11e-08	52.0
LOIHNAME_01643	MER0000389	25.294	340	181	13	58	349	31	345	6.89e-08	50.8
LOIHNAME_01643	MER0000349	27.119	236	137	9	109	320	144	368	7.69e-08	50.8
LOIHNAME_01643	MER0000311	25.430	291	174	12	43	330	8	258	2.05e-07	48.9
LOIHNAME_01643	MER0001709	26.786	336	158	16	55	335	23	325	2.06e-07	49.3
LOIHNAME_01643	MER0000351	26.619	278	151	11	56	302	31	286	4.32e-07	48.1
LOIHNAME_01643	MER0004085	29.412	289	147	15	58	319	50	308	4.58e-07	48.1
LOIHNAME_01643	MER0016983	27.068	266	135	12	61	302	27	257	7.16e-07	47.4
LOIHNAME_01643	MER0000348	24.306	288	170	10	63	309	39	319	7.26e-07	47.8
LOIHNAME_01643	MER0002575	26.766	269	150	11	61	319	26	257	7.76e-07	47.4
LOIHNAME_01643	MER0014300	25.249	301	171	11	58	319	31	316	1.62e-06	46.6
LOIHNAME_01643	MER0005790	26.562	192	114	5	109	294	94	264	3.08e-06	45.4
LOIHNAME_01643	MER0000357	24.632	272	163	11	58	318	36	276	3.30e-06	45.4
LOIHNAME_01643	MER0000347	24.845	322	188	14	43	332	48	347	3.89e-06	45.8
LOIHNAME_01643	MER0006036	33.333	132	61	6	109	225	84	203	4.15e-06	45.4
LOIHNAME_01643	MER0006074	25.969	258	144	9	65	312	48	268	9.87e-06	43.9
LOIHNAME_01687	MER0195376	36.424	151	86	5	226	371	2	147	4.83e-16	73.2
LOIHNAME_01687	MER0003514	26.490	151	81	5	223	371	1	123	4.48e-06	43.9
LOIHNAME_01746	MER0065554	43.779	217	111	3	1	207	47	262	1.80e-60	187
LOIHNAME_01746	MER0437468	41.743	218	114	4	1	206	133	349	1.15e-52	169
LOIHNAME_01746	MER0436717	44.670	197	94	5	18	207	208	396	7.83e-43	145
LOIHNAME_01746	MER0031278	28.485	165	89	7	47	205	103	244	6.43e-07	45.4
LOIHNAME_01756	MER0100667	28.477	151	89	7	2	149	85	219	1.28e-06	43.5
LOIHNAME_01762	MER0003105	43.411	258	138	5	1	253	2	256	1.49e-65	203
LOIHNAME_01762	MER0004321	42.745	255	140	3	2	251	3	256	4.95e-63	196
LOIHNAME_01762	MER0016542	39.493	276	141	5	2	251	3	278	2.18e-58	185
LOIHNAME_01762	MER0016544	39.130	276	141	6	2	251	3	277	4.31e-58	184
LOIHNAME_01762	MER0027437	38.976	254	150	3	1	251	2	253	2.83e-54	174
LOIHNAME_01762	MER0002039	40.551	254	141	2	2	251	3	250	4.54e-54	173
LOIHNAME_01762	MER0014518	39.062	256	149	5	2	251	3	257	4.87e-51	166
LOIHNAME_01762	MER0005462	31.169	231	137	10	1	226	2	215	2.89e-18	79.0
LOIHNAME_01762	MER0004931	26.347	167	113	5	63	227	58	216	1.84e-10	56.6
LOIHNAME_01762	MER0004532	26.906	223	148	7	13	228	2	216	7.76e-10	55.1
LOIHNAME_01762	MER0002038	24.664	223	151	7	1	220	2	210	4.61e-07	46.6
LOIHNAME_01762	MER0001244	23.346	257	153	10	1	227	2	244	6.89e-07	46.6
LOIHNAME_01773	MER0001284	25.974	231	143	6	9	233	3	211	1.85e-17	78.2
LOIHNAME_01773	MER0100667	29.730	222	107	8	52	254	20	211	3.24e-17	76.6
LOIHNAME_01773	MER0004514	25.731	171	115	3	67	233	49	211	2.38e-13	66.2
LOIHNAME_01773	MER0013618	29.048	210	101	8	33	224	46	225	7.15e-12	62.4
LOIHNAME_01773	MER0002161	30.303	198	96	8	98	263	94	281	2.57e-11	60.5
LOIHNAME_01773	MER0005139	29.630	135	69	5	39	166	48	163	1.34e-09	55.5
LOIHNAME_01773	MER0005131	28.856	201	123	7	69	257	53	245	1.94e-09	54.7
LOIHNAME_01773	MER0001290	26.829	164	112	5	1	163	48	204	2.19e-09	55.1
LOIHNAME_01773	MER0037181	29.221	154	99	5	98	248	94	240	1.02e-08	52.8
LOIHNAME_01773	MER0032443	26.744	172	102	6	56	213	39	200	3.06e-08	50.8
LOIHNAME_01773	MER0044627	32.727	110	53	3	68	167	16	114	6.36e-08	49.3
LOIHNAME_01773	MER0001289	24.898	245	138	11	23	249	34	250	7.48e-08	50.1
LOIHNAME_01773	MER0005149	32.836	134	64	7	39	165	50	164	2.61e-07	48.5
LOIHNAME_01773	MER0005239	27.536	138	76	5	34	164	47	167	8.25e-07	47.0
LOIHNAME_01773	MER0194228	27.329	161	94	8	98	243	16	168	8.44e-07	45.8
LOIHNAME_01781	MER0004146	25.543	184	123	6	5	178	75	254	7.94e-10	53.9
LOIHNAME_01781	MER0044581	38.298	47	29	0	9	55	133	179	4.26e-06	43.1
LOIHNAME_01781	MER0044578	41.304	46	27	0	9	54	135	180	9.07e-06	42.0
LOIHNAME_01810	MER0017193	24.535	269	149	10	68	315	23	258	5.58e-15	70.9
LOIHNAME_01810	MER0037236	29.956	227	117	8	67	271	16	222	1.34e-14	69.7
LOIHNAME_01810	MER0011785	30.657	137	81	4	44	173	12	141	1.41e-14	70.5
LOIHNAME_01810	MER0014065	32.773	119	76	3	52	168	16	132	6.04e-12	62.4
LOIHNAME_01810	MER0004146	32.773	119	74	3	51	166	3	118	1.81e-11	60.5
LOIHNAME_01810	MER0017177	27.049	122	88	1	67	187	31	152	4.87e-11	59.7
LOIHNAME_01810	MER0003537	23.846	260	163	7	71	314	24	264	8.27e-11	58.9
LOIHNAME_01810	MER0031616	37.838	74	43	1	102	172	70	143	1.03e-10	58.5
LOIHNAME_01810	MER0000437	24.476	286	172	9	71	332	28	293	1.21e-10	58.5
LOIHNAME_01810	MER0011509	31.776	107	69	2	71	174	39	144	2.81e-10	57.4
LOIHNAME_01810	MER0031614	30.556	108	71	2	70	173	83	190	4.19e-10	57.0
LOIHNAME_01810	MER0000436	34.286	105	64	3	71	170	24	128	5.68e-10	56.2
LOIHNAME_01810	MER0036115	28.972	107	74	2	67	172	32	137	1.01e-09	55.5
LOIHNAME_01810	MER0210990	35.443	79	50	1	94	171	54	132	1.11e-09	55.8
LOIHNAME_01810	MER0044578	28.696	115	74	3	60	169	66	177	3.41e-09	54.3
LOIHNAME_01810	MER0031610	30.088	113	73	3	54	165	41	148	4.14e-09	53.9
LOIHNAME_01810	MER0036068	24.731	279	166	14	60	325	47	294	6.40e-09	53.1
LOIHNAME_01810	MER0003280	28.704	108	72	2	70	174	29	134	7.75e-09	52.8
LOIHNAME_01810	MER0030163	35.526	76	46	1	102	174	60	135	8.09e-09	52.8
LOIHNAME_01810	MER0035973	31.000	100	66	2	70	168	56	153	1.66e-08	52.0
LOIHNAME_01810	MER0044581	30.769	78	53	1	93	169	98	175	2.23e-08	51.6
LOIHNAME_01810	MER0036084	22.662	278	168	11	70	332	19	264	2.41e-08	51.2
LOIHNAME_01810	MER0036069	29.787	94	62	2	64	154	74	166	3.53e-08	51.2
LOIHNAME_01810	MER0017033	33.065	124	77	3	48	170	45	163	3.76e-08	50.8
LOIHNAME_01810	MER0214939	25.850	147	102	3	69	214	2	142	4.76e-08	50.1
LOIHNAME_01810	MER0214730	25.850	147	102	3	69	214	2	142	5.78e-08	49.7
LOIHNAME_01810	MER0036075	19.527	169	126	5	11	169	3	171	9.34e-08	49.7
LOIHNAME_01810	MER0031653	40.323	62	34	1	113	174	155	213	1.36e-07	49.3
LOIHNAME_01810	MER0033249	28.037	107	74	2	71	175	35	140	4.28e-07	47.0
LOIHNAME_01810	MER0017123	26.619	139	89	3	43	168	2	140	7.12e-07	47.0
LOIHNAME_01810	MER0183709	27.193	114	77	2	71	178	36	149	7.70e-07	47.0
LOIHNAME_01810	MER0036066	28.866	97	67	2	71	166	1	96	9.78e-07	46.2
LOIHNAME_01810	MER0036072	23.715	253	145	11	97	326	106	333	1.39e-06	46.2
LOIHNAME_01810	MER0025512	24.324	111	81	2	68	175	45	155	2.18e-06	45.4
LOIHNAME_01810	MER0031645	33.036	112	59	5	132	238	189	289	2.58e-06	45.4
LOIHNAME_01810	MER0036076	30.476	105	65	4	64	166	59	157	2.80e-06	45.1
LOIHNAME_01810	MER0031619	31.959	97	64	2	71	166	29	124	3.79e-06	44.7
LOIHNAME_01810	MER0036057	30.392	102	68	2	70	170	62	161	4.76e-06	44.3
LOIHNAME_01821	MER0000437	27.273	297	173	12	37	303	11	294	3.18e-19	83.2
LOIHNAME_01821	MER0001380	35.484	124	67	3	38	151	10	130	2.05e-17	77.8
LOIHNAME_01821	MER0003537	43.158	95	52	2	56	149	27	120	5.78e-17	76.3
LOIHNAME_01821	MER0025512	25.856	263	174	8	46	294	43	298	7.68e-15	70.5
LOIHNAME_01821	MER0000431	29.487	156	95	5	27	169	3	156	1.36e-12	63.9
LOIHNAME_01821	MER0000436	25.573	262	165	11	54	294	25	277	2.29e-12	63.2
LOIHNAME_01821	MER0031617	29.268	123	82	3	32	151	12	132	2.49e-10	57.0
LOIHNAME_01821	MER0030163	24.907	269	143	10	63	294	43	289	4.13e-10	56.6
LOIHNAME_01821	MER0014065	31.683	101	66	2	52	151	34	132	9.39e-10	55.5
LOIHNAME_01821	MER0031616	31.333	150	84	5	7	150	2	138	1.48e-09	55.1
LOIHNAME_01821	MER0011785	28.972	107	64	3	54	153	37	138	1.52e-06	45.8
LOIHNAME_01821	MER0031618	25.781	128	88	3	37	157	16	143	2.32e-06	45.1
LOIHNAME_01821	MER0017123	22.388	134	97	3	36	163	14	146	7.49e-06	43.5
LOIHNAME_01834	MER0014135	44.538	238	132	0	1	238	26	263	1.73e-74	224
LOIHNAME_01858	MER0001313	27.119	118	64	3	10	117	18	123	1.31e-07	46.6
LOIHNAME_01863	MER0002443	47.059	85	40	2	10	94	38	117	1.04e-20	76.6
LOIHNAME_01863	MER0004035	46.809	94	42	4	1	93	25	111	4.10e-19	72.4
LOIHNAME_01863	MER0003986	37.234	94	53	2	1	93	29	117	9.98e-15	61.6
LOIHNAME_01863	MER0004054	35.484	93	40	4	12	95	41	122	1.88e-10	50.4
LOIHNAME_01863	MER0002450	50.000	66	26	4	28	93	53	111	2.67e-08	44.7
LOIHNAME_01863	MER0003805	47.541	61	25	4	35	95	60	113	1.73e-07	42.7
LOIHNAME_01863	MER0003807	34.118	85	49	4	1	84	29	107	2.96e-07	42.4
LOIHNAME_01863	MER0377310	53.704	54	18	4	35	88	60	106	2.74e-06	39.3
LOIHNAME_01863	MER0377307	53.704	54	18	4	35	88	60	106	2.74e-06	39.3
LOIHNAME_01886	MER0005767	36.923	65	39	1	6	70	243	305	1.64e-09	51.6
LOIHNAME_01894	MER0000485	47.778	90	47	0	1	90	148	237	6.03e-24	88.2
LOIHNAME_01894	MER0011056	45.455	88	48	0	1	88	134	221	4.52e-22	82.8
LOIHNAME_01894	MER0000488	45.882	85	46	0	1	85	147	231	4.61e-22	82.8
LOIHNAME_01894	MER0004236	49.398	83	42	0	3	85	176	258	2.18e-21	81.6
LOIHNAME_01894	MER0003442	43.182	88	50	0	1	88	134	221	2.40e-21	80.9
LOIHNAME_01894	MER0003443	50.000	80	40	0	1	80	141	220	7.66e-21	79.7
LOIHNAME_01894	MER0000495	42.045	88	51	0	1	88	156	243	5.19e-20	77.8
LOIHNAME_01894	MER0011057	40.909	88	52	0	1	88	134	221	1.00e-19	76.6
LOIHNAME_01894	MER0014970	44.944	89	49	0	1	89	192	280	5.38e-19	75.9
LOIHNAME_01894	MER0017402	40.698	86	50	1	3	88	117	201	3.79e-16	67.0
LOIHNAME_01894	MER0000496	50.000	64	32	0	1	64	206	269	2.27e-14	63.2
LOIHNAME_01894	MER0108906	41.573	89	50	2	1	88	144	231	3.79e-13	59.3
LOIHNAME_01894	MER0003859	36.047	86	54	1	3	88	141	225	1.98e-12	57.4
LOIHNAME_01894	MER0005837	33.333	87	58	0	4	90	163	249	4.02e-12	56.6
LOIHNAME_01894	MER0026213	32.558	86	58	0	1	86	168	253	9.45e-12	55.8
LOIHNAME_01894	MER0003359	33.721	86	52	1	4	89	143	223	1.50e-09	49.7
LOIHNAME_01894	MER0000491	28.767	73	52	0	5	77	56	128	7.18e-07	42.0
LOIHNAME_01894	MER0017403	31.522	92	61	1	1	90	119	210	8.06e-07	42.0
LOIHNAME_01903	MER0026545	36.129	155	89	3	1	150	121	270	1.47e-25	95.5
LOIHNAME_01903	MER0026496	34.146	164	89	3	1	150	115	273	3.32e-22	86.7
LOIHNAME_01903	MER0042387	32.667	150	94	3	1	147	35	180	1.11e-21	83.6
LOIHNAME_01903	MER0026552	36.620	142	73	5	1	137	29	158	9.52e-21	80.9
LOIHNAME_01903	MER0031491	31.126	151	85	5	3	140	37	181	9.47e-17	70.9
LOIHNAME_01903	MER0002642	32.394	142	87	6	1	139	29	164	7.83e-10	52.0
LOIHNAME_01903	MER0002639	23.529	153	101	4	1	146	29	172	7.39e-08	46.6
LOIHNAME_01976	MER0492485	43.421	76	40	2	4	77	48	122	1.37e-12	58.2
LOIHNAME_01994	MER0037236	26.190	252	164	6	13	243	11	261	9.14e-20	82.8
LOIHNAME_01994	MER0004146	25.758	264	163	8	7	243	4	261	6.01e-19	80.5
LOIHNAME_01994	MER0036053	23.574	263	162	7	17	243	4	263	1.21e-13	65.9
LOIHNAME_01994	MER0036074	24.651	215	128	6	73	254	176	389	3.44e-13	65.5
LOIHNAME_01994	MER0036076	26.695	236	150	9	22	241	63	291	3.56e-13	64.7
LOIHNAME_01994	MER0031611	22.420	281	170	9	11	253	24	294	6.88e-13	63.9
LOIHNAME_01994	MER0036067	26.939	245	145	10	22	240	52	288	1.40e-11	60.1
LOIHNAME_01994	MER0036054	22.394	259	163	6	22	243	17	274	2.96e-11	58.9
LOIHNAME_01994	MER0036068	24.194	248	152	10	22	241	54	293	1.12e-09	54.7
LOIHNAME_01994	MER0036066	23.265	245	159	9	22	242	1	240	2.64e-09	53.1
LOIHNAME_01994	MER0035973	27.119	236	151	8	22	242	57	286	1.20e-08	51.6
LOIHNAME_01994	MER0031610	20.769	260	160	7	22	249	55	300	2.57e-08	50.4
LOIHNAME_01994	MER0017177	37.705	61	38	0	190	250	258	318	5.73e-07	46.6
LOIHNAME_01994	MER0033259	24.806	258	155	11	13	250	22	260	8.76e-07	45.8
LOIHNAME_01994	MER0036059	40.741	54	32	0	188	241	297	350	2.41e-06	44.7
LOIHNAME_01994	MER0017033	20.787	178	118	4	83	243	129	300	4.20e-06	43.9
LOIHNAME_02016	MER0019759	30.909	165	108	3	305	466	68	229	8.79e-19	82.8
LOIHNAME_02016	MER0000997	35.294	153	88	4	288	431	53	203	3.26e-17	77.8
LOIHNAME_02016	MER0001009	28.814	177	118	5	305	477	7	179	6.50e-17	77.0
LOIHNAME_02016	MER0001003	37.984	129	69	4	318	438	53	178	1.02e-16	75.5
LOIHNAME_02016	MER0168983	30.061	163	85	5	283	431	1	148	1.16e-16	75.1
LOIHNAME_02016	MER0004243	32.124	193	95	9	268	431	17	202	1.56e-16	75.9
LOIHNAME_02016	MER0002060	31.414	191	109	6	268	438	20	208	1.60e-16	75.9
LOIHNAME_02016	MER0052595	29.121	182	111	7	274	447	49	220	2.76e-16	75.5
LOIHNAME_02016	MER0002968	31.325	166	107	4	286	447	53	215	3.64e-16	75.1
LOIHNAME_02016	MER0011370	32.824	131	67	5	319	437	81	202	2.15e-15	72.4
LOIHNAME_02016	MER0005045	33.548	155	84	4	288	431	38	184	2.16e-15	72.0
LOIHNAME_02016	MER0011371	34.014	147	77	5	288	422	50	188	2.35e-15	72.4
LOIHNAME_02016	MER0011440	33.103	145	91	4	306	447	69	210	3.05e-15	72.4
LOIHNAME_02016	MER0011369	31.977	172	95	6	288	447	64	225	3.15e-15	72.4
LOIHNAME_02016	MER0168177	33.140	172	99	7	283	447	1	163	3.38e-15	70.9
LOIHNAME_02016	MER0028449	28.241	216	124	9	260	447	9	221	3.66e-15	72.0
LOIHNAME_02016	MER0011438	37.288	118	61	4	320	429	82	194	7.61e-15	70.9
LOIHNAME_02016	MER0001010	28.962	183	120	5	288	464	29	207	8.79e-15	70.5
LOIHNAME_02016	MER0001005	33.065	124	78	2	305	424	34	156	1.50e-14	69.3
LOIHNAME_02016	MER0001012	32.680	153	80	5	307	447	75	216	1.75e-14	70.1
LOIHNAME_02016	MER0002210	31.034	116	76	2	320	431	40	155	6.97e-14	66.6
LOIHNAME_02016	MER0005331	34.848	132	80	3	319	447	82	210	7.21e-14	68.2
LOIHNAME_02016	MER0002746	27.108	166	108	5	308	466	71	230	1.71e-13	67.4
LOIHNAME_02016	MER0002003	31.953	169	100	7	288	447	55	217	2.04e-13	67.0
LOIHNAME_02016	MER0005046	26.984	189	114	5	271	438	6	191	2.57e-13	66.2
LOIHNAME_02016	MER0011423	33.094	139	72	4	320	447	86	214	3.89e-13	65.9
LOIHNAME_02016	MER0011175	30.645	124	81	3	319	438	81	203	4.70e-13	65.5
LOIHNAME_02016	MER0002078	27.607	163	111	3	308	466	71	230	5.23e-13	65.9
LOIHNAME_02016	MER0091680	32.450	151	88	4	319	462	72	215	8.37e-13	65.1
LOIHNAME_02016	MER0002422	29.605	152	91	4	288	431	49	192	8.75e-13	64.7
LOIHNAME_02016	MER0011401	31.250	128	80	2	311	431	67	193	1.01e-12	64.7
LOIHNAME_02016	MER0019754	27.136	199	114	7	274	447	3	195	1.10e-12	64.3
LOIHNAME_02016	MER0002355	27.317	205	98	9	271	449	23	202	1.48e-11	61.6
LOIHNAME_02016	MER0015166	29.752	121	82	2	320	437	103	223	2.05e-11	61.2
LOIHNAME_02016	MER0001701	27.215	158	99	5	285	431	34	186	4.02e-11	60.1
LOIHNAME_02016	MER0016308	30.000	130	76	4	318	438	53	176	5.14e-11	58.9
LOIHNAME_02016	MER0011183	27.273	154	101	5	319	466	74	222	9.78e-11	58.9
LOIHNAME_02016	MER0006264	24.551	167	113	4	288	447	22	182	1.28e-10	57.8
LOIHNAME_02016	MER0036308	34.646	127	68	5	320	437	83	203	2.41e-10	58.2
LOIHNAME_02016	MER0026830	38.462	65	40	0	288	352	52	116	6.09e-10	55.8
LOIHNAME_02016	MER0001185	26.842	190	112	7	271	438	24	208	8.07e-10	56.2
LOIHNAME_02016	MER0171631	32.117	137	59	6	271	377	17	149	1.67e-09	55.1
LOIHNAME_02016	MER0011720	29.379	177	98	9	271	431	23	188	2.27e-09	54.7
LOIHNAME_02016	MER0001017	30.282	142	87	5	319	451	84	222	2.55e-09	55.1
LOIHNAME_02016	MER0019730	24.405	168	101	5	309	452	73	238	2.76e-09	55.1
LOIHNAME_02016	MER0011345	28.777	139	90	6	320	451	85	221	1.92e-08	52.4
LOIHNAME_02016	MER0005328	34.146	123	71	5	318	431	72	193	6.71e-08	50.1
LOIHNAME_02016	MER0011400	29.333	150	79	4	305	436	69	209	1.09e-07	50.1
LOIHNAME_02016	MER0001013	28.000	150	96	5	308	449	74	219	1.19e-07	50.1
LOIHNAME_02016	MER0019096	25.000	152	98	6	319	468	60	197	1.95e-07	48.9
LOIHNAME_02016	MER0002281	31.818	88	44	2	277	355	41	121	2.64e-07	48.9
LOIHNAME_02016	MER0001525	31.081	74	49	1	288	359	57	130	3.85e-07	48.5
LOIHNAME_02016	MER0012271	36.364	44	28	0	313	356	79	122	5.26e-07	48.1
LOIHNAME_02016	MER0001001	24.638	207	107	9	260	431	3	195	6.44e-07	47.4
LOIHNAME_02016	MER0002755	40.541	37	22	0	320	356	75	111	9.21e-07	47.0
LOIHNAME_02016	MER0116688	24.615	195	124	4	260	431	3	197	9.75e-07	47.4
LOIHNAME_02016	MER0040779	28.972	107	66	2	320	426	82	178	1.12e-06	46.6
LOIHNAME_02016	MER0003916	29.268	123	81	3	320	440	71	189	3.82e-06	45.1
LOIHNAME_02016	MER0011399	35.556	90	39	5	278	350	25	112	3.91e-06	45.4
LOIHNAME_02016	MER0003500	27.857	140	77	4	305	431	55	183	5.05e-06	44.7
LOIHNAME_02016	MER0002865	22.414	174	119	4	285	453	15	177	5.29e-06	44.3
LOIHNAME_02016	MER0012283	30.556	144	77	7	308	437	73	207	7.88e-06	44.3
LOIHNAME_02020	MER0002251	45.946	185	98	2	12	194	46	230	6.47e-56	174
LOIHNAME_02020	MER0001335	37.113	194	115	4	1	191	37	226	5.41e-41	135
LOIHNAME_02053	MER0001161	38.700	677	400	8	1	666	1	673	2.76e-166	489
LOIHNAME_02053	MER0001158	35.863	672	421	8	3	666	3	672	6.58e-140	422
LOIHNAME_02053	MER0006087	35.797	690	411	15	3	667	12	694	2.11e-135	411
LOIHNAME_02053	MER0015119	35.515	718	397	18	3	667	8	712	9.41e-134	407
LOIHNAME_02053	MER0108144	32.982	664	401	17	31	666	10	657	4.03e-101	320
LOIHNAME_02053	MER0001149	31.388	634	401	15	49	666	56	671	9.42e-92	296
LOIHNAME_02053	MER0003110	30.703	697	404	19	31	664	28	708	1.40e-87	286
LOIHNAME_02053	MER0001942	29.226	633	416	14	49	666	56	671	5.62e-84	275
LOIHNAME_02053	MER0001153	30.853	645	408	16	49	666	54	687	1.25e-83	275
LOIHNAME_02053	MER0079465	30.769	585	365	16	106	664	57	627	3.15e-75	251
LOIHNAME_02053	MER0015170	25.478	628	419	17	52	666	34	625	1.73e-55	197
LOIHNAME_02053	MER0001156	26.774	620	389	21	77	648	82	684	2.26e-47	175
LOIHNAME_02053	MER0021317	29.487	78	55	0	425	502	10	87	2.13e-08	48.9
LOIHNAME_02087	MER0001423	82.759	232	40	0	267	498	1	232	7.73e-149	422
LOIHNAME_02087	MER0000399	46.914	243	119	6	262	498	17	255	2.88e-69	219
LOIHNAME_02087	MER0000401	45.106	235	122	4	268	498	26	257	9.09e-64	205
LOIHNAME_02087	MER0000405	44.583	240	122	6	264	496	28	263	2.30e-63	204
LOIHNAME_02087	MER0058228	40.084	237	139	3	268	502	7	242	2.01e-59	193
LOIHNAME_02087	MER0005196	39.394	231	137	3	268	497	22	250	1.55e-58	191
LOIHNAME_02087	MER0005987	42.105	228	122	6	275	497	35	257	1.23e-54	181
LOIHNAME_02087	MER0011413	36.709	237	146	2	266	498	2	238	2.88e-54	179
LOIHNAME_02087	MER0011305	40.637	251	140	6	252	497	4	250	1.09e-53	178
LOIHNAME_02087	MER0011231	37.643	263	155	6	243	500	1	259	4.59e-53	177
LOIHNAME_02087	MER0004504	40.455	220	119	4	271	481	2	218	3.10e-50	169
LOIHNAME_02087	MER0013484	37.220	223	126	3	268	481	4	221	5.31e-50	168
LOIHNAME_02087	MER0004923	36.287	237	147	2	249	481	36	272	2.03e-48	166
LOIHNAME_02087	MER0004921	34.361	227	128	5	266	481	2	218	1.33e-47	162
LOIHNAME_02087	MER0000403	33.054	239	151	5	268	500	25	260	5.76e-43	150
LOIHNAME_02087	MER0000404	35.743	249	146	7	255	494	13	256	3.99e-42	148
LOIHNAME_02087	MER0192427	33.906	233	147	3	252	481	50	278	7.82e-42	147
LOIHNAME_02087	MER0005994	33.333	213	141	1	287	498	48	260	1.09e-41	147
LOIHNAME_02087	MER0195666	34.008	247	143	6	268	502	1	239	3.17e-40	142
LOIHNAME_02087	MER0004193	34.034	238	150	5	268	502	3	236	6.46e-40	141
LOIHNAME_02087	MER0004199	34.649	228	137	6	275	498	1	220	1.21e-37	135
LOIHNAME_02087	MER0003361	32.877	219	128	8	269	479	20	227	1.18e-29	113
LOIHNAME_02087	MER0005988	39.091	110	66	1	373	481	2	111	2.21e-21	86.3
LOIHNAME_02087	MER0005807	29.268	205	134	5	281	481	62	259	4.51e-17	78.2
LOIHNAME_02087	MER0034615	28.085	235	156	4	261	485	3	234	5.90e-17	77.4
LOIHNAME_02087	MER0017401	28.063	253	149	10	263	497	2	239	2.46e-15	72.4
LOIHNAME_02087	MER0018170	24.312	218	147	3	276	480	20	232	3.25e-14	69.3
LOIHNAME_02087	MER0003558	23.944	213	150	3	281	486	39	246	5.88e-14	68.9
LOIHNAME_02087	MER0000408	22.979	235	163	4	260	481	4	233	6.52e-13	65.5
LOIHNAME_02087	MER0140224	28.042	189	122	3	307	482	33	220	2.65e-12	63.5
LOIHNAME_02087	MER0015682	25.000	296	193	11	202	480	3	286	9.69e-12	62.8
LOIHNAME_02087	MER0126485	26.946	167	112	4	322	480	52	216	2.13e-10	57.8
LOIHNAME_02087	MER0004925	26.984	252	152	8	249	480	1	240	6.62e-10	56.6
LOIHNAME_02087	MER0001920	21.875	224	147	4	276	481	14	227	1.14e-09	55.8
LOIHNAME_02087	MER0000263	22.458	236	153	7	264	481	2	225	2.35e-09	54.7
LOIHNAME_02087	MER0016096	22.785	237	162	8	264	485	2	232	2.84e-09	54.7
LOIHNAME_02087	MER0030932	28.369	141	94	2	346	479	84	224	5.36e-09	53.9
LOIHNAME_02087	MER0014827	27.381	252	151	9	249	480	1	240	1.50e-08	52.8
LOIHNAME_02087	MER0006027	25.110	227	139	7	274	481	24	238	4.32e-08	51.2
LOIHNAME_02087	MER0011583	22.609	230	147	9	266	479	10	224	1.73e-07	49.3
LOIHNAME_02087	MER0015621	22.464	138	103	2	257	394	26	159	5.40e-06	45.1
LOIHNAME_02113	MER0034539	53.846	208	94	2	2	208	1	207	1.30e-79	246
LOIHNAME_02113	MER0033254	37.037	189	103	7	2	179	1	184	2.80e-27	107
LOIHNAME_02129	MER0014188	34.066	91	54	3	115	204	1	86	9.67e-13	60.1
LOIHNAME_02129	MER0024252	38.144	97	52	3	127	217	14	108	1.18e-12	60.1
LOIHNAME_02129	MER0002443	35.870	92	56	3	115	204	1	91	2.01e-11	56.6
LOIHNAME_02129	MER0001322	32.692	104	59	4	115	214	1	97	6.44e-10	52.4
LOIHNAME_02129	MER0003807	35.366	82	49	4	126	204	12	92	1.20e-08	48.9
LOIHNAME_02129	MER0003808	29.565	115	69	3	119	233	5	107	3.71e-08	47.4
LOIHNAME_02129	MER0376722	32.941	85	54	2	120	204	6	87	4.27e-08	47.0
LOIHNAME_02129	MER0003805	28.571	119	69	4	117	233	3	107	9.14e-08	46.2
LOIHNAME_02129	MER0377450	32.222	90	54	3	117	204	3	87	5.09e-07	43.5
LOIHNAME_02129	MER0014672	29.464	112	60	4	123	218	9	117	1.35e-06	43.1
LOIHNAME_02129	MER0377310	29.000	100	65	4	119	216	5	100	2.65e-06	42.0
LOIHNAME_02129	MER0377307	29.000	100	65	4	119	216	5	100	2.65e-06	42.0
LOIHNAME_02129	MER0002450	27.586	116	70	4	119	233	5	107	3.06e-06	42.0
LOIHNAME_02152	MER0066178	32.824	131	77	3	11	140	58	178	2.64e-12	60.1
LOIHNAME_02181	MER0019759	33.019	212	128	5	276	477	22	229	4.48e-27	107
LOIHNAME_02181	MER0002746	37.383	214	117	8	276	477	22	230	5.27e-27	107
LOIHNAME_02181	MER0002968	36.066	183	111	3	274	450	25	207	3.98e-26	104
LOIHNAME_02181	MER0011440	32.075	212	134	5	264	468	12	220	2.03e-23	96.3
LOIHNAME_02181	MER0011183	30.374	214	136	4	274	477	12	222	3.92e-23	95.5
LOIHNAME_02181	MER0000997	33.846	195	107	3	272	450	21	209	6.08e-23	95.1
LOIHNAME_02181	MER0001010	33.171	205	124	5	276	470	1	202	1.73e-22	93.2
LOIHNAME_02181	MER0002003	31.980	197	114	5	274	456	25	215	2.38e-22	93.2
LOIHNAME_02181	MER0004243	32.653	196	108	4	272	450	20	208	3.67e-22	92.8
LOIHNAME_02181	MER0091680	31.707	205	131	4	276	473	13	215	7.95e-22	91.7
LOIHNAME_02181	MER0005331	34.555	191	101	5	275	450	21	202	3.96e-21	89.7
LOIHNAME_02181	MER0011369	29.897	194	123	4	275	458	35	225	4.97e-21	89.7
LOIHNAME_02181	MER0002060	29.688	192	125	3	272	455	23	212	5.85e-21	89.4
LOIHNAME_02181	MER0005045	32.447	188	117	5	276	455	10	195	7.52e-21	88.6
LOIHNAME_02181	MER0005046	30.890	191	116	5	276	455	10	195	9.20e-21	88.2
LOIHNAME_02181	MER0001005	33.526	173	93	6	294	451	5	170	9.92e-21	87.4
LOIHNAME_02181	MER0001003	35.000	180	106	5	281	451	1	178	2.96e-20	86.3
LOIHNAME_02181	MER0001009	34.118	170	92	4	332	489	19	180	4.51e-20	86.7
LOIHNAME_02181	MER0001012	27.273	220	141	3	252	458	3	216	8.35e-20	85.9
LOIHNAME_02181	MER0028449	32.984	191	115	5	278	456	30	219	9.36e-20	85.9
LOIHNAME_02181	MER0001185	29.843	191	121	5	272	453	24	210	1.45e-19	85.1
LOIHNAME_02181	MER0002078	29.358	218	133	6	274	477	20	230	6.30e-19	84.0
LOIHNAME_02181	MER0006264	30.556	180	101	6	287	451	5	175	1.37e-18	81.3
LOIHNAME_02181	MER0011438	29.670	182	121	4	273	447	18	199	6.21e-18	80.5
LOIHNAME_02181	MER0002422	30.653	199	124	6	259	450	7	198	6.64e-18	80.1
LOIHNAME_02181	MER0011371	27.228	202	108	5	275	453	21	206	2.50e-17	78.6
LOIHNAME_02181	MER0011423	32.738	168	101	4	295	451	41	207	9.07e-17	77.0
LOIHNAME_02181	MER0016308	34.444	180	101	7	283	451	3	176	1.07e-16	75.9
LOIHNAME_02181	MER0168177	32.558	129	77	2	333	458	42	163	8.16e-16	72.8
LOIHNAME_02181	MER0168983	29.870	154	94	5	287	439	3	143	1.03e-15	72.4
LOIHNAME_02181	MER0052595	28.713	202	115	5	272	454	25	216	1.20e-15	73.9
LOIHNAME_02181	MER0011720	30.556	180	110	5	275	450	26	194	1.30e-15	73.6
LOIHNAME_02181	MER0015166	26.667	225	134	5	249	450	7	223	2.03e-15	73.6
LOIHNAME_02181	MER0001701	27.451	204	125	8	264	453	1	195	7.26e-15	71.6
LOIHNAME_02181	MER0002355	29.208	202	126	5	275	468	26	218	7.55e-15	71.6
LOIHNAME_02181	MER0011370	24.873	197	109	5	277	450	22	202	2.30e-14	69.7
LOIHNAME_02181	MER0003500	25.521	192	125	5	285	464	18	203	6.66e-14	68.6
LOIHNAME_02181	MER0011175	27.368	190	123	5	273	451	18	203	7.10e-14	68.6
LOIHNAME_02181	MER0002210	29.936	157	98	3	299	445	2	156	1.72e-13	65.9
LOIHNAME_02181	MER0040779	27.742	155	100	4	300	451	45	190	1.85e-12	63.9
LOIHNAME_02181	MER0003916	26.316	190	134	5	273	458	7	194	3.34e-12	63.2
LOIHNAME_02181	MER0011400	29.714	175	114	4	285	450	29	203	5.69e-12	63.5
LOIHNAME_02181	MER0019096	25.625	160	103	4	326	480	50	198	1.10e-11	61.6
LOIHNAME_02181	MER0026830	35.185	108	68	1	271	376	19	126	1.16e-11	61.2
LOIHNAME_02181	MER0116688	27.461	193	109	7	291	464	37	217	7.10e-11	60.1
LOIHNAME_02181	MER0011401	28.313	166	84	5	304	446	42	195	8.60e-11	59.3
LOIHNAME_02181	MER0011399	24.444	180	116	4	287	453	33	205	8.23e-10	57.0
LOIHNAME_02181	MER0011345	25.123	203	136	5	269	462	26	221	1.16e-09	56.6
LOIHNAME_02181	MER0005328	28.655	171	106	5	287	447	32	196	1.25e-09	55.8
LOIHNAME_02181	MER0002755	26.374	182	114	5	265	435	11	183	1.47e-09	55.5
LOIHNAME_02181	MER0036308	27.907	172	107	4	287	450	41	203	1.98e-09	55.8
LOIHNAME_02181	MER0001017	25.683	183	120	5	287	459	43	219	1.13e-08	53.5
LOIHNAME_02181	MER0171631	29.630	108	71	2	262	364	7	114	1.19e-08	53.1
LOIHNAME_02181	MER0005037	24.590	183	124	5	276	445	3	184	1.57e-08	52.4
LOIHNAME_02181	MER0012283	24.873	197	134	5	269	458	26	215	1.71e-08	52.8
LOIHNAME_02181	MER0019754	25.654	191	121	7	275	450	3	187	1.51e-07	49.7
LOIHNAME_02181	MER0002281	27.108	166	105	5	280	436	37	195	4.08e-07	48.9
LOIHNAME_02181	MER0002658	26.619	139	80	2	336	459	1	132	7.88e-07	46.6
LOIHNAME_02181	MER0001013	24.352	193	132	4	256	441	14	199	9.79e-07	47.8
LOIHNAME_02181	MER0001001	19.681	188	146	2	276	458	22	209	1.57e-06	46.6
