JBCIMJMK_00037	MER0037236	28.968	252	157	6	12	242	11	261	1.24e-21	87.8
JBCIMJMK_00037	MER0004146	25.483	259	164	10	9	242	7	261	3.66e-16	72.8
JBCIMJMK_00037	MER0031611	22.264	265	173	7	16	252	35	294	1.40e-13	65.9
JBCIMJMK_00037	MER0036066	21.633	245	163	8	21	241	1	240	1.94e-10	56.2
JBCIMJMK_00037	MER0003537	24.121	199	121	6	80	250	88	284	6.87e-09	52.0
JBCIMJMK_00037	MER0036053	21.509	265	165	7	16	242	4	263	1.96e-08	50.4
JBCIMJMK_00037	MER0017033	21.196	184	114	4	80	242	127	300	4.54e-08	49.7
JBCIMJMK_00037	MER0036068	25.287	174	109	6	86	240	122	293	9.44e-08	48.9
JBCIMJMK_00037	MER0017142	24.309	181	106	4	82	240	73	244	1.10e-07	48.1
JBCIMJMK_00037	MER0035973	23.977	171	114	5	82	241	121	286	3.22e-07	47.0
JBCIMJMK_00037	MER0036074	21.675	203	121	6	84	251	188	387	3.94e-07	47.0
JBCIMJMK_00037	MER0017193	21.071	280	181	7	2	250	7	277	4.83e-07	46.6
JBCIMJMK_00037	MER0011509	28.800	125	73	4	3	120	29	144	6.63e-07	46.2
JBCIMJMK_00037	MER0000437	22.143	280	171	9	15	251	21	296	1.28e-06	45.4
JBCIMJMK_00037	MER0036059	36.207	58	37	0	183	240	293	350	1.34e-06	45.4
JBCIMJMK_00037	MER0011785	30.137	146	73	9	1	126	12	148	2.11e-06	44.7
JBCIMJMK_00037	MER0036054	27.200	125	82	3	127	246	154	274	3.32e-06	43.9
JBCIMJMK_00037	MER0036067	23.868	243	155	12	21	239	52	288	4.29e-06	43.9
JBCIMJMK_00037	MER0036115	24.138	174	105	5	18	178	33	192	7.72e-06	43.1
JBCIMJMK_00045	MER0001009	25.157	159	111	4	407	559	5	161	2.89e-09	54.7
JBCIMJMK_00045	MER0001010	24.476	143	101	3	423	559	61	202	4.39e-07	48.1
JBCIMJMK_00045	MER0091680	25.161	155	106	5	417	564	66	217	1.11e-06	47.0
JBCIMJMK_00045	MER0002746	21.860	215	147	6	358	556	11	220	4.23e-06	45.4
JBCIMJMK_00045	MER0001012	22.727	220	149	10	344	548	4	217	9.44e-06	44.3
JBCIMJMK_00049	MER0000277	36.866	217	124	7	219	424	3	217	2.38e-29	112
JBCIMJMK_00049	MER0054461	32.143	252	131	9	220	445	20	257	3.86e-21	90.1
JBCIMJMK_00049	MER0005081	32.212	208	118	7	226	422	2	197	9.64e-17	75.9
JBCIMJMK_00060	MER0002251	47.639	233	116	4	2	231	1	230	1.26e-68	207
JBCIMJMK_00060	MER0001335	41.048	229	128	4	3	228	2	226	1.72e-54	171
JBCIMJMK_00082	MER0000474	52.660	188	89	0	34	221	16	203	3.09e-74	221
JBCIMJMK_00082	MER0005687	51.064	188	87	1	36	223	27	209	1.35e-68	206
JBCIMJMK_00082	MER0002211	51.020	196	94	1	27	222	11	204	3.98e-66	200
JBCIMJMK_00082	MER0004857	50.785	191	92	2	32	221	14	203	4.01e-65	197
JBCIMJMK_00082	MER0006046	49.206	189	96	0	33	221	15	203	9.37e-65	196
JBCIMJMK_00082	MER0002299	48.649	185	95	0	36	220	12	196	5.96e-62	189
JBCIMJMK_00082	MER0004855	48.555	173	89	0	49	221	33	205	6.35e-60	184
JBCIMJMK_00082	MER0006063	45.055	182	100	0	40	221	23	204	2.26e-56	175
JBCIMJMK_00082	MER0004847	46.842	190	100	1	34	222	16	205	6.22e-54	169
JBCIMJMK_00082	MER0006056	46.512	172	91	1	50	221	37	207	6.02e-52	164
JBCIMJMK_00082	MER0006308	39.773	176	105	1	49	223	21	196	1.04e-47	153
JBCIMJMK_00082	MER0004182	39.474	190	115	0	35	224	13	202	7.38e-47	150
JBCIMJMK_00082	MER0011666	42.012	169	96	1	55	221	17	185	7.80e-43	140
JBCIMJMK_00082	MER0001369	39.506	81	47	1	76	156	52	130	5.90e-07	44.3
JBCIMJMK_00106	MER0000576	44.348	115	63	1	34	148	1	114	3.68e-35	115
JBCIMJMK_00106	MER0000569	36.957	92	57	1	57	147	23	114	1.06e-17	70.9
JBCIMJMK_00106	MER0006172	38.158	76	46	1	57	132	4	78	5.74e-12	55.1
JBCIMJMK_00106	MER0000587	31.858	113	63	6	31	132	8	117	7.29e-09	48.1
