CIBIOEIA_00007	MER0036115	33.962	106	60	6	69	167	30	132	4.38e-07	47.0
CIBIOEIA_00007	MER0031611	26.882	93	54	3	69	151	34	122	2.14e-06	45.1
CIBIOEIA_00035	MER0065554	48.077	260	124	2	282	531	2	260	3.40e-80	249
CIBIOEIA_00035	MER0437468	37.822	349	201	6	198	531	1	348	2.78e-72	231
CIBIOEIA_00035	MER0436717	36.070	402	181	12	198	531	1	394	1.80e-59	199
CIBIOEIA_00039	MER0045886	44.541	229	118	5	4	227	12	236	2.63e-51	172
CIBIOEIA_00039	MER0044889	37.339	233	137	6	1	228	14	242	2.42e-42	148
CIBIOEIA_00039	MER0038086	34.375	224	132	4	6	214	29	252	2.17e-35	129
CIBIOEIA_00039	MER0436735	30.112	269	137	7	3	227	1	262	4.89e-32	120
CIBIOEIA_00039	MER0042974	33.505	194	114	6	13	195	1	190	3.01e-27	105
CIBIOEIA_00039	MER0043387	34.270	178	113	3	21	196	1	176	5.09e-25	98.6
CIBIOEIA_00039	MER0043537	34.054	185	111	6	6	184	2	181	4.51e-22	90.9
CIBIOEIA_00039	MER0043392	29.252	147	84	6	48	185	23	158	7.21e-07	46.2
CIBIOEIA_00039	MER0044622	27.778	180	94	7	42	204	70	230	6.76e-06	44.7
CIBIOEIA_00072	MER0001602	40.476	126	75	0	82	207	14	139	3.39e-34	116
CIBIOEIA_00072	MER0027775	31.818	132	64	6	76	204	8	116	8.83e-09	49.3
CIBIOEIA_00074	MER0045479	23.600	250	155	9	35	271	7	233	9.70e-06	43.1
CIBIOEIA_00173	MER0005778	28.221	163	100	5	68	225	27	177	5.82e-09	54.7
CIBIOEIA_00173	MER0005764	28.743	167	104	4	62	225	22	176	6.77e-09	54.7
CIBIOEIA_00173	MER0006012	27.891	147	77	6	63	201	18	143	1.41e-07	47.8
CIBIOEIA_00173	MER0004682	27.684	177	103	7	61	227	24	185	1.89e-07	50.1
CIBIOEIA_00173	MER0011754	27.429	175	101	6	62	225	22	181	3.04e-07	49.3
CIBIOEIA_00173	MER0004615	29.054	148	89	6	63	208	25	158	3.61e-07	49.3
CIBIOEIA_00173	MER0010960	27.429	175	102	9	39	208	5	159	3.74e-07	49.3
CIBIOEIA_00173	MER0016609	24.876	201	130	6	68	261	28	214	5.93e-07	48.5
CIBIOEIA_00173	MER0000428	27.632	152	93	6	62	212	20	155	6.85e-07	48.1
CIBIOEIA_00173	MER0005833	31.293	147	82	6	61	205	21	150	1.10e-06	47.8
CIBIOEIA_00173	MER0000413	25.676	148	100	3	65	210	38	177	1.32e-06	47.4
CIBIOEIA_00173	MER0005701	29.213	178	102	8	59	225	16	180	4.53e-06	45.8
CIBIOEIA_00173	MER0003414	28.144	167	99	8	42	205	6	154	4.91e-06	45.4
CIBIOEIA_00174	MER0073084	20.455	484	336	13	33	491	9	468	1.08e-19	89.4
CIBIOEIA_00177	MER0005767	25.000	260	164	6	57	315	29	258	1.50e-10	58.5
CIBIOEIA_00179	MER0209507	35.106	94	53	4	97	187	5	93	1.93e-08	47.8
CIBIOEIA_00179	MER0066178	39.655	58	35	0	110	167	112	169	1.29e-06	44.3
