HKLHLFIF_00021	MER0195376	35.052	194	97	5	218	393	1	183	2.79e-25	99.4
HKLHLFIF_00041	MER0042827	56.701	97	42	0	976	1072	1	97	2.93e-30	112
HKLHLFIF_00047	MER0001284	30.405	148	88	5	63	207	4	139	1.86e-12	63.9
HKLHLFIF_00047	MER0100667	34.831	89	54	2	141	225	54	142	1.18e-09	55.1
HKLHLFIF_00047	MER0004514	27.619	105	74	1	105	207	35	139	2.98e-09	54.3
HKLHLFIF_00047	MER0005239	25.339	221	128	8	105	316	68	260	7.03e-07	47.4
HKLHLFIF_00062	MER0078640	37.190	363	199	8	12	361	1	347	7.33e-68	214
HKLHLFIF_00062	MER0060647	35.912	362	210	7	12	362	1	351	9.13e-68	214
HKLHLFIF_00062	MER0044812	40.400	250	125	8	139	373	4	244	5.66e-52	170
HKLHLFIF_00062	MER0043540	38.140	215	129	2	156	369	17	228	4.47e-49	162
HKLHLFIF_00062	MER0045945	40.957	188	108	3	178	365	29	213	2.05e-45	152
HKLHLFIF_00062	MER0046161	42.424	198	106	4	174	369	58	249	5.07e-44	150
HKLHLFIF_00062	MER0115185	51.064	141	67	1	220	360	5	143	1.25e-41	140
HKLHLFIF_00062	MER0436691	31.273	275	146	5	102	371	14	250	3.60e-39	137
HKLHLFIF_00062	MER0043195	22.289	166	112	5	223	371	54	219	7.19e-07	47.0
HKLHLFIF_00062	MER0043537	24.479	192	91	8	193	357	14	178	6.28e-06	43.1
HKLHLFIF_00100	MER0015424	27.528	534	284	21	106	558	6	517	6.17e-32	127
HKLHLFIF_00100	MER0016991	29.817	218	108	11	254	452	146	337	3.67e-08	52.4
HKLHLFIF_00100	MER0161312	35.043	117	61	5	327	438	255	361	2.41e-07	50.1
HKLHLFIF_00100	MER0019280	33.133	166	83	6	276	441	167	304	6.01e-07	48.5
HKLHLFIF_00100	MER0026564	28.230	209	110	9	324	502	294	492	2.86e-06	47.0
HKLHLFIF_00100	MER0002529	32.727	165	93	6	260	413	379	536	4.60e-06	46.6
HKLHLFIF_00107	MER0015424	28.169	497	267	19	28	449	38	519	8.92e-38	143
HKLHLFIF_00107	MER0016991	28.873	284	137	11	63	317	78	325	4.32e-14	70.5
HKLHLFIF_00107	MER0000349	28.448	232	121	9	63	278	144	346	3.19e-11	62.0
HKLHLFIF_00107	MER0001725	28.197	305	168	13	21	314	50	314	4.60e-10	58.2
HKLHLFIF_00107	MER0014446	36.957	92	48	3	208	296	318	402	1.05e-08	54.3
HKLHLFIF_00107	MER0114485	42.647	68	32	2	208	275	270	330	1.34e-08	53.9
HKLHLFIF_00107	MER0161312	36.047	86	45	2	213	295	256	334	1.65e-08	53.5
HKLHLFIF_00107	MER0028258	25.296	253	154	10	61	290	102	342	2.68e-08	52.8
HKLHLFIF_00107	MER0005712	24.028	283	167	11	59	307	84	352	3.41e-08	52.4
HKLHLFIF_00107	MER0016983	25.818	275	153	11	63	319	71	312	3.72e-08	52.0
HKLHLFIF_00107	MER0030016	26.389	216	116	8	61	272	83	259	3.77e-08	51.6
HKLHLFIF_00107	MER0019280	33.628	113	62	3	201	313	200	299	6.31e-08	51.2
HKLHLFIF_00107	MER0047718	26.336	262	119	11	61	270	70	309	7.06e-08	51.2
HKLHLFIF_00107	MER0000351	27.313	227	101	10	63	272	106	285	1.25e-07	50.1
HKLHLFIF_00107	MER0005498	32.836	67	40	1	253	319	264	325	1.44e-07	50.4
HKLHLFIF_00107	MER0000320	25.316	237	135	10	59	291	65	263	1.83e-07	49.7
HKLHLFIF_00107	MER0000321	27.311	238	132	12	61	295	153	352	2.12e-07	50.1
HKLHLFIF_00107	MER0017009	27.143	210	132	6	62	270	116	305	2.61e-07	49.7
HKLHLFIF_00107	MER0015432	25.692	253	145	10	59	271	83	332	1.63e-06	47.4
HKLHLFIF_00107	MER0016688	24.820	278	161	14	17	272	26	277	1.73e-06	47.0
HKLHLFIF_00107	MER0014465	32.000	100	58	3	223	319	381	473	2.96e-06	46.6
HKLHLFIF_00107	MER0005824	34.188	117	60	4	196	301	410	520	3.08e-06	46.6
HKLHLFIF_00107	MER0000353	26.697	221	94	9	63	265	157	327	3.64e-06	45.8
HKLHLFIF_00107	MER0005756	32.624	141	66	6	157	271	219	356	7.67e-06	45.1
HKLHLFIF_00107	MER0002267	25.094	267	133	10	63	317	71	282	8.69e-06	44.7
HKLHLFIF_00128	MER0034582	28.972	321	198	10	452	754	12	320	1.11e-34	132
HKLHLFIF_00141	MER0001333	30.061	163	75	7	20	180	74	199	5.22e-12	60.8
HKLHLFIF_00141	MER0013458	29.508	122	70	5	60	180	54	160	4.20e-09	51.6
HKLHLFIF_00141	MER0005742	24.823	141	66	4	39	179	1	101	4.12e-06	41.2
HKLHLFIF_00145	MER0001243	36.905	252	156	3	1	249	1	252	5.79e-57	180
HKLHLFIF_00145	MER0001342	38.174	241	149	0	6	246	7	247	9.30e-57	180
HKLHLFIF_00145	MER0005690	38.397	237	145	1	10	246	11	246	1.31e-54	174
HKLHLFIF_00145	MER0015127	38.075	239	147	1	8	246	9	246	6.79e-53	169
HKLHLFIF_00145	MER0015128	35.021	237	148	3	13	246	14	247	1.95e-49	160
HKLHLFIF_00145	MER0013929	36.475	244	154	1	5	248	6	248	9.02e-49	159
HKLHLFIF_00145	MER0013589	34.711	242	157	1	5	246	2	242	1.05e-44	148
HKLHLFIF_00145	MER0013450	32.787	244	162	2	5	246	4	247	2.17e-44	147
HKLHLFIF_00145	MER0004931	28.431	204	130	6	5	204	6	197	7.49e-19	80.1
HKLHLFIF_00145	MER0010972	22.917	240	167	2	7	246	8	229	5.42e-18	77.8
HKLHLFIF_00145	MER0003880	28.000	200	129	4	32	227	25	213	9.22e-16	72.4
HKLHLFIF_00145	MER0004532	27.619	210	131	6	1	204	2	196	2.30e-13	64.7
HKLHLFIF_00145	MER0024896	27.928	111	80	0	5	115	6	116	1.35e-12	63.9
HKLHLFIF_00145	MER0024896	25.833	120	82	2	133	246	348	466	1.15e-09	55.5
HKLHLFIF_00145	MER0001728	30.455	220	133	8	2	207	2	215	1.25e-10	57.8
HKLHLFIF_00145	MER0011746	25.234	214	141	7	13	213	14	221	1.84e-10	57.4
HKLHLFIF_00145	MER0002038	27.132	129	89	2	77	204	74	198	1.65e-09	53.5
HKLHLFIF_00145	MER0001244	26.222	225	131	9	1	202	2	214	4.28e-08	49.7
HKLHLFIF_00145	MER0005462	22.905	179	132	3	1	178	2	175	2.28e-07	47.4
HKLHLFIF_00145	MER0013463	24.554	224	137	7	1	204	2	213	5.28e-06	43.5
HKLHLFIF_00172	MER0026545	38.378	185	91	6	86	259	96	268	1.10e-34	123
HKLHLFIF_00172	MER0026552	36.145	166	84	3	89	248	9	158	1.58e-25	96.7
HKLHLFIF_00172	MER0042387	30.233	172	104	5	91	256	17	178	3.38e-25	95.9
HKLHLFIF_00172	MER0026496	30.337	178	116	4	89	259	95	271	1.77e-21	88.2
HKLHLFIF_00172	MER0031491	29.412	170	100	4	94	251	20	181	2.07e-21	86.3
HKLHLFIF_00172	MER0002642	25.281	178	120	4	87	260	7	175	6.67e-11	57.0
HKLHLFIF_00172	MER0002639	23.699	173	121	3	87	256	7	171	2.16e-09	52.8
HKLHLFIF_00208	MER0281397	24.510	204	126	6	121	302	4	201	2.36e-12	62.4
HKLHLFIF_00208	MER1143079	24.561	228	145	9	108	320	31	246	5.34e-10	56.6
HKLHLFIF_00267	MER0005300	27.642	123	82	3	274	395	46	162	4.58e-10	55.1
HKLHLFIF_00267	MER0013541	38.806	67	40	1	300	365	2	68	5.99e-08	47.0
HKLHLFIF_00267	MER0015415	25.625	160	100	6	246	395	18	168	7.17e-07	45.8
HKLHLFIF_00283	MER0005169	33.237	346	216	6	11	351	5	340	6.15e-53	175
HKLHLFIF_00283	MER0013829	30.878	353	227	8	12	357	6	348	1.16e-49	167
HKLHLFIF_00283	MER0004410	31.921	354	214	11	10	350	4	343	3.70e-46	157
HKLHLFIF_00283	MER0005472	33.234	337	209	6	8	343	2	323	9.85e-42	145
HKLHLFIF_00283	MER0002046	31.529	314	186	10	41	347	35	326	1.36e-37	134
HKLHLFIF_00283	MER0002043	27.429	350	230	9	10	343	4	345	6.93e-33	122
HKLHLFIF_00283	MER0005160	29.586	338	215	10	11	343	5	324	9.36e-31	116
HKLHLFIF_00283	MER0022215	26.140	329	225	7	26	350	19	333	1.78e-24	99.4
HKLHLFIF_00283	MER0002040	26.861	309	201	11	63	358	59	355	2.64e-23	96.3
HKLHLFIF_00283	MER0025084	20.917	349	260	9	7	349	1	339	4.12e-10	57.4
HKLHLFIF_00285	MER0001158	31.696	672	443	11	43	706	16	679	9.29e-112	350
HKLHLFIF_00285	MER0001161	30.535	691	452	15	28	704	2	678	9.40e-97	310
HKLHLFIF_00285	MER0006087	30.367	708	442	22	28	704	11	698	5.07e-86	282
HKLHLFIF_00285	MER0015119	28.533	736	441	24	28	704	7	716	4.63e-77	259
HKLHLFIF_00285	MER0001149	27.332	611	404	15	112	706	92	678	1.81e-61	215
HKLHLFIF_00285	MER0001153	25.870	661	442	18	73	704	51	692	2.62e-51	187
HKLHLFIF_00285	MER0108144	25.836	658	449	20	69	704	22	662	2.98e-50	183
HKLHLFIF_00285	MER0001942	24.876	607	426	12	109	704	89	676	5.39e-50	182
HKLHLFIF_00285	MER0003110	25.278	629	393	21	59	626	29	641	2.92e-44	166
HKLHLFIF_00285	MER0079465	24.377	562	377	16	166	703	96	633	7.11e-43	161
HKLHLFIF_00285	MER0015170	22.862	573	394	15	140	702	94	628	1.19e-40	154
HKLHLFIF_00285	MER0001156	21.908	671	442	21	17	640	10	645	2.44e-30	124
HKLHLFIF_00285	MER0059435	24.638	207	119	9	354	532	338	535	9.25e-06	45.8
HKLHLFIF_00309	MER0005244	37.017	181	114	0	258	438	3	183	3.49e-32	119
HKLHLFIF_00309	MER0005241	42.056	107	56	2	258	358	3	109	3.05e-17	77.8
HKLHLFIF_00309	MER0004514	40.385	104	54	1	259	354	35	138	9.93e-17	76.6
HKLHLFIF_00309	MER0001284	32.432	148	87	3	260	394	36	183	7.57e-16	74.3
HKLHLFIF_00309	MER0005238	37.273	110	60	4	259	361	66	173	9.77e-12	62.4
HKLHLFIF_00309	MER0002104	40.964	83	44	2	259	338	66	146	2.68e-11	61.2
HKLHLFIF_00309	MER0005131	34.483	116	55	5	259	358	37	147	4.43e-11	60.1
HKLHLFIF_00309	MER0001911	29.268	164	102	5	239	393	12	170	2.45e-09	54.7
HKLHLFIF_00309	MER0015691	37.349	83	47	2	259	338	52	132	4.75e-09	53.9
HKLHLFIF_00309	MER0100667	27.317	205	127	7	258	450	22	216	4.76e-09	53.5
HKLHLFIF_00309	MER0005139	35.714	84	48	2	259	338	62	143	8.63e-09	53.5
HKLHLFIF_00309	MER0002161	30.000	90	62	1	259	348	65	153	4.64e-08	51.2
HKLHLFIF_00309	MER0037181	32.609	92	61	1	259	350	65	155	5.66e-08	50.8
HKLHLFIF_00309	MER0005149	31.461	89	59	1	260	346	65	153	7.19e-08	50.8
HKLHLFIF_00309	MER0015336	33.735	83	50	2	259	338	61	141	1.67e-07	49.3
HKLHLFIF_00309	MER0005239	35.294	85	49	2	258	338	67	149	3.86e-07	48.5
HKLHLFIF_00309	MER0001288	31.250	80	52	2	258	337	21	97	6.87e-07	47.4
HKLHLFIF_00309	MER0001289	31.967	122	70	5	219	338	29	139	1.05e-06	47.0
HKLHLFIF_00309	MER0005152	26.119	134	68	5	219	329	2	127	3.16e-06	45.4
HKLHLFIF_00355	MER0011257	28.358	134	78	4	55	170	11	144	1.01e-10	59.7
HKLHLFIF_00355	MER0021822	28.972	107	69	3	55	154	12	118	2.82e-10	58.5
HKLHLFIF_00355	MER0015121	28.148	135	85	3	46	170	2	134	5.62e-09	54.7
HKLHLFIF_00355	MER0013471	25.000	172	96	5	54	210	10	163	1.51e-08	53.5
HKLHLFIF_00355	MER0011254	32.075	106	64	3	55	154	12	115	3.64e-08	52.0
HKLHLFIF_00355	MER0011255	25.962	104	73	2	55	154	12	115	4.67e-08	51.6
HKLHLFIF_00355	MER0003495	31.579	133	71	4	57	170	13	144	6.00e-08	51.2
HKLHLFIF_00355	MER0011153	25.000	152	80	5	36	170	9	143	7.71e-08	50.8
HKLHLFIF_00355	MER0001193	24.645	211	131	8	55	241	12	218	7.85e-08	50.8
HKLHLFIF_00355	MER0003006	32.632	95	61	2	62	154	1	94	1.12e-07	50.4
HKLHLFIF_00355	MER0011155	24.627	134	84	3	53	170	10	142	1.19e-07	50.4
HKLHLFIF_00355	MER0003003	25.641	117	77	2	48	154	1	117	2.80e-07	49.3
HKLHLFIF_00355	MER0107602	29.371	143	87	4	55	183	6	148	6.80e-07	48.1
HKLHLFIF_00355	MER0016044	25.191	131	78	3	60	170	17	147	7.74e-07	47.8
HKLHLFIF_00355	MER0011253	23.166	259	162	10	53	297	10	245	3.43e-06	45.8
HKLHLFIF_00357	MER0001495	38.571	350	214	1	3	351	1	350	6.64e-82	251
HKLHLFIF_00371	MER0006204	28.061	196	120	6	40	222	27	214	1.12e-17	80.9
HKLHLFIF_00371	MER0000459	24.306	288	185	8	21	292	8	278	4.65e-16	75.5
HKLHLFIF_00371	MER0122661	25.378	331	206	12	58	383	42	336	9.65e-16	74.7
HKLHLFIF_00371	MER0026262	28.151	238	139	9	65	290	49	266	4.06e-15	72.8
HKLHLFIF_00371	MER0000463	25.248	202	134	5	19	219	3	188	2.61e-14	70.5
HKLHLFIF_00371	MER0002489	24.715	263	168	8	36	288	26	268	3.05e-12	63.9
HKLHLFIF_00371	MER0005925	27.778	180	115	7	32	203	17	189	2.03e-11	61.6
HKLHLFIF_00371	MER0011700	31.933	119	72	3	32	149	16	126	1.36e-10	59.3
HKLHLFIF_00371	MER1143079	27.703	148	87	4	69	214	45	174	1.17e-09	55.8
HKLHLFIF_00371	MER0003800	24.521	261	167	10	58	295	63	316	1.46e-09	56.2
HKLHLFIF_00371	MER0004154	22.156	334	206	10	48	369	31	322	1.52e-09	55.8
HKLHLFIF_00371	MER0003802	26.263	198	118	7	17	211	5	177	3.38e-08	51.6
HKLHLFIF_00371	MER0354941	24.706	170	111	7	51	211	36	197	1.34e-07	48.5
HKLHLFIF_00371	MER0219770	21.000	200	134	5	19	209	1	185	2.86e-07	48.5
HKLHLFIF_00371	MER0140154	22.179	257	150	9	68	291	37	276	2.95e-07	48.5
HKLHLFIF_00371	MER0028284	22.222	189	129	8	25	209	9	183	3.12e-07	48.5
HKLHLFIF_00371	MER0005923	28.788	132	80	6	9	138	3	122	4.49e-07	48.5
HKLHLFIF_00371	MER0005964	24.123	228	132	8	65	270	53	261	5.48e-07	47.8
HKLHLFIF_00371	MER0005836	24.731	186	122	8	32	209	25	200	1.87e-06	45.8
HKLHLFIF_00371	MER0015683	23.889	180	116	5	62	234	68	233	5.29e-06	44.7
HKLHLFIF_00377	MER0002161	24.149	323	173	10	30	328	1	275	8.51e-14	67.8
HKLHLFIF_00377	MER0005139	34.483	116	65	4	96	209	57	163	1.12e-12	64.3
HKLHLFIF_00377	MER0005238	30.370	135	86	2	73	206	36	163	2.46e-12	63.5
HKLHLFIF_00377	MER0015336	32.374	139	85	3	70	206	27	158	3.06e-12	62.8
HKLHLFIF_00377	MER0001284	38.318	107	60	3	104	207	36	139	3.50e-12	62.4
HKLHLFIF_00377	MER0015691	29.213	178	109	6	76	245	19	187	5.50e-12	62.0
HKLHLFIF_00377	MER0005131	24.268	239	144	7	104	326	38	255	1.32e-11	60.8
HKLHLFIF_00377	MER0037181	26.481	287	149	12	30	308	1	233	2.66e-11	60.1
HKLHLFIF_00377	MER0005239	31.852	135	81	4	77	207	40	167	1.07e-10	58.5
HKLHLFIF_00377	MER0005149	29.787	141	87	4	79	217	43	173	1.24e-10	58.5
HKLHLFIF_00377	MER0194228	24.051	237	119	8	118	336	1	194	1.81e-09	53.5
HKLHLFIF_00377	MER0005241	30.769	91	56	2	100	188	1	86	1.85e-09	54.3
HKLHLFIF_00377	MER0002104	33.654	104	61	2	104	206	67	163	2.25e-09	54.3
HKLHLFIF_00377	MER0004514	34.513	113	58	5	103	207	35	139	3.34e-09	53.5
HKLHLFIF_00377	MER0005152	30.097	103	65	1	89	191	45	140	3.74e-09	53.5
HKLHLFIF_00377	MER0001911	34.615	104	58	3	100	203	37	130	4.34e-09	53.1
HKLHLFIF_00377	MER0001289	23.643	258	131	9	102	336	56	270	5.83e-09	53.1
HKLHLFIF_00377	MER0005244	34.831	89	49	3	101	188	2	82	2.59e-08	50.4
HKLHLFIF_00377	MER0001290	28.061	196	104	9	4	186	12	183	3.58e-08	51.2
HKLHLFIF_00377	MER0002105	28.571	98	59	3	92	188	49	136	5.21e-07	47.0
HKLHLFIF_00377	MER0032443	23.932	234	151	7	104	329	39	253	7.77e-06	43.5
HKLHLFIF_00406	MER0000576	42.609	115	65	1	30	144	1	114	6.55e-34	112
HKLHLFIF_00406	MER0000569	35.965	114	71	2	30	142	1	113	5.26e-16	66.6
HKLHLFIF_00406	MER0006172	36.364	77	49	0	52	128	2	78	2.54e-12	55.8
HKLHLFIF_00429	MER0014333	41.079	241	141	1	37	276	2	242	4.79e-59	199
HKLHLFIF_00429	MER0001233	35.146	239	154	1	37	275	2	239	1.30e-46	164
HKLHLFIF_00429	MER0002008	29.707	239	141	5	37	272	2	216	4.16e-24	99.0
HKLHLFIF_00429	MER0001229	30.256	195	129	3	59	253	23	210	1.82e-20	87.8
HKLHLFIF_00429	MER0043985	30.256	195	129	3	59	253	23	210	3.72e-20	87.4
HKLHLFIF_00429	MER0003543	27.358	212	145	3	36	247	1	203	5.71e-18	80.9
HKLHLFIF_00429	MER0003448	27.803	223	140	5	37	248	2	214	2.76e-17	79.0
HKLHLFIF_00429	MER0390687	29.480	173	114	3	45	217	2	166	1.57e-16	75.1
HKLHLFIF_00429	MER0026957	29.016	193	130	2	62	254	21	206	1.44e-15	73.6
HKLHLFIF_00429	MER0015090	27.551	196	133	3	36	231	1	187	1.45e-14	70.9
HKLHLFIF_00429	MER0195774	29.787	188	117	7	37	220	1	177	9.13e-14	67.4
HKLHLFIF_00429	MER0004423	26.816	179	119	4	74	252	33	199	8.86e-11	59.7
HKLHLFIF_00429	MER0035181	22.984	248	133	8	48	250	1	235	2.15e-10	58.9
HKLHLFIF_00429	MER0169735	27.835	194	123	6	37	222	16	200	2.33e-10	58.2
HKLHLFIF_00429	MER0001222	27.225	191	126	6	37	222	26	208	3.84e-10	57.8
HKLHLFIF_00429	MER0001220	28.505	214	124	9	59	258	5	203	2.08e-09	55.5
HKLHLFIF_00429	MER0011292	25.714	175	107	6	59	222	69	231	2.29e-08	52.8
HKLHLFIF_00429	MER0003823	29.000	200	114	9	37	222	26	211	2.67e-08	52.4
HKLHLFIF_00429	MER0001218	32.161	199	109	12	37	222	26	211	4.46e-08	51.6
HKLHLFIF_00429	MER0011096	36.634	101	58	4	27	125	14	110	1.49e-07	50.1
HKLHLFIF_00429	MER0001413	30.065	153	89	6	22	165	7	150	1.62e-07	48.5
HKLHLFIF_00429	MER0002423	26.733	202	118	9	37	223	26	212	2.25e-07	49.3
HKLHLFIF_00429	MER0011744	26.500	200	127	7	33	222	22	211	3.00e-07	48.9
HKLHLFIF_00429	MER0003909	24.000	375	224	14	74	412	6	355	4.95e-07	50.1
HKLHLFIF_00429	MER0122186	23.039	204	144	5	20	222	9	200	6.31e-07	47.8
HKLHLFIF_00429	MER0001214	31.159	138	83	5	37	167	26	158	7.67e-07	47.4
HKLHLFIF_00429	MER0188967	25.366	205	128	10	74	261	3	199	9.36e-07	48.9
HKLHLFIF_00429	MER0011192	28.777	139	88	4	59	197	2	129	1.03e-06	46.6
HKLHLFIF_00429	MER0142407	27.072	181	100	8	74	235	4	171	1.31e-06	48.1
HKLHLFIF_00429	MER0015259	27.411	197	123	8	36	222	25	211	1.69e-06	47.0
HKLHLFIF_00429	MER0237414	22.650	234	162	6	43	269	8	229	4.08e-06	45.8
HKLHLFIF_00429	MER0002345	28.426	197	119	7	37	222	26	211	4.62e-06	45.4
HKLHLFIF_00443	MER0031614	27.126	247	162	10	18	256	86	322	3.54e-14	68.2
HKLHLFIF_00443	MER0036076	25.101	247	147	11	19	248	66	291	6.44e-09	52.4
HKLHLFIF_00443	MER0014065	29.070	86	58	1	29	114	48	130	1.11e-08	51.6
HKLHLFIF_00443	MER0017033	22.593	270	164	10	3	249	52	299	2.48e-08	50.4
HKLHLFIF_00443	MER0000431	29.167	144	93	5	16	157	34	170	7.20e-08	49.3
HKLHLFIF_00443	MER0036057	23.413	252	158	11	16	249	63	297	1.02e-06	45.8
HKLHLFIF_00443	MER0017142	23.423	111	75	1	16	126	15	115	1.04e-06	45.4
HKLHLFIF_00443	MER0017177	26.733	101	66	3	16	113	35	130	1.22e-06	45.4
HKLHLFIF_00443	MER0044581	27.778	108	70	2	12	114	68	172	2.26e-06	44.7
HKLHLFIF_00443	MER0044578	27.027	111	73	2	9	114	67	174	2.37e-06	44.7
HKLHLFIF_00443	MER0031617	22.311	251	164	7	18	245	37	279	3.52e-06	43.9
HKLHLFIF_00443	MER0036056	22.642	265	182	9	2	250	65	322	4.74e-06	43.9
HKLHLFIF_00480	MER0001244	41.445	263	138	6	175	423	2	262	3.63e-59	191
HKLHLFIF_00480	MER0013463	38.077	260	147	5	175	422	2	259	1.68e-50	168
HKLHLFIF_00480	MER0001733	32.082	293	149	8	176	422	3	291	7.04e-42	147
HKLHLFIF_00480	MER0028601	32.714	269	154	10	176	422	3	266	3.85e-39	139
HKLHLFIF_00480	MER0004532	33.051	236	134	5	175	406	2	217	4.85e-35	126
HKLHLFIF_00480	MER0005462	31.933	238	139	6	175	408	2	220	3.79e-34	124
HKLHLFIF_00480	MER0004931	32.627	236	136	5	175	406	2	218	1.24e-33	123
HKLHLFIF_00480	MER0001248	31.727	249	121	7	222	423	7	253	3.77e-31	117
HKLHLFIF_00480	MER0005715	28.814	236	145	6	174	403	1	219	6.42e-25	99.4
HKLHLFIF_00480	MER0002038	22.271	229	152	6	175	397	2	210	1.88e-14	69.3
HKLHLFIF_00480	MER0001250	25.979	281	146	10	176	403	3	274	1.05e-13	68.2
HKLHLFIF_00480	MER0002039	30.645	186	100	7	229	405	62	227	5.60e-12	62.4
HKLHLFIF_00480	MER0004321	25.681	257	152	12	171	410	1	235	7.88e-11	59.3
HKLHLFIF_00480	MER0027437	25.203	246	136	12	175	397	2	222	1.12e-10	58.5
HKLHLFIF_00480	MER0003105	23.039	204	108	7	229	411	64	239	4.29e-08	50.8
HKLHLFIF_00480	MER0013929	19.718	213	152	5	178	384	5	204	7.28e-06	43.9
HKLHLFIF_00493	MER0014135	40.602	266	156	1	183	446	1	266	3.72e-72	226
HKLHLFIF_00493	MER0003359	21.239	113	85	2	341	449	110	222	1.68e-06	45.8
HKLHLFIF_00561	MER0031610	40.444	225	118	4	17	231	82	300	3.20e-47	155
HKLHLFIF_00561	MER0014065	34.021	97	59	3	4	95	47	143	2.45e-11	59.3
HKLHLFIF_00561	MER0017142	30.000	100	65	2	2	101	25	119	9.12e-09	51.2
HKLHLFIF_00561	MER0037236	43.636	55	28	1	41	92	75	129	1.56e-08	50.4
HKLHLFIF_00561	MER0026339	36.559	93	56	3	2	91	35	127	2.21e-08	50.1
HKLHLFIF_00561	MER0210990	31.818	88	57	1	14	98	54	141	4.91e-07	46.6
HKLHLFIF_00561	MER0030163	24.138	261	126	10	13	223	51	289	1.01e-06	45.4
HKLHLFIF_00561	MER0004146	21.875	224	147	6	16	223	48	259	2.27e-06	44.3
HKLHLFIF_00561	MER0017177	28.571	70	47	1	16	82	60	129	3.81e-06	43.9
HKLHLFIF_00563	MER0000474	55.789	190	84	0	28	217	15	204	2.25e-76	226
HKLHLFIF_00563	MER0005687	53.763	186	81	1	31	216	27	207	1.88e-67	203
HKLHLFIF_00563	MER0002211	51.323	189	92	0	29	217	16	204	3.83e-66	200
HKLHLFIF_00563	MER0002299	49.733	187	94	0	31	217	12	198	6.53e-64	194
HKLHLFIF_00563	MER0006046	49.206	189	96	0	28	216	15	203	7.16e-64	194
HKLHLFIF_00563	MER0004857	50.521	192	93	2	26	216	13	203	9.29e-64	194
HKLHLFIF_00563	MER0006063	47.802	182	95	0	35	216	23	204	8.81e-62	189
HKLHLFIF_00563	MER0004847	50.000	188	93	1	31	217	18	205	1.85e-58	180
HKLHLFIF_00563	MER0004855	45.000	180	99	0	37	216	26	205	6.39e-58	179
HKLHLFIF_00563	MER0006056	50.581	172	84	1	45	216	37	207	6.38e-57	176
HKLHLFIF_00563	MER0004182	42.197	173	100	0	44	216	27	199	6.75e-47	150
HKLHLFIF_00563	MER0006308	37.853	177	109	1	40	215	17	193	2.88e-46	149
HKLHLFIF_00563	MER0011666	43.195	169	94	2	50	216	17	185	1.88e-45	146
HKLHLFIF_00563	MER0001369	39.506	81	47	1	71	151	52	130	1.24e-06	43.5
HKLHLFIF_00570	MER0001299	34.783	483	292	8	85	553	55	528	5.25e-77	251
HKLHLFIF_00570	MER0011114	31.690	426	229	7	91	512	1	368	3.29e-54	185
HKLHLFIF_00570	MER0321345	41.916	167	95	2	339	503	8	174	1.06e-37	134
HKLHLFIF_00570	MER0321345	28.025	157	109	3	89	243	1	155	1.69e-14	68.9
HKLHLFIF_00570	MER0003812	41.916	167	95	2	339	503	8	174	2.97e-37	134
HKLHLFIF_00570	MER0003812	28.025	157	109	3	89	243	1	155	4.33e-14	68.2
HKLHLFIF_00570	MER0013957	32.164	171	116	0	332	502	1	171	8.26e-24	95.9
HKLHLFIF_00570	MER0013957	25.641	117	84	2	144	260	56	169	7.92e-06	43.9
HKLHLFIF_00570	MER0044046	35.393	178	114	1	332	509	1	177	8.52e-24	95.9
HKLHLFIF_00570	MER0001300	33.750	160	103	2	344	502	9	166	3.45e-19	82.8
HKLHLFIF_00570	MER0001303	22.807	171	131	1	332	502	1	170	1.43e-08	52.0
HKLHLFIF_00576	MER0029616	34.234	111	61	3	50	148	9	119	4.84e-08	50.8
HKLHLFIF_00576	MER0043003	33.333	99	60	3	54	146	23	121	1.09e-07	48.9
HKLHLFIF_00576	MER0034548	32.258	93	55	3	59	145	29	119	2.95e-07	47.4
HKLHLFIF_00576	MER0033235	26.446	121	78	2	50	161	25	143	4.35e-07	47.4
HKLHLFIF_00576	MER0034961	32.609	92	57	3	58	146	36	125	6.85e-07	47.0
HKLHLFIF_00576	MER0031563	29.730	111	72	3	33	142	1	106	7.44e-07	46.2
HKLHLFIF_00576	MER0036044	27.344	128	89	3	33	158	50	175	7.61e-07	46.6
HKLHLFIF_00576	MER0031570	28.571	112	76	3	33	142	1	110	8.35e-07	46.2
HKLHLFIF_00576	MER0033236	25.620	121	79	2	50	161	25	143	1.69e-06	45.8
HKLHLFIF_00576	MER0036027	29.464	112	75	3	33	142	1	110	1.96e-06	45.1
HKLHLFIF_00576	MER0036039	30.275	109	65	2	49	146	18	126	5.18e-06	43.9
HKLHLFIF_00576	MER0033188	29.091	110	62	5	44	139	17	124	8.77e-06	43.5
HKLHLFIF_00596	MER0004035	42.478	113	58	3	14	125	5	111	5.77e-28	96.3
HKLHLFIF_00596	MER0002443	42.241	116	62	2	12	126	6	117	9.09e-27	93.6
HKLHLFIF_00596	MER0003986	37.705	122	70	3	7	126	1	118	1.45e-24	87.8
HKLHLFIF_00596	MER0003807	37.736	106	59	3	14	117	8	108	5.71e-19	73.6
HKLHLFIF_00596	MER0004054	33.898	118	69	5	15	127	9	122	1.11e-18	73.2
HKLHLFIF_00596	MER0002450	39.655	116	62	5	11	126	5	112	3.99e-18	71.2
HKLHLFIF_00596	MER0003808	39.167	120	59	6	11	127	5	113	1.34e-17	70.1
HKLHLFIF_00596	MER0377310	40.909	110	57	5	11	120	5	106	2.07e-17	69.3
HKLHLFIF_00596	MER0377307	40.909	110	57	5	11	120	5	106	2.07e-17	69.3
HKLHLFIF_00596	MER0003805	35.833	120	63	5	11	127	5	113	6.79e-16	65.5
HKLHLFIF_00596	MER0377178	40.909	110	57	5	11	120	5	106	1.54e-15	64.7
HKLHLFIF_00596	MER0014188	38.318	107	55	4	7	111	1	98	8.89e-15	62.8
HKLHLFIF_00596	MER0038100	32.456	114	61	5	17	120	12	119	2.15e-12	57.0
HKLHLFIF_00596	MER0001322	44.118	68	37	1	7	73	1	68	3.92e-12	55.8
HKLHLFIF_00596	MER0376722	38.235	102	49	6	11	109	5	95	3.87e-11	52.8
HKLHLFIF_00596	MER0024252	32.530	83	50	2	19	101	14	90	8.02e-11	52.8
HKLHLFIF_00596	MER0014672	33.613	119	58	5	7	111	1	112	1.45e-09	49.3
HKLHLFIF_00596	MER0377450	34.375	96	50	4	11	103	5	90	3.57e-09	47.8
HKLHLFIF_00596	MER0031199	29.091	55	39	0	28	82	6	60	1.81e-06	40.0
HKLHLFIF_00600	MER0001295	44.809	183	89	3	332	511	5	178	1.31e-46	160
HKLHLFIF_00600	MER0001297	39.161	143	77	3	328	470	1	133	6.91e-24	95.9
HKLHLFIF_00600	MER0001425	36.646	161	86	5	351	509	23	169	2.29e-23	94.7
HKLHLFIF_00600	MER0003514	35.106	188	89	5	328	508	1	162	5.89e-23	93.2
HKLHLFIF_00600	MER0003065	35.088	171	95	5	340	508	6	162	7.22e-23	92.8
HKLHLFIF_00600	MER0003413	35.000	160	92	4	350	508	15	163	1.23e-21	89.4
HKLHLFIF_00600	MER0015684	37.405	131	79	3	340	469	6	134	2.29e-19	82.8
HKLHLFIF_00600	MER0005714	32.597	181	98	6	340	512	6	170	1.53e-18	80.9
HKLHLFIF_00600	MER0004196	30.061	163	99	4	354	512	19	170	2.07e-17	77.4
HKLHLFIF_00600	MER0004195	28.261	184	110	6	328	509	1	164	1.33e-12	63.5
HKLHLFIF_00600	MER0030235	26.984	189	107	6	340	511	6	180	2.65e-08	51.2
HKLHLFIF_00600	MER0030244	24.868	189	111	6	340	511	17	191	8.65e-07	47.0
HKLHLFIF_00628	MER0003558	24.790	238	155	7	44	263	12	243	1.13e-11	60.8
HKLHLFIF_00628	MER0036027	21.121	232	156	6	51	259	11	238	9.82e-11	58.2
HKLHLFIF_00628	MER0031570	21.304	230	157	5	51	259	11	237	2.73e-10	56.6
HKLHLFIF_00628	MER0015682	23.944	213	139	4	62	261	85	287	4.91e-10	56.2
HKLHLFIF_00628	MER0033237	32.061	131	80	6	31	156	1	127	1.27e-08	52.0
HKLHLFIF_00628	MER0036033	25.620	242	146	13	49	262	9	244	1.53e-08	51.6
HKLHLFIF_00628	MER0036046	31.847	157	77	9	49	182	2	151	3.91e-08	50.4
HKLHLFIF_00628	MER0034961	30.201	149	93	6	55	199	23	164	9.92e-08	49.3
HKLHLFIF_00628	MER0029616	29.060	117	68	5	63	167	12	125	2.48e-07	48.5
HKLHLFIF_00628	MER0033188	22.963	135	91	4	43	167	8	139	1.30e-06	46.2
HKLHLFIF_00628	MER0033227	25.532	141	89	4	41	167	6	144	3.87e-06	44.7
HKLHLFIF_00628	MER0044819	28.676	136	80	4	33	158	1	129	5.53e-06	44.3
HKLHLFIF_00636	MER0069741	41.781	146	75	4	154	299	29	164	3.70e-30	110
HKLHLFIF_00636	MER0003380	48.148	108	55	1	192	299	127	233	3.95e-26	101
HKLHLFIF_00636	MER0013541	48.837	86	43	1	203	288	1	85	4.68e-20	80.5
HKLHLFIF_00636	MER0015415	40.909	88	52	0	201	288	62	149	2.90e-19	80.5
HKLHLFIF_00636	MER0003423	42.056	107	61	1	182	287	11	117	7.85e-18	75.9
HKLHLFIF_00636	MER0001419	41.121	107	62	1	182	287	11	117	2.07e-16	72.0
HKLHLFIF_00636	MER0003376	38.793	116	63	2	203	312	45	158	5.64e-16	71.6
HKLHLFIF_00636	MER0387040	41.176	102	58	2	203	303	1	101	2.34e-15	68.2
HKLHLFIF_00636	MER0066182	36.508	126	76	3	179	303	70	192	2.65e-14	67.4
HKLHLFIF_00636	MER0003906	33.981	103	63	2	203	300	1	103	1.08e-12	60.8
HKLHLFIF_00636	MER0005300	37.374	99	61	1	202	300	64	161	3.61e-12	60.8
HKLHLFIF_00636	MER0025070	36.538	104	52	5	199	291	2	102	7.33e-08	47.4
HKLHLFIF_00651	MER0198917	44.828	377	199	5	18	390	1	372	6.81e-103	330
HKLHLFIF_00651	MER1054487	40.633	379	216	5	18	390	1	376	5.13e-89	291
HKLHLFIF_00651	MER0037955	24.895	237	132	11	109	335	66	266	6.77e-06	46.2
HKLHLFIF_00655	MER0003327	44.796	221	116	4	2	220	1	217	5.16e-58	191
HKLHLFIF_00655	MER0012158	34.615	338	148	9	2	267	1	337	5.89e-58	195
HKLHLFIF_00655	MER0185695	38.739	222	129	3	2	217	1	221	2.74e-47	162
HKLHLFIF_00655	MER0003350	38.350	206	104	5	2	184	1	206	1.81e-43	151
HKLHLFIF_00655	MER0003322	40.777	206	96	6	2	181	1	206	1.17e-39	141
HKLHLFIF_00655	MER0004101	30.058	173	106	5	2	167	1	165	1.48e-14	70.5
HKLHLFIF_00655	MER0011806	29.480	173	107	5	2	167	1	165	1.98e-13	67.0
HKLHLFIF_00655	MER0003314	34.014	147	83	5	2	135	1	146	1.53e-12	65.1
HKLHLFIF_00655	MER0011781	30.882	136	88	4	2	133	1	134	1.99e-10	58.2
HKLHLFIF_00673	MER0005496	51.092	229	112	0	407	635	1	229	5.26e-80	252
HKLHLFIF_00673	MER0011224	48.052	231	120	0	407	637	1	231	7.06e-79	249
HKLHLFIF_00673	MER0056525	48.980	245	119	3	407	646	1	244	1.98e-78	247
HKLHLFIF_00673	MER0011748	50.427	234	114	2	407	639	1	233	1.21e-76	243
HKLHLFIF_00673	MER0015609	48.718	234	116	2	407	639	1	231	3.76e-74	237
HKLHLFIF_00673	MER0023544	46.288	229	123	0	407	635	1	229	2.67e-72	232
HKLHLFIF_00673	MER0015195	47.391	230	119	2	407	635	1	229	4.07e-69	224
HKLHLFIF_00673	MER0015194	48.052	231	114	3	408	635	2	229	4.30e-69	223
HKLHLFIF_00673	MER0002600	45.763	236	125	3	407	640	1	235	5.53e-69	223
HKLHLFIF_00673	MER0002605	45.652	230	122	2	407	635	1	228	1.89e-67	219
HKLHLFIF_00673	MER0014306	42.358	229	132	0	407	635	1	229	9.88e-63	206
HKLHLFIF_00673	MER0171760	39.925	268	153	4	372	635	1	264	3.40e-61	202
HKLHLFIF_00673	MER0024898	41.270	252	146	2	407	656	1	252	2.24e-60	200
HKLHLFIF_00673	MER0004454	42.609	230	130	2	407	634	1	230	1.72e-56	190
HKLHLFIF_00673	MER0005466	39.662	237	135	4	408	637	2	237	7.34e-54	182
HKLHLFIF_00673	MER0002602	41.485	229	124	3	408	629	2	227	8.87e-52	177
HKLHLFIF_00673	MER0015199	40.517	232	130	3	407	631	1	231	2.82e-51	176
HKLHLFIF_00673	MER0001620	36.786	280	153	7	407	663	1	279	1.26e-46	163
HKLHLFIF_00673	MER0002563	34.615	234	142	3	408	630	2	235	6.50e-46	160
HKLHLFIF_00673	MER0015197	36.036	222	134	5	419	635	13	231	2.18e-43	154
HKLHLFIF_00673	MER0017637	34.188	234	143	3	408	630	2	235	2.59e-42	150
HKLHLFIF_00673	MER0002608	37.795	254	148	5	408	656	2	250	2.00e-41	149
HKLHLFIF_00673	MER0015193	36.910	233	136	6	407	630	1	231	1.52e-40	145
HKLHLFIF_00673	MER0002408	34.127	252	151	7	407	650	1	245	2.62e-40	145
HKLHLFIF_00673	MER0190705	36.087	230	137	3	408	635	1	222	3.29e-38	138
HKLHLFIF_00673	MER0014324	35.683	227	133	4	407	630	1	217	1.50e-36	134
HKLHLFIF_00673	MER0015137	31.466	232	149	5	407	630	1	230	2.47e-36	134
HKLHLFIF_00673	MER0011745	31.897	232	148	5	407	630	1	230	1.11e-35	132
HKLHLFIF_00673	MER0005755	35.345	232	139	4	408	636	2	225	1.10e-34	128
HKLHLFIF_00673	MER0190577	32.609	230	142	5	407	633	1	220	1.54e-33	125
HKLHLFIF_00673	MER0002197	33.898	236	142	4	407	637	1	227	1.55e-33	126
HKLHLFIF_00673	MER0015690	34.685	222	132	6	407	615	1	222	9.76e-33	124
HKLHLFIF_00673	MER0011120	36.036	222	129	7	407	615	1	222	1.94e-32	123
HKLHLFIF_00673	MER0024900	33.632	223	138	4	408	627	2	217	3.56e-31	119
HKLHLFIF_00673	MER0001246	32.317	164	100	3	435	595	18	173	9.46e-21	87.0
HKLHLFIF_00673	MER0015204	25.203	246	152	7	408	621	2	247	5.13e-16	76.3
HKLHLFIF_00691	MER0043394	47.170	159	80	3	29	184	5	162	2.64e-43	139
HKLHLFIF_00691	MER0044622	39.062	192	106	6	3	186	28	216	1.10e-40	135
HKLHLFIF_00691	MER0045094	36.757	185	112	4	2	182	13	196	2.41e-39	131
HKLHLFIF_00691	MER0044882	38.150	173	97	6	23	186	1	172	2.27e-33	114
HKLHLFIF_00691	MER0043392	42.336	137	76	3	46	182	23	156	7.14e-33	112
HKLHLFIF_00691	MER0043537	34.225	187	116	6	3	186	2	184	1.89e-27	99.4
HKLHLFIF_00691	MER0044619	33.161	193	118	7	1	186	8	196	4.79e-27	99.8
HKLHLFIF_00691	MER0043195	31.841	201	114	8	4	183	8	206	4.20e-23	89.7
HKLHLFIF_00691	MER0045095	32.394	213	116	8	1	186	15	226	7.74e-20	81.3
HKLHLFIF_00691	MER0043387	38.158	152	86	6	35	184	20	165	4.67e-17	72.0
HKLHLFIF_00691	MER0038086	33.333	120	72	3	71	184	106	223	5.42e-15	67.8
HKLHLFIF_00691	MER0044889	32.099	162	100	3	23	184	48	199	5.10e-14	65.1
HKLHLFIF_00691	MER0045886	27.717	184	127	4	3	184	14	193	1.75e-13	63.5
HKLHLFIF_00691	MER0045945	30.409	171	99	5	12	174	41	199	2.18e-13	63.2
HKLHLFIF_00691	MER0043540	31.618	136	78	4	44	174	85	210	3.08e-12	60.1
HKLHLFIF_00691	MER0436735	27.011	174	89	6	46	183	48	219	8.89e-11	56.2
HKLHLFIF_00691	MER0042974	30.435	115	76	3	72	184	68	180	1.48e-09	52.0
HKLHLFIF_00691	MER0046161	29.870	154	73	7	43	180	103	237	7.25e-09	50.8
HKLHLFIF_00691	MER0031178	27.222	180	101	7	24	179	85	258	3.33e-07	46.2
HKLHLFIF_00691	MER0060647	27.083	144	91	5	43	180	211	346	5.39e-07	45.4
HKLHLFIF_00691	MER0078640	26.950	141	82	6	43	174	209	337	6.00e-07	45.4
HKLHLFIF_00691	MER0044812	22.289	166	115	6	15	175	68	224	1.56e-06	43.9
HKLHLFIF_00691	MER0115185	24.444	135	92	4	44	175	8	135	2.62e-06	42.4
HKLHLFIF_00742	MER0045886	42.731	227	128	2	1	225	10	236	4.02e-55	182
HKLHLFIF_00742	MER0044889	34.934	229	143	4	2	226	16	242	1.35e-40	143
HKLHLFIF_00742	MER0038086	34.286	210	118	7	5	196	29	236	9.69e-34	125
HKLHLFIF_00742	MER0436735	28.736	261	148	3	3	225	2	262	1.02e-31	120
HKLHLFIF_00742	MER0042974	35.263	190	115	4	12	193	1	190	8.18e-31	115
HKLHLFIF_00742	MER0043387	32.768	177	116	2	20	194	1	176	1.83e-25	100
HKLHLFIF_00742	MER0043537	31.492	181	120	2	5	182	2	181	4.40e-25	99.4
HKLHLFIF_00742	MER0044622	25.118	211	137	5	5	202	28	230	1.70e-08	52.4
HKLHLFIF_00742	MER0045094	27.465	142	90	4	72	206	85	220	2.05e-08	52.0
HKLHLFIF_00742	MER0043392	26.619	139	99	3	47	184	23	159	6.04e-07	46.6
HKLHLFIF_00742	MER0044619	28.462	130	83	5	63	183	66	194	1.11e-06	46.6
HKLHLFIF_00742	MER0045095	27.344	128	71	5	71	183	104	224	2.73e-06	45.8
HKLHLFIF_00742	MER0043394	28.800	125	80	4	66	183	40	162	8.56e-06	43.1
HKLHLFIF_00744	MER0065554	46.154	260	129	3	289	538	9	267	4.48e-78	243
HKLHLFIF_00744	MER0437468	38.000	350	202	5	197	532	1	349	4.76e-73	233
HKLHLFIF_00744	MER0436717	34.750	400	194	9	197	533	1	396	2.05e-60	201
HKLHLFIF_00744	MER0031278	24.903	257	140	12	305	539	27	252	1.57e-08	52.8
HKLHLFIF_00783	MER0069741	37.097	124	49	4	43	166	69	163	1.08e-16	75.1
HKLHLFIF_00783	MER0003376	30.303	165	68	6	10	165	15	141	2.85e-11	59.3
HKLHLFIF_00783	MER0015415	28.182	110	54	3	46	155	66	150	1.71e-06	45.4
HKLHLFIF_00783	MER0003380	32.520	123	55	5	44	166	138	232	2.74e-06	45.8
HKLHLFIF_00820	MER0065588	44.388	196	105	3	1	192	1	196	3.45e-53	166
HKLHLFIF_00824	MER0073084	19.588	485	313	11	60	499	28	480	3.38e-17	81.6
HKLHLFIF_00824	MER0014496	24.904	261	162	12	266	506	260	506	9.62e-10	58.2
HKLHLFIF_00854	MER0036617	57.143	35	15	0	34	68	3	37	2.65e-09	44.7
HKLHLFIF_00854	MER0017817	70.370	27	6	1	29	53	1	27	9.92e-08	40.8
HKLHLFIF_00854	MER0017774	63.333	30	9	1	24	53	3	30	3.66e-07	39.7
HKLHLFIF_00854	MER0027633	62.963	27	10	0	32	58	3	29	1.04e-06	38.1
HKLHLFIF_00854	MER0018541	45.000	40	21	1	15	53	1	40	6.71e-06	36.6
HKLHLFIF_00854	MER0036635	48.571	35	18	0	34	68	6	40	7.05e-06	36.2
HKLHLFIF_00854	MER0017805	51.613	31	15	0	24	54	7	37	8.67e-06	36.2
HKLHLFIF_00878	MER0002443	38.043	92	54	3	126	215	1	91	8.42e-10	52.4
HKLHLFIF_00878	MER0014188	34.066	91	54	3	126	215	1	86	5.38e-09	49.7
HKLHLFIF_00878	MER0003807	36.667	90	53	4	130	216	5	93	5.59e-09	50.1
HKLHLFIF_00878	MER0004035	41.558	77	40	4	141	215	13	86	4.88e-08	47.0
HKLHLFIF_00878	MER0001322	33.333	102	55	4	130	226	5	98	1.05e-07	46.2
HKLHLFIF_00889	MER0001244	41.221	262	142	3	269	518	1	262	4.04e-60	196
HKLHLFIF_00889	MER0028601	41.948	267	136	7	269	517	1	266	7.62e-52	175
HKLHLFIF_00889	MER0013463	35.659	258	156	3	270	517	2	259	2.75e-47	162
HKLHLFIF_00889	MER0004931	34.979	243	132	6	269	506	1	222	1.00e-34	127
HKLHLFIF_00889	MER0001733	30.851	282	152	6	269	507	1	282	1.76e-33	125
HKLHLFIF_00889	MER0005462	31.200	250	143	7	269	512	1	227	6.55e-30	114
HKLHLFIF_00889	MER0001248	29.600	250	129	7	315	518	5	253	5.32e-28	109
HKLHLFIF_00889	MER0005715	29.958	237	140	6	270	499	2	219	2.02e-24	99.0
HKLHLFIF_00889	MER0004532	29.918	244	142	6	269	506	1	221	1.83e-22	93.2
HKLHLFIF_00889	MER0002038	29.956	227	124	9	298	517	30	228	1.25e-13	67.4
HKLHLFIF_00889	MER0001250	28.975	283	150	11	271	506	3	281	5.83e-13	66.2
HKLHLFIF_00889	MER0027437	24.696	247	139	9	269	493	1	222	1.91e-09	55.5
HKLHLFIF_00889	MER0004321	25.197	254	133	14	271	497	3	226	5.44e-07	48.1
HKLHLFIF_00899	MER0015473	30.114	176	92	5	47	216	36	186	5.70e-13	62.8
HKLHLFIF_00899	MER0015472	25.888	197	114	4	30	226	31	195	2.40e-12	60.8
HKLHLFIF_00899	MER0017194	28.000	225	118	6	3	213	12	206	2.16e-08	49.7
HKLHLFIF_00899	MER0030047	28.571	168	80	6	53	216	3	134	3.59e-08	47.8
HKLHLFIF_00899	MER0015630	26.178	191	90	5	46	226	51	200	7.87e-08	48.1
HKLHLFIF_00899	MER0015459	37.500	48	30	0	46	93	48	95	1.39e-07	47.8
HKLHLFIF_00899	MER0048181	28.000	125	75	4	48	171	1	111	4.77e-07	44.7
HKLHLFIF_00899	MER0015633	25.882	170	83	4	46	213	48	176	3.64e-06	43.1
HKLHLFIF_00899	MER0015462	33.333	48	32	0	46	93	46	93	7.28e-06	42.0
HKLHLFIF_00899	MER0015458	23.913	184	92	6	46	213	50	201	9.63e-06	42.4
HKLHLFIF_00974	MER0003850	47.514	181	85	5	105	281	2	176	3.06e-48	160
HKLHLFIF_00974	MER0013623	49.682	157	75	3	106	262	1	153	1.57e-46	155
HKLHLFIF_00974	MER0000268	51.408	142	65	3	106	246	1	139	9.96e-45	150
HKLHLFIF_00974	MER0004111	48.750	160	74	3	106	262	1	155	4.06e-44	149
HKLHLFIF_00974	MER0000266	49.057	159	76	4	106	262	1	156	8.02e-44	148
HKLHLFIF_00974	MER0005468	48.750	160	77	3	106	262	1	158	7.22e-43	145
HKLHLFIF_00974	MER0001372	46.835	158	81	3	106	262	1	156	1.87e-42	144
HKLHLFIF_00974	MER0004149	46.341	164	80	3	106	262	1	163	7.11e-41	140
HKLHLFIF_00974	MER0001373	50.314	159	76	2	106	262	1	158	1.63e-40	139
HKLHLFIF_00974	MER0004673	35.870	276	145	8	106	360	2	266	2.83e-39	140
HKLHLFIF_00974	MER0028330	42.767	159	83	2	106	262	1	153	6.61e-34	122
HKLHLFIF_00974	MER0016351	43.125	160	81	3	106	262	1	153	8.46e-34	121
HKLHLFIF_00974	MER0001945	44.025	159	83	4	106	259	1	158	2.36e-33	120
HKLHLFIF_00974	MER0002577	41.875	160	83	3	106	262	1	153	2.43e-33	120
HKLHLFIF_00974	MER0003290	41.250	160	87	3	106	262	1	156	6.33e-33	119
HKLHLFIF_00974	MER0022668	40.936	171	87	5	106	262	1	171	9.79e-33	119
HKLHLFIF_00974	MER0016031	44.048	168	81	5	106	262	1	166	3.59e-31	115
HKLHLFIF_00974	MER0004093	43.125	160	81	3	106	262	1	153	1.43e-30	112
HKLHLFIF_00974	MER0010944	40.698	172	86	4	106	262	1	171	1.56e-30	113
HKLHLFIF_00974	MER0011375	39.130	161	87	4	106	262	1	154	4.51e-30	111
HKLHLFIF_00974	MER0004086	43.137	153	78	4	116	262	13	162	6.23e-30	111
HKLHLFIF_00974	MER0003293	43.919	148	81	2	106	253	1	146	6.37e-30	110
HKLHLFIF_00974	MER0014795	39.759	166	84	4	106	262	1	159	1.33e-29	110
HKLHLFIF_00974	MER0006096	40.580	138	70	4	130	262	1	131	3.61e-27	102
HKLHLFIF_00974	MER0005093	39.610	154	78	4	106	245	1	153	1.07e-22	91.7
HKLHLFIF_00974	MER0015583	37.333	150	82	4	106	244	1	149	1.32e-20	85.1
HKLHLFIF_00974	MER0063616	30.488	164	95	4	109	262	5	159	1.86e-13	65.1
HKLHLFIF_00974	MER0005094	31.061	132	88	3	114	242	8	139	2.51e-12	61.6
HKLHLFIF_00974	MER0014317	32.576	132	80	6	117	242	10	138	1.29e-10	56.6
HKLHLFIF_00974	MER0014318	32.258	155	98	6	106	255	1	153	5.02e-10	55.1
HKLHLFIF_00974	MER0005089	29.771	131	88	4	106	233	1	130	1.48e-09	53.5
HKLHLFIF_00974	MER0005090	29.008	131	89	4	106	233	1	130	6.68e-09	51.6
HKLHLFIF_00974	MER0014314	31.298	131	86	4	106	233	1	130	1.08e-08	51.2
HKLHLFIF_00974	MER0004696	30.769	143	88	6	106	242	1	138	3.47e-08	49.3
HKLHLFIF_00974	MER0024901	33.333	144	83	9	106	242	1	138	1.54e-07	47.4
HKLHLFIF_00974	MER0145078	36.905	84	44	4	189	265	161	242	6.45e-07	47.4
HKLHLFIF_00974	MER0016543	27.869	122	80	4	117	233	11	129	1.32e-06	44.7
HKLHLFIF_00974	MER0014064	28.571	126	84	4	117	236	11	136	5.02e-06	43.5
HKLHLFIF_01008	MER0000485	47.479	238	124	1	597	833	1	238	2.71e-67	221
HKLHLFIF_01008	MER0000495	40.741	243	135	2	597	830	1	243	2.90e-53	182
HKLHLFIF_01008	MER0000488	39.394	231	140	0	597	827	1	231	2.43e-51	176
HKLHLFIF_01008	MER0003443	45.178	197	103	2	634	825	27	223	2.04e-50	174
HKLHLFIF_01008	MER0003442	47.849	186	93	2	648	830	37	221	2.80e-50	173
HKLHLFIF_01008	MER0011056	47.849	186	93	2	648	830	37	221	1.10e-49	171
HKLHLFIF_01008	MER0014970	36.201	279	133	2	597	830	1	279	2.24e-49	173
HKLHLFIF_01008	MER0011057	46.237	186	96	2	648	830	37	221	2.22e-47	165
HKLHLFIF_01008	MER0004236	45.665	173	92	1	654	826	87	257	1.29e-42	153
HKLHLFIF_01008	MER0000496	35.740	277	119	4	597	814	1	277	4.96e-42	152
HKLHLFIF_01008	MER0108906	39.149	235	136	3	597	829	1	230	7.21e-39	141
HKLHLFIF_01008	MER0005837	35.652	230	124	5	598	812	2	222	6.06e-35	130
HKLHLFIF_01008	MER0026213	31.579	152	101	1	683	834	111	259	5.39e-21	90.5
HKLHLFIF_01008	MER0017402	34.066	182	108	4	655	831	28	202	6.40e-19	83.6
HKLHLFIF_01008	MER0003859	30.709	127	82	2	677	803	79	199	1.16e-12	65.5
HKLHLFIF_01008	MER0003359	26.943	193	129	5	655	840	45	232	2.70e-11	61.2
HKLHLFIF_01008	MER0017403	39.506	81	48	1	720	800	96	175	1.42e-07	50.4
HKLHLFIF_01027	MER0000410	57.951	283	117	1	400	682	2	282	3.57e-118	352
HKLHLFIF_01027	MER0011872	40.755	265	154	2	418	679	18	282	6.75e-70	226
HKLHLFIF_01027	MER0082498	40.647	278	141	7	423	676	6	283	6.77e-63	207
HKLHLFIF_01027	MER0005694	33.824	272	168	3	413	679	13	277	1.46e-45	160
HKLHLFIF_01027	MER0079308	32.830	265	167	6	417	676	7	265	9.78e-41	147
HKLHLFIF_01027	MER0015621	31.879	298	179	5	401	679	1	293	8.31e-40	145
HKLHLFIF_01027	MER0000392	30.435	276	175	5	413	676	3	273	1.81e-39	144
HKLHLFIF_01027	MER0004227	36.697	218	137	1	422	638	28	245	9.35e-39	142
HKLHLFIF_01027	MER0082653	35.897	234	135	7	418	637	7	239	3.49e-38	140
HKLHLFIF_01027	MER0325901	34.058	276	171	8	413	680	1	273	5.67e-38	139
HKLHLFIF_01027	MER0011450	32.685	257	159	5	413	659	3	255	5.41e-37	136
HKLHLFIF_01027	MER0022823	32.601	273	172	6	419	682	10	279	2.40e-36	135
HKLHLFIF_01027	MER0981959	31.915	282	169	6	413	676	2	278	2.31e-35	132
HKLHLFIF_01027	MER0002490	28.105	306	188	6	401	679	1	301	4.20e-35	132
HKLHLFIF_01027	MER0003229	32.103	271	170	6	413	679	11	271	2.49e-34	129
HKLHLFIF_01027	MER0000398	30.078	256	163	6	424	678	11	251	6.63e-28	110
HKLHLFIF_01027	MER0005807	21.702	235	168	6	382	615	1	220	8.44e-06	44.7
HKLHLFIF_01030	MER0003338	51.128	133	64	1	195	326	1	133	5.73e-38	129
HKLHLFIF_01030	MER0003303	49.630	135	66	2	195	329	1	133	1.93e-35	122
HKLHLFIF_01030	MER0013976	47.200	125	64	2	195	319	1	123	1.99e-29	106
HKLHLFIF_01030	MER0017622	25.000	240	157	5	31	252	1	235	3.28e-19	82.8
HKLHLFIF_01030	MER0003336	36.458	96	58	1	195	287	1	96	1.59e-16	72.4
HKLHLFIF_01030	MER0034967	29.126	206	116	7	92	272	1	201	1.52e-14	68.6
HKLHLFIF_01030	MER0016969	31.496	127	65	3	195	304	1	122	2.46e-12	61.6
HKLHLFIF_01030	MER0003299	31.092	119	79	2	195	311	1	118	1.17e-08	50.1
HKLHLFIF_01030	MER0011465	35.484	62	40	0	195	256	1	62	2.72e-07	46.2
HKLHLFIF_01043	MER0000589	46.970	66	34	1	463	528	179	243	2.61e-11	60.8
HKLHLFIF_01043	MER0000589	28.455	123	45	3	140	262	1	80	1.82e-08	52.4
HKLHLFIF_01043	MER0013626	44.186	43	24	0	470	512	103	145	4.66e-08	49.7
HKLHLFIF_01081	MER0005767	28.696	345	203	9	27	368	1	305	7.55e-38	137
HKLHLFIF_01081	MER0030136	24.688	401	276	11	4	384	1	395	1.57e-19	87.0
HKLHLFIF_01081	MER0030151	24.814	403	273	13	4	384	1	395	5.32e-17	79.3
HKLHLFIF_01081	MER0030143	22.525	404	281	13	4	384	1	395	2.35e-13	68.2
HKLHLFIF_01081	MER0030149	23.762	404	276	13	4	384	1	395	5.47e-13	67.0
HKLHLFIF_01081	MER0015112	22.414	406	283	14	4	384	1	399	1.42e-12	65.9
HKLHLFIF_01081	MER0030155	21.446	401	289	11	4	384	1	395	1.18e-09	56.6
HKLHLFIF_01109	MER0026494	32.059	471	296	8	7	460	10	473	3.15e-73	235
HKLHLFIF_01109	MER0026471	30.753	478	305	8	1	458	5	476	4.54e-71	230
HKLHLFIF_01109	MER0015142	31.140	456	289	8	14	461	67	505	1.38e-63	211
HKLHLFIF_01109	MER0052470	25.707	389	261	12	66	440	69	443	1.27e-20	90.9
HKLHLFIF_01109	MER0026485	30.882	204	121	6	8	198	11	207	1.65e-18	82.8
HKLHLFIF_01109	MER0026485	34.000	100	66	0	360	459	210	309	6.59e-13	66.2
HKLHLFIF_01109	MER0057434	29.126	206	124	6	7	198	2	199	7.65e-17	77.8
HKLHLFIF_01109	MER0057434	27.907	86	62	0	361	446	203	288	7.10e-07	47.8
HKLHLFIF_01109	MER0003397	31.313	198	114	6	17	198	17	208	8.06e-17	77.8
HKLHLFIF_01109	MER0003397	30.337	89	62	0	362	450	213	301	3.56e-09	54.7
HKLHLFIF_01109	MER0001272	31.293	147	80	5	21	164	11	139	2.11e-09	55.1
HKLHLFIF_01132	MER0044357	26.941	219	128	7	9	198	36	251	1.78e-18	82.4
HKLHLFIF_01132	MER0044357	27.586	116	79	2	207	321	340	451	6.06e-10	56.6
HKLHLFIF_01154	MER0004146	27.027	259	160	9	10	243	7	261	4.92e-16	72.4
HKLHLFIF_01154	MER0037236	23.413	252	171	5	13	243	11	261	8.02e-14	66.2
HKLHLFIF_01154	MER0036066	24.180	244	158	8	22	242	1	240	2.89e-13	64.3
HKLHLFIF_01154	MER0031611	24.151	265	162	8	17	250	35	291	6.56e-13	63.9
HKLHLFIF_01154	MER0036053	25.651	269	151	11	16	243	3	263	8.62e-13	63.2
HKLHLFIF_01154	MER0036054	23.636	220	129	5	60	243	58	274	5.42e-10	55.5
HKLHLFIF_01154	MER0017033	23.045	243	159	8	22	243	65	300	9.66e-10	54.7
HKLHLFIF_01154	MER0003537	25.604	207	106	6	80	249	87	282	1.81e-09	53.9
HKLHLFIF_01154	MER0036076	25.943	212	136	7	47	243	88	293	2.02e-09	53.9
HKLHLFIF_01154	MER0036057	21.667	240	166	8	22	243	63	298	1.17e-08	51.6
HKLHLFIF_01154	MER0036068	23.045	243	165	8	22	243	54	295	1.26e-08	51.2
HKLHLFIF_01154	MER0000436	24.028	283	153	10	15	249	17	285	1.81e-08	50.8
HKLHLFIF_01154	MER0035973	25.146	171	112	5	83	242	121	286	5.27e-08	49.7
HKLHLFIF_01154	MER0000437	23.929	280	164	12	16	251	21	295	5.29e-08	49.7
HKLHLFIF_01154	MER0036073	23.651	241	159	7	22	242	80	315	7.36e-08	49.3
HKLHLFIF_01154	MER0036059	36.207	58	37	0	184	241	293	350	1.83e-06	45.1
HKLHLFIF_01154	MER0011509	29.091	110	68	3	20	121	37	144	4.20e-06	43.9
HKLHLFIF_01182	MER0005767	24.579	297	169	10	56	340	29	282	1.82e-06	46.2
HKLHLFIF_01183	MER0200434	37.500	88	47	3	110	190	12	98	3.22e-08	47.4
HKLHLFIF_01183	MER0210019	38.776	49	29	1	146	194	52	99	4.19e-06	41.6
HKLHLFIF_01243	MER0028025	44.848	165	90	1	4	168	5	168	2.53e-41	142
HKLHLFIF_01243	MER0028025	52.632	76	36	0	274	349	168	243	1.31e-19	84.0
HKLHLFIF_01243	MER0003798	25.432	405	231	16	2	342	9	406	1.76e-17	80.1
HKLHLFIF_01243	MER0001273	32.934	167	99	5	12	166	9	174	1.83e-12	63.5
HKLHLFIF_01243	MER0238460	23.547	344	218	12	37	342	65	401	8.30e-12	62.8
HKLHLFIF_01243	MER0001272	27.545	167	106	5	12	167	6	168	2.46e-10	57.4
HKLHLFIF_01243	MER0001266	24.451	319	208	11	8	310	18	319	7.93e-09	53.5
HKLHLFIF_01243	MER0003397	23.622	254	163	10	4	231	19	267	1.33e-06	46.2
HKLHLFIF_01243	MER0002659	23.162	272	187	9	12	273	19	278	2.77e-06	45.4
HKLHLFIF_01280	MER0011806	25.547	274	131	13	37	304	16	222	1.56e-07	49.7
HKLHLFIF_01300	MER0011345	27.411	197	116	7	293	468	28	218	4.21e-12	63.5
HKLHLFIF_01300	MER0001009	24.138	174	110	3	343	504	20	183	2.37e-11	60.5
HKLHLFIF_01300	MER0001013	26.906	223	131	8	293	496	29	238	4.32e-11	60.5
HKLHLFIF_01300	MER0019759	26.512	215	135	8	295	488	19	231	1.81e-10	58.2
HKLHLFIF_01300	MER0001017	23.469	196	128	5	293	469	28	220	6.85e-10	56.6
HKLHLFIF_01300	MER0002281	26.984	189	115	7	289	458	25	209	1.10e-09	56.2
HKLHLFIF_01300	MER0005328	29.630	162	78	8	321	458	49	198	1.20e-09	55.5
HKLHLFIF_01300	MER0001010	25.342	146	90	3	343	476	61	199	2.01e-09	54.7
HKLHLFIF_01300	MER0002003	25.907	193	122	8	296	467	25	217	3.78e-09	54.3
HKLHLFIF_01300	MER0002755	30.857	175	96	8	305	459	30	199	8.67e-09	52.8
HKLHLFIF_01300	MER0002078	22.353	170	113	2	331	488	70	232	4.43e-08	51.2
HKLHLFIF_01300	MER0019096	25.676	148	96	5	345	489	62	198	8.19e-08	49.7
HKLHLFIF_01300	MER0002746	23.661	224	133	9	294	488	18	232	9.69e-08	50.1
HKLHLFIF_01300	MER0006264	21.505	186	114	6	307	467	4	182	1.52e-07	48.9
HKLHLFIF_01300	MER0004243	24.365	197	126	7	294	467	20	216	3.57e-07	48.1
HKLHLFIF_01300	MER0000997	27.200	125	83	3	343	459	85	209	4.21e-07	48.1
HKLHLFIF_01300	MER0012283	26.415	159	102	4	321	467	60	215	4.22e-07	48.1
HKLHLFIF_01300	MER0001012	26.471	136	83	4	343	467	87	216	6.15e-07	47.4
HKLHLFIF_01300	MER0001003	26.404	178	112	5	308	466	7	184	1.66e-06	45.8
HKLHLFIF_01300	MER0011423	25.362	138	84	4	342	467	84	214	2.76e-06	45.4
HKLHLFIF_01300	MER0011440	21.739	138	89	4	342	467	80	210	7.39e-06	44.3
HKLHLFIF_01300	MER0091680	22.093	172	118	4	321	480	46	213	9.30e-06	43.9
HKLHLFIF_01311	MER0192051	24.664	223	142	7	19	225	95	307	3.17e-07	48.1
HKLHLFIF_01320	MER0003380	36.364	110	62	2	173	282	130	231	2.11e-18	79.3
HKLHLFIF_01320	MER0003376	34.375	128	68	5	175	287	32	158	1.74e-15	69.7
HKLHLFIF_01320	MER0003906	36.792	106	60	3	188	287	1	105	9.86e-15	65.9
HKLHLFIF_01320	MER0013541	36.047	86	54	1	188	273	1	85	3.87e-14	63.9
HKLHLFIF_01320	MER0005300	33.613	119	74	2	173	287	46	163	6.03e-14	65.5
HKLHLFIF_01320	MER0069741	35.789	95	59	2	188	282	70	162	8.34e-14	65.1
HKLHLFIF_01320	MER0003423	31.250	112	68	3	181	284	19	129	2.19e-12	60.5
HKLHLFIF_01320	MER0001419	36.782	87	52	2	188	272	32	117	7.50e-12	58.9
HKLHLFIF_01320	MER0387040	27.723	101	71	2	188	287	1	100	5.30e-10	52.8
HKLHLFIF_01320	MER0066182	27.885	104	73	2	185	287	89	191	2.09e-09	53.1
HKLHLFIF_01320	MER0025070	32.000	100	54	3	188	276	6	102	8.95e-08	47.0
HKLHLFIF_01320	MER0388771	32.000	100	54	3	188	276	2	98	9.56e-08	46.6
HKLHLFIF_01320	MER0015415	30.588	85	57	2	190	273	66	149	1.08e-06	44.7
HKLHLFIF_01347	MER0003380	38.725	204	114	4	177	378	43	237	3.52e-42	145
HKLHLFIF_01347	MER0013541	47.059	85	45	0	279	363	1	85	1.99e-21	85.1
HKLHLFIF_01347	MER0069741	35.374	147	91	3	234	378	24	168	8.30e-21	85.9
HKLHLFIF_01347	MER0066182	39.130	115	66	2	259	372	75	186	1.75e-20	85.9
HKLHLFIF_01347	MER0387040	41.053	95	55	1	279	372	1	95	1.78e-19	80.1
HKLHLFIF_01347	MER0001419	36.047	86	53	2	279	362	32	117	9.12e-15	68.2
HKLHLFIF_01347	MER0003376	36.697	109	54	3	279	372	45	153	2.55e-14	67.4
HKLHLFIF_01347	MER0003423	38.372	86	51	2	279	362	32	117	5.62e-14	65.9
HKLHLFIF_01347	MER0003906	37.000	100	57	3	279	372	1	100	9.67e-13	61.2
HKLHLFIF_01347	MER0025070	33.628	113	62	5	274	373	1	113	7.53e-11	56.2
HKLHLFIF_01347	MER0388771	34.259	108	58	5	279	373	2	109	1.22e-10	55.5
HKLHLFIF_01347	MER0005300	33.696	92	61	0	281	372	67	158	3.16e-09	52.8
HKLHLFIF_01347	MER0015415	33.333	84	55	1	281	363	66	149	4.60e-09	52.4
HKLHLFIF_01350	MER0036617	51.351	37	18	0	146	182	1	37	7.43e-07	41.2
HKLHLFIF_01350	MER0017811	48.649	37	19	0	146	182	4	40	2.78e-06	39.7
HKLHLFIF_01378	MER0034539	58.738	206	84	1	2	206	1	206	1.74e-83	256
HKLHLFIF_01378	MER0033254	37.349	166	92	5	25	179	20	184	1.97e-25	102
