JKBHFIHL_00032	MER0001243	37.805	246	150	3	2	244	3	248	2.81e-58	184
JKBHFIHL_00032	MER0005690	39.035	228	138	1	10	237	11	237	2.29e-54	173
JKBHFIHL_00032	MER0015127	38.034	234	144	1	13	246	14	246	4.25e-54	172
JKBHFIHL_00032	MER0015128	35.443	237	147	3	13	246	14	247	1.98e-49	160
JKBHFIHL_00032	MER0001342	35.294	238	154	0	2	239	3	240	2.47e-46	153
JKBHFIHL_00032	MER0013929	33.475	236	156	1	2	237	3	237	5.86e-45	149
JKBHFIHL_00032	MER0013589	32.479	234	157	1	4	237	1	233	1.01e-44	148
JKBHFIHL_00032	MER0013450	32.661	248	165	2	4	249	3	250	1.44e-41	140
JKBHFIHL_00032	MER0003880	30.622	209	129	6	7	211	1	197	1.95e-21	88.2
JKBHFIHL_00032	MER0010972	24.638	207	142	1	13	219	14	206	6.39e-16	72.0
JKBHFIHL_00032	MER0004931	24.631	203	141	4	4	204	5	197	7.80e-15	68.9
JKBHFIHL_00032	MER0004532	27.778	162	103	6	62	216	55	209	2.95e-12	61.6
JKBHFIHL_00032	MER0024896	27.692	130	86	3	122	244	337	465	7.16e-11	58.9
JKBHFIHL_00032	MER0024896	28.704	108	77	0	3	110	4	111	5.64e-10	56.2
JKBHFIHL_00032	MER0005462	25.543	184	125	5	1	180	2	177	5.98e-10	55.1
JKBHFIHL_00032	MER0011746	23.944	213	143	7	13	212	14	220	9.53e-09	52.0
JKBHFIHL_00032	MER0002038	24.031	129	93	2	77	204	74	198	9.95e-08	48.5
JKBHFIHL_00032	MER0001244	21.525	223	144	8	1	202	2	214	6.49e-07	46.2
JKBHFIHL_00032	MER0001728	23.881	268	168	10	13	256	14	269	3.02e-06	44.7
JKBHFIHL_00069	MER0005244	31.694	183	124	1	269	450	1	183	6.04e-23	93.6
JKBHFIHL_00069	MER0005241	30.220	182	113	7	273	440	5	186	2.67e-13	66.2
JKBHFIHL_00069	MER0100667	23.223	211	139	7	253	450	4	204	2.21e-07	48.5
JKBHFIHL_00069	MER0002161	23.077	221	146	7	265	464	58	275	4.19e-06	45.1
JKBHFIHL_00070	MER0005244	35.912	181	115	1	253	432	3	183	2.56e-32	119
JKBHFIHL_00070	MER0005241	30.144	209	130	7	253	446	3	210	3.15e-17	77.8
JKBHFIHL_00070	MER0004514	30.729	192	109	9	254	425	35	222	8.94e-12	62.0
JKBHFIHL_00070	MER0100667	25.366	205	130	7	253	444	22	216	9.82e-12	61.2
JKBHFIHL_00070	MER0001284	28.191	188	115	7	255	424	36	221	2.97e-10	57.4
JKBHFIHL_00070	MER0001289	24.227	194	128	6	264	444	73	260	5.92e-08	50.8
JKBHFIHL_00070	MER0194228	24.211	190	125	6	268	444	1	184	1.29e-07	48.9
JKBHFIHL_00082	MER0013829	32.515	326	216	3	10	335	6	327	5.91e-54	178
JKBHFIHL_00082	MER0005169	32.479	351	215	7	9	351	5	341	3.32e-53	176
JKBHFIHL_00082	MER0004410	33.333	351	223	7	9	355	5	348	2.28e-46	158
JKBHFIHL_00082	MER0005472	30.725	345	222	6	9	353	5	332	2.50e-40	142
JKBHFIHL_00082	MER0002046	32.476	311	188	10	39	346	35	326	2.81e-37	134
JKBHFIHL_00082	MER0002043	28.614	332	208	10	23	342	31	345	8.41e-33	122
JKBHFIHL_00082	MER0005160	29.552	335	216	10	11	342	7	324	1.69e-26	104
JKBHFIHL_00082	MER0002040	28.205	273	177	8	61	325	59	320	4.84e-22	92.8
JKBHFIHL_00082	MER0022215	21.629	356	246	9	8	352	3	336	2.29e-17	79.0
JKBHFIHL_00112	MER0492485	31.973	147	74	6	85	221	35	165	4.35e-09	50.8
JKBHFIHL_00122	MER0026339	52.412	311	101	3	1	308	1	267	9.77e-111	319
JKBHFIHL_00122	MER0017193	31.373	306	165	4	11	315	14	275	4.47e-47	157
JKBHFIHL_00122	MER0017177	31.293	147	85	5	4	144	16	152	5.92e-12	62.4
JKBHFIHL_00122	MER0031614	23.906	297	166	8	22	315	83	322	9.80e-08	49.7
