MGEFMDMA_00045	MER0002565	37.447	235	126	7	273	506	80	294	7.83e-29	115
MGEFMDMA_00045	MER0000310	36.364	209	114	8	299	505	62	253	1.07e-26	106
MGEFMDMA_00045	MER0000332	40.642	187	91	8	300	485	64	231	1.09e-24	100
MGEFMDMA_00045	MER0001699	36.364	209	114	8	299	505	61	252	7.34e-24	98.6
MGEFMDMA_00045	MER0001709	32.319	263	133	12	268	506	68	309	6.02e-23	97.1
MGEFMDMA_00045	MER0002575	31.250	240	123	9	268	505	58	257	6.74e-23	95.9
MGEFMDMA_00045	MER0001928	35.096	208	114	8	299	505	61	248	1.12e-22	94.7
MGEFMDMA_00045	MER0001521	35.577	208	115	8	300	505	64	254	1.23e-22	94.7
MGEFMDMA_00045	MER0000333	40.426	188	92	7	299	485	63	231	1.51e-22	94.7
MGEFMDMA_00045	MER0000313	35.577	208	115	8	300	505	64	254	2.06e-22	94.4
MGEFMDMA_00045	MER0002516	36.842	209	102	10	299	502	81	264	4.11e-22	93.6
MGEFMDMA_00045	MER0000309	33.810	210	118	8	299	505	62	253	4.53e-22	93.2
MGEFMDMA_00045	MER0001755	35.577	208	115	8	300	505	64	254	5.73e-22	92.8
MGEFMDMA_00045	MER0081072	34.597	211	116	9	299	507	60	250	6.11e-22	92.4
MGEFMDMA_00045	MER0028365	36.598	194	104	7	299	487	124	303	9.63e-22	94.4
MGEFMDMA_00045	MER0028365	45.205	73	37	3	43	115	43	112	3.04e-10	58.9
MGEFMDMA_00045	MER0016978	36.402	239	95	10	300	505	78	292	1.91e-21	92.4
MGEFMDMA_00045	MER0077555	36.538	208	116	8	299	505	61	253	2.01e-21	91.3
MGEFMDMA_00045	MER0000320	34.188	234	118	11	299	522	68	275	2.65e-21	91.3
MGEFMDMA_00045	MER0001523	34.615	208	117	8	300	505	64	254	3.92e-21	90.5
MGEFMDMA_00045	MER0000312	34.615	208	117	8	300	505	64	254	3.92e-21	90.5
MGEFMDMA_00045	MER0001906	35.577	208	113	9	299	505	61	248	4.78e-21	90.1
MGEFMDMA_00045	MER0000315	35.577	208	113	9	299	505	61	248	5.35e-21	90.1
MGEFMDMA_00045	MER0001725	32.443	262	136	11	283	529	75	310	9.45e-21	90.1
MGEFMDMA_00045	MER0002267	31.579	209	123	5	299	505	70	260	1.33e-20	89.0
MGEFMDMA_00045	MER0005078	32.353	238	121	10	290	514	72	282	2.06e-20	88.6
MGEFMDMA_00045	MER0001520	35.096	208	114	9	299	505	61	248	2.17e-20	88.2
MGEFMDMA_00045	MER0000326	37.500	208	99	11	299	502	71	251	3.20e-20	88.6
MGEFMDMA_00045	MER0062058	33.500	200	116	4	297	491	58	245	1.12e-19	88.6
MGEFMDMA_00045	MER0062058	55.102	49	22	0	68	116	1	49	3.22e-11	62.4
MGEFMDMA_00045	MER0054318	31.628	215	127	8	299	508	66	265	5.56e-19	85.1
MGEFMDMA_00045	MER0054318	42.857	63	32	2	59	119	15	75	1.18e-06	47.4
MGEFMDMA_00045	MER0005821	30.455	220	128	10	298	507	84	288	6.82e-19	86.3
MGEFMDMA_00045	MER0000311	37.619	210	112	8	300	507	64	256	1.07e-18	83.2
MGEFMDMA_00045	MER0000361	32.400	250	130	11	277	504	81	313	1.91e-18	83.6
MGEFMDMA_00045	MER0017009	33.333	225	121	9	297	505	114	325	2.46e-18	83.6
MGEFMDMA_00045	MER0004720	34.211	228	107	12	268	487	51	243	4.91e-18	81.6
MGEFMDMA_00045	MER0000349	31.641	256	146	10	288	522	132	379	6.31e-18	82.8
MGEFMDMA_00045	MER0000362	29.741	232	119	10	300	507	99	310	9.30e-18	81.6
MGEFMDMA_00045	MER0000356	35.865	237	98	12	299	507	88	298	9.34e-18	82.0
MGEFMDMA_00045	MER0006023	31.963	219	116	8	300	501	102	304	9.35e-18	81.6
MGEFMDMA_00045	MER0000338	32.314	229	120	10	299	518	71	273	9.43e-18	80.5
MGEFMDMA_00045	MER0002562	31.064	235	117	11	300	508	117	332	1.85e-17	80.9
MGEFMDMA_00045	MER0002057	32.645	242	120	11	300	502	102	339	2.79e-17	80.9
MGEFMDMA_00045	MER0005931	35.577	208	115	6	300	505	32	222	3.92e-17	78.2
MGEFMDMA_00045	MER0013656	33.184	223	122	8	284	505	51	247	4.00e-17	78.6
MGEFMDMA_00045	MER0000316	34.123	211	112	8	299	505	60	247	4.69e-17	78.2
MGEFMDMA_00045	MER0000319	32.127	221	126	8	297	516	66	263	8.06e-17	77.8
MGEFMDMA_00045	MER0003117	35.922	206	97	10	297	492	72	252	8.23e-17	78.2
MGEFMDMA_00045	MER0161312	34.034	238	116	11	300	501	94	326	9.84e-17	79.0
MGEFMDMA_00045	MER0000359	36.279	215	101	12	299	503	88	276	1.13e-16	77.8
MGEFMDMA_00045	MER0030016	34.025	241	118	11	278	505	65	277	1.22e-16	77.4
MGEFMDMA_00045	MER0050309	33.668	199	102	9	298	487	45	222	2.20e-16	78.6
MGEFMDMA_00045	MER0014744	34.634	205	114	8	299	490	94	291	2.68e-16	77.0
MGEFMDMA_00045	MER0006037	33.333	228	109	11	268	487	58	250	2.86e-16	76.3
MGEFMDMA_00045	MER0004085	32.883	222	110	10	299	497	95	300	4.82e-16	76.3
MGEFMDMA_00045	MER0000321	29.555	247	134	9	268	505	137	352	8.24e-16	75.9
MGEFMDMA_00045	MER0000325	36.364	209	103	11	299	502	69	252	1.56e-15	74.7
MGEFMDMA_00045	MER0006074	28.740	254	140	10	268	511	59	281	2.06e-15	73.9
MGEFMDMA_00045	MER0000336	30.556	252	123	11	268	501	58	275	3.80e-15	73.2
MGEFMDMA_00045	MER0042897	36.364	187	97	8	293	476	61	228	4.56e-15	72.8
MGEFMDMA_00045	MER0000340	27.358	318	169	12	202	506	6	274	6.66e-15	72.4
MGEFMDMA_00045	MER0000358	28.926	242	124	11	282	509	59	266	1.08e-14	72.4
MGEFMDMA_00045	MER0002764	30.802	237	130	10	299	529	88	296	1.40e-14	71.6
MGEFMDMA_00045	MER0004690	26.339	224	147	4	291	501	88	306	1.65e-14	72.0
MGEFMDMA_00045	MER0004690	40.580	69	39	2	66	133	36	103	8.47e-08	51.2
MGEFMDMA_00045	MER0002500	31.164	292	149	13	283	537	131	407	1.81e-14	72.4
MGEFMDMA_00045	MER0000357	35.545	211	92	12	299	494	76	257	4.59e-14	70.1
MGEFMDMA_00045	MER0014446	28.685	251	147	8	300	537	197	428	4.72e-14	71.2
MGEFMDMA_00045	MER0000335	29.435	248	130	14	268	507	48	258	2.60e-13	67.4
MGEFMDMA_00045	MER0005859	32.735	223	108	13	299	488	241	454	3.96e-13	68.6
MGEFMDMA_00045	MER0016986	27.381	252	132	10	280	487	70	314	5.36e-13	67.4
MGEFMDMA_00045	MER0016983	32.381	210	99	9	299	487	70	257	5.58e-13	67.0
MGEFMDMA_00045	MER0000348	26.255	259	140	8	289	503	77	328	6.11e-13	67.0
MGEFMDMA_00045	MER0000344	29.412	221	122	9	299	510	87	282	6.63e-13	66.6
MGEFMDMA_00045	MER0016688	32.520	246	112	13	297	507	71	297	9.43e-13	66.2
MGEFMDMA_00045	MER0019280	29.614	233	133	9	291	505	62	281	1.53e-12	65.5
MGEFMDMA_00045	MER0024902	24.681	235	153	6	285	504	82	307	1.56e-12	65.5
MGEFMDMA_00045	MER0000328	30.131	229	129	11	299	517	71	278	3.53e-12	64.3
MGEFMDMA_00045	MER0050310	27.203	261	143	13	300	530	102	345	4.12e-12	65.1
MGEFMDMA_00045	MER0005712	25.872	344	191	14	258	539	37	378	5.33e-12	64.3
MGEFMDMA_00045	MER0001451	26.103	272	148	10	286	505	49	319	1.08e-11	63.2
MGEFMDMA_00045	MER0028258	30.035	283	149	14	300	539	104	380	2.32e-11	62.4
MGEFMDMA_00045	MER0003536	30.093	216	138	6	299	505	70	281	3.48e-11	61.2
MGEFMDMA_00045	MER0002790	32.927	246	130	12	300	526	1	230	7.12e-11	59.3
MGEFMDMA_00045	MER0022415	25.547	274	165	13	300	556	83	334	2.67e-10	59.3
MGEFMDMA_00045	MER0037258	26.360	239	145	9	300	516	80	309	3.31e-10	58.5
MGEFMDMA_00045	MER0004123	25.969	258	122	11	297	507	76	311	3.48e-10	58.5
MGEFMDMA_00045	MER0155676	29.577	213	120	9	300	489	125	330	5.41e-10	58.2
MGEFMDMA_00045	MER0155676	35.714	98	48	3	27	118	5	93	4.45e-07	48.9
MGEFMDMA_00045	MER0000351	31.000	200	108	9	297	485	103	283	6.16e-10	57.4
MGEFMDMA_00045	MER0016697	26.970	330	172	16	215	509	24	319	6.81e-10	57.8
MGEFMDMA_00045	MER0000353	30.256	195	104	7	297	480	154	327	2.66e-09	55.8
MGEFMDMA_00045	MER0114485	30.172	232	106	12	300	486	106	326	4.01e-09	55.5
MGEFMDMA_00045	MER0013641	27.715	267	142	15	300	537	83	327	6.81e-09	54.7
MGEFMDMA_00045	MER0067924	26.667	240	123	10	296	505	60	276	8.26e-09	53.9
MGEFMDMA_00045	MER0015432	24.781	343	183	16	270	539	48	388	1.17e-08	53.9
MGEFMDMA_00045	MER0014085	26.182	275	147	11	284	505	70	341	1.59e-08	53.5
MGEFMDMA_00045	MER0005790	31.373	204	100	9	296	484	90	268	2.53e-08	52.4
MGEFMDMA_00045	MER0055027	31.579	171	85	9	289	456	68	209	2.91e-08	52.8
MGEFMDMA_00045	MER0005700	25.248	202	124	5	317	508	177	361	5.72e-08	52.0
MGEFMDMA_00045	MER0005699	23.714	350	185	15	268	537	58	405	7.19e-08	51.6
MGEFMDMA_00045	MER0000350	24.603	252	134	9	299	505	89	329	1.24e-07	50.4
MGEFMDMA_00045	MER0015431	23.026	304	163	11	299	539	85	380	1.55e-07	50.4
MGEFMDMA_00045	MER0087792	24.034	233	136	7	288	487	84	308	1.77e-07	50.1
MGEFMDMA_00045	MER0001368	25.385	260	144	8	297	508	82	339	3.66e-07	49.3
MGEFMDMA_00045	MER0015436	34.375	96	59	2	448	539	373	468	5.26e-07	48.9
MGEFMDMA_00045	MER0004988	27.542	236	125	12	299	516	70	277	6.88e-07	48.1
MGEFMDMA_00045	MER0000329	28.743	167	84	5	365	505	180	337	7.66e-07	48.1
MGEFMDMA_00045	MER0025143	26.271	236	110	12	291	487	62	272	9.95e-07	47.8
MGEFMDMA_00045	MER0080418	35.507	138	73	5	377	505	207	337	1.24e-06	47.4
MGEFMDMA_00045	MER0005610	25.862	290	154	14	274	505	49	335	3.53e-06	46.2
MGEFMDMA_00045	MER0015437	40.984	61	35	1	448	508	373	432	4.07e-06	46.2
MGEFMDMA_00045	MER0002739	31.351	185	96	9	359	539	190	347	5.10e-06	45.8
MGEFMDMA_00045	MER0017014	30.827	133	75	5	420	539	339	467	9.54e-06	45.1
MGEFMDMA_00045	MER0000347	25.833	240	141	8	297	515	116	339	9.54e-06	45.1
MGEFMDMA_00047	MER0000589	35.000	120	37	3	147	266	3	81	2.18e-11	61.2
MGEFMDMA_00047	MER0000589	45.833	48	26	0	441	488	179	226	3.92e-08	51.2
MGEFMDMA_00047	MER0055964	29.457	129	45	1	147	275	3	85	7.28e-08	48.9
MGEFMDMA_00047	MER0013626	45.455	44	24	0	445	488	100	143	1.27e-07	48.1
MGEFMDMA_00047	MER0004537	32.353	136	64	7	147	277	3	115	5.30e-06	44.3
MGEFMDMA_00063	MER0195774	37.288	177	111	0	30	206	1	177	1.97e-40	139
MGEFMDMA_00063	MER0001229	25.121	207	152	3	29	234	1	205	9.09e-17	75.9
MGEFMDMA_00063	MER0043985	25.000	220	161	4	29	246	1	218	1.10e-16	75.9
MGEFMDMA_00063	MER0003448	25.121	207	154	1	29	235	1	206	1.01e-15	73.2
MGEFMDMA_00063	MER0001233	27.803	223	132	8	29	233	1	212	3.56e-15	71.6
MGEFMDMA_00063	MER0004423	27.976	168	115	3	66	233	33	194	7.56e-15	70.5
MGEFMDMA_00063	MER0003543	25.909	220	154	3	30	242	2	219	5.73e-14	67.8
MGEFMDMA_00063	MER0122186	28.108	185	129	3	24	206	16	198	3.76e-13	65.1
MGEFMDMA_00063	MER0001218	27.184	206	135	6	11	206	9	209	3.26e-12	62.4
MGEFMDMA_00063	MER0001214	37.634	93	55	2	29	120	25	115	1.31e-11	60.5
MGEFMDMA_00063	MER0003386	28.302	212	127	10	14	206	4	209	1.43e-10	57.8
MGEFMDMA_00063	MER0002283	36.364	110	66	3	13	120	8	115	9.50e-10	55.5
MGEFMDMA_00063	MER0015090	24.272	206	152	3	30	234	2	204	1.17e-09	55.1
MGEFMDMA_00063	MER0390687	25.000	168	123	2	37	203	1	166	2.11e-09	53.5
MGEFMDMA_00063	MER0015259	25.269	186	128	4	30	206	26	209	5.32e-09	53.1
MGEFMDMA_00063	MER0011292	24.419	172	119	5	46	209	64	232	1.49e-08	52.0
MGEFMDMA_00063	MER0002423	38.554	83	50	1	29	110	25	107	2.06e-08	51.2
MGEFMDMA_00063	MER0002008	23.558	208	119	7	29	216	1	188	7.78e-08	50.1
MGEFMDMA_00063	MER0169735	35.366	82	52	1	29	109	15	96	7.96e-08	49.3
MGEFMDMA_00063	MER0003823	34.091	88	57	1	24	110	20	107	1.36e-07	48.9
MGEFMDMA_00063	MER0011096	25.510	196	115	7	30	206	26	209	1.94e-07	48.5
MGEFMDMA_00063	MER0002345	34.694	98	62	2	15	110	10	107	2.71e-07	48.1
MGEFMDMA_00063	MER0001222	28.409	88	62	1	24	110	20	107	3.28e-07	47.8
MGEFMDMA_00063	MER0001413	35.165	91	55	3	22	109	20	109	3.50e-07	46.6
MGEFMDMA_00063	MER0001220	24.500	200	134	6	55	242	9	203	3.87e-07	47.4
MGEFMDMA_00063	MER0011744	23.980	196	118	7	30	206	26	209	6.14e-07	47.0
MGEFMDMA_00063	MER0014333	24.359	234	164	6	29	252	1	231	2.12e-06	45.4
MGEFMDMA_00063	MER0237414	21.923	260	148	8	31	262	2	234	2.30e-06	45.4
MGEFMDMA_00063	MER0026957	21.118	161	126	1	56	216	23	182	2.52e-06	45.1
MGEFMDMA_00063	MER0188967	22.603	292	173	10	66	320	3	278	2.75e-06	46.2
MGEFMDMA_00063	MER0021876	25.789	190	122	8	30	210	1	180	4.37e-06	44.3
MGEFMDMA_00063	MER0001219	28.409	88	61	2	29	114	25	112	8.34e-06	43.5
MGEFMDMA_00064	MER0237414	24.242	231	151	6	49	262	3	226	1.74e-12	64.7
MGEFMDMA_00072	MER0047723	44.726	474	256	3	6	473	2	475	5.46e-137	400
MGEFMDMA_00072	MER0001283	44.398	482	263	5	3	479	3	484	1.31e-136	399
MGEFMDMA_00072	MER0028941	27.381	168	98	5	15	170	6	161	6.31e-09	54.3
MGEFMDMA_00072	MER0369336	28.571	112	66	3	63	170	8	109	1.41e-06	47.0
MGEFMDMA_00074	MER0492485	34.532	139	88	2	29	167	11	146	8.18e-22	84.3
MGEFMDMA_00088	MER0492485	53.333	60	23	2	109	167	63	118	2.08e-10	54.7
MGEFMDMA_00091	MER0026262	28.940	349	206	13	24	353	2	327	4.82e-32	123
MGEFMDMA_00091	MER0011700	24.251	367	226	12	23	354	1	350	6.14e-23	97.4
MGEFMDMA_00091	MER1143079	25.161	310	182	9	45	349	17	281	1.20e-20	89.0
MGEFMDMA_00091	MER0002489	25.688	327	216	9	16	334	2	309	3.36e-20	89.0
MGEFMDMA_00091	MER0028284	23.881	335	233	7	23	354	1	316	4.19e-20	88.6
MGEFMDMA_00091	MER0140154	23.184	358	210	11	38	353	1	335	7.02e-20	87.8
MGEFMDMA_00091	MER0017069	24.012	329	215	12	33	352	5	307	1.13e-18	84.0
MGEFMDMA_00091	MER0000459	24.791	359	231	11	27	371	12	345	4.35e-16	76.6
MGEFMDMA_00091	MER0219770	24.573	293	195	9	38	327	14	283	1.36e-15	74.7
MGEFMDMA_00091	MER0003802	22.478	347	217	13	26	365	4	305	8.21e-15	72.0
MGEFMDMA_00091	MER0004154	22.186	311	207	11	71	367	48	337	3.75e-14	70.5
MGEFMDMA_00091	MER0005964	23.837	344	212	13	38	357	20	337	4.63e-14	70.5
MGEFMDMA_00091	MER0000457	22.096	353	227	11	18	357	1	318	6.74e-14	69.7
MGEFMDMA_00091	MER0005925	23.373	338	225	15	29	353	8	324	2.02e-13	68.2
MGEFMDMA_00091	MER0005836	24.378	201	137	6	21	212	8	202	2.21e-13	67.0
MGEFMDMA_00091	MER0005923	41.837	98	54	2	38	133	23	119	1.15e-12	66.6
MGEFMDMA_00091	MER0006204	28.205	195	130	5	24	208	6	200	1.49e-12	65.9
MGEFMDMA_00091	MER0034963	28.758	153	104	2	26	178	9	156	2.48e-11	62.0
MGEFMDMA_00091	MER0122661	24.723	271	191	8	25	291	1	262	2.93e-11	61.6
MGEFMDMA_00091	MER0354941	24.339	189	124	8	39	211	11	196	3.50e-10	56.6
MGEFMDMA_00091	MER0000463	25.105	239	160	7	27	261	1	224	8.94e-10	57.0
MGEFMDMA_00091	MER0034964	39.560	91	45	2	51	134	27	114	3.09e-09	55.5
MGEFMDMA_00091	MER0011718	30.851	94	62	1	40	133	23	113	1.70e-08	53.1
MGEFMDMA_00091	MER0004090	26.042	192	115	8	39	210	24	208	2.02e-08	53.1
MGEFMDMA_00091	MER0011726	30.526	95	63	1	40	134	23	114	1.46e-07	50.4
MGEFMDMA_00091	MER0192873	25.822	213	129	10	76	267	2	206	4.21e-07	47.8
MGEFMDMA_00101	MER0030235	23.111	225	109	10	281	491	5	179	2.92e-07	47.8
MGEFMDMA_00140	MER0036114	28.906	128	82	3	8	131	24	146	3.34e-08	50.4
MGEFMDMA_00153	MER0001161	37.463	678	409	8	1	667	1	674	1.10e-155	462
MGEFMDMA_00153	MER0001158	37.688	666	405	8	10	667	10	673	1.19e-144	434
MGEFMDMA_00153	MER0006087	35.362	690	414	14	3	667	12	694	9.78e-131	399
MGEFMDMA_00153	MER0015119	34.765	722	397	19	3	667	8	712	1.17e-126	389
MGEFMDMA_00153	MER0108144	31.381	666	425	14	24	667	3	658	8.78e-97	309
MGEFMDMA_00153	MER0001149	29.794	631	405	16	49	661	56	666	1.13e-83	275
MGEFMDMA_00153	MER0001153	29.457	645	419	14	49	667	54	688	5.05e-83	273
MGEFMDMA_00153	MER0003110	28.879	696	420	18	33	667	30	711	1.05e-79	265
MGEFMDMA_00153	MER0001942	29.193	644	427	14	31	660	37	665	2.78e-77	257
MGEFMDMA_00153	MER0079465	28.727	644	416	18	52	667	2	630	3.27e-69	234
MGEFMDMA_00153	MER0015170	24.165	629	426	16	52	666	34	625	1.94e-48	177
MGEFMDMA_00153	MER0001156	25.937	694	437	25	6	648	17	684	4.41e-45	168
MGEFMDMA_00153	MER0021317	32.432	74	50	0	429	502	14	87	1.29e-08	49.7
MGEFMDMA_00183	MER0034582	26.174	298	194	8	627	917	42	320	5.98e-27	110
MGEFMDMA_00201	MER0012158	34.615	338	150	10	2	269	1	337	1.38e-54	186
MGEFMDMA_00201	MER0003327	44.292	219	118	2	2	220	1	215	1.92e-54	182
MGEFMDMA_00201	MER0185695	39.286	224	127	3	2	219	1	221	8.22e-50	169
MGEFMDMA_00201	MER0003350	38.350	206	106	5	2	186	1	206	7.89e-42	147
MGEFMDMA_00201	MER0003322	38.835	206	102	6	2	183	1	206	5.42e-39	139
MGEFMDMA_00201	MER0004101	31.176	170	111	2	2	169	1	166	3.53e-18	81.3
MGEFMDMA_00201	MER0011781	31.176	170	110	3	2	169	1	165	2.62e-16	75.9
MGEFMDMA_00201	MER0011806	28.824	170	115	2	2	169	1	166	4.57e-16	75.1
MGEFMDMA_00201	MER0003314	29.851	201	122	7	2	186	1	198	1.27e-14	71.2
MGEFMDMA_00266	MER0003242	50.662	302	144	4	101	402	2	298	2.19e-105	310
MGEFMDMA_00266	MER0013876	33.466	251	150	5	21	270	1	235	6.05e-34	126
MGEFMDMA_00266	MER0003855	31.164	292	177	9	21	301	1	279	1.10e-31	121
MGEFMDMA_00266	MER0004416	28.966	290	167	9	33	303	11	280	1.39e-24	99.4
MGEFMDMA_00267	MER0003850	48.634	183	84	3	118	298	2	176	1.16e-50	168
MGEFMDMA_00267	MER0000268	53.416	161	68	2	119	279	1	154	6.19e-49	162
MGEFMDMA_00267	MER0013623	49.390	164	69	2	119	279	1	153	2.16e-47	158
MGEFMDMA_00267	MER0000266	53.374	163	67	4	119	279	1	156	9.51e-45	151
MGEFMDMA_00267	MER0001372	50.610	164	70	4	119	279	1	156	1.20e-43	149
MGEFMDMA_00267	MER0004673	37.809	283	141	6	119	384	2	266	5.32e-43	150
MGEFMDMA_00267	MER0005468	47.239	163	79	3	119	279	1	158	1.47e-41	143
MGEFMDMA_00267	MER0004111	47.239	163	76	3	119	279	1	155	5.10e-40	139
MGEFMDMA_00267	MER0003290	49.080	163	74	3	119	279	1	156	6.77e-39	136
MGEFMDMA_00267	MER0003293	46.875	160	68	2	119	273	1	148	5.79e-38	133
MGEFMDMA_00267	MER0004149	45.665	173	72	5	119	279	1	163	3.50e-37	131
MGEFMDMA_00267	MER0022668	46.243	173	79	7	119	279	1	171	1.01e-34	125
MGEFMDMA_00267	MER0016031	47.024	168	80	6	119	279	1	166	8.88e-34	122
MGEFMDMA_00267	MER0001945	42.945	163	87	2	119	279	1	159	2.40e-33	121
MGEFMDMA_00267	MER0028330	43.827	162	81	3	119	279	1	153	5.52e-33	120
MGEFMDMA_00267	MER0002577	42.593	162	83	3	119	279	1	153	6.36e-33	119
MGEFMDMA_00267	MER0001373	44.910	167	77	5	119	279	1	158	4.00e-31	115
MGEFMDMA_00267	MER0016351	41.975	162	84	3	119	279	1	153	7.77e-31	114
MGEFMDMA_00267	MER0004086	43.373	166	84	5	120	279	1	162	2.26e-30	113
MGEFMDMA_00267	MER0014795	42.690	171	76	5	119	279	1	159	1.01e-29	111
MGEFMDMA_00267	MER0011375	39.264	163	88	3	119	279	1	154	4.46e-29	109
MGEFMDMA_00267	MER0010944	39.205	176	87	5	119	279	1	171	1.28e-26	103
MGEFMDMA_00267	MER0004093	41.358	162	85	4	119	279	1	153	2.13e-26	101
MGEFMDMA_00267	MER0006096	40.580	138	74	3	143	279	1	131	1.55e-23	93.2
MGEFMDMA_00267	MER0005093	37.195	164	85	4	119	269	1	159	1.43e-21	88.6
MGEFMDMA_00267	MER0015583	39.216	153	80	5	119	262	1	149	5.42e-20	83.6
MGEFMDMA_00267	MER0063616	35.119	168	86	5	122	279	5	159	3.10e-17	75.9
MGEFMDMA_00267	MER0004696	34.722	144	86	6	119	260	1	138	8.51e-13	62.8
MGEFMDMA_00267	MER0005094	31.081	148	87	7	119	260	1	139	6.30e-08	49.3
MGEFMDMA_00267	MER0014317	31.034	145	80	7	128	260	2	138	8.28e-07	45.8
MGEFMDMA_00288	MER0025086	49.194	124	60	2	200	323	1	121	3.86e-31	112
MGEFMDMA_00288	MER0002084	29.268	205	119	7	82	274	1	191	3.87e-16	73.9
MGEFMDMA_00288	MER0029657	39.456	147	66	8	189	326	14	146	3.55e-13	63.5
MGEFMDMA_00288	MER0014521	30.405	148	85	5	186	321	68	209	4.74e-07	48.1
MGEFMDMA_00288	MER0011122	29.452	146	81	7	188	321	7	142	1.19e-06	45.1
MGEFMDMA_00321	MER0001158	51.852	675	321	1	41	711	3	677	0.0	715
MGEFMDMA_00321	MER0001161	31.095	685	451	9	40	711	2	678	1.65e-109	344
MGEFMDMA_00321	MER0006087	31.876	709	441	16	33	712	4	699	1.03e-105	335
MGEFMDMA_00321	MER0015119	30.559	733	433	21	37	712	4	717	1.59e-96	311
MGEFMDMA_00321	MER0001149	28.281	640	419	16	90	711	59	676	1.52e-62	218
MGEFMDMA_00321	MER0108144	25.806	682	453	19	58	711	6	662	1.19e-56	201
MGEFMDMA_00321	MER0079465	28.947	608	358	21	145	710	58	633	2.92e-55	197
MGEFMDMA_00321	MER0001942	26.677	641	428	16	90	711	59	676	5.98e-55	197
MGEFMDMA_00321	MER0003110	25.145	692	421	23	90	711	51	715	1.13e-48	179
MGEFMDMA_00321	MER0001153	26.371	474	315	13	260	711	231	692	2.24e-43	164
MGEFMDMA_00321	MER0015170	24.094	635	427	20	90	709	34	628	5.10e-41	155
MGEFMDMA_00321	MER0001156	23.944	568	376	17	160	687	132	683	4.90e-37	144
MGEFMDMA_00321	MER0059435	32.584	89	59	1	461	549	458	545	7.60e-07	49.3
MGEFMDMA_00321	MER0021317	29.412	68	48	0	471	538	20	87	4.19e-06	42.7
MGEFMDMA_00347	MER0004146	25.391	256	170	8	2	241	8	258	1.95e-17	76.6
MGEFMDMA_00347	MER0036075	33.036	112	71	3	11	118	68	179	1.24e-14	69.3
MGEFMDMA_00347	MER0044581	34.862	109	64	3	12	113	70	178	1.27e-14	69.3
MGEFMDMA_00347	MER0044578	35.185	108	63	3	13	113	73	180	3.42e-14	68.2
MGEFMDMA_00347	MER0044633	31.092	119	76	3	12	124	72	190	4.48e-13	65.1
MGEFMDMA_00347	MER0036115	23.656	279	165	6	14	255	36	303	8.02e-13	63.9
MGEFMDMA_00347	MER0213829	30.081	123	78	2	3	117	39	161	6.33e-12	61.2
MGEFMDMA_00347	MER0037236	25.475	263	152	11	2	237	9	254	1.40e-11	60.1
MGEFMDMA_00347	MER0031611	31.313	99	63	3	13	107	39	136	4.39e-10	55.8
MGEFMDMA_00347	MER0014065	27.132	129	83	3	2	119	22	150	6.69e-10	55.5
MGEFMDMA_00347	MER0031619	28.800	125	83	2	14	132	29	153	8.26e-10	55.1
MGEFMDMA_00347	MER0011785	30.233	129	85	2	10	133	32	160	9.97e-10	55.1
MGEFMDMA_00347	MER0017142	26.064	188	109	5	4	166	5	187	1.78e-09	53.5
MGEFMDMA_00347	MER0183709	31.897	116	70	4	1	107	22	137	2.78e-09	53.5
MGEFMDMA_00347	MER0044350	28.421	95	65	1	14	105	2	96	1.51e-08	51.2
MGEFMDMA_00347	MER0031617	28.440	109	75	2	2	107	22	130	2.02e-08	50.8
MGEFMDMA_00347	MER0035038	29.474	95	64	2	8	99	24	118	3.82e-08	50.1
MGEFMDMA_00347	MER0035035	32.353	102	60	4	6	99	23	123	4.17e-08	50.1
MGEFMDMA_00347	MER0035044	30.208	96	64	2	8	100	27	122	4.92e-08	49.7
MGEFMDMA_00347	MER0011509	30.189	106	70	2	14	115	39	144	4.92e-08	49.7
MGEFMDMA_00347	MER0213280	31.579	95	62	3	8	99	24	118	7.34e-08	49.3
MGEFMDMA_00347	MER0035032	30.208	96	64	2	8	100	25	120	1.13e-07	48.5
MGEFMDMA_00347	MER0034563	25.620	121	88	2	14	134	17	135	1.65e-07	47.8
MGEFMDMA_00347	MER0035043	31.111	90	58	2	14	100	36	124	1.88e-07	48.1
MGEFMDMA_00347	MER0025512	27.731	119	80	4	2	117	39	154	1.11e-06	45.4
MGEFMDMA_00347	MER0017177	28.205	117	74	5	8	118	30	142	1.27e-06	45.4
MGEFMDMA_00347	MER0017193	35.632	87	54	2	2	87	15	100	1.39e-06	45.1
MGEFMDMA_00347	MER0031616	27.273	110	76	2	9	114	35	144	2.06e-06	44.7
MGEFMDMA_00347	MER0035042	26.087	92	64	2	11	99	33	123	2.79e-06	44.3
MGEFMDMA_00347	MER0036084	20.690	145	105	3	3	137	9	153	2.97e-06	44.3
MGEFMDMA_00347	MER0036053	27.273	121	80	4	6	122	2	118	3.23e-06	43.9
MGEFMDMA_00347	MER0043008	23.026	152	107	4	2	143	10	161	3.34e-06	43.9
MGEFMDMA_00347	MER0036069	33.333	96	60	2	6	97	73	168	4.88e-06	43.9
MGEFMDMA_00347	MER0036072	30.337	89	54	2	15	95	82	170	8.36e-06	43.1
MGEFMDMA_00352	MER0014188	31.868	91	56	3	103	192	1	86	1.16e-08	48.5
MGEFMDMA_00352	MER0002443	36.782	87	52	3	108	192	6	91	1.32e-08	48.5
MGEFMDMA_00352	MER0003807	37.209	86	50	3	103	185	1	85	8.45e-08	46.6
MGEFMDMA_00352	MER0004035	37.805	82	42	5	115	192	10	86	9.09e-08	46.2
MGEFMDMA_00352	MER0003986	34.940	83	50	4	103	182	1	82	1.32e-07	45.8
MGEFMDMA_00352	MER0377310	31.313	99	64	3	107	204	5	100	3.00e-07	44.7
MGEFMDMA_00352	MER0377307	31.313	99	64	3	107	204	5	100	3.00e-07	44.7
MGEFMDMA_00352	MER0002450	30.841	107	70	3	107	212	5	108	3.69e-07	44.7
MGEFMDMA_00352	MER0024252	36.170	94	57	3	103	195	1	92	1.59e-06	43.1
MGEFMDMA_00352	MER0377178	30.303	99	65	3	107	204	5	100	1.72e-06	42.4
MGEFMDMA_00365	MER0005196	60.241	249	98	1	459	706	2	250	3.09e-105	318
MGEFMDMA_00365	MER0058228	43.388	242	135	2	472	711	1	242	2.11e-69	224
MGEFMDMA_00365	MER0001423	40.435	230	136	1	478	706	2	231	3.45e-64	210
MGEFMDMA_00365	MER0004921	35.950	242	144	5	475	710	1	237	5.26e-52	177
MGEFMDMA_00365	MER0004923	33.730	252	161	3	444	691	23	272	2.85e-50	174
MGEFMDMA_00365	MER0013484	38.009	221	133	2	475	691	1	221	3.81e-50	172
MGEFMDMA_00365	MER0011413	35.294	221	139	2	475	691	1	221	1.48e-46	162
MGEFMDMA_00365	MER0005994	31.939	263	171	6	453	709	2	262	4.54e-45	159
MGEFMDMA_00365	MER0192427	38.119	202	118	3	471	669	59	256	7.81e-45	159
MGEFMDMA_00365	MER0005987	34.884	258	157	7	459	709	7	260	2.49e-44	157
MGEFMDMA_00365	MER0000399	33.333	261	166	5	453	709	1	257	1.07e-43	155
MGEFMDMA_00365	MER0000401	36.214	243	147	5	453	691	2	240	2.90e-42	151
MGEFMDMA_00365	MER0011305	34.231	260	159	7	459	711	1	255	3.35e-39	142
MGEFMDMA_00365	MER0004504	35.468	203	124	3	480	677	1	201	1.11e-38	140
MGEFMDMA_00365	MER0195666	34.466	206	125	4	478	676	1	203	1.59e-38	140
MGEFMDMA_00365	MER0004199	36.797	231	131	8	485	709	1	222	7.58e-36	132
MGEFMDMA_00365	MER0000405	36.937	222	125	7	479	691	33	248	8.10e-36	133
MGEFMDMA_00365	MER0011231	33.840	263	164	7	453	709	1	259	2.16e-35	132
MGEFMDMA_00365	MER0004193	28.755	233	160	5	478	707	3	232	8.48e-31	117
MGEFMDMA_00365	MER0000404	29.389	262	163	8	453	703	1	251	9.52e-31	118
MGEFMDMA_00365	MER0000403	24.627	268	189	7	453	712	1	263	6.73e-26	104
MGEFMDMA_00365	MER0034615	29.098	244	160	3	470	703	2	242	2.05e-24	99.8
MGEFMDMA_00365	MER0003361	28.037	214	141	6	475	685	16	219	4.43e-21	90.1
MGEFMDMA_00365	MER0017401	30.043	233	145	9	480	702	8	232	1.03e-18	83.2
MGEFMDMA_00365	MER0005988	33.636	110	72	1	583	691	2	111	5.67e-18	77.0
MGEFMDMA_00365	MER0003558	23.451	226	157	4	491	707	39	257	3.55e-14	70.1
MGEFMDMA_00365	MER0015682	26.923	208	141	4	487	690	86	286	4.60e-13	67.4
MGEFMDMA_00365	MER0000408	23.605	233	148	5	478	691	12	233	2.94e-12	64.3
MGEFMDMA_00365	MER0018170	21.560	218	153	3	486	690	20	232	4.34e-12	63.9
MGEFMDMA_00365	MER0140224	26.000	200	128	5	514	697	30	225	6.17e-12	63.2
MGEFMDMA_00365	MER0005807	25.225	222	140	8	491	700	62	269	8.97e-12	63.2
MGEFMDMA_00365	MER0011583	25.101	247	157	10	476	707	10	243	1.75e-10	58.9
MGEFMDMA_00365	MER0000263	23.077	234	156	8	474	692	2	226	3.70e-09	54.7
MGEFMDMA_00365	MER0981959	24.503	151	110	2	460	610	8	154	2.67e-08	52.8
MGEFMDMA_00365	MER0005694	23.581	229	162	5	455	675	14	237	1.80e-07	50.1
MGEFMDMA_00365	MER0016096	22.566	226	154	7	481	691	9	228	3.85e-07	48.9
MGEFMDMA_00365	MER0015621	22.269	238	163	5	450	669	7	240	4.40e-07	48.9
MGEFMDMA_00365	MER0030932	28.105	153	97	4	520	665	54	200	8.14e-06	44.7
MGEFMDMA_00365	MER0022823	26.712	146	98	3	533	669	80	225	9.55e-06	44.7
MGEFMDMA_00368	MER0492485	36.765	136	81	1	11	141	11	146	1.01e-27	99.0
MGEFMDMA_00448	MER0000471	27.790	457	259	14	63	470	1	435	1.07e-31	124
MGEFMDMA_00448	MER0011571	25.814	430	256	12	82	468	20	429	1.44e-28	114
MGEFMDMA_00448	MER0000472	26.316	437	246	15	94	482	32	440	2.92e-26	108
MGEFMDMA_00448	MER0053015	29.282	181	114	3	291	466	188	359	9.30e-13	66.2
MGEFMDMA_00448	MER0026276	30.303	165	96	6	317	467	285	444	6.67e-10	57.8
MGEFMDMA_00466	MER0001299	35.564	523	313	11	37	541	3	519	4.26e-86	276
MGEFMDMA_00466	MER0321345	35.359	181	115	1	333	511	1	181	2.90e-33	122
MGEFMDMA_00466	MER0321345	24.204	157	115	3	87	241	1	155	1.79e-10	57.4
MGEFMDMA_00466	MER0011114	37.629	194	114	2	328	517	182	372	5.00e-33	127
MGEFMDMA_00466	MER0011114	36.154	130	83	0	90	219	2	131	6.27e-19	85.9
MGEFMDMA_00466	MER0003812	34.807	181	116	1	333	511	1	181	1.42e-32	120
MGEFMDMA_00466	MER0003812	24.204	157	115	3	87	241	1	155	2.61e-10	57.0
MGEFMDMA_00466	MER0001300	32.335	167	110	2	345	510	9	173	5.40e-18	79.3
MGEFMDMA_00466	MER0044046	28.492	179	127	1	333	511	1	178	2.18e-17	77.4
MGEFMDMA_00466	MER0013957	28.902	173	117	3	342	511	10	179	6.01e-15	70.5
MGEFMDMA_00553	MER0000474	51.010	198	96	1	29	225	10	207	1.39e-73	219
MGEFMDMA_00553	MER0005687	48.020	202	100	1	20	221	11	207	5.98e-66	200
MGEFMDMA_00553	MER0004857	52.356	191	89	2	32	221	14	203	3.08e-65	198
MGEFMDMA_00553	MER0002211	50.532	188	93	0	34	221	16	203	7.65e-64	194
MGEFMDMA_00553	MER0002299	49.730	185	93	0	36	220	12	196	4.64e-63	192
MGEFMDMA_00553	MER0006046	45.411	207	112	1	18	224	1	206	4.11e-62	190
MGEFMDMA_00553	MER0004855	45.652	184	100	0	42	225	26	209	2.32e-57	178
MGEFMDMA_00553	MER0006063	45.355	183	100	0	40	222	23	205	1.77e-56	176
MGEFMDMA_00553	MER0006056	49.398	166	83	1	59	224	46	210	1.49e-53	168
MGEFMDMA_00553	MER0004847	47.150	193	101	1	34	225	16	208	4.40e-52	164
MGEFMDMA_00553	MER0004182	41.489	188	110	0	35	222	13	200	1.35e-47	153
MGEFMDMA_00553	MER0011666	42.012	169	96	1	55	221	17	185	9.13e-45	145
MGEFMDMA_00553	MER0006308	37.288	177	110	1	45	220	17	193	1.45e-44	145
MGEFMDMA_00553	MER0001369	40.000	80	46	1	77	156	53	130	9.14e-07	43.9
MGEFMDMA_00602	MER0000459	25.298	336	192	17	41	358	11	305	3.75e-17	79.0
MGEFMDMA_00602	MER0002489	24.315	292	181	11	77	360	50	309	5.26e-12	63.5
MGEFMDMA_00602	MER0005964	23.692	325	185	12	75	375	46	331	1.22e-11	62.4
MGEFMDMA_00602	MER1143079	23.810	294	165	11	86	375	45	283	2.16e-10	58.2
MGEFMDMA_00602	MER0026262	24.167	360	200	19	45	375	8	323	3.27e-10	57.8
MGEFMDMA_00602	MER0017069	26.573	143	82	3	79	221	40	159	2.49e-08	52.0
MGEFMDMA_00602	MER0006204	27.389	157	96	6	74	229	45	184	9.89e-07	47.4
MGEFMDMA_00602	MER0004090	31.788	151	81	5	80	229	61	190	1.06e-06	47.0
MGEFMDMA_00602	MER0003802	26.582	158	76	6	83	240	49	166	1.27e-06	46.6
MGEFMDMA_00602	MER0005836	25.112	223	117	10	33	240	4	191	1.52e-06	46.2
MGEFMDMA_00658	MER0033186	38.686	274	153	4	72	335	3	271	2.14e-55	182
MGEFMDMA_00692	MER0015424	32.258	496	252	19	126	544	29	517	5.47e-50	179
MGEFMDMA_00692	MER0016991	29.193	322	159	15	126	408	29	320	1.02e-16	79.0
MGEFMDMA_00692	MER0019280	38.938	113	56	3	284	394	184	285	1.26e-12	65.9
MGEFMDMA_00692	MER0000349	34.752	141	75	5	253	390	241	367	1.45e-12	66.6
MGEFMDMA_00692	MER0014446	29.958	237	135	9	160	390	190	401	2.63e-12	65.9
MGEFMDMA_00692	MER0016983	38.235	102	49	4	324	417	216	311	2.18e-10	59.3
MGEFMDMA_00692	MER0114485	30.837	227	131	8	167	369	106	330	2.46e-10	59.7
MGEFMDMA_00692	MER0000347	29.537	281	135	13	166	419	118	362	4.74e-10	58.9
MGEFMDMA_00692	MER0015432	26.332	319	187	16	118	414	95	387	2.06e-09	56.6
MGEFMDMA_00692	MER0000351	35.714	112	67	2	256	367	179	285	6.73e-09	54.3
MGEFMDMA_00692	MER0005756	34.146	123	59	6	309	414	294	411	1.78e-08	53.9
MGEFMDMA_00692	MER0005712	27.303	304	153	16	165	413	86	376	2.48e-08	53.1
MGEFMDMA_00692	MER0068994	25.362	276	150	11	162	390	104	370	2.63e-08	53.1
MGEFMDMA_00692	MER0015433	33.333	129	63	6	304	414	348	471	2.91e-08	53.1
MGEFMDMA_00692	MER0000321	28.774	212	112	7	165	367	153	334	7.55e-08	51.6
MGEFMDMA_00692	MER0006074	26.201	229	131	8	144	364	56	254	8.90e-08	51.2
MGEFMDMA_00692	MER0161312	28.448	232	118	11	167	367	94	308	1.82e-07	50.4
MGEFMDMA_00692	MER0028258	48.387	62	29	1	309	367	263	324	4.58e-07	49.3
MGEFMDMA_00692	MER0017009	27.103	214	118	10	166	365	116	305	8.54e-07	48.1
MGEFMDMA_00692	MER0003536	29.310	116	63	3	276	380	169	276	9.10e-07	47.8
MGEFMDMA_00692	MER0003020	33.333	117	62	4	307	413	406	516	9.21e-07	48.5
MGEFMDMA_00692	MER0001725	27.444	266	133	12	166	415	98	319	1.17e-06	47.8
MGEFMDMA_00692	MER0005700	32.520	123	60	6	309	413	276	393	1.56e-06	47.8
MGEFMDMA_00692	MER0005757	33.028	109	52	5	322	414	290	393	1.91e-06	47.4
MGEFMDMA_00692	MER0004123	25.617	324	178	13	123	411	33	328	2.04e-06	47.0
MGEFMDMA_00692	MER0015437	32.174	115	62	4	309	412	354	463	2.58e-06	47.0
MGEFMDMA_00692	MER0001467	31.068	103	55	3	291	380	233	332	3.65e-06	46.2
MGEFMDMA_00692	MER0077555	27.907	258	121	11	128	366	23	234	4.27e-06	45.8
MGEFMDMA_00692	MER0001699	28.044	271	127	12	128	378	23	245	4.28e-06	45.4
MGEFMDMA_00692	MER0002771	29.600	125	64	4	308	413	244	363	4.70e-06	45.8
MGEFMDMA_00692	MER0002267	28.846	260	124	13	167	413	71	282	5.23e-06	45.4
MGEFMDMA_00692	MER0002739	24.749	299	160	11	166	431	97	363	5.29e-06	46.2
MGEFMDMA_00692	MER0005790	43.860	57	30	1	308	364	214	268	9.95e-06	44.3
MGEFMDMA_00821	MER0001313	25.000	200	88	5	6	203	14	153	5.52e-07	45.1
MGEFMDMA_00828	MER0000485	48.117	239	114	3	573	805	2	236	6.44e-64	211
MGEFMDMA_00828	MER0000495	39.918	243	134	3	573	804	2	243	1.28e-52	181
MGEFMDMA_00828	MER0003443	46.154	195	99	2	609	797	27	221	3.86e-52	178
MGEFMDMA_00828	MER0011056	46.411	209	104	4	603	804	14	221	3.08e-49	170
MGEFMDMA_00828	MER0014970	35.125	279	135	3	573	805	2	280	3.64e-49	172
MGEFMDMA_00828	MER0000488	41.126	231	129	3	573	799	2	229	2.51e-48	168
MGEFMDMA_00828	MER0003442	47.486	179	91	1	629	804	43	221	4.88e-48	167
MGEFMDMA_00828	MER0011057	46.369	179	93	1	629	804	43	221	1.57e-46	162
MGEFMDMA_00828	MER0004236	47.399	173	89	1	629	801	88	258	5.41e-45	159
MGEFMDMA_00828	MER0000496	47.337	169	84	1	625	788	109	277	4.70e-42	152
MGEFMDMA_00828	MER0005837	35.600	250	143	4	573	806	2	249	4.80e-40	145
MGEFMDMA_00828	MER0108906	39.831	236	130	6	573	803	2	230	5.23e-37	135
MGEFMDMA_00828	MER0026213	34.247	146	93	1	657	802	111	253	1.89e-22	94.7
MGEFMDMA_00828	MER0017402	35.912	181	104	4	629	804	28	201	2.12e-21	90.5
MGEFMDMA_00828	MER0003859	30.519	154	100	2	651	804	79	225	4.57e-15	72.8
MGEFMDMA_00828	MER0003359	30.978	184	115	5	629	805	45	223	1.50e-14	70.9
MGEFMDMA_00828	MER0017403	28.873	142	93	2	667	806	75	210	8.87e-09	53.9
MGEFMDMA_00830	MER0001295	48.649	185	81	3	378	557	2	177	2.65e-49	167
MGEFMDMA_00830	MER0003065	35.754	179	98	4	379	557	3	164	6.30e-26	101
MGEFMDMA_00830	MER0003514	35.714	182	100	4	377	558	1	165	1.37e-25	100
MGEFMDMA_00830	MER0003413	30.387	181	108	5	378	557	2	165	3.40e-24	97.1
MGEFMDMA_00830	MER0001425	35.795	176	100	5	381	555	5	168	3.96e-22	91.3
MGEFMDMA_00830	MER0001297	34.831	178	99	4	377	554	1	161	5.25e-22	90.5
MGEFMDMA_00830	MER0005714	32.258	186	102	6	379	556	3	172	3.70e-21	88.6
MGEFMDMA_00830	MER0004195	31.551	187	102	6	377	558	1	166	4.12e-19	82.4
MGEFMDMA_00830	MER0015684	31.677	161	89	5	381	538	5	147	7.18e-15	70.1
MGEFMDMA_00830	MER0004196	30.387	181	107	5	380	558	4	167	4.58e-14	67.8
MGEFMDMA_00839	MER0026545	29.344	259	168	7	10	260	19	270	1.16e-30	112
MGEFMDMA_00839	MER0026496	27.612	268	173	5	5	260	15	273	1.29e-29	109
MGEFMDMA_00839	MER0042387	32.447	188	105	5	65	248	2	171	6.97e-28	102
MGEFMDMA_00839	MER0026552	33.540	161	98	3	87	247	7	158	3.72e-24	92.8
MGEFMDMA_00839	MER0031491	30.682	176	103	5	94	257	20	188	7.32e-22	87.0
MGEFMDMA_00839	MER0002642	29.032	155	100	5	96	247	16	163	9.70e-11	56.2
MGEFMDMA_00839	MER0002639	24.390	164	114	5	96	256	16	172	7.24e-09	51.2
MGEFMDMA_00859	MER0039993	36.377	701	426	7	38	723	1	696	7.71e-153	458
MGEFMDMA_00859	MER0014366	34.561	706	431	8	33	723	23	712	4.72e-144	436
MGEFMDMA_00859	MER0217397	33.190	696	424	14	52	723	1	679	5.48e-122	377
MGEFMDMA_00859	MER0501051	38.846	260	152	6	36	292	2	257	2.62e-50	178
MGEFMDMA_00859	MER0501051	42.384	151	80	3	571	720	253	397	2.29e-29	118
MGEFMDMA_00860	MER0039993	38.592	710	400	11	13	700	1	696	5.76e-166	490
MGEFMDMA_00860	MER0014366	35.915	710	418	10	8	700	23	712	5.80e-149	447
MGEFMDMA_00860	MER0217397	32.133	694	436	7	27	700	1	679	5.57e-122	376
MGEFMDMA_00860	MER0501051	39.847	261	148	6	11	267	2	257	5.13e-54	187
MGEFMDMA_00860	MER0501051	44.172	163	81	4	543	701	245	401	2.90e-32	126
MGEFMDMA_00885	MER0000495	35.897	78	42	2	105	177	175	249	6.11e-06	44.7
MGEFMDMA_00885	MER0017402	29.060	117	70	3	76	188	107	214	7.58e-06	43.9
MGEFMDMA_00898	MER0897124	24.297	498	284	13	7	494	4	418	1.20e-21	94.0
MGEFMDMA_00898	MER0004468	23.293	498	289	14	7	494	4	418	7.29e-20	88.6
MGEFMDMA_00898	MER0004469	26.108	203	125	7	274	458	157	352	1.02e-09	57.0
MGEFMDMA_00898	MER0004480	24.201	219	137	6	260	456	113	324	1.01e-08	53.5
MGEFMDMA_00898	MER0004471	24.855	173	113	5	325	494	208	366	2.24e-07	49.7
MGEFMDMA_00898	MER0004474	29.245	106	66	3	391	494	262	360	2.52e-07	49.3
MGEFMDMA_00913	MER0000410	64.516	279	96	2	399	677	4	279	8.62e-129	379
MGEFMDMA_00913	MER0011872	44.403	268	141	4	415	677	18	282	1.61e-72	233
MGEFMDMA_00913	MER0082498	41.281	281	142	7	417	674	3	283	2.58e-65	214
MGEFMDMA_00913	MER0005694	34.317	271	169	4	410	677	13	277	4.20e-50	173
MGEFMDMA_00913	MER0079308	36.194	268	159	7	414	676	7	267	7.00e-46	161
MGEFMDMA_00913	MER0000392	32.971	276	171	6	414	679	7	278	8.36e-41	147
MGEFMDMA_00913	MER0022823	33.813	278	175	6	410	681	3	277	5.87e-40	145
MGEFMDMA_00913	MER0004227	36.986	219	136	2	419	636	28	245	2.42e-39	144
MGEFMDMA_00913	MER0015621	29.856	278	174	5	419	679	22	295	1.59e-38	141
MGEFMDMA_00913	MER0082653	35.060	251	141	10	424	654	16	264	4.47e-37	137
MGEFMDMA_00913	MER0011450	33.858	254	153	6	414	657	7	255	4.99e-36	134
MGEFMDMA_00913	MER0002490	29.617	287	167	8	419	677	22	301	2.70e-34	130
MGEFMDMA_00913	MER0981959	34.375	224	133	4	409	622	1	220	1.12e-32	124
MGEFMDMA_00913	MER0325901	32.714	269	174	6	412	676	3	268	1.12e-31	121
MGEFMDMA_00913	MER0003229	31.343	268	169	7	414	677	15	271	8.44e-30	116
MGEFMDMA_00913	MER0000398	30.566	265	167	7	413	676	3	251	2.70e-27	108
MGEFMDMA_00922	MER0056525	53.138	239	108	3	398	635	1	236	1.16e-81	256
MGEFMDMA_00922	MER0011748	52.381	231	107	2	398	627	1	229	1.11e-76	243
MGEFMDMA_00922	MER0015609	52.381	231	105	2	398	627	1	227	2.03e-76	243
MGEFMDMA_00922	MER0005496	48.696	230	117	1	398	627	1	229	2.99e-73	234
MGEFMDMA_00922	MER0023544	44.783	230	126	1	398	627	1	229	1.38e-69	225
MGEFMDMA_00922	MER0011224	44.783	230	126	1	398	627	1	229	1.86e-69	224
MGEFMDMA_00922	MER0015195	40.892	269	155	3	398	664	1	267	1.01e-65	214
MGEFMDMA_00922	MER0002600	45.455	231	123	2	398	627	1	229	4.40e-64	209
MGEFMDMA_00922	MER0002605	44.444	234	125	3	398	630	1	230	5.93e-64	209
MGEFMDMA_00922	MER0014306	42.979	235	133	1	398	632	1	234	1.14e-63	209
MGEFMDMA_00922	MER0171760	40.000	265	150	4	363	623	1	260	1.90e-63	208
MGEFMDMA_00922	MER0015194	42.857	231	127	2	399	627	2	229	3.07e-61	202
MGEFMDMA_00922	MER0015199	43.333	240	131	2	398	632	1	240	1.32e-55	187
MGEFMDMA_00922	MER0005466	41.880	234	126	4	399	624	2	233	1.96e-54	183
MGEFMDMA_00922	MER0024898	43.534	232	128	3	398	627	1	231	2.71e-54	184
MGEFMDMA_00922	MER0002602	42.174	230	127	2	399	622	2	231	1.20e-52	179
MGEFMDMA_00922	MER0004454	39.583	240	142	3	398	635	1	239	4.21e-52	178
MGEFMDMA_00922	MER0002563	38.462	234	134	4	399	622	2	235	1.56e-47	164
MGEFMDMA_00922	MER0001620	38.494	239	140	3	398	629	1	239	3.85e-47	165
MGEFMDMA_00922	MER0017637	40.000	235	129	5	399	622	2	235	7.40e-46	160
MGEFMDMA_00922	MER0002408	38.494	239	138	5	398	629	1	237	9.80e-46	160
MGEFMDMA_00922	MER0011745	36.948	249	142	6	398	639	1	241	1.61e-43	154
MGEFMDMA_00922	MER0015193	37.917	240	139	5	398	629	1	238	2.64e-41	147
MGEFMDMA_00922	MER0015197	36.744	215	131	2	410	621	13	225	1.49e-40	146
MGEFMDMA_00922	MER0015137	35.341	249	146	6	398	639	1	241	1.59e-40	145
MGEFMDMA_00922	MER0002608	36.290	248	149	5	399	641	2	245	1.08e-39	144
MGEFMDMA_00922	MER0190577	34.894	235	139	3	398	629	1	224	5.11e-39	141
MGEFMDMA_00922	MER0015690	40.541	222	120	6	398	607	1	222	1.67e-38	140
MGEFMDMA_00922	MER0005755	37.229	231	132	5	399	625	2	223	6.63e-36	132
MGEFMDMA_00922	MER0011120	40.090	222	121	6	398	607	1	222	1.89e-34	129
MGEFMDMA_00922	MER0190705	32.174	230	145	3	399	626	1	221	8.29e-34	125
MGEFMDMA_00922	MER0014324	34.211	228	136	4	398	622	1	217	1.08e-33	126
MGEFMDMA_00922	MER0002197	33.043	230	139	4	398	622	1	220	1.30e-33	126
MGEFMDMA_00922	MER0024900	31.250	224	143	4	399	619	2	217	5.02e-28	110
MGEFMDMA_00922	MER0001246	32.597	181	110	4	409	586	1	172	8.37e-22	90.1
MGEFMDMA_00922	MER0015204	28.854	253	149	7	399	620	2	254	2.21e-21	92.0
MGEFMDMA_00947	MER0016191	29.474	285	178	7	12	285	3	275	3.01e-35	126
MGEFMDMA_00947	MER0016172	31.250	192	120	6	57	239	46	234	9.69e-21	87.4
MGEFMDMA_00947	MER0016185	24.096	332	204	10	10	305	1	320	5.11e-20	85.9
MGEFMDMA_00977	MER0017194	31.148	183	71	5	6	179	13	149	1.06e-11	59.3
MGEFMDMA_00977	MER0015473	28.646	192	88	6	47	231	36	185	1.94e-10	55.8
MGEFMDMA_00977	MER0015472	26.667	240	122	8	11	243	7	199	2.78e-09	52.4
MGEFMDMA_00977	MER0035036	23.529	238	121	10	2	229	38	224	7.32e-09	51.6
MGEFMDMA_00977	MER0015458	25.410	244	114	9	7	228	3	200	1.13e-08	51.2
MGEFMDMA_00977	MER0015468	34.831	89	56	1	7	93	3	91	8.65e-08	47.8
MGEFMDMA_00977	MER0015632	23.030	165	84	3	9	172	5	127	1.74e-07	47.4
MGEFMDMA_00977	MER0015462	33.663	101	59	3	46	146	46	138	2.18e-07	46.6
MGEFMDMA_00977	MER0030047	27.473	182	79	6	53	230	3	135	4.90e-07	44.7
MGEFMDMA_00977	MER0094384	35.484	62	40	0	34	95	22	83	1.39e-06	44.7
MGEFMDMA_00977	MER0015631	28.571	84	60	0	20	103	24	107	1.51e-06	44.7
MGEFMDMA_00977	MER0015659	25.373	201	87	6	46	238	48	193	1.91e-06	44.3
MGEFMDMA_00977	MER0048181	27.684	177	91	6	48	222	1	142	3.09e-06	42.7
MGEFMDMA_00977	MER0017405	45.238	42	23	0	44	85	42	83	5.03e-06	42.7
MGEFMDMA_00977	MER0015630	24.725	182	82	4	46	227	51	177	8.78e-06	42.4
MGEFMDMA_00977	MER0015633	37.931	58	36	0	41	98	43	100	9.64e-06	42.4
MGEFMDMA_00982	MER0001421	51.795	390	176	5	35	419	13	395	2.01e-137	396
MGEFMDMA_00982	MER0028941	27.338	417	242	12	13	418	1	367	4.16e-25	102
MGEFMDMA_00982	MER0369336	27.628	333	201	9	83	412	14	309	6.01e-19	84.0
MGEFMDMA_01020	MER0002443	45.000	120	60	2	97	215	3	117	1.14e-30	107
MGEFMDMA_01020	MER0004035	43.590	117	60	2	98	214	1	111	1.45e-25	93.6
MGEFMDMA_01020	MER0003986	42.478	113	58	3	95	205	1	108	2.02e-22	85.9
MGEFMDMA_01020	MER0002450	37.190	121	67	3	95	215	1	112	1.71e-19	77.8
MGEFMDMA_01020	MER0004054	36.975	119	65	5	103	216	9	122	4.67e-19	77.0
MGEFMDMA_01020	MER0377310	36.522	115	64	3	95	209	1	106	4.07e-18	73.9
MGEFMDMA_01020	MER0377307	36.522	115	64	3	95	209	1	106	4.07e-18	73.9
MGEFMDMA_01020	MER0003808	38.333	120	63	5	95	213	1	110	6.33e-18	73.9
MGEFMDMA_01020	MER0377178	35.652	115	65	3	95	209	1	106	1.84e-17	72.4
MGEFMDMA_01020	MER0003805	37.500	120	66	4	95	214	1	111	6.27e-17	71.2
MGEFMDMA_01020	MER0003807	36.522	115	61	6	95	205	1	107	8.00e-14	63.2
MGEFMDMA_01020	MER0376722	38.095	105	54	5	95	198	1	95	3.14e-13	60.8
MGEFMDMA_01020	MER0038100	35.135	111	55	6	105	205	12	115	1.96e-12	59.3
MGEFMDMA_01020	MER0014188	35.780	109	60	3	95	202	1	100	2.16e-12	58.9
MGEFMDMA_01020	MER0014672	30.769	91	47	3	95	172	1	88	3.12e-10	53.5
MGEFMDMA_01020	MER0377450	35.000	80	49	2	95	174	1	77	5.03e-10	52.0
MGEFMDMA_01020	MER0031199	42.373	59	31	2	116	174	6	61	4.41e-09	48.9
MGEFMDMA_01020	MER0001322	27.350	117	71	4	95	210	1	104	1.55e-08	48.5
MGEFMDMA_01020	MER0024252	36.765	68	41	2	107	174	14	79	6.65e-07	44.3
MGEFMDMA_01023	MER0036308	29.697	165	95	7	313	466	44	198	3.22e-10	57.8
MGEFMDMA_01023	MER0002755	25.263	190	116	6	301	472	19	200	6.31e-08	50.4
MGEFMDMA_01023	MER0011369	23.567	157	112	3	322	470	60	216	1.66e-07	49.3
MGEFMDMA_01023	MER0019096	22.286	175	112	3	333	501	42	198	1.82e-07	48.9
MGEFMDMA_01023	MER0005328	26.061	165	108	4	313	467	35	195	4.25e-06	44.7
MGEFMDMA_01023	MER0011345	25.500	200	114	8	295	479	38	217	6.53e-06	44.7
MGEFMDMA_01023	MER0002281	24.390	205	136	7	290	480	20	219	6.93e-06	44.7
MGEFMDMA_01023	MER0012283	24.699	166	105	5	328	481	60	217	8.82e-06	44.3
MGEFMDMA_01030	MER0015475	31.325	166	89	6	50	207	40	188	1.02e-13	65.1
MGEFMDMA_01072	MER0004146	26.937	271	149	9	7	242	4	260	2.77e-15	70.5
MGEFMDMA_01072	MER0037236	24.701	251	167	7	13	242	11	260	5.41e-15	69.7
MGEFMDMA_01072	MER0036053	23.396	265	164	7	14	242	1	262	2.52e-13	64.7
MGEFMDMA_01072	MER0031611	26.596	188	118	4	83	251	106	292	3.48e-12	62.0
MGEFMDMA_01072	MER0036074	24.299	214	128	6	73	253	176	388	2.09e-11	60.1
MGEFMDMA_01072	MER0031610	23.552	259	154	8	22	249	55	300	2.66e-11	59.3
MGEFMDMA_01072	MER0036054	22.957	257	160	6	20	239	15	270	1.59e-09	53.9
MGEFMDMA_01072	MER0036076	23.832	214	134	7	47	241	88	291	2.67e-08	50.4
MGEFMDMA_01072	MER0036059	39.655	58	35	0	184	241	293	350	1.80e-07	48.1
MGEFMDMA_01072	MER0017177	38.710	62	38	0	190	251	258	319	1.89e-07	48.1
MGEFMDMA_01072	MER0036068	24.280	243	150	7	28	241	56	293	2.16e-07	47.8
MGEFMDMA_01072	MER0036066	22.566	226	143	6	42	242	22	240	2.17e-07	47.4
MGEFMDMA_01072	MER0036067	25.103	243	152	10	22	240	52	288	2.26e-06	44.7
MGEFMDMA_01072	MER0035973	25.153	163	116	2	87	243	125	287	3.22e-06	44.3
MGEFMDMA_01072	MER0033249	22.222	135	95	3	124	249	72	205	6.65e-06	42.7
MGEFMDMA_01072	MER0011509	27.273	121	66	2	16	122	33	145	9.79e-06	42.7
MGEFMDMA_01072	MER0036073	35.714	70	45	0	173	242	246	315	9.81e-06	42.7
MGEFMDMA_01107	MER0015621	50.360	278	121	4	432	693	13	289	8.13e-90	280
MGEFMDMA_01107	MER0005694	49.635	274	137	1	420	693	1	273	1.92e-88	275
MGEFMDMA_01107	MER0000392	49.077	271	128	4	432	693	3	272	5.04e-87	272
MGEFMDMA_01107	MER0079308	50.193	259	125	4	437	693	8	264	1.09e-84	265
MGEFMDMA_01107	MER0002490	46.853	286	127	5	432	693	13	297	1.33e-81	258
MGEFMDMA_01107	MER0011450	48.339	271	129	5	432	693	3	271	2.82e-80	254
MGEFMDMA_01107	MER0981959	46.595	279	131	5	431	693	1	277	1.20e-79	252
MGEFMDMA_01107	MER0022823	48.134	268	132	6	432	693	3	269	6.00e-77	245
MGEFMDMA_01107	MER0325901	42.336	274	153	5	432	701	1	273	7.16e-65	213
MGEFMDMA_01107	MER0000398	43.462	260	134	7	436	695	4	250	1.06e-59	198
MGEFMDMA_01107	MER0003229	35.688	269	163	6	432	698	11	271	7.43e-45	159
MGEFMDMA_01107	MER0000410	31.985	272	172	6	432	694	13	280	3.90e-38	140
MGEFMDMA_01107	MER0011872	30.605	281	187	5	428	702	9	287	7.06e-34	128
MGEFMDMA_01107	MER0082498	29.911	224	143	5	446	657	12	233	1.24e-24	101
MGEFMDMA_01107	MER0082653	27.138	269	170	6	446	693	16	279	4.14e-24	99.8
MGEFMDMA_01107	MER0004227	28.500	200	139	2	446	642	33	231	3.45e-23	97.4
MGEFMDMA_01107	MER0005807	25.806	186	131	4	439	624	34	212	1.54e-08	53.1
MGEFMDMA_01110	MER0026262	29.674	337	200	14	80	391	23	347	7.16e-23	95.9
MGEFMDMA_01110	MER0017069	29.054	296	191	9	86	372	22	307	2.51e-22	94.0
MGEFMDMA_01110	MER1143079	27.419	310	169	11	77	369	13	283	5.07e-22	92.4
MGEFMDMA_01110	MER0005964	25.974	308	184	9	94	371	40	333	1.09e-19	86.7
MGEFMDMA_01110	MER0000459	24.316	329	228	12	78	391	25	347	1.84e-19	85.9
MGEFMDMA_01110	MER0002489	24.000	325	200	11	46	351	5	301	6.97e-19	84.3
MGEFMDMA_01110	MER0003802	27.027	259	160	9	79	331	21	256	1.41e-17	79.7
MGEFMDMA_01110	MER0000457	22.727	330	216	11	57	371	7	312	1.27e-16	77.4
MGEFMDMA_01110	MER0028284	25.806	310	177	13	94	376	35	318	7.20e-16	75.1
MGEFMDMA_01110	MER0140154	24.107	336	199	12	82	372	10	334	9.66e-16	74.7
MGEFMDMA_01110	MER0011700	24.540	326	184	13	94	371	36	347	3.60e-15	73.2
MGEFMDMA_01110	MER0005925	23.718	312	195	12	81	371	24	313	5.01e-15	72.8
MGEFMDMA_01110	MER0122661	27.551	196	127	6	62	251	1	187	1.28e-13	68.6
MGEFMDMA_01110	MER0006204	28.090	178	118	4	80	248	26	202	3.51e-12	64.3
MGEFMDMA_01110	MER0005923	34.615	130	75	4	56	178	8	134	8.95e-12	63.2
MGEFMDMA_01110	MER0004154	22.868	258	173	8	61	307	2	244	2.74e-10	58.2
MGEFMDMA_01110	MER0219770	28.125	160	90	4	102	250	42	187	1.84e-08	52.4
MGEFMDMA_01110	MER0000463	24.291	247	163	7	94	333	35	264	1.73e-07	49.7
MGEFMDMA_01110	MER0003800	26.633	199	114	9	74	248	25	215	4.83e-07	48.5
MGEFMDMA_01110	MER0004090	26.738	187	114	7	79	248	28	208	5.63e-07	48.1
MGEFMDMA_01110	MER0354941	25.000	200	116	8	74	248	5	195	9.97e-07	45.8
MGEFMDMA_01110	MER0034963	26.490	151	97	5	65	211	11	151	3.20e-06	45.8
MGEFMDMA_01144	MER0017248	42.593	54	28	2	278	328	207	260	8.82e-06	43.5
MGEFMDMA_01182	MER0069741	52.083	96	45	1	228	323	68	162	2.35e-27	102
MGEFMDMA_01182	MER0003380	42.857	112	64	0	212	323	120	231	9.58e-22	89.4
MGEFMDMA_01182	MER0003376	44.660	103	46	2	230	325	45	143	2.20e-21	86.3
MGEFMDMA_01182	MER0013541	49.412	85	43	0	230	314	1	85	2.32e-19	78.6
MGEFMDMA_01182	MER0387040	39.394	99	59	1	230	327	1	99	5.62e-18	75.1
MGEFMDMA_01182	MER0005300	36.792	106	66	1	222	327	58	162	1.63e-16	72.8
MGEFMDMA_01182	MER0066182	38.384	99	60	1	230	327	92	190	1.70e-16	73.9
MGEFMDMA_01182	MER0015415	36.449	107	61	2	228	327	62	168	1.52e-14	67.8
MGEFMDMA_01182	MER0001419	39.535	86	50	2	230	313	32	117	2.85e-11	57.8
MGEFMDMA_01182	MER0003423	36.538	104	60	3	230	327	32	135	3.40e-11	57.4
MGEFMDMA_01182	MER0003906	33.333	87	54	3	230	313	1	86	6.00e-06	41.6
MGEFMDMA_01204	MER0001423	78.017	232	51	0	474	705	1	232	4.55e-137	399
MGEFMDMA_01204	MER0000399	44.444	243	125	6	469	705	17	255	1.78e-64	211
MGEFMDMA_01204	MER0000401	42.553	235	128	4	475	705	26	257	2.99e-58	195
MGEFMDMA_01204	MER0058228	39.241	237	141	3	475	709	7	242	5.71e-58	193
MGEFMDMA_01204	MER0000405	41.909	241	129	6	471	704	28	264	2.72e-57	192
MGEFMDMA_01204	MER0005196	40.260	231	135	3	475	704	22	250	7.71e-57	191
MGEFMDMA_01204	MER0011231	38.783	263	152	6	450	707	1	259	3.61e-53	181
MGEFMDMA_01204	MER0011305	40.726	248	138	6	459	701	4	247	1.55e-52	179
MGEFMDMA_01204	MER0011413	37.273	220	134	2	473	688	2	221	8.88e-51	174
MGEFMDMA_01204	MER0004504	41.014	217	122	3	478	688	2	218	3.70e-50	172
MGEFMDMA_01204	MER0005987	38.158	228	131	6	482	704	35	257	5.10e-48	167
MGEFMDMA_01204	MER0004923	36.975	238	146	3	455	688	35	272	1.31e-47	167
MGEFMDMA_01204	MER0013484	35.780	218	136	2	475	688	4	221	8.56e-46	160
MGEFMDMA_01204	MER0004921	35.111	225	129	4	473	688	2	218	2.46e-44	156
MGEFMDMA_01204	MER0000404	37.751	249	141	7	462	701	13	256	1.50e-42	152
MGEFMDMA_01204	MER0005994	31.923	260	172	4	450	705	2	260	1.51e-40	146
MGEFMDMA_01204	MER0004193	36.239	218	132	5	475	688	3	217	4.23e-40	144
MGEFMDMA_01204	MER0192427	33.480	227	144	3	465	688	56	278	7.28e-40	145
MGEFMDMA_01204	MER0004199	36.792	212	122	7	482	688	1	205	1.55e-37	136
MGEFMDMA_01204	MER0000403	30.544	239	157	5	475	707	25	260	7.54e-37	136
MGEFMDMA_01204	MER0195666	31.276	243	155	5	475	709	1	239	3.23e-36	133
MGEFMDMA_01204	MER0003361	31.050	219	132	7	476	686	20	227	9.05e-29	112
MGEFMDMA_01204	MER0005988	35.455	110	70	1	580	688	2	111	6.16e-21	85.5
MGEFMDMA_01204	MER0034615	29.004	231	151	4	468	688	3	230	8.76e-17	77.4
MGEFMDMA_01204	MER0017401	26.587	252	152	9	470	706	2	235	7.16e-15	71.6
MGEFMDMA_01204	MER0003558	24.051	237	164	4	468	693	15	246	2.82e-14	70.5
MGEFMDMA_01204	MER0005807	26.829	205	139	5	488	688	62	259	5.06e-14	69.7
MGEFMDMA_01204	MER0018170	22.318	233	159	3	472	687	5	232	2.28e-13	67.4
MGEFMDMA_01204	MER0140224	26.596	188	124	3	514	688	33	219	2.14e-11	61.6
MGEFMDMA_01204	MER0015682	23.891	293	200	9	409	687	3	286	4.10e-11	61.6
MGEFMDMA_01204	MER0000408	21.277	235	167	4	467	688	4	233	4.51e-11	60.8
MGEFMDMA_01204	MER0006027	25.225	222	145	6	481	688	24	238	8.47e-11	60.1
MGEFMDMA_01204	MER0001920	23.784	185	128	2	517	688	43	227	4.05e-10	57.8
MGEFMDMA_01204	MER0126485	23.913	184	131	3	512	687	34	216	4.05e-10	57.8
MGEFMDMA_01204	MER0000263	23.529	238	148	8	471	688	2	225	1.19e-09	56.2
MGEFMDMA_01204	MER0011583	22.609	230	147	8	473	686	10	224	2.39e-09	55.5
MGEFMDMA_01204	MER0016096	22.650	234	160	8	471	689	2	229	1.35e-07	50.1
MGEFMDMA_01204	MER0004925	23.790	248	161	7	458	687	3	240	1.97e-07	49.7
MGEFMDMA_01204	MER0030932	26.519	181	106	6	520	686	57	224	2.73e-06	46.2
MGEFMDMA_01204	MER0981959	22.449	147	110	2	461	607	12	154	4.68e-06	45.8
MGEFMDMA_01247	MER0002601	45.926	135	71	2	37	170	3	136	1.49e-39	128
MGEFMDMA_01247	MER0002455	47.917	144	66	3	33	176	1	135	1.39e-36	120
MGEFMDMA_01247	MER0014721	36.508	126	71	3	52	173	36	156	1.43e-19	77.8
MGEFMDMA_01247	MER0019092	33.684	95	59	2	70	161	51	144	4.80e-14	63.2
MGEFMDMA_01247	MER0010992	36.667	90	53	4	58	145	23	110	5.05e-06	40.8
MGEFMDMA_01256	MER0031610	33.465	254	159	5	14	258	49	301	3.51e-43	145
MGEFMDMA_01256	MER0044858	26.573	286	152	13	8	246	45	319	4.57e-13	65.1
MGEFMDMA_01256	MER0044900	26.966	267	155	14	20	252	96	356	2.18e-12	63.2
MGEFMDMA_01256	MER0035038	24.567	289	165	12	10	257	23	299	2.27e-10	56.6
MGEFMDMA_01256	MER0031616	30.370	135	85	3	2	129	23	155	2.64e-10	56.6
MGEFMDMA_01256	MER0014065	31.343	134	76	4	16	133	31	164	3.86e-10	56.2
MGEFMDMA_01256	MER0037236	21.212	264	173	8	10	251	11	261	3.88e-10	55.8
MGEFMDMA_01256	MER0044350	31.818	132	74	8	18	137	1	128	9.94e-09	51.6
MGEFMDMA_01256	MER0213280	23.232	297	169	12	5	257	18	299	1.30e-08	51.6
MGEFMDMA_01256	MER0035043	24.653	288	171	14	8	258	26	304	2.89e-08	50.4
MGEFMDMA_01256	MER0036076	33.333	105	66	3	14	115	58	161	5.78e-08	49.7
MGEFMDMA_01256	MER0017142	33.673	98	61	1	19	116	15	108	6.02e-08	49.3
MGEFMDMA_01256	MER0210990	32.927	82	49	2	45	120	58	139	6.32e-08	49.7
MGEFMDMA_01256	MER0031619	32.759	116	66	5	8	116	19	129	1.35e-07	48.5
MGEFMDMA_01256	MER0031617	22.807	285	144	10	14	251	29	284	1.50e-07	48.1
MGEFMDMA_01256	MER0011509	29.825	114	61	3	18	120	38	143	2.28e-07	47.8
MGEFMDMA_01256	MER0035044	32.432	111	65	4	10	114	26	132	2.57e-07	47.8
MGEFMDMA_01256	MER0035032	33.929	112	62	6	10	114	24	130	4.24e-07	47.0
MGEFMDMA_01256	MER0004146	20.648	247	177	6	19	251	20	261	6.75e-07	46.2
MGEFMDMA_01256	MER0036115	25.210	119	71	4	5	113	23	133	1.59e-06	45.1
MGEFMDMA_01256	MER0036072	24.615	130	89	2	11	131	73	202	1.92e-06	45.1
MGEFMDMA_01256	MER0030163	34.444	90	49	4	39	120	47	134	2.31e-06	44.7
MGEFMDMA_01302	MER0003376	36.232	138	67	5	116	243	26	152	3.41e-14	65.9
MGEFMDMA_01302	MER0013541	38.000	100	46	4	142	239	2	87	1.28e-12	59.3
MGEFMDMA_01302	MER0001419	39.806	103	48	4	143	243	34	124	1.34e-12	60.8
MGEFMDMA_01302	MER0003423	40.404	99	47	3	143	240	34	121	4.73e-11	56.6
MGEFMDMA_01302	MER0387040	36.047	86	53	2	155	240	6	89	4.70e-10	52.8
MGEFMDMA_01302	MER0066182	36.145	83	51	2	155	237	97	177	3.04e-09	52.4
MGEFMDMA_01302	MER0003380	33.645	107	57	3	134	240	133	225	3.61e-09	52.8
MGEFMDMA_01302	MER0069741	41.667	60	32	2	181	240	100	156	2.45e-07	46.6
MGEFMDMA_01318	MER0025070	37.815	119	60	5	184	290	1	117	3.77e-14	65.5
MGEFMDMA_01318	MER0003380	39.175	97	56	2	189	285	138	231	1.30e-13	66.6
MGEFMDMA_01318	MER0388771	36.842	114	58	5	189	290	2	113	3.62e-13	62.4
MGEFMDMA_01318	MER0003423	34.821	112	62	4	186	290	29	136	3.65e-12	60.5
MGEFMDMA_01318	MER0003906	36.449	107	61	3	189	290	1	105	8.50e-12	58.5
MGEFMDMA_01318	MER0001419	35.714	112	61	4	186	290	29	136	2.40e-11	58.2
MGEFMDMA_01318	MER0387040	35.577	104	61	3	189	290	1	100	2.42e-10	54.3
MGEFMDMA_01318	MER0069741	42.424	99	53	3	187	285	68	162	2.70e-10	55.8
MGEFMDMA_01318	MER0066182	35.537	121	69	5	174	290	76	191	3.02e-10	56.2
MGEFMDMA_01318	MER0013541	36.559	93	52	3	189	279	1	88	1.48e-08	48.5
MGEFMDMA_01318	MER0003376	31.667	120	66	3	189	294	45	162	2.28e-08	50.1
MGEFMDMA_01318	MER0015415	36.111	108	53	4	173	274	50	147	1.00e-07	48.1
MGEFMDMA_01319	MER0002655	26.757	370	261	6	8	374	9	371	1.01e-43	152
MGEFMDMA_01319	MER0003770	27.684	354	251	3	6	356	3	354	2.95e-40	143
MGEFMDMA_01319	MER0002007	28.090	356	245	8	7	357	16	365	5.36e-40	143
MGEFMDMA_01319	MER0002014	28.680	394	254	12	2	380	10	391	1.22e-38	139
MGEFMDMA_01319	MER0002659	29.367	395	250	12	2	380	10	391	5.37e-38	137
MGEFMDMA_01319	MER0002013	28.158	380	254	10	12	379	21	393	3.82e-34	127
MGEFMDMA_01319	MER0005155	26.753	385	252	11	7	373	9	381	1.21e-31	120
MGEFMDMA_01319	MER0005163	38.411	151	88	3	9	158	9	155	7.74e-26	102
MGEFMDMA_01319	MER0003815	31.120	241	154	6	2	241	11	240	4.09e-25	100
MGEFMDMA_01319	MER0015354	37.059	170	98	6	6	172	15	178	9.87e-23	94.0
MGEFMDMA_01319	MER0005173	24.259	371	253	11	9	365	2	358	6.36e-21	90.1
MGEFMDMA_01319	MER0003581	33.962	159	93	5	52	201	1	156	5.67e-19	84.0
MGEFMDMA_01319	MER0014418	30.415	217	120	10	10	219	19	211	2.19e-14	70.5
MGEFMDMA_01319	MER0002664	29.630	162	97	6	1	161	4	149	2.78e-12	63.5
MGEFMDMA_01322	MER0028047	55.866	179	76	2	445	623	1	176	2.57e-63	205
MGEFMDMA_01322	MER0011350	26.457	223	126	8	429	615	9	229	5.18e-07	48.1
MGEFMDMA_01322	MER0003564	25.854	205	116	7	445	613	21	225	8.20e-07	47.8
MGEFMDMA_01322	MER0118932	23.774	265	140	11	425	656	2	237	1.49e-06	47.0
MGEFMDMA_01366	MER0000472	24.941	425	253	13	55	439	30	428	4.99e-28	112
MGEFMDMA_01366	MER0000471	23.371	445	286	15	35	441	8	435	7.44e-27	109
MGEFMDMA_01366	MER0011571	32.759	116	66	3	42	155	16	121	1.31e-10	59.7
MGEFMDMA_01366	MER0026276	22.253	364	223	14	54	383	29	366	4.87e-09	55.1
MGEFMDMA_01368	MER0168983	28.485	165	100	6	276	436	1	151	4.48e-16	72.8
MGEFMDMA_01368	MER0168177	32.609	92	49	3	276	366	1	80	4.06e-09	52.8
MGEFMDMA_01368	MER0019754	28.646	192	115	10	266	440	2	188	5.08e-09	53.1
MGEFMDMA_01368	MER0002755	24.528	212	132	8	248	442	2	202	9.29e-08	49.7
MGEFMDMA_01368	MER0001009	21.084	166	119	3	328	482	20	184	1.60e-07	48.9
MGEFMDMA_01368	MER0001017	24.675	231	126	9	248	451	13	222	1.97e-07	49.3
MGEFMDMA_01368	MER0002060	29.245	106	65	3	328	423	87	192	2.39e-07	48.5
MGEFMDMA_01368	MER0011345	24.664	223	138	8	248	454	13	221	3.87e-07	48.1
MGEFMDMA_01368	MER0011423	27.869	122	74	4	328	437	85	204	3.88e-07	47.8
MGEFMDMA_01368	MER0011720	28.221	163	98	7	265	419	24	175	5.16e-07	47.4
MGEFMDMA_01368	MER0012271	23.810	147	85	5	329	454	86	226	1.11e-06	47.0
MGEFMDMA_01368	MER0019730	30.097	103	60	3	264	364	27	119	1.66e-06	46.6
MGEFMDMA_01368	MER0006264	20.472	127	90	1	328	443	53	179	2.12e-06	45.1
MGEFMDMA_01368	MER0011440	25.397	126	82	3	328	442	81	205	2.60e-06	45.4
MGEFMDMA_01368	MER0026830	42.222	45	26	0	328	372	83	127	2.60e-06	45.1
MGEFMDMA_01368	MER0002746	23.077	156	106	5	327	470	81	234	3.15e-06	45.4
MGEFMDMA_01368	MER0001013	22.124	226	142	6	248	454	14	224	3.82e-06	45.1
MGEFMDMA_01368	MER0052595	27.966	118	71	5	327	431	88	204	4.00e-06	45.1
MGEFMDMA_01368	MER0002003	24.242	132	87	5	328	447	87	217	7.75e-06	43.9
MGEFMDMA_01368	MER0011438	43.590	39	22	0	328	366	81	119	8.46e-06	43.9
MGEFMDMA_01368	MER0015166	22.047	127	87	5	328	443	102	227	8.56e-06	43.9
MGEFMDMA_01437	MER0005244	41.000	100	59	0	277	376	3	102	2.87e-19	83.2
MGEFMDMA_01437	MER0005241	38.938	113	63	2	275	381	1	113	5.92e-17	77.4
MGEFMDMA_01437	MER0015691	31.658	199	103	9	279	456	53	239	3.36e-15	72.4
MGEFMDMA_01437	MER0001284	29.843	191	110	5	281	455	38	220	4.80e-15	72.0
MGEFMDMA_01437	MER0004514	29.534	193	112	5	279	455	36	220	2.26e-14	70.1
MGEFMDMA_01437	MER0005149	31.081	222	106	11	262	451	49	255	4.97e-14	69.7
MGEFMDMA_01437	MER0005131	25.688	218	138	6	260	459	19	230	1.33e-13	67.8
MGEFMDMA_01437	MER0005139	33.333	117	70	4	262	373	47	160	2.34e-12	64.3
MGEFMDMA_01437	MER0005239	29.032	217	108	10	279	459	69	275	3.45e-12	63.9
MGEFMDMA_01437	MER0100667	26.267	217	133	9	274	479	19	219	4.20e-12	62.8
MGEFMDMA_01437	MER0001289	26.923	286	185	10	211	487	1	271	4.87e-11	60.5
MGEFMDMA_01437	MER0005238	41.026	78	41	2	278	352	66	141	7.35e-11	60.1
MGEFMDMA_01437	MER0032443	26.667	210	134	6	278	470	38	244	1.75e-10	58.5
MGEFMDMA_01437	MER0037181	29.697	165	92	7	278	433	65	214	4.71e-10	57.4
MGEFMDMA_01437	MER0011461	26.768	198	130	8	284	472	50	241	1.65e-09	55.5
MGEFMDMA_01437	MER0002161	28.652	178	87	6	273	433	60	214	1.76e-09	55.8
MGEFMDMA_01437	MER0011464	38.235	68	42	0	293	360	60	127	6.25e-09	53.5
MGEFMDMA_01437	MER0002104	34.043	94	56	3	262	352	51	141	9.28e-09	53.5
MGEFMDMA_01437	MER0015336	34.568	81	48	2	279	356	62	140	9.74e-09	53.1
MGEFMDMA_01437	MER0001911	35.065	77	48	1	279	355	41	115	1.48e-08	52.4
MGEFMDMA_01437	MER0038832	34.066	91	52	3	291	377	61	147	1.62e-08	52.4
MGEFMDMA_01437	MER0194228	26.396	197	139	5	294	487	2	195	2.22e-08	51.2
MGEFMDMA_01437	MER0011487	24.294	177	128	4	293	467	63	235	3.56e-08	51.6
MGEFMDMA_01437	MER0013618	28.934	197	119	11	273	454	52	242	1.07e-07	50.4
MGEFMDMA_01437	MER0029965	22.321	224	141	9	279	486	50	256	1.22e-07	49.7
MGEFMDMA_01437	MER0001288	25.143	175	100	6	275	434	19	177	7.13e-07	47.4
MGEFMDMA_01437	MER0030257	33.824	68	45	0	293	360	63	130	1.39e-06	46.6
MGEFMDMA_01437	MER0005152	25.862	116	77	5	258	369	40	150	2.18e-06	46.2
MGEFMDMA_01437	MER0038833	29.897	97	64	3	279	373	48	142	2.63e-06	45.8
MGEFMDMA_01437	MER0038830	29.787	94	65	1	293	386	63	155	2.91e-06	45.1
MGEFMDMA_01448	MER0060647	41.341	358	190	7	5	349	1	351	2.07e-88	267
MGEFMDMA_01448	MER0078640	36.288	361	199	9	5	348	1	347	8.92e-68	214
MGEFMDMA_01448	MER0044812	46.729	214	110	2	146	356	29	241	3.16e-63	199
MGEFMDMA_01448	MER0045945	44.118	204	113	1	147	350	9	211	1.70e-57	183
MGEFMDMA_01448	MER0043540	43.204	206	111	4	151	352	21	224	1.02e-52	171
MGEFMDMA_01448	MER0115185	56.944	144	60	2	205	347	1	143	1.19e-49	160
MGEFMDMA_01448	MER0436691	36.667	270	126	7	89	349	8	241	3.96e-47	157
MGEFMDMA_01448	MER0046161	42.347	196	107	3	167	360	62	253	9.52e-47	157
MGEFMDMA_01448	MER0044882	27.273	143	94	1	202	334	14	156	1.60e-11	59.7
MGEFMDMA_01448	MER0045094	28.161	174	111	8	172	334	14	184	6.82e-11	58.5
MGEFMDMA_01448	MER0043394	29.861	144	83	4	202	334	12	148	1.39e-10	56.2
MGEFMDMA_01448	MER0043537	25.654	191	110	6	172	344	2	178	7.26e-10	54.7
MGEFMDMA_01448	MER0043392	40.984	61	36	0	197	257	6	66	7.94e-09	51.6
MGEFMDMA_01448	MER0044622	30.496	141	87	5	202	334	63	200	2.92e-08	50.8
MGEFMDMA_01448	MER0043195	26.347	167	96	7	212	360	54	211	8.58e-08	49.7
MGEFMDMA_01509	MER0017256	31.416	226	132	7	36	254	50	259	3.70e-23	92.0
MGEFMDMA_01509	MER0031566	29.237	236	140	7	30	254	1	220	1.63e-21	86.7
MGEFMDMA_01509	MER0017243	26.977	215	137	4	57	251	100	314	2.17e-21	88.2
MGEFMDMA_01509	MER0017250	29.464	224	135	6	36	252	11	218	2.44e-21	86.3
MGEFMDMA_01509	MER0017368	29.018	224	125	8	57	254	32	247	8.35e-21	85.5
MGEFMDMA_01509	MER0017244	27.650	217	135	5	36	246	53	253	2.16e-20	84.7
MGEFMDMA_01509	MER0017374	30.380	237	140	10	28	254	20	241	3.97e-20	83.6
MGEFMDMA_01509	MER0035185	28.241	216	126	8	34	240	10	205	1.66e-19	81.3
MGEFMDMA_01509	MER0017377	27.556	225	142	7	36	254	11	220	2.88e-19	80.5
MGEFMDMA_01509	MER0017378	27.984	243	145	9	34	254	9	243	3.88e-19	80.9
MGEFMDMA_01509	MER0017371	28.000	225	140	8	37	254	11	220	5.59e-19	79.7
MGEFMDMA_01509	MER0017373	30.256	195	118	7	35	221	8	192	7.39e-18	76.3
MGEFMDMA_01509	MER0031568	29.911	224	134	7	30	246	5	212	1.02e-16	73.6
MGEFMDMA_01509	MER0017367	26.222	225	144	8	37	254	11	220	1.18e-16	73.6
MGEFMDMA_01509	MER0031564	26.754	228	142	7	35	254	10	220	1.24e-16	73.6
MGEFMDMA_01509	MER0017353	24.444	225	148	8	37	254	11	220	2.25e-16	72.8
MGEFMDMA_01509	MER0017248	27.041	196	125	6	51	239	71	255	2.92e-16	73.2
MGEFMDMA_01509	MER0035184	28.311	219	138	7	37	250	13	217	3.56e-16	72.0
MGEFMDMA_01509	MER0017375	28.351	194	110	6	57	240	32	206	4.34e-16	72.0
MGEFMDMA_01509	MER0017246	27.376	263	157	12	4	239	22	277	1.50e-14	68.6
MGEFMDMA_01509	MER0017242	29.808	208	129	6	43	241	66	265	4.41e-14	67.4
MGEFMDMA_01509	MER0033244	29.032	186	111	5	53	220	30	212	4.55e-14	67.0
MGEFMDMA_01509	MER0017239	26.616	263	151	10	4	239	44	291	1.56e-13	65.9
MGEFMDMA_01509	MER0017240	29.936	157	99	5	89	239	13	164	2.82e-13	63.5
MGEFMDMA_01509	MER0031556	28.497	193	117	6	64	253	78	252	5.67e-13	63.9
MGEFMDMA_01509	MER0031558	28.342	187	107	8	54	217	49	231	1.33e-11	60.1
MGEFMDMA_01509	MER0031557	27.891	147	92	3	81	225	89	223	6.29e-11	58.2
MGEFMDMA_01509	MER0017355	29.032	124	78	4	37	153	10	130	1.23e-09	53.1
MGEFMDMA_01510	MER0017244	26.909	275	167	8	19	269	1	265	2.39e-23	93.2
MGEFMDMA_01510	MER0017375	32.919	161	102	3	99	257	56	212	1.21e-21	87.8
MGEFMDMA_01510	MER0017250	29.224	219	140	6	50	261	6	216	3.77e-21	86.7
MGEFMDMA_01510	MER0017256	26.538	260	161	8	19	257	1	251	1.01e-20	86.3
MGEFMDMA_01510	MER0017374	27.778	252	154	7	38	269	2	245	1.44e-20	85.5
MGEFMDMA_01510	MER0017243	30.631	222	128	6	70	267	96	315	2.54e-19	83.2
MGEFMDMA_01510	MER0017248	25.191	262	173	8	10	258	10	261	6.89e-19	81.3
MGEFMDMA_01510	MER0017371	27.397	219	151	5	49	263	4	218	4.75e-18	78.2
MGEFMDMA_01510	MER0031566	27.753	227	149	6	50	269	6	224	1.05e-17	77.0
MGEFMDMA_01510	MER0017377	26.638	229	149	6	50	269	6	224	3.26e-17	75.9
MGEFMDMA_01510	MER0017378	26.050	238	154	6	54	269	10	247	3.81e-17	75.9
MGEFMDMA_01510	MER0017353	24.883	213	152	5	49	257	4	212	7.12e-17	74.7
MGEFMDMA_01510	MER0035185	28.643	199	127	5	56	248	13	202	1.07e-16	74.3
MGEFMDMA_01510	MER0031568	25.778	225	156	5	50	269	6	224	1.34e-16	73.9
MGEFMDMA_01510	MER0017368	25.000	208	120	4	46	233	18	209	2.23e-16	73.9
MGEFMDMA_01510	MER0017367	26.667	195	136	4	72	263	28	218	3.58e-16	72.8
MGEFMDMA_01510	MER0017240	26.471	170	116	4	108	268	13	182	1.13e-15	70.5
MGEFMDMA_01510	MER0017373	30.769	195	118	7	50	236	6	191	1.40e-15	70.5
MGEFMDMA_01510	MER0031564	25.446	224	146	6	56	269	12	224	4.53e-15	69.7
MGEFMDMA_01510	MER0035184	24.762	210	149	4	45	251	2	205	8.46e-15	68.9
MGEFMDMA_01510	MER0033244	25.728	206	133	3	49	234	5	210	1.37e-13	65.9
MGEFMDMA_01510	MER0031558	28.502	207	119	8	76	259	53	253	1.55e-13	66.2
MGEFMDMA_01510	MER0031556	24.581	179	125	4	56	232	51	221	2.43e-10	57.0
MGEFMDMA_01510	MER0017355	29.710	138	93	3	50	183	4	141	2.54e-10	55.5
MGEFMDMA_01510	MER0031557	30.303	132	81	3	103	232	92	214	6.41e-10	55.5
MGEFMDMA_01510	MER0017246	27.027	148	87	4	95	223	102	247	2.78e-09	53.9
MGEFMDMA_01510	MER0066184	24.883	213	137	7	60	249	16	228	7.51e-09	52.0
MGEFMDMA_01510	MER0017242	23.645	203	135	6	51	239	55	251	4.83e-07	47.0
MGEFMDMA_01510	MER0034962	25.828	151	106	4	100	248	60	206	6.74e-07	46.2
MGEFMDMA_01510	MER0017239	23.567	157	96	6	15	152	34	185	5.03e-06	43.9
MGEFMDMA_01532	MER0192051	23.311	296	182	12	17	280	95	377	3.35e-06	45.1
MGEFMDMA_01553	MER0002251	45.852	229	118	4	2	227	2	227	4.04e-63	193
MGEFMDMA_01553	MER0001335	39.655	232	133	4	1	229	1	228	4.30e-51	162
MGEFMDMA_01570	MER0044622	42.553	188	103	4	3	186	28	214	5.64e-47	151
MGEFMDMA_01570	MER0045094	40.426	188	107	4	3	187	14	199	3.33e-42	139
MGEFMDMA_01570	MER0043394	39.130	161	95	2	28	186	3	162	4.18e-37	123
MGEFMDMA_01570	MER0044882	39.521	167	90	5	30	187	7	171	6.24e-36	121
MGEFMDMA_01570	MER0043392	39.716	141	81	3	47	187	23	159	9.00e-26	94.7
MGEFMDMA_01570	MER0043195	32.500	200	116	6	4	185	8	206	9.78e-25	94.0
MGEFMDMA_01570	MER0045095	32.227	211	119	5	1	187	15	225	1.04e-23	91.7
MGEFMDMA_01570	MER0044619	29.381	194	124	7	1	187	8	195	3.28e-21	84.3
MGEFMDMA_01570	MER0043537	28.191	188	126	6	3	187	2	183	8.86e-16	68.9
MGEFMDMA_01570	MER0038086	34.746	118	70	2	74	186	108	223	9.03e-14	64.3
MGEFMDMA_01570	MER0045945	32.877	146	88	3	45	187	73	211	6.01e-13	62.0
MGEFMDMA_01570	MER0044889	33.333	150	83	5	44	186	60	199	8.60e-13	61.6
MGEFMDMA_01570	MER0043387	31.579	171	108	7	18	186	2	165	4.49e-12	58.5
MGEFMDMA_01570	MER0436735	26.577	222	120	8	2	185	3	219	7.60e-11	56.2
MGEFMDMA_01570	MER0044812	26.866	134	88	4	45	176	98	223	8.48e-11	56.2
MGEFMDMA_01570	MER0045886	30.000	140	93	3	47	185	57	192	5.42e-10	53.9
MGEFMDMA_01570	MER0043540	24.444	135	92	4	45	177	85	211	2.15e-09	52.0
MGEFMDMA_01570	MER0060647	23.464	179	121	5	2	176	174	340	5.78e-09	51.2
MGEFMDMA_01570	MER0046161	27.465	142	85	5	42	176	101	231	1.51e-08	50.1
MGEFMDMA_01570	MER0002464	24.194	124	62	6	74	171	104	221	2.18e-08	49.3
MGEFMDMA_01570	MER0436691	26.846	149	97	6	43	186	100	241	2.42e-08	49.3
MGEFMDMA_01570	MER0115185	26.119	134	90	3	45	176	8	134	3.46e-08	47.4
MGEFMDMA_01570	MER0042974	23.214	112	85	1	75	186	70	180	5.55e-08	47.8
MGEFMDMA_01570	MER0024830	24.084	191	102	7	27	180	53	237	3.15e-07	46.2
MGEFMDMA_01570	MER0031288	30.769	117	63	4	72	174	77	189	9.55e-06	41.6
MGEFMDMA_01612	MER0001243	40.164	244	144	2	2	243	9	252	4.27e-59	186
MGEFMDMA_01612	MER0005690	38.819	237	144	1	4	240	11	246	2.86e-56	178
MGEFMDMA_01612	MER0001342	40.435	230	137	0	2	231	9	238	1.11e-54	174
MGEFMDMA_01612	MER0015127	36.820	239	150	1	2	240	9	246	5.10e-53	169
MGEFMDMA_01612	MER0013589	34.034	238	156	1	3	240	6	242	6.62e-48	156
MGEFMDMA_01612	MER0015128	34.649	228	143	3	7	231	14	238	1.00e-47	156
MGEFMDMA_01612	MER0013929	34.348	230	150	1	2	231	9	237	2.45e-46	152
MGEFMDMA_01612	MER0013450	31.535	241	163	2	2	240	7	247	2.33e-40	137
MGEFMDMA_01612	MER0010972	26.415	212	142	1	2	213	9	206	1.13e-19	82.4
MGEFMDMA_01612	MER0003880	29.187	209	132	6	1	205	1	197	8.58e-18	78.2
MGEFMDMA_01612	MER0004931	25.000	200	136	5	2	198	9	197	1.17e-14	68.2
MGEFMDMA_01612	MER0024896	29.524	105	74	0	2	106	9	113	1.11e-12	64.3
MGEFMDMA_01612	MER0024896	23.973	146	99	3	116	250	337	481	1.65e-09	54.7
MGEFMDMA_01612	MER0004532	28.302	159	104	4	56	210	57	209	1.72e-11	59.3
MGEFMDMA_01612	MER0005462	21.782	202	142	5	3	200	10	199	5.17e-09	52.0
MGEFMDMA_01612	MER0001728	28.571	217	134	8	7	210	14	222	3.90e-08	50.1
MGEFMDMA_01612	MER0002038	25.000	156	109	4	66	219	69	218	5.99e-08	48.9
MGEFMDMA_01612	MER0001244	23.611	216	134	8	2	196	9	214	2.90e-06	44.3
MGEFMDMA_01620	MER0011806	40.598	234	133	4	41	273	1	229	2.35e-49	166
MGEFMDMA_01620	MER0011781	40.678	236	135	3	41	276	1	231	2.59e-49	166
MGEFMDMA_01620	MER0004101	40.678	236	134	4	41	275	1	231	3.63e-47	160
MGEFMDMA_01620	MER0003314	34.127	252	137	6	41	265	1	250	9.36e-37	133
MGEFMDMA_01620	MER0185695	31.132	212	126	9	41	242	1	202	6.56e-21	88.2
MGEFMDMA_01620	MER0003327	27.103	214	143	6	41	251	1	204	5.04e-18	80.1
MGEFMDMA_01620	MER0003350	25.532	188	113	6	41	205	1	184	7.96e-11	58.5
MGEFMDMA_01620	MER0003322	26.316	190	112	5	41	205	1	187	1.08e-10	58.2
MGEFMDMA_01620	MER0012158	26.178	191	108	6	41	205	1	184	1.15e-09	56.6
MGEFMDMA_01620	MER0033254	30.476	105	61	3	141	243	69	163	1.80e-08	52.4
MGEFMDMA_01655	MER0001400	40.284	211	106	6	538	741	174	371	8.59e-42	154
MGEFMDMA_01655	MER0001400	38.298	188	84	3	227	397	1	173	8.84e-29	116
MGEFMDMA_01672	MER0045886	44.978	229	120	5	1	225	10	236	1.24e-60	196
MGEFMDMA_01672	MER0044889	45.089	224	121	1	5	226	19	242	2.01e-55	182
MGEFMDMA_01672	MER0042974	43.229	192	101	3	12	195	1	192	6.49e-47	159
MGEFMDMA_01672	MER0043537	44.865	185	99	2	5	187	2	185	6.53e-47	158
MGEFMDMA_01672	MER0038086	37.946	224	123	4	5	212	29	252	3.50e-43	150
MGEFMDMA_01672	MER0436735	33.591	259	134	4	5	225	4	262	9.46e-42	147
MGEFMDMA_01672	MER0043387	43.452	168	94	1	20	186	1	168	4.95e-39	137
MGEFMDMA_01672	MER0043394	31.126	151	100	2	38	184	13	163	2.51e-15	70.9
MGEFMDMA_01672	MER0044812	30.178	169	109	4	5	170	58	220	1.83e-14	70.1
MGEFMDMA_01672	MER0045945	28.421	190	128	5	5	191	34	218	3.01e-12	63.2
MGEFMDMA_01672	MER0044882	28.824	170	97	5	38	190	15	177	1.16e-11	60.5
MGEFMDMA_01672	MER0043392	25.478	157	112	3	27	180	1	155	4.33e-10	55.8
MGEFMDMA_01672	MER0044622	27.389	157	99	5	38	184	64	215	1.62e-09	55.5
MGEFMDMA_01672	MER0045094	26.282	156	102	4	38	184	48	199	1.21e-08	52.8
MGEFMDMA_01672	MER0115185	29.286	140	81	6	40	170	1	131	1.65e-08	50.4
MGEFMDMA_01672	MER0043540	27.778	198	105	8	5	180	44	225	6.17e-08	50.4
MGEFMDMA_01672	MER0060647	29.070	172	103	7	5	168	175	335	2.55e-07	49.3
MGEFMDMA_01727	MER0036051	23.077	247	153	10	56	284	75	302	8.85e-06	43.5
MGEFMDMA_01758	MER0016542	41.304	276	136	5	298	547	3	278	7.75e-61	200
MGEFMDMA_01758	MER0004321	41.245	257	145	3	296	547	1	256	2.62e-60	198
MGEFMDMA_01758	MER0003105	40.467	257	145	5	296	547	1	254	3.10e-60	197
MGEFMDMA_01758	MER0016544	39.568	278	141	6	296	547	1	277	1.65e-58	194
MGEFMDMA_01758	MER0027437	39.147	258	144	5	297	547	2	253	9.48e-52	175
MGEFMDMA_01758	MER0002039	39.453	256	145	2	296	547	1	250	2.25e-51	174
MGEFMDMA_01758	MER0014518	37.209	258	155	5	298	549	3	259	2.43e-47	163
MGEFMDMA_01758	MER0005462	32.597	181	110	6	345	522	44	215	6.22e-18	80.1
MGEFMDMA_01758	MER0004931	31.928	166	103	5	359	522	58	215	4.89e-15	71.6
MGEFMDMA_01758	MER0004532	29.762	168	108	6	357	522	55	214	1.36e-08	52.8
MGEFMDMA_01758	MER0002038	31.061	132	78	6	391	517	88	211	2.16e-08	52.0
MGEFMDMA_01771	MER0056022	38.710	93	52	3	136	225	32	122	1.45e-12	60.5
MGEFMDMA_01771	MER0056047	42.308	78	44	1	148	225	4	80	6.19e-12	57.4
MGEFMDMA_01771	MER0055284	31.579	76	51	1	150	225	8	82	2.45e-07	44.7
MGEFMDMA_01771	MER0056027	30.579	121	76	5	109	225	2	118	1.53e-06	43.1
MGEFMDMA_01774	MER0031563	26.087	115	78	2	40	154	1	108	2.11e-07	47.8
MGEFMDMA_01774	MER0031570	22.041	245	165	8	40	265	1	238	3.57e-07	47.4
MGEFMDMA_01774	MER0036027	25.926	135	91	2	40	174	1	126	3.62e-07	47.4
MGEFMDMA_01774	MER0036044	22.541	244	165	8	40	265	50	287	9.34e-07	46.2
MGEFMDMA_01837	MER0217397	35.734	708	395	11	37	713	1	679	1.95e-151	453
MGEFMDMA_01837	MER0014366	35.180	722	447	8	1	713	3	712	1.75e-143	433
MGEFMDMA_01837	MER0039993	36.138	725	397	12	26	713	1	696	6.09e-140	424
MGEFMDMA_01837	MER0501051	38.132	257	150	6	25	275	3	256	2.77e-49	175
MGEFMDMA_01837	MER0501051	45.333	150	80	2	566	714	253	401	2.93e-31	123
MGEFMDMA_01838	MER0195774	25.000	228	117	5	32	256	1	177	2.03e-15	72.4
MGEFMDMA_01838	MER0001233	23.827	277	144	10	32	298	2	221	2.13e-11	62.0
MGEFMDMA_01838	MER0014333	21.014	276	158	10	32	297	2	227	1.60e-08	53.5
MGEFMDMA_01838	MER0002423	29.204	113	67	2	23	127	17	124	8.78e-08	50.8
MGEFMDMA_01838	MER0122186	38.095	63	39	0	22	84	12	74	2.22e-07	49.3
MGEFMDMA_01838	MER0002345	36.765	68	43	0	21	88	15	82	7.90e-07	47.8
MGEFMDMA_01838	MER0003386	36.066	61	39	0	23	83	17	77	1.08e-06	47.4
MGEFMDMA_01838	MER0001222	24.797	246	130	9	18	256	9	206	1.32e-06	47.0
MGEFMDMA_01838	MER0001218	38.710	62	38	0	23	84	17	78	1.77e-06	47.0
MGEFMDMA_01838	MER0011744	37.705	61	38	0	23	83	17	77	2.14e-06	46.6
MGEFMDMA_01838	MER0003823	35.294	68	44	0	21	88	15	82	3.50e-06	45.8
MGEFMDMA_01838	MER0001214	37.705	61	38	0	23	83	17	77	4.18e-06	45.4
MGEFMDMA_01838	MER0002283	36.508	63	40	0	21	83	15	77	8.16e-06	44.7
MGEFMDMA_01868	MER0018473	27.607	163	87	5	526	665	85	239	1.17e-06	50.4
MGEFMDMA_01888	MER0002489	37.801	291	154	6	39	306	23	309	9.68e-48	164
MGEFMDMA_01888	MER1143079	30.824	279	169	6	37	308	9	270	4.03e-38	136
MGEFMDMA_01888	MER0026262	30.748	361	201	14	19	346	4	348	1.09e-37	137
MGEFMDMA_01888	MER0000459	28.105	306	199	6	37	323	21	324	4.49e-36	132
MGEFMDMA_01888	MER0005964	28.909	339	198	10	27	328	6	338	6.72e-31	119
MGEFMDMA_01888	MER0003802	29.572	257	162	5	39	288	16	260	1.81e-29	114
MGEFMDMA_01888	MER0011700	33.068	251	140	7	42	267	20	267	3.30e-27	108
MGEFMDMA_01888	MER0028284	26.074	326	202	11	24	323	1	313	6.62e-25	101
MGEFMDMA_01888	MER0140154	25.228	329	199	7	42	323	5	333	7.62e-21	90.1
MGEFMDMA_01888	MER0017069	31.325	166	111	3	44	206	16	181	9.44e-21	89.7
MGEFMDMA_01888	MER0000457	27.749	191	129	5	21	206	3	189	4.32e-20	87.8
MGEFMDMA_01888	MER0005925	25.000	284	182	11	42	299	21	299	1.20e-19	86.7
MGEFMDMA_01888	MER0354941	28.495	186	110	5	43	208	15	197	2.09e-15	71.6
MGEFMDMA_01888	MER0006204	24.000	200	131	5	25	206	6	202	2.23e-15	74.3
MGEFMDMA_01888	MER0015683	28.866	194	128	6	23	210	22	211	7.64e-15	71.6
MGEFMDMA_01888	MER0005836	27.826	230	146	5	42	259	29	250	9.43e-15	70.9
MGEFMDMA_01888	MER0011726	28.859	149	97	4	42	188	25	166	3.44e-14	70.5
MGEFMDMA_01888	MER0122661	26.370	292	178	12	42	311	18	294	2.00e-13	67.8
MGEFMDMA_01888	MER0004154	24.883	213	140	5	55	257	32	234	5.99e-13	66.6
MGEFMDMA_01888	MER0004090	26.540	211	129	7	21	208	3	210	1.14e-12	65.9
MGEFMDMA_01888	MER0000463	26.776	183	120	5	42	222	20	190	5.82e-12	63.5
MGEFMDMA_01888	MER0192873	28.365	208	116	8	75	256	1	201	4.51e-11	59.3
MGEFMDMA_01888	MER0011718	27.632	228	119	11	16	227	10	207	3.53e-10	58.2
MGEFMDMA_01888	MER0034963	25.157	159	111	3	31	187	14	166	4.50e-10	57.8
MGEFMDMA_01888	MER0003800	25.463	216	135	7	16	208	5	217	7.56e-10	57.4
MGEFMDMA_01888	MER0219770	25.517	145	93	3	71	206	47	185	1.62e-09	55.8
MGEFMDMA_01888	MER0356183	30.726	179	101	8	50	208	8	183	2.60e-09	54.3
MGEFMDMA_01888	MER0005923	31.522	92	57	1	43	128	28	119	1.87e-08	53.1
MGEFMDMA_01889	MER0002746	32.000	225	135	7	265	478	13	230	1.01e-24	100
MGEFMDMA_01889	MER0019759	30.357	224	139	6	265	478	13	229	1.99e-24	99.8
MGEFMDMA_01889	MER0002968	33.880	183	115	3	275	451	25	207	6.78e-24	97.8
MGEFMDMA_01889	MER0091680	30.476	210	127	6	277	474	13	215	1.38e-21	91.3
MGEFMDMA_01889	MER0002003	30.457	197	117	5	275	457	25	215	2.74e-21	90.1
MGEFMDMA_01889	MER0011183	27.650	217	138	5	275	478	12	222	2.78e-21	90.1
MGEFMDMA_01889	MER0000997	33.333	195	108	5	273	451	21	209	3.44e-21	89.7
MGEFMDMA_01889	MER0011440	30.435	207	135	4	270	469	16	220	5.93e-21	89.4
MGEFMDMA_01889	MER0001003	35.484	186	97	6	282	452	1	178	6.35e-21	88.2
MGEFMDMA_01889	MER0001185	30.102	196	114	4	273	454	24	210	2.11e-20	87.4
MGEFMDMA_01889	MER0001010	31.220	205	128	6	277	471	1	202	2.17e-19	84.3
MGEFMDMA_01889	MER0006264	32.222	180	98	6	288	452	5	175	4.47e-19	82.8
MGEFMDMA_01889	MER0002060	29.897	194	116	4	273	453	23	209	6.16e-19	83.6
MGEFMDMA_01889	MER0004243	31.122	196	111	5	273	451	20	208	6.62e-19	83.2
MGEFMDMA_01889	MER0001012	26.818	220	142	3	253	459	3	216	8.64e-19	82.8
MGEFMDMA_01889	MER0005331	34.211	190	103	7	276	451	21	202	1.40e-18	82.0
MGEFMDMA_01889	MER0011369	28.796	191	129	4	276	459	35	225	1.93e-18	82.0
MGEFMDMA_01889	MER0005045	31.156	199	105	6	277	456	10	195	3.33e-18	80.9
MGEFMDMA_01889	MER0011370	28.877	187	118	4	276	451	20	202	4.23e-18	80.9
MGEFMDMA_01889	MER0005046	30.653	199	106	6	277	456	10	195	4.65e-18	80.5
MGEFMDMA_01889	MER0001009	31.481	162	107	2	333	490	19	180	5.54e-18	80.5
MGEFMDMA_01889	MER0011438	29.121	182	122	4	274	448	18	199	7.31e-18	80.1
MGEFMDMA_01889	MER0001005	32.558	172	96	6	295	452	5	170	6.28e-17	76.6
MGEFMDMA_01889	MER0011423	33.533	167	101	3	296	452	41	207	7.86e-17	77.0
MGEFMDMA_01889	MER0028449	31.250	192	121	4	279	459	30	221	1.06e-16	77.0
MGEFMDMA_01889	MER0011371	27.957	186	127	3	276	454	21	206	1.87e-16	75.9
MGEFMDMA_01889	MER0002422	27.670	206	121	6	260	451	7	198	2.68e-16	75.5
MGEFMDMA_01889	MER0003500	26.943	193	123	5	285	465	17	203	2.76e-16	75.5
MGEFMDMA_01889	MER0002078	25.446	224	134	7	275	478	20	230	3.95e-16	75.5
MGEFMDMA_01889	MER0002355	31.720	186	114	6	276	455	26	204	6.50e-16	74.7
MGEFMDMA_01889	MER0168177	31.746	126	82	2	334	459	42	163	1.74e-15	72.0
MGEFMDMA_01889	MER0001701	27.551	196	122	5	273	454	6	195	2.56e-15	72.8
MGEFMDMA_01889	MER0016308	34.831	178	103	6	284	452	3	176	2.78e-15	71.6
MGEFMDMA_01889	MER0002210	30.573	157	97	3	300	446	2	156	6.62e-15	70.1
MGEFMDMA_01889	MER0168983	28.205	156	92	4	288	439	3	142	7.28e-15	70.1
MGEFMDMA_01889	MER0040779	28.846	156	97	4	301	452	45	190	1.25e-14	70.5
MGEFMDMA_01889	MER0011720	28.342	187	105	6	276	451	26	194	9.78e-14	68.2
MGEFMDMA_01889	MER0015166	26.457	223	137	5	250	451	7	223	1.88e-13	67.8
MGEFMDMA_01889	MER0011399	27.684	177	114	4	288	454	33	205	8.38e-13	65.9
MGEFMDMA_01889	MER0003916	25.248	202	136	7	265	459	1	194	4.15e-12	62.8
MGEFMDMA_01889	MER0052595	25.000	192	135	4	273	455	25	216	9.48e-12	62.4
MGEFMDMA_01889	MER0011175	28.351	194	116	8	274	452	18	203	9.77e-12	62.0
MGEFMDMA_01889	MER0002755	26.966	178	107	6	281	447	26	191	9.90e-10	56.2
MGEFMDMA_01889	MER0005037	23.864	176	127	4	277	446	10	184	1.42e-09	55.1
MGEFMDMA_01889	MER0116688	26.425	193	111	7	292	465	37	217	1.82e-09	55.8
MGEFMDMA_01889	MER0012283	25.980	204	123	7	270	459	26	215	3.00e-09	55.1
MGEFMDMA_01889	MER0011345	24.138	203	138	5	270	463	26	221	3.32e-09	55.1
MGEFMDMA_01889	MER0011400	33.613	119	75	3	337	451	85	203	3.38e-09	55.1
MGEFMDMA_01889	MER0011401	30.380	158	91	6	305	447	42	195	5.55e-09	53.9
MGEFMDMA_01889	MER0005328	26.374	182	110	7	281	448	25	196	6.68e-09	53.5
MGEFMDMA_01889	MER0026830	31.633	98	65	1	272	367	19	116	1.03e-08	52.8
MGEFMDMA_01889	MER0001001	23.232	198	127	5	277	459	22	209	1.05e-08	53.1
MGEFMDMA_01889	MER0019096	25.157	159	103	5	327	480	50	197	1.50e-08	52.4
MGEFMDMA_01889	MER0036308	29.487	156	99	3	288	438	41	190	1.85e-08	52.8
MGEFMDMA_01889	MER0019754	23.684	190	126	4	276	451	3	187	3.02e-08	51.6
MGEFMDMA_01889	MER0002281	28.652	178	108	6	281	447	37	206	5.12e-08	51.6
MGEFMDMA_01889	MER0171631	29.730	111	70	3	260	365	7	114	6.51e-08	50.8
MGEFMDMA_01889	MER0001017	24.038	208	134	7	288	479	43	242	1.97e-07	50.1
MGEFMDMA_01889	MER0002658	27.500	160	96	5	337	479	1	157	3.71e-06	44.7
MGEFMDMA_01889	MER0001013	24.432	176	111	6	270	434	27	191	6.84e-06	45.1
MGEFMDMA_01901	MER0387040	50.000	38	18	1	16	53	59	95	1.83e-06	42.7
MGEFMDMA_01901	MER0066182	50.000	38	18	1	16	53	150	186	8.04e-06	42.7
MGEFMDMA_01908	MER0034615	57.724	246	101	2	417	659	1	246	2.45e-101	306
MGEFMDMA_01908	MER0000263	37.295	244	145	5	421	659	1	241	1.69e-46	162
MGEFMDMA_01908	MER0016096	32.231	242	155	5	425	659	5	244	1.77e-40	145
MGEFMDMA_01908	MER0011583	28.980	245	160	7	425	662	11	248	8.31e-25	100
MGEFMDMA_01908	MER0005196	27.586	232	150	6	429	653	25	245	4.61e-19	84.3
MGEFMDMA_01908	MER0000408	24.066	241	163	5	430	654	15	251	7.60e-19	83.6
MGEFMDMA_01908	MER0001423	26.432	227	149	5	425	644	1	216	5.81e-17	77.8
MGEFMDMA_01908	MER0005987	26.609	233	161	5	414	641	14	241	6.02e-17	78.2
MGEFMDMA_01908	MER0001920	27.397	219	145	4	441	650	21	234	1.21e-16	77.0
MGEFMDMA_01908	MER0017401	29.412	204	124	8	421	616	2	193	4.32e-16	75.1
MGEFMDMA_01908	MER0140224	26.500	200	137	4	467	657	38	236	7.04e-15	71.6
MGEFMDMA_01908	MER0004921	24.775	222	154	5	429	645	7	220	9.11e-14	68.2
MGEFMDMA_01908	MER0018170	23.246	228	160	4	426	641	7	231	9.18e-14	68.6
MGEFMDMA_01908	MER0015682	26.033	242	160	6	426	657	72	304	1.65e-13	68.6
MGEFMDMA_01908	MER0058228	30.469	128	85	2	426	549	7	134	2.16e-13	67.4
MGEFMDMA_01908	MER0003558	25.896	251	154	7	412	645	8	243	3.20e-13	67.0
MGEFMDMA_01908	MER0000401	25.110	227	161	4	421	643	19	240	2.79e-12	64.3
MGEFMDMA_01908	MER0011413	32.800	125	80	3	429	549	7	131	4.92e-12	63.2
MGEFMDMA_01908	MER0000399	22.414	232	171	4	414	641	11	237	7.58e-12	63.2
MGEFMDMA_01908	MER0013484	32.800	125	80	3	429	549	7	131	8.78e-12	62.4
MGEFMDMA_01908	MER0000405	31.159	138	90	3	399	531	3	140	4.82e-11	60.8
MGEFMDMA_01908	MER0005807	25.604	207	143	4	439	643	62	259	7.20e-11	60.5
MGEFMDMA_01908	MER0006027	25.909	220	150	8	432	643	24	238	9.36e-11	59.7
MGEFMDMA_01908	MER0000403	28.346	127	89	2	429	553	28	154	2.77e-10	58.5
MGEFMDMA_01908	MER0011305	24.167	240	171	7	414	647	8	242	3.05e-09	55.1
MGEFMDMA_01908	MER0126485	21.905	210	156	5	435	641	11	215	3.51e-09	54.7
MGEFMDMA_01908	MER0004923	25.806	248	159	10	427	661	55	290	4.10e-09	55.1
MGEFMDMA_01908	MER0004504	31.818	110	65	3	429	531	2	108	1.80e-08	52.4
MGEFMDMA_01908	MER0002490	23.457	162	114	2	416	577	27	178	3.76e-08	52.4
MGEFMDMA_01908	MER0030932	26.601	203	133	4	437	639	29	215	6.62e-08	50.8
MGEFMDMA_01908	MER0003361	28.302	106	72	2	427	531	20	122	7.45e-08	50.8
MGEFMDMA_01908	MER0015621	22.840	162	115	2	416	577	27	178	1.16e-07	50.8
MGEFMDMA_01908	MER0195666	26.344	186	117	6	433	609	10	184	4.24e-07	48.5
MGEFMDMA_01908	MER0192427	24.460	139	98	3	415	549	55	190	1.03e-06	47.8
MGEFMDMA_01908	MER0000404	28.906	128	80	4	412	532	12	135	1.10e-06	47.4
MGEFMDMA_01908	MER0022823	26.230	122	89	1	439	560	42	162	1.40e-06	47.4
MGEFMDMA_01908	MER0005994	22.176	239	171	7	410	641	11	241	2.42e-06	46.2
MGEFMDMA_01908	MER0011450	25.767	163	110	3	415	577	16	167	4.37e-06	45.8
MGEFMDMA_01927	MER0026494	33.753	477	292	8	1	460	4	473	1.40e-81	257
MGEFMDMA_01927	MER0015142	31.590	478	303	8	1	460	33	504	1.36e-72	234
MGEFMDMA_01927	MER0026471	29.079	478	315	6	1	459	5	477	3.72e-64	211
MGEFMDMA_01927	MER0003397	34.450	209	114	7	6	198	7	208	4.88e-25	102
MGEFMDMA_01927	MER0003397	32.584	89	60	0	362	450	213	301	1.82e-11	61.6
MGEFMDMA_01927	MER0026485	34.483	203	115	7	8	198	11	207	7.11e-24	98.6
MGEFMDMA_01927	MER0026485	34.409	93	61	0	362	454	212	304	1.71e-11	62.0
MGEFMDMA_01927	MER0052470	23.598	428	285	12	30	436	33	439	1.15e-19	88.2
MGEFMDMA_01927	MER0057434	29.278	263	165	8	7	256	2	256	6.20e-18	80.9
MGEFMDMA_01927	MER0057434	32.184	87	59	0	360	446	202	288	2.09e-08	52.4
MGEFMDMA_01927	MER0001272	32.353	102	58	3	80	176	60	155	3.62e-08	51.2
MGEFMDMA_01980	MER0004775	38.567	656	394	5	47	698	8	658	5.39e-159	471
MGEFMDMA_01980	MER0001058	32.043	646	412	11	60	698	1	626	7.95e-104	327
MGEFMDMA_01980	MER0002988	32.366	689	409	17	53	698	19	693	2.89e-101	322
MGEFMDMA_01980	MER0001056	31.287	668	428	14	53	698	19	677	5.65e-98	313
MGEFMDMA_01980	MER0011141	30.576	677	433	15	53	698	19	689	8.57e-96	308
MGEFMDMA_01980	MER0011159	30.609	673	431	17	53	698	19	682	9.05e-92	297
MGEFMDMA_01980	MER0019831	32.401	608	370	16	121	698	55	651	1.00e-89	290
MGEFMDMA_01980	MER0001991	29.803	661	433	14	50	687	16	668	4.79e-88	287
MGEFMDMA_01980	MER0013406	29.173	689	434	16	53	698	19	696	5.31e-88	287
MGEFMDMA_01980	MER0001050	29.370	698	424	16	53	698	19	699	5.83e-86	282
MGEFMDMA_01980	MER0011838	26.991	678	441	13	56	698	23	681	2.40e-85	280
MGEFMDMA_01980	MER0019832	28.506	656	431	12	57	698	17	648	1.48e-80	266
MGEFMDMA_01980	MER0004762	30.523	688	419	20	53	698	19	689	1.91e-80	267
MGEFMDMA_01980	MER0002350	29.830	704	423	18	44	698	15	696	2.14e-80	267
MGEFMDMA_01980	MER0001059	30.325	554	367	10	60	603	2	546	7.30e-77	254
MGEFMDMA_01980	MER0005528	28.928	681	435	18	53	698	19	685	3.61e-74	250
MGEFMDMA_01980	MER0002062	27.672	683	436	18	53	687	19	691	1.64e-67	232
MGEFMDMA_01980	MER0002997	25.769	683	464	14	50	698	16	689	4.33e-63	219
MGEFMDMA_01980	MER0001365	26.486	740	459	24	34	698	2	731	4.71e-53	192
MGEFMDMA_01980	MER0002285	26.254	678	421	18	53	698	19	649	1.95e-52	189
MGEFMDMA_01980	MER0038668	25.299	585	367	15	181	698	22	603	8.78e-48	175
MGEFMDMA_01980	MER0001054	25.111	677	434	23	57	698	23	661	2.06e-46	172
MGEFMDMA_01980	MER0015175	26.565	591	359	21	179	698	164	750	5.41e-45	169
MGEFMDMA_01980	MER0162857	31.847	314	190	7	404	698	438	746	5.62e-43	162
MGEFMDMA_01980	MER0011433	23.435	687	446	25	55	698	27	676	4.40e-34	135
MGEFMDMA_01980	MER0011430	23.746	678	433	25	56	698	29	657	1.83e-31	127
MGEFMDMA_01980	MER0011432	23.844	692	437	23	55	698	27	676	3.71e-31	126
MGEFMDMA_01980	MER0011427	24.821	419	259	14	304	692	286	678	2.31e-30	124
MGEFMDMA_01980	MER0024834	33.690	187	107	7	522	698	2	181	2.15e-28	109
MGEFMDMA_01980	MER0011355	25.449	334	220	9	377	687	329	656	5.79e-27	113
MGEFMDMA_01980	MER0002990	24.854	342	238	10	367	698	315	647	4.77e-25	107
MGEFMDMA_01980	MER0026946	31.034	232	139	6	471	698	40	254	9.04e-25	100
MGEFMDMA_01980	MER0002987	25.532	329	226	8	373	690	252	572	3.74e-23	100
MGEFMDMA_01980	MER0004778	27.483	302	187	9	418	698	436	726	9.55e-23	100
MGEFMDMA_01980	MER0002989	26.821	302	193	10	409	698	355	640	1.01e-21	96.7
MGEFMDMA_01980	MER0004761	24.713	348	234	8	367	698	323	658	3.82e-20	91.7
MGEFMDMA_01980	MER0011429	24.567	289	194	9	412	687	373	650	7.45e-15	74.7
MGEFMDMA_01980	MER0002993	23.404	282	173	7	362	611	308	578	2.71e-14	73.2
MGEFMDMA_01980	MER0002991	27.189	217	140	7	492	698	472	680	6.29e-14	72.0
MGEFMDMA_01980	MER0015181	24.252	301	201	9	402	687	347	635	4.29e-13	69.3
MGEFMDMA_01980	MER0011195	21.471	680	435	30	57	698	37	655	5.07e-13	68.9
MGEFMDMA_01980	MER0004763	27.434	226	136	6	401	609	208	422	6.90e-11	62.0
MGEFMDMA_01980	MER0011151	22.051	195	133	6	492	684	187	364	3.08e-09	56.2
MGEFMDMA_01980	MER0011486	29.204	113	68	3	495	607	429	529	1.61e-07	51.2
MGEFMDMA_01980	MER0002999	34.286	70	44	1	489	556	447	516	3.44e-07	50.1
MGEFMDMA_01983	MER0045479	23.105	277	176	8	3	274	7	251	1.28e-13	65.9
MGEFMDMA_01983	MER0036038	21.908	283	172	10	3	274	7	251	3.62e-11	58.9
MGEFMDMA_01983	MER0031565	23.228	254	161	8	3	247	7	235	6.28e-11	58.2
MGEFMDMA_01983	MER0036036	26.459	257	153	10	6	251	10	241	1.83e-10	57.0
MGEFMDMA_01983	MER0031569	23.077	247	167	9	6	247	6	234	2.98e-07	47.4
MGEFMDMA_01983	MER0017401	25.229	218	129	9	23	233	12	202	5.90e-06	43.1
MGEFMDMA_01983	MER0048191	24.812	133	92	2	25	151	19	149	6.25e-06	43.5
MGEFMDMA_01993	MER0015121	32.075	106	61	3	33	128	34	138	6.47e-07	47.8
MGEFMDMA_01993	MER0107602	26.490	151	94	4	33	168	29	177	5.21e-06	44.7
MGEFMDMA_01996	MER0002443	42.735	117	61	2	63	178	6	117	3.46e-28	99.0
MGEFMDMA_01996	MER0003986	41.463	123	65	3	58	178	1	118	2.46e-26	94.4
MGEFMDMA_01996	MER0004035	41.228	114	59	3	65	177	5	111	4.78e-23	85.5
MGEFMDMA_01996	MER0002450	39.669	121	64	4	58	178	1	112	3.63e-19	75.5
MGEFMDMA_01996	MER0003808	40.800	125	59	7	58	179	1	113	8.66e-19	74.7
MGEFMDMA_01996	MER0004054	35.294	119	67	5	66	179	9	122	3.54e-17	70.9
MGEFMDMA_01996	MER0377310	39.130	115	61	4	58	172	1	106	4.70e-17	70.1
MGEFMDMA_01996	MER0377307	39.130	115	61	4	58	172	1	106	4.70e-17	70.1
MGEFMDMA_01996	MER0003805	35.246	122	70	4	58	179	1	113	1.43e-16	68.9
MGEFMDMA_01996	MER0003807	34.783	115	67	4	58	170	1	109	1.60e-16	68.9
MGEFMDMA_01996	MER0377178	37.391	115	63	4	58	172	1	106	1.66e-15	65.9
MGEFMDMA_01996	MER0014188	40.000	105	49	4	58	154	1	99	8.74e-15	64.3
MGEFMDMA_01996	MER0376722	40.187	107	49	7	58	161	1	95	1.51e-12	57.8
MGEFMDMA_01996	MER0014672	31.461	89	48	1	58	133	1	89	4.76e-11	54.7
MGEFMDMA_01996	MER0024252	34.653	101	55	4	70	166	14	107	6.91e-11	54.3
MGEFMDMA_01996	MER0031199	36.667	60	38	0	74	133	1	60	3.05e-09	48.5
MGEFMDMA_01996	MER0377450	33.750	80	50	2	58	137	1	77	9.04e-09	47.8
MGEFMDMA_01996	MER0038100	29.565	115	64	4	68	172	12	119	1.50e-08	48.1
MGEFMDMA_01996	MER0001322	26.786	112	68	4	58	167	1	100	3.42e-08	47.0
MGEFMDMA_02002	MER0001289	33.000	200	110	7	89	279	59	243	1.12e-21	90.5
MGEFMDMA_02002	MER0194228	33.702	181	97	6	107	279	2	167	1.67e-21	88.2
MGEFMDMA_02002	MER0100667	34.821	112	61	4	87	191	19	125	2.21e-13	65.9
MGEFMDMA_02002	MER0002161	30.247	162	97	6	28	185	12	161	3.43e-12	63.2
MGEFMDMA_02002	MER0013618	36.937	111	60	4	64	169	32	137	7.05e-12	62.4
MGEFMDMA_02002	MER0001284	22.984	248	142	7	60	282	4	227	3.87e-11	59.7
MGEFMDMA_02002	MER0001290	25.610	164	93	6	50	188	47	206	1.17e-09	56.2
MGEFMDMA_02002	MER0037181	26.347	167	106	5	22	185	9	161	1.41e-09	55.5
MGEFMDMA_02002	MER0001288	34.375	96	60	2	94	188	24	117	2.33e-09	54.3
MGEFMDMA_02002	MER0004514	24.779	113	74	2	62	163	6	118	1.87e-08	51.6
MGEFMDMA_02013	MER0017193	25.088	283	170	8	69	336	22	277	2.95e-14	68.9
MGEFMDMA_02013	MER0011785	29.630	135	85	3	44	174	12	140	4.84e-13	65.9
MGEFMDMA_02013	MER0037236	26.840	231	127	8	65	273	12	222	2.87e-11	60.1
MGEFMDMA_02013	MER0014065	32.075	106	70	2	66	170	28	132	3.86e-11	60.1
MGEFMDMA_02013	MER0003280	28.333	120	78	3	54	170	14	128	5.72e-11	59.3
MGEFMDMA_02013	MER0017177	27.869	122	87	1	69	189	31	152	8.05e-11	58.9
MGEFMDMA_02013	MER0210990	38.462	78	47	1	97	173	55	132	1.07e-10	58.9
MGEFMDMA_02013	MER0036115	32.727	110	72	2	66	174	29	137	1.47e-10	58.2
MGEFMDMA_02013	MER0000437	23.264	288	177	9	73	336	28	295	1.85e-10	57.8
MGEFMDMA_02013	MER0031616	36.486	74	44	1	104	174	70	143	1.89e-10	57.8
MGEFMDMA_02013	MER0030163	37.333	75	42	2	104	174	60	133	2.72e-10	57.4
MGEFMDMA_02013	MER0031617	28.682	129	89	3	66	193	28	154	3.33e-10	57.0
MGEFMDMA_02013	MER0011509	33.333	105	66	2	73	174	39	142	2.39e-09	54.7
MGEFMDMA_02013	MER0035973	31.818	110	72	2	63	170	45	153	7.38e-09	52.8
MGEFMDMA_02013	MER0004146	32.031	128	78	4	71	190	18	144	7.83e-09	52.8
MGEFMDMA_02013	MER0026339	25.498	251	134	9	66	288	18	243	1.02e-08	52.4
MGEFMDMA_02013	MER0036076	32.456	114	71	4	57	169	50	158	1.11e-08	52.4
MGEFMDMA_02013	MER0036066	22.593	270	162	9	73	326	1	239	1.47e-08	51.6
MGEFMDMA_02013	MER0036068	24.528	265	168	11	73	328	54	295	5.34e-08	50.4
MGEFMDMA_02013	MER0044578	24.561	114	81	2	63	171	64	177	8.06e-08	50.1
MGEFMDMA_02013	MER0003537	23.891	293	174	11	68	337	19	285	1.62e-07	48.9
MGEFMDMA_02013	MER0017123	26.852	108	77	1	71	176	33	140	2.12e-07	48.5
MGEFMDMA_02013	MER0031610	27.027	148	86	4	39	183	38	166	2.69e-07	48.1
MGEFMDMA_02013	MER0036075	23.438	128	94	3	48	171	44	171	3.57e-07	48.1
MGEFMDMA_02013	MER0031614	26.050	119	84	2	61	175	72	190	5.98e-07	47.4
MGEFMDMA_02013	MER0036067	25.097	259	152	12	72	317	51	280	6.50e-07	47.0
MGEFMDMA_02013	MER0000436	23.129	294	170	10	73	338	24	289	7.52e-07	47.0
MGEFMDMA_02013	MER0031645	54.054	37	17	0	139	175	194	230	1.83e-06	45.8
MGEFMDMA_02013	MER0044581	22.628	137	96	3	40	171	44	175	2.11e-06	45.8
MGEFMDMA_02013	MER0042913	31.544	149	85	6	75	207	23	170	3.68e-06	44.7
MGEFMDMA_02013	MER0036114	20.213	188	126	4	73	239	45	229	4.04e-06	44.7
MGEFMDMA_02013	MER0017033	28.448	116	76	2	60	172	52	163	4.92e-06	44.3
MGEFMDMA_02013	MER0036050	29.915	117	74	3	62	171	72	187	9.12e-06	43.5
MGEFMDMA_02054	MER0005139	37.273	110	59	3	109	216	62	163	3.91e-15	71.6
MGEFMDMA_02054	MER0100667	28.070	228	125	9	108	326	22	219	9.93e-15	69.3
MGEFMDMA_02054	MER0015691	38.679	106	56	3	109	213	52	149	1.76e-13	66.2
MGEFMDMA_02054	MER0004514	26.872	227	139	11	85	302	12	220	1.80e-13	66.2
MGEFMDMA_02054	MER0002161	28.077	260	141	10	36	291	4	221	2.06e-13	66.6
MGEFMDMA_02054	MER0001284	27.574	272	161	10	65	327	3	247	2.93e-13	65.9
MGEFMDMA_02054	MER0015336	36.190	105	58	2	110	213	62	158	5.10e-13	65.1
MGEFMDMA_02054	MER0005131	27.459	244	155	7	91	327	23	251	1.91e-12	63.2
MGEFMDMA_02054	MER0037181	25.796	314	171	14	35	326	3	276	2.19e-12	63.5
MGEFMDMA_02054	MER0194228	25.778	225	117	8	124	331	1	192	3.22e-12	61.6
MGEFMDMA_02054	MER0001289	26.016	246	123	10	108	331	60	268	5.71e-12	62.0
MGEFMDMA_02054	MER0005239	33.945	109	62	3	108	214	67	167	3.58e-10	57.0
MGEFMDMA_02054	MER0005149	33.945	109	62	3	109	215	64	164	5.66e-10	56.2
MGEFMDMA_02054	MER0005238	33.333	105	61	3	110	213	67	163	1.04e-09	55.5
MGEFMDMA_02054	MER0002104	32.381	105	62	3	110	213	67	163	1.04e-09	55.5
MGEFMDMA_02054	MER0001911	35.514	107	58	2	104	210	35	130	1.13e-09	55.1
MGEFMDMA_02054	MER0005241	34.444	90	51	3	108	195	3	86	5.84e-09	52.8
MGEFMDMA_02054	MER0005244	35.556	90	48	3	107	195	2	82	1.05e-07	48.5
MGEFMDMA_02054	MER0005152	29.245	106	67	1	93	198	43	140	3.15e-07	47.8
MGEFMDMA_02054	MER0001288	34.043	94	50	3	105	198	18	99	2.25e-06	45.1
MGEFMDMA_02054	MER0032443	25.893	224	150	7	110	326	39	253	2.98e-06	44.7
MGEFMDMA_02054	MER0013618	32.727	110	61	5	108	215	56	154	3.78e-06	44.7
MGEFMDMA_02073	MER0264123	22.713	317	181	11	48	304	14	326	5.90e-10	56.6
MGEFMDMA_02078	MER0015473	30.769	156	82	4	45	182	37	184	2.44e-12	60.8
MGEFMDMA_02078	MER0015472	28.824	170	104	6	39	194	35	201	4.41e-12	59.7
MGEFMDMA_02078	MER0048181	28.276	145	86	3	45	174	1	142	1.60e-10	54.3
MGEFMDMA_02078	MER0015462	30.065	153	91	5	41	189	44	184	6.66e-10	53.5
MGEFMDMA_02078	MER0035036	28.758	153	71	5	50	183	93	226	1.77e-07	47.4
MGEFMDMA_02078	MER0015631	29.070	172	108	5	32	197	35	198	4.20e-07	45.8
MGEFMDMA_02078	MER0015449	29.032	155	90	4	37	180	45	190	7.95e-07	45.4
MGEFMDMA_02078	MER0015458	28.889	180	97	7	51	207	58	229	9.48e-07	45.1
MGEFMDMA_02078	MER0015659	39.785	93	45	4	31	119	36	121	1.32e-06	44.3
MGEFMDMA_02078	MER0047976	35.526	76	46	1	44	119	12	84	1.51e-06	43.9
MGEFMDMA_02078	MER0030047	26.950	141	81	4	50	179	3	132	1.93e-06	42.7
MGEFMDMA_02078	MER0017194	29.323	133	84	4	3	127	15	145	3.41e-06	43.1
MGEFMDMA_02078	MER0003940	34.483	87	53	2	38	123	35	118	5.51e-06	42.4
MGEFMDMA_02121	MER0005169	31.304	345	227	5	9	351	5	341	2.62e-51	171
MGEFMDMA_02121	MER0013829	31.915	329	214	5	10	335	6	327	5.79e-50	167
MGEFMDMA_02121	MER0004410	32.362	343	220	8	9	346	5	340	4.85e-44	152
MGEFMDMA_02121	MER0005472	32.537	335	209	6	9	342	5	323	2.11e-43	150
MGEFMDMA_02121	MER0002046	31.447	318	182	10	39	346	35	326	6.45e-37	132
MGEFMDMA_02121	MER0002043	28.618	304	197	6	51	342	50	345	3.96e-31	118
MGEFMDMA_02121	MER0005160	30.104	289	184	8	57	342	51	324	6.91e-24	97.4
MGEFMDMA_02121	MER0002040	27.500	280	188	7	61	334	59	329	1.34e-22	94.4
MGEFMDMA_02121	MER0022215	23.034	356	251	8	8	357	3	341	2.27e-21	90.5
MGEFMDMA_02128	MER0005244	31.111	180	123	1	265	443	5	184	2.58e-25	100
MGEFMDMA_02128	MER0005241	29.808	208	132	7	265	458	5	212	3.77e-18	80.5
MGEFMDMA_02128	MER0100667	31.220	205	116	9	264	454	23	216	5.87e-16	73.6
MGEFMDMA_02128	MER0002161	26.222	225	134	7	257	456	58	275	2.34e-11	61.2
MGEFMDMA_02128	MER0001284	26.425	193	112	8	265	434	36	221	1.76e-10	58.2
MGEFMDMA_02128	MER0037181	25.000	220	135	6	264	459	65	278	2.23e-10	58.2
MGEFMDMA_02128	MER0001289	25.000	284	164	13	194	454	3	260	8.82e-10	56.2
MGEFMDMA_02128	MER0004514	26.984	189	118	7	264	434	35	221	1.28e-09	55.5
MGEFMDMA_02128	MER0194228	26.000	200	109	8	278	454	1	184	1.12e-08	52.0
MGEFMDMA_02128	MER0032443	25.714	210	126	8	265	445	39	247	2.32e-08	52.0
MGEFMDMA_02128	MER0001288	32.927	82	53	1	265	346	23	102	9.26e-08	49.7
MGEFMDMA_02128	MER0038832	25.481	208	140	8	263	459	46	249	1.02e-07	49.7
MGEFMDMA_02128	MER0011461	27.966	118	83	1	230	345	12	129	8.51e-07	47.0
MGEFMDMA_02128	MER0038833	29.524	105	71	2	263	365	46	149	9.79e-07	47.0
MGEFMDMA_02128	MER0030257	30.370	135	91	2	235	367	18	151	1.36e-06	46.6
MGEFMDMA_02128	MER0005238	32.231	121	69	6	261	373	63	178	2.26e-06	45.8
MGEFMDMA_02142	MER0002060	33.152	184	101	6	268	431	20	201	1.22e-20	87.8
MGEFMDMA_02142	MER0001009	31.288	163	105	3	319	477	20	179	8.10e-19	82.4
MGEFMDMA_02142	MER0091680	34.459	148	89	4	319	462	72	215	1.01e-18	82.4
MGEFMDMA_02142	MER0002968	36.842	171	99	6	286	451	53	219	2.57e-18	81.3
MGEFMDMA_02142	MER0011440	37.762	143	78	4	319	455	81	218	6.86e-18	80.1
MGEFMDMA_02142	MER0011369	38.462	117	67	2	319	431	96	211	1.24e-17	79.3
MGEFMDMA_02142	MER0011438	41.593	113	55	4	319	424	81	189	4.49e-17	77.4
MGEFMDMA_02142	MER0001010	34.000	150	92	3	319	464	61	207	5.88e-17	77.0
MGEFMDMA_02142	MER0052595	30.909	165	104	5	290	447	59	220	7.32e-17	77.0
MGEFMDMA_02142	MER0019759	33.553	152	93	4	319	466	82	229	9.98e-17	77.0
MGEFMDMA_02142	MER0000997	38.710	124	60	4	319	431	85	203	1.12e-16	76.3
MGEFMDMA_02142	MER0011183	31.788	151	96	4	320	466	75	222	1.38e-16	76.3
MGEFMDMA_02142	MER0005045	29.032	186	106	5	268	431	3	184	1.65e-16	75.5
MGEFMDMA_02142	MER0168983	31.013	158	92	6	283	432	1	149	2.90e-16	73.9
MGEFMDMA_02142	MER0002746	28.022	182	123	5	290	466	52	230	3.57e-16	75.1
MGEFMDMA_02142	MER0028449	29.464	224	119	9	254	447	7	221	3.96e-16	75.1
MGEFMDMA_02142	MER0004243	37.857	140	69	7	319	447	84	216	5.75e-16	74.3
MGEFMDMA_02142	MER0011423	35.075	134	78	4	319	447	85	214	7.22e-16	73.9
MGEFMDMA_02142	MER0002003	33.103	145	75	4	319	451	87	221	1.66e-15	73.2
MGEFMDMA_02142	MER0011371	30.667	150	98	3	290	434	52	200	2.63e-15	72.0
MGEFMDMA_02142	MER0005331	32.237	152	92	5	290	434	52	199	5.51e-15	71.2
MGEFMDMA_02142	MER0006264	33.835	133	81	3	319	447	53	182	7.84e-15	70.1
MGEFMDMA_02142	MER0001003	36.364	121	70	3	320	434	55	174	1.06e-14	69.7
MGEFMDMA_02142	MER0001012	37.600	125	63	7	319	434	87	205	1.12e-14	70.5
MGEFMDMA_02142	MER0005046	37.815	119	65	3	319	431	69	184	2.30e-14	69.3
MGEFMDMA_02142	MER0011370	33.088	136	76	5	320	447	82	210	2.36e-14	69.3
MGEFMDMA_02142	MER0011720	30.516	213	121	9	260	455	8	210	2.44e-14	69.3
MGEFMDMA_02142	MER0002355	30.208	192	109	6	260	431	8	194	2.84e-14	69.3
MGEFMDMA_02142	MER0002422	31.944	144	91	3	292	434	58	195	3.05e-14	68.9
MGEFMDMA_02142	MER0001005	31.915	141	87	3	302	434	27	166	3.71e-14	68.2
MGEFMDMA_02142	MER0002078	30.323	155	95	5	319	466	82	230	5.14e-14	68.9
MGEFMDMA_02142	MER0011401	34.921	126	74	4	319	437	75	199	6.09e-14	68.2
MGEFMDMA_02142	MER0011175	34.146	123	72	3	318	434	80	199	1.72e-13	67.0
MGEFMDMA_02142	MER0168177	33.333	135	74	5	319	448	42	165	3.47e-13	65.1
MGEFMDMA_02142	MER0001185	28.358	201	111	8	271	447	24	215	4.03e-13	65.9
MGEFMDMA_02142	MER0001701	28.571	161	96	6	319	466	70	224	4.15e-13	66.2
MGEFMDMA_02142	MER0019754	28.804	184	100	6	274	431	3	181	6.23e-13	65.1
MGEFMDMA_02142	MER0002210	29.661	118	77	3	319	431	39	155	7.09e-13	63.9
MGEFMDMA_02142	MER0015166	31.967	122	74	3	319	434	102	220	8.67e-12	62.4
MGEFMDMA_02142	MER0016308	31.092	119	77	3	320	434	55	172	1.49e-10	57.8
MGEFMDMA_02142	MER0011399	30.075	133	78	6	322	447	84	208	1.49e-10	58.5
MGEFMDMA_02142	MER0002865	27.451	153	92	5	284	429	14	154	8.10e-10	55.5
MGEFMDMA_02142	MER0040779	31.304	115	69	3	319	433	81	185	8.12e-10	55.8
MGEFMDMA_02142	MER0026830	61.765	34	13	0	319	352	83	116	1.27e-09	55.1
MGEFMDMA_02142	MER0036308	31.624	117	75	3	319	431	82	197	3.72e-09	54.7
MGEFMDMA_02142	MER0003500	27.273	143	90	3	319	454	69	204	3.81e-09	53.9
MGEFMDMA_02142	MER0005328	33.846	130	60	6	319	431	73	193	7.08e-09	53.1
MGEFMDMA_02142	MER0001017	30.612	147	86	6	319	454	84	225	1.13e-08	53.1
MGEFMDMA_02142	MER0011345	29.787	141	88	4	319	451	84	221	1.55e-08	52.8
MGEFMDMA_02142	MER0003916	29.565	115	75	3	319	431	70	180	1.69e-08	52.0
MGEFMDMA_02142	MER0011400	30.172	116	78	2	319	431	82	197	1.78e-08	52.4
MGEFMDMA_02142	MER0012271	52.941	34	16	0	320	353	86	119	5.46e-08	51.2
MGEFMDMA_02142	MER0001001	29.412	119	79	2	319	434	82	198	6.20e-08	50.4
MGEFMDMA_02142	MER0002281	30.827	133	65	5	319	434	85	207	1.75e-07	49.7
MGEFMDMA_02142	MER0171631	66.667	30	10	0	321	350	85	114	2.34e-07	48.9
MGEFMDMA_02142	MER0002755	51.429	35	17	0	319	353	74	108	3.34e-07	48.1
MGEFMDMA_02142	MER0001525	26.277	137	82	5	316	434	87	222	3.64e-07	48.5
MGEFMDMA_02142	MER0012283	29.134	127	73	4	316	431	81	201	1.76e-06	46.2
MGEFMDMA_02142	MER0116688	46.154	39	21	0	319	357	82	120	4.71e-06	45.1
MGEFMDMA_02142	MER0001013	40.741	54	32	0	319	372	85	138	5.23e-06	45.1
MGEFMDMA_02150	MER0003338	50.926	108	49	4	154	257	1	108	1.32e-20	82.8
MGEFMDMA_02150	MER0017622	26.471	238	141	6	3	209	1	235	2.57e-18	79.3
MGEFMDMA_02150	MER0013976	42.453	106	58	3	154	257	1	105	1.79e-15	68.6
MGEFMDMA_02150	MER0003303	48.750	80	39	2	154	231	1	80	3.46e-14	65.1
MGEFMDMA_02150	MER0003336	38.983	59	34	2	154	210	1	59	4.16e-06	42.7
MGEFMDMA_02151	MER0005768	35.965	228	144	2	37	263	22	248	2.24e-41	140
MGEFMDMA_02187	MER0437468	38.000	350	202	5	198	533	1	349	7.66e-75	238
MGEFMDMA_02187	MER0065554	43.701	254	132	3	290	533	9	261	1.38e-66	213
MGEFMDMA_02187	MER0436717	33.668	398	197	8	198	532	1	394	1.53e-59	199
MGEFMDMA_02187	MER0031278	28.834	163	91	8	374	532	103	244	3.40e-06	45.4
MGEFMDMA_02188	MER0014135	44.106	263	147	0	180	442	1	263	3.99e-82	251
MGEFMDMA_02189	MER0022935	31.288	163	87	9	180	328	2	153	3.09e-13	66.2
MGEFMDMA_02210	MER0015415	34.862	109	63	3	383	489	33	135	2.21e-08	50.8
MGEFMDMA_02215	MER0005767	28.076	317	189	8	52	367	27	305	4.89e-32	121
MGEFMDMA_02215	MER0030151	22.306	399	288	11	3	383	1	395	3.06e-16	77.0
MGEFMDMA_02215	MER0030136	22.277	404	282	14	3	383	1	395	7.25e-16	75.9
MGEFMDMA_02215	MER0030143	22.306	399	288	12	3	383	1	395	3.35e-15	73.9
MGEFMDMA_02215	MER0015112	23.020	404	283	16	3	383	1	399	1.12e-13	69.3
MGEFMDMA_02215	MER0030155	20.948	401	291	11	3	383	1	395	2.01e-11	62.0
MGEFMDMA_02215	MER0030149	22.414	406	279	14	3	383	1	395	5.90e-10	57.8
MGEFMDMA_02216	MER0195774	25.439	228	116	5	43	267	1	177	8.60e-17	76.3
MGEFMDMA_02216	MER0011744	26.939	245	120	6	34	269	17	211	1.94e-10	58.5
MGEFMDMA_02216	MER0003823	28.095	210	100	3	34	241	17	177	1.38e-09	56.2
MGEFMDMA_02216	MER0001233	21.569	255	147	7	43	291	2	209	3.03e-09	55.5
MGEFMDMA_02216	MER0024891	26.846	149	95	5	158	292	34	182	1.01e-08	55.1
MGEFMDMA_02216	MER0122186	41.270	63	37	0	33	95	12	74	5.39e-08	51.2
MGEFMDMA_02216	MER0011096	26.122	245	122	6	34	269	17	211	1.06e-07	50.4
MGEFMDMA_02216	MER0003386	25.410	244	125	7	34	269	17	211	1.14e-07	50.4
MGEFMDMA_02216	MER0002423	43.548	62	35	0	34	95	17	78	2.08e-07	49.7
MGEFMDMA_02216	MER0001214	25.500	200	95	4	30	224	10	160	7.71e-07	47.8
MGEFMDMA_02216	MER0015259	24.762	210	107	3	34	241	17	177	1.01e-06	47.4
MGEFMDMA_02216	MER0003448	20.623	257	145	6	43	294	2	204	1.02e-06	47.8
MGEFMDMA_02216	MER0002283	40.909	66	39	0	32	97	15	80	1.05e-06	47.4
MGEFMDMA_02216	MER0092828	39.623	53	31	1	43	95	2	53	1.64e-06	45.8
MGEFMDMA_02216	MER0002345	40.323	62	37	0	34	95	17	78	3.07e-06	46.2
MGEFMDMA_02216	MER0188967	21.257	334	217	10	150	456	26	340	8.11e-06	46.2
