IHMLHIMJ_00004	MER0060647	39.674	368	189	10	11	362	1	351	1.02e-73	229
IHMLHIMJ_00004	MER0078640	37.190	363	200	10	11	361	1	347	2.08e-67	213
IHMLHIMJ_00004	MER0044812	42.982	228	114	4	149	363	11	235	6.78e-55	177
IHMLHIMJ_00004	MER0043540	41.294	201	114	2	166	365	27	224	6.16e-51	167
IHMLHIMJ_00004	MER0045945	40.686	204	116	4	162	365	15	213	1.25e-48	160
IHMLHIMJ_00004	MER0046161	39.450	218	113	4	162	365	33	245	5.35e-47	158
IHMLHIMJ_00004	MER0115185	51.724	145	68	1	216	360	1	143	3.76e-46	151
IHMLHIMJ_00004	MER0436691	32.453	265	138	4	102	362	14	241	2.30e-43	148
IHMLHIMJ_00004	MER0044882	27.160	162	95	6	202	347	2	156	1.96e-10	56.2
IHMLHIMJ_00004	MER0045094	25.926	162	110	5	193	347	26	184	1.07e-08	52.4
IHMLHIMJ_00004	MER0044622	28.090	178	108	8	193	357	40	210	9.18e-07	46.6
IHMLHIMJ_00004	MER0043195	26.623	154	97	6	223	361	54	206	2.25e-06	45.4
IHMLHIMJ_00004	MER0044619	29.677	155	78	6	223	362	56	194	3.13e-06	44.7
IHMLHIMJ_00004	MER0043537	21.875	192	96	6	193	357	14	178	3.92e-06	43.9
IHMLHIMJ_00004	MER0045886	26.437	174	113	6	183	348	14	180	5.09e-06	43.9
IHMLHIMJ_00073	MER0001313	27.660	188	84	5	11	198	17	152	3.06e-06	42.7
IHMLHIMJ_00077	MER0003380	34.298	242	149	5	125	366	6	237	1.72e-42	146
IHMLHIMJ_00077	MER0069741	39.041	146	82	4	223	366	28	168	9.54e-24	94.4
IHMLHIMJ_00077	MER0013541	44.706	85	47	0	267	351	1	85	1.48e-21	85.5
IHMLHIMJ_00077	MER0066182	37.190	121	71	2	243	362	72	188	5.27e-16	73.2
IHMLHIMJ_00077	MER0387040	39.175	97	58	1	267	362	1	97	4.47e-15	67.8
IHMLHIMJ_00077	MER0003423	34.314	102	65	1	267	366	32	133	8.03e-15	68.2
IHMLHIMJ_00077	MER0003376	37.391	115	55	4	262	360	40	153	2.68e-14	67.4
IHMLHIMJ_00077	MER0001419	36.047	86	53	1	267	350	32	117	8.11e-13	62.4
IHMLHIMJ_00077	MER0003906	35.632	87	52	2	267	350	1	86	4.90e-11	56.6
IHMLHIMJ_00077	MER0015415	31.250	112	61	4	269	375	66	166	3.60e-08	49.7
IHMLHIMJ_00077	MER0005300	34.409	93	61	0	268	360	66	158	2.43e-06	44.3
IHMLHIMJ_00077	MER0025070	31.731	104	62	3	265	359	4	107	2.78e-06	43.1
IHMLHIMJ_00085	MER0014135	44.569	267	146	2	183	448	1	266	1.43e-76	237
IHMLHIMJ_00104	MER0001266	25.333	300	193	13	101	388	72	352	1.10e-09	56.6
IHMLHIMJ_00104	MER0369336	24.430	307	194	12	101	393	1	283	1.32e-09	55.8
IHMLHIMJ_00104	MER0028941	23.343	347	232	13	63	393	7	335	7.13e-08	50.8
IHMLHIMJ_00104	MER0003369	22.876	153	96	3	48	187	11	154	1.89e-06	46.2
IHMLHIMJ_00104	MER0003798	23.513	353	231	15	101	428	84	422	3.53e-06	45.8
IHMLHIMJ_00108	MER0003339	21.627	541	392	11	276	796	1	529	6.93e-28	115
IHMLHIMJ_00108	MER0006198	22.430	535	355	16	276	783	1	502	5.59e-21	94.4
IHMLHIMJ_00108	MER0003306	23.485	264	176	7	276	528	1	249	6.76e-13	68.6
IHMLHIMJ_00108	MER0035254	21.811	541	344	18	276	767	1	511	1.24e-11	64.7
IHMLHIMJ_00117	MER0006198	26.257	537	342	16	198	709	1	508	9.06e-37	142
IHMLHIMJ_00117	MER0035254	22.939	558	359	20	198	709	1	533	6.31e-21	94.0
IHMLHIMJ_00117	MER0003306	25.000	256	169	9	198	442	1	244	2.25e-11	63.5
IHMLHIMJ_00117	MER0030255	21.897	580	346	27	198	709	1	541	7.97e-06	45.8
IHMLHIMJ_00133	MER0034539	55.882	204	90	0	2	205	1	204	6.05e-78	241
IHMLHIMJ_00133	MER0033254	32.031	256	135	9	2	226	1	248	8.41e-26	103
IHMLHIMJ_00133	MER0003327	24.631	203	107	7	2	165	1	196	5.51e-06	44.7
IHMLHIMJ_00167	MER0014418	29.009	424	242	9	26	442	4	375	6.61e-47	163
IHMLHIMJ_00167	MER0002013	31.061	264	157	10	52	301	30	282	5.26e-17	79.3
IHMLHIMJ_00167	MER0002655	24.911	281	185	10	36	301	7	276	3.89e-13	67.4
IHMLHIMJ_00167	MER0002664	29.518	166	102	5	34	197	2	154	2.26e-12	64.3
IHMLHIMJ_00167	MER0005155	26.042	288	181	12	40	307	11	286	1.27e-11	62.8
IHMLHIMJ_00167	MER0003581	29.630	243	155	7	84	313	1	240	5.57e-11	60.5
IHMLHIMJ_00167	MER0005163	28.302	159	101	4	52	206	21	170	3.03e-10	57.8
IHMLHIMJ_00167	MER0005173	31.915	141	89	4	52	191	14	148	6.91e-09	54.3
IHMLHIMJ_00167	MER0021873	35.294	102	47	2	100	198	3	88	8.88e-09	52.4
IHMLHIMJ_00182	MER0026494	32.211	475	292	8	5	459	9	473	5.94e-73	234
IHMLHIMJ_00182	MER0015142	32.558	473	295	7	5	459	38	504	3.63e-71	231
IHMLHIMJ_00182	MER0026471	31.381	478	290	9	7	458	12	477	6.70e-71	229
IHMLHIMJ_00182	MER0003397	33.173	208	121	5	2	197	7	208	2.68e-24	99.8
IHMLHIMJ_00182	MER0003397	31.313	99	65	1	361	459	213	308	1.95e-10	58.5
IHMLHIMJ_00182	MER0026485	29.902	204	123	6	7	197	11	207	2.39e-20	88.2
IHMLHIMJ_00182	MER0026485	31.579	95	64	1	361	454	212	306	1.07e-09	56.2
IHMLHIMJ_00182	MER0052470	22.991	448	311	13	29	459	33	463	2.22e-19	87.0
IHMLHIMJ_00182	MER0057434	29.146	199	122	5	5	190	1	193	1.11e-16	77.4
IHMLHIMJ_00182	MER0057434	34.314	102	64	1	359	460	202	300	6.68e-10	57.0
IHMLHIMJ_00182	MER0001272	32.727	165	82	7	20	175	11	155	1.38e-12	64.7
IHMLHIMJ_00182	MER0033183	26.289	194	122	7	22	205	21	203	2.58e-06	45.8
IHMLHIMJ_00187	MER0005900	31.234	381	219	11	49	411	22	377	1.77e-41	148
IHMLHIMJ_00202	MER0001284	32.468	154	89	4	65	216	4	144	7.36e-17	77.0
IHMLHIMJ_00202	MER0004514	30.909	110	73	2	109	216	36	144	3.72e-11	60.1
IHMLHIMJ_00202	MER0100667	34.862	109	59	3	109	213	24	124	1.05e-09	55.5
IHMLHIMJ_00202	MER0005239	24.786	234	142	8	109	334	69	276	4.20e-06	45.1
IHMLHIMJ_00203	MER0168983	27.564	156	88	5	274	421	1	139	2.81e-12	62.0
IHMLHIMJ_00203	MER0002060	24.413	213	143	6	243	441	4	212	2.74e-11	60.5
IHMLHIMJ_00203	MER0005331	25.962	208	130	8	246	436	2	202	3.26e-10	57.0
IHMLHIMJ_00203	MER0168177	26.786	168	105	5	274	436	1	155	6.95e-10	55.1
IHMLHIMJ_00203	MER0019754	25.683	183	116	5	270	436	9	187	1.52e-09	54.7
IHMLHIMJ_00203	MER0002968	22.727	220	134	7	241	437	2	208	2.84e-09	54.3
IHMLHIMJ_00203	MER0011401	27.711	166	86	7	289	429	39	195	4.53e-09	53.5
IHMLHIMJ_00203	MER0000997	27.692	130	78	3	326	440	85	213	5.68e-09	53.5
IHMLHIMJ_00203	MER0003916	27.778	126	79	3	326	444	70	190	1.64e-08	51.6
IHMLHIMJ_00203	MER0011371	25.000	128	75	3	325	436	81	203	3.32e-08	50.8
IHMLHIMJ_00203	MER0001012	26.596	188	119	7	243	415	4	187	3.86e-08	50.8
IHMLHIMJ_00203	MER0011423	27.000	200	107	9	264	435	16	204	5.90e-08	50.4
IHMLHIMJ_00203	MER0002003	27.094	203	130	8	249	436	10	209	6.36e-08	50.4
IHMLHIMJ_00203	MER0011345	23.041	217	134	7	252	449	19	221	1.78e-07	49.3
IHMLHIMJ_00203	MER0002755	24.528	212	126	6	249	440	5	202	2.25e-07	48.5
IHMLHIMJ_00203	MER0004243	26.230	183	111	6	259	422	17	194	2.81e-07	48.5
IHMLHIMJ_00203	MER0015166	24.800	125	83	2	326	439	102	226	6.84e-07	47.4
IHMLHIMJ_00203	MER0012283	25.792	221	125	9	250	449	17	219	1.32e-06	46.2
IHMLHIMJ_00203	MER0019759	26.804	194	112	8	263	436	19	202	1.40e-06	46.6
IHMLHIMJ_00203	MER0011440	24.194	124	82	3	326	438	81	203	1.55e-06	46.2
IHMLHIMJ_00203	MER0011370	23.438	192	117	6	270	441	26	207	1.89e-06	45.8
IHMLHIMJ_00203	MER0002746	26.738	187	110	8	253	420	9	187	3.06e-06	45.4
IHMLHIMJ_00203	MER0001017	22.422	223	135	9	249	449	16	222	3.68e-06	45.4
IHMLHIMJ_00203	MER0011183	25.806	124	71	5	329	436	77	195	3.68e-06	45.1
IHMLHIMJ_00203	MER0011438	25.600	125	79	5	326	436	81	205	4.39e-06	44.7
IHMLHIMJ_00203	MER0011720	23.204	181	118	4	246	417	7	175	4.52e-06	44.7
IHMLHIMJ_00203	MER0011369	23.214	224	139	9	235	436	5	217	4.88e-06	44.7
IHMLHIMJ_00203	MER0002422	29.907	107	62	5	326	422	81	184	7.16e-06	43.9
IHMLHIMJ_00203	MER0001005	24.409	127	84	2	326	440	47	173	7.75e-06	43.5
IHMLHIMJ_00222	MER0000589	64.865	37	13	0	477	513	192	228	5.95e-11	59.7
IHMLHIMJ_00222	MER0000589	28.689	122	44	3	141	262	1	79	4.23e-08	51.2
IHMLHIMJ_00222	MER0013626	41.860	43	25	0	471	513	103	145	9.98e-09	51.6
IHMLHIMJ_00222	MER0055964	29.213	89	50	2	432	507	53	141	5.00e-08	49.3
IHMLHIMJ_00222	MER0004537	32.639	144	65	8	142	279	2	119	4.07e-07	47.4
IHMLHIMJ_00222	MER0015620	25.000	140	89	3	382	507	4	141	1.32e-06	45.4
IHMLHIMJ_00222	MER0003273	33.673	98	54	3	428	515	62	158	2.06e-06	45.1
IHMLHIMJ_00222	MER0003269	26.966	89	52	1	432	507	56	144	3.31e-06	44.3
IHMLHIMJ_00224	MER0035036	23.767	223	148	6	2	212	32	244	1.63e-06	45.1
IHMLHIMJ_00225	MER0048181	26.136	176	93	5	22	196	3	142	5.37e-08	47.4
IHMLHIMJ_00225	MER0015472	27.027	185	89	5	25	209	50	188	7.85e-08	47.8
IHMLHIMJ_00225	MER0030047	26.776	183	82	5	25	206	3	134	3.52e-07	45.1
IHMLHIMJ_00225	MER0035036	23.077	195	101	3	8	200	74	221	5.58e-07	45.8
IHMLHIMJ_00225	MER0015473	35.556	90	42	5	129	206	101	186	9.35e-07	44.7
IHMLHIMJ_00225	MER0015458	23.834	193	93	5	18	200	50	198	2.00e-06	44.3
IHMLHIMJ_00225	MER0015633	33.962	53	35	0	18	70	48	100	3.75e-06	43.1
IHMLHIMJ_00225	MER0015462	33.333	48	32	0	18	65	46	93	6.10e-06	42.4
IHMLHIMJ_00225	MER0015459	35.417	48	31	0	18	65	48	95	6.75e-06	42.4
IHMLHIMJ_00268	MER0031614	25.097	259	177	9	5	255	73	322	1.20e-12	63.5
IHMLHIMJ_00268	MER0031617	23.507	268	180	8	2	249	22	284	1.66e-10	57.0
IHMLHIMJ_00268	MER0014065	34.118	85	54	1	29	113	48	130	1.50e-09	54.3
IHMLHIMJ_00268	MER0017033	25.301	249	152	11	18	248	67	299	2.14e-09	53.9
IHMLHIMJ_00268	MER0017177	28.037	107	74	2	7	112	26	130	4.91e-09	52.8
IHMLHIMJ_00268	MER0036057	24.803	254	151	11	16	248	63	297	1.22e-07	48.5
IHMLHIMJ_00268	MER0210990	33.784	74	47	1	40	113	56	127	1.70e-06	45.1
IHMLHIMJ_00268	MER0036076	23.984	246	152	12	18	247	65	291	3.03e-06	44.3
IHMLHIMJ_00268	MER0043008	24.038	104	79	0	12	115	18	121	5.24e-06	43.5
IHMLHIMJ_00268	MER0033259	32.203	118	75	4	1	116	19	133	6.71e-06	43.1
IHMLHIMJ_00349	MER0001423	63.362	232	85	0	480	711	1	232	7.90e-108	324
IHMLHIMJ_00349	MER0000399	43.678	261	139	5	457	713	1	257	1.28e-62	207
IHMLHIMJ_00349	MER0000401	43.460	237	127	5	481	713	26	259	8.14e-58	194
IHMLHIMJ_00349	MER0000405	39.405	269	146	8	457	712	2	266	3.96e-57	192
IHMLHIMJ_00349	MER0058228	37.344	241	148	3	477	715	3	242	5.64e-52	177
IHMLHIMJ_00349	MER0005196	35.102	245	156	2	468	710	7	250	2.64e-50	173
IHMLHIMJ_00349	MER0011413	36.709	237	144	3	481	712	4	239	6.37e-50	171
IHMLHIMJ_00349	MER0004504	38.865	229	128	5	484	702	2	228	2.08e-49	170
IHMLHIMJ_00349	MER0011231	39.313	262	145	8	457	710	1	256	2.56e-49	171
IHMLHIMJ_00349	MER0011305	41.350	237	130	6	484	715	23	255	1.71e-48	168
IHMLHIMJ_00349	MER0013484	38.991	218	129	2	481	694	4	221	4.99e-48	166
IHMLHIMJ_00349	MER0005987	37.037	243	143	6	476	713	23	260	2.60e-47	165
IHMLHIMJ_00349	MER0000404	34.340	265	163	7	457	713	1	262	3.15e-43	154
IHMLHIMJ_00349	MER0004923	35.470	234	147	2	483	712	57	290	9.01e-42	150
IHMLHIMJ_00349	MER0005994	31.559	263	172	5	457	713	2	262	1.62e-38	140
IHMLHIMJ_00349	MER0004921	32.353	238	146	6	481	710	4	234	2.65e-38	139
IHMLHIMJ_00349	MER0004193	34.454	238	149	5	481	715	3	236	3.24e-37	136
IHMLHIMJ_00349	MER0192427	33.023	215	135	4	484	694	69	278	1.81e-36	135
IHMLHIMJ_00349	MER0000403	29.528	254	169	6	464	710	7	257	4.07e-35	131
IHMLHIMJ_00349	MER0195666	34.597	211	126	5	481	683	1	207	5.48e-33	124
IHMLHIMJ_00349	MER0004199	32.068	237	133	9	488	712	1	221	9.59e-31	117
IHMLHIMJ_00349	MER0003361	30.594	219	133	8	482	692	20	227	4.70e-27	107
IHMLHIMJ_00349	MER0005988	30.000	110	76	1	586	694	2	111	2.67e-14	66.6
IHMLHIMJ_00349	MER0005807	25.854	205	141	4	494	694	62	259	1.60e-12	65.5
IHMLHIMJ_00349	MER0003558	23.364	214	150	4	494	699	39	246	1.58e-10	59.3
IHMLHIMJ_00349	MER0034615	23.707	232	163	5	473	694	3	230	1.86e-09	55.8
IHMLHIMJ_00349	MER0030932	26.570	207	122	7	523	714	54	245	3.57e-09	55.1
IHMLHIMJ_00349	MER0140224	26.415	212	137	4	495	693	13	218	5.45e-09	54.3
IHMLHIMJ_00349	MER0017401	25.221	226	153	7	476	693	2	219	2.06e-08	52.4
IHMLHIMJ_00349	MER0000263	23.932	234	152	7	477	694	2	225	2.16e-08	52.4
IHMLHIMJ_00349	MER0004925	24.691	243	161	7	476	703	15	250	8.53e-07	47.8
IHMLHIMJ_00349	MER0016096	20.161	248	179	6	477	710	2	244	1.30e-06	47.0
IHMLHIMJ_00349	MER0015682	23.451	226	163	4	491	712	87	306	3.98e-06	46.2
IHMLHIMJ_00349	MER0011583	23.636	220	136	7	491	692	19	224	5.26e-06	45.4
IHMLHIMJ_00368	MER0001198	28.358	134	75	4	49	161	15	148	1.02e-09	56.6
IHMLHIMJ_00368	MER0015121	25.000	196	114	8	49	213	15	208	1.44e-08	53.1
IHMLHIMJ_00368	MER0003817	29.545	132	72	6	51	161	17	148	8.84e-08	50.4
IHMLHIMJ_00368	MER0004959	26.087	138	78	5	41	161	14	144	4.34e-07	48.5
IHMLHIMJ_00368	MER0002356	31.250	128	71	3	51	161	17	144	4.60e-07	48.1
IHMLHIMJ_00368	MER0003495	27.586	116	67	3	63	161	29	144	1.83e-06	46.6
IHMLHIMJ_00368	MER0001202	28.169	142	69	7	68	177	34	174	2.09e-06	46.6
IHMLHIMJ_00368	MER0001608	25.000	128	79	4	51	161	15	142	3.14e-06	45.8
IHMLHIMJ_00368	MER0011260	28.571	126	68	5	55	161	22	144	5.35e-06	45.1
IHMLHIMJ_00368	MER0107602	31.461	89	58	3	92	177	63	151	9.29e-06	44.3
IHMLHIMJ_00382	MER0015473	33.562	146	85	3	48	181	37	182	2.88e-15	68.6
IHMLHIMJ_00382	MER0015462	34.194	155	94	5	39	193	39	185	1.44e-13	63.5
IHMLHIMJ_00382	MER0048181	30.556	144	82	3	48	175	1	142	1.15e-10	54.7
IHMLHIMJ_00382	MER0015632	27.895	190	117	4	10	189	6	185	8.05e-10	53.5
IHMLHIMJ_00382	MER0015472	26.490	151	106	2	48	194	45	194	9.75e-09	50.4
IHMLHIMJ_00382	MER0015458	24.339	189	120	4	42	210	46	231	1.00e-08	50.8
IHMLHIMJ_00382	MER0017194	30.726	179	112	5	26	195	42	217	2.23e-08	49.7
IHMLHIMJ_00382	MER0094384	28.649	185	104	6	42	211	30	201	6.20e-08	48.1
IHMLHIMJ_00382	MER0015459	33.735	83	51	1	40	122	42	120	4.17e-07	45.8
IHMLHIMJ_00382	MER0030047	28.788	132	92	2	51	180	1	132	2.15e-06	42.7
IHMLHIMJ_00382	MER0003940	28.221	163	87	6	35	176	22	175	6.10e-06	42.4
IHMLHIMJ_00384	MER0005169	31.686	344	224	5	13	353	5	340	8.74e-52	172
IHMLHIMJ_00384	MER0013829	33.433	335	212	6	9	339	1	328	8.02e-51	170
IHMLHIMJ_00384	MER0005472	32.344	337	212	6	10	345	2	323	6.19e-42	146
IHMLHIMJ_00384	MER0004410	30.286	350	223	9	13	352	5	343	1.50e-41	145
IHMLHIMJ_00384	MER0002046	32.258	310	189	9	43	349	35	326	2.74e-39	139
IHMLHIMJ_00384	MER0002043	27.446	368	234	9	6	361	10	356	5.92e-34	125
IHMLHIMJ_00384	MER0005160	30.282	284	181	8	65	345	55	324	2.19e-29	112
IHMLHIMJ_00384	MER0022215	25.970	335	218	10	28	352	19	333	6.08e-22	92.4
IHMLHIMJ_00384	MER0002040	26.367	311	204	11	63	360	57	355	3.98e-21	90.1
IHMLHIMJ_00384	MER0025084	22.039	363	235	13	10	350	2	338	1.50e-11	61.6
IHMLHIMJ_00390	MER0013623	55.844	154	67	1	101	254	1	153	9.89e-57	182
IHMLHIMJ_00390	MER0003850	51.429	175	82	3	101	273	3	176	3.47e-54	176
IHMLHIMJ_00390	MER0000268	56.129	155	66	2	101	254	1	154	5.34e-54	175
IHMLHIMJ_00390	MER0004111	56.129	155	67	1	101	254	1	155	6.89e-54	174
IHMLHIMJ_00390	MER0000266	52.564	156	72	2	101	254	1	156	2.89e-47	157
IHMLHIMJ_00390	MER0001372	51.923	156	73	2	101	254	1	156	4.97e-46	154
IHMLHIMJ_00390	MER0004673	37.184	277	139	6	101	353	2	267	5.39e-44	152
IHMLHIMJ_00390	MER0005468	48.428	159	76	3	101	254	1	158	8.20e-44	148
IHMLHIMJ_00390	MER0004149	48.780	164	73	4	101	254	1	163	2.81e-43	147
IHMLHIMJ_00390	MER0003290	49.057	159	73	3	101	254	1	156	8.38e-41	140
IHMLHIMJ_00390	MER0001945	47.170	159	79	2	101	254	1	159	2.04e-38	134
IHMLHIMJ_00390	MER0002577	47.468	158	74	3	101	254	1	153	3.71e-37	130
IHMLHIMJ_00390	MER0028330	48.101	158	73	3	101	254	1	153	4.38e-37	130
IHMLHIMJ_00390	MER0001373	47.468	158	79	3	101	254	1	158	9.07e-37	129
IHMLHIMJ_00390	MER0016351	44.937	158	78	2	101	254	1	153	1.89e-35	125
IHMLHIMJ_00390	MER0022668	42.690	171	81	5	101	254	1	171	7.17e-35	125
IHMLHIMJ_00390	MER0016031	44.910	167	78	4	101	254	1	166	2.60e-34	123
IHMLHIMJ_00390	MER0004086	44.371	151	76	3	111	254	13	162	3.99e-34	122
IHMLHIMJ_00390	MER0003293	46.309	149	78	2	101	248	1	148	1.28e-33	120
IHMLHIMJ_00390	MER0010944	43.860	171	79	4	101	254	1	171	1.58e-33	121
IHMLHIMJ_00390	MER0014795	44.512	164	76	3	101	254	1	159	2.83e-32	117
IHMLHIMJ_00390	MER0004093	43.671	158	80	2	101	254	1	153	4.06e-32	117
IHMLHIMJ_00390	MER0011375	40.625	160	83	5	101	254	1	154	1.39e-27	104
IHMLHIMJ_00390	MER0005093	40.000	160	81	3	101	245	1	160	1.53e-26	102
IHMLHIMJ_00390	MER0015583	42.282	149	74	3	101	237	1	149	1.08e-24	96.7
IHMLHIMJ_00390	MER0006096	38.060	134	76	2	125	254	1	131	5.79e-24	94.0
IHMLHIMJ_00390	MER0063616	34.756	164	85	8	104	254	5	159	6.22e-15	69.3
IHMLHIMJ_00390	MER0005094	32.215	149	91	6	109	249	8	154	3.90e-13	63.9
IHMLHIMJ_00390	MER0014317	30.137	146	92	6	112	249	10	153	2.35e-10	55.8
IHMLHIMJ_00390	MER0005090	35.036	137	78	7	101	229	1	134	2.43e-09	53.1
IHMLHIMJ_00390	MER0014318	36.029	136	71	8	101	226	1	130	2.71e-09	52.8
IHMLHIMJ_00390	MER0014314	33.846	130	76	6	101	223	1	127	2.49e-08	50.1
IHMLHIMJ_00390	MER0024901	31.250	144	84	9	101	235	1	138	1.84e-07	47.4
IHMLHIMJ_00390	MER0005089	30.827	133	82	6	101	226	1	130	1.85e-06	44.7
IHMLHIMJ_00390	MER0145078	36.250	80	43	4	184	255	161	240	9.84e-06	43.5
IHMLHIMJ_00407	MER0014418	23.474	426	267	10	37	458	4	374	4.81e-21	92.0
IHMLHIMJ_00407	MER0002013	26.103	272	176	12	57	316	24	282	9.78e-10	57.4
IHMLHIMJ_00407	MER0002659	24.809	262	180	8	57	311	24	275	1.96e-09	56.2
IHMLHIMJ_00407	MER0002014	23.099	355	222	12	57	382	24	356	1.04e-08	53.9
IHMLHIMJ_00407	MER0015354	30.000	170	105	7	57	223	24	182	1.31e-07	50.1
IHMLHIMJ_00407	MER0005155	25.000	232	156	8	95	316	53	276	1.84e-06	47.0
IHMLHIMJ_00407	MER0003581	24.092	303	202	9	95	375	1	297	4.16e-06	45.8
IHMLHIMJ_00446	MER0005764	29.412	153	86	7	80	225	39	176	1.90e-07	50.1
IHMLHIMJ_00446	MER0005778	27.869	183	110	7	67	240	27	196	3.85e-07	48.9
IHMLHIMJ_00446	MER0004682	25.263	190	117	8	63	244	24	196	5.03e-07	48.5
IHMLHIMJ_00446	MER0000413	26.087	161	102	5	54	208	26	175	1.22e-06	47.4
IHMLHIMJ_00446	MER0004684	23.280	189	122	7	63	244	24	196	1.28e-06	47.4
IHMLHIMJ_00446	MER0006012	28.148	135	85	4	67	201	21	143	2.79e-06	43.9
IHMLHIMJ_00446	MER0004128	31.250	128	77	4	82	208	603	720	2.86e-06	47.0
IHMLHIMJ_00446	MER0003541	27.612	134	79	6	79	210	40	157	8.63e-06	44.7
IHMLHIMJ_00448	MER0213229	34.667	75	47	2	102	174	16	90	4.09e-07	44.3
IHMLHIMJ_00448	MER0210019	31.000	100	45	4	102	180	1	97	7.00e-06	40.8
IHMLHIMJ_00460	MER0000410	62.105	285	105	2	401	683	1	284	5.95e-123	364
IHMLHIMJ_00460	MER0011872	40.377	265	153	3	419	678	18	282	2.27e-65	214
IHMLHIMJ_00460	MER0082498	35.943	281	154	7	421	675	3	283	7.04e-51	175
IHMLHIMJ_00460	MER0005694	33.579	271	170	4	415	680	14	279	6.65e-43	153
IHMLHIMJ_00460	MER0079308	32.443	262	170	5	418	675	7	265	9.12e-38	139
IHMLHIMJ_00460	MER0022823	30.466	279	177	8	413	678	2	276	2.75e-36	134
IHMLHIMJ_00460	MER0015621	29.066	289	183	6	413	682	12	297	2.52e-34	129
IHMLHIMJ_00460	MER0000392	29.455	275	179	5	413	675	2	273	1.84e-33	127
IHMLHIMJ_00460	MER0004227	33.929	224	144	3	423	643	28	250	1.91e-33	127
IHMLHIMJ_00460	MER0002490	28.763	299	179	7	413	682	12	305	2.26e-33	127
IHMLHIMJ_00460	MER0003229	32.031	256	162	5	427	678	24	271	3.33e-33	125
IHMLHIMJ_00460	MER0082653	32.743	226	131	7	430	637	18	240	4.45e-33	125
IHMLHIMJ_00460	MER0011450	30.350	257	165	5	413	658	2	255	8.26e-33	124
IHMLHIMJ_00460	MER0000398	31.679	262	165	6	417	677	3	251	9.30e-33	124
IHMLHIMJ_00460	MER0325901	31.955	266	173	6	416	675	3	266	1.19e-32	124
IHMLHIMJ_00460	MER0981959	28.114	281	179	6	414	675	2	278	3.23e-29	114
IHMLHIMJ_00486	MER0000474	60.360	111	44	0	1	111	94	204	3.08e-44	140
IHMLHIMJ_00486	MER0005687	54.464	112	51	0	1	112	98	209	1.44e-41	133
IHMLHIMJ_00486	MER0006056	49.091	110	56	0	1	110	98	207	1.47e-36	120
IHMLHIMJ_00486	MER0006046	50.000	110	55	0	1	110	94	203	2.41e-36	120
IHMLHIMJ_00486	MER0002211	50.450	111	55	0	1	111	94	204	2.18e-35	117
IHMLHIMJ_00486	MER0006063	49.091	110	56	0	1	110	95	204	3.30e-35	117
IHMLHIMJ_00486	MER0004857	47.273	110	58	0	1	110	94	203	7.95e-33	110
IHMLHIMJ_00486	MER0004847	52.679	112	52	1	1	111	94	205	8.77e-31	105
IHMLHIMJ_00486	MER0002299	45.872	109	59	0	1	109	88	196	9.46e-30	102
IHMLHIMJ_00486	MER0004855	42.727	110	63	0	1	110	96	205	3.19e-29	101
IHMLHIMJ_00486	MER0011666	43.750	112	61	2	1	110	74	185	4.10e-28	98.6
IHMLHIMJ_00486	MER0006308	39.823	113	67	1	1	112	84	196	1.56e-26	94.7
IHMLHIMJ_00486	MER0004182	37.273	110	69	0	1	110	90	199	1.76e-23	87.0
IHMLHIMJ_00494	MER0065588	44.330	194	104	4	4	193	3	196	2.08e-45	145
IHMLHIMJ_00508	MER0028025	48.837	86	43	1	93	178	162	246	1.21e-21	85.5
IHMLHIMJ_00523	MER0001244	38.403	263	146	7	174	422	1	261	2.64e-52	173
IHMLHIMJ_00523	MER0013463	35.521	259	155	3	175	422	2	259	3.53e-46	157
IHMLHIMJ_00523	MER0028601	32.472	271	156	10	174	422	1	266	6.43e-40	140
IHMLHIMJ_00523	MER0001733	29.603	277	149	5	174	405	1	276	5.73e-39	139
IHMLHIMJ_00523	MER0004931	32.911	237	136	6	174	406	1	218	2.16e-34	125
IHMLHIMJ_00523	MER0001248	32.129	249	120	7	222	423	7	253	2.52e-31	117
IHMLHIMJ_00523	MER0004532	31.915	235	132	6	174	402	1	213	1.41e-30	114
IHMLHIMJ_00523	MER0005462	28.862	246	150	7	174	415	1	225	3.21e-29	110
IHMLHIMJ_00523	MER0005715	29.310	232	141	6	175	400	2	216	2.26e-23	95.1
IHMLHIMJ_00523	MER0002038	28.889	180	103	7	231	405	59	218	9.66e-16	73.2
IHMLHIMJ_00523	MER0001250	26.978	278	145	11	176	402	3	273	1.96e-15	73.2
IHMLHIMJ_00523	MER0027437	26.639	244	137	13	174	397	1	222	5.40e-12	62.4
IHMLHIMJ_00523	MER0004321	25.670	261	147	14	171	410	1	235	6.22e-11	59.3
IHMLHIMJ_00523	MER0002039	29.189	185	98	9	228	401	61	223	3.49e-10	57.0
IHMLHIMJ_00523	MER0013929	22.831	219	138	6	178	384	5	204	1.73e-08	52.0
IHMLHIMJ_00523	MER0013589	24.883	213	137	8	178	382	1	198	7.32e-08	50.1
IHMLHIMJ_00564	MER0035017	26.932	427	234	14	585	965	1	395	5.91e-37	140
IHMLHIMJ_00564	MER0004090	29.798	396	214	19	577	939	1	365	1.53e-32	127
IHMLHIMJ_00564	MER0003800	27.068	399	225	14	575	939	6	372	5.75e-25	105
IHMLHIMJ_00564	MER0026262	22.193	374	227	14	586	940	2	330	6.96e-07	49.3
IHMLHIMJ_00564	MER0006204	29.310	116	77	3	586	697	6	120	3.40e-06	47.0
IHMLHIMJ_00575	MER0005694	53.285	274	127	1	111	384	1	273	1.03e-101	300
IHMLHIMJ_00575	MER0015621	53.957	278	111	4	123	384	13	289	6.43e-101	299
IHMLHIMJ_00575	MER0000392	51.761	284	123	5	123	395	3	283	8.53e-101	298
IHMLHIMJ_00575	MER0022823	53.358	268	118	6	123	384	3	269	1.40e-94	282
IHMLHIMJ_00575	MER0079308	52.239	268	120	5	126	389	6	269	3.70e-94	281
IHMLHIMJ_00575	MER0981959	49.821	279	122	5	122	384	1	277	1.02e-91	275
IHMLHIMJ_00575	MER0002490	48.601	286	122	5	123	384	13	297	3.03e-90	272
IHMLHIMJ_00575	MER0011450	52.030	271	119	5	123	384	3	271	3.21e-90	271
IHMLHIMJ_00575	MER0325901	44.891	274	146	5	123	392	1	273	9.73e-73	226
IHMLHIMJ_00575	MER0000398	46.008	263	129	7	127	389	4	253	6.57e-68	213
IHMLHIMJ_00575	MER0003229	40.889	225	129	3	123	346	11	232	9.99e-51	169
IHMLHIMJ_00575	MER0000410	32.584	267	175	3	123	386	13	277	7.51e-44	151
IHMLHIMJ_00575	MER0011872	30.741	270	181	3	126	390	16	284	4.34e-34	125
IHMLHIMJ_00575	MER0082498	28.571	252	157	5	137	365	12	263	1.34e-26	105
IHMLHIMJ_00575	MER0082653	27.200	250	160	8	137	365	16	264	1.19e-22	94.0
IHMLHIMJ_00575	MER0004227	28.500	200	139	2	137	333	33	231	2.48e-21	90.5
IHMLHIMJ_00575	MER0005807	25.806	248	156	9	130	369	34	261	2.83e-09	54.7
IHMLHIMJ_00575	MER0003558	25.234	214	141	8	160	366	39	240	5.77e-08	50.4
IHMLHIMJ_00575	MER0001920	24.686	239	168	6	152	384	11	243	6.75e-07	47.0
IHMLHIMJ_00575	MER0004923	25.767	163	114	4	125	280	32	194	2.06e-06	45.8
IHMLHIMJ_00575	MER0015682	26.407	231	152	9	158	383	88	305	3.43e-06	45.4
IHMLHIMJ_00575	MER0192427	27.132	129	91	2	155	280	74	202	3.56e-06	45.1
IHMLHIMJ_00601	MER0037236	24.891	229	153	4	5	215	34	261	6.62e-17	74.3
IHMLHIMJ_00601	MER0004146	28.571	238	137	9	3	215	32	261	4.94e-16	72.0
IHMLHIMJ_00601	MER0031611	26.500	200	121	5	45	221	94	290	4.95e-13	63.9
IHMLHIMJ_00601	MER0017033	21.990	191	126	3	42	215	116	300	9.39e-12	60.1
IHMLHIMJ_00601	MER0036068	25.397	189	124	4	42	213	105	293	1.24e-10	57.0
IHMLHIMJ_00601	MER0036076	25.000	184	120	5	42	213	114	291	2.60e-10	55.8
IHMLHIMJ_00601	MER0036057	19.372	191	131	3	42	215	114	298	6.23e-10	54.7
IHMLHIMJ_00601	MER0035973	22.652	181	124	4	45	214	111	286	3.72e-09	52.4
IHMLHIMJ_00601	MER0000437	22.642	212	138	4	37	223	85	295	2.66e-08	50.1
IHMLHIMJ_00601	MER0003537	24.390	205	113	5	50	220	85	281	6.29e-08	48.9
IHMLHIMJ_00601	MER0036054	23.041	217	134	6	32	215	58	274	5.81e-07	45.8
IHMLHIMJ_00601	MER0036073	27.711	166	102	6	63	214	154	315	8.42e-07	45.4
IHMLHIMJ_00601	MER0036059	34.483	58	38	0	156	213	293	350	1.78e-06	44.7
IHMLHIMJ_00634	MER0000485	47.660	235	122	1	304	537	1	235	1.44e-67	216
IHMLHIMJ_00634	MER0000495	44.167	240	125	2	304	534	1	240	1.57e-59	195
IHMLHIMJ_00634	MER0014970	37.634	279	129	3	304	537	1	279	3.73e-59	195
IHMLHIMJ_00634	MER0003443	48.223	197	97	2	341	532	27	223	2.12e-57	188
IHMLHIMJ_00634	MER0004236	48.555	173	87	1	362	534	88	258	1.46e-50	171
IHMLHIMJ_00634	MER0003442	48.295	176	88	1	362	534	43	218	7.75e-50	168
IHMLHIMJ_00634	MER0011056	48.352	182	79	3	362	534	43	218	1.34e-49	167
IHMLHIMJ_00634	MER0000488	36.975	238	138	3	304	535	1	232	4.87e-49	166
IHMLHIMJ_00634	MER0011057	47.159	176	90	1	362	534	43	218	2.21e-47	162
IHMLHIMJ_00634	MER0005837	37.931	232	116	6	305	519	2	222	3.85e-41	146
IHMLHIMJ_00634	MER0000496	41.885	191	105	2	334	519	85	274	7.24e-41	147
IHMLHIMJ_00634	MER0108906	36.638	232	138	4	304	532	1	226	1.83e-38	138
IHMLHIMJ_00634	MER0026213	36.986	146	87	3	390	534	111	252	2.42e-25	102
IHMLHIMJ_00634	MER0017402	34.807	181	106	4	362	537	28	201	1.26e-21	90.5
IHMLHIMJ_00634	MER0003859	31.250	208	129	6	344	546	35	233	3.53e-17	78.2
IHMLHIMJ_00634	MER0003359	27.711	249	135	7	298	533	2	218	5.10e-16	74.7
IHMLHIMJ_00634	MER0017403	38.235	68	42	0	443	510	112	179	1.28e-07	49.7
IHMLHIMJ_00634	MER0000491	24.242	99	75	0	428	526	30	128	5.56e-06	44.3
IHMLHIMJ_00642	MER0036115	31.690	142	80	9	64	190	22	161	3.75e-09	53.1
IHMLHIMJ_00642	MER0035044	27.273	176	99	8	62	225	19	177	1.13e-07	48.9
IHMLHIMJ_00642	MER0035043	30.702	114	71	4	62	169	21	132	3.32e-07	47.4
IHMLHIMJ_00642	MER0036038	22.785	237	141	9	69	274	25	250	1.83e-06	45.1
IHMLHIMJ_00642	MER0044350	25.157	159	99	6	76	226	1	147	2.71e-06	44.3
IHMLHIMJ_00642	MER0035032	27.193	114	75	4	62	169	17	128	3.77e-06	44.3
IHMLHIMJ_00642	MER0035035	28.448	116	75	4	62	171	21	134	4.14e-06	43.9
IHMLHIMJ_00642	MER0066189	26.623	154	102	4	68	214	9	158	5.19e-06	43.5
IHMLHIMJ_00642	MER0045479	21.983	232	149	9	69	274	25	250	5.35e-06	43.5
IHMLHIMJ_00665	MER0004101	26.736	288	139	15	38	320	17	237	3.23e-10	57.8
IHMLHIMJ_00665	MER0011781	25.614	285	146	14	38	320	17	237	5.58e-10	57.0
IHMLHIMJ_00665	MER0011806	25.000	288	144	12	38	320	17	237	2.65e-09	55.1
IHMLHIMJ_00673	MER0069741	32.558	129	57	5	59	187	69	167	5.88e-12	61.2
IHMLHIMJ_00673	MER0003380	32.857	140	62	7	44	183	125	232	4.76e-09	53.9
IHMLHIMJ_00673	MER0013541	32.075	106	35	3	72	171	11	85	1.33e-06	43.9
IHMLHIMJ_00673	MER0003376	29.534	193	73	12	1	182	1	141	2.14e-06	45.1
IHMLHIMJ_00695	MER0017822	55.556	36	16	0	154	189	5	40	2.83e-09	48.1
IHMLHIMJ_00695	MER0036617	54.286	35	16	0	155	189	3	37	3.37e-06	39.7
IHMLHIMJ_00695	MER0018537	42.553	47	21	1	153	193	18	64	5.11e-06	39.7
IHMLHIMJ_00695	MER0054450	64.000	25	9	0	150	174	2	26	6.47e-06	38.9
IHMLHIMJ_00704	MER0005139	31.507	146	78	4	259	391	27	163	7.84e-14	68.9
IHMLHIMJ_00704	MER0015691	34.921	126	70	2	264	389	37	150	1.17e-12	65.1
IHMLHIMJ_00704	MER0004514	36.036	111	61	4	283	389	35	139	3.31e-12	63.5
IHMLHIMJ_00704	MER0001289	24.719	267	167	9	250	508	29	269	9.28e-12	62.4
IHMLHIMJ_00704	MER0001284	36.937	111	60	5	283	389	35	139	1.37e-11	61.6
IHMLHIMJ_00704	MER0015336	26.496	234	148	7	267	496	45	258	2.81e-11	60.8
IHMLHIMJ_00704	MER0194228	26.389	216	129	6	299	508	2	193	2.91e-10	56.6
IHMLHIMJ_00704	MER0005239	33.858	127	71	4	266	389	51	167	3.65e-10	57.8
IHMLHIMJ_00704	MER0100667	27.848	237	131	11	267	494	6	211	4.37e-10	56.6
IHMLHIMJ_00704	MER0005238	38.636	88	46	1	284	371	67	146	7.38e-10	57.0
IHMLHIMJ_00704	MER0002161	33.094	139	81	5	259	395	39	167	1.84e-09	55.8
IHMLHIMJ_00704	MER0037181	30.396	227	127	10	256	481	37	233	3.36e-09	54.7
IHMLHIMJ_00704	MER0002104	33.333	105	62	1	284	388	67	163	9.28e-09	53.5
IHMLHIMJ_00704	MER0005131	25.316	237	149	10	278	503	32	251	1.48e-08	52.8
IHMLHIMJ_00704	MER0005244	34.444	90	49	3	281	369	2	82	4.47e-08	50.4
IHMLHIMJ_00704	MER0002105	24.277	173	102	5	278	444	52	201	5.82e-08	50.8
IHMLHIMJ_00704	MER0001288	24.800	250	154	7	265	503	4	230	2.15e-07	48.9
IHMLHIMJ_00704	MER0005149	33.333	126	71	5	267	390	50	164	2.37e-07	49.3
IHMLHIMJ_00704	MER0005152	32.955	88	51	1	284	371	60	139	5.78e-07	47.8
IHMLHIMJ_00704	MER0026972	26.168	107	72	2	268	374	24	123	2.80e-06	45.4
IHMLHIMJ_00714	MER0005300	44.792	96	50	3	194	288	70	163	3.03e-16	71.6
IHMLHIMJ_00714	MER0003380	36.207	116	66	3	168	283	124	231	1.65e-14	68.6
IHMLHIMJ_00714	MER0069741	33.871	124	75	4	160	283	46	162	5.49e-13	62.8
IHMLHIMJ_00714	MER0066182	38.235	102	59	4	189	288	92	191	1.80e-12	62.0
IHMLHIMJ_00714	MER0387040	38.235	102	59	4	189	288	1	100	1.89e-12	59.7
IHMLHIMJ_00714	MER0003906	34.906	106	62	3	189	288	1	105	4.41e-11	55.8
IHMLHIMJ_00714	MER0003376	31.655	139	78	6	165	287	20	157	2.24e-09	52.4
IHMLHIMJ_00714	MER0013541	34.884	86	55	1	189	274	1	85	2.68e-08	47.8
IHMLHIMJ_00714	MER0003423	37.931	87	51	2	189	273	32	117	5.17e-08	48.1
IHMLHIMJ_00714	MER0001419	37.931	87	51	2	189	273	32	117	1.59e-07	46.6
IHMLHIMJ_00733	MER0001243	39.516	248	148	2	3	248	2	249	1.18e-61	192
IHMLHIMJ_00733	MER0001342	37.959	245	152	0	4	248	3	247	5.60e-54	172
IHMLHIMJ_00733	MER0005690	35.865	237	151	1	12	248	11	246	1.42e-47	155
IHMLHIMJ_00733	MER0015127	36.667	240	151	1	9	248	8	246	1.48e-47	155
IHMLHIMJ_00733	MER0015128	33.871	248	156	4	6	248	3	247	7.22e-44	146
IHMLHIMJ_00733	MER0013589	33.745	243	160	1	6	248	1	242	1.39e-42	142
IHMLHIMJ_00733	MER0013450	29.200	250	175	2	4	251	1	250	5.66e-41	139
IHMLHIMJ_00733	MER0013929	31.855	248	168	1	3	250	2	248	2.00e-40	137
IHMLHIMJ_00733	MER0003880	32.536	209	126	4	11	215	2	199	1.56e-23	94.0
IHMLHIMJ_00733	MER0010972	23.932	234	160	2	15	248	14	229	6.13e-18	77.8
IHMLHIMJ_00733	MER0004931	27.536	207	132	7	5	206	4	197	1.80e-15	70.5
IHMLHIMJ_00733	MER0024896	30.534	131	84	2	124	248	337	466	4.93e-12	62.4
IHMLHIMJ_00733	MER0024896	23.529	136	103	1	6	141	5	139	1.62e-09	54.7
IHMLHIMJ_00733	MER0011746	25.728	206	126	7	15	203	14	209	1.13e-11	60.8
IHMLHIMJ_00733	MER0001244	24.545	220	137	8	5	204	4	214	1.75e-11	59.7
IHMLHIMJ_00733	MER0001728	28.846	208	129	7	15	209	14	215	5.77e-10	55.8
IHMLHIMJ_00733	MER0004532	25.366	205	138	4	5	206	4	196	1.52e-09	53.9
IHMLHIMJ_00733	MER0002038	23.529	170	123	3	65	232	60	224	3.15e-08	50.1
IHMLHIMJ_00733	MER0005462	21.788	179	134	3	5	182	4	177	8.14e-07	45.8
IHMLHIMJ_00733	MER0013463	24.017	229	128	10	5	206	4	213	1.20e-06	45.4
IHMLHIMJ_00735	MER0014983	31.373	153	70	7	69	219	3	122	4.33e-10	53.5
IHMLHIMJ_00735	MER0013458	31.405	121	67	5	81	200	55	160	2.29e-08	49.7
IHMLHIMJ_00735	MER0005742	26.866	134	58	4	66	199	8	101	3.06e-08	47.4
IHMLHIMJ_00740	MER0001009	21.472	163	122	3	412	574	5	161	1.71e-06	46.6
IHMLHIMJ_00740	MER0091680	25.625	160	113	4	421	580	65	218	2.56e-06	46.2
IHMLHIMJ_00745	MER0000474	49.102	167	84	1	15	180	37	203	1.58e-56	174
IHMLHIMJ_00745	MER0011666	46.067	178	93	2	6	180	8	185	3.70e-52	162
IHMLHIMJ_00745	MER0006063	47.024	168	88	1	15	181	38	205	1.82e-51	161
IHMLHIMJ_00745	MER0005687	48.503	167	85	1	15	180	41	207	2.50e-51	161
IHMLHIMJ_00745	MER0004857	47.674	172	90	0	9	180	32	203	5.31e-51	160
IHMLHIMJ_00745	MER0006046	45.833	168	90	1	15	181	37	204	9.86e-51	159
IHMLHIMJ_00745	MER0006056	44.512	164	91	0	19	182	46	209	3.33e-49	155
IHMLHIMJ_00745	MER0002211	47.368	171	89	1	11	180	33	203	3.60e-49	155
IHMLHIMJ_00745	MER0004855	45.833	168	90	1	15	181	39	206	6.43e-48	152
IHMLHIMJ_00745	MER0002299	48.193	166	85	1	15	179	31	196	3.41e-46	147
IHMLHIMJ_00745	MER0006308	39.766	171	101	2	11	179	23	193	5.44e-38	126
IHMLHIMJ_00745	MER0004847	42.857	168	94	2	15	180	37	204	1.39e-36	123
IHMLHIMJ_00745	MER0004182	36.905	168	105	1	15	181	33	200	4.34e-36	122
IHMLHIMJ_00745	MER0001369	41.791	67	39	0	49	115	64	130	5.54e-06	41.2
IHMLHIMJ_00771	MER0012158	33.125	160	57	5	3	113	179	337	7.82e-13	66.2
IHMLHIMJ_00771	MER0003327	47.619	63	33	0	1	63	152	214	2.34e-12	63.5
IHMLHIMJ_00771	MER0185695	38.095	63	39	0	1	63	159	221	3.07e-09	53.9
IHMLHIMJ_00778	MER0005767	31.579	323	170	11	52	367	27	305	8.32e-36	131
IHMLHIMJ_00778	MER0030151	24.311	399	275	13	5	382	2	394	1.79e-16	77.8
IHMLHIMJ_00778	MER0030143	22.637	402	278	14	5	382	2	394	1.37e-15	75.1
IHMLHIMJ_00778	MER0030155	23.383	402	275	13	5	382	2	394	1.01e-14	72.4
IHMLHIMJ_00778	MER0030136	23.134	402	276	13	5	382	2	394	8.11e-14	69.7
IHMLHIMJ_00778	MER0030149	22.886	402	277	15	5	382	2	394	6.79e-12	63.5
IHMLHIMJ_00778	MER0015112	26.190	252	160	10	5	238	2	245	4.76e-10	57.8
IHMLHIMJ_00806	MER0195774	37.288	177	111	0	30	206	1	177	1.31e-39	137
IHMLHIMJ_00806	MER0003448	24.272	206	155	1	30	235	2	206	4.99e-15	71.2
IHMLHIMJ_00806	MER0001233	28.070	228	143	8	30	243	2	222	1.68e-14	69.7
IHMLHIMJ_00806	MER0043985	21.053	228	177	2	30	257	2	226	2.28e-14	69.3
IHMLHIMJ_00806	MER0001229	21.429	210	164	1	30	239	2	210	7.28e-14	67.4
IHMLHIMJ_00806	MER0003543	25.854	205	148	3	30	233	2	203	1.45e-13	66.6
IHMLHIMJ_00806	MER0390687	25.309	162	120	1	37	198	1	161	2.68e-11	58.9
IHMLHIMJ_00806	MER0122186	33.065	124	76	4	30	149	22	142	2.41e-10	57.0
IHMLHIMJ_00806	MER0015259	27.108	166	117	3	24	187	20	183	4.12e-10	56.2
IHMLHIMJ_00806	MER0004423	27.097	155	105	4	66	219	33	180	4.55e-10	56.6
IHMLHIMJ_00806	MER0011096	27.473	182	122	5	12	187	6	183	9.86e-10	55.1
IHMLHIMJ_00806	MER0015090	22.650	234	170	4	30	262	2	225	1.45e-09	55.1
IHMLHIMJ_00806	MER0001218	27.219	169	117	3	29	194	25	190	1.88e-09	54.3
IHMLHIMJ_00806	MER0011292	27.007	137	95	3	46	178	64	199	2.66e-09	54.3
IHMLHIMJ_00806	MER0001214	27.132	129	93	1	29	156	25	153	4.57e-09	52.8
IHMLHIMJ_00806	MER0169735	36.585	82	51	1	29	109	15	96	8.55e-09	52.4
IHMLHIMJ_00806	MER0011744	27.950	161	110	3	30	187	26	183	1.32e-08	52.0
IHMLHIMJ_00806	MER0003386	36.585	82	51	1	30	110	26	107	1.54e-08	51.6
IHMLHIMJ_00806	MER0002423	37.349	83	51	1	29	110	25	107	1.54e-08	51.6
IHMLHIMJ_00806	MER0011192	27.273	132	93	2	56	184	7	138	2.17e-08	50.4
IHMLHIMJ_00806	MER0188967	20.996	281	191	7	66	320	3	278	4.13e-08	52.0
IHMLHIMJ_00806	MER0002283	38.554	83	48	2	29	109	25	106	1.12e-07	49.3
IHMLHIMJ_00806	MER0142407	23.841	302	183	14	66	332	4	293	1.46e-07	49.7
IHMLHIMJ_00806	MER0001222	24.806	129	90	2	25	149	21	146	1.70e-07	48.5
IHMLHIMJ_00806	MER0002345	32.258	93	61	2	24	114	20	112	1.75e-07	48.5
IHMLHIMJ_00806	MER0002008	24.878	205	118	7	30	216	2	188	5.41e-07	47.4
IHMLHIMJ_00806	MER0026957	20.606	165	130	1	55	219	22	185	6.44e-07	47.0
IHMLHIMJ_00806	MER0003823	32.292	96	60	3	24	114	17	112	1.76e-06	45.4
IHMLHIMJ_00806	MER0092828	25.000	124	84	3	30	149	2	120	7.93e-06	42.7
IHMLHIMJ_00811	MER0897124	26.522	230	149	5	249	473	204	418	3.10e-14	71.2
IHMLHIMJ_00811	MER0897124	39.706	68	39	1	32	99	4	69	8.48e-07	47.8
IHMLHIMJ_00811	MER0897124	24.138	145	97	5	105	243	147	284	1.34e-06	47.4
IHMLHIMJ_00811	MER0004469	28.061	196	121	5	259	437	160	352	1.09e-13	69.3
IHMLHIMJ_00811	MER0004469	21.834	229	144	7	32	241	7	219	3.39e-13	67.8
IHMLHIMJ_00811	MER0004480	33.146	178	106	7	36	211	1	167	4.55e-13	67.0
IHMLHIMJ_00811	MER0004468	24.675	231	154	5	248	473	203	418	6.05e-13	67.0
IHMLHIMJ_00811	MER0004468	39.706	68	39	1	32	99	4	69	7.57e-07	48.1
IHMLHIMJ_00811	MER0004468	29.167	96	64	2	105	200	147	238	3.13e-06	46.2
IHMLHIMJ_00811	MER0004474	27.632	152	82	6	3	145	56	188	1.46e-06	47.0
IHMLHIMJ_00811	MER0004471	28.926	121	72	4	31	147	87	197	4.51e-06	45.4
IHMLHIMJ_00824	MER0001295	47.027	185	86	3	367	548	3	178	1.04e-46	160
IHMLHIMJ_00824	MER0003065	40.936	171	85	5	377	545	6	162	8.48e-26	101
IHMLHIMJ_00824	MER0001425	37.838	185	98	6	365	547	1	170	1.88e-25	100
IHMLHIMJ_00824	MER0003413	36.095	169	97	3	377	545	6	163	6.68e-23	93.2
IHMLHIMJ_00824	MER0003514	37.647	170	92	5	377	545	6	162	3.42e-22	91.3
IHMLHIMJ_00824	MER0004196	31.073	177	106	5	377	549	6	170	1.39e-21	89.4
IHMLHIMJ_00824	MER0001297	41.353	133	73	4	377	508	6	134	1.80e-21	89.0
IHMLHIMJ_00824	MER0015684	42.636	129	69	4	377	503	6	131	8.51e-21	87.0
IHMLHIMJ_00824	MER0005714	33.708	178	97	6	377	545	6	171	7.91e-19	81.6
IHMLHIMJ_00824	MER0004195	32.584	178	101	8	377	549	6	169	5.11e-17	76.3
IHMLHIMJ_00824	MER0030235	29.508	183	110	6	377	548	6	180	4.18e-06	44.7
IHMLHIMJ_00838	MER0003336	59.712	139	53	1	181	316	1	139	6.84e-57	178
IHMLHIMJ_00838	MER0011465	43.636	110	58	1	181	290	1	106	1.02e-20	84.0
IHMLHIMJ_00838	MER0017622	33.488	215	119	9	45	238	24	235	1.70e-20	86.3
IHMLHIMJ_00838	MER0003299	45.556	90	49	0	181	270	1	90	1.16e-16	72.8
IHMLHIMJ_00838	MER0003338	32.143	112	68	3	181	290	1	106	3.00e-13	63.2
IHMLHIMJ_00838	MER0003303	32.143	112	67	3	181	291	1	104	3.16e-12	60.1
IHMLHIMJ_00838	MER0013976	31.707	123	70	4	181	302	1	110	5.09e-12	59.3
IHMLHIMJ_00838	MER0034967	25.000	176	101	7	92	241	14	184	5.25e-10	55.1
IHMLHIMJ_00880	MER0006198	26.538	520	309	17	182	657	1	491	4.79e-36	139
IHMLHIMJ_00880	MER0035254	24.680	547	330	20	182	666	1	527	5.66e-28	115
IHMLHIMJ_00880	MER0030255	21.892	539	347	17	182	659	1	526	2.50e-15	76.3
IHMLHIMJ_00880	MER0003339	21.984	373	262	12	182	547	1	351	5.33e-11	62.4
IHMLHIMJ_00880	MER0003306	23.735	257	174	7	223	473	41	281	2.33e-08	53.9
IHMLHIMJ_00884	MER0198917	40.924	303	175	2	1	302	73	372	7.44e-79	262
IHMLHIMJ_00884	MER1054487	41.176	306	167	3	4	302	77	376	2.36e-71	241
IHMLHIMJ_00884	MER0037955	25.641	156	91	5	98	248	132	267	2.60e-06	47.8
IHMLHIMJ_00896	MER0001299	35.795	352	199	6	9	348	231	567	9.81e-53	180
IHMLHIMJ_00896	MER0321345	39.444	180	107	1	96	273	1	180	7.51e-40	136
IHMLHIMJ_00896	MER0011114	42.051	195	104	3	91	280	182	372	8.52e-40	141
IHMLHIMJ_00896	MER0003812	38.889	180	108	1	96	273	1	180	4.02e-39	134
IHMLHIMJ_00896	MER0013957	34.078	179	118	0	96	274	1	179	2.66e-26	100
IHMLHIMJ_00896	MER0044046	32.609	184	123	1	96	279	1	183	5.10e-23	91.7
IHMLHIMJ_00896	MER0001300	34.706	170	102	5	108	273	9	173	3.28e-20	84.0
IHMLHIMJ_00896	MER0001303	26.966	178	129	1	96	273	1	177	2.26e-12	62.0
IHMLHIMJ_00946	MER0035017	27.805	410	241	13	25	401	2	389	1.20e-34	129
IHMLHIMJ_00946	MER0004090	29.058	382	217	14	36	392	20	372	2.13e-32	123
IHMLHIMJ_00946	MER0003800	26.142	394	243	14	13	384	3	370	9.41e-28	110
IHMLHIMJ_00946	MER0354941	25.676	222	126	8	29	236	1	197	6.07e-11	58.5
IHMLHIMJ_00946	MER0011700	23.492	315	218	11	24	332	1	298	6.44e-10	57.0
IHMLHIMJ_00946	MER0122661	21.311	366	237	11	26	382	1	324	1.78e-09	55.5
IHMLHIMJ_00946	MER0026262	21.147	279	185	8	25	298	2	250	1.81e-09	55.8
IHMLHIMJ_00946	MER0140154	21.827	197	134	4	40	230	2	184	3.40e-08	51.6
IHMLHIMJ_00946	MER0006204	26.786	112	78	2	25	133	6	116	1.20e-07	50.1
IHMLHIMJ_00946	MER0000459	23.684	228	129	10	26	242	11	204	1.16e-06	47.0
IHMLHIMJ_00946	MER0192873	25.000	180	97	7	77	242	2	157	4.76e-06	44.3
IHMLHIMJ_00947	MER0036044	30.952	126	76	4	115	239	46	161	2.59e-10	57.8
IHMLHIMJ_00947	MER0031570	30.579	121	73	4	120	239	2	112	2.84e-09	54.3
IHMLHIMJ_00947	MER0033242	35.354	99	53	4	146	240	36	127	1.43e-08	52.8
IHMLHIMJ_00947	MER0034961	34.343	99	53	4	146	241	36	125	2.03e-08	52.4
IHMLHIMJ_00947	MER0078925	35.849	106	59	5	143	244	30	130	2.52e-08	52.0
IHMLHIMJ_00947	MER0033231	35.849	106	59	5	143	244	8	108	3.40e-08	48.9
IHMLHIMJ_00947	MER0036027	28.682	129	79	5	120	247	2	118	3.98e-08	50.8
IHMLHIMJ_00947	MER0036370	26.866	134	80	5	128	253	8	131	4.50e-08	49.7
IHMLHIMJ_00947	MER0034723	29.851	134	82	6	118	244	2	130	5.81e-08	50.8
IHMLHIMJ_00947	MER0034959	32.653	98	56	3	146	241	34	123	1.18e-07	50.1
IHMLHIMJ_00947	MER0033213	35.849	106	59	5	143	244	30	130	1.84e-07	49.3
IHMLHIMJ_00947	MER0033220	35.849	106	59	5	143	244	30	130	2.11e-07	49.3
IHMLHIMJ_00947	MER0033227	26.111	180	102	8	130	283	13	187	3.05e-07	48.9
IHMLHIMJ_00947	MER0033224	34.906	106	60	5	143	244	29	129	3.45e-07	48.5
IHMLHIMJ_00947	MER0033237	33.333	99	49	4	149	240	39	127	2.97e-06	45.4
IHMLHIMJ_00947	MER0029616	29.167	120	70	5	134	241	1	117	4.35e-06	45.4
IHMLHIMJ_00952	MER0026469	30.691	391	266	2	37	423	1	390	5.21e-55	184
IHMLHIMJ_00952	MER0026472	28.916	166	109	4	66	222	30	195	4.29e-14	69.3
IHMLHIMJ_00952	MER0026472	48.000	50	25	1	368	416	242	291	2.73e-06	45.8
IHMLHIMJ_01005	MER0056525	51.082	231	110	2	403	632	1	229	6.25e-80	251
IHMLHIMJ_01005	MER0005496	48.148	243	125	1	403	645	1	242	1.26e-77	245
IHMLHIMJ_01005	MER0011748	51.082	231	110	2	403	632	1	229	1.08e-76	243
IHMLHIMJ_01005	MER0015609	50.000	232	111	2	403	633	1	228	7.97e-76	241
IHMLHIMJ_01005	MER0011224	45.679	243	131	1	403	645	1	242	8.67e-76	241
IHMLHIMJ_01005	MER0023544	44.622	251	138	1	403	653	1	250	3.49e-74	237
IHMLHIMJ_01005	MER0015195	47.619	231	118	3	403	632	1	229	1.94e-68	221
IHMLHIMJ_01005	MER0002605	44.589	231	124	2	403	632	1	228	3.79e-67	218
IHMLHIMJ_01005	MER0015194	43.290	231	126	2	404	632	2	229	6.65e-65	212
IHMLHIMJ_01005	MER0002600	40.928	237	137	2	403	638	1	235	2.94e-64	210
IHMLHIMJ_01005	MER0014306	41.975	243	140	1	403	645	1	242	4.16e-64	210
IHMLHIMJ_01005	MER0171760	39.179	268	156	3	368	632	1	264	4.06e-62	204
IHMLHIMJ_01005	MER0024898	41.810	232	132	3	403	632	1	231	8.73e-58	193
IHMLHIMJ_01005	MER0004454	40.948	232	134	3	403	632	1	231	7.71e-54	182
IHMLHIMJ_01005	MER0015199	43.038	237	127	3	403	631	1	237	1.67e-52	179
IHMLHIMJ_01005	MER0005466	38.819	237	138	4	404	634	2	237	1.04e-51	176
IHMLHIMJ_01005	MER0002602	40.175	229	128	3	404	626	2	227	2.70e-48	167
IHMLHIMJ_01005	MER0002563	36.325	234	139	3	404	627	2	235	5.19e-47	163
IHMLHIMJ_01005	MER0002408	38.034	234	136	5	403	629	1	232	4.60e-45	158
IHMLHIMJ_01005	MER0001620	37.872	235	139	3	403	630	1	235	9.55e-45	158
IHMLHIMJ_01005	MER0011745	35.271	258	142	7	403	652	1	241	4.25e-44	155
IHMLHIMJ_01005	MER0017637	37.021	235	136	4	404	627	2	235	6.57e-44	154
IHMLHIMJ_01005	MER0015197	34.836	244	154	3	415	655	13	254	6.97e-43	152
IHMLHIMJ_01005	MER0015137	32.946	258	148	7	403	652	1	241	2.34e-40	145
IHMLHIMJ_01005	MER0015193	36.481	233	138	5	403	627	1	231	2.55e-39	142
IHMLHIMJ_01005	MER0002608	39.076	238	133	6	404	631	2	237	6.46e-38	139
IHMLHIMJ_01005	MER0005755	37.339	233	134	3	404	633	2	225	8.91e-37	134
IHMLHIMJ_01005	MER0014324	35.526	228	133	4	403	627	1	217	6.29e-36	132
IHMLHIMJ_01005	MER0190705	34.199	231	141	3	404	632	1	222	1.17e-35	131
IHMLHIMJ_01005	MER0190577	32.468	231	142	4	403	630	1	220	3.79e-35	130
IHMLHIMJ_01005	MER0002197	32.766	235	147	3	403	634	1	227	1.62e-34	129
IHMLHIMJ_01005	MER0015690	35.556	225	127	6	403	612	1	222	3.16e-34	128
IHMLHIMJ_01005	MER0011120	36.486	222	129	7	403	612	1	222	2.39e-31	120
IHMLHIMJ_01005	MER0024900	32.143	224	141	4	404	624	2	217	2.59e-30	116
IHMLHIMJ_01005	MER0001246	32.571	175	106	3	421	592	8	173	4.33e-21	87.8
IHMLHIMJ_01005	MER0015204	26.482	253	155	7	404	625	2	254	2.11e-17	80.5
IHMLHIMJ_01019	MER0001266	28.108	370	234	10	44	408	22	364	1.54e-23	98.6
IHMLHIMJ_01019	MER0003798	24.028	283	179	10	24	278	2	276	9.54e-09	53.9
IHMLHIMJ_01019	MER0003775	25.946	185	111	9	35	206	11	182	3.61e-06	45.4
IHMLHIMJ_01020	MER0026494	25.909	440	249	15	84	500	79	464	5.89e-35	133
IHMLHIMJ_01020	MER0026471	24.314	510	308	12	24	502	10	472	6.87e-35	133
IHMLHIMJ_01020	MER0015142	25.121	414	244	8	100	494	124	490	1.75e-29	118
IHMLHIMJ_01020	MER0003397	28.758	153	83	3	84	234	79	207	2.64e-09	55.5
IHMLHIMJ_01020	MER0052470	19.960	506	310	17	38	505	12	460	9.46e-09	54.3
IHMLHIMJ_01038	MER0005244	35.359	181	117	0	3	183	3	183	2.64e-35	120
IHMLHIMJ_01038	MER0005241	35.878	131	74	3	1	121	1	131	1.25e-19	80.9
IHMLHIMJ_01038	MER0004514	36.893	103	57	1	5	99	36	138	1.58e-15	69.7
IHMLHIMJ_01038	MER0002104	37.963	108	62	2	4	106	66	173	5.88e-15	68.6
IHMLHIMJ_01038	MER0001284	35.922	103	58	1	5	99	36	138	6.20e-15	68.2
IHMLHIMJ_01038	MER0005238	37.615	109	61	4	4	106	66	173	2.27e-13	64.3
IHMLHIMJ_01038	MER0005131	30.405	148	82	6	2	137	35	173	8.22e-12	59.3
IHMLHIMJ_01038	MER0002161	26.512	215	133	9	4	197	65	275	9.15e-10	53.9
IHMLHIMJ_01038	MER0015691	35.366	82	52	1	2	82	50	131	3.26e-09	52.0
IHMLHIMJ_01038	MER0005239	34.940	83	52	1	2	82	66	148	5.17e-09	51.6
IHMLHIMJ_01038	MER0005139	33.051	118	70	3	2	112	60	175	6.79e-09	51.2
IHMLHIMJ_01038	MER0005149	32.500	80	52	1	5	82	65	144	1.72e-08	50.1
IHMLHIMJ_01038	MER0001911	33.010	103	65	2	1	102	37	136	2.04e-08	49.7
IHMLHIMJ_01038	MER0015336	33.735	83	50	2	2	81	59	139	4.82e-08	48.9
IHMLHIMJ_01038	MER0001288	34.146	82	51	2	1	82	19	97	5.27e-08	48.5
IHMLHIMJ_01038	MER0100667	30.108	93	59	3	1	90	20	109	1.63e-07	47.0
IHMLHIMJ_01038	MER0001289	26.540	211	127	10	3	195	60	260	1.57e-06	44.3
IHMLHIMJ_01038	MER0037181	32.051	78	52	1	4	81	65	141	1.61e-06	44.3
IHMLHIMJ_01041	MER0003817	27.528	178	89	6	53	225	7	149	3.50e-06	46.6
IHMLHIMJ_01041	MER0003428	28.249	177	79	8	60	225	10	149	5.95e-06	45.8
IHMLHIMJ_01067	MER0011257	22.951	122	72	2	34	152	11	113	3.97e-06	46.2
IHMLHIMJ_01070	MER0045886	40.175	229	132	4	1	226	10	236	9.86e-53	176
IHMLHIMJ_01070	MER0044889	35.931	231	139	5	2	227	16	242	3.57e-43	150
IHMLHIMJ_01070	MER0038086	33.929	224	133	3	5	213	29	252	2.28e-39	140
IHMLHIMJ_01070	MER0042974	36.979	192	110	4	12	194	1	190	4.28e-36	129
IHMLHIMJ_01070	MER0436735	29.167	264	146	5	2	226	1	262	7.95e-34	125
IHMLHIMJ_01070	MER0043387	34.270	178	113	3	20	195	1	176	2.08e-29	110
IHMLHIMJ_01070	MER0043537	31.694	183	118	4	5	183	2	181	8.02e-25	98.6
IHMLHIMJ_01070	MER0044622	33.529	170	101	5	39	203	68	230	5.72e-16	74.7
IHMLHIMJ_01070	MER0043394	32.759	116	75	2	71	184	48	162	2.61e-11	58.9
IHMLHIMJ_01070	MER0043392	28.750	160	110	4	27	184	1	158	4.73e-11	58.5
IHMLHIMJ_01070	MER0045094	27.500	160	102	6	41	194	54	205	2.59e-08	51.6
IHMLHIMJ_01073	MER0437468	39.828	349	193	6	196	529	1	347	4.47e-78	246
IHMLHIMJ_01073	MER0065554	43.893	262	136	3	287	538	8	268	1.08e-75	237
IHMLHIMJ_01073	MER0436717	34.761	397	192	8	196	529	1	393	1.09e-59	199
IHMLHIMJ_01073	MER0031278	28.512	242	103	11	304	515	27	228	8.17e-11	59.3
IHMLHIMJ_01073	MER0043195	21.790	257	149	11	293	537	1	217	1.88e-06	46.2
IHMLHIMJ_01134	MER0044357	26.316	228	136	7	3	202	32	255	1.66e-17	79.7
IHMLHIMJ_01145	MER0195376	33.333	147	82	2	225	355	1	147	1.92e-15	71.2
IHMLHIMJ_01145	MER0003065	25.926	162	109	2	225	385	3	154	2.17e-06	44.7
IHMLHIMJ_01145	MER0001297	27.407	135	84	4	224	356	2	124	6.80e-06	43.5
IHMLHIMJ_01162	MER0042827	54.167	96	44	0	986	1081	1	96	1.96e-28	107
IHMLHIMJ_01170	MER0003380	50.467	107	52	1	196	302	127	232	8.93e-28	105
IHMLHIMJ_01170	MER0069741	41.379	116	66	2	188	303	51	164	4.68e-24	94.0
IHMLHIMJ_01170	MER0013541	51.163	86	41	1	207	292	1	85	8.58e-23	87.8
IHMLHIMJ_01170	MER0003376	43.478	92	46	1	207	292	45	136	3.06e-16	72.4
IHMLHIMJ_01170	MER0003423	40.187	107	63	1	186	291	11	117	2.35e-15	69.3
IHMLHIMJ_01170	MER0001419	39.252	107	64	1	186	291	11	117	1.02e-14	67.4
IHMLHIMJ_01170	MER0015415	37.374	99	56	2	209	301	66	164	2.24e-14	67.0
IHMLHIMJ_01170	MER0387040	37.255	102	62	2	207	307	1	101	3.22e-13	62.0
IHMLHIMJ_01170	MER0066182	35.115	131	71	4	183	307	70	192	1.09e-12	63.2
IHMLHIMJ_01170	MER0003906	34.884	86	55	1	207	291	1	86	7.90e-11	55.5
IHMLHIMJ_01170	MER0005300	33.333	96	63	1	209	304	67	161	2.44e-08	49.7
IHMLHIMJ_01174	MER0001978	43.152	533	293	5	37	562	26	555	3.88e-140	414
IHMLHIMJ_01174	MER0011800	32.613	509	315	12	18	513	7	500	6.90e-79	256
IHMLHIMJ_01174	MER0011811	34.646	508	296	13	13	502	3	492	2.47e-76	249
IHMLHIMJ_01174	MER0001629	32.664	548	338	16	31	562	20	552	2.18e-72	238
IHMLHIMJ_01174	MER0011143	33.809	491	288	15	36	508	25	496	1.91e-69	230
IHMLHIMJ_01174	MER0006124	32.734	556	328	20	32	559	21	558	2.35e-68	228
IHMLHIMJ_01174	MER0003580	34.462	502	306	12	36	525	25	515	2.82e-68	227
IHMLHIMJ_01174	MER0005029	31.540	539	323	17	45	554	1	522	2.03e-67	224
IHMLHIMJ_01174	MER0011215	32.490	514	307	16	36	527	2	497	4.48e-67	223
IHMLHIMJ_01174	MER0005831	32.310	554	320	22	32	554	21	550	7.30e-66	221
IHMLHIMJ_01174	MER0004194	31.461	534	321	19	46	554	1	514	3.78e-61	207
IHMLHIMJ_01174	MER0011211	28.810	538	349	15	22	537	10	535	8.75e-59	202
IHMLHIMJ_01174	MER0002728	31.216	551	330	20	27	540	16	554	5.04e-55	192
IHMLHIMJ_01174	MER0004202	27.748	555	309	13	37	554	9	508	4.44e-51	180
IHMLHIMJ_01174	MER0002720	30.110	455	262	12	44	494	13	415	2.13e-50	177
IHMLHIMJ_01174	MER0001977	29.668	482	302	14	42	495	31	503	4.02e-50	178
IHMLHIMJ_01174	MER0011193	26.981	530	340	16	29	531	15	524	3.81e-40	150
IHMLHIMJ_01174	MER0016970	28.182	550	324	21	30	540	18	535	3.05e-37	142
IHMLHIMJ_01174	MER0094876	27.052	536	346	13	37	554	3	511	2.18e-36	139
IHMLHIMJ_01174	MER0006132	23.015	617	357	16	37	555	26	622	4.08e-25	106
IHMLHIMJ_01174	MER0002718	36.788	193	98	6	323	501	3	185	8.98e-24	95.9
IHMLHIMJ_01174	MER0026204	31.507	219	132	6	31	242	20	227	1.20e-23	96.7
IHMLHIMJ_01174	MER0003440	25.618	445	267	15	24	455	8	401	2.02e-23	99.8
IHMLHIMJ_01174	MER0002721	33.491	212	109	6	371	554	37	244	2.49e-23	96.3
IHMLHIMJ_01174	MER0026205	33.679	193	123	5	371	562	37	225	3.48e-22	92.4
IHMLHIMJ_01174	MER0001976	31.606	193	117	7	371	562	37	215	2.01e-15	72.4
IHMLHIMJ_01174	MER0037241	34.921	126	73	3	122	241	106	228	5.70e-15	71.2
IHMLHIMJ_01174	MER0026207	28.804	184	102	6	371	554	37	191	4.26e-12	62.4
IHMLHIMJ_01174	MER0016605	27.907	172	92	4	31	194	3	150	4.05e-10	58.5
IHMLHIMJ_01174	MER0159283	29.054	148	82	4	31	177	3	128	8.44e-10	57.4
IHMLHIMJ_01186	MER0002007	44.133	392	191	9	24	407	3	374	9.69e-98	295
IHMLHIMJ_01186	MER0002014	35.427	398	233	8	31	424	13	390	4.14e-75	236
IHMLHIMJ_01186	MER0002659	34.951	412	244	8	19	426	1	392	4.76e-75	236
IHMLHIMJ_01186	MER0002655	35.917	387	224	9	35	420	9	372	1.29e-74	235
IHMLHIMJ_01186	MER0002013	37.406	401	220	9	37	426	15	395	2.75e-74	234
IHMLHIMJ_01186	MER0005155	35.844	385	219	9	33	409	8	372	1.18e-65	212
IHMLHIMJ_01186	MER0003770	35.028	354	212	6	34	386	4	340	5.52e-55	184
IHMLHIMJ_01186	MER0005173	29.517	393	245	9	40	425	6	373	4.24e-50	171
IHMLHIMJ_01186	MER0005163	51.479	169	66	4	36	204	9	161	4.55e-47	159
IHMLHIMJ_01186	MER0005163	33.981	103	64	3	322	424	166	264	6.85e-10	56.2
IHMLHIMJ_01186	MER0003815	39.713	209	110	4	19	227	1	193	7.92e-40	141
IHMLHIMJ_01186	MER0003815	30.556	72	50	0	353	424	223	294	4.14e-06	45.1
IHMLHIMJ_01186	MER0015354	38.389	211	102	6	34	232	12	206	1.88e-38	137
IHMLHIMJ_01186	MER0003581	26.496	351	237	8	78	423	1	335	3.52e-27	107
IHMLHIMJ_01186	MER0002664	35.503	169	85	5	31	199	3	147	2.04e-26	104
IHMLHIMJ_01186	MER0014418	29.448	163	77	6	37	191	19	151	2.39e-09	55.5
IHMLHIMJ_01232	MER0044622	39.267	191	106	6	4	188	28	214	5.60e-40	134
IHMLHIMJ_01232	MER0043394	40.000	165	92	4	27	188	2	162	3.44e-37	124
IHMLHIMJ_01232	MER0045094	35.979	189	113	5	4	188	14	198	6.89e-36	122
IHMLHIMJ_01232	MER0044882	35.057	174	102	6	24	189	1	171	2.36e-29	104
IHMLHIMJ_01232	MER0043392	40.141	142	79	3	47	188	23	158	1.54e-28	101
IHMLHIMJ_01232	MER0044619	31.980	197	114	9	3	189	9	195	1.44e-23	90.5
IHMLHIMJ_01232	MER0043537	30.159	189	122	7	4	189	2	183	1.45e-21	84.3
IHMLHIMJ_01232	MER0043195	27.586	203	123	8	5	187	8	206	2.67e-21	85.1
IHMLHIMJ_01232	MER0045095	29.665	209	124	6	4	189	17	225	4.55e-20	82.0
IHMLHIMJ_01232	MER0045945	29.630	162	101	3	16	174	44	195	1.30e-11	58.2
IHMLHIMJ_01232	MER0043387	32.743	113	71	4	77	188	57	165	8.90e-11	55.1
IHMLHIMJ_01232	MER0044889	31.858	113	75	2	76	188	89	199	4.73e-10	53.9
IHMLHIMJ_01232	MER0060647	27.419	186	118	5	3	184	174	346	7.20e-10	53.9
IHMLHIMJ_01232	MER0046161	30.405	148	85	6	43	184	102	237	2.22e-09	52.4
IHMLHIMJ_01232	MER0044812	24.706	170	109	6	16	179	68	224	3.18e-08	48.9
IHMLHIMJ_01232	MER0038086	26.974	152	94	6	47	188	79	223	3.25e-08	48.9
IHMLHIMJ_01232	MER0045886	27.807	187	124	7	4	187	14	192	4.65e-08	48.1
IHMLHIMJ_01232	MER0115185	25.926	135	89	4	42	174	5	130	2.15e-07	45.4
IHMLHIMJ_01232	MER0042974	29.412	119	76	3	74	188	66	180	3.64e-07	45.4
IHMLHIMJ_01232	MER0043540	28.244	131	80	4	47	174	87	206	6.78e-07	45.1
IHMLHIMJ_01297	MER0014418	32.000	425	228	11	21	436	3	375	1.94e-54	183
IHMLHIMJ_01297	MER0002655	26.894	264	173	8	48	298	22	278	1.01e-15	75.5
IHMLHIMJ_01297	MER0002013	31.174	247	144	13	37	268	19	254	9.73e-13	66.2
IHMLHIMJ_01297	MER0002664	29.944	177	95	6	48	218	20	173	6.10e-12	62.8
IHMLHIMJ_01297	MER0002014	26.667	255	164	9	21	265	10	251	1.27e-11	62.8
IHMLHIMJ_01297	MER0015354	31.126	151	96	5	38	186	20	164	1.63e-11	61.6
IHMLHIMJ_01297	MER0003815	31.788	151	95	5	38	186	20	164	1.87e-11	61.6
IHMLHIMJ_01297	MER0021873	35.922	103	48	2	94	193	1	88	4.30e-11	59.3
IHMLHIMJ_01297	MER0002659	27.426	237	156	7	39	265	21	251	5.04e-11	60.8
IHMLHIMJ_01297	MER0005155	25.246	305	193	11	42	326	17	306	8.20e-11	60.5
IHMLHIMJ_01297	MER0005163	26.619	139	98	3	48	186	21	155	3.42e-09	54.3
IHMLHIMJ_01297	MER0003581	29.915	234	147	5	85	303	8	239	8.59e-09	53.9
IHMLHIMJ_01358	MER0014188	37.778	90	50	3	128	216	2	86	1.90e-09	51.2
IHMLHIMJ_01358	MER0002443	37.805	82	48	3	137	216	11	91	1.36e-08	48.9
IHMLHIMJ_01358	MER0001322	32.967	91	51	3	128	216	2	84	1.30e-07	46.2
IHMLHIMJ_01358	MER0024252	29.730	111	68	4	139	243	14	120	2.61e-07	45.4
IHMLHIMJ_01376	MER0005900	27.136	199	114	6	74	247	49	241	1.52e-10	59.3
