NPLLEOLO_00011	MER0018254	39.286	140	81	2	25	160	1	140	9.66e-30	103
NPLLEOLO_00011	MER0138267	35.294	119	71	4	36	149	9	126	2.51e-15	65.5
NPLLEOLO_00011	MER0019949	40.594	101	55	4	53	149	40	139	6.94e-14	62.4
NPLLEOLO_00011	MER0019950	24.088	137	93	4	36	161	10	146	2.31e-07	44.7
NPLLEOLO_00034	MER0004199	27.338	139	74	3	102	213	66	204	8.04e-08	48.1
NPLLEOLO_00077	MER0001025	34.954	329	169	11	246	572	33	318	2.18e-39	144
NPLLEOLO_00077	MER0001026	37.544	285	138	10	290	572	69	315	4.53e-38	140
NPLLEOLO_00077	MER0029719	31.700	347	178	12	233	572	12	306	2.22e-35	132
NPLLEOLO_00077	MER0001032	33.566	286	134	13	289	572	69	300	1.11e-31	122
NPLLEOLO_00077	MER0001029	31.594	345	188	13	233	572	13	314	1.76e-30	119
NPLLEOLO_00077	MER0029961	32.787	305	160	12	284	572	76	351	4.64e-30	118
NPLLEOLO_00077	MER0001047	29.693	293	151	13	283	572	66	306	6.47e-27	108
NPLLEOLO_00077	MER0004711	28.779	344	183	15	233	572	14	299	6.51e-24	99.8
NPLLEOLO_00077	MER0004744	29.693	293	158	11	292	572	64	320	8.76e-23	96.7
NPLLEOLO_00077	MER0002103	31.475	305	155	13	280	572	58	320	2.05e-22	95.5
NPLLEOLO_00077	MER0033481	25.939	293	152	12	298	572	79	324	3.96e-15	73.9
NPLLEOLO_00077	MER0029943	32.500	200	96	6	355	552	112	274	7.88e-15	72.4
NPLLEOLO_00077	MER0002810	33.168	202	102	8	373	573	147	316	1.10e-14	72.4
NPLLEOLO_00077	MER0115298	25.862	290	146	13	302	572	51	290	1.12e-13	68.9
NPLLEOLO_00077	MER0001039	30.732	205	96	9	352	552	134	296	6.25e-13	67.0
NPLLEOLO_00077	MER0091601	31.410	156	80	8	352	497	90	228	1.89e-11	62.4
NPLLEOLO_00077	MER0001045	26.923	260	122	12	302	542	84	294	2.45e-11	62.4
NPLLEOLO_00077	MER0001024	31.217	189	89	7	350	538	115	262	5.70e-11	60.8
NPLLEOLO_00077	MER0001043	26.768	198	110	4	355	552	119	281	8.33e-11	60.5
NPLLEOLO_00077	MER0029796	28.141	199	106	6	355	552	119	281	1.62e-09	56.6
NPLLEOLO_00077	MER0020240	28.638	213	106	7	354	558	112	286	1.81e-09	56.2
NPLLEOLO_00095	MER0214982	24.111	253	148	11	3	218	2	247	4.14e-07	46.2
NPLLEOLO_00105	MER0033259	26.360	239	151	12	11	232	15	245	8.73e-15	68.9
NPLLEOLO_00105	MER0036073	26.407	231	147	7	27	234	80	310	4.08e-08	50.1
NPLLEOLO_00105	MER0014065	24.779	113	82	2	12	121	18	130	2.58e-07	47.8
NPLLEOLO_00105	MER0035041	30.328	122	78	3	10	124	27	148	1.26e-06	45.4
NPLLEOLO_00105	MER0036069	28.926	121	76	6	10	121	61	180	7.88e-06	43.1
NPLLEOLO_00105	MER0017193	27.885	104	75	0	4	107	3	106	8.85e-06	42.7
NPLLEOLO_00105	MER0036115	27.358	106	70	3	24	125	33	135	9.97e-06	42.7
