DBEJMMKH_00005	MER0004775	37.952	664	399	6	16	675	4	658	2.08e-153	456
DBEJMMKH_00005	MER0011141	32.101	676	420	14	29	673	22	689	9.76e-103	325
DBEJMMKH_00005	MER0011838	29.954	651	422	14	38	664	32	672	6.97e-95	304
DBEJMMKH_00005	MER0001056	29.669	664	442	10	29	675	22	677	6.31e-94	302
DBEJMMKH_00005	MER0019832	31.173	648	428	7	30	675	17	648	2.59e-92	296
DBEJMMKH_00005	MER0001991	28.267	658	445	11	26	664	19	668	5.64e-90	291
DBEJMMKH_00005	MER0002350	31.287	684	408	19	37	675	30	696	4.46e-87	284
DBEJMMKH_00005	MER0011159	28.171	678	423	16	37	675	30	682	5.28e-86	281
DBEJMMKH_00005	MER0002988	30.257	661	406	16	37	656	30	676	1.15e-85	280
DBEJMMKH_00005	MER0001050	28.430	707	448	17	14	675	6	699	1.23e-80	267
DBEJMMKH_00005	MER0013406	28.777	695	425	17	29	673	22	696	2.03e-77	258
DBEJMMKH_00005	MER0002062	29.481	675	416	18	37	664	30	691	5.91e-75	252
DBEJMMKH_00005	MER0001059	28.909	550	384	6	33	580	2	546	1.00e-72	242
DBEJMMKH_00005	MER0001058	28.374	652	432	14	33	675	1	626	1.73e-72	243
DBEJMMKH_00005	MER0019831	29.074	540	357	10	153	675	121	651	1.93e-72	244
DBEJMMKH_00005	MER0005528	28.380	673	421	16	32	664	25	676	3.27e-72	244
DBEJMMKH_00005	MER0002997	28.177	543	363	11	153	675	154	689	1.18e-71	243
DBEJMMKH_00005	MER0004762	28.678	673	431	16	37	673	30	689	5.83e-71	241
DBEJMMKH_00005	MER0002285	27.530	672	416	17	29	673	22	649	2.45e-65	224
DBEJMMKH_00005	MER0001365	28.138	494	296	17	216	658	231	716	2.37e-48	178
DBEJMMKH_00005	MER0015175	26.466	597	355	19	153	675	164	750	1.90e-47	176
DBEJMMKH_00005	MER0001054	24.068	644	431	17	62	675	46	661	4.82e-45	167
DBEJMMKH_00005	MER0038668	24.338	604	366	20	148	675	15	603	3.36e-43	161
DBEJMMKH_00005	MER0162857	30.523	344	216	8	337	661	396	735	4.11e-42	160
DBEJMMKH_00005	MER0024834	39.024	164	92	4	499	656	2	163	1.64e-34	126
DBEJMMKH_00005	MER0011433	25.743	505	326	16	192	673	198	676	1.69e-34	136
DBEJMMKH_00005	MER0011432	27.088	491	294	18	204	664	211	667	2.42e-32	130
DBEJMMKH_00005	MER0011427	27.397	365	223	11	342	675	330	683	7.72e-32	128
DBEJMMKH_00005	MER0011355	28.097	331	211	9	356	664	331	656	2.97e-31	126
DBEJMMKH_00005	MER0004778	22.624	747	470	31	12	675	5	726	5.30e-27	113
DBEJMMKH_00005	MER0011430	23.625	491	301	17	204	664	202	648	1.40e-26	112
DBEJMMKH_00005	MER0002993	29.197	274	161	8	342	588	311	578	8.11e-26	109
DBEJMMKH_00005	MER0002990	25.138	362	234	10	324	664	293	638	1.04e-24	105
DBEJMMKH_00005	MER0004761	26.037	434	299	9	244	664	225	649	1.47e-23	102
DBEJMMKH_00005	MER0002987	27.647	340	229	9	335	664	237	569	8.10e-23	99.8
DBEJMMKH_00005	MER0026946	29.464	224	139	6	455	675	47	254	3.33e-20	87.8
DBEJMMKH_00005	MER0015181	25.000	444	283	16	245	664	218	635	6.15e-19	87.8
DBEJMMKH_00005	MER0011195	22.746	488	296	22	215	675	222	655	2.57e-18	85.9
DBEJMMKH_00005	MER0011429	31.683	202	124	7	474	664	452	650	3.64e-18	85.5
DBEJMMKH_00005	MER0002991	25.435	460	274	15	247	664	239	671	9.91e-17	80.9
DBEJMMKH_00005	MER0011151	28.351	194	116	6	469	658	187	361	3.69e-15	74.7
DBEJMMKH_00005	MER0002989	23.134	402	263	14	285	673	272	640	2.32e-14	73.2
DBEJMMKH_00005	MER0002998	19.704	406	262	16	204	585	218	583	3.55e-13	69.3
DBEJMMKH_00005	MER0004763	24.793	242	170	4	356	588	186	424	3.10e-11	62.8
DBEJMMKH_00005	MER0011306	24.091	220	135	6	462	675	453	646	7.27e-11	62.0
DBEJMMKH_00005	MER0002999	41.429	70	39	2	466	533	447	516	8.63e-10	58.5
DBEJMMKH_00005	MER0011486	24.378	201	117	7	354	529	296	486	6.30e-08	52.4
DBEJMMKH_00005	MER0011714	26.519	181	116	8	502	675	82	252	6.16e-07	48.1
DBEJMMKH_00061	MER0000485	44.118	238	132	1	580	816	1	238	9.83e-64	211
DBEJMMKH_00061	MER0014970	46.970	198	100	1	617	809	78	275	1.31e-57	196
DBEJMMKH_00061	MER0000495	40.000	250	133	3	580	816	1	246	1.54e-54	186
DBEJMMKH_00061	MER0003443	47.423	194	97	3	617	805	27	220	7.05e-53	180
DBEJMMKH_00061	MER0003442	41.850	227	121	2	589	812	2	220	1.07e-52	180
DBEJMMKH_00061	MER0011056	45.366	205	97	3	617	812	22	220	1.78e-52	179
DBEJMMKH_00061	MER0000488	38.889	234	133	3	580	808	1	229	1.10e-50	174
DBEJMMKH_00061	MER0011057	44.495	218	100	5	606	812	13	220	2.15e-50	173
DBEJMMKH_00061	MER0004236	48.876	178	83	2	635	809	85	257	2.30e-48	169
DBEJMMKH_00061	MER0000496	42.424	198	107	3	606	797	81	277	4.88e-42	152
DBEJMMKH_00061	MER0108906	39.149	235	136	2	580	812	1	230	1.37e-38	140
DBEJMMKH_00061	MER0005837	32.520	246	145	4	581	809	2	243	5.00e-34	128
DBEJMMKH_00061	MER0026213	35.616	146	91	1	666	811	111	253	3.18e-24	99.8
DBEJMMKH_00061	MER0017402	31.915	188	116	5	633	815	23	203	4.39e-18	80.9
DBEJMMKH_00061	MER0003859	27.313	227	136	7	585	810	24	222	3.84e-16	75.9
DBEJMMKH_00061	MER0003359	32.749	171	96	5	636	790	43	210	1.67e-11	62.0
DBEJMMKH_00061	MER0000491	25.893	112	80	1	676	787	5	113	2.85e-06	45.8
DBEJMMKH_00061	MER0017403	32.184	87	59	0	700	786	93	179	3.28e-06	46.2
DBEJMMKH_00092	MER0013623	56.410	156	65	2	116	271	1	153	3.52e-53	173
DBEJMMKH_00092	MER0000268	56.051	157	65	3	116	271	1	154	6.28e-52	169
DBEJMMKH_00092	MER0000266	53.797	158	69	3	116	271	1	156	9.93e-50	164
DBEJMMKH_00092	MER0003850	48.837	172	85	3	116	286	3	172	2.72e-47	158
DBEJMMKH_00092	MER0004111	51.572	159	70	2	116	271	1	155	8.17e-47	156
DBEJMMKH_00092	MER0001372	49.682	157	77	2	116	271	1	156	8.07e-46	154
DBEJMMKH_00092	MER0005468	52.083	144	66	2	116	256	1	144	5.76e-42	144
DBEJMMKH_00092	MER0004149	46.341	164	79	4	116	271	1	163	1.59e-40	140
DBEJMMKH_00092	MER0004673	35.971	278	144	5	116	372	2	266	3.33e-40	142
DBEJMMKH_00092	MER0002577	47.468	158	76	2	116	271	1	153	9.42e-39	135
DBEJMMKH_00092	MER0028330	46.203	158	78	2	116	271	1	153	9.71e-39	135
DBEJMMKH_00092	MER0001373	51.250	160	72	3	116	271	1	158	8.14e-38	132
DBEJMMKH_00092	MER0016351	44.937	158	80	2	116	271	1	153	1.17e-37	132
DBEJMMKH_00092	MER0003290	45.000	160	80	4	116	271	1	156	1.70e-36	129
DBEJMMKH_00092	MER0004093	46.541	159	76	3	116	271	1	153	5.04e-36	127
DBEJMMKH_00092	MER0022668	42.105	171	84	4	116	271	1	171	9.82e-36	127
DBEJMMKH_00092	MER0003293	48.000	150	76	2	116	265	1	148	2.68e-35	125
DBEJMMKH_00092	MER0016031	43.713	167	82	4	116	271	1	166	5.99e-35	125
DBEJMMKH_00092	MER0014795	44.512	164	78	3	116	271	1	159	3.47e-34	123
DBEJMMKH_00092	MER0001945	44.025	159	86	2	116	271	1	159	4.71e-33	120
DBEJMMKH_00092	MER0004086	42.384	151	81	3	126	271	13	162	3.44e-31	115
DBEJMMKH_00092	MER0010944	40.351	171	87	4	116	271	1	171	5.76e-31	114
DBEJMMKH_00092	MER0011375	40.000	160	86	4	116	271	1	154	8.28e-30	110
DBEJMMKH_00092	MER0006096	40.000	135	74	3	140	271	1	131	5.81e-26	99.8
DBEJMMKH_00092	MER0015583	42.953	149	75	5	116	254	1	149	2.06e-24	95.9
DBEJMMKH_00092	MER0005093	36.478	159	88	4	116	261	1	159	1.04e-22	91.7
DBEJMMKH_00092	MER0063616	31.098	164	93	5	119	271	5	159	9.59e-16	71.6
DBEJMMKH_00092	MER0004696	31.034	145	85	6	116	252	1	138	3.71e-11	57.8
DBEJMMKH_00092	MER0005094	28.966	145	89	5	116	252	1	139	5.20e-10	55.1
DBEJMMKH_00092	MER0014318	31.724	145	84	6	116	252	1	138	3.10e-08	49.7
DBEJMMKH_00092	MER0014317	27.068	133	86	6	127	252	10	138	1.73e-06	44.7
DBEJMMKH_00092	MER0014314	26.829	164	102	8	116	271	1	154	2.41e-06	44.3
DBEJMMKH_00092	MER0005089	28.358	134	92	4	116	246	1	133	3.00e-06	43.9
DBEJMMKH_00092	MER0005090	28.676	136	83	5	116	243	1	130	3.33e-06	43.9
DBEJMMKH_00126	MER0005238	34.286	105	60	3	96	198	49	146	5.45e-13	65.5
DBEJMMKH_00126	MER0015691	33.028	109	65	3	107	214	48	149	7.29e-13	64.7
DBEJMMKH_00126	MER0001284	34.545	110	62	3	111	215	35	139	1.40e-12	63.9
DBEJMMKH_00126	MER0005139	33.028	109	64	4	111	217	62	163	5.48e-12	62.4
DBEJMMKH_00126	MER0002161	29.630	162	94	6	63	223	27	169	9.56e-12	61.6
DBEJMMKH_00126	MER0015336	34.615	104	60	3	112	214	62	158	1.77e-11	60.8
DBEJMMKH_00126	MER0037181	27.016	248	138	11	63	308	27	233	2.73e-11	60.5
DBEJMMKH_00126	MER0002104	28.713	101	65	2	98	198	53	146	4.93e-11	59.7
DBEJMMKH_00126	MER0005239	34.259	108	62	3	110	215	67	167	5.48e-11	59.7
DBEJMMKH_00126	MER0005131	24.675	231	145	8	112	326	38	255	1.78e-10	57.8
DBEJMMKH_00126	MER0194228	29.082	196	113	6	146	334	16	192	3.11e-10	55.8
DBEJMMKH_00126	MER0005149	29.839	124	76	5	97	216	48	164	3.11e-10	57.4
DBEJMMKH_00126	MER0004514	22.857	245	138	9	85	306	1	217	2.10e-09	54.3
DBEJMMKH_00126	MER0001289	28.571	196	114	6	146	334	92	268	3.69e-09	53.9
DBEJMMKH_00126	MER0005152	29.545	88	55	1	112	199	60	140	3.74e-09	53.9
DBEJMMKH_00126	MER0100667	26.556	241	134	11	101	329	10	219	1.43e-08	51.6
DBEJMMKH_00126	MER0005241	29.670	91	57	2	108	196	1	86	1.46e-07	48.9
DBEJMMKH_00126	MER0026971	32.632	95	58	3	99	193	43	131	4.73e-07	47.4
DBEJMMKH_00126	MER0001288	24.473	237	128	10	108	324	19	224	5.89e-07	47.0
DBEJMMKH_00126	MER0026972	35.366	82	47	3	112	193	40	115	7.11e-07	46.6
DBEJMMKH_00126	MER0001290	25.862	174	103	6	57	214	41	204	6.89e-06	44.3
DBEJMMKH_00141	MER0006204	24.242	396	241	14	28	395	11	375	1.59e-28	112
DBEJMMKH_00141	MER0026262	25.970	335	171	14	43	320	21	335	8.31e-15	72.0
DBEJMMKH_00141	MER0122661	26.163	344	203	15	44	375	20	324	4.99e-14	69.3
DBEJMMKH_00141	MER0004090	24.581	358	221	11	43	375	28	361	2.35e-13	67.8
DBEJMMKH_00141	MER0219770	31.609	174	98	7	58	225	27	185	1.46e-12	64.7
DBEJMMKH_00141	MER0003802	27.907	215	113	8	23	232	5	182	2.09e-11	61.2
DBEJMMKH_00141	MER0002489	26.271	236	153	8	68	297	45	265	4.22e-11	60.5
DBEJMMKH_00141	MER0028284	28.667	150	92	4	77	225	48	183	1.03e-10	59.3
DBEJMMKH_00141	MER0140154	25.806	248	136	10	82	297	39	270	1.86e-10	58.5
DBEJMMKH_00141	MER0005925	29.655	145	89	6	80	219	53	189	1.38e-09	55.8
DBEJMMKH_00141	MER0015683	25.824	182	113	7	43	222	43	204	1.40e-09	55.5
DBEJMMKH_00141	MER0011700	25.806	217	133	7	77	278	49	252	1.65e-09	55.8
DBEJMMKH_00141	MER0034963	28.846	156	87	7	68	216	44	182	2.33e-09	55.5
DBEJMMKH_00141	MER0017069	25.490	153	102	2	78	229	44	185	5.14e-09	53.9
DBEJMMKH_00141	MER0004154	26.506	166	109	5	73	236	44	198	9.84e-09	53.1
DBEJMMKH_00141	MER1143079	27.660	188	98	7	40	222	12	166	2.23e-08	52.0
DBEJMMKH_00141	MER0003800	23.858	394	217	19	16	365	4	358	2.78e-08	52.0
DBEJMMKH_00141	MER0034964	28.986	207	116	10	28	229	11	191	6.97e-08	50.8
DBEJMMKH_00141	MER0011726	25.389	193	105	9	36	218	20	183	7.81e-08	50.4
DBEJMMKH_00141	MER0354941	25.126	199	117	9	42	225	14	195	3.97e-07	47.0
DBEJMMKH_00151	MER0031614	24.390	246	170	8	19	257	86	322	2.61e-13	65.5
DBEJMMKH_00151	MER0004146	26.415	265	162	13	6	250	9	260	1.62e-10	57.0
DBEJMMKH_00151	MER0031610	21.839	261	185	7	9	257	47	300	1.87e-07	48.1
DBEJMMKH_00151	MER0036057	23.171	246	166	7	17	250	63	297	2.27e-07	47.8
DBEJMMKH_00151	MER0011509	20.818	269	182	9	12	250	34	301	3.91e-07	47.0
DBEJMMKH_00151	MER0044578	31.624	117	62	5	9	115	66	174	1.74e-06	45.1
DBEJMMKH_00151	MER0036059	33.333	66	41	2	187	251	289	352	3.49e-06	44.3
DBEJMMKH_00151	MER0014065	24.419	86	62	1	30	115	48	130	4.00e-06	43.9
DBEJMMKH_00167	MER0002635	36.396	283	162	4	143	408	2	283	2.53e-51	171
DBEJMMKH_00167	MER0173063	39.245	265	154	4	144	404	2	263	6.33e-46	156
DBEJMMKH_00167	MER0003824	36.059	269	163	6	142	408	1	262	3.14e-44	152
DBEJMMKH_00167	MER0002646	32.727	275	146	2	174	409	33	307	7.64e-41	144
DBEJMMKH_00167	MER0120615	32.103	271	169	6	144	409	1	261	3.65e-38	135
DBEJMMKH_00167	MER0049282	33.465	254	148	8	169	410	29	273	6.11e-35	127
DBEJMMKH_00167	MER0011469	29.661	236	144	3	196	410	55	289	4.07e-26	103
DBEJMMKH_00167	MER0011470	26.667	285	182	7	151	410	1	283	6.15e-23	94.7
DBEJMMKH_00167	MER0003772	25.180	278	189	7	144	410	3	272	1.21e-20	88.2
DBEJMMKH_00167	MER0142760	30.769	130	90	0	252	381	308	437	3.34e-15	73.9
DBEJMMKH_00167	MER0142760	27.879	165	94	6	67	221	69	218	3.87e-06	45.4
DBEJMMKH_00167	MER0006292	29.500	200	112	9	212	409	1	173	1.31e-12	62.8
DBEJMMKH_00192	MER0004090	24.054	370	219	13	50	393	28	361	1.91e-22	95.1
DBEJMMKH_00192	MER0219770	27.811	169	95	4	72	238	42	185	1.80e-10	58.5
DBEJMMKH_00192	MER0003802	23.003	313	180	11	41	342	4	266	3.61e-10	57.8
DBEJMMKH_00192	MER0354941	22.927	205	118	7	50	238	15	195	3.80e-10	56.2
DBEJMMKH_00192	MER0003800	21.107	289	174	9	50	311	35	296	1.09e-09	56.6
DBEJMMKH_00192	MER0002489	21.667	300	174	12	80	373	58	302	4.68e-08	51.2
DBEJMMKH_00192	MER1143079	25.806	155	76	5	84	235	48	166	1.04e-07	49.7
DBEJMMKH_00192	MER0005836	30.097	103	65	5	142	238	99	200	3.52e-07	48.1
DBEJMMKH_00223	MER0001243	40.081	247	146	2	4	248	3	249	1.93e-64	199
DBEJMMKH_00223	MER0001342	38.866	247	151	0	2	248	1	247	1.22e-56	179
DBEJMMKH_00223	MER0005690	36.709	237	149	1	12	248	11	246	9.29e-52	167
DBEJMMKH_00223	MER0015127	35.223	247	159	1	2	248	1	246	2.76e-48	157
DBEJMMKH_00223	MER0013589	34.156	243	159	1	6	248	1	242	6.90e-45	149
DBEJMMKH_00223	MER0013929	34.694	245	159	1	4	248	3	246	2.25e-44	147
DBEJMMKH_00223	MER0015128	31.225	253	168	3	2	251	1	250	6.47e-42	141
DBEJMMKH_00223	MER0013450	29.960	247	171	2	4	248	1	247	3.69e-41	139
DBEJMMKH_00223	MER0010972	25.214	234	157	2	15	248	14	229	3.71e-20	84.0
DBEJMMKH_00223	MER0003880	32.597	181	107	4	34	210	25	194	6.40e-20	84.3
DBEJMMKH_00223	MER0024896	30.973	113	78	0	6	118	5	117	1.06e-14	70.5
DBEJMMKH_00223	MER0024896	30.534	131	84	2	124	248	337	466	1.70e-14	69.7
DBEJMMKH_00223	MER0004931	27.317	205	135	5	5	206	4	197	1.74e-13	65.1
DBEJMMKH_00223	MER0011746	27.907	215	134	9	15	215	14	221	1.84e-13	66.2
DBEJMMKH_00223	MER0001728	30.769	208	125	8	15	209	14	215	1.58e-12	63.5
DBEJMMKH_00223	MER0005462	25.698	179	127	2	5	182	4	177	2.90e-10	55.8
DBEJMMKH_00223	MER0004532	24.638	207	137	5	5	206	4	196	2.09e-09	53.5
DBEJMMKH_00223	MER0002038	25.581	129	91	2	79	206	74	198	6.34e-07	46.2
DBEJMMKH_00223	MER0001244	22.727	220	141	7	5	204	4	214	1.99e-06	44.7
DBEJMMKH_00223	MER0064643	43.636	55	25	2	65	115	69	121	4.86e-06	43.9
DBEJMMKH_00235	MER0011748	52.814	231	106	2	403	632	1	229	1.63e-80	253
DBEJMMKH_00235	MER0056525	50.000	236	115	2	403	637	1	234	2.07e-80	252
DBEJMMKH_00235	MER0005496	50.000	234	116	1	403	636	1	233	1.83e-79	250
DBEJMMKH_00235	MER0011224	47.863	234	121	1	403	636	1	233	1.37e-77	245
DBEJMMKH_00235	MER0015609	51.515	231	107	2	403	632	1	227	3.55e-77	244
DBEJMMKH_00235	MER0023544	46.352	233	124	1	403	635	1	232	8.69e-75	238
DBEJMMKH_00235	MER0015195	46.809	235	122	2	403	636	1	233	3.13e-69	223
DBEJMMKH_00235	MER0002605	43.882	237	129	2	403	638	1	234	1.70e-67	218
DBEJMMKH_00235	MER0015194	45.299	234	123	2	404	635	2	232	8.13e-67	217
DBEJMMKH_00235	MER0002600	45.000	240	123	5	403	638	1	235	1.89e-66	215
DBEJMMKH_00235	MER0014306	42.735	234	133	1	403	636	1	233	9.72e-63	206
DBEJMMKH_00235	MER0024898	43.644	236	130	3	403	636	1	235	7.77e-61	201
DBEJMMKH_00235	MER0171760	39.777	269	153	4	368	632	1	264	2.92e-60	199
DBEJMMKH_00235	MER0004454	41.152	243	140	2	403	644	1	241	5.84e-56	188
DBEJMMKH_00235	MER0005466	39.095	243	137	4	404	640	2	239	2.71e-52	177
DBEJMMKH_00235	MER0015199	40.086	232	132	3	403	628	1	231	1.93e-51	176
DBEJMMKH_00235	MER0002602	38.136	236	138	3	404	631	2	237	1.00e-49	171
DBEJMMKH_00235	MER0002563	37.179	234	137	4	404	627	2	235	7.43e-48	165
DBEJMMKH_00235	MER0017637	37.872	235	134	5	404	627	2	235	2.67e-45	158
DBEJMMKH_00235	MER0001620	35.983	239	143	4	403	631	1	239	2.55e-43	154
DBEJMMKH_00235	MER0011745	36.000	250	144	7	403	645	1	241	1.35e-42	151
DBEJMMKH_00235	MER0015193	37.339	233	136	6	403	627	1	231	4.92e-42	149
DBEJMMKH_00235	MER0002408	35.622	233	139	6	403	627	1	230	5.23e-42	149
DBEJMMKH_00235	MER0015137	34.483	232	143	5	403	627	1	230	3.84e-40	144
DBEJMMKH_00235	MER0015197	32.727	220	145	2	415	632	13	231	9.80e-40	143
DBEJMMKH_00235	MER0002608	36.100	241	150	3	404	640	2	242	2.87e-38	139
DBEJMMKH_00235	MER0190705	34.199	231	141	3	404	632	1	222	2.28e-37	135
DBEJMMKH_00235	MER0014324	35.526	228	133	4	403	627	1	217	2.65e-36	133
DBEJMMKH_00235	MER0190577	32.468	231	142	3	403	630	1	220	3.87e-35	130
DBEJMMKH_00235	MER0005755	34.862	218	130	3	404	618	2	210	5.53e-34	126
DBEJMMKH_00235	MER0015690	34.234	222	134	6	403	612	1	222	1.17e-33	126
DBEJMMKH_00235	MER0002197	33.333	219	135	4	403	618	1	211	2.47e-33	125
DBEJMMKH_00235	MER0024900	33.184	223	138	4	404	623	2	216	1.45e-32	123
DBEJMMKH_00235	MER0011120	35.586	222	131	6	403	612	1	222	4.12e-32	122
DBEJMMKH_00235	MER0001246	29.878	164	103	3	431	591	18	172	8.06e-20	84.3
DBEJMMKH_00235	MER0015204	26.016	246	151	7	404	618	2	247	5.28e-19	85.1
DBEJMMKH_00250	MER0044622	42.487	193	100	6	2	186	26	215	8.14e-47	151
DBEJMMKH_00250	MER0045094	39.153	189	110	4	2	186	12	199	5.59e-42	138
DBEJMMKH_00250	MER0043394	39.375	160	93	3	30	186	5	163	4.78e-36	120
DBEJMMKH_00250	MER0044882	38.235	170	97	6	24	185	1	170	3.21e-32	111
DBEJMMKH_00250	MER0043392	36.806	144	86	4	43	185	19	158	5.54e-27	97.8
DBEJMMKH_00250	MER0043537	28.804	184	124	6	4	184	2	181	4.24e-18	75.1
DBEJMMKH_00250	MER0044619	28.125	192	125	7	3	186	9	195	4.92e-18	75.9
DBEJMMKH_00250	MER0043195	31.343	201	115	7	7	186	10	208	4.96e-18	76.3
DBEJMMKH_00250	MER0045095	26.512	215	118	8	4	185	17	224	1.53e-15	69.7
DBEJMMKH_00250	MER0436691	29.333	150	75	6	36	171	94	226	6.60e-09	50.8
DBEJMMKH_00250	MER0043387	27.848	158	98	7	36	187	20	167	1.94e-08	48.5
DBEJMMKH_00250	MER0038086	30.252	119	75	3	75	187	109	225	5.93e-08	48.1
DBEJMMKH_00250	MER0044889	29.730	111	76	2	75	185	91	199	1.72e-07	46.6
DBEJMMKH_00250	MER0045886	26.549	113	81	2	75	187	85	195	3.99e-07	45.4
DBEJMMKH_00250	MER0043540	26.471	170	89	9	20	171	55	206	8.98e-07	44.7
DBEJMMKH_00250	MER0115185	28.030	132	77	6	47	171	10	130	2.68e-06	42.4
DBEJMMKH_00283	MER0065588	43.367	196	107	4	1	192	1	196	1.42e-50	159
DBEJMMKH_00283	MER0045886	28.571	133	76	5	62	189	74	192	2.27e-06	43.5
DBEJMMKH_00283	MER0044889	30.709	127	69	7	69	190	87	199	9.21e-06	41.6
DBEJMMKH_00304	MER0015458	27.500	160	95	4	41	182	46	202	6.77e-11	57.0
DBEJMMKH_00304	MER0015472	28.467	137	95	1	47	180	45	181	1.75e-10	55.5
DBEJMMKH_00304	MER0030047	30.657	137	83	4	50	179	1	132	1.12e-09	52.0
DBEJMMKH_00304	MER0035036	30.000	140	88	3	50	183	91	226	5.91e-09	51.6
DBEJMMKH_00304	MER0015632	27.215	158	104	3	38	188	32	185	1.21e-08	50.4
DBEJMMKH_00304	MER0015473	26.351	148	93	4	47	180	37	182	1.62e-08	49.7
DBEJMMKH_00304	MER0015462	37.209	86	51	3	35	120	37	119	2.89e-08	48.9
DBEJMMKH_00304	MER0048181	27.273	143	88	3	47	174	1	142	6.02e-08	47.4
DBEJMMKH_00304	MER0094384	28.108	185	103	5	41	211	30	198	2.08e-07	46.6
DBEJMMKH_00304	MER0017194	32.450	151	92	4	44	185	61	210	2.24e-07	46.6
DBEJMMKH_00304	MER0015659	40.449	89	49	2	34	121	36	121	8.51e-07	45.1
DBEJMMKH_00304	MER0015633	29.697	165	92	5	39	194	42	191	2.06e-06	43.9
DBEJMMKH_00304	MER0015459	28.302	106	61	2	16	121	30	120	3.97e-06	43.1
DBEJMMKH_00317	MER0069741	41.379	116	66	2	184	299	51	164	3.01e-26	99.8
DBEJMMKH_00317	MER0003380	46.296	108	57	1	192	299	127	233	2.86e-24	96.3
DBEJMMKH_00317	MER0013541	50.000	88	41	2	203	289	1	86	1.42e-21	84.3
DBEJMMKH_00317	MER0003423	40.187	107	63	1	182	287	11	117	7.35e-17	73.2
DBEJMMKH_00317	MER0015415	35.238	105	62	2	199	297	60	164	9.32e-17	73.9
DBEJMMKH_00317	MER0001419	41.121	107	62	1	182	287	11	117	1.34e-16	72.8
DBEJMMKH_00317	MER0003376	39.785	93	50	1	203	289	45	137	4.85e-16	71.6
DBEJMMKH_00317	MER0387040	42.157	102	57	2	203	303	1	101	1.49e-15	68.6
DBEJMMKH_00317	MER0066182	38.931	131	74	4	179	307	70	196	3.19e-14	67.4
DBEJMMKH_00317	MER0003906	36.264	91	57	1	203	292	1	91	5.93e-14	64.3
DBEJMMKH_00317	MER0005300	33.333	99	65	1	202	300	64	161	6.14e-09	51.6
DBEJMMKH_00317	MER0025070	35.922	103	52	5	200	291	3	102	7.89e-07	44.3
DBEJMMKH_00317	MER0388771	36.000	100	50	5	203	291	2	98	1.34e-06	43.5
DBEJMMKH_00362	MER0001978	41.336	479	274	4	1	475	74	549	3.60e-130	385
DBEJMMKH_00362	MER0011811	35.714	420	251	9	14	424	87	496	3.29e-73	238
DBEJMMKH_00362	MER0011800	32.706	425	264	11	12	427	86	497	5.90e-67	222
DBEJMMKH_00362	MER0006124	32.189	466	272	16	2	441	76	523	1.78e-63	212
DBEJMMKH_00362	MER0005029	31.048	496	301	16	2	472	43	522	2.25e-62	209
DBEJMMKH_00362	MER0011143	33.333	441	259	16	16	441	90	510	7.13e-60	202
DBEJMMKH_00362	MER0001629	31.224	490	297	17	2	472	76	544	7.39e-60	202
DBEJMMKH_00362	MER0011211	30.416	457	291	13	2	443	76	520	1.49e-58	199
DBEJMMKH_00362	MER0011215	31.155	459	283	14	2	443	53	495	9.69e-57	193
DBEJMMKH_00362	MER0003580	32.054	443	276	11	12	442	85	514	8.74e-56	192
DBEJMMKH_00362	MER0002720	33.262	469	238	20	13	469	65	470	3.85e-52	180
DBEJMMKH_00362	MER0002728	34.685	444	248	13	12	424	89	521	4.95e-52	182
DBEJMMKH_00362	MER0005831	31.042	451	261	15	2	424	76	504	2.17e-51	180
DBEJMMKH_00362	MER0004194	31.207	439	258	17	13	427	53	471	1.17e-50	177
DBEJMMKH_00362	MER0001977	25.678	479	323	13	2	457	76	544	5.32e-40	148
DBEJMMKH_00362	MER0004202	25.612	449	265	16	46	472	107	508	7.57e-38	142
DBEJMMKH_00362	MER0011193	26.398	447	305	15	12	444	83	519	1.11e-35	136
DBEJMMKH_00362	MER0016970	28.188	447	284	15	13	444	86	510	4.93e-33	128
DBEJMMKH_00362	MER0002718	38.265	196	103	5	239	424	3	190	2.13e-28	108
DBEJMMKH_00362	MER0094876	23.303	442	302	15	46	472	92	511	3.51e-26	108
DBEJMMKH_00362	MER0006132	23.120	532	288	20	42	473	112	622	3.43e-24	102
DBEJMMKH_00362	MER0002721	31.604	212	113	6	289	472	37	244	2.39e-22	93.2
DBEJMMKH_00362	MER0026205	32.432	185	120	5	289	472	37	217	2.36e-21	89.4
DBEJMMKH_00362	MER0026204	30.061	163	97	4	2	158	76	227	4.30e-16	74.3
DBEJMMKH_00362	MER0001976	29.730	185	115	6	289	472	37	207	1.58e-15	72.4
DBEJMMKH_00362	MER0026207	29.348	184	101	7	289	472	37	191	4.85e-13	64.7
DBEJMMKH_00362	MER0037241	33.058	121	72	2	43	157	111	228	3.03e-12	63.2
DBEJMMKH_00381	MER0031610	30.075	266	163	7	6	255	42	300	1.24e-34	123
DBEJMMKH_00381	MER0017142	30.556	108	70	2	7	114	6	108	1.68e-11	59.3
DBEJMMKH_00381	MER0044900	24.364	275	163	14	15	253	94	359	1.55e-10	57.4
DBEJMMKH_00381	MER0004146	24.514	257	170	9	9	249	13	261	1.40e-09	53.9
DBEJMMKH_00381	MER0044858	24.653	288	158	12	11	251	51	326	6.16e-09	52.4
DBEJMMKH_00381	MER0014065	23.030	165	107	3	12	157	31	194	3.54e-08	50.1
DBEJMMKH_00381	MER0031619	28.571	119	73	5	1	114	18	129	2.17e-07	47.8
DBEJMMKH_00381	MER0036072	23.288	146	97	3	16	152	81	220	4.84e-07	46.6
DBEJMMKH_00381	MER0037236	23.204	181	124	8	78	249	87	261	5.15e-07	46.2
DBEJMMKH_00381	MER0036115	27.692	130	71	3	14	129	34	154	5.76e-07	46.6
DBEJMMKH_00381	MER0213595	26.316	114	76	3	14	123	3	112	1.92e-06	44.7
DBEJMMKH_00381	MER0031617	27.731	119	77	4	10	122	28	143	3.02e-06	44.3
DBEJMMKH_00381	MER0033259	27.517	149	100	4	4	146	20	166	4.15e-06	43.5
DBEJMMKH_00381	MER0035043	22.222	279	171	11	14	255	34	303	4.36e-06	43.9
DBEJMMKH_00411	MER0000576	45.217	115	62	1	31	145	1	114	6.44e-34	112
DBEJMMKH_00411	MER0000569	39.326	89	53	1	56	143	25	113	6.91e-18	71.6
DBEJMMKH_00411	MER0006172	39.437	71	43	0	53	123	2	72	3.50e-13	58.2
DBEJMMKH_00411	MER0000587	28.736	87	56	2	52	132	34	120	1.54e-06	42.0
DBEJMMKH_00411	MER0022664	31.169	77	52	1	62	138	48	123	1.64e-06	41.6
DBEJMMKH_00417	MER0000474	53.439	189	88	0	28	216	15	203	2.50e-75	223
DBEJMMKH_00417	MER0005687	50.267	187	88	1	30	216	26	207	3.42e-67	202
DBEJMMKH_00417	MER0006046	47.120	191	101	0	28	218	15	205	1.18e-64	196
DBEJMMKH_00417	MER0002211	48.677	189	97	0	28	216	15	203	1.71e-63	193
DBEJMMKH_00417	MER0004857	48.958	192	96	2	26	216	13	203	1.44e-62	191
DBEJMMKH_00417	MER0002299	48.649	185	95	0	31	215	12	196	2.21e-61	187
DBEJMMKH_00417	MER0006063	46.703	182	97	0	35	216	23	204	2.62e-57	177
DBEJMMKH_00417	MER0004847	49.198	187	94	1	31	216	18	204	3.26e-57	177
DBEJMMKH_00417	MER0004855	43.333	180	102	0	37	216	26	205	2.07e-55	172
DBEJMMKH_00417	MER0006056	46.951	164	86	1	54	217	46	208	1.57e-53	168
DBEJMMKH_00417	MER0006308	38.418	177	108	1	40	215	17	193	6.15e-48	153
DBEJMMKH_00417	MER0004182	40.230	174	104	0	44	217	27	200	8.05e-46	148
DBEJMMKH_00417	MER0011666	39.645	169	100	2	50	216	17	185	1.67e-40	134
DBEJMMKH_00423	MER0001299	33.333	498	300	12	46	520	7	495	1.90e-79	258
DBEJMMKH_00423	MER0011114	37.037	189	118	1	334	521	185	373	5.29e-39	144
DBEJMMKH_00423	MER0321345	41.209	182	105	1	336	515	1	182	6.25e-38	135
DBEJMMKH_00423	MER0321345	29.114	158	108	3	91	246	1	156	2.99e-14	68.2
DBEJMMKH_00423	MER0003812	40.659	182	106	1	336	515	1	182	3.65e-37	133
DBEJMMKH_00423	MER0003812	28.481	158	109	3	91	246	1	156	1.74e-13	66.2
DBEJMMKH_00423	MER0013957	28.492	179	128	0	336	514	1	179	4.31e-27	105
DBEJMMKH_00423	MER0001300	36.047	172	107	3	348	518	9	178	2.21e-23	94.7
DBEJMMKH_00423	MER0044046	31.844	179	121	1	336	514	1	178	1.49e-21	89.4
DBEJMMKH_00423	MER0001303	21.505	186	145	1	336	521	1	185	6.57e-11	58.9
DBEJMMKH_00432	MER0011700	31.016	374	203	14	29	357	1	364	2.11e-45	156
DBEJMMKH_00432	MER0140154	27.859	341	202	11	44	344	1	337	8.72e-34	124
DBEJMMKH_00432	MER0005923	29.741	232	119	6	152	342	203	431	5.49e-24	99.4
DBEJMMKH_00432	MER0005923	34.513	113	67	3	33	140	12	122	2.18e-15	73.9
DBEJMMKH_00432	MER0000459	26.518	313	205	11	45	342	24	326	7.26e-23	95.1
DBEJMMKH_00432	MER0026262	27.523	327	210	14	39	345	11	330	3.90e-22	92.8
DBEJMMKH_00432	MER0002489	25.180	278	192	6	82	345	58	333	1.89e-18	82.4
DBEJMMKH_00432	MER0028284	25.077	323	213	13	34	341	6	314	1.80e-16	76.3
DBEJMMKH_00432	MER0005925	24.415	299	177	13	35	303	8	287	1.46e-14	70.9
DBEJMMKH_00432	MER0004090	25.201	373	205	19	45	359	24	380	5.35e-13	66.2
DBEJMMKH_00432	MER1143079	22.599	177	125	5	35	211	2	166	6.23e-12	62.4
DBEJMMKH_00432	MER0017069	22.857	315	219	12	38	340	4	306	7.11e-12	62.4
DBEJMMKH_00432	MER0003802	28.571	175	112	6	35	208	7	169	1.35e-11	61.6
DBEJMMKH_00432	MER0005836	23.077	247	162	11	32	262	9	243	2.75e-11	60.1
DBEJMMKH_00432	MER0219770	23.750	320	178	14	38	326	8	292	4.09e-11	60.1
DBEJMMKH_00432	MER0000457	21.229	358	226	15	23	356	2	327	1.57e-09	55.5
DBEJMMKH_00432	MER0004154	22.881	236	163	9	46	274	18	241	3.88e-09	54.3
DBEJMMKH_00432	MER0005964	22.422	223	144	8	65	265	40	255	2.80e-08	51.6
DBEJMMKH_00432	MER0192873	26.368	201	129	8	83	265	1	200	1.96e-06	45.1
DBEJMMKH_00433	MER0000408	29.688	256	162	6	416	665	5	248	7.90e-27	107
DBEJMMKH_00433	MER0003558	30.672	238	148	6	415	644	14	242	6.18e-26	104
DBEJMMKH_00433	MER0001920	31.224	237	137	7	437	660	20	243	3.49e-23	96.3
DBEJMMKH_00433	MER0011583	30.242	248	162	4	420	663	9	249	1.05e-22	94.7
DBEJMMKH_00433	MER0017401	30.222	225	139	5	424	642	7	219	6.10e-22	92.4
DBEJMMKH_00433	MER0034615	30.870	230	153	4	415	641	2	228	6.47e-22	92.4
DBEJMMKH_00433	MER0015682	28.279	244	149	6	427	662	81	306	5.02e-20	88.2
DBEJMMKH_00433	MER0140224	27.273	231	158	4	437	662	13	238	5.03e-20	86.7
DBEJMMKH_00433	MER0016096	26.754	228	159	4	419	641	2	226	3.06e-19	84.7
DBEJMMKH_00433	MER0000263	31.416	226	141	8	422	641	6	223	6.41e-19	83.6
DBEJMMKH_00433	MER0005807	30.918	207	131	4	436	641	62	257	7.55e-18	81.3
DBEJMMKH_00433	MER1137425	29.259	270	158	8	421	668	4	262	1.61e-17	80.5
DBEJMMKH_00433	MER0126485	28.017	232	162	2	431	662	10	236	2.58e-17	79.0
DBEJMMKH_00433	MER0005196	32.593	135	87	4	423	554	22	155	1.42e-14	70.9
DBEJMMKH_00433	MER0058228	26.609	233	150	6	426	649	10	230	6.36e-14	68.9
DBEJMMKH_00433	MER0014827	24.555	281	169	8	406	664	3	262	7.73e-14	68.9
DBEJMMKH_00433	MER0018170	29.004	231	154	4	436	660	25	251	1.88e-13	67.8
DBEJMMKH_00433	MER0004925	26.056	284	161	9	406	664	3	262	3.12e-13	67.4
DBEJMMKH_00433	MER0006027	23.265	245	162	6	429	660	24	255	1.86e-12	64.7
DBEJMMKH_00433	MER0000399	27.193	228	154	7	423	647	25	243	1.54e-11	62.0
DBEJMMKH_00433	MER0000404	30.247	162	106	4	398	554	1	160	8.22e-11	60.1
DBEJMMKH_00433	MER0011413	29.197	137	94	3	421	554	2	138	2.47e-10	58.2
DBEJMMKH_00433	MER0004921	28.571	231	135	10	426	644	7	219	1.12e-09	56.2
DBEJMMKH_00433	MER0005994	25.561	223	146	6	435	650	41	250	2.86e-09	55.5
DBEJMMKH_00433	MER0192427	28.750	160	90	8	407	554	50	197	1.55e-08	53.1
DBEJMMKH_00433	MER0013484	28.767	146	85	8	421	555	2	139	5.42e-08	51.2
DBEJMMKH_00433	MER0000401	24.561	228	150	10	423	642	26	239	1.41e-07	50.1
DBEJMMKH_00433	MER0004193	23.361	244	168	7	422	660	2	231	2.98e-07	48.9
DBEJMMKH_00433	MER0004923	26.708	161	99	6	407	556	39	191	4.31e-07	48.9
DBEJMMKH_00433	MER0001423	24.887	221	149	6	426	641	5	213	1.07e-06	47.4
DBEJMMKH_00433	MER0011305	25.403	248	163	9	404	642	1	235	1.70e-06	47.0
DBEJMMKH_00433	MER0000405	25.194	258	154	13	425	665	34	269	5.45e-06	45.4
DBEJMMKH_00434	MER0167712	26.984	189	135	1	112	300	104	289	2.66e-18	82.8
DBEJMMKH_00435	MER0000459	26.950	141	79	6	82	203	60	195	3.72e-07	48.1
DBEJMMKH_00470	MER0060647	37.088	364	201	10	11	360	1	350	1.09e-65	209
DBEJMMKH_00470	MER0078640	35.967	367	198	10	11	360	1	347	2.49e-63	202
DBEJMMKH_00470	MER0044812	39.583	240	129	4	138	364	1	237	1.65e-52	171
DBEJMMKH_00470	MER0043540	39.130	230	134	4	137	365	1	225	4.99e-49	162
DBEJMMKH_00470	MER0045945	40.385	208	119	4	155	362	9	211	6.22e-44	148
DBEJMMKH_00470	MER0115185	50.350	143	69	1	215	357	1	141	4.08e-41	138
DBEJMMKH_00470	MER0046161	40.187	214	109	4	161	360	33	241	2.05e-40	140
DBEJMMKH_00470	MER0436691	30.072	276	147	5	90	360	6	240	1.03e-38	135
DBEJMMKH_00470	MER0043537	25.521	192	108	7	192	366	14	187	4.60e-08	49.7
DBEJMMKH_00470	MER0044882	27.485	171	97	7	213	366	15	175	1.32e-07	48.1
DBEJMMKH_00470	MER0043195	28.571	154	88	7	229	363	59	209	3.51e-07	47.8
DBEJMMKH_00470	MER0045886	25.287	174	89	7	193	346	27	179	6.16e-07	47.0
DBEJMMKH_00470	MER0043394	23.418	158	102	6	213	360	13	161	2.37e-06	44.3
DBEJMMKH_00497	MER0014418	31.517	422	233	9	28	443	4	375	8.80e-49	168
DBEJMMKH_00497	MER0003581	29.218	243	156	7	86	315	1	240	3.42e-11	61.2
DBEJMMKH_00497	MER0002013	26.766	269	172	9	49	303	25	282	1.04e-09	57.0
DBEJMMKH_00497	MER0002655	23.588	301	203	11	42	326	10	299	2.53e-09	55.8
DBEJMMKH_00497	MER0002007	21.683	309	223	8	29	324	5	307	9.70e-09	53.9
DBEJMMKH_00497	MER0015354	29.412	170	107	6	49	211	25	188	1.28e-07	50.1
DBEJMMKH_00497	MER0002664	27.179	195	113	6	29	221	2	169	1.86e-07	49.3
DBEJMMKH_00497	MER0003815	27.673	159	108	5	49	206	25	177	2.17e-07	49.3
DBEJMMKH_00497	MER0005155	25.623	281	175	12	42	303	11	276	9.90e-07	47.4
DBEJMMKH_00497	MER0021873	32.673	101	49	2	100	197	1	85	1.01e-06	46.2
DBEJMMKH_00497	MER0002659	24.603	252	169	9	42	281	18	260	1.21e-06	47.4
DBEJMMKH_00517	MER0026469	30.673	401	259	5	40	429	2	394	2.40e-56	188
DBEJMMKH_00517	MER0026472	30.645	186	120	4	49	225	11	196	2.16e-19	85.1
DBEJMMKH_00517	MER0026472	42.373	59	34	0	353	411	225	283	2.97e-06	45.4
DBEJMMKH_00517	MER0100667	34.821	112	67	4	59	166	1	110	9.88e-06	43.5
DBEJMMKH_00528	MER0026471	27.252	433	256	8	82	497	82	472	3.13e-36	137
DBEJMMKH_00528	MER0015142	25.459	436	262	11	82	499	110	500	6.39e-29	116
DBEJMMKH_00528	MER0026494	24.419	430	274	9	82	499	79	469	9.34e-29	115
DBEJMMKH_00528	MER0003397	31.333	150	80	2	82	229	79	207	8.80e-10	57.0
DBEJMMKH_00528	MER0026485	31.387	137	70	4	95	229	92	206	4.79e-07	48.5
DBEJMMKH_00528	MER0057434	39.726	73	42	2	428	499	227	298	2.29e-06	46.2
DBEJMMKH_00533	MER0002755	33.962	159	80	7	320	461	50	200	1.88e-13	66.6
DBEJMMKH_00533	MER0011345	27.053	207	126	8	282	469	18	218	7.83e-11	59.7
DBEJMMKH_00533	MER0001009	26.144	153	106	3	342	489	20	170	2.98e-10	57.4
DBEJMMKH_00533	MER0019759	24.359	156	104	3	342	489	82	231	1.28e-09	55.8
DBEJMMKH_00533	MER0001010	24.648	142	98	2	342	477	61	199	7.67e-09	53.1
DBEJMMKH_00533	MER0011440	22.222	207	143	6	280	468	4	210	8.10e-09	53.1
DBEJMMKH_00533	MER0002968	24.265	136	87	3	342	468	87	215	1.23e-08	52.8
DBEJMMKH_00533	MER0006264	27.273	132	89	2	342	468	53	182	1.63e-08	51.6
DBEJMMKH_00533	MER0002422	23.704	135	100	2	334	468	73	204	2.54e-08	51.6
DBEJMMKH_00533	MER0001017	25.000	188	117	7	293	461	29	211	2.67e-08	52.0
DBEJMMKH_00533	MER0036308	23.404	188	133	4	293	470	27	213	5.65e-08	50.8
DBEJMMKH_00533	MER0019096	23.256	215	135	6	287	490	3	198	7.06e-08	50.1
DBEJMMKH_00533	MER0002746	24.155	207	141	5	298	489	27	232	9.02e-08	50.4
DBEJMMKH_00533	MER0002003	24.870	193	126	8	295	468	25	217	1.05e-07	50.1
DBEJMMKH_00533	MER0012283	26.875	160	102	4	320	468	60	215	1.56e-07	49.3
DBEJMMKH_00533	MER0011183	22.973	148	107	2	345	487	77	222	2.37e-07	48.9
DBEJMMKH_00533	MER0005328	43.333	60	26	2	320	374	49	105	4.36e-07	47.8
DBEJMMKH_00533	MER0000997	26.357	129	85	4	342	462	85	211	1.16e-06	46.6
DBEJMMKH_00533	MER0011369	24.615	130	95	1	342	468	96	225	1.26e-06	46.6
DBEJMMKH_00533	MER0091680	23.711	194	134	6	297	477	17	209	1.60e-06	46.2
DBEJMMKH_00533	MER0168983	24.224	161	104	4	305	457	1	151	1.95e-06	45.1
DBEJMMKH_00533	MER0001003	25.281	178	116	3	307	467	7	184	2.84e-06	45.1
DBEJMMKH_00533	MER0168177	22.308	130	96	1	342	471	42	166	3.06e-06	44.7
DBEJMMKH_00533	MER0019754	24.627	134	92	3	342	468	64	195	5.68e-06	44.3
DBEJMMKH_00533	MER0005331	23.571	140	100	3	335	468	72	210	5.83e-06	44.7
DBEJMMKH_00533	MER0011438	20.635	189	131	6	280	450	4	191	6.82e-06	44.3
DBEJMMKH_00551	MER0195376	34.259	216	102	7	248	456	1	183	1.75e-23	94.7
DBEJMMKH_00577	MER0004146	28.516	256	158	9	3	236	9	261	2.02e-17	76.3
DBEJMMKH_00577	MER0037236	23.137	255	174	5	3	236	8	261	7.41e-17	74.7
DBEJMMKH_00577	MER0031611	25.097	259	165	8	10	242	35	290	9.04e-14	66.2
DBEJMMKH_00577	MER0036068	24.280	243	158	8	15	234	54	293	1.28e-11	60.1
DBEJMMKH_00577	MER0036053	23.970	267	162	7	7	236	1	263	2.96e-11	58.9
DBEJMMKH_00577	MER0036057	21.311	244	164	7	14	236	62	298	3.28e-10	56.2
DBEJMMKH_00577	MER0017142	23.904	251	164	8	3	234	2	244	7.77e-10	54.7
DBEJMMKH_00577	MER0036076	25.630	238	150	9	15	234	63	291	9.80e-10	54.7
DBEJMMKH_00577	MER0036067	23.457	243	158	8	14	233	51	288	1.25e-09	54.3
DBEJMMKH_00577	MER0011785	29.245	106	68	1	14	112	35	140	1.80e-09	53.9
DBEJMMKH_00577	MER0036078	25.521	192	120	8	61	236	62	246	1.92e-08	50.4
DBEJMMKH_00577	MER0043008	22.963	270	167	10	1	238	1	261	4.31e-08	49.7
DBEJMMKH_00577	MER0003537	25.888	197	104	5	80	242	94	282	5.04e-08	49.3
DBEJMMKH_00577	MER0017033	21.687	249	157	8	14	236	64	300	3.67e-07	47.0
DBEJMMKH_00577	MER0035973	25.749	167	108	5	80	235	125	286	4.68e-07	46.6
DBEJMMKH_00577	MER0031614	25.962	104	70	2	14	111	83	185	7.58e-07	46.2
DBEJMMKH_00577	MER0036059	37.931	58	36	0	177	234	293	350	1.11e-06	45.8
DBEJMMKH_00577	MER0033249	23.704	135	93	3	118	243	73	206	1.40e-06	44.7
DBEJMMKH_00577	MER0000437	22.261	283	173	9	9	248	21	299	3.57e-06	43.9
DBEJMMKH_00577	MER0031569	24.551	167	101	6	78	241	104	248	5.55e-06	43.1
DBEJMMKH_00623	MER0001012	28.188	149	97	6	410	552	73	217	9.08e-07	47.4
DBEJMMKH_00623	MER0011401	24.286	140	90	4	425	552	73	208	1.24e-06	47.0
DBEJMMKH_00623	MER0011175	21.463	205	144	8	362	552	10	211	3.67e-06	45.4
DBEJMMKH_00623	MER0001009	22.642	159	115	3	411	563	5	161	3.70e-06	45.4
DBEJMMKH_00629	MER0013458	31.111	135	75	7	59	190	40	159	8.92e-10	53.5
DBEJMMKH_00629	MER0001333	30.263	152	71	7	53	200	90	210	1.01e-08	51.6
DBEJMMKH_00629	MER0014983	28.448	116	60	5	76	190	20	113	6.39e-07	44.3
DBEJMMKH_00629	MER0005742	21.986	141	70	5	50	190	1	101	3.29e-06	41.6
DBEJMMKH_00653	MER0005767	26.844	339	206	6	33	368	6	305	1.88e-36	133
DBEJMMKH_00653	MER0030143	23.134	402	278	13	6	384	2	395	8.09e-17	78.6
DBEJMMKH_00653	MER0030151	23.691	401	277	12	6	384	2	395	7.37e-16	75.9
DBEJMMKH_00653	MER0030136	21.250	400	288	10	6	384	2	395	1.54e-13	68.6
DBEJMMKH_00653	MER0030155	21.197	401	287	11	6	384	2	395	2.46e-12	65.1
DBEJMMKH_00653	MER0015112	19.902	407	289	14	6	384	2	399	1.31e-07	50.1
DBEJMMKH_00687	MER0014418	23.202	431	271	11	28	454	1	375	1.41e-19	87.4
DBEJMMKH_00687	MER0002013	23.466	277	189	9	52	317	24	288	1.76e-10	59.7
DBEJMMKH_00687	MER0002659	23.784	185	128	6	52	231	24	200	3.99e-08	52.4
DBEJMMKH_00687	MER0003815	27.607	163	110	5	58	219	30	185	1.13e-07	50.4
DBEJMMKH_00687	MER0005173	26.712	146	96	5	58	201	14	150	1.49e-06	47.4
DBEJMMKH_00687	MER0002014	22.283	184	132	4	52	231	24	200	2.09e-06	46.6
DBEJMMKH_00707	MER0034539	53.623	207	96	0	2	208	1	207	5.27e-82	252
DBEJMMKH_00707	MER0033254	32.035	231	126	8	25	226	20	248	5.33e-24	98.2
DBEJMMKH_00719	MER0209507	29.167	96	63	2	101	191	9	104	1.58e-07	45.4
DBEJMMKH_00739	MER0006319	39.108	381	225	3	35	413	9	384	8.67e-79	245
DBEJMMKH_00739	MER0013499	32.152	395	205	10	29	415	3	342	1.23e-53	179
DBEJMMKH_00739	MER0011343	31.765	340	180	5	71	406	50	341	7.95e-49	167
DBEJMMKH_00739	MER0011422	32.267	344	180	6	71	409	56	351	3.53e-48	165
DBEJMMKH_00739	MER0015155	29.146	398	213	10	29	415	3	342	3.21e-47	162
DBEJMMKH_00739	MER0032370	32.184	348	181	7	72	410	35	336	5.77e-47	161
DBEJMMKH_00739	MER0001260	26.260	377	221	7	43	411	17	344	6.50e-43	151
DBEJMMKH_00739	MER0013496	30.746	335	176	8	85	415	3	285	4.51e-41	146
DBEJMMKH_00739	MER0013479	26.710	307	152	3	123	404	59	317	6.70e-27	106
DBEJMMKH_00739	MER0013425	22.192	365	211	10	43	399	4	303	2.77e-21	90.5
DBEJMMKH_00739	MER0026963	43.678	87	47	2	327	411	12	98	3.12e-17	73.9
DBEJMMKH_00739	MER0001265	23.464	179	133	3	106	281	87	264	1.55e-13	67.8
DBEJMMKH_00745	MER0004925	54.789	261	115	2	540	797	1	261	1.78e-101	311
DBEJMMKH_00745	MER0014827	51.724	261	123	2	540	797	1	261	8.05e-96	296
DBEJMMKH_00745	MER0034615	28.279	244	139	10	551	775	2	228	2.13e-15	73.6
DBEJMMKH_00745	MER0003558	24.521	261	146	10	549	783	12	247	2.96e-14	70.5
DBEJMMKH_00745	MER0017401	31.655	139	78	5	658	785	96	228	6.13e-14	69.3
DBEJMMKH_00745	MER0140224	27.941	204	114	8	608	787	35	229	1.39e-12	65.1
DBEJMMKH_00745	MER0126485	27.950	161	89	4	641	784	74	224	1.06e-10	59.7
DBEJMMKH_00745	MER0005196	26.396	197	114	7	559	741	22	201	3.58e-10	58.2
DBEJMMKH_00745	MER0015682	24.797	246	139	8	564	790	82	300	1.23e-08	54.3
DBEJMMKH_00745	MER1137425	22.615	283	160	10	556	802	3	262	7.32e-08	51.6
DBEJMMKH_00745	MER0013484	28.049	246	142	9	557	785	2	229	9.84e-08	50.8
DBEJMMKH_00745	MER0230379	25.203	246	129	8	559	775	1	220	1.22e-07	50.8
DBEJMMKH_00745	MER0011413	25.000	244	146	10	557	782	2	226	1.24e-07	50.4
DBEJMMKH_00745	MER0011583	28.105	153	82	7	646	775	77	224	1.78e-07	50.1
DBEJMMKH_00745	MER0004923	26.022	269	152	11	540	785	36	280	2.25e-07	50.1
DBEJMMKH_00745	MER0000408	28.025	157	88	7	639	776	82	232	3.16e-07	49.3
DBEJMMKH_00745	MER0004921	29.371	143	81	4	655	786	94	227	3.85e-07	48.9
DBEJMMKH_00745	MER0000401	28.671	143	87	6	653	786	113	249	3.71e-06	46.2
DBEJMMKH_00745	MER0030932	26.712	146	95	4	607	743	52	194	4.94e-06	45.4
DBEJMMKH_00752	MER0026494	30.689	479	301	8	1	458	7	475	1.66e-67	220
DBEJMMKH_00752	MER0026471	31.290	473	295	9	6	456	13	477	1.24e-65	216
DBEJMMKH_00752	MER0015142	28.145	469	313	7	1	451	36	498	2.39e-58	197
DBEJMMKH_00752	MER0003397	35.417	192	106	5	16	195	23	208	6.07e-24	98.6
DBEJMMKH_00752	MER0003397	34.483	87	57	0	364	450	218	304	1.63e-11	62.0
DBEJMMKH_00752	MER0052470	24.180	488	308	17	4	456	2	462	1.61e-21	93.6
DBEJMMKH_00752	MER0026485	31.034	203	120	6	6	195	12	207	1.03e-19	86.7
DBEJMMKH_00752	MER0026485	29.592	98	68	1	357	453	210	307	1.27e-08	53.1
DBEJMMKH_00752	MER0057434	27.542	236	149	8	3	224	1	228	1.48e-13	68.2
DBEJMMKH_00752	MER0057434	34.884	86	56	0	365	450	210	295	8.72e-11	59.7
DBEJMMKH_00752	MER0001272	29.825	114	65	4	77	184	60	164	2.59e-09	54.7
DBEJMMKH_00752	MER0238460	29.940	167	92	8	72	233	89	235	7.86e-07	47.8
DBEJMMKH_00758	MER0044357	23.767	223	137	8	7	200	34	252	1.82e-17	79.7
DBEJMMKH_00758	MER0044357	29.204	113	75	3	207	318	340	448	2.79e-08	51.6
DBEJMMKH_00769	MER0011583	33.333	249	152	6	430	670	7	249	1.16e-44	157
DBEJMMKH_00769	MER0017401	30.769	234	157	4	429	659	1	232	6.06e-34	127
DBEJMMKH_00769	MER0000263	29.317	249	156	7	430	666	1	241	6.67e-30	115
DBEJMMKH_00769	MER0000408	26.908	249	171	3	426	665	3	249	1.29e-27	108
DBEJMMKH_00769	MER0034615	27.386	241	164	5	434	666	9	246	1.36e-26	105
DBEJMMKH_00769	MER0003558	27.572	243	163	7	413	647	2	239	1.42e-23	97.8
DBEJMMKH_00769	MER0016096	27.660	235	160	4	431	656	2	235	2.20e-23	96.7
DBEJMMKH_00769	MER0001423	28.319	226	141	5	434	649	1	215	3.41e-23	95.9
DBEJMMKH_00769	MER0140224	27.830	212	143	2	449	652	13	222	2.36e-20	87.8
DBEJMMKH_00769	MER0015682	26.442	208	149	2	440	647	82	285	9.75e-20	87.4
DBEJMMKH_00769	MER0058228	24.893	233	158	6	435	659	7	230	1.07e-18	82.8
DBEJMMKH_00769	MER0126485	24.757	206	150	3	445	647	12	215	1.79e-18	82.0
DBEJMMKH_00769	MER0000401	26.432	227	155	5	435	655	26	246	6.51e-18	81.3
DBEJMMKH_00769	MER0000399	25.984	254	170	7	411	655	1	245	7.33e-18	80.9
DBEJMMKH_00769	MER0005196	26.577	222	148	5	435	649	22	235	9.72e-18	80.5
DBEJMMKH_00769	MER0001920	25.322	233	140	5	443	655	14	232	6.70e-17	77.8
DBEJMMKH_00769	MER0011413	26.180	233	155	7	433	655	2	227	3.56e-16	75.5
DBEJMMKH_00769	MER0006027	27.500	240	156	7	441	668	24	257	4.58e-16	75.5
DBEJMMKH_00769	MER0005807	25.980	204	143	5	448	649	62	259	8.72e-16	75.1
DBEJMMKH_00769	MER0004923	28.333	180	115	6	419	591	39	211	1.87e-14	71.2
DBEJMMKH_00769	MER0004921	30.597	134	86	4	435	562	4	136	2.00e-14	70.5
DBEJMMKH_00769	MER0013484	34.307	137	83	4	433	562	2	138	2.74e-14	70.1
DBEJMMKH_00769	MER0005994	24.880	209	141	5	447	647	41	241	4.00e-14	69.7
DBEJMMKH_00769	MER0018170	23.636	220	161	3	443	655	20	239	2.06e-13	67.4
DBEJMMKH_00769	MER0002490	24.275	276	172	10	416	663	19	285	3.17e-13	67.8
DBEJMMKH_00769	MER0022823	25.660	265	185	8	416	669	9	272	1.80e-12	65.1
DBEJMMKH_00769	MER0011305	27.273	176	114	6	435	604	20	187	4.93e-12	63.5
DBEJMMKH_00769	MER0005987	26.957	230	149	10	438	656	29	250	5.22e-11	60.5
DBEJMMKH_00769	MER0004193	24.051	237	166	6	435	664	3	232	1.07e-10	59.3
DBEJMMKH_00769	MER0004199	24.242	231	156	7	442	664	1	220	1.18e-10	58.9
DBEJMMKH_00769	MER0015621	24.670	227	142	6	425	631	27	244	1.45e-10	59.7
DBEJMMKH_00769	MER0192427	24.348	230	154	7	429	649	60	278	2.32e-10	58.9
DBEJMMKH_00769	MER0005694	22.177	248	185	7	416	657	19	264	3.31e-10	58.5
DBEJMMKH_00769	MER0000403	27.907	172	108	5	416	576	5	171	5.12e-10	57.8
DBEJMMKH_00769	MER0195666	20.952	210	141	7	435	630	1	199	2.55e-09	55.1
DBEJMMKH_00769	MER0004504	28.030	132	88	2	438	562	2	133	3.26e-09	54.7
DBEJMMKH_00769	MER0000404	25.984	254	164	10	427	667	18	260	5.13e-09	54.7
DBEJMMKH_00769	MER0981959	25.114	219	142	8	416	618	8	220	8.31e-09	54.3
DBEJMMKH_00769	MER0004925	22.101	276	171	9	418	670	3	257	1.25e-08	53.5
DBEJMMKH_00769	MER0079308	23.282	262	184	9	417	667	9	264	6.57e-08	51.2
DBEJMMKH_00769	MER0000405	24.901	253	157	10	431	666	28	264	8.33e-08	50.8
DBEJMMKH_00769	MER0014827	21.352	281	171	10	418	670	3	261	6.30e-07	48.1
DBEJMMKH_00769	MER0000392	22.488	209	140	6	476	667	69	272	7.11e-07	48.1
DBEJMMKH_00769	MER0000398	24.510	204	143	7	465	664	50	246	4.36e-06	45.4
DBEJMMKH_00798	MER0000589	41.333	75	43	1	459	533	170	243	2.34e-12	63.9
DBEJMMKH_00798	MER0000589	31.967	122	40	2	140	261	1	79	2.24e-10	58.2
DBEJMMKH_00798	MER0013626	37.255	51	32	0	467	517	95	145	9.86e-10	54.3
DBEJMMKH_00801	MER0015473	25.843	178	116	5	67	231	36	210	1.06e-06	45.4
DBEJMMKH_00801	MER0035036	24.084	191	122	8	24	203	45	223	2.90e-06	44.3
DBEJMMKH_00801	MER0048181	28.169	142	90	4	68	197	1	142	3.05e-06	42.7
DBEJMMKH_00802	MER0015473	29.353	201	92	6	49	244	38	193	1.60e-10	56.2
DBEJMMKH_00802	MER0017194	25.789	190	88	2	50	233	66	208	1.84e-09	53.1
DBEJMMKH_00802	MER0015459	28.333	60	43	0	46	105	48	107	3.73e-08	49.7
DBEJMMKH_00802	MER0015458	34.921	63	41	0	46	108	50	112	8.15e-08	48.5
DBEJMMKH_00802	MER0015472	24.309	181	91	5	49	229	46	180	1.19e-07	47.8
DBEJMMKH_00802	MER0048181	26.241	141	72	2	49	188	2	111	1.55e-07	46.6
DBEJMMKH_00802	MER0015468	28.571	98	68	2	8	103	4	101	2.31e-07	46.6
DBEJMMKH_00802	MER0015462	35.417	48	31	0	46	93	46	93	8.40e-07	45.1
DBEJMMKH_00802	MER0047976	22.167	203	103	4	43	245	8	155	5.86e-06	42.4
DBEJMMKH_00802	MER0015630	25.000	212	88	7	44	244	49	200	9.68e-06	42.4
DBEJMMKH_00836	MER0005764	26.627	169	106	6	63	226	21	176	2.04e-07	50.1
DBEJMMKH_00836	MER0010960	27.586	174	101	10	42	209	5	159	1.77e-06	47.0
DBEJMMKH_00836	MER0005778	26.946	167	103	7	66	226	24	177	1.80e-06	47.0
DBEJMMKH_00836	MER0006012	30.000	140	81	7	66	202	18	143	3.52e-06	43.9
DBEJMMKH_00836	MER0000428	28.788	132	80	5	83	213	37	155	6.85e-06	45.1
DBEJMMKH_00836	MER0001944	30.323	155	80	7	65	213	23	155	7.11e-06	45.1
DBEJMMKH_00836	MER0005833	26.396	197	116	9	66	258	23	194	9.91e-06	44.7
DBEJMMKH_00842	MER0065554	47.059	255	124	2	295	539	14	267	1.80e-79	247
DBEJMMKH_00842	MER0437468	36.735	343	200	6	198	525	1	341	1.61e-71	229
DBEJMMKH_00842	MER0436717	36.341	399	185	9	198	532	1	394	1.33e-62	207
DBEJMMKH_00844	MER0045886	40.708	226	126	3	5	225	14	236	1.08e-54	181
DBEJMMKH_00844	MER0044889	33.333	225	148	1	4	226	18	242	1.93e-37	135
DBEJMMKH_00844	MER0042974	35.417	192	112	5	12	193	1	190	1.23e-33	123
DBEJMMKH_00844	MER0436735	30.769	260	142	5	4	225	3	262	1.58e-32	122
DBEJMMKH_00844	MER0038086	32.883	222	127	4	5	207	29	247	1.43e-31	119
DBEJMMKH_00844	MER0043537	34.254	181	115	2	5	182	2	181	8.35e-31	115
DBEJMMKH_00844	MER0043387	35.028	177	112	2	20	194	1	176	7.41e-28	106
DBEJMMKH_00844	MER0043392	32.203	118	79	1	66	183	42	158	7.69e-14	66.6
DBEJMMKH_00844	MER0043394	28.333	120	84	1	66	183	43	162	2.15e-11	59.3
DBEJMMKH_00844	MER0044622	28.777	139	94	2	66	202	95	230	2.97e-11	60.8
DBEJMMKH_00844	MER0045094	32.143	140	84	3	52	183	62	198	1.46e-10	58.5
DBEJMMKH_00844	MER0044882	29.139	151	99	5	46	188	25	175	1.19e-09	54.7
DBEJMMKH_00844	MER0044619	23.333	150	111	2	36	183	47	194	2.29e-08	51.6
DBEJMMKH_00844	MER0043195	24.138	145	96	3	51	182	63	206	1.40e-06	46.6
DBEJMMKH_00844	MER0043475	24.828	145	89	5	39	168	55	194	9.41e-06	43.9
DBEJMMKH_00871	MER0042827	47.475	99	52	0	978	1076	1	99	3.76e-23	92.0
DBEJMMKH_00917	MER0004196	48.101	158	78	3	194	349	2	157	3.45e-36	129
DBEJMMKH_00917	MER0001425	45.912	159	80	3	195	348	3	160	4.30e-34	124
DBEJMMKH_00917	MER0004195	41.667	156	90	1	194	349	2	156	1.54e-31	116
DBEJMMKH_00917	MER0003514	38.312	154	93	2	196	349	4	155	8.94e-31	114
DBEJMMKH_00917	MER0001297	41.026	156	90	2	194	349	2	155	3.16e-30	113
DBEJMMKH_00917	MER0003065	38.961	154	92	2	196	349	4	155	1.29e-28	108
DBEJMMKH_00917	MER0003413	33.758	157	103	1	193	349	1	156	8.91e-26	100
DBEJMMKH_00917	MER0005714	34.783	161	96	3	197	349	5	164	4.31e-25	99.0
DBEJMMKH_00917	MER0001295	33.721	172	95	4	193	349	1	168	1.07e-22	92.4
DBEJMMKH_00917	MER0015684	30.612	147	102	0	196	342	4	150	3.76e-22	90.5
DBEJMMKH_00917	MER0030244	28.947	114	70	4	225	329	48	159	3.85e-07	47.4
DBEJMMKH_00917	MER0030235	28.947	114	70	4	225	329	37	148	8.47e-07	46.2
DBEJMMKH_00935	MER0281397	23.786	206	125	7	117	298	4	201	1.34e-12	63.2
DBEJMMKH_00935	MER1143079	24.896	241	158	8	111	340	42	270	1.12e-11	61.6
DBEJMMKH_00945	MER0001244	38.636	264	147	5	175	426	2	262	2.54e-55	181
DBEJMMKH_00945	MER0013463	34.981	263	154	6	175	425	2	259	3.54e-44	152
DBEJMMKH_00945	MER0001733	31.441	229	142	1	176	389	3	231	5.04e-39	139
DBEJMMKH_00945	MER0028601	30.741	270	161	9	176	425	3	266	2.16e-38	137
DBEJMMKH_00945	MER0005462	32.129	249	141	6	174	418	1	225	3.48e-34	124
DBEJMMKH_00945	MER0004931	30.672	238	139	4	175	408	2	217	3.23e-31	116
DBEJMMKH_00945	MER0004532	30.380	237	138	5	175	407	2	215	4.88e-30	113
DBEJMMKH_00945	MER0001248	29.752	242	120	7	231	426	16	253	2.06e-28	109
DBEJMMKH_00945	MER0005715	30.328	244	132	6	175	406	2	219	1.98e-23	95.1
DBEJMMKH_00945	MER0002038	27.160	243	144	7	174	408	1	218	7.52e-19	82.0
DBEJMMKH_00945	MER0001250	25.795	283	149	11	176	407	3	275	5.47e-15	72.0
DBEJMMKH_00945	MER0027437	25.703	249	142	11	175	404	2	226	9.27e-10	55.8
DBEJMMKH_00949	MER0004469	22.323	439	230	17	3	407	2	363	2.55e-14	71.2
DBEJMMKH_00949	MER0897124	26.549	226	149	6	219	433	198	417	6.98e-10	57.4
DBEJMMKH_00949	MER0897124	29.167	96	62	3	81	174	147	238	1.14e-06	47.4
DBEJMMKH_00949	MER0004468	25.652	230	146	7	219	433	198	417	3.23e-09	55.5
DBEJMMKH_00949	MER0004468	25.806	124	88	2	81	202	147	268	5.92e-06	45.1
DBEJMMKH_00949	MER0004474	29.134	127	79	4	15	141	89	204	5.78e-09	54.3
DBEJMMKH_00949	MER0004480	30.645	124	80	3	12	135	1	118	5.85e-09	53.9
DBEJMMKH_00949	MER0004471	27.559	127	81	5	15	141	95	210	1.87e-06	46.6
DBEJMMKH_00955	MER0036485	48.780	41	15	1	34	68	5	45	1.40e-06	38.1
DBEJMMKH_00955	MER0017822	42.857	35	20	0	34	68	6	40	2.86e-06	37.0
DBEJMMKH_00961	MER0043146	47.490	259	130	2	104	356	4	262	1.11e-78	239
DBEJMMKH_00961	MER0034665	25.292	257	169	7	109	353	7	252	1.62e-15	72.8
DBEJMMKH_00961	MER0033274	28.369	141	88	6	109	245	3	134	9.53e-12	61.6
DBEJMMKH_00961	MER0033242	22.712	295	162	8	113	345	15	305	9.77e-12	62.4
DBEJMMKH_00961	MER0036046	27.007	137	78	4	115	233	1	133	1.81e-11	60.8
DBEJMMKH_00961	MER0036030	25.926	135	81	4	114	233	3	133	2.16e-11	60.8
DBEJMMKH_00961	MER0034960	23.273	275	142	10	134	350	27	290	8.52e-10	56.2
DBEJMMKH_00961	MER0036029	24.727	275	152	8	120	345	13	281	2.05e-09	55.1
DBEJMMKH_00961	MER0036033	26.562	256	161	13	128	369	20	262	6.31e-09	53.1
DBEJMMKH_00961	MER0034961	31.092	119	73	4	117	232	20	132	1.85e-08	52.4
DBEJMMKH_00961	MER0043003	24.312	218	144	9	118	322	9	218	2.91e-08	51.2
DBEJMMKH_00961	MER0034959	29.915	117	73	5	109	221	8	119	8.67e-07	47.0
DBEJMMKH_00961	MER0047634	36.066	61	31	3	165	221	18	74	9.00e-07	46.6
DBEJMMKH_00961	MER0042911	23.830	235	159	8	128	348	21	249	1.48e-06	45.8
DBEJMMKH_00961	MER0036034	26.174	149	88	6	131	266	24	163	1.54e-06	45.8
DBEJMMKH_00961	MER0033237	28.455	123	78	5	108	224	9	127	2.10e-06	45.8
DBEJMMKH_00968	MER0031562	27.149	221	146	7	76	293	33	241	3.07e-16	73.9
DBEJMMKH_01007	MER0014135	42.164	268	151	2	184	449	1	266	5.05e-77	238
DBEJMMKH_01018	MER0003380	34.468	235	145	4	151	384	14	240	9.69e-43	147
DBEJMMKH_01018	MER0069741	38.365	159	91	5	227	381	13	168	2.82e-23	93.2
DBEJMMKH_01018	MER0013541	44.706	85	47	0	282	366	1	85	4.66e-20	81.3
DBEJMMKH_01018	MER0066182	38.462	117	68	2	262	377	75	188	6.64e-20	84.3
DBEJMMKH_01018	MER0387040	40.206	97	57	1	282	377	1	97	7.75e-19	78.6
DBEJMMKH_01018	MER0001419	38.372	86	51	2	282	365	32	117	5.60e-16	71.6
DBEJMMKH_01018	MER0003376	33.784	148	66	7	247	375	19	153	5.73e-16	72.4
DBEJMMKH_01018	MER0003423	36.047	86	53	2	282	365	32	117	2.41e-14	67.0
DBEJMMKH_01018	MER0003906	36.000	100	58	3	282	375	1	100	8.54e-13	61.6
DBEJMMKH_01018	MER0015415	33.929	112	58	5	284	390	66	166	1.94e-10	56.6
DBEJMMKH_01018	MER0005300	34.409	93	61	0	283	375	66	158	8.22e-08	48.5
DBEJMMKH_01018	MER0388771	34.545	110	59	5	282	378	2	111	3.81e-07	45.4
DBEJMMKH_01018	MER0025070	34.545	110	59	5	282	378	6	115	6.40e-07	45.1
DBEJMMKH_01102	MER0031563	31.667	120	65	5	62	178	1	106	3.75e-07	47.4
DBEJMMKH_01102	MER0031570	26.064	188	110	9	62	238	1	170	1.90e-06	45.4
DBEJMMKH_01102	MER0036044	27.500	120	76	4	61	178	49	159	4.07e-06	44.7
DBEJMMKH_01102	MER0036027	27.273	121	73	5	62	178	1	110	8.03e-06	43.5
DBEJMMKH_01117	MER1143079	31.392	309	172	10	33	335	9	283	2.81e-37	132
DBEJMMKH_01117	MER0002489	29.677	310	201	6	34	334	22	323	1.83e-29	113
DBEJMMKH_01117	MER0026262	31.366	322	183	12	39	338	21	326	1.19e-28	110
DBEJMMKH_01117	MER0017069	28.852	305	192	9	44	339	20	308	1.53e-28	110
DBEJMMKH_01117	MER0000457	22.188	329	218	9	36	351	23	326	2.22e-23	96.3
DBEJMMKH_01117	MER0000459	25.602	332	224	10	23	343	11	330	3.12e-22	93.2
DBEJMMKH_01117	MER0028284	28.571	308	171	13	52	337	33	313	1.05e-20	88.6
DBEJMMKH_01117	MER0011700	26.549	339	197	13	39	337	21	347	1.34e-19	85.9
DBEJMMKH_01117	MER0003802	27.941	340	200	12	24	353	5	309	1.48e-19	85.1
DBEJMMKH_01117	MER0140154	25.294	340	205	12	39	339	6	335	3.85e-19	84.0
DBEJMMKH_01117	MER0005964	24.654	361	230	14	23	352	8	357	8.53e-19	83.2
DBEJMMKH_01117	MER0005925	27.052	329	201	14	34	341	16	326	2.17e-18	82.0
DBEJMMKH_01117	MER0219770	26.335	281	173	10	54	322	34	292	1.97e-14	70.1
DBEJMMKH_01117	MER0006204	24.286	210	139	7	20	211	4	211	2.23e-14	70.5
DBEJMMKH_01117	MER0004090	25.199	377	205	20	22	341	10	366	9.69e-14	68.6
DBEJMMKH_01117	MER0000463	25.197	254	159	9	54	300	35	264	7.64e-13	65.5
DBEJMMKH_01117	MER0005923	25.234	321	155	13	38	283	27	337	5.16e-11	60.5
DBEJMMKH_01117	MER0122661	35.220	159	85	7	69	216	51	202	7.77e-11	59.3
DBEJMMKH_01117	MER0005836	28.342	187	98	8	39	204	30	201	1.11e-10	58.2
DBEJMMKH_01117	MER0354941	25.888	197	124	8	26	202	1	195	1.96e-08	50.8
DBEJMMKH_01117	MER0034963	27.632	152	98	4	21	165	5	151	7.69e-08	50.4
DBEJMMKH_01117	MER0003800	24.034	233	151	9	22	230	17	247	1.40e-07	49.7
DBEJMMKH_01143	MER0013479	35.045	331	195	10	39	363	1	317	3.32e-58	188
DBEJMMKH_01143	MER0013425	30.645	186	120	4	116	296	94	275	1.17e-25	102
DBEJMMKH_01143	MER0032370	23.288	292	184	6	80	363	71	330	7.70e-23	95.1
DBEJMMKH_01143	MER0011343	26.471	272	163	7	98	363	99	339	8.50e-19	83.6
DBEJMMKH_01143	MER0011422	24.723	271	168	5	99	363	106	346	2.51e-18	82.0
DBEJMMKH_01143	MER0001260	23.333	270	168	6	101	363	100	337	2.66e-15	73.2
DBEJMMKH_01143	MER0013499	23.735	257	149	7	118	363	111	331	3.66e-15	72.8
DBEJMMKH_01143	MER0006319	26.506	166	118	2	83	245	83	247	1.37e-14	71.2
DBEJMMKH_01143	MER0015155	21.401	257	155	8	118	363	111	331	9.93e-13	65.5
DBEJMMKH_01143	MER0001265	23.529	204	142	6	88	280	94	294	6.08e-12	62.8
DBEJMMKH_01143	MER0013496	19.435	283	178	9	92	363	31	274	2.27e-10	58.2
DBEJMMKH_01148	MER0000392	50.709	282	129	4	430	702	3	283	2.16e-94	291
DBEJMMKH_01148	MER0005694	49.286	280	141	1	420	699	3	281	4.96e-93	287
DBEJMMKH_01148	MER0015621	52.330	279	116	4	430	692	13	290	4.97e-92	285
DBEJMMKH_01148	MER0022823	53.903	269	115	7	430	691	3	269	5.11e-89	277
DBEJMMKH_01148	MER0981959	48.571	280	126	6	429	692	1	278	3.57e-86	270
DBEJMMKH_01148	MER0002490	48.097	289	123	7	429	692	12	298	2.39e-85	268
DBEJMMKH_01148	MER0011450	50.185	271	124	5	430	691	3	271	8.26e-84	263
DBEJMMKH_01148	MER0079308	48.120	266	134	4	433	696	6	269	1.46e-82	259
DBEJMMKH_01148	MER0325901	44.891	274	146	5	430	699	1	273	3.24e-69	224
DBEJMMKH_01148	MER0000398	44.141	256	130	8	441	696	11	253	4.81e-58	194
DBEJMMKH_01148	MER0003229	41.410	227	129	3	430	655	11	234	2.68e-55	187
DBEJMMKH_01148	MER0000410	28.881	277	191	4	429	702	12	285	2.99e-36	135
DBEJMMKH_01148	MER0011872	26.103	272	195	3	433	699	16	286	1.74e-27	109
DBEJMMKH_01148	MER0082653	28.800	250	156	7	444	672	16	264	3.57e-25	102
DBEJMMKH_01148	MER0082498	28.571	252	157	7	444	672	12	263	7.08e-25	102
DBEJMMKH_01148	MER0004227	30.000	200	136	2	444	640	33	231	3.11e-24	100
DBEJMMKH_01148	MER0001920	26.804	194	118	7	505	692	69	244	6.72e-09	53.9
DBEJMMKH_01148	MER0005807	23.744	219	158	4	437	655	34	243	1.50e-07	50.4
DBEJMMKH_01148	MER0004923	22.840	162	116	5	432	585	32	192	9.48e-06	44.7
DBEJMMKH_01162	MER0005300	27.642	123	82	3	279	400	46	162	8.08e-09	51.6
DBEJMMKH_01185	MER0069741	40.000	95	55	2	188	282	70	162	1.62e-16	72.8
DBEJMMKH_01185	MER0005300	33.051	118	74	2	173	286	46	162	9.22e-16	70.5
DBEJMMKH_01185	MER0003380	32.331	133	79	3	160	282	100	231	2.05e-15	71.2
DBEJMMKH_01185	MER0003376	29.008	131	77	4	175	290	32	161	7.14e-13	62.4
DBEJMMKH_01185	MER0003906	37.143	105	59	3	188	286	1	104	3.11e-12	58.9
DBEJMMKH_01185	MER0387040	32.000	100	66	2	188	286	1	99	5.54e-12	58.2
DBEJMMKH_01185	MER0066182	32.039	103	68	2	185	286	89	190	6.84e-12	60.5
DBEJMMKH_01185	MER0003423	35.165	91	48	4	188	272	32	117	7.09e-10	53.5
DBEJMMKH_01185	MER0013541	33.721	86	56	1	188	273	1	85	1.48e-09	51.2
DBEJMMKH_01185	MER0001419	35.165	91	48	4	188	272	32	117	1.58e-09	52.4
DBEJMMKH_01185	MER0015415	29.670	91	62	2	184	273	60	149	3.73e-07	46.2
DBEJMMKH_01201	MER0369336	25.574	305	193	10	99	391	1	283	4.78e-10	57.4
DBEJMMKH_01201	MER0003369	29.299	157	96	5	46	192	7	158	1.45e-09	55.8
DBEJMMKH_01201	MER0001266	23.901	364	246	12	39	386	4	352	3.83e-09	55.1
DBEJMMKH_01201	MER0028941	23.670	376	251	16	61	420	7	362	3.49e-08	52.0
DBEJMMKH_01205	MER0003336	54.815	135	56	2	184	313	1	135	6.92e-49	157
DBEJMMKH_01205	MER0011465	40.000	120	70	1	184	303	1	118	3.86e-23	90.1
DBEJMMKH_01205	MER0017622	34.951	206	112	7	56	241	32	235	1.50e-22	91.7
DBEJMMKH_01205	MER0003299	36.567	134	79	2	184	313	1	132	7.91e-18	75.9
DBEJMMKH_01205	MER0003338	31.061	132	82	4	184	311	1	127	1.12e-13	64.3
DBEJMMKH_01205	MER0003303	44.444	72	39	1	184	255	1	71	5.64e-11	56.6
DBEJMMKH_01205	MER0013976	48.333	60	30	1	184	243	1	59	2.29e-09	51.6
DBEJMMKH_01205	MER0034967	24.468	188	107	7	84	243	3	183	8.78e-07	45.8
DBEJMMKH_01205	MER0016969	27.049	122	62	5	184	278	1	122	9.71e-07	45.1
DBEJMMKH_01212	MER0069741	36.290	124	50	4	45	168	69	163	7.24e-16	72.8
DBEJMMKH_01212	MER0003380	31.707	123	56	5	46	168	138	232	3.47e-09	54.3
DBEJMMKH_01212	MER0015415	24.390	164	83	6	21	167	25	164	7.94e-08	49.3
DBEJMMKH_01212	MER0003376	30.534	131	48	6	46	167	45	141	5.36e-07	46.6
DBEJMMKH_01212	MER0003423	27.612	134	66	4	46	173	32	140	9.02e-07	45.4
DBEJMMKH_01212	MER0013541	33.766	77	28	2	80	156	32	85	2.94e-06	42.7
DBEJMMKH_01221	MER0013829	30.484	351	231	6	11	356	6	348	1.38e-53	177
DBEJMMKH_01221	MER0005169	30.259	347	227	6	10	351	5	341	8.37e-50	167
DBEJMMKH_01221	MER0004410	30.571	350	230	8	10	353	5	347	4.69e-47	160
DBEJMMKH_01221	MER0005472	32.941	340	200	9	10	342	5	323	8.61e-44	151
DBEJMMKH_01221	MER0002043	28.614	332	207	8	24	342	31	345	1.89e-36	132
DBEJMMKH_01221	MER0002046	29.326	341	220	9	9	346	4	326	2.08e-33	123
DBEJMMKH_01221	MER0005160	28.947	342	218	10	7	342	2	324	4.05e-27	106
DBEJMMKH_01221	MER0022215	23.513	353	238	7	9	350	3	334	1.53e-24	99.8
DBEJMMKH_01221	MER0002040	27.483	302	197	10	62	353	59	348	5.35e-23	95.5
DBEJMMKH_01221	MER0025084	23.164	354	240	12	8	347	3	338	1.09e-09	55.8
DBEJMMKH_01228	MER0001202	34.314	102	48	4	133	231	63	148	3.70e-06	47.0
DBEJMMKH_01245	MER0005244	37.569	181	113	0	261	441	3	183	1.18e-39	139
DBEJMMKH_01245	MER0005241	31.019	216	124	7	259	455	1	210	3.66e-20	86.3
DBEJMMKH_01245	MER0004514	33.981	103	60	1	263	357	36	138	1.90e-12	63.9
DBEJMMKH_01245	MER0001284	33.010	103	61	1	263	357	36	138	3.37e-12	63.2
DBEJMMKH_01245	MER0005131	28.571	147	84	6	260	394	35	172	3.73e-10	57.4
DBEJMMKH_01245	MER0002104	34.653	101	60	3	262	358	66	164	1.74e-09	55.5
DBEJMMKH_01245	MER0005238	32.673	101	62	3	262	358	66	164	3.54e-09	54.7
DBEJMMKH_01245	MER0001911	34.653	101	64	1	260	360	38	136	1.86e-08	52.0
DBEJMMKH_01245	MER0015691	34.118	85	51	2	263	344	53	135	4.37e-08	50.8
DBEJMMKH_01245	MER0100667	36.047	86	42	3	261	339	22	101	4.64e-08	50.4
DBEJMMKH_01245	MER0005239	32.039	103	59	3	244	342	55	150	2.85e-07	48.9
DBEJMMKH_01245	MER0002161	30.864	81	55	1	259	339	62	141	6.43e-07	47.8
DBEJMMKH_01245	MER0001289	28.814	118	75	3	222	339	29	137	6.86e-07	47.4
DBEJMMKH_01245	MER0005139	29.167	96	62	2	263	354	63	156	9.93e-07	47.0
DBEJMMKH_01245	MER0005149	34.524	84	49	3	263	342	65	146	2.38e-06	45.8
DBEJMMKH_01245	MER0037181	30.864	81	55	1	259	339	62	141	3.82e-06	45.1
DBEJMMKH_01245	MER0002105	25.385	130	90	3	256	380	51	178	4.98e-06	44.7
DBEJMMKH_01245	MER0015336	30.120	83	53	2	263	342	62	142	8.91e-06	43.9
DBEJMMKH_01262	MER0028025	48.408	157	80	1	7	163	13	168	2.04e-45	152
DBEJMMKH_01262	MER0028025	50.000	78	39	0	273	350	171	248	5.14e-16	73.6
DBEJMMKH_01262	MER0238460	26.061	330	204	10	47	341	80	404	1.85e-15	73.6
DBEJMMKH_01262	MER0001273	34.444	180	93	9	1	161	1	174	2.11e-15	72.4
DBEJMMKH_01262	MER0003798	25.974	308	187	10	60	329	96	400	5.86e-15	72.4
DBEJMMKH_01262	MER0038758	22.466	365	238	14	7	348	9	351	1.40e-13	67.8
DBEJMMKH_01262	MER0001272	26.380	163	105	5	7	158	6	164	3.35e-10	57.0
DBEJMMKH_01262	MER0001266	26.667	255	160	9	7	244	22	266	1.76e-09	55.5
DBEJMMKH_01262	MER0003397	26.570	207	119	9	8	186	21	222	5.16e-09	53.5
DBEJMMKH_01262	MER0026479	30.625	160	94	4	10	161	13	163	4.25e-08	50.4
DBEJMMKH_01262	MER0026485	24.176	182	110	8	2	156	14	194	6.37e-07	47.4
DBEJMMKH_01262	MER0026494	33.696	92	55	4	56	143	88	177	4.21e-06	45.1
DBEJMMKH_01295	MER0004146	29.921	254	147	11	54	288	8	249	4.56e-23	92.8
DBEJMMKH_01295	MER0031611	26.054	261	176	6	60	307	35	291	1.14e-19	84.3
DBEJMMKH_01295	MER0036053	27.376	263	162	7	57	295	1	258	4.26e-19	82.0
DBEJMMKH_01295	MER0037236	25.197	254	176	6	54	297	9	258	7.63e-18	78.6
DBEJMMKH_01295	MER0036059	24.000	350	171	12	41	297	2	349	7.60e-15	70.9
DBEJMMKH_01295	MER0036065	24.206	252	167	8	65	295	3	251	8.68e-14	67.0
DBEJMMKH_01295	MER0014065	21.311	305	180	7	51	295	19	323	9.08e-14	67.8
DBEJMMKH_01295	MER0036067	25.203	246	168	9	65	300	52	291	8.74e-13	64.3
DBEJMMKH_01295	MER0035973	23.770	244	159	11	65	297	57	284	4.74e-12	62.4
DBEJMMKH_01295	MER0036115	30.189	106	73	1	61	165	32	137	9.96e-12	61.2
DBEJMMKH_01295	MER0036068	25.000	244	163	8	65	295	54	290	4.92e-11	59.3
DBEJMMKH_01295	MER0036074	20.796	226	138	4	119	304	176	400	7.87e-11	59.3
DBEJMMKH_01295	MER0036054	21.739	253	176	5	65	295	17	269	5.47e-10	55.8
DBEJMMKH_01295	MER0036066	26.316	247	159	10	65	297	1	238	6.80e-10	55.5
DBEJMMKH_01295	MER0035038	33.333	99	65	1	64	161	30	128	2.48e-09	54.3
DBEJMMKH_01295	MER0031616	23.574	263	159	8	58	287	33	286	2.48e-09	54.3
DBEJMMKH_01295	MER0031617	20.000	270	188	10	50	297	18	281	5.99e-09	52.8
DBEJMMKH_01295	MER0017193	23.830	235	142	7	54	266	15	234	8.11e-09	52.4
DBEJMMKH_01295	MER0011509	23.188	276	162	12	59	295	33	297	3.15e-08	50.8
DBEJMMKH_01295	MER0017177	26.957	115	82	2	51	163	21	135	6.63e-08	50.1
DBEJMMKH_01295	MER0035032	31.313	99	67	1	64	161	31	129	1.08e-07	49.3
DBEJMMKH_01295	MER0036064	24.280	243	162	7	64	295	27	258	2.16e-07	48.1
DBEJMMKH_01295	MER0017033	24.820	278	177	10	30	295	38	295	2.20e-07	48.1
DBEJMMKH_01295	MER0000436	22.846	267	180	9	64	307	23	286	2.58e-07	48.1
DBEJMMKH_01295	MER0213280	31.000	100	68	1	64	162	30	129	4.49e-07	47.4
DBEJMMKH_01295	MER0025512	20.312	256	179	8	60	295	45	295	4.70e-07	47.4
DBEJMMKH_01295	MER0044350	29.126	103	71	1	64	164	1	103	1.05e-06	45.8
DBEJMMKH_01295	MER0000437	24.000	300	184	14	44	308	5	295	1.65e-06	45.4
DBEJMMKH_01295	MER0183709	29.752	121	77	5	65	178	36	155	1.79e-06	45.4
DBEJMMKH_01295	MER0017142	23.108	251	172	8	56	297	5	243	1.82e-06	45.1
DBEJMMKH_01295	MER0035044	32.609	92	61	1	64	154	33	124	1.95e-06	45.4
DBEJMMKH_01295	MER0035043	22.667	150	107	2	64	204	35	184	2.44e-06	45.1
DBEJMMKH_01295	MER0003537	24.088	274	171	8	61	307	20	283	3.11e-06	44.7
DBEJMMKH_01295	MER0011785	33.333	114	69	3	58	165	28	140	5.69e-06	43.9
DBEJMMKH_01295	MER0036078	35.185	54	35	0	242	295	188	241	6.15e-06	43.5
DBEJMMKH_01295	MER0036075	27.419	124	85	3	25	143	29	152	9.68e-06	43.5
DBEJMMKH_01304	MER0000410	56.383	282	122	1	434	715	1	281	6.23e-117	350
DBEJMMKH_01304	MER0011872	41.825	263	150	2	452	711	18	280	4.90e-66	217
DBEJMMKH_01304	MER0082498	44.086	279	128	9	457	711	6	280	3.41e-64	212
DBEJMMKH_01304	MER0005694	33.083	266	166	3	451	711	17	275	9.77e-49	170
DBEJMMKH_01304	MER0000392	32.000	275	174	5	446	710	2	273	7.70e-42	150
DBEJMMKH_01304	MER0079308	33.333	267	167	6	449	710	5	265	2.23e-41	149
DBEJMMKH_01304	MER0015621	29.293	297	189	6	436	715	3	295	2.78e-38	141
DBEJMMKH_01304	MER0022823	33.984	256	159	6	447	695	3	255	8.33e-38	139
DBEJMMKH_01304	MER0004227	37.745	204	126	1	456	658	28	231	8.67e-37	137
DBEJMMKH_01304	MER0002490	26.578	301	188	7	437	710	4	298	1.42e-33	128
DBEJMMKH_01304	MER0325901	30.882	272	177	7	451	714	5	273	2.70e-33	126
DBEJMMKH_01304	MER0082653	32.328	232	142	7	461	678	16	246	3.92e-33	125
DBEJMMKH_01304	MER0981959	28.014	282	182	5	446	710	1	278	4.30e-33	125
DBEJMMKH_01304	MER0011450	30.233	258	166	5	446	693	2	255	8.71e-33	125
DBEJMMKH_01304	MER0003229	28.358	268	178	6	447	710	11	268	9.10e-30	116
DBEJMMKH_01304	MER0000398	27.381	252	167	6	461	711	14	250	1.09e-25	103
