JNONHPJE_00015	MER0033186	39.375	320	186	4	67	381	1	317	3.34e-66	211
JNONHPJE_00026	MER0004090	28.535	389	226	11	608	970	1	363	2.69e-35	135
JNONHPJE_00026	MER0035017	27.885	416	241	15	616	993	1	395	3.66e-34	132
JNONHPJE_00026	MER0003800	29.040	396	219	15	606	970	6	370	8.72e-32	125
JNONHPJE_00026	MER0354941	25.714	210	120	6	632	828	11	197	7.81e-12	62.4
JNONHPJE_00026	MER0006204	20.721	222	151	6	613	828	2	204	8.54e-11	61.6
JNONHPJE_00026	MER0011700	23.843	281	179	12	621	890	6	262	3.65e-10	59.7
JNONHPJE_00026	MER0026262	19.217	281	192	7	616	891	1	251	4.16e-10	59.3
JNONHPJE_00026	MER0122661	22.946	353	209	12	634	968	17	324	1.91e-09	57.4
JNONHPJE_00026	MER0140154	19.697	198	145	4	632	826	2	188	9.13e-06	45.8
JNONHPJE_00043	MER0025086	54.472	123	50	2	185	301	1	123	9.85e-40	133
JNONHPJE_00043	MER0029657	45.528	123	57	5	184	301	28	145	2.37e-20	82.8
JNONHPJE_00043	MER0011122	35.115	131	70	6	185	301	17	146	9.69e-14	64.7
JNONHPJE_00043	MER0002084	25.131	191	124	6	79	253	5	192	3.68e-07	47.0
JNONHPJE_00047	MER0027775	34.746	118	75	2	85	202	1	116	1.76e-22	85.5
JNONHPJE_00047	MER0001602	30.282	142	75	2	85	205	1	139	5.67e-18	74.3
JNONHPJE_00060	MER0001322	36.190	105	54	4	131	230	1	97	1.22e-15	68.2
JNONHPJE_00060	MER0014188	38.462	91	50	3	131	220	1	86	2.85e-15	67.0
JNONHPJE_00060	MER0002443	41.860	86	47	3	138	221	8	92	2.70e-12	59.3
JNONHPJE_00060	MER0024252	40.741	81	46	2	143	223	14	92	1.53e-11	57.4
JNONHPJE_00060	MER0003986	37.234	94	55	4	131	221	1	93	4.04e-11	55.8
JNONHPJE_00060	MER0003807	35.484	93	56	3	131	220	1	92	1.13e-10	54.7
JNONHPJE_00060	MER0376722	32.292	96	52	2	131	221	1	88	1.98e-10	53.5
JNONHPJE_00060	MER0003805	36.957	92	51	3	131	220	1	87	2.27e-10	53.9
JNONHPJE_00060	MER0377310	34.314	102	63	3	131	231	1	99	2.85e-10	53.1
JNONHPJE_00060	MER0377307	34.314	102	63	3	131	231	1	99	2.85e-10	53.1
JNONHPJE_00060	MER0003808	34.066	91	57	2	131	221	1	88	2.92e-10	53.5
JNONHPJE_00060	MER0002450	34.314	102	63	3	131	231	1	99	3.52e-10	53.1
JNONHPJE_00060	MER0377450	36.957	92	51	3	131	220	1	87	4.24e-10	52.4
JNONHPJE_00060	MER0377178	34.314	102	63	3	131	231	1	99	6.29e-09	49.7
JNONHPJE_00060	MER0004035	38.750	80	46	3	143	221	10	87	1.13e-08	48.9
JNONHPJE_00060	MER0004054	35.106	94	55	5	132	220	2	94	9.22e-08	46.6
JNONHPJE_00083	MER0005169	32.635	334	214	6	14	344	6	331	1.23e-53	177
JNONHPJE_00083	MER0013829	31.073	354	227	8	13	359	5	348	5.93e-52	173
JNONHPJE_00083	MER0005472	31.198	359	215	9	1	355	1	331	1.39e-40	142
JNONHPJE_00083	MER0004410	29.310	348	221	10	14	349	6	340	1.80e-40	143
JNONHPJE_00083	MER0002046	30.000	310	196	9	43	349	35	326	6.39e-36	130
JNONHPJE_00083	MER0002043	26.479	355	229	10	5	345	9	345	3.22e-33	124
JNONHPJE_00083	MER0005160	32.069	290	168	11	65	345	55	324	1.04e-31	119
JNONHPJE_00083	MER0022215	24.522	314	213	9	49	355	40	336	6.76e-23	95.1
JNONHPJE_00083	MER0002040	27.622	286	186	10	61	337	56	329	2.51e-22	93.6
JNONHPJE_00124	MER0015462	34.694	147	85	3	36	180	40	177	6.42e-14	64.3
JNONHPJE_00124	MER0048181	29.577	142	85	1	44	170	1	142	8.02e-14	63.2
JNONHPJE_00124	MER0015473	29.054	148	88	4	44	176	37	182	1.49e-11	58.5
JNONHPJE_00124	MER0015472	31.034	145	88	4	40	176	41	181	1.30e-10	55.8
JNONHPJE_00124	MER0015459	38.554	83	47	1	36	118	42	120	1.57e-08	50.1
JNONHPJE_00124	MER0015659	37.349	83	49	1	36	118	42	121	1.81e-08	49.7
JNONHPJE_00124	MER0015630	30.519	154	78	5	43	184	52	188	2.82e-07	46.2
JNONHPJE_00124	MER0015686	32.237	152	92	5	36	184	42	185	3.90e-07	45.8
JNONHPJE_00124	MER0015633	33.735	83	52	1	36	118	42	121	6.31e-07	45.4
JNONHPJE_00124	MER0030047	30.370	135	83	4	47	174	1	131	7.74e-07	43.9
JNONHPJE_00124	MER0015631	29.412	153	97	6	36	184	44	189	8.18e-07	45.1
JNONHPJE_00124	MER0015632	27.273	165	100	5	36	190	37	191	1.93e-06	43.9
JNONHPJE_00124	MER0026215	29.801	151	73	7	39	176	20	150	7.99e-06	42.0
JNONHPJE_00129	MER0001978	46.283	538	281	4	28	560	21	555	1.78e-170	491
JNONHPJE_00129	MER0011811	35.110	544	316	12	26	549	19	545	4.51e-85	272
JNONHPJE_00129	MER0011800	32.784	485	308	10	28	504	21	495	1.02e-81	263
JNONHPJE_00129	MER0011211	30.590	559	341	16	27	560	20	556	9.40e-72	236
JNONHPJE_00129	MER0005029	32.537	544	313	19	41	552	1	522	1.11e-69	230
JNONHPJE_00129	MER0011215	32.879	514	311	16	31	526	1	498	2.66e-68	226
JNONHPJE_00129	MER0011143	33.068	502	281	15	31	506	24	496	4.68e-68	227
JNONHPJE_00129	MER0005831	31.685	546	334	17	29	552	22	550	5.91e-67	224
JNONHPJE_00129	MER0001629	31.478	521	333	13	30	538	23	531	1.59e-66	223
JNONHPJE_00129	MER0006124	32.188	553	333	19	30	557	23	558	1.72e-66	223
JNONHPJE_00129	MER0003580	32.238	487	308	10	29	504	22	497	6.48e-63	213
JNONHPJE_00129	MER0004194	34.000	500	286	18	42	517	1	480	1.98e-62	211
JNONHPJE_00129	MER0004202	26.972	545	332	16	31	552	7	508	6.29e-55	191
JNONHPJE_00129	MER0002720	30.451	532	288	18	33	549	6	470	2.36e-53	185
JNONHPJE_00129	MER0002728	32.645	533	316	19	27	525	20	543	3.79e-53	187
JNONHPJE_00129	MER0001977	26.619	556	351	17	40	560	33	566	2.68e-49	176
JNONHPJE_00129	MER0011193	25.461	542	369	17	30	552	20	545	4.09e-40	150
JNONHPJE_00129	MER0094876	25.370	540	356	15	31	552	1	511	1.66e-37	142
JNONHPJE_00129	MER0016970	25.047	527	329	18	27	523	19	509	2.20e-33	130
JNONHPJE_00129	MER0006132	22.669	622	359	19	31	553	24	622	4.90e-30	121
JNONHPJE_00129	MER0002718	37.500	192	110	4	319	504	3	190	9.98e-29	110
JNONHPJE_00129	MER0003440	26.107	429	262	13	30	453	23	401	6.21e-23	98.2
JNONHPJE_00129	MER0002721	31.148	244	124	7	323	538	4	231	3.36e-22	93.2
JNONHPJE_00129	MER0026205	37.209	172	102	6	369	538	37	204	1.87e-21	90.1
JNONHPJE_00129	MER0026204	27.273	209	140	4	30	234	23	223	1.83e-18	81.6
JNONHPJE_00129	MER0001976	34.884	172	96	7	369	538	37	194	1.27e-16	75.9
JNONHPJE_00129	MER0026207	26.852	216	117	7	323	538	4	178	9.77e-12	61.2
JNONHPJE_00129	MER0037241	28.448	116	80	1	125	237	113	228	1.85e-08	52.0
JNONHPJE_00129	MER0159283	20.856	187	116	3	29	210	5	164	1.21e-07	50.4
JNONHPJE_00129	MER0016605	25.185	135	76	3	33	165	9	120	8.31e-07	48.1
JNONHPJE_00136	MER0069741	31.200	125	70	6	67	187	40	152	1.02e-07	47.4
JNONHPJE_00157	MER0044622	39.267	191	108	5	2	186	26	214	8.57e-45	146
JNONHPJE_00157	MER0045094	38.503	187	109	4	2	184	12	196	7.88e-44	143
JNONHPJE_00157	MER0044882	42.105	171	92	5	24	187	1	171	5.33e-41	134
JNONHPJE_00157	MER0043394	40.491	163	92	3	27	186	2	162	1.98e-40	132
JNONHPJE_00157	MER0043392	38.554	166	90	6	30	187	1	162	1.54e-34	117
JNONHPJE_00157	MER0044619	32.124	193	117	8	3	187	9	195	2.24e-21	84.7
JNONHPJE_00157	MER0043195	28.643	199	124	5	5	185	8	206	1.36e-17	75.1
JNONHPJE_00157	MER0045095	30.622	209	120	8	4	187	17	225	7.14e-17	73.2
JNONHPJE_00157	MER0043537	26.738	187	129	6	4	187	2	183	3.38e-16	70.1
JNONHPJE_00157	MER0044812	25.904	166	110	5	16	177	68	224	3.53e-11	57.4
JNONHPJE_00157	MER0045886	30.357	112	75	3	75	186	85	193	1.22e-09	52.8
JNONHPJE_00157	MER0045945	30.220	182	106	8	2	176	32	199	1.67e-09	52.4
JNONHPJE_00157	MER0043387	32.192	146	89	6	44	186	27	165	3.93e-09	50.8
JNONHPJE_00157	MER0038086	29.915	117	75	3	75	186	109	223	6.12e-09	50.8
JNONHPJE_00157	MER0060647	26.596	188	117	9	2	182	173	346	2.94e-07	46.2
JNONHPJE_00157	MER0436735	27.586	174	91	8	47	186	48	220	8.23e-07	44.7
JNONHPJE_00157	MER0044889	30.357	112	75	3	75	186	91	199	8.34e-07	44.7
JNONHPJE_00157	MER0436691	27.820	133	83	4	44	171	101	225	1.64e-06	43.9
JNONHPJE_00157	MER0115185	28.986	138	83	5	45	177	8	135	2.16e-06	42.4
JNONHPJE_00195	MER0056525	52.321	237	110	2	403	638	1	235	2.51e-84	262
JNONHPJE_00195	MER0005496	49.130	230	116	1	403	632	1	229	4.25e-78	246
JNONHPJE_00195	MER0015609	50.649	231	109	2	403	632	1	227	1.55e-77	245
JNONHPJE_00195	MER0011748	50.216	231	112	2	403	632	1	229	1.17e-76	243
JNONHPJE_00195	MER0011224	45.887	231	122	2	403	632	1	229	4.71e-73	233
JNONHPJE_00195	MER0023544	46.058	241	127	3	403	641	1	240	7.31e-72	230
JNONHPJE_00195	MER0015195	47.619	231	118	3	403	632	1	229	5.65e-71	228
JNONHPJE_00195	MER0002605	42.857	231	128	2	403	632	1	228	1.23e-64	211
JNONHPJE_00195	MER0015194	43.290	231	126	2	404	632	2	229	5.09e-64	209
JNONHPJE_00195	MER0002600	40.260	231	135	2	403	632	1	229	1.93e-60	199
JNONHPJE_00195	MER0171760	37.778	270	157	5	368	632	1	264	3.85e-60	199
JNONHPJE_00195	MER0014306	39.485	233	140	1	403	635	1	232	7.30e-59	196
JNONHPJE_00195	MER0024898	42.241	232	131	3	403	632	1	231	4.94e-58	194
JNONHPJE_00195	MER0004454	40.969	227	133	1	403	628	1	227	2.61e-56	189
JNONHPJE_00195	MER0015199	42.857	231	127	2	403	628	1	231	2.71e-54	184
JNONHPJE_00195	MER0005466	38.333	240	141	4	404	637	2	240	3.15e-53	179
JNONHPJE_00195	MER0002602	40.271	221	126	2	404	618	2	222	1.88e-50	173
JNONHPJE_00195	MER0001620	38.983	236	137	3	403	631	1	236	3.33e-48	167
JNONHPJE_00195	MER0002563	37.607	234	136	4	404	627	2	235	1.22e-46	162
JNONHPJE_00195	MER0002408	38.034	234	136	5	403	629	1	232	3.95e-44	155
JNONHPJE_00195	MER0017637	39.149	235	131	5	404	627	2	235	8.87e-44	154
JNONHPJE_00195	MER0015197	36.916	214	132	2	415	626	13	225	1.10e-41	149
JNONHPJE_00195	MER0015137	34.615	234	144	5	403	629	1	232	5.93e-41	146
JNONHPJE_00195	MER0011745	33.621	232	145	5	403	627	1	230	1.67e-40	145
JNONHPJE_00195	MER0015193	36.910	233	137	6	403	627	1	231	5.30e-40	143
JNONHPJE_00195	MER0015690	38.532	218	122	6	403	608	1	218	1.69e-36	134
JNONHPJE_00195	MER0002608	36.681	229	141	3	404	628	2	230	5.59e-36	133
JNONHPJE_00195	MER0190705	33.766	231	142	3	404	632	1	222	2.56e-35	130
JNONHPJE_00195	MER0190577	32.895	228	139	3	403	627	1	217	3.11e-35	130
JNONHPJE_00195	MER0005755	35.931	231	135	5	404	630	2	223	3.78e-35	129
JNONHPJE_00195	MER0011120	38.991	218	121	6	403	608	1	218	3.85e-35	130
JNONHPJE_00195	MER0002197	32.766	235	147	3	403	634	1	227	1.01e-33	126
JNONHPJE_00195	MER0014324	35.088	228	134	4	403	627	1	217	7.50e-33	123
JNONHPJE_00195	MER0024900	32.759	232	144	5	404	631	2	225	1.20e-30	117
JNONHPJE_00195	MER0001246	31.319	182	113	4	414	592	1	173	9.99e-21	87.0
JNONHPJE_00195	MER0015204	27.309	249	144	8	404	618	2	247	1.50e-18	83.6
JNONHPJE_00206	MER0000432	40.240	333	167	6	74	374	1	333	3.50e-70	220
JNONHPJE_00289	MER0003802	28.736	174	101	6	56	212	5	172	4.10e-07	47.8
JNONHPJE_00315	MER0004466	35.314	303	168	8	10	309	1	278	2.50e-45	154
JNONHPJE_00315	MER0002454	26.941	219	138	6	59	275	43	241	7.81e-12	62.0
JNONHPJE_00403	MER0005767	25.185	270	165	7	47	315	25	258	7.16e-13	65.9
JNONHPJE_00405	MER0209507	29.167	96	66	1	102	195	10	105	3.25e-08	47.4
JNONHPJE_00405	MER0200434	30.612	98	66	2	89	185	3	99	2.42e-06	42.0
JNONHPJE_00436	MER0047723	45.511	479	253	4	7	481	1	475	1.05e-145	422
JNONHPJE_00436	MER0001283	41.942	484	280	1	4	487	2	484	2.68e-140	409
JNONHPJE_00436	MER0028941	30.128	156	85	5	13	156	2	145	9.41e-10	57.0
JNONHPJE_00445	MER0001521	31.208	298	163	10	154	447	8	267	6.88e-24	98.6
JNONHPJE_00445	MER0000313	31.208	298	163	10	154	447	8	267	2.68e-23	96.7
JNONHPJE_00445	MER0001755	31.208	298	163	10	154	447	8	267	2.70e-23	96.7
JNONHPJE_00445	MER0001523	31.544	298	162	12	154	447	8	267	9.29e-21	89.4
JNONHPJE_00445	MER0000312	31.544	298	162	12	154	447	8	267	9.29e-21	89.4
JNONHPJE_00445	MER0000310	29.197	274	158	8	154	426	8	246	1.01e-18	83.2
JNONHPJE_00445	MER0001520	28.904	301	160	12	154	447	8	261	2.09e-17	79.3
JNONHPJE_00445	MER0000315	28.571	301	161	12	154	447	8	261	6.32e-17	77.8
JNONHPJE_00445	MER0001906	28.571	301	161	12	154	447	8	261	1.13e-16	77.0
JNONHPJE_00445	MER0001699	27.609	297	171	11	161	453	15	271	1.97e-16	76.6
JNONHPJE_00445	MER0175622	27.815	302	167	10	156	438	15	284	5.37e-16	75.9
JNONHPJE_00445	MER0000332	30.175	285	146	11	170	446	23	262	9.45e-16	74.3
JNONHPJE_00445	MER0019280	29.553	291	168	12	168	446	29	294	1.08e-15	74.7
JNONHPJE_00445	MER0004123	27.246	345	188	13	135	446	9	323	1.31e-15	75.1
JNONHPJE_00445	MER0000311	27.667	300	171	12	154	447	8	267	2.89e-15	73.2
JNONHPJE_00445	MER0003536	29.181	281	150	13	164	426	25	274	4.20e-15	73.2
JNONHPJE_00445	MER0013656	25.166	302	170	11	154	447	7	260	3.14e-14	70.1
JNONHPJE_00445	MER0001928	26.829	287	162	12	165	447	19	261	6.57e-14	68.9
JNONHPJE_00445	MER0000319	27.465	284	162	12	168	447	29	272	1.66e-13	67.8
JNONHPJE_00445	MER0077555	28.125	288	162	13	165	447	19	266	7.07e-13	65.9
JNONHPJE_00445	MER0016688	29.210	291	151	15	167	429	28	291	1.13e-12	65.9
JNONHPJE_00445	MER0002267	27.344	256	154	9	202	453	55	282	1.18e-12	65.5
JNONHPJE_00445	MER0004988	24.662	296	180	10	155	440	17	279	2.35e-12	64.7
JNONHPJE_00445	MER0000309	29.242	277	160	9	154	429	8	249	3.63e-12	63.9
JNONHPJE_00445	MER0000316	24.662	296	162	10	154	438	7	252	6.67e-11	60.1
JNONHPJE_00445	MER0050309	27.948	229	135	9	208	431	39	242	9.58e-11	60.8
JNONHPJE_00445	MER0042897	26.246	301	177	9	154	447	8	270	3.64e-10	57.8
JNONHPJE_00445	MER0114485	25.697	323	179	14	151	417	12	329	5.77e-10	58.2
JNONHPJE_00445	MER0067924	26.780	295	162	14	163	430	6	273	8.37e-10	56.6
JNONHPJE_00445	MER0000321	28.621	290	147	15	167	433	100	352	1.69e-09	56.2
JNONHPJE_00445	MER0002500	24.615	325	195	10	129	417	45	355	1.86e-09	56.6
JNONHPJE_00445	MER0000349	25.312	320	166	13	148	417	47	343	2.21e-09	56.2
JNONHPJE_00445	MER0000347	24.351	308	188	10	167	447	61	350	4.11e-09	55.8
JNONHPJE_00445	MER0000320	27.138	269	152	13	154	413	8	241	7.54e-09	53.9
JNONHPJE_00445	MER0004085	28.269	283	157	13	169	431	50	306	3.35e-08	52.4
JNONHPJE_00445	MER0002516	25.993	277	156	9	168	440	39	270	4.80e-08	51.6
JNONHPJE_00445	MER0161312	26.284	331	167	15	158	430	11	322	5.83e-08	51.6
JNONHPJE_00445	MER0014446	26.293	232	136	8	186	408	163	368	2.71e-07	49.7
JNONHPJE_00445	MER0000351	25.163	306	164	12	147	416	10	286	5.43e-07	48.1
JNONHPJE_00445	MER0016991	27.076	277	149	11	169	417	31	282	7.87e-07	48.1
JNONHPJE_00445	MER0016978	25.000	348	175	17	151	454	10	315	1.13e-06	47.4
JNONHPJE_00445	MER0002565	25.556	270	151	13	173	434	67	294	1.14e-06	47.8
JNONHPJE_00445	MER0030016	27.368	285	152	13	167	433	30	277	2.75e-06	45.8
JNONHPJE_00445	MER0022415	29.268	123	75	4	316	435	165	278	3.38e-06	46.2
JNONHPJE_00445	MER0016983	30.435	161	76	9	312	454	169	311	4.03e-06	45.8
JNONHPJE_00445	MER0000333	26.148	283	162	11	169	446	22	262	5.56e-06	45.1
JNONHPJE_00445	MER0081072	22.711	273	164	9	169	435	19	250	5.96e-06	44.7
JNONHPJE_00445	MER0000353	23.197	319	174	12	127	408	43	327	7.86e-06	44.7
JNONHPJE_00450	MER0065554	47.876	259	124	2	303	551	9	266	7.84e-81	251
JNONHPJE_00450	MER0437468	36.963	349	205	5	211	545	1	348	2.58e-75	239
JNONHPJE_00450	MER0436717	34.663	401	193	10	211	547	1	396	2.34e-61	204
JNONHPJE_00450	MER0031278	25.322	233	123	9	320	530	25	228	2.83e-09	55.1
JNONHPJE_00454	MER0045886	41.048	229	130	4	1	226	10	236	6.35e-54	179
JNONHPJE_00454	MER0044889	37.500	232	137	6	1	227	14	242	8.81e-43	149
JNONHPJE_00454	MER0038086	34.513	226	129	6	5	213	29	252	6.38e-35	128
JNONHPJE_00454	MER0436735	28.958	259	147	4	5	226	4	262	6.15e-32	120
JNONHPJE_00454	MER0042974	34.031	191	117	4	12	194	1	190	5.59e-27	104
JNONHPJE_00454	MER0043387	34.270	178	113	3	20	195	1	176	4.86e-24	95.9
JNONHPJE_00454	MER0043537	33.696	184	113	6	5	183	2	181	7.37e-24	95.9
JNONHPJE_00454	MER0044622	31.410	156	84	6	41	184	70	214	9.20e-12	62.4
JNONHPJE_00454	MER0043392	27.848	158	103	6	35	184	4	158	6.54e-09	52.4
JNONHPJE_00454	MER0043394	27.586	116	81	2	71	184	48	162	6.92e-07	46.2
JNONHPJE_00454	MER0043475	24.581	179	112	6	3	169	27	194	1.36e-06	46.6
JNONHPJE_00454	MER0043195	25.170	147	93	5	51	183	63	206	2.13e-06	45.8
JNONHPJE_00454	MER0045094	29.060	117	78	3	71	184	84	198	2.36e-06	45.8
JNONHPJE_00489	MER0183709	26.523	279	171	11	1	256	22	289	2.70e-13	65.5
JNONHPJE_00489	MER0031614	27.273	253	155	9	18	257	86	322	3.83e-13	65.1
JNONHPJE_00489	MER0004146	24.498	249	166	6	16	250	20	260	1.01e-11	60.5
JNONHPJE_00489	MER0017033	24.138	261	172	9	3	250	52	299	1.84e-11	60.1
JNONHPJE_00489	MER0017177	22.260	292	172	11	16	259	35	319	2.03e-10	57.0
JNONHPJE_00489	MER0014065	33.721	86	54	1	29	114	48	130	2.10e-10	57.0
JNONHPJE_00489	MER0031617	25.506	247	162	9	18	246	37	279	4.10e-10	55.8
JNONHPJE_00489	MER0036057	24.194	248	162	9	16	250	63	297	9.63e-09	52.0
JNONHPJE_00489	MER0210990	36.486	74	44	1	41	114	57	127	3.61e-08	50.4
JNONHPJE_00489	MER0036076	24.896	241	158	10	18	249	65	291	3.25e-07	47.4
JNONHPJE_00489	MER0037236	24.231	260	180	10	3	250	6	260	4.99e-07	46.6
JNONHPJE_00489	MER0036056	22.266	256	174	7	12	251	76	322	1.31e-06	45.4
JNONHPJE_00489	MER0017142	21.739	253	156	7	16	249	15	244	1.33e-06	45.1
JNONHPJE_00489	MER0036067	22.672	247	159	8	18	246	54	286	2.25e-06	44.7
JNONHPJE_00531	MER0026262	28.367	349	204	15	25	355	8	328	1.49e-27	110
JNONHPJE_00531	MER0028284	25.352	355	236	10	24	373	2	332	2.11e-23	98.2
JNONHPJE_00531	MER0004154	25.926	351	207	10	40	368	18	337	2.64e-23	97.8
JNONHPJE_00531	MER0003800	24.359	390	228	14	12	354	2	371	3.47e-21	92.4
JNONHPJE_00531	MER0219770	25.566	309	196	8	28	328	1	283	2.24e-18	82.8
JNONHPJE_00531	MER0002489	25.392	319	210	11	25	335	11	309	6.44e-17	79.0
JNONHPJE_00531	MER1143079	25.449	334	183	13	29	350	2	281	1.76e-16	76.6
JNONHPJE_00531	MER0140154	23.056	360	209	11	38	354	1	335	1.02e-15	75.1
JNONHPJE_00531	MER0004090	25.132	378	211	19	24	353	10	363	2.02e-15	74.7
JNONHPJE_00531	MER0011700	23.691	363	230	11	24	354	2	349	2.15e-15	74.7
JNONHPJE_00531	MER0000457	23.077	377	231	13	18	377	1	335	4.19e-15	73.6
JNONHPJE_00531	MER0006204	23.650	389	233	17	24	369	6	373	9.09e-15	72.8
JNONHPJE_00531	MER0017069	23.653	334	201	10	38	353	10	307	9.49e-15	72.4
JNONHPJE_00531	MER0003802	23.529	357	202	15	26	366	4	305	2.20e-14	70.9
JNONHPJE_00531	MER0354941	26.633	199	128	8	28	211	1	196	2.40e-14	68.6
JNONHPJE_00531	MER0005925	28.108	185	121	5	29	204	8	189	5.81e-14	70.1
JNONHPJE_00531	MER0000459	24.044	366	226	10	27	372	12	345	1.29e-13	68.9
JNONHPJE_00531	MER0005964	26.667	240	148	9	38	268	20	240	4.82e-13	67.4
JNONHPJE_00531	MER0005836	25.121	207	120	6	25	212	12	202	6.73e-13	65.5
JNONHPJE_00531	MER0000463	25.344	363	203	15	27	352	1	332	1.79e-11	62.4
JNONHPJE_00531	MER0015683	27.528	178	114	5	40	211	40	208	3.08e-10	58.2
JNONHPJE_00531	MER0034963	33.333	147	77	6	40	178	23	156	1.02e-09	57.0
JNONHPJE_00531	MER0011718	27.273	176	121	4	40	213	23	193	3.42e-09	55.5
JNONHPJE_00531	MER0005923	33.945	109	69	2	27	133	12	119	3.53e-09	55.8
JNONHPJE_00531	MER0356183	27.426	237	151	7	43	263	1	232	3.98e-09	53.9
JNONHPJE_00572	MER0492485	33.945	109	71	1	2	110	23	130	9.15e-15	63.5
JNONHPJE_00585	MER0000268	54.839	155	68	2	105	258	1	154	1.92e-54	176
JNONHPJE_00585	MER0013623	54.545	154	69	1	105	258	1	153	4.16e-54	175
JNONHPJE_00585	MER0003850	51.397	179	76	4	105	277	3	176	7.39e-52	170
JNONHPJE_00585	MER0004111	53.548	155	71	1	105	258	1	155	1.55e-51	168
JNONHPJE_00585	MER0001372	54.487	156	69	2	105	258	1	156	5.42e-49	162
JNONHPJE_00585	MER0000266	51.923	156	73	2	105	258	1	156	8.28e-47	156
JNONHPJE_00585	MER0004149	49.390	164	72	4	105	258	1	163	2.87e-44	150
JNONHPJE_00585	MER0001373	51.572	159	71	4	105	258	1	158	7.64e-43	145
JNONHPJE_00585	MER0005468	50.314	159	73	4	105	258	1	158	1.06e-42	145
JNONHPJE_00585	MER0002577	46.835	158	75	2	105	258	1	153	6.66e-39	135
JNONHPJE_00585	MER0003290	45.283	159	79	3	105	258	1	156	6.99e-39	135
JNONHPJE_00585	MER0028330	45.570	158	77	2	105	258	1	153	2.54e-38	134
JNONHPJE_00585	MER0001945	44.375	160	82	4	105	258	1	159	6.34e-38	132
JNONHPJE_00585	MER0004673	33.692	279	144	6	105	356	2	266	1.02e-37	135
JNONHPJE_00585	MER0016351	42.405	158	82	2	105	258	1	153	3.32e-36	128
JNONHPJE_00585	MER0022668	45.029	171	77	5	105	258	1	171	1.04e-35	127
JNONHPJE_00585	MER0016031	46.108	167	76	5	105	258	1	166	1.01e-34	124
JNONHPJE_00585	MER0010944	43.605	172	78	6	105	258	1	171	4.29e-34	123
JNONHPJE_00585	MER0014795	43.293	164	78	3	105	258	1	159	1.36e-33	121
JNONHPJE_00585	MER0004086	43.558	163	81	5	106	258	1	162	2.05e-32	118
JNONHPJE_00585	MER0003293	42.953	149	83	2	105	252	1	148	2.34e-31	114
JNONHPJE_00585	MER0004093	43.038	158	81	2	105	258	1	153	6.11e-31	114
JNONHPJE_00585	MER0011375	39.375	160	85	4	105	258	1	154	1.62e-29	110
JNONHPJE_00585	MER0015583	41.060	151	75	4	105	242	1	150	5.96e-25	97.4
JNONHPJE_00585	MER0006096	40.678	118	66	1	129	242	1	118	6.43e-24	94.0
JNONHPJE_00585	MER0005093	38.125	160	84	5	105	249	1	160	1.81e-22	90.9
JNONHPJE_00585	MER0063616	33.099	142	82	4	108	239	5	143	3.60e-17	75.9
JNONHPJE_00585	MER0005094	31.724	145	83	6	105	239	1	139	3.43e-12	61.2
JNONHPJE_00585	MER0024901	36.301	146	74	9	105	239	1	138	8.04e-08	48.1
JNONHPJE_00585	MER0014317	29.851	134	79	5	116	239	10	138	1.16e-07	48.1
JNONHPJE_00585	MER0145078	33.945	109	55	4	149	241	113	220	4.22e-07	47.8
JNONHPJE_00585	MER0005090	31.343	134	80	6	105	230	1	130	6.47e-07	45.8
JNONHPJE_00585	MER0005089	30.882	136	78	7	105	230	1	130	5.89e-06	43.1
JNONHPJE_00591	MER0002443	44.643	112	57	2	441	551	10	117	5.93e-25	96.7
JNONHPJE_00591	MER0004035	41.026	117	58	4	437	550	3	111	2.06e-23	92.0
JNONHPJE_00591	MER0004054	37.288	118	65	5	440	552	9	122	5.97e-16	71.2
JNONHPJE_00591	MER0003986	35.537	121	72	3	432	550	1	117	6.16e-16	71.2
JNONHPJE_00591	MER0003807	35.398	113	66	4	441	551	10	117	6.62e-13	62.4
JNONHPJE_00591	MER0031199	40.678	59	35	0	448	506	1	59	2.29e-11	56.6
JNONHPJE_00591	MER0024252	39.759	83	44	3	444	526	14	90	4.28e-11	57.8
JNONHPJE_00591	MER0014672	30.579	121	64	3	432	539	1	114	2.05e-09	52.8
JNONHPJE_00591	MER0003805	29.167	120	75	5	432	550	1	111	4.35e-08	48.5
JNONHPJE_00591	MER0014188	30.526	95	56	3	432	525	1	86	1.20e-07	47.4
JNONHPJE_00591	MER0003808	29.825	114	72	4	432	545	1	106	1.51e-07	47.0
JNONHPJE_00591	MER0002450	29.412	119	76	5	432	550	1	111	1.95e-07	46.6
JNONHPJE_00591	MER0377310	29.825	114	72	5	432	545	1	106	2.40e-07	46.2
JNONHPJE_00591	MER0377307	29.825	114	72	5	432	545	1	106	2.40e-07	46.2
JNONHPJE_00591	MER0377178	29.839	124	59	6	432	545	1	106	6.65e-07	45.1
JNONHPJE_00591	MER0001322	29.730	111	65	4	432	540	1	100	3.48e-06	43.1
JNONHPJE_00591	MER0376722	32.039	103	62	4	432	534	1	95	5.98e-06	42.0
JNONHPJE_00666	MER0069741	47.414	116	59	2	184	299	51	164	6.68e-31	112
JNONHPJE_00666	MER0003380	49.091	110	51	2	192	299	127	233	3.93e-27	103
JNONHPJE_00666	MER0013541	52.326	86	40	1	203	288	1	85	1.28e-23	90.1
JNONHPJE_00666	MER0003423	40.187	107	63	1	182	287	11	117	1.54e-18	77.8
JNONHPJE_00666	MER0003376	38.525	122	67	2	203	318	45	164	1.96e-18	78.2
JNONHPJE_00666	MER0015415	39.535	86	52	0	203	288	64	149	4.94e-18	77.4
JNONHPJE_00666	MER0001419	39.252	107	64	1	182	287	11	117	1.78e-17	75.1
JNONHPJE_00666	MER0066182	41.880	117	55	4	190	303	86	192	1.04e-16	74.3
JNONHPJE_00666	MER0387040	40.196	102	59	2	203	303	1	101	2.06e-16	70.9
JNONHPJE_00666	MER0003906	36.782	87	52	2	203	287	1	86	9.37e-13	60.8
JNONHPJE_00666	MER0005300	31.959	97	65	1	204	300	66	161	8.67e-09	50.8
JNONHPJE_00666	MER0025070	36.275	102	53	4	200	291	3	102	3.02e-07	45.4
JNONHPJE_00736	MER0037236	27.778	252	160	6	37	267	11	261	1.16e-25	99.4
JNONHPJE_00736	MER0004146	27.413	259	159	10	34	267	7	261	5.97e-21	86.7
JNONHPJE_00736	MER0031611	24.742	291	171	10	25	277	14	294	6.17e-15	70.5
JNONHPJE_00736	MER0036066	23.673	245	158	7	46	266	1	240	5.54e-14	67.0
JNONHPJE_00736	MER0017033	21.402	271	176	8	23	267	41	300	2.23e-10	57.0
JNONHPJE_00736	MER0036076	22.500	240	155	10	46	265	63	291	4.39e-10	56.2
JNONHPJE_00736	MER0036073	23.860	285	179	11	5	266	46	315	5.43e-09	53.1
JNONHPJE_00736	MER0035973	25.000	172	113	4	106	266	120	286	6.97e-09	52.4
JNONHPJE_00736	MER0036053	22.901	262	165	7	41	267	4	263	7.29e-09	52.4
JNONHPJE_00736	MER0003537	24.623	199	120	7	105	275	88	284	1.42e-08	51.6
JNONHPJE_00736	MER0036056	23.944	284	186	8	5	266	46	321	4.54e-08	50.1
JNONHPJE_00736	MER0036068	24.691	243	157	9	46	265	54	293	5.80e-08	49.7
JNONHPJE_00736	MER0036067	23.140	242	158	10	46	264	52	288	7.38e-08	49.3
JNONHPJE_00736	MER0011509	30.702	114	61	4	44	145	37	144	3.29e-07	47.8
JNONHPJE_00736	MER0011785	28.455	123	70	4	38	147	27	144	4.06e-07	47.4
JNONHPJE_00736	MER0031616	24.026	154	92	4	3	143	2	143	1.09e-06	45.8
JNONHPJE_00736	MER0033259	24.453	274	170	10	15	273	8	259	3.83e-06	43.9
JNONHPJE_00760	MER0001009	26.415	159	109	6	411	563	5	161	4.50e-09	54.3
JNONHPJE_00760	MER0091680	25.455	165	109	5	415	568	56	217	1.59e-07	49.7
JNONHPJE_00760	MER0011183	23.179	151	109	2	416	560	63	212	9.91e-07	47.4
JNONHPJE_00760	MER0001010	25.658	152	105	6	418	563	53	202	1.36e-06	46.6
JNONHPJE_00760	MER0011175	22.167	203	144	7	363	552	10	211	4.84e-06	45.1
JNONHPJE_00763	MER0002251	45.923	233	120	4	2	231	1	230	7.82e-69	208
JNONHPJE_00763	MER0001335	37.281	228	136	4	4	228	3	226	7.50e-48	154
JNONHPJE_00771	MER0001243	39.676	247	147	2	2	246	3	249	4.23e-64	199
JNONHPJE_00771	MER0005690	40.329	243	144	1	4	246	5	246	9.34e-60	187
JNONHPJE_00771	MER0001342	41.079	241	142	0	6	246	7	247	9.22e-59	185
JNONHPJE_00771	MER0015127	40.586	239	141	1	8	246	9	246	1.63e-55	176
JNONHPJE_00771	MER0015128	36.287	237	145	3	13	246	14	247	1.07e-50	164
JNONHPJE_00771	MER0013589	36.214	243	154	1	4	246	1	242	2.18e-49	160
JNONHPJE_00771	MER0013929	36.327	245	155	1	2	246	3	246	1.13e-48	159
JNONHPJE_00771	MER0013450	33.468	248	162	3	2	247	1	247	1.83e-44	148
JNONHPJE_00771	MER0010972	26.778	239	157	2	8	246	9	229	2.13e-21	87.4
JNONHPJE_00771	MER0004931	26.961	204	137	4	3	204	4	197	6.49e-19	80.1
JNONHPJE_00771	MER0024896	30.973	113	78	0	4	116	5	117	7.22e-15	70.9
JNONHPJE_00771	MER0024896	28.244	131	87	2	122	246	337	466	3.28e-11	60.1
JNONHPJE_00771	MER0005462	26.506	249	156	5	1	248	2	224	7.05e-14	66.2
JNONHPJE_00771	MER0003880	25.238	210	132	6	3	208	6	194	4.00e-13	65.1
JNONHPJE_00771	MER0004532	25.121	207	136	4	3	204	4	196	1.27e-11	59.7
JNONHPJE_00771	MER0011746	25.701	214	140	7	13	213	14	221	3.06e-11	59.7
JNONHPJE_00771	MER0002038	26.708	161	111	4	72	230	69	224	1.28e-09	53.9
JNONHPJE_00771	MER0001728	27.885	208	131	7	13	207	14	215	2.05e-09	54.3
JNONHPJE_00771	MER0001244	22.273	220	146	6	1	202	2	214	2.43e-08	50.4
JNONHPJE_00771	MER0013463	21.887	265	168	9	3	247	4	249	2.82e-07	47.4
JNONHPJE_00780	MER0013876	50.299	334	165	1	28	361	1	333	9.19e-111	333
JNONHPJE_00780	MER0003855	32.069	290	172	8	28	301	1	281	1.57e-37	140
JNONHPJE_00780	MER0003242	33.180	217	122	9	155	361	60	263	1.52e-25	104
JNONHPJE_00780	MER0004416	28.740	254	162	4	30	269	3	251	1.32e-23	98.2
JNONHPJE_00797	MER0001299	35.685	482	278	8	78	541	52	519	1.83e-87	279
JNONHPJE_00797	MER0011114	41.489	188	101	2	328	510	182	365	1.16e-40	148
JNONHPJE_00797	MER0011114	27.723	202	144	1	87	286	1	202	1.17e-16	79.0
JNONHPJE_00797	MER0321345	42.222	180	102	1	333	510	1	180	1.72e-38	137
JNONHPJE_00797	MER0321345	27.128	188	130	5	85	269	1	184	1.63e-11	60.5
JNONHPJE_00797	MER0003812	42.222	180	102	1	333	510	1	180	4.43e-38	136
JNONHPJE_00797	MER0003812	26.984	189	131	5	85	270	1	185	3.28e-11	59.7
JNONHPJE_00797	MER0013957	35.556	180	116	0	333	512	1	180	1.62e-26	103
JNONHPJE_00797	MER0013957	24.444	180	132	3	85	263	1	177	2.85e-07	48.1
JNONHPJE_00797	MER0044046	34.270	178	116	1	333	510	1	177	3.00e-20	85.9
JNONHPJE_00797	MER0001300	32.000	175	100	5	345	510	9	173	1.21e-16	75.5
JNONHPJE_00797	MER0001303	23.077	182	131	3	333	510	1	177	4.46e-09	53.5
JNONHPJE_00807	MER0000474	52.660	188	89	0	34	221	16	203	9.21e-74	219
JNONHPJE_00807	MER0005687	52.406	187	84	1	36	222	27	208	5.96e-68	205
JNONHPJE_00807	MER0006046	49.206	189	96	0	33	221	15	203	1.10e-64	196
JNONHPJE_00807	MER0004857	54.971	171	76	1	51	221	34	203	1.06e-63	194
JNONHPJE_00807	MER0002211	48.148	189	98	0	34	222	16	204	9.39e-63	191
JNONHPJE_00807	MER0002299	48.108	185	96	0	36	220	12	196	1.07e-61	189
JNONHPJE_00807	MER0004855	47.541	183	96	0	42	224	26	208	1.40e-59	183
JNONHPJE_00807	MER0004847	48.663	187	95	1	36	221	18	204	6.42e-56	174
JNONHPJE_00807	MER0006063	43.956	182	102	0	40	221	23	204	1.44e-54	171
JNONHPJE_00807	MER0006056	47.674	172	89	1	50	221	37	207	3.09e-51	162
JNONHPJE_00807	MER0006308	38.889	180	109	1	45	223	17	196	1.49e-48	155
JNONHPJE_00807	MER0004182	41.026	195	115	0	27	221	5	199	1.57e-47	152
JNONHPJE_00807	MER0011666	40.237	169	99	1	55	221	17	185	1.81e-40	134
JNONHPJE_00807	MER0001369	39.506	81	47	1	76	156	52	130	1.75e-07	45.8
JNONHPJE_00816	MER0031610	33.465	254	159	6	7	252	49	300	1.52e-42	144
JNONHPJE_00816	MER0036115	35.294	102	62	2	10	108	33	133	2.63e-12	62.4
JNONHPJE_00816	MER0014065	31.783	129	76	4	10	134	31	151	6.22e-12	61.2
JNONHPJE_00816	MER0044858	23.729	295	178	13	1	251	39	330	1.80e-09	53.9
JNONHPJE_00816	MER0017193	27.835	97	69	1	2	97	15	111	1.43e-08	51.2
JNONHPJE_00816	MER0036053	23.077	273	157	10	6	241	2	258	4.75e-08	49.7
JNONHPJE_00816	MER0036072	21.795	156	98	4	10	156	78	218	5.23e-08	49.7
JNONHPJE_00816	MER0031619	31.624	117	74	3	2	113	16	131	6.16e-08	49.3
JNONHPJE_00816	MER0044900	22.305	269	175	8	14	251	96	361	6.48e-08	49.7
JNONHPJE_00816	MER0031617	22.053	263	171	9	4	241	26	279	7.62e-08	48.9
JNONHPJE_00816	MER0035044	31.731	104	63	3	11	109	32	132	1.01e-07	48.9
JNONHPJE_00816	MER0011509	32.407	108	65	3	7	108	33	138	1.26e-07	48.5
JNONHPJE_00816	MER0017142	28.244	131	83	4	2	126	3	128	4.74e-07	46.6
JNONHPJE_00816	MER0026339	33.654	104	67	2	10	111	22	125	4.84e-07	46.6
JNONHPJE_00816	MER0036068	25.098	255	172	9	4	244	44	293	4.86e-07	46.6
JNONHPJE_00816	MER0035038	29.808	104	65	3	11	109	29	129	4.94e-07	46.6
JNONHPJE_00816	MER0044350	26.667	105	71	3	12	111	1	104	9.05e-07	45.8
JNONHPJE_00816	MER0034563	30.000	110	71	2	1	106	1	108	1.18e-06	45.1
JNONHPJE_00816	MER0017177	23.457	162	95	3	8	166	30	165	1.93e-06	45.1
JNONHPJE_00816	MER0031616	29.412	102	66	2	12	108	39	139	2.14e-06	44.7
JNONHPJE_00816	MER0036048	30.476	105	63	5	13	107	38	142	2.35e-06	44.7
JNONHPJE_00907	MER0001297	41.830	153	87	2	203	355	5	155	1.65e-36	130
JNONHPJE_00907	MER0004196	42.767	159	87	3	199	355	1	157	6.67e-34	123
JNONHPJE_00907	MER0003413	41.290	155	90	1	201	355	3	156	2.94e-33	121
JNONHPJE_00907	MER0003514	41.290	155	89	2	201	355	3	155	6.47e-33	120
JNONHPJE_00907	MER0005714	35.185	162	98	1	201	355	3	164	1.77e-30	114
JNONHPJE_00907	MER0003065	40.645	155	90	2	201	355	3	155	2.37e-30	113
JNONHPJE_00907	MER0001425	42.675	157	84	3	203	354	5	160	1.29e-29	111
JNONHPJE_00907	MER0015684	34.932	146	95	0	203	348	5	150	1.77e-27	105
JNONHPJE_00907	MER0004195	38.462	156	89	2	203	355	5	156	4.32e-27	104
JNONHPJE_00907	MER0001295	33.533	167	98	2	201	355	3	168	4.97e-20	84.7
JNONHPJE_00940	MER0237414	24.752	202	140	5	44	234	2	202	5.24e-15	72.0
JNONHPJE_00941	MER0195774	35.593	177	114	0	25	201	1	177	2.17e-34	123
JNONHPJE_00941	MER0003448	25.243	206	153	1	25	230	2	206	1.51e-15	72.4
JNONHPJE_00941	MER0001229	26.168	214	143	6	25	231	2	207	3.92e-14	68.2
JNONHPJE_00941	MER0043985	26.168	214	143	6	25	231	2	207	1.05e-13	67.4
JNONHPJE_00941	MER0122186	27.717	184	119	5	25	201	22	198	3.82e-13	65.1
JNONHPJE_00941	MER0001214	27.564	156	111	2	17	171	18	172	1.03e-12	63.5
JNONHPJE_00941	MER0001233	25.652	230	146	7	25	238	2	222	1.18e-12	64.3
JNONHPJE_00941	MER0001218	27.957	186	125	3	24	201	25	209	2.33e-12	62.8
JNONHPJE_00941	MER0015259	28.571	161	111	4	25	183	26	184	4.43e-12	62.0
JNONHPJE_00941	MER0004423	29.870	154	98	5	57	209	31	175	1.81e-11	60.5
JNONHPJE_00941	MER0002423	29.508	183	120	4	24	205	25	199	5.44e-11	58.9
JNONHPJE_00941	MER0003543	24.138	203	152	2	25	227	2	202	1.11e-10	58.2
JNONHPJE_00941	MER0001222	24.211	190	132	4	20	201	21	206	2.16e-10	57.0
JNONHPJE_00941	MER0390687	23.353	167	127	1	32	198	1	166	3.74e-10	55.5
JNONHPJE_00941	MER0003823	28.571	147	100	4	7	151	10	153	8.78e-10	55.5
JNONHPJE_00941	MER0003386	26.087	184	129	3	25	201	26	209	1.63e-09	54.7
JNONHPJE_00941	MER0011744	25.786	159	116	2	25	182	26	183	3.23e-09	53.5
JNONHPJE_00941	MER0011096	25.786	159	116	2	25	182	26	183	3.75e-09	53.5
JNONHPJE_00941	MER0002345	29.730	185	117	7	24	205	25	199	6.82e-09	52.8
JNONHPJE_00941	MER0011292	23.669	169	124	4	41	204	64	232	7.21e-09	52.8
JNONHPJE_00941	MER0002283	28.750	160	112	2	24	182	25	183	1.92e-08	51.2
JNONHPJE_00941	MER0188967	27.381	168	99	5	61	210	3	165	1.47e-07	50.1
JNONHPJE_00941	MER0015090	21.463	205	159	2	25	229	2	204	4.16e-07	47.8
JNONHPJE_00941	MER0021876	22.951	183	136	4	25	205	1	180	7.91e-07	46.2
JNONHPJE_00941	MER0014333	26.020	196	134	5	25	211	2	195	1.21e-06	46.2
JNONHPJE_00941	MER0001413	27.885	104	73	2	25	127	30	132	1.58e-06	44.7
JNONHPJE_00941	MER0002008	23.305	236	142	8	25	238	2	220	1.89e-06	45.8
JNONHPJE_00941	MER0170820	32.857	70	46	1	45	113	17	86	3.43e-06	44.7
JNONHPJE_00941	MER0169735	24.339	189	127	4	24	201	15	198	5.46e-06	43.9
JNONHPJE_00941	MER0001220	24.873	197	117	8	50	227	9	193	8.62e-06	43.5
JNONHPJE_00955	MER0472834	28.431	102	64	3	58	153	16	114	4.05e-10	53.9
JNONHPJE_00966	MER0005767	29.154	319	183	8	54	369	27	305	2.52e-36	132
JNONHPJE_00966	MER0030151	25.000	400	277	12	4	385	1	395	1.49e-18	84.0
JNONHPJE_00966	MER0030136	23.587	407	274	16	4	385	1	395	1.81e-18	83.6
JNONHPJE_00966	MER0030143	24.623	398	281	12	4	385	1	395	2.00e-18	83.6
JNONHPJE_00966	MER0030149	24.634	410	266	17	4	385	1	395	6.93e-15	72.8
JNONHPJE_00966	MER0030155	22.750	400	286	11	4	385	1	395	1.21e-13	68.9
JNONHPJE_00966	MER0015112	23.821	403	282	13	4	385	1	399	1.87e-13	68.6
JNONHPJE_01001	MER0034615	58.704	247	101	1	382	628	1	246	2.10e-108	324
JNONHPJE_01001	MER0000263	38.115	244	141	5	389	628	4	241	5.39e-51	173
JNONHPJE_01001	MER0016096	33.884	242	155	3	390	628	5	244	4.80e-47	163
JNONHPJE_01001	MER0011583	32.114	246	155	7	390	631	11	248	3.14e-29	113
JNONHPJE_01001	MER0000408	25.101	247	165	7	391	623	11	251	1.18e-20	89.0
JNONHPJE_01001	MER0017401	27.523	218	136	6	393	597	8	216	8.25e-18	80.1
JNONHPJE_01001	MER0001423	27.426	237	148	5	390	616	1	223	2.46e-17	78.6
JNONHPJE_01001	MER0005196	25.194	258	158	10	379	622	9	245	3.40e-15	72.8
JNONHPJE_01001	MER0001920	22.368	228	173	2	406	631	21	246	4.94e-14	69.3
JNONHPJE_01001	MER0005807	27.053	207	136	6	378	583	38	230	4.98e-14	69.7
JNONHPJE_01001	MER0003558	24.632	272	183	8	369	630	1	260	1.90e-13	67.8
JNONHPJE_01001	MER0015682	26.106	226	152	6	395	617	79	292	2.09e-13	68.2
JNONHPJE_01001	MER0000401	28.448	232	135	6	391	610	26	238	3.27e-13	67.0
JNONHPJE_01001	MER0004921	30.709	127	84	3	391	514	4	129	1.26e-12	64.7
JNONHPJE_01001	MER0018170	23.333	210	155	3	404	610	25	231	1.73e-12	64.7
JNONHPJE_01001	MER0140224	22.897	214	160	3	406	617	14	224	2.37e-12	63.9
JNONHPJE_01001	MER0000403	26.667	150	107	3	367	514	2	150	2.74e-12	64.3
JNONHPJE_01001	MER0058228	23.661	224	157	4	391	610	7	220	5.19e-12	63.2
JNONHPJE_01001	MER0011413	24.490	245	171	4	391	630	4	239	8.10e-12	62.4
JNONHPJE_01001	MER0000399	29.600	125	87	1	391	514	25	149	8.88e-12	62.8
JNONHPJE_01001	MER0005987	24.895	237	164	5	379	610	14	241	2.90e-11	61.2
JNONHPJE_01001	MER0004925	25.758	264	147	11	371	610	1	239	4.28e-11	60.8
JNONHPJE_01001	MER0022823	28.436	211	135	7	378	581	15	216	1.27e-10	59.7
JNONHPJE_01001	MER0195666	23.457	243	173	7	391	627	1	236	1.47e-10	58.9
JNONHPJE_01001	MER0013484	23.770	244	168	7	394	630	7	239	2.56e-10	58.2
JNONHPJE_01001	MER0014827	26.038	265	145	12	371	610	1	239	1.32e-09	56.2
JNONHPJE_01001	MER0006027	24.545	220	157	6	397	612	24	238	1.39e-08	53.1
JNONHPJE_01001	MER0126485	23.721	215	148	6	401	610	12	215	3.17e-08	51.6
JNONHPJE_01001	MER0003361	27.358	106	73	2	392	496	20	122	9.31e-08	50.4
JNONHPJE_01001	MER0004923	30.159	126	82	5	394	514	58	182	1.27e-07	50.4
JNONHPJE_01001	MER0000405	29.078	141	88	4	361	496	7	140	1.52e-07	50.1
JNONHPJE_01001	MER0192427	30.275	109	69	3	393	497	68	173	3.34e-07	48.9
JNONHPJE_01001	MER0011305	29.167	120	83	2	379	496	8	127	4.29e-07	48.5
JNONHPJE_01001	MER0004504	29.730	111	68	3	393	496	1	108	1.53e-06	46.6
JNONHPJE_01001	MER0015621	23.776	143	108	1	378	520	24	165	1.63e-06	47.0
JNONHPJE_01001	MER0000392	26.351	148	108	1	373	520	9	155	1.95e-06	46.6
JNONHPJE_01001	MER0002490	23.125	160	121	2	361	520	8	165	2.43e-06	46.6
JNONHPJE_01001	MER0079308	23.333	210	152	6	374	581	10	212	3.14e-06	46.2
JNONHPJE_01001	MER0011450	25.517	145	106	2	374	518	10	152	4.15e-06	45.8
JNONHPJE_01001	MER0005694	25.503	149	102	3	351	498	2	142	5.56e-06	45.4
JNONHPJE_01009	MER0036044	29.412	119	69	3	39	157	61	164	1.18e-06	45.8
JNONHPJE_01009	MER0031570	29.060	117	68	3	39	155	12	113	2.79e-06	44.7
JNONHPJE_01019	MER0001244	37.643	263	149	5	175	425	2	261	4.97e-54	177
JNONHPJE_01019	MER0013463	34.601	263	157	4	174	425	1	259	5.43e-47	159
JNONHPJE_01019	MER0001733	28.866	291	164	4	176	425	3	291	7.28e-41	144
JNONHPJE_01019	MER0028601	30.909	275	154	10	176	425	3	266	5.16e-37	133
JNONHPJE_01019	MER0005462	30.962	239	139	5	174	408	1	217	1.66e-33	122
JNONHPJE_01019	MER0004931	31.092	238	138	5	175	408	2	217	4.49e-33	121
JNONHPJE_01019	MER0004532	30.579	242	131	6	175	407	2	215	1.54e-32	120
JNONHPJE_01019	MER0001248	32.800	250	118	8	222	425	7	252	1.73e-30	115
JNONHPJE_01019	MER0005715	28.571	238	144	6	175	406	2	219	2.72e-23	94.7
JNONHPJE_01019	MER0002038	25.506	247	150	9	175	412	2	223	1.08e-15	73.2
JNONHPJE_01019	MER0001250	24.080	299	157	11	176	419	3	286	2.24e-12	64.3
JNONHPJE_01019	MER0016544	27.982	218	121	8	209	413	62	256	3.58e-12	63.5
JNONHPJE_01019	MER0027437	27.586	203	108	10	213	400	44	222	5.19e-10	56.6
JNONHPJE_01019	MER0003105	24.000	200	116	9	229	415	64	240	4.84e-08	50.8
JNONHPJE_01020	MER0036053	34.646	127	81	1	17	143	4	128	2.19e-16	73.6
JNONHPJE_01020	MER0004146	34.746	118	71	3	7	118	4	121	6.67e-15	69.3
JNONHPJE_01020	MER0014065	27.737	137	93	2	22	156	35	167	1.78e-12	63.2
JNONHPJE_01020	MER0017177	26.667	120	85	2	10	126	23	142	1.22e-11	60.5
JNONHPJE_01020	MER0036115	32.353	102	67	1	19	118	33	134	2.17e-11	59.7
JNONHPJE_01020	MER0037236	31.008	129	74	3	6	124	4	127	4.61e-11	58.5
JNONHPJE_01020	MER0035043	36.735	98	60	1	22	117	36	133	1.04e-10	57.8
JNONHPJE_01020	MER0036072	28.333	120	75	2	11	119	67	186	1.43e-10	57.4
JNONHPJE_01020	MER0036054	34.314	102	65	2	21	120	16	117	1.65e-10	57.0
JNONHPJE_01020	MER0036065	25.385	260	158	9	20	249	1	254	2.76e-10	56.2
JNONHPJE_01020	MER0031619	28.846	104	72	1	18	119	25	128	5.09e-10	55.8
JNONHPJE_01020	MER0035035	29.000	100	69	1	21	118	35	134	6.07e-10	55.5
JNONHPJE_01020	MER0017142	33.636	110	67	3	11	119	3	107	6.78e-10	54.7
JNONHPJE_01020	MER0034563	23.707	232	159	8	22	245	17	238	7.00e-10	54.7
JNONHPJE_01020	MER0011785	29.078	141	91	4	2	134	17	156	7.48e-10	55.5
JNONHPJE_01020	MER0036084	21.012	257	177	6	16	254	13	261	7.50e-10	55.1
JNONHPJE_01020	MER0044581	28.689	122	79	4	2	116	53	173	1.07e-09	55.1
JNONHPJE_01020	MER0026339	37.255	102	56	3	8	101	9	110	1.08e-09	54.3
JNONHPJE_01020	MER0031611	31.481	108	61	3	17	116	35	137	1.28e-09	54.3
JNONHPJE_01020	MER0044900	33.654	104	60	3	21	115	94	197	1.41e-09	54.7
JNONHPJE_01020	MER0017123	23.944	284	187	9	6	260	15	298	1.86e-09	53.9
JNONHPJE_01020	MER0035973	24.000	250	181	4	5	249	40	285	2.93e-09	53.1
JNONHPJE_01020	MER0031616	30.392	102	67	1	20	117	38	139	3.92e-09	53.1
JNONHPJE_01020	MER0017033	27.642	246	138	11	22	244	65	293	6.75e-09	52.4
JNONHPJE_01020	MER0035044	30.303	99	67	1	21	117	33	131	6.77e-09	52.4
JNONHPJE_01020	MER0035032	28.283	99	69	1	21	117	31	129	1.09e-08	51.6
JNONHPJE_01020	MER0036057	34.513	113	73	1	22	133	63	175	1.68e-08	51.2
JNONHPJE_01020	MER0017193	35.714	84	53	1	13	95	17	100	1.78e-08	50.8
JNONHPJE_01020	MER0044578	29.412	102	65	3	22	116	74	175	2.00e-08	51.2
JNONHPJE_01020	MER0035038	27.551	98	69	1	22	117	31	128	3.68e-08	50.1
JNONHPJE_01020	MER0031617	25.000	132	83	3	17	142	30	151	5.89e-08	49.3
JNONHPJE_01020	MER0036075	29.204	113	76	3	8	116	57	169	9.30e-08	48.9
JNONHPJE_01020	MER0213280	23.762	101	75	1	21	119	30	130	2.46e-07	47.8
JNONHPJE_01020	MER0036067	28.226	124	71	3	12	118	27	149	6.79e-07	46.2
JNONHPJE_01020	MER0183709	28.696	115	62	5	20	120	34	142	6.95e-07	46.2
JNONHPJE_01020	MER0011509	25.767	163	97	4	11	156	28	183	1.73e-06	45.1
JNONHPJE_01020	MER0213829	26.786	112	74	3	22	125	50	161	1.91e-06	45.1
JNONHPJE_01020	MER0030163	26.389	144	96	2	35	168	43	186	2.04e-06	44.7
JNONHPJE_01020	MER0036066	29.000	100	67	3	22	118	1	99	2.18e-06	44.3
JNONHPJE_01020	MER0044350	24.490	98	67	2	22	114	2	97	3.21e-06	44.3
JNONHPJE_01020	MER0031565	25.000	256	152	9	15	259	26	252	3.74e-06	43.9
JNONHPJE_01020	MER0033249	29.126	103	65	3	8	102	16	118	9.87e-06	42.4
JNONHPJE_01038	MER0011781	25.773	291	137	14	38	319	17	237	1.18e-10	58.9
JNONHPJE_01038	MER0004101	26.056	284	146	15	38	320	17	237	6.54e-10	56.6
JNONHPJE_01038	MER0011806	24.296	284	151	13	38	320	17	237	2.90e-09	54.7
JNONHPJE_01054	MER0003380	34.440	241	145	5	144	379	8	240	4.48e-38	134
JNONHPJE_01054	MER0069741	45.205	146	76	3	236	379	28	171	1.11e-32	118
JNONHPJE_01054	MER0013541	50.588	85	42	0	277	361	1	85	6.60e-24	91.7
JNONHPJE_01054	MER0387040	41.237	97	56	1	277	372	1	97	3.54e-16	70.9
JNONHPJE_01054	MER0066182	34.043	141	83	2	242	372	48	188	6.20e-16	72.8
JNONHPJE_01054	MER0003376	37.143	105	53	2	274	365	42	146	6.16e-14	66.2
JNONHPJE_01054	MER0003906	38.043	92	55	2	277	366	1	92	2.08e-12	60.5
JNONHPJE_01054	MER0003423	31.373	102	68	2	277	376	32	133	1.40e-10	56.2
JNONHPJE_01054	MER0001419	32.558	86	56	2	277	360	32	117	2.05e-10	55.5
JNONHPJE_01054	MER0025070	35.000	100	54	4	275	364	4	102	1.16e-09	52.8
JNONHPJE_01054	MER0388771	35.714	98	52	4	277	364	2	98	1.39e-09	52.4
JNONHPJE_01054	MER0015415	34.409	93	60	1	270	361	57	149	1.39e-09	53.9
JNONHPJE_01054	MER0005300	39.286	84	51	0	267	350	55	138	8.75e-08	48.5
JNONHPJE_01084	MER0011464	33.010	206	132	4	100	302	44	246	1.21e-28	112
JNONHPJE_01084	MER0011461	30.986	213	137	6	100	307	46	253	2.33e-26	105
JNONHPJE_01084	MER0030257	28.800	250	157	8	70	302	4	249	2.31e-25	102
JNONHPJE_01084	MER0011462	28.400	250	158	7	69	301	3	248	7.60e-24	98.6
JNONHPJE_01084	MER0029965	30.583	206	138	4	101	304	50	252	1.51e-23	97.8
JNONHPJE_01084	MER0038831	31.937	191	122	5	115	302	64	249	1.89e-23	97.4
JNONHPJE_01084	MER0015688	33.010	206	132	4	101	304	57	258	2.96e-23	97.1
JNONHPJE_01084	MER0038832	30.288	208	137	5	100	303	47	250	6.45e-23	95.9
JNONHPJE_01084	MER0015338	29.064	203	136	5	98	296	49	247	1.51e-22	95.1
JNONHPJE_01084	MER0011487	27.347	245	168	7	65	303	10	250	1.17e-21	92.0
JNONHPJE_01084	MER0038822	30.660	212	140	5	100	307	9	217	3.57e-21	89.7
JNONHPJE_01084	MER0038833	29.565	230	150	6	80	301	23	248	3.79e-19	84.7
JNONHPJE_01084	MER0005158	31.100	209	132	6	101	302	51	254	7.14e-18	81.3
JNONHPJE_01084	MER0001911	28.972	214	136	9	98	306	38	240	7.97e-18	80.9
JNONHPJE_01084	MER0194228	31.492	181	104	8	119	289	6	176	3.48e-11	60.1
JNONHPJE_01084	MER0001289	30.049	203	120	9	99	289	60	252	4.48e-10	58.2
JNONHPJE_01084	MER0038830	33.333	87	56	1	115	201	64	148	2.08e-08	52.4
JNONHPJE_01096	MER0003242	35.366	82	53	0	368	449	216	297	1.77e-09	55.5
JNONHPJE_01097	MER0003242	48.000	300	152	2	111	410	3	298	3.56e-104	308
JNONHPJE_01097	MER0003855	30.822	292	178	7	30	310	1	279	4.21e-38	139
JNONHPJE_01097	MER0013876	28.622	283	180	7	41	316	10	277	2.49e-33	125
JNONHPJE_01097	MER0004416	28.621	290	168	9	42	312	11	280	8.47e-24	97.1
JNONHPJE_01126	MER0003514	42.857	154	85	1	191	344	3	153	4.73e-34	124
JNONHPJE_01126	MER0001297	42.138	159	81	2	193	347	5	156	7.97e-34	123
JNONHPJE_01126	MER0003413	35.000	160	102	1	191	350	3	160	2.42e-31	116
JNONHPJE_01126	MER0003065	42.105	152	83	3	191	341	3	150	3.51e-31	115
JNONHPJE_01126	MER0015684	35.632	174	101	2	192	365	4	166	3.18e-30	113
JNONHPJE_01126	MER0001425	38.509	161	90	3	193	347	5	162	1.25e-29	111
JNONHPJE_01126	MER0004196	40.909	154	88	3	193	345	5	156	1.18e-28	108
JNONHPJE_01126	MER0005714	35.185	162	87	3	191	340	3	158	1.46e-26	103
JNONHPJE_01126	MER0004195	33.333	153	100	1	193	345	5	155	1.82e-23	94.4
JNONHPJE_01126	MER0001295	36.923	130	80	2	190	319	2	129	2.32e-19	82.8
JNONHPJE_01126	MER0195376	27.211	147	84	5	191	314	1	147	7.37e-07	46.6
JNONHPJE_01213	MER0001009	23.810	168	122	3	371	535	20	184	1.12e-11	61.6
JNONHPJE_01213	MER0001013	26.943	193	123	6	321	498	29	218	1.38e-09	55.8
JNONHPJE_01213	MER0012283	29.078	141	73	3	371	495	84	213	1.39e-09	55.5
JNONHPJE_01213	MER0002746	26.144	153	106	3	371	518	82	232	2.00e-09	55.5
JNONHPJE_01213	MER0001010	23.239	142	106	2	371	509	61	202	2.03e-09	54.7
JNONHPJE_01213	MER0002003	25.000	144	102	3	359	497	75	217	2.47e-09	54.7
JNONHPJE_01213	MER0011345	24.479	192	130	6	321	498	28	218	7.97e-09	53.5
JNONHPJE_01213	MER0002755	25.789	190	108	7	324	490	21	200	2.32e-08	51.6
JNONHPJE_01213	MER0019759	23.457	162	118	3	361	518	72	231	2.96e-08	51.6
JNONHPJE_01213	MER0036308	24.000	175	112	5	331	490	36	204	8.65e-08	50.4
JNONHPJE_01213	MER0001012	28.873	142	92	3	361	496	77	215	1.01e-07	50.1
JNONHPJE_01213	MER0005328	25.000	184	118	7	321	487	17	197	1.07e-07	49.7
JNONHPJE_01213	MER0168983	22.785	158	110	4	334	486	1	151	1.30e-07	48.5
JNONHPJE_01213	MER0019096	25.641	156	90	5	372	519	61	198	1.72e-07	48.9
JNONHPJE_01213	MER0002078	25.000	164	94	5	371	518	82	232	2.62e-07	48.9
JNONHPJE_01213	MER0001017	31.522	92	53	3	321	404	28	117	3.17e-07	48.9
JNONHPJE_01213	MER0052595	23.881	134	97	2	371	499	89	222	4.33e-07	48.1
JNONHPJE_01213	MER0006264	21.538	130	99	2	371	497	53	182	5.63e-07	47.4
JNONHPJE_01213	MER0011720	25.000	140	101	2	371	510	79	214	6.04e-07	47.8
JNONHPJE_01213	MER0004243	23.611	144	98	2	363	497	76	216	1.05e-06	47.0
JNONHPJE_01213	MER0091680	23.841	151	101	4	368	510	69	213	1.13e-06	47.0
JNONHPJE_01213	MER0011183	23.333	150	108	3	372	516	75	222	2.29e-06	45.8
JNONHPJE_01213	MER0002968	21.705	129	99	2	371	497	87	215	3.27e-06	45.4
JNONHPJE_01213	MER0011423	22.059	136	97	2	368	497	82	214	5.53e-06	44.7
JNONHPJE_01213	MER0011371	27.586	116	81	3	371	483	82	197	6.39e-06	44.3
JNONHPJE_01213	MER0011369	21.429	126	96	3	368	490	93	218	8.48e-06	44.3
JNONHPJE_01213	MER0003916	21.875	128	92	2	371	495	70	192	9.63e-06	43.9
JNONHPJE_01214	MER0002565	37.826	230	120	8	280	508	98	305	2.80e-28	113
JNONHPJE_01214	MER0000332	40.000	240	110	11	293	531	64	270	5.96e-27	107
JNONHPJE_01214	MER0000310	37.931	203	107	7	293	492	63	249	5.13e-26	104
JNONHPJE_01214	MER0028365	33.202	253	133	11	293	535	125	351	7.22e-26	106
JNONHPJE_01214	MER0028365	38.028	71	42	2	66	136	47	115	9.62e-07	47.8
JNONHPJE_01214	MER0004690	31.970	269	152	9	256	501	55	315	1.77e-25	104
JNONHPJE_01214	MER0004690	42.466	73	38	2	75	143	27	99	2.29e-09	55.8
JNONHPJE_01214	MER0001699	35.023	217	122	10	293	506	62	262	8.42e-24	98.2
JNONHPJE_01214	MER0077555	33.990	203	116	6	293	492	62	249	5.65e-23	95.9
JNONHPJE_01214	MER0001520	34.615	208	117	8	293	499	62	251	3.89e-22	93.2
JNONHPJE_01214	MER0005821	32.599	227	124	11	287	501	82	291	4.07e-22	95.9
JNONHPJE_01214	MER0017009	32.407	216	129	6	293	497	117	326	7.13e-22	94.0
JNONHPJE_01214	MER0017009	45.614	57	27	2	86	141	56	109	2.04e-06	46.6
JNONHPJE_01214	MER0001906	33.488	215	124	8	293	506	62	258	7.30e-22	92.4
JNONHPJE_01214	MER0002575	34.272	213	117	8	293	500	71	265	7.85e-22	92.4
JNONHPJE_01214	MER0000315	33.488	215	124	8	293	506	62	258	8.58e-22	92.0
JNONHPJE_01214	MER0001928	33.173	208	120	7	293	499	62	251	1.14e-21	91.7
JNONHPJE_01214	MER0081072	33.613	238	129	10	266	495	31	247	1.45e-21	91.3
JNONHPJE_01214	MER0001709	33.772	228	109	9	292	495	98	307	3.85e-21	91.7
JNONHPJE_01214	MER0002057	31.687	243	118	9	293	492	102	339	5.06e-21	92.0
JNONHPJE_01214	MER0016978	29.537	281	137	11	242	492	39	288	5.24e-21	90.9
JNONHPJE_01214	MER0002562	35.470	234	111	8	287	495	111	329	7.21e-21	90.9
JNONHPJE_01214	MER0000309	34.975	203	113	6	293	492	63	249	1.38e-20	89.0
JNONHPJE_01214	MER0000333	35.829	187	102	5	293	478	64	233	2.26e-20	88.2
JNONHPJE_01214	MER0000320	34.848	198	102	8	293	482	69	247	2.80e-20	88.2
JNONHPJE_01214	MER0016983	35.238	210	93	8	293	480	71	259	2.96e-20	88.6
JNONHPJE_01214	MER0062058	36.792	212	113	7	293	496	61	259	8.72e-20	88.6
JNONHPJE_01214	MER0062058	50.000	52	26	0	86	137	1	52	2.67e-12	65.5
JNONHPJE_01214	MER0014744	32.864	213	129	6	293	494	95	304	1.57e-19	86.7
JNONHPJE_01214	MER0000361	35.556	225	105	10	292	493	104	311	2.21e-19	86.3
JNONHPJE_01214	MER0001521	33.816	207	118	7	286	489	57	247	4.27e-19	84.3
JNONHPJE_01214	MER0054318	34.409	186	112	7	293	476	67	244	9.47e-19	84.3
JNONHPJE_01214	MER0000313	33.816	207	118	7	286	489	57	247	1.54e-18	82.8
JNONHPJE_01214	MER0001725	37.037	189	103	7	292	478	98	272	1.90e-18	83.2
JNONHPJE_01214	MER0006023	33.333	225	109	9	293	495	102	307	2.80e-18	83.2
JNONHPJE_01214	MER0002267	31.197	234	133	10	273	498	53	266	3.46e-18	82.0
JNONHPJE_01214	MER0001755	33.816	207	118	7	286	489	57	247	4.20e-18	81.6
JNONHPJE_01214	MER0000316	32.195	205	118	9	293	495	61	246	4.81e-18	81.3
JNONHPJE_01214	MER0001523	34.783	207	116	8	286	489	57	247	5.46e-18	81.3
JNONHPJE_01214	MER0000312	34.783	207	116	8	286	489	57	247	5.46e-18	81.3
JNONHPJE_01214	MER0013656	32.828	198	114	8	293	489	61	240	6.38e-18	80.9
JNONHPJE_01214	MER0016697	34.884	215	96	9	293	478	98	297	8.05e-18	81.6
JNONHPJE_01214	MER0042897	38.605	215	110	8	286	495	59	256	1.03e-17	80.5
JNONHPJE_01214	MER0050309	30.738	244	133	10	293	518	47	272	2.91e-17	80.9
JNONHPJE_01214	MER0000321	31.034	261	137	11	257	499	120	355	5.21e-17	79.3
JNONHPJE_01214	MER0004085	31.967	244	132	11	271	494	77	306	1.58e-16	77.8
JNONHPJE_01214	MER0000311	35.149	202	114	7	293	492	64	250	1.73e-16	76.6
JNONHPJE_01214	MER0000319	31.000	200	116	8	293	489	69	249	5.85e-16	75.1
JNONHPJE_01214	MER0003536	31.718	227	118	10	291	495	69	280	1.47e-15	74.3
JNONHPJE_01214	MER0000349	29.958	237	126	9	293	499	144	370	2.03e-15	75.1
JNONHPJE_01214	MER0000358	31.076	251	117	13	265	491	43	261	2.10e-15	74.7
JNONHPJE_01214	MER0006074	33.871	248	117	14	261	495	62	275	2.46e-15	73.6
JNONHPJE_01214	MER0030016	30.350	257	131	10	257	495	50	276	3.59e-15	72.8
JNONHPJE_01214	MER0005931	33.168	202	118	5	293	492	32	218	9.46e-15	70.9
JNONHPJE_01214	MER0155676	29.348	276	151	13	250	496	92	352	1.10e-14	72.8
JNONHPJE_01214	MER0000362	33.010	206	102	9	292	478	98	286	1.54e-14	71.6
JNONHPJE_01214	MER0002516	33.654	208	106	10	293	493	82	264	2.20e-14	70.9
JNONHPJE_01214	MER0002790	32.227	211	131	4	293	493	1	209	2.58e-14	69.7
JNONHPJE_01214	MER0004720	28.889	225	129	7	279	495	59	260	2.62e-14	70.5
JNONHPJE_01214	MER0005078	30.415	217	120	7	268	476	55	248	1.51e-13	68.2
JNONHPJE_01214	MER0003117	34.466	206	104	9	293	489	75	258	1.95e-13	67.8
JNONHPJE_01214	MER0000359	31.455	213	116	10	293	497	89	279	2.16e-13	67.8
JNONHPJE_01214	MER0067924	28.163	245	120	12	281	493	53	273	1.20e-12	65.5
JNONHPJE_01214	MER0000326	31.304	230	120	10	293	517	72	268	2.74e-12	64.7
JNONHPJE_01214	MER0161312	31.739	230	120	10	280	477	83	307	3.26e-12	64.7
JNONHPJE_01214	MER0000328	33.333	198	99	12	293	478	72	248	5.62e-12	63.5
JNONHPJE_01214	MER0006037	30.918	207	112	7	278	476	65	248	1.88e-11	62.0
JNONHPJE_01214	MER0019280	30.556	216	129	8	293	495	73	280	2.06e-11	62.0
JNONHPJE_01214	MER0014085	28.235	255	126	11	293	493	87	338	4.06e-11	61.6
JNONHPJE_01214	MER0005859	31.538	260	113	14	293	499	242	489	5.77e-11	61.6
JNONHPJE_01214	MER0006048	25.651	269	131	8	293	495	85	350	7.81e-11	60.8
JNONHPJE_01214	MER0000356	30.342	234	113	11	287	493	83	293	1.25e-10	60.1
JNONHPJE_01214	MER0002500	29.108	213	110	8	290	476	154	351	1.55e-10	60.1
JNONHPJE_01214	MER0016688	28.692	237	127	10	293	499	74	298	2.69e-10	58.5
JNONHPJE_01214	MER0005712	25.296	253	139	8	293	495	88	340	1.04e-09	57.0
JNONHPJE_01214	MER0000340	29.572	257	128	12	293	531	74	295	1.05e-09	56.6
JNONHPJE_01214	MER0000344	31.343	201	100	10	290	478	85	259	1.13e-09	56.6
JNONHPJE_01214	MER0004123	28.390	236	124	10	293	492	79	305	1.17e-09	56.6
JNONHPJE_01214	MER0002764	31.527	203	112	8	277	474	73	253	1.19e-09	56.6
JNONHPJE_01214	MER0015427	23.938	259	136	8	293	493	86	341	1.32e-09	57.0
JNONHPJE_01214	MER0024902	27.442	215	144	6	293	497	97	309	1.36e-09	56.6
JNONHPJE_01214	MER0000350	27.306	271	127	13	269	493	80	326	1.64e-09	56.2
JNONHPJE_01214	MER0037258	28.507	221	137	8	292	495	79	295	1.71e-09	56.2
JNONHPJE_01214	MER0001368	25.000	252	135	9	293	493	85	333	2.52e-09	55.8
JNONHPJE_01214	MER0001454	34.043	94	44	3	420	495	234	327	2.69e-09	55.8
JNONHPJE_01214	MER0014446	29.148	223	115	9	293	493	197	398	3.16e-09	55.8
JNONHPJE_01214	MER0003122	28.283	198	99	7	343	497	150	347	3.72e-09	55.5
JNONHPJE_01214	MER0000353	28.155	206	112	7	280	471	144	327	4.00e-09	55.1
JNONHPJE_01214	MER0055027	32.386	176	86	8	279	451	68	213	4.26e-09	55.5
JNONHPJE_01214	MER0000357	31.863	204	101	11	293	481	77	257	5.23e-09	54.7
JNONHPJE_01214	MER0000325	30.159	252	141	12	248	494	32	253	5.44e-09	54.7
JNONHPJE_01214	MER0000335	28.019	207	118	9	293	491	69	252	6.03e-09	54.3
JNONHPJE_01214	MER0003020	28.571	259	120	12	279	478	214	466	6.38e-09	55.1
JNONHPJE_01214	MER0014300	27.347	245	128	8	293	495	79	315	1.14e-08	53.9
JNONHPJE_01214	MER0050310	24.364	275	164	10	260	525	93	332	1.26e-08	53.9
JNONHPJE_01214	MER0001467	25.352	213	121	10	312	493	129	334	1.36e-08	53.5
JNONHPJE_01214	MER0005760	25.118	211	124	9	312	495	132	335	1.47e-08	53.5
JNONHPJE_01214	MER0068994	27.273	242	113	12	292	476	108	343	1.60e-08	53.5
JNONHPJE_01214	MER0000347	24.786	234	136	7	291	500	117	334	1.64e-08	53.9
JNONHPJE_01214	MER0014309	25.463	216	117	10	312	495	124	327	1.83e-08	53.1
JNONHPJE_01214	MER0001451	25.000	264	121	8	293	493	67	316	1.85e-08	53.1
JNONHPJE_01214	MER0000336	27.315	216	121	9	285	492	73	260	2.71e-08	52.4
JNONHPJE_01214	MER0000351	27.103	214	118	8	280	477	93	284	2.84e-08	52.0
JNONHPJE_01214	MER0014310	37.079	89	36	3	427	495	310	398	4.01e-08	52.4
JNONHPJE_01214	MER0015432	38.372	86	39	4	423	495	266	350	4.52e-08	52.0
JNONHPJE_01214	MER0015436	35.714	84	44	3	427	502	354	435	6.14e-08	52.0
JNONHPJE_01214	MER0000348	26.754	228	115	8	293	475	88	308	1.01e-07	50.8
JNONHPJE_01214	MER0015437	34.211	76	42	2	427	495	354	428	1.04e-07	51.2
JNONHPJE_01214	MER0000389	27.241	290	136	14	293	534	77	339	1.20e-07	50.4
JNONHPJE_01214	MER0016991	28.704	216	115	9	293	480	78	282	1.21e-07	50.4
JNONHPJE_01214	MER0028258	30.189	265	136	11	278	495	87	349	2.29e-07	49.7
JNONHPJE_01214	MER0005699	26.117	291	147	13	293	515	103	393	3.03e-07	49.7
JNONHPJE_01214	MER0087792	24.534	322	188	11	214	492	16	325	3.70e-07	48.9
JNONHPJE_01214	MER0014312	32.979	94	43	3	420	493	305	398	4.01e-07	49.3
JNONHPJE_01214	MER0005034	35.227	88	37	3	426	493	344	431	4.12e-07	49.3
JNONHPJE_01214	MER0015438	33.708	89	39	2	427	495	362	450	4.81e-07	48.9
JNONHPJE_01214	MER0014311	34.483	87	37	3	427	493	311	397	4.93e-07	48.9
JNONHPJE_01214	MER0015433	35.366	82	40	3	427	495	353	434	4.94e-07	48.9
JNONHPJE_01214	MER0005756	34.568	81	41	2	427	495	294	374	5.65e-07	48.5
JNONHPJE_01214	MER0014313	32.292	96	45	3	420	495	279	374	5.76e-07	48.5
JNONHPJE_01214	MER0006036	32.099	81	42	1	439	506	371	451	6.91e-07	48.5
JNONHPJE_01214	MER0015431	36.585	82	39	3	427	495	261	342	7.06e-07	48.1
JNONHPJE_01214	MER0005610	22.650	234	141	7	312	520	132	350	8.55e-07	48.1
JNONHPJE_01214	MER0014089	37.374	99	47	4	417	502	343	439	8.55e-07	48.1
JNONHPJE_01214	MER0004641	35.227	88	37	3	426	493	265	352	8.62e-07	48.1
JNONHPJE_01214	MER0005790	28.500	200	101	7	293	475	94	268	9.00e-07	47.4
JNONHPJE_01214	MER0002771	26.455	189	107	6	330	493	146	327	9.42e-07	47.8
JNONHPJE_01214	MER0014325	32.632	95	42	3	427	499	245	339	1.28e-06	47.4
JNONHPJE_01214	MER0000364	25.660	265	150	10	256	499	40	278	1.60e-06	47.0
JNONHPJE_01214	MER0013641	24.000	250	144	11	293	512	83	316	1.85e-06	47.0
JNONHPJE_01214	MER0011813	31.959	97	46	2	427	503	347	443	2.18e-06	47.0
JNONHPJE_01214	MER0000338	26.244	221	130	7	265	476	44	240	2.29e-06	46.2
JNONHPJE_01214	MER0006049	32.584	89	40	2	425	493	267	355	2.39e-06	46.6
JNONHPJE_01214	MER0005700	34.146	82	41	3	427	495	276	357	4.58e-06	45.8
JNONHPJE_01214	MER0015428	26.000	250	133	11	293	493	85	331	5.13e-06	45.4
JNONHPJE_01214	MER0006297	25.328	229	146	9	278	487	250	472	5.31e-06	45.8
JNONHPJE_01214	MER0013896	32.292	96	46	3	426	502	357	452	5.31e-06	45.8
JNONHPJE_01221	MER0281397	26.540	211	109	9	191	368	4	201	1.07e-07	48.9
JNONHPJE_01235	MER0897124	24.289	457	276	15	10	442	7	417	2.15e-17	80.5
JNONHPJE_01235	MER0004480	32.727	165	95	5	11	172	1	152	1.48e-12	65.1
JNONHPJE_01235	MER0004469	22.749	211	135	8	1	191	1	203	4.05e-12	64.3
JNONHPJE_01235	MER0004469	21.395	215	121	4	225	407	154	352	7.36e-07	47.8
JNONHPJE_01235	MER0004468	25.701	214	141	5	234	442	217	417	4.31e-12	64.3
JNONHPJE_01235	MER0004468	35.955	89	54	1	80	168	147	232	4.68e-10	58.2
JNONHPJE_01235	MER0004474	32.407	108	64	4	14	120	89	188	1.89e-08	52.8
JNONHPJE_01235	MER0004471	32.407	108	64	4	14	120	95	194	1.77e-07	49.7
JNONHPJE_01235	MER0004471	32.292	96	63	1	339	432	259	354	3.41e-06	45.8
JNONHPJE_01244	MER0033259	27.805	205	117	8	56	239	19	213	9.26e-13	63.5
JNONHPJE_01244	MER0004146	30.579	121	79	4	52	167	3	123	1.53e-09	54.3
JNONHPJE_01244	MER0017193	33.333	99	64	2	56	153	14	111	6.19e-08	49.7
JNONHPJE_01244	MER0031619	28.481	158	93	5	57	199	16	168	2.98e-07	47.8
JNONHPJE_01244	MER0036069	30.435	138	88	5	16	146	26	162	3.41e-07	47.8
JNONHPJE_01244	MER0017142	28.696	115	73	5	57	169	3	110	3.53e-07	47.0
JNONHPJE_01244	MER0014065	25.424	118	77	2	48	163	23	131	4.50e-07	47.4
JNONHPJE_01244	MER0213280	28.244	131	80	5	66	186	29	155	1.23e-06	45.8
JNONHPJE_01244	MER0026339	26.549	113	80	2	56	165	11	123	1.71e-06	45.1
JNONHPJE_01244	MER0037236	31.008	129	73	4	54	172	6	128	1.79e-06	45.1
JNONHPJE_01244	MER0036053	28.972	107	73	2	61	166	2	106	1.92e-06	45.1
JNONHPJE_01244	MER0011785	30.909	110	65	3	64	165	31	137	2.00e-06	45.1
JNONHPJE_01262	MER0016191	26.621	293	194	6	39	316	4	290	4.27e-34	123
JNONHPJE_01262	MER0016172	28.099	242	155	6	79	307	45	280	7.70e-22	90.9
JNONHPJE_01262	MER0016185	27.385	325	194	8	36	322	1	321	3.53e-21	89.4
JNONHPJE_01299	MER0001313	26.786	112	78	2	9	119	15	123	4.88e-06	42.0
JNONHPJE_01302	MER0034744	32.398	392	212	11	107	478	9	367	5.73e-47	165
JNONHPJE_01302	MER0078701	32.386	352	185	12	107	428	9	337	4.18e-45	159
JNONHPJE_01302	MER0034730	32.857	350	200	12	100	428	2	337	1.39e-44	158
JNONHPJE_01302	MER0034728	33.728	338	190	11	107	424	9	332	1.60e-44	158
JNONHPJE_01302	MER0033226	32.945	343	197	12	99	421	2	331	2.00e-44	158
JNONHPJE_01302	MER0033241	34.795	342	194	12	106	430	11	340	2.76e-44	158
JNONHPJE_01302	MER0030934	34.197	386	195	14	108	478	12	353	5.63e-44	156
JNONHPJE_01302	MER0034745	33.236	343	194	11	107	428	9	337	6.71e-44	157
JNONHPJE_01302	MER0033224	39.921	253	122	7	107	339	8	250	2.01e-43	155
JNONHPJE_01302	MER0037861	32.250	400	199	13	107	467	9	375	3.42e-43	155
JNONHPJE_01302	MER0033198	34.375	384	204	14	107	466	10	369	9.34e-43	154
JNONHPJE_01302	MER0032203	36.667	270	145	6	107	358	9	270	2.23e-42	153
JNONHPJE_01302	MER0037850	38.645	251	128	7	107	339	9	251	2.25e-42	153
JNONHPJE_01302	MER0033188	29.975	397	226	13	107	474	10	383	2.56e-41	150
JNONHPJE_01302	MER0033220	39.683	252	123	9	107	338	9	251	7.13e-41	149
JNONHPJE_01302	MER0033213	37.945	253	131	6	107	341	9	253	9.34e-41	148
JNONHPJE_01302	MER0033240	31.646	395	203	16	108	466	10	373	1.13e-40	148
JNONHPJE_01302	MER0034726	32.635	334	194	11	107	421	9	330	3.18e-40	146
JNONHPJE_01302	MER0034723	38.912	239	131	6	107	338	9	239	1.44e-39	145
JNONHPJE_01302	MER0077885	32.733	333	195	10	107	421	18	339	2.28e-39	144
JNONHPJE_01302	MER0034727	33.529	340	183	13	107	421	9	330	2.49e-39	144
JNONHPJE_01302	MER0034741	38.735	253	129	7	107	341	8	252	7.27e-39	143
JNONHPJE_01302	MER0033212	32.184	348	184	11	107	424	9	334	1.97e-38	142
JNONHPJE_01302	MER0077889	30.275	327	193	10	107	421	8	311	7.51e-38	139
JNONHPJE_01302	MER0033227	30.288	416	206	17	93	466	3	376	2.11e-37	139
JNONHPJE_01302	MER0037852	32.456	342	183	10	107	421	9	329	1.32e-36	136
JNONHPJE_01302	MER0078925	35.606	264	144	7	108	353	10	265	2.38e-36	136
JNONHPJE_01302	MER0034742	33.333	342	180	14	107	421	9	329	6.30e-35	132
JNONHPJE_01302	MER0033235	36.066	244	132	8	108	338	7	239	1.14e-31	122
JNONHPJE_01302	MER0033236	35.656	244	133	8	108	338	7	239	4.54e-31	121
JNONHPJE_01302	MER0033231	48.800	125	55	3	126	249	7	123	1.37e-30	112
JNONHPJE_01302	MER0043138	43.312	157	77	3	99	251	3	151	9.28e-30	117
JNONHPJE_01302	MER0043201	26.554	354	209	8	109	422	12	354	1.17e-24	103
JNONHPJE_01302	MER0077199	30.258	271	164	9	130	392	1	254	1.20e-24	102
JNONHPJE_01302	MER0011604	31.225	253	144	9	104	338	8	248	1.74e-24	101
JNONHPJE_01302	MER0033283	42.969	128	64	3	126	252	29	148	1.87e-24	102
JNONHPJE_01302	MER0029616	39.437	142	76	3	116	252	1	137	8.98e-24	100
JNONHPJE_01302	MER0043147	27.481	393	206	14	124	466	4	367	2.21e-23	99.0
JNONHPJE_01302	MER0033232	32.877	219	129	7	128	338	31	239	8.16e-23	97.1
JNONHPJE_01302	MER0034664	29.870	231	137	8	108	321	12	234	8.83e-23	97.4
JNONHPJE_01302	MER0045467	35.071	211	122	6	141	343	3	206	5.87e-22	94.0
JNONHPJE_01302	MER0044819	38.596	171	91	7	104	271	10	169	1.92e-21	92.8
JNONHPJE_01302	MER0033280	40.741	135	62	4	128	252	31	157	1.04e-20	90.9
JNONHPJE_01302	MER0043139	36.601	153	69	2	99	251	3	127	4.52e-20	89.0
JNONHPJE_01302	MER0045935	38.356	146	75	5	107	245	9	146	6.90e-20	88.2
JNONHPJE_01302	MER0043003	33.333	138	60	8	115	235	5	127	1.42e-07	49.7
JNONHPJE_01302	MER0036030	27.879	165	89	6	108	258	2	150	7.18e-07	47.8
JNONHPJE_01302	MER0037862	30.357	112	55	3	409	516	1	93	9.68e-07	44.3
JNONHPJE_01302	MER0031570	27.500	120	70	4	114	232	12	115	2.22e-06	46.2
JNONHPJE_01302	MER0036044	27.273	121	68	3	114	232	61	163	4.87e-06	45.4
JNONHPJE_01303	MER0014135	44.106	263	147	0	184	446	1	263	5.92e-79	243
JNONHPJE_01303	MER0003359	28.440	109	76	2	347	453	115	223	1.13e-08	52.4
JNONHPJE_01303	MER0017402	29.060	117	75	3	337	450	80	191	1.91e-07	48.5
JNONHPJE_01303	MER0026213	27.451	102	65	2	327	427	131	224	2.03e-06	45.8
JNONHPJE_01303	MER0005837	25.000	120	81	3	318	428	98	217	3.08e-06	45.4
JNONHPJE_01310	MER0003327	47.706	218	109	4	2	218	1	214	2.89e-62	203
JNONHPJE_01310	MER0012158	37.982	337	135	10	2	266	1	335	5.13e-59	197
JNONHPJE_01310	MER0185695	44.796	221	114	4	2	216	1	219	3.64e-52	176
JNONHPJE_01310	MER0003350	42.512	207	95	6	2	185	1	206	2.70e-44	154
JNONHPJE_01310	MER0003322	40.580	207	96	6	2	182	1	206	1.64e-38	138
JNONHPJE_01310	MER0011781	32.941	170	107	4	2	168	1	166	1.31e-16	76.6
JNONHPJE_01310	MER0011806	29.050	179	117	5	2	177	1	172	2.38e-14	70.1
JNONHPJE_01310	MER0004101	29.050	179	117	5	2	177	1	172	1.14e-13	67.8
JNONHPJE_01310	MER0003314	30.345	145	88	4	2	134	1	144	4.12e-12	63.9
JNONHPJE_01372	MER0000576	45.217	115	62	1	32	146	1	114	5.37e-37	120
JNONHPJE_01372	MER0000569	34.211	114	73	2	32	144	1	113	2.89e-15	64.7
JNONHPJE_01372	MER0006172	32.051	78	53	0	54	131	2	79	2.09e-10	50.8
JNONHPJE_01424	MER0034539	40.476	168	94	6	2	166	1	165	1.75e-30	115
JNONHPJE_01424	MER0033254	32.558	172	103	9	2	167	1	165	5.80e-18	80.9
JNONHPJE_01424	MER0185695	27.742	155	74	6	2	120	1	153	7.93e-06	44.3
JNONHPJE_01489	MER0026494	32.033	487	291	11	1	462	1	472	1.80e-72	233
JNONHPJE_01489	MER0026471	30.398	477	296	9	8	459	12	477	1.49e-68	223
JNONHPJE_01489	MER0015142	30.000	480	309	8	1	462	33	503	2.84e-67	221
JNONHPJE_01489	MER0003397	33.816	207	115	7	8	198	8	208	1.25e-22	95.1
JNONHPJE_01489	MER0003397	29.293	99	67	1	362	460	213	308	1.58e-09	55.8
JNONHPJE_01489	MER0052470	25.253	396	254	13	66	440	69	443	2.09e-22	96.3
JNONHPJE_01489	MER0026485	32.843	204	117	7	8	198	11	207	4.30e-21	90.5
JNONHPJE_01489	MER0026485	29.787	94	66	0	360	453	210	303	1.72e-09	55.8
JNONHPJE_01489	MER0057434	32.039	206	118	9	7	198	2	199	1.52e-17	80.1
JNONHPJE_01489	MER0057434	33.333	81	51	1	381	461	223	300	2.62e-07	48.9
JNONHPJE_01489	MER0001272	28.369	141	82	5	21	159	11	134	7.15e-10	56.6
JNONHPJE_01539	MER0001423	69.397	232	71	0	490	721	1	232	5.18e-119	353
JNONHPJE_01539	MER0000405	42.007	269	142	8	466	723	2	267	3.84e-64	211
JNONHPJE_01539	MER0000399	41.948	267	136	7	466	723	1	257	4.69e-64	211
JNONHPJE_01539	MER0000401	40.520	269	138	7	466	723	2	259	6.27e-63	208
JNONHPJE_01539	MER0005196	40.529	227	134	1	494	720	25	250	1.29e-58	196
JNONHPJE_01539	MER0058228	41.743	218	125	2	491	706	7	224	1.13e-55	187
JNONHPJE_01539	MER0011413	37.395	238	145	2	489	722	2	239	9.03e-54	182
JNONHPJE_01539	MER0004504	40.359	223	123	5	494	707	2	223	1.13e-53	182
JNONHPJE_01539	MER0011305	41.339	254	140	6	472	720	1	250	4.00e-53	181
JNONHPJE_01539	MER0004923	37.931	261	156	3	448	704	14	272	6.31e-52	179
JNONHPJE_01539	MER0013484	38.991	218	129	2	491	704	4	221	6.33e-52	177
JNONHPJE_01539	MER0000404	39.526	253	144	6	466	711	1	251	2.92e-51	176
JNONHPJE_01539	MER0005987	35.135	259	158	6	471	723	6	260	5.09e-50	172
JNONHPJE_01539	MER0004921	35.537	242	143	5	489	723	2	237	2.30e-49	170
JNONHPJE_01539	MER0011231	35.849	265	157	7	466	723	1	259	9.33e-48	166
JNONHPJE_01539	MER0004193	35.897	234	143	5	491	721	3	232	2.34e-42	150
JNONHPJE_01539	MER0005994	33.460	263	168	5	466	723	2	262	7.02e-42	150
JNONHPJE_01539	MER0192427	34.764	233	145	4	475	704	50	278	2.67e-41	149
JNONHPJE_01539	MER0000403	29.339	242	164	4	487	723	21	260	2.91e-38	140
JNONHPJE_01539	MER0004199	34.348	230	139	8	498	723	1	222	8.18e-35	129
JNONHPJE_01539	MER0195666	33.173	208	127	5	491	690	1	204	3.04e-34	127
JNONHPJE_01539	MER0003361	28.632	234	146	8	479	702	5	227	9.06e-28	109
JNONHPJE_01539	MER0005988	34.545	110	71	1	596	704	2	111	2.58e-20	84.0
JNONHPJE_01539	MER0003558	25.911	247	164	6	475	709	7	246	6.19e-18	81.3
JNONHPJE_01539	MER0034615	26.068	234	154	3	484	704	3	230	5.88e-16	75.1
JNONHPJE_01539	MER0005807	25.243	206	141	6	504	704	62	259	1.44e-14	71.6
JNONHPJE_01539	MER0017401	25.664	226	152	8	486	703	2	219	1.01e-13	68.6
JNONHPJE_01539	MER0006027	25.225	222	145	5	497	704	24	238	2.94e-13	67.4
JNONHPJE_01539	MER0140224	27.513	189	119	4	528	703	35	218	3.64e-13	66.6
JNONHPJE_01539	MER0018170	25.339	221	141	4	499	703	20	232	4.76e-13	66.6
JNONHPJE_01539	MER0016096	21.200	250	174	7	487	720	2	244	1.77e-11	62.0
JNONHPJE_01539	MER0000408	23.109	238	157	6	484	704	5	233	6.78e-11	60.1
JNONHPJE_01539	MER0030932	29.932	147	84	4	569	702	84	224	2.08e-10	58.5
JNONHPJE_01539	MER0004925	26.423	246	157	7	474	703	3	240	1.04e-09	56.6
JNONHPJE_01539	MER0014827	26.749	243	146	9	474	703	3	226	3.82e-09	55.1
JNONHPJE_01539	MER0000263	23.504	234	155	9	486	704	1	225	3.00e-08	52.0
JNONHPJE_01539	MER0015682	23.786	206	148	4	501	703	87	286	9.41e-08	51.2
JNONHPJE_01539	MER0126485	25.342	146	100	3	533	670	39	183	3.70e-07	48.9
JNONHPJE_01539	MER0001920	20.976	205	147	3	533	723	43	246	5.48e-06	45.4
JNONHPJE_01547	MER0001295	43.011	186	92	4	407	588	3	178	1.06e-43	152
JNONHPJE_01547	MER0001425	38.095	147	76	4	444	587	36	170	1.59e-21	89.4
JNONHPJE_01547	MER0003413	34.694	147	86	2	439	585	27	163	7.69e-21	87.4
JNONHPJE_01547	MER0015684	37.500	152	87	4	428	577	16	161	3.83e-19	82.4
JNONHPJE_01547	MER0003065	35.333	150	86	3	436	585	24	162	4.13e-19	82.4
JNONHPJE_01547	MER0001297	37.190	121	74	2	427	547	15	133	9.10e-19	81.3
JNONHPJE_01547	MER0003514	32.967	182	101	5	405	585	1	162	2.23e-18	80.1
JNONHPJE_01547	MER0004196	30.263	152	93	3	436	585	24	164	8.28e-15	70.1
JNONHPJE_01547	MER0005714	28.743	167	99	5	428	585	16	171	3.60e-12	62.4
JNONHPJE_01547	MER0004195	31.098	164	97	6	430	589	18	169	1.75e-11	60.5
JNONHPJE_01547	MER0011097	25.248	202	110	9	397	590	80	248	7.07e-06	45.4
JNONHPJE_01580	MER0044357	25.000	232	143	6	1	204	25	253	3.84e-15	72.4
JNONHPJE_01580	MER0044357	33.945	109	67	2	211	318	340	444	8.26e-11	59.3
JNONHPJE_01597	MER0100667	30.357	168	97	7	138	297	56	211	3.76e-13	64.7
JNONHPJE_01597	MER0001284	26.601	203	131	7	95	289	33	225	7.71e-11	58.5
JNONHPJE_01597	MER0001289	30.081	123	68	5	94	212	58	166	3.99e-09	53.5
JNONHPJE_01597	MER0005139	28.099	121	64	4	92	203	57	163	4.46e-08	50.4
JNONHPJE_01597	MER0005239	28.571	119	64	3	91	201	62	167	6.66e-08	50.1
JNONHPJE_01597	MER0001288	26.147	218	118	8	106	303	30	224	1.04e-07	48.9
JNONHPJE_01597	MER0002161	22.490	249	151	7	87	314	55	282	1.35e-07	48.9
JNONHPJE_01597	MER0194228	30.097	103	55	4	113	212	2	90	2.09e-07	47.4
JNONHPJE_01597	MER0005152	30.337	89	45	2	97	181	59	134	7.82e-07	46.6
JNONHPJE_01597	MER0005149	30.000	120	63	5	91	202	58	164	9.70e-06	43.1
JNONHPJE_01612	MER0003339	23.243	555	385	19	248	783	1	533	3.72e-27	113
JNONHPJE_01612	MER0006198	21.088	588	356	23	248	793	1	522	3.92e-18	85.1
JNONHPJE_01612	MER0003306	23.861	373	248	9	248	599	1	358	2.81e-17	82.8
JNONHPJE_01612	MER0035254	22.660	203	141	4	248	439	1	198	3.18e-07	50.4
JNONHPJE_01642	MER0034582	26.582	316	209	9	614	915	14	320	2.40e-31	122
JNONHPJE_01677	MER0001161	40.708	678	395	5	4	674	1	678	8.15e-177	516
JNONHPJE_01677	MER0001158	36.707	662	413	5	17	674	18	677	5.92e-144	432
JNONHPJE_01677	MER0006087	34.582	694	412	16	12	675	18	699	1.64e-128	393
JNONHPJE_01677	MER0015119	32.542	716	419	17	12	675	14	717	8.99e-119	368
JNONHPJE_01677	MER0108144	31.163	645	415	11	48	674	29	662	9.62e-95	303
JNONHPJE_01677	MER0001149	32.881	590	368	12	96	674	104	676	2.80e-92	298
JNONHPJE_01677	MER0003110	30.472	699	415	16	33	674	31	715	2.41e-88	288
JNONHPJE_01677	MER0001942	32.088	589	374	13	96	674	104	676	4.69e-86	281
JNONHPJE_01677	MER0001153	30.455	660	413	19	44	674	50	692	6.16e-80	265
JNONHPJE_01677	MER0079465	28.445	566	369	16	128	674	86	634	2.99e-63	218
JNONHPJE_01677	MER0015170	25.265	566	392	11	106	669	89	625	5.76e-48	176
JNONHPJE_01677	MER0001156	27.245	646	397	24	56	651	62	684	3.19e-45	169
JNONHPJE_01677	MER0021317	30.380	79	55	0	425	503	9	87	6.51e-08	47.8
JNONHPJE_01691	MER0015475	31.579	190	109	6	16	193	5	185	1.07e-16	73.2
JNONHPJE_01728	MER0078640	37.912	364	195	7	11	360	1	347	6.74e-74	230
JNONHPJE_01728	MER0060647	37.293	362	205	6	11	361	1	351	8.60e-71	222
JNONHPJE_01728	MER0044812	45.089	224	107	3	155	365	18	238	2.27e-60	192
JNONHPJE_01728	MER0043540	38.916	203	120	2	165	366	27	226	4.69e-51	167
JNONHPJE_01728	MER0115185	53.793	145	65	1	215	359	1	143	1.29e-47	155
JNONHPJE_01728	MER0045945	41.546	207	110	5	161	364	15	213	2.93e-46	154
JNONHPJE_01728	MER0046161	40.639	219	111	4	161	365	33	246	8.33e-45	152
JNONHPJE_01728	MER0436691	31.970	269	140	4	101	364	14	244	4.10e-43	147
JNONHPJE_01728	MER0044882	29.814	161	90	7	202	346	3	156	2.50e-10	56.2
JNONHPJE_01728	MER0045094	23.529	170	104	5	192	346	26	184	1.27e-07	48.9
JNONHPJE_01728	MER0043195	26.286	175	106	7	210	366	39	208	7.50e-07	46.6
JNONHPJE_01728	MER0043537	25.714	175	110	6	192	356	14	178	2.21e-06	44.7
JNONHPJE_01728	MER0043394	24.113	141	97	5	212	346	12	148	6.22e-06	42.7
JNONHPJE_01820	MER0073084	22.852	512	324	15	30	500	1	482	9.80e-29	117
JNONHPJE_01820	MER0014496	22.186	311	198	12	311	589	300	598	4.93e-08	52.8
JNONHPJE_01839	MER0036115	32.323	99	59	4	80	172	36	132	1.63e-08	51.6
JNONHPJE_01839	MER0031619	24.519	208	125	7	80	264	29	227	2.90e-07	47.8
JNONHPJE_01839	MER0035044	31.250	96	57	4	73	160	25	119	1.10e-06	45.8
JNONHPJE_01839	MER0036054	32.110	109	68	3	76	179	13	120	1.54e-06	45.4
JNONHPJE_01839	MER0035032	25.170	147	85	6	73	208	23	155	2.35e-06	45.1
JNONHPJE_01839	MER0035038	29.091	110	67	5	73	172	22	130	4.37e-06	43.9
JNONHPJE_01839	MER0036050	29.032	124	74	4	67	176	65	188	5.72e-06	43.9
JNONHPJE_01851	MER0002639	45.029	171	90	1	87	257	10	176	2.53e-47	153
JNONHPJE_01851	MER0002642	43.636	165	89	1	87	251	10	170	1.30e-42	141
JNONHPJE_01851	MER0042387	33.758	157	90	7	101	249	30	180	6.10e-15	68.6
JNONHPJE_01851	MER0026552	29.586	169	100	8	83	247	8	161	1.02e-13	64.7
JNONHPJE_01851	MER0026496	29.762	168	101	8	92	246	99	262	1.84e-11	60.1
JNONHPJE_01851	MER0031491	25.153	163	111	5	100	254	29	188	1.65e-09	53.1
JNONHPJE_01851	MER0017394	42.222	45	26	0	108	152	33	77	6.80e-06	42.7
JNONHPJE_01855	MER0034539	37.714	175	104	4	2	174	1	172	4.03e-30	114
JNONHPJE_01855	MER0033254	30.081	246	133	11	2	217	1	237	2.24e-17	79.0
JNONHPJE_01855	MER0011781	30.168	179	84	6	27	166	22	198	2.66e-08	52.0
JNONHPJE_01855	MER0011806	31.852	135	78	5	44	166	67	199	3.32e-08	51.6
JNONHPJE_01855	MER0004101	33.083	133	75	5	46	166	69	199	3.21e-07	48.5
JNONHPJE_01863	MER0015473	30.542	203	90	8	49	246	38	194	7.62e-12	60.1
JNONHPJE_01863	MER0015472	25.500	200	99	5	49	247	46	196	2.49e-09	52.8
JNONHPJE_01863	MER0035036	24.242	198	98	4	36	231	74	221	5.56e-09	52.0
JNONHPJE_01863	MER0015458	25.871	201	92	5	44	234	48	201	5.27e-08	49.3
JNONHPJE_01863	MER0015459	32.143	56	38	0	44	99	46	101	3.26e-07	46.6
JNONHPJE_01863	MER0015468	27.551	98	70	1	11	107	8	105	1.18e-06	44.7
JNONHPJE_01863	MER0017194	27.624	181	81	4	50	227	66	199	1.58e-06	44.7
JNONHPJE_01863	MER0015631	34.483	58	38	0	46	103	50	107	1.98e-06	44.3
JNONHPJE_01863	MER0015462	36.000	50	32	0	44	93	44	93	3.01e-06	43.5
JNONHPJE_01863	MER0030047	25.269	186	84	6	53	237	3	134	3.89e-06	42.4
JNONHPJE_01864	MER0015632	32.192	146	87	5	63	202	43	182	3.79e-09	52.8
JNONHPJE_01864	MER0035036	26.923	156	92	5	52	195	76	221	3.30e-06	44.3
JNONHPJE_01867	MER0000589	24.926	337	136	10	140	466	1	230	1.74e-18	82.0
JNONHPJE_01867	MER0013626	32.558	86	40	2	402	469	65	150	9.99e-11	57.0
JNONHPJE_01884	MER0033259	26.210	248	163	8	42	270	13	259	2.05e-21	87.8
JNONHPJE_01884	MER0035041	25.974	231	147	7	55	263	39	267	3.99e-17	76.3
JNONHPJE_01884	MER0031610	23.506	251	149	7	60	271	55	301	1.16e-12	63.9
JNONHPJE_01884	MER0017193	24.436	266	160	9	47	272	13	277	2.30e-12	62.8
JNONHPJE_01884	MER0037236	26.667	255	144	11	49	263	9	260	9.19e-12	60.8
JNONHPJE_01884	MER0004146	24.521	261	147	11	47	263	6	260	1.78e-10	57.0
JNONHPJE_01884	MER0014065	25.850	147	92	5	46	178	19	162	7.04e-10	55.8
JNONHPJE_01884	MER0017177	22.222	144	109	2	27	167	2	145	2.60e-09	53.9
JNONHPJE_01884	MER0043008	29.245	106	70	2	55	155	16	121	2.34e-08	50.8
JNONHPJE_01884	MER0036084	28.704	108	72	2	55	157	14	121	3.16e-07	47.4
JNONHPJE_01884	MER0036053	29.703	101	67	2	55	153	4	102	1.05e-06	45.8
JNONHPJE_01884	MER0003280	26.708	161	109	5	46	199	13	171	1.65e-06	45.4
JNONHPJE_01884	MER0036059	37.037	54	33	1	210	262	297	350	8.97e-06	43.1
JNONHPJE_01911	MER0003380	31.613	155	72	6	22	170	106	232	7.12e-11	59.7
JNONHPJE_01911	MER0013541	30.631	111	51	4	48	158	1	85	4.02e-07	45.1
JNONHPJE_01911	MER0003376	28.144	167	78	7	1	157	1	135	1.26e-06	45.8
JNONHPJE_01911	MER0003423	29.078	141	64	7	18	157	12	117	9.00e-06	42.7
JNONHPJE_01995	MER0195376	34.872	195	109	5	221	409	1	183	7.11e-26	101
JNONHPJE_01995	MER0004196	27.465	142	86	3	222	363	4	128	6.48e-07	46.2
JNONHPJE_01995	MER0001295	25.000	152	93	4	220	371	2	132	7.13e-07	46.6
JNONHPJE_01995	MER0015684	26.761	142	86	2	222	363	4	127	4.01e-06	43.9
JNONHPJE_02059	MER0198917	41.645	377	211	5	18	390	1	372	8.49e-98	316
JNONHPJE_02059	MER1054487	40.633	379	216	4	18	390	1	376	1.29e-88	290
JNONHPJE_02064	MER0066178	27.473	182	116	9	36	214	5	173	7.18e-08	48.9
JNONHPJE_02078	MER0029616	31.532	111	59	2	58	151	11	121	1.23e-11	61.2
JNONHPJE_02078	MER0031563	28.378	148	84	7	29	171	1	131	1.32e-10	57.0
JNONHPJE_02078	MER0034548	28.000	125	81	3	52	171	17	137	1.70e-10	57.0
JNONHPJE_02078	MER0030934	35.088	114	56	6	45	140	12	125	2.97e-10	57.0
JNONHPJE_02078	MER0036027	32.075	106	67	2	45	145	7	112	9.42e-10	54.7
JNONHPJE_02078	MER0031570	31.532	111	71	2	45	150	7	117	1.16e-09	54.7
JNONHPJE_02078	MER0036044	31.092	119	76	3	32	144	42	160	1.89e-09	54.3
JNONHPJE_02078	MER0033220	28.571	154	87	5	44	181	9	155	3.13e-09	53.9
JNONHPJE_02078	MER0043201	28.758	153	85	7	45	181	11	155	3.43e-09	53.9
JNONHPJE_02078	MER0034959	33.929	112	66	3	52	155	20	131	4.50e-09	53.1
JNONHPJE_02078	MER0033213	29.487	156	85	6	44	182	9	156	4.88e-09	53.1
JNONHPJE_02078	MER0032203	31.452	124	63	6	44	148	9	129	5.85e-09	53.1
JNONHPJE_02078	MER0034726	30.088	113	63	5	44	140	9	121	9.79e-09	52.4
JNONHPJE_02078	MER0078925	30.579	121	68	4	44	148	9	129	9.83e-09	52.4
JNONHPJE_02078	MER0034961	33.333	90	54	2	64	147	36	125	1.02e-08	52.0
JNONHPJE_02078	MER0037850	31.452	124	63	6	44	148	9	129	1.12e-08	52.4
JNONHPJE_02078	MER0078701	28.205	117	68	4	44	144	9	125	1.14e-08	52.0
JNONHPJE_02078	MER0033224	30.328	122	67	5	44	148	8	128	1.20e-08	52.0
JNONHPJE_02078	MER0033212	33.913	115	60	5	44	142	9	123	2.42e-08	51.2
JNONHPJE_02078	MER0034727	30.088	113	63	4	44	140	9	121	2.46e-08	51.2
JNONHPJE_02078	MER0033274	31.111	90	57	1	64	148	27	116	2.46e-08	50.4
JNONHPJE_02078	MER0033242	36.170	94	51	4	63	147	35	128	4.32e-08	50.1
JNONHPJE_02078	MER0077885	30.088	113	63	4	44	140	18	130	5.53e-08	50.1
JNONHPJE_02078	MER0034723	28.099	121	71	4	44	148	9	129	5.67e-08	50.1
JNONHPJE_02078	MER0034744	28.689	122	67	5	37	140	2	121	6.48e-08	49.7
JNONHPJE_02078	MER0044819	30.081	123	75	2	40	151	10	132	7.75e-08	49.7
JNONHPJE_02078	MER0034745	28.319	113	65	4	44	140	9	121	8.45e-08	49.3
JNONHPJE_02078	MER0037852	27.972	143	80	6	44	163	9	151	9.49e-08	49.3
JNONHPJE_02078	MER0034742	29.752	121	69	5	44	148	9	129	1.05e-07	49.3
JNONHPJE_02078	MER0033227	27.132	129	69	4	37	140	1	129	1.16e-07	48.9
JNONHPJE_02078	MER0034730	28.319	113	65	5	44	140	9	121	1.26e-07	48.9
JNONHPJE_02078	MER0077889	27.434	113	66	5	44	140	8	120	2.72e-07	47.8
JNONHPJE_02078	MER0033226	30.081	123	67	5	35	140	2	122	2.74e-07	47.8
JNONHPJE_02078	MER0034728	27.434	113	66	5	44	140	9	121	2.75e-07	47.8
JNONHPJE_02078	MER0033188	30.702	114	61	5	44	139	10	123	4.18e-07	47.4
JNONHPJE_02078	MER0033198	31.858	113	60	4	44	139	10	122	4.22e-07	47.4
JNONHPJE_02078	MER0043147	33.019	106	53	4	55	144	2	105	4.40e-07	47.4
JNONHPJE_02078	MER0043003	33.684	95	52	3	64	147	27	121	4.69e-07	46.6
JNONHPJE_02078	MER0033241	30.088	113	63	5	44	140	12	124	5.34e-07	47.0
JNONHPJE_02078	MER0036370	28.431	102	66	2	52	146	19	120	2.63e-06	43.5
JNONHPJE_02078	MER0043138	32.727	110	56	6	46	137	13	122	3.40e-06	44.7
JNONHPJE_02078	MER0036039	28.571	119	62	5	52	148	10	127	5.00e-06	43.5
JNONHPJE_02078	MER0036046	27.869	122	69	4	64	167	27	147	7.00e-06	43.1
JNONHPJE_02078	MER0037861	30.702	114	63	5	43	140	8	121	7.88e-06	43.5
JNONHPJE_02083	MER0001421	54.135	399	178	3	14	412	2	395	4.11e-154	438
JNONHPJE_02083	MER0028941	27.553	421	237	13	3	410	1	366	1.90e-29	114
JNONHPJE_02083	MER0369336	28.571	287	188	7	130	410	39	314	9.31e-24	97.8
JNONHPJE_02123	MER0000437	37.299	311	174	8	45	347	4	301	9.32e-54	176
JNONHPJE_02123	MER0001380	33.455	275	168	6	51	320	5	269	4.12e-51	169
JNONHPJE_02123	MER0003537	32.721	272	171	9	70	339	21	282	1.03e-41	144
JNONHPJE_02123	MER0000436	28.716	296	195	10	54	343	4	289	1.09e-25	101
JNONHPJE_02123	MER0000431	26.316	171	109	7	59	221	20	181	4.49e-10	57.0
JNONHPJE_02123	MER0030163	38.028	71	40	2	104	172	59	127	2.85e-06	45.1
JNONHPJE_02123	MER0011785	29.661	118	76	3	73	187	36	149	3.83e-06	44.7
JNONHPJE_02123	MER0011509	29.167	120	76	6	59	174	24	138	5.05e-06	44.3
JNONHPJE_02125	MER0042827	55.208	96	43	0	994	1089	1	96	2.92e-29	109
JNONHPJE_02131	MER0005139	33.679	193	108	8	109	289	62	246	1.51e-16	75.5
JNONHPJE_02131	MER0100667	27.536	207	122	7	122	326	39	219	5.16e-12	61.6
JNONHPJE_02131	MER0001284	35.455	110	65	3	115	221	41	147	7.61e-12	61.6
JNONHPJE_02131	MER0015691	31.933	119	70	4	95	212	41	149	1.97e-10	57.4
JNONHPJE_02131	MER0015336	27.189	217	129	8	104	310	56	253	2.47e-10	57.0
JNONHPJE_02131	MER0002161	26.923	234	122	8	121	332	76	282	1.24e-09	55.1
JNONHPJE_02131	MER0004514	27.679	224	130	12	115	325	41	245	1.88e-09	54.3
JNONHPJE_02131	MER0037181	30.612	196	103	10	122	315	77	241	5.06e-09	53.5
JNONHPJE_02131	MER0002104	33.333	87	51	2	110	196	67	146	1.77e-08	51.6
JNONHPJE_02131	MER0005238	34.483	87	50	2	110	196	67	146	3.60e-08	50.8
JNONHPJE_02131	MER0001289	24.915	293	168	10	66	332	3	269	8.05e-08	49.7
JNONHPJE_02131	MER0005239	32.143	112	67	4	104	213	63	167	8.06e-08	49.7
JNONHPJE_02131	MER0005152	34.091	88	51	1	110	197	60	140	2.34e-07	48.1
JNONHPJE_02131	MER0015688	36.585	82	43	3	118	198	64	137	5.61e-07	47.0
JNONHPJE_02131	MER0005241	32.222	90	54	2	107	194	2	86	5.71e-07	47.0
JNONHPJE_02131	MER0001288	27.391	230	118	9	121	330	33	233	1.34e-06	45.8
JNONHPJE_02131	MER0001911	36.364	88	46	2	107	194	38	115	1.42e-06	45.8
JNONHPJE_02218	MER0091680	24.645	211	127	9	379	564	14	217	2.56e-06	46.2
JNONHPJE_02218	MER0001012	28.358	134	86	5	422	548	87	217	4.48e-06	45.4
JNONHPJE_02218	MER0011369	29.323	133	84	5	422	547	96	225	5.58e-06	45.1
JNONHPJE_02256	MER0035041	22.989	261	172	10	3	251	25	268	3.71e-12	61.6
JNONHPJE_02256	MER0036084	20.158	253	185	6	21	259	17	266	3.03e-09	53.1
JNONHPJE_02256	MER0033259	21.561	269	180	9	2	258	11	260	4.12e-09	52.8
JNONHPJE_02256	MER0043008	21.364	220	155	5	21	227	19	233	8.94e-08	48.9
JNONHPJE_02256	MER0210990	38.889	72	42	1	50	119	58	129	1.07e-07	48.9
JNONHPJE_02256	MER0017193	23.864	264	156	9	5	238	7	255	1.43e-07	48.1
JNONHPJE_02261	MER0017069	25.974	308	199	12	82	374	14	307	1.05e-25	103
JNONHPJE_02261	MER1143079	28.803	309	190	11	66	371	2	283	1.45e-25	102
JNONHPJE_02261	MER0026262	26.857	350	231	10	65	393	2	347	2.34e-22	94.0
JNONHPJE_02261	MER0000459	25.086	291	193	9	79	353	23	304	2.13e-21	91.3
JNONHPJE_02261	MER0011700	25.895	363	196	13	82	391	20	362	1.72e-20	89.0
JNONHPJE_02261	MER0002489	27.037	270	172	7	97	349	41	302	2.79e-19	85.1
JNONHPJE_02261	MER0003802	26.549	226	147	6	80	300	17	228	8.10e-18	80.5
JNONHPJE_02261	MER0140154	22.157	343	204	12	82	374	5	334	1.73e-16	77.0
JNONHPJE_02261	MER0122661	24.667	300	187	11	76	349	12	298	3.54e-16	75.9
JNONHPJE_02261	MER0005925	28.426	197	118	7	64	247	6	192	8.14e-16	74.7
JNONHPJE_02261	MER0000457	23.642	313	197	13	80	373	23	312	4.88e-15	72.4
JNONHPJE_02261	MER0006204	27.660	188	122	5	84	259	26	211	2.99e-14	70.5
JNONHPJE_02261	MER0005964	26.009	223	135	7	98	297	40	255	6.21e-14	69.3
JNONHPJE_02261	MER0219770	30.636	173	101	7	97	260	33	195	3.40e-12	63.5
JNONHPJE_02261	MER0005923	33.333	93	55	1	85	170	30	122	5.92e-10	57.4
JNONHPJE_02261	MER0354941	24.490	196	123	6	73	251	9	196	2.29e-09	53.5
JNONHPJE_02261	MER0003800	22.251	382	233	14	45	374	1	370	2.83e-08	52.0
JNONHPJE_02261	MER0034964	34.000	100	61	2	71	167	16	113	9.59e-08	50.4
JNONHPJE_02261	MER0000463	23.282	262	180	8	91	343	23	272	1.02e-07	50.1
JNONHPJE_02261	MER0004090	22.396	384	226	17	60	389	13	378	1.75e-07	49.7
JNONHPJE_02261	MER0004154	22.984	248	155	10	66	296	3	231	2.01e-07	49.3
JNONHPJE_02276	MER0000410	60.071	283	111	1	401	683	1	281	3.11e-125	370
JNONHPJE_02276	MER0011872	42.264	265	150	2	418	679	16	280	2.66e-70	228
JNONHPJE_02276	MER0082498	43.071	267	130	6	434	678	17	283	1.14e-69	226
JNONHPJE_02276	MER0005694	36.101	277	165	3	415	686	13	282	8.85e-54	183
JNONHPJE_02276	MER0015621	33.557	298	174	7	403	681	1	293	9.83e-47	164
JNONHPJE_02276	MER0000392	32.609	276	169	5	415	678	3	273	6.41e-46	162
JNONHPJE_02276	MER0002490	32.362	309	171	10	403	681	1	301	1.10e-43	156
JNONHPJE_02276	MER0004227	37.788	217	134	1	424	639	28	244	1.11e-42	153
JNONHPJE_02276	MER0079308	32.707	266	168	6	418	678	6	265	2.79e-42	151
JNONHPJE_02276	MER0082653	34.361	227	134	6	427	639	14	239	9.48e-39	141
JNONHPJE_02276	MER0022823	30.996	271	178	5	421	685	10	277	2.22e-38	140
JNONHPJE_02276	MER0981959	30.851	282	172	6	415	678	2	278	4.79e-38	140
JNONHPJE_02276	MER0011450	29.348	276	177	6	415	678	3	272	2.22e-34	129
JNONHPJE_02276	MER0325901	29.740	269	181	6	415	678	1	266	2.18e-32	123
JNONHPJE_02276	MER0000398	30.233	258	164	6	423	679	8	250	3.05e-28	110
JNONHPJE_02276	MER0003229	29.478	268	175	7	415	678	11	268	1.30e-26	107
JNONHPJE_02279	MER0001295	37.838	185	98	2	346	521	2	178	2.76e-35	129
JNONHPJE_02279	MER0001425	34.637	179	97	6	347	518	3	168	6.49e-26	102
JNONHPJE_02279	MER0003514	31.214	173	107	3	348	520	4	164	1.34e-22	92.0
JNONHPJE_02279	MER0003413	31.073	177	110	4	348	523	4	169	3.51e-22	90.9
JNONHPJE_02279	MER0004196	35.000	180	99	4	345	520	1	166	1.81e-19	83.2
JNONHPJE_02279	MER0001297	27.485	171	112	3	347	517	3	161	1.05e-18	80.9
JNONHPJE_02279	MER0003065	28.324	173	112	3	348	520	4	164	1.50e-18	80.5
JNONHPJE_02279	MER0015684	28.409	176	110	4	347	519	3	165	1.32e-17	77.8
JNONHPJE_02279	MER0005714	27.374	179	111	5	349	519	5	172	3.36e-15	71.2
JNONHPJE_02279	MER0004195	26.966	178	115	4	347	522	3	167	2.26e-14	68.6
JNONHPJE_02279	MER0059675	26.904	197	105	9	346	521	17	195	8.55e-06	43.9
JNONHPJE_02366	MER0028025	52.410	166	76	2	4	168	5	168	7.20e-50	164
JNONHPJE_02366	MER0028025	46.914	81	42	1	270	350	164	243	2.33e-19	83.2
JNONHPJE_02366	MER0001273	34.320	169	94	6	12	166	9	174	2.75e-14	68.9
JNONHPJE_02366	MER0003798	21.739	414	259	14	2	353	9	419	2.90e-14	70.1
JNONHPJE_02366	MER0001272	30.357	168	100	7	12	167	6	168	2.47e-13	66.2
JNONHPJE_02366	MER0238460	23.030	330	214	10	49	343	77	401	4.44e-10	57.4
JNONHPJE_02366	MER0026485	37.634	93	52	4	61	149	88	178	4.37e-08	50.8
JNONHPJE_02366	MER0003397	37.234	94	53	4	61	150	88	179	7.21e-08	50.1
JNONHPJE_02366	MER0001271	24.107	224	149	9	66	269	74	296	5.26e-07	47.8
JNONHPJE_02366	MER0026494	32.609	92	56	4	61	148	88	177	7.97e-06	44.3
JNONHPJE_02384	MER0014140	34.667	75	42	3	151	222	195	265	9.91e-07	47.8
JNONHPJE_02417	MER0026545	34.146	205	117	5	64	261	76	269	5.05e-31	113
JNONHPJE_02417	MER0042387	34.706	170	100	5	91	257	17	178	1.91e-29	107
JNONHPJE_02417	MER0026552	37.654	162	90	2	88	249	8	158	5.44e-28	102
JNONHPJE_02417	MER0026496	27.941	272	177	6	2	260	6	271	6.80e-25	97.4
JNONHPJE_02417	MER0031491	30.178	169	105	6	94	254	20	183	3.62e-19	80.1
JNONHPJE_02417	MER0002642	28.571	168	110	4	96	261	16	175	5.57e-16	70.9
JNONHPJE_02417	MER0002639	29.240	171	108	4	84	254	11	168	5.34e-13	62.8
JNONHPJE_02419	MER0000485	49.362	235	118	1	572	805	1	235	4.77e-72	233
JNONHPJE_02419	MER0000495	45.714	245	120	4	572	805	1	243	5.48e-60	201
JNONHPJE_02419	MER0003442	47.343	207	102	3	608	809	21	225	2.32e-55	187
JNONHPJE_02419	MER0011056	45.894	207	105	3	604	805	17	221	5.85e-54	183
JNONHPJE_02419	MER0000488	43.830	235	120	4	572	800	1	229	1.03e-53	183
JNONHPJE_02419	MER0011057	48.485	198	95	3	613	805	26	221	2.23e-53	181
JNONHPJE_02419	MER0003443	47.917	192	95	2	611	797	29	220	4.74e-51	175
JNONHPJE_02419	MER0014970	35.842	279	134	2	572	805	1	279	1.04e-48	171
JNONHPJE_02419	MER0004236	47.486	179	84	2	627	801	85	257	4.86e-45	159
JNONHPJE_02419	MER0000496	37.184	277	115	5	572	789	1	277	6.81e-42	152
JNONHPJE_02419	MER0108906	38.819	237	136	4	572	805	1	231	4.39e-40	144
JNONHPJE_02419	MER0005837	37.387	222	118	4	573	777	2	219	2.89e-36	134
JNONHPJE_02419	MER0017402	33.155	187	113	4	625	806	23	202	1.25e-20	88.2
JNONHPJE_02419	MER0026213	32.895	152	99	1	658	809	111	259	2.36e-20	88.6
JNONHPJE_02419	MER0003859	29.630	189	120	5	622	805	45	225	6.94e-14	69.3
JNONHPJE_02419	MER0003359	31.183	186	110	7	630	805	45	222	3.01e-12	63.9
JNONHPJE_02419	MER0017403	27.778	162	99	4	651	810	56	201	7.18e-07	48.1
JNONHPJE_02435	MER0002968	30.942	223	133	6	207	412	1	219	2.17e-23	95.9
JNONHPJE_02435	MER0091680	31.963	219	115	8	231	426	11	218	6.25e-21	89.0
JNONHPJE_02435	MER0019759	28.241	216	134	6	229	427	18	229	2.18e-20	87.8
JNONHPJE_02435	MER0011183	27.404	208	133	4	234	427	19	222	8.68e-20	85.5
JNONHPJE_02435	MER0011720	27.854	219	140	5	207	416	1	210	1.44e-19	84.7
JNONHPJE_02435	MER0002003	31.004	229	121	7	207	409	1	218	1.66e-19	84.7
JNONHPJE_02435	MER0011440	29.464	224	134	6	213	417	1	219	1.01e-18	82.4
JNONHPJE_02435	MER0002746	29.583	240	145	6	202	427	1	230	1.06e-18	82.8
JNONHPJE_02435	MER0001012	27.189	217	144	3	207	409	1	217	3.67e-18	80.9
JNONHPJE_02435	MER0036308	30.667	225	135	6	200	413	2	216	5.87e-18	80.5
JNONHPJE_02435	MER0015166	26.549	226	144	5	204	407	5	230	7.79e-18	80.1
JNONHPJE_02435	MER0002422	27.717	184	123	4	236	409	24	207	8.94e-18	79.3
JNONHPJE_02435	MER0002060	26.606	218	145	5	207	410	1	217	2.08e-17	78.6
JNONHPJE_02435	MER0001010	30.097	206	118	6	235	420	3	202	3.37e-17	77.8
JNONHPJE_02435	MER0002355	26.606	218	152	5	207	417	1	217	4.90e-17	77.8
JNONHPJE_02435	MER0001009	32.215	149	91	2	289	427	20	168	8.54e-17	76.6
JNONHPJE_02435	MER0001017	30.102	196	94	8	240	408	39	218	9.86e-17	77.4
JNONHPJE_02435	MER0001003	32.597	181	102	5	244	407	7	184	1.34e-16	75.5
JNONHPJE_02435	MER0028449	24.775	222	149	4	206	409	1	222	2.44e-16	75.9
JNONHPJE_02435	MER0005331	28.272	191	124	4	232	409	21	211	3.08e-16	75.1
JNONHPJE_02435	MER0011438	31.977	172	99	4	241	396	29	198	4.14e-16	74.7
JNONHPJE_02435	MER0005328	32.447	188	100	6	234	401	20	200	1.04e-15	73.2
JNONHPJE_02435	MER0001013	29.508	183	110	4	240	408	40	217	1.13e-15	73.9
JNONHPJE_02435	MER0011345	30.645	186	109	5	238	408	37	217	2.63e-15	73.2
JNONHPJE_02435	MER0005046	27.551	196	125	4	229	409	6	199	4.35e-15	71.2
JNONHPJE_02435	MER0001701	25.962	208	125	4	229	414	6	206	9.69e-15	70.9
JNONHPJE_02435	MER0011399	24.887	221	139	5	212	412	1	214	2.82e-14	69.7
JNONHPJE_02435	MER0006264	27.957	186	113	5	241	409	2	183	3.14e-14	68.6
JNONHPJE_02435	MER0016308	28.729	181	107	6	244	407	7	182	3.55e-14	68.2
JNONHPJE_02435	MER0011369	27.650	217	135	6	210	408	13	225	6.51e-14	68.6
JNONHPJE_02435	MER0002281	32.143	196	109	8	235	412	33	222	9.63e-14	68.6
JNONHPJE_02435	MER0011370	29.348	184	110	4	242	408	30	210	1.31e-13	67.4
JNONHPJE_02435	MER0019754	28.571	203	111	7	232	409	3	196	1.53e-13	67.0
JNONHPJE_02435	MER0011423	27.094	203	127	4	226	409	15	215	2.42e-13	66.6
JNONHPJE_02435	MER0002078	25.738	237	148	7	212	427	1	230	3.62e-13	66.6
JNONHPJE_02435	MER0168983	27.168	173	107	4	243	408	2	162	5.69e-13	64.3
JNONHPJE_02435	MER0011371	28.488	172	101	4	252	405	41	208	2.26e-12	63.5
JNONHPJE_02435	MER0012283	29.091	165	100	4	257	409	57	216	4.46e-12	63.2
JNONHPJE_02435	MER0000997	28.426	197	110	6	229	401	21	210	1.29e-11	61.6
JNONHPJE_02435	MER0011175	23.618	199	130	4	229	409	17	211	1.97e-11	60.8
JNONHPJE_02435	MER0052595	26.396	197	123	4	232	409	28	221	2.10e-11	61.2
JNONHPJE_02435	MER0001185	27.368	190	110	6	231	400	26	207	2.20e-11	60.8
JNONHPJE_02435	MER0004243	27.041	196	124	4	232	409	23	217	2.46e-11	60.8
JNONHPJE_02435	MER0003916	26.531	196	122	7	229	409	6	194	3.40e-11	60.1
JNONHPJE_02435	MER0011400	26.596	188	121	4	251	421	40	227	1.02e-10	59.3
JNONHPJE_02435	MER0011401	25.625	160	101	4	257	398	38	197	2.01e-10	57.8
JNONHPJE_02435	MER0005045	25.500	200	124	6	229	409	6	199	3.86e-10	57.0
JNONHPJE_02435	MER0002755	28.049	164	93	5	257	403	47	202	4.18e-10	57.0
JNONHPJE_02435	MER0026830	30.631	111	68	3	232	339	23	127	5.82e-10	56.2
JNONHPJE_02435	MER0012271	27.072	181	106	5	257	416	58	233	7.12e-10	57.0
JNONHPJE_02435	MER0168177	31.206	141	91	4	272	408	25	163	7.62e-10	55.5
JNONHPJE_02435	MER0019096	29.787	141	90	3	291	428	62	196	7.37e-09	53.1
JNONHPJE_02435	MER0002210	31.200	125	63	4	288	395	38	156	2.32e-08	50.8
JNONHPJE_02435	MER0001001	23.757	181	124	5	241	408	30	209	3.91e-08	51.2
JNONHPJE_02435	MER0002658	28.571	140	77	4	292	411	1	137	1.80e-07	48.1
JNONHPJE_02435	MER0116688	22.335	197	137	4	236	417	25	220	4.78e-07	48.5
JNONHPJE_02435	MER0171631	28.205	117	77	1	291	400	85	201	6.77e-06	44.7
JNONHPJE_02487	MER0065588	45.361	194	103	3	19	209	3	196	9.08e-54	167
JNONHPJE_02487	MER0043387	27.807	187	91	7	29	207	15	165	5.71e-11	56.2
JNONHPJE_02487	MER0038086	30.534	131	71	6	85	207	105	223	7.80e-08	48.1
JNONHPJE_02493	MER0001236	37.705	366	213	9	118	476	124	481	3.78e-75	241
JNONHPJE_02493	MER0001238	34.824	425	258	10	62	475	68	484	2.16e-73	236
JNONHPJE_02493	MER0041673	37.500	432	245	12	41	457	33	454	2.64e-72	233
JNONHPJE_02493	MER0035089	40.373	322	184	7	158	476	32	348	5.79e-68	218
JNONHPJE_02493	MER0004598	38.924	316	180	7	167	476	39	347	1.62e-64	209
JNONHPJE_02493	MER0003825	36.941	425	236	11	67	475	33	441	4.34e-64	211
JNONHPJE_02493	MER0004597	38.924	316	180	8	167	476	39	347	1.00e-63	207
JNONHPJE_02493	MER0001235	33.570	423	257	10	45	455	49	459	4.65e-63	209
JNONHPJE_02493	MER0024892	38.854	314	180	7	167	476	92	397	1.73e-60	200
JNONHPJE_02493	MER0014397	37.685	337	197	10	118	450	1	328	2.09e-59	196
JNONHPJE_02493	MER0002271	37.302	378	222	9	104	474	114	483	1.13e-58	197
JNONHPJE_02493	MER0026959	40.711	253	141	6	207	455	3	250	1.43e-51	173
JNONHPJE_02493	MER0001910	35.762	302	189	5	152	449	164	464	5.65e-48	169
JNONHPJE_02493	MER0003919	32.295	353	221	10	107	455	7	345	5.03e-46	161
JNONHPJE_02493	MER0002497	37.879	264	160	4	214	474	163	425	2.02e-45	160
JNONHPJE_02493	MER0105906	31.940	335	207	8	149	473	146	469	4.58e-45	160
JNONHPJE_02493	MER0001240	33.639	327	196	7	157	474	166	480	9.23e-42	152
JNONHPJE_02493	MER0011357	33.548	310	192	7	166	470	214	514	7.78e-40	147
JNONHPJE_02493	MER0013416	32.733	333	204	7	143	470	54	371	6.92e-39	142
JNONHPJE_02493	MER0079520	34.615	182	111	4	218	391	234	415	6.34e-22	95.5
JNONHPJE_02493	MER0081108	28.413	271	152	11	214	448	192	456	2.45e-14	71.6
JNONHPJE_02495	MER0168983	25.625	160	103	5	284	440	1	147	6.46e-13	63.9
JNONHPJE_02495	MER0005331	24.186	215	131	8	256	449	2	205	1.51e-07	49.3
JNONHPJE_02495	MER0001017	22.768	224	145	6	253	459	10	222	9.17e-07	47.0
JNONHPJE_02495	MER0168177	28.261	92	53	3	284	374	1	80	1.17e-06	45.8
JNONHPJE_02495	MER0001013	23.148	216	140	4	259	459	17	221	1.70e-06	46.2
JNONHPJE_02495	MER0002060	27.358	106	67	3	336	431	87	192	6.53e-06	44.3
JNONHPJE_02495	MER0019754	24.339	189	122	6	275	446	3	187	6.95e-06	43.9
JNONHPJE_02564	MER0001505	36.264	91	50	2	40	122	33	123	1.68e-07	49.3
JNONHPJE_02564	MER0013471	31.818	132	68	5	19	129	11	141	4.31e-07	48.1
