KPJNAMBP_00002	MER0001425	44.578	166	83	3	190	349	3	165	3.95e-34	124
KPJNAMBP_00002	MER0001297	41.772	158	89	1	189	346	2	156	1.55e-33	122
KPJNAMBP_00002	MER0003413	37.342	158	97	1	189	346	2	157	8.26e-32	117
KPJNAMBP_00002	MER0003514	43.949	157	81	3	191	345	4	155	1.02e-31	117
KPJNAMBP_00002	MER0003065	40.000	150	87	1	191	340	4	150	2.68e-30	113
KPJNAMBP_00002	MER0004196	37.107	159	99	1	188	346	1	158	2.08e-29	111
KPJNAMBP_00002	MER0015684	33.721	172	105	2	191	362	4	166	1.05e-25	100
KPJNAMBP_00002	MER0005714	33.333	165	99	3	190	347	3	163	1.49e-24	97.8
KPJNAMBP_00002	MER0001295	36.932	176	83	5	189	345	2	168	9.31e-24	95.5
KPJNAMBP_00002	MER0004195	34.375	160	97	2	189	345	2	156	9.75e-24	95.1
KPJNAMBP_00039	MER0003376	40.157	127	60	4	173	284	32	157	3.65e-22	87.8
KPJNAMBP_00039	MER0069741	41.053	95	54	2	186	280	70	162	1.26e-18	78.6
KPJNAMBP_00039	MER0003380	35.455	110	63	2	171	280	130	231	2.81e-18	79.0
KPJNAMBP_00039	MER0005300	32.394	142	85	4	149	284	26	162	2.29e-17	74.7
KPJNAMBP_00039	MER0003906	39.048	105	57	3	186	284	1	104	1.28e-15	68.6
KPJNAMBP_00039	MER0013541	34.884	86	55	1	186	271	1	85	9.03e-13	60.1
KPJNAMBP_00039	MER0015415	31.707	123	73	4	168	280	43	164	1.13e-12	62.0
KPJNAMBP_00039	MER0387040	32.000	100	66	2	186	284	1	99	1.29e-12	60.1
KPJNAMBP_00039	MER0066182	28.814	118	76	3	175	285	75	191	2.44e-12	61.6
KPJNAMBP_00039	MER0003423	38.636	88	51	2	185	270	31	117	1.46e-11	58.2
KPJNAMBP_00039	MER0001419	36.264	91	47	4	186	270	32	117	1.49e-10	55.5
KPJNAMBP_00047	MER0026276	40.506	79	44	2	37	112	346	424	6.14e-13	62.0
KPJNAMBP_00047	MER0053015	30.526	95	57	2	38	127	270	360	2.86e-09	51.2
KPJNAMBP_00047	MER0000471	37.895	95	52	3	38	126	338	431	9.06e-08	47.0
KPJNAMBP_00047	MER0000472	29.167	96	65	1	38	130	335	430	1.59e-07	46.2
KPJNAMBP_00047	MER0011571	32.051	78	52	1	38	115	330	406	2.18e-07	45.8
KPJNAMBP_00077	MER0073084	20.968	186	117	5	9	172	303	480	4.66e-10	57.0
KPJNAMBP_00113	MER0037236	26.295	251	163	6	13	242	11	260	1.57e-20	84.7
KPJNAMBP_00113	MER0004146	23.622	254	173	7	10	242	7	260	4.49e-17	75.5
KPJNAMBP_00113	MER0031611	24.453	274	175	8	5	249	20	290	2.08e-15	71.2
KPJNAMBP_00113	MER0035973	30.726	179	102	6	78	242	116	286	1.17e-11	60.5
KPJNAMBP_00113	MER0036076	24.082	245	145	8	22	241	63	291	9.14e-11	57.8
KPJNAMBP_00113	MER0017033	23.464	179	114	4	81	242	127	299	4.13e-10	55.8
KPJNAMBP_00113	MER0036066	21.545	246	162	8	22	242	1	240	4.86e-10	55.1
KPJNAMBP_00113	MER0036067	24.194	248	148	10	22	240	52	288	1.52e-09	53.9
KPJNAMBP_00113	MER0036053	23.162	272	150	9	17	242	4	262	2.49e-09	53.1
KPJNAMBP_00113	MER0000436	25.547	274	160	10	15	249	17	285	3.04e-09	53.1
KPJNAMBP_00113	MER0000437	23.830	235	140	7	50	251	67	295	5.34e-09	52.4
KPJNAMBP_00113	MER0011785	30.579	121	70	4	14	123	27	144	2.59e-08	50.4
KPJNAMBP_00113	MER0017142	24.084	191	114	4	73	241	63	244	2.80e-08	50.1
KPJNAMBP_00113	MER0036068	23.757	181	121	5	78	241	113	293	8.22e-08	48.9
KPJNAMBP_00113	MER0011509	28.696	115	60	3	21	121	38	144	1.96e-07	47.8
KPJNAMBP_00113	MER0036057	18.994	179	122	3	81	242	125	297	2.72e-07	47.4
KPJNAMBP_00113	MER0036115	20.968	124	78	3	17	128	31	146	1.49e-06	45.1
KPJNAMBP_00113	MER0031569	26.250	160	91	7	86	241	105	241	1.68e-06	44.7
KPJNAMBP_00129	MER0003514	42.857	154	86	2	204	357	4	155	8.96e-35	125
KPJNAMBP_00129	MER0004195	40.764	157	88	2	203	357	3	156	2.03e-32	119
KPJNAMBP_00129	MER0001297	40.645	155	90	2	203	357	3	155	2.06e-32	119
KPJNAMBP_00129	MER0001425	41.401	157	88	1	204	356	4	160	5.11e-31	115
KPJNAMBP_00129	MER0003065	37.662	154	94	1	204	357	4	155	1.10e-30	114
KPJNAMBP_00129	MER0004196	41.509	159	89	3	201	357	1	157	3.31e-30	113
KPJNAMBP_00129	MER0005714	35.625	160	96	1	205	357	5	164	3.72e-29	110
KPJNAMBP_00129	MER0003413	38.065	155	93	2	204	357	4	156	2.07e-28	108
KPJNAMBP_00129	MER0015684	34.459	148	97	0	203	350	3	150	1.46e-25	100
KPJNAMBP_00129	MER0001295	34.320	169	96	3	202	357	2	168	7.26e-19	81.3
