GCJFOGPM_00049	MER0013541	44.086	93	40	2	159	251	5	85	7.80e-17	71.2
GCJFOGPM_00049	MER0003423	33.784	148	81	5	122	267	2	134	1.06e-16	72.4
GCJFOGPM_00049	MER0003380	38.739	111	52	3	159	269	142	236	8.66e-16	72.0
GCJFOGPM_00049	MER0001419	32.432	148	83	5	122	267	2	134	1.39e-15	69.3
GCJFOGPM_00049	MER0003376	37.864	103	55	3	159	259	49	144	4.62e-13	62.8
GCJFOGPM_00049	MER0387040	38.596	114	55	4	159	272	5	103	8.16e-13	60.5
GCJFOGPM_00049	MER0066182	36.975	119	60	4	159	277	96	199	9.82e-13	62.8
GCJFOGPM_00049	MER0069741	32.407	108	58	3	159	264	74	168	2.11e-10	55.5
GCJFOGPM_00049	MER0003906	30.702	114	65	2	156	267	2	103	1.30e-08	48.9
GCJFOGPM_00049	MER0015415	28.037	107	64	3	145	251	56	149	6.27e-07	45.4
GCJFOGPM_00125	MER0014188	42.857	91	46	3	128	217	1	86	1.55e-17	72.8
GCJFOGPM_00125	MER0001322	32.743	113	66	3	128	236	1	107	6.32e-14	63.5
GCJFOGPM_00125	MER0377310	36.667	90	54	2	128	217	1	87	1.18e-13	62.4
GCJFOGPM_00125	MER0377307	36.667	90	54	2	128	217	1	87	1.18e-13	62.4
GCJFOGPM_00125	MER0002450	36.667	90	54	2	128	217	1	87	1.57e-13	62.4
GCJFOGPM_00125	MER0003807	39.362	94	53	4	128	218	1	93	1.45e-12	59.7
GCJFOGPM_00125	MER0377178	33.010	103	65	3	128	229	1	100	1.60e-11	56.6
GCJFOGPM_00125	MER0024252	39.506	81	47	2	140	220	14	92	2.00e-11	57.0
GCJFOGPM_00125	MER0003805	34.066	91	57	1	128	218	1	88	2.25e-11	56.6
GCJFOGPM_00125	MER0377450	34.066	91	57	1	128	218	1	88	3.32e-11	55.5
GCJFOGPM_00125	MER0004035	43.038	79	42	3	140	217	10	86	9.75e-11	54.7
GCJFOGPM_00125	MER0002443	33.333	108	69	3	138	243	11	117	3.03e-10	53.5
GCJFOGPM_00125	MER0003808	33.696	92	54	3	128	217	1	87	1.21e-09	51.6
GCJFOGPM_00125	MER0376722	33.696	92	54	3	128	217	1	87	1.47e-09	50.8
GCJFOGPM_00125	MER0003986	32.258	93	59	4	128	217	1	92	1.58e-09	51.6
GCJFOGPM_00125	MER0004054	32.558	86	54	4	136	217	9	94	4.39e-07	44.7
GCJFOGPM_00161	MER0002635	39.576	283	155	3	142	408	1	283	3.89e-61	196
GCJFOGPM_00161	MER0173063	40.449	267	148	5	144	404	2	263	1.51e-54	179
GCJFOGPM_00161	MER0002646	33.443	305	164	3	144	409	3	307	6.08e-54	178
GCJFOGPM_00161	MER0049282	36.255	251	155	4	163	409	23	272	1.93e-42	147
GCJFOGPM_00161	MER0003824	35.688	269	160	8	144	408	3	262	8.49e-42	145
GCJFOGPM_00161	MER0120615	31.868	273	167	6	144	409	1	261	9.07e-40	140
GCJFOGPM_00161	MER0003772	30.612	245	154	7	172	406	30	268	1.61e-26	104
GCJFOGPM_00161	MER0011469	23.183	289	198	3	141	409	4	288	9.46e-26	102
GCJFOGPM_00161	MER0011470	25.090	279	184	5	151	405	1	278	5.13e-22	92.4
GCJFOGPM_00161	MER0142760	28.758	153	109	0	252	404	308	460	2.49e-17	80.5
GCJFOGPM_00161	MER0006292	28.358	201	113	9	212	409	1	173	5.88e-15	69.7
GCJFOGPM_00224	MER0001202	28.947	152	70	6	82	230	33	149	5.29e-07	49.7
GCJFOGPM_00245	MER0001283	44.118	476	264	2	10	484	8	482	1.87e-140	409
GCJFOGPM_00245	MER0047723	41.860	473	274	1	9	480	3	475	2.69e-132	388
GCJFOGPM_00245	MER0369336	27.711	249	143	8	65	305	8	227	6.51e-14	69.3
GCJFOGPM_00245	MER0028941	30.814	172	95	6	13	172	2	161	2.18e-10	58.9
GCJFOGPM_00275	MER0152618	28.000	125	82	5	66	183	42	165	1.94e-08	48.5
