EMJLGOOE_00030	MER0048181	31.469	143	84	4	61	190	1	142	8.73e-08	47.4
EMJLGOOE_00030	MER0015473	30.909	110	74	2	60	168	36	144	1.17e-07	48.1
EMJLGOOE_00030	MER0035036	26.389	144	98	3	59	198	86	225	1.62e-07	48.1
EMJLGOOE_00030	MER0015452	38.750	80	42	2	59	138	49	121	6.85e-07	46.2
EMJLGOOE_00030	MER0015449	37.349	83	45	2	56	138	48	123	1.01e-06	45.8
EMJLGOOE_00030	MER0015451	39.506	81	42	2	56	136	37	110	3.67e-06	43.9
EMJLGOOE_00031	MER0035036	28.910	211	103	8	12	215	51	221	9.63e-11	57.0
EMJLGOOE_00031	MER0017194	29.143	175	85	3	51	219	66	207	1.81e-10	55.8
EMJLGOOE_00031	MER0015472	29.121	182	96	7	50	231	46	194	1.84e-10	55.5
EMJLGOOE_00031	MER0015473	28.090	178	93	8	50	221	38	186	1.06e-09	53.5
EMJLGOOE_00031	MER0015458	29.379	177	97	6	47	219	50	202	1.74e-09	53.5
EMJLGOOE_00031	MER0015462	36.250	80	42	2	47	126	46	116	1.22e-06	44.3
EMJLGOOE_00031	MER0030047	28.221	163	81	6	60	221	7	134	4.94e-06	42.0
EMJLGOOE_00031	MER0015632	28.448	116	77	4	12	126	8	118	6.27e-06	42.7
EMJLGOOE_00034	MER0015424	27.778	234	143	7	408	620	282	510	4.43e-20	92.0
EMJLGOOE_00034	MER0016991	30.357	280	149	10	256	501	53	320	2.45e-13	69.7
EMJLGOOE_00034	MER0019280	30.169	295	163	11	239	508	29	305	8.85e-13	67.4
EMJLGOOE_00034	MER0005498	25.392	319	192	12	226	508	17	325	5.35e-09	56.2
EMJLGOOE_00034	MER0003536	27.239	268	149	11	224	458	7	261	1.56e-08	54.3
EMJLGOOE_00034	MER0016983	35.052	97	56	1	419	508	216	312	3.99e-08	53.1
EMJLGOOE_00034	MER0002267	37.273	110	57	3	392	501	180	277	6.95e-08	52.4
EMJLGOOE_00034	MER0004988	25.347	288	173	10	238	506	29	293	9.28e-08	52.0
EMJLGOOE_00034	MER0000349	28.870	239	130	11	273	484	142	367	1.23e-07	52.0
EMJLGOOE_00034	MER0161312	29.502	261	141	10	272	498	91	342	5.02e-07	50.1
EMJLGOOE_00034	MER0175622	23.453	307	185	12	228	506	16	300	2.65e-06	47.4
EMJLGOOE_00034	MER0001725	27.181	298	166	10	236	507	46	318	4.09e-06	47.0
EMJLGOOE_00034	MER0000316	29.965	287	151	12	236	508	18	268	4.49e-06	46.6
EMJLGOOE_00120	MER0011122	31.655	139	60	5	251	363	17	146	3.26e-08	50.8
EMJLGOOE_00162	MER0033186	36.562	320	195	3	67	381	1	317	4.71e-59	192
EMJLGOOE_00394	MER0028025	44.444	162	89	1	6	167	8	168	8.96e-39	135
EMJLGOOE_00394	MER0028025	57.895	76	32	0	275	350	168	243	1.79e-23	94.7
EMJLGOOE_00394	MER0001273	30.808	198	110	8	11	191	9	196	1.82e-14	69.7
EMJLGOOE_00394	MER0003798	23.188	414	246	16	1	345	1	411	5.54e-14	69.3
EMJLGOOE_00394	MER0001272	27.094	203	128	8	11	201	6	200	2.84e-13	65.9
EMJLGOOE_00394	MER0038758	22.785	316	200	12	61	353	57	351	7.41e-13	65.5
EMJLGOOE_00394	MER0238460	25.000	316	196	12	65	345	94	403	2.08e-09	55.5
EMJLGOOE_00394	MER0003397	30.201	149	85	7	60	194	88	231	7.67e-07	47.0
EMJLGOOE_00394	MER0026485	29.710	138	86	5	60	190	88	221	2.30e-06	45.4
EMJLGOOE_00423	MER0002968	23.502	217	148	7	850	1055	1	210	1.61e-07	50.4
EMJLGOOE_00423	MER0011440	28.244	131	78	5	936	1055	80	205	6.23e-06	45.4
EMJLGOOE_00430	MER0078640	36.188	362	204	6	11	360	1	347	2.33e-73	229
EMJLGOOE_00430	MER0060647	35.440	364	209	8	11	361	1	351	3.96e-68	215
EMJLGOOE_00430	MER0044812	40.678	236	124	3	149	371	12	244	1.09e-60	192
EMJLGOOE_00430	MER0043540	39.035	228	134	3	142	368	5	228	4.01e-56	180
EMJLGOOE_00430	MER0115185	51.724	145	68	1	215	359	1	143	5.66e-46	151
EMJLGOOE_00430	MER0045945	37.615	218	131	4	155	372	9	221	6.23e-46	154
EMJLGOOE_00430	MER0046161	40.090	222	114	4	161	368	33	249	1.28e-45	154
EMJLGOOE_00430	MER0436691	30.657	274	147	5	102	370	15	250	8.10e-40	139
EMJLGOOE_00430	MER0044882	28.276	145	92	5	212	346	14	156	2.79e-08	50.1
EMJLGOOE_00430	MER0045094	24.691	162	112	4	192	346	26	184	2.45e-06	45.1
EMJLGOOE_00468	MER0015475	32.843	204	118	7	18	210	5	200	1.23e-20	83.2
EMJLGOOE_00487	MER0056525	51.515	231	109	2	418	647	1	229	2.06e-82	258
EMJLGOOE_00487	MER0015609	51.082	231	108	2	418	647	1	227	1.22e-78	249
EMJLGOOE_00487	MER0011748	52.381	231	107	2	418	647	1	229	1.30e-78	249
EMJLGOOE_00487	MER0005496	50.000	230	114	1	418	647	1	229	2.43e-77	245
EMJLGOOE_00487	MER0011224	46.087	230	123	1	418	647	1	229	1.64e-72	233
EMJLGOOE_00487	MER0023544	44.828	232	127	1	418	649	1	231	5.45e-70	226
EMJLGOOE_00487	MER0015195	46.320	231	121	3	418	647	1	229	5.45e-70	226
EMJLGOOE_00487	MER0002605	45.022	231	123	2	418	647	1	228	3.21e-68	221
EMJLGOOE_00487	MER0015194	44.156	231	124	2	419	647	2	229	4.17e-64	210
EMJLGOOE_00487	MER0014306	41.739	230	133	1	418	647	1	229	5.80e-62	204
EMJLGOOE_00487	MER0171760	39.033	269	156	4	382	647	1	264	7.11e-62	204
EMJLGOOE_00487	MER0002600	40.693	231	134	2	418	647	1	229	4.00e-60	199
EMJLGOOE_00487	MER0024898	41.379	232	133	3	418	647	1	231	4.23e-56	189
EMJLGOOE_00487	MER0005466	40.517	232	132	3	419	644	2	233	4.83e-56	187
EMJLGOOE_00487	MER0004454	39.834	241	138	3	418	654	1	238	2.53e-55	187
EMJLGOOE_00487	MER0015199	43.038	237	127	3	418	646	1	237	7.47e-54	183
EMJLGOOE_00487	MER0002602	40.435	230	131	2	419	642	2	231	3.07e-53	181
EMJLGOOE_00487	MER0001620	38.298	235	138	3	418	645	1	235	8.06e-48	167
EMJLGOOE_00487	MER0002563	36.325	234	139	3	419	642	2	235	2.44e-47	164
EMJLGOOE_00487	MER0015193	39.485	233	131	5	418	642	1	231	9.26e-45	157
EMJLGOOE_00487	MER0002408	38.034	234	136	6	418	644	1	232	1.14e-44	157
EMJLGOOE_00487	MER0011745	35.622	233	139	6	418	642	1	230	3.83e-44	156
EMJLGOOE_00487	MER0017637	36.325	234	139	3	419	642	2	235	2.38e-43	153
EMJLGOOE_00487	MER0015197	34.685	222	138	4	430	647	13	231	1.02e-42	152
EMJLGOOE_00487	MER0015137	35.193	233	140	6	418	642	1	230	2.37e-42	150
EMJLGOOE_00487	MER0002608	37.500	248	149	4	419	661	2	248	9.00e-40	144
EMJLGOOE_00487	MER0005755	38.991	218	121	3	419	633	2	210	3.98e-38	138
EMJLGOOE_00487	MER0190577	34.211	228	136	3	418	642	1	217	8.03e-37	135
EMJLGOOE_00487	MER0024900	35.714	224	133	4	419	639	2	217	9.25e-37	135
EMJLGOOE_00487	MER0002197	33.716	261	153	5	418	673	1	246	1.35e-36	135
EMJLGOOE_00487	MER0014324	35.526	228	133	4	418	642	1	217	5.21e-36	132
EMJLGOOE_00487	MER0190705	33.766	231	142	3	419	647	1	222	6.40e-35	129
EMJLGOOE_00487	MER0015690	33.080	263	164	6	418	668	1	263	1.36e-34	129
EMJLGOOE_00487	MER0011120	35.321	218	129	7	418	623	1	218	9.73e-31	118
EMJLGOOE_00487	MER0001246	32.418	182	111	3	429	607	1	173	8.46e-23	92.8
EMJLGOOE_00487	MER0015204	26.829	246	149	7	419	633	2	247	2.11e-18	83.2
EMJLGOOE_00508	MER0034539	61.650	206	79	0	2	207	1	206	1.57e-88	269
EMJLGOOE_00508	MER0033254	36.310	168	92	7	25	180	20	184	1.62e-21	90.9
EMJLGOOE_00511	MER0045094	40.957	188	108	2	2	186	12	199	3.41e-50	159
EMJLGOOE_00511	MER0044622	41.579	190	106	3	2	186	26	215	1.09e-48	155
EMJLGOOE_00511	MER0043394	38.272	162	98	1	26	185	1	162	1.08e-41	135
EMJLGOOE_00511	MER0044882	42.690	171	88	7	24	185	1	170	1.29e-35	120
EMJLGOOE_00511	MER0043392	41.606	137	77	2	47	183	23	156	2.23e-34	116
EMJLGOOE_00511	MER0043195	34.826	201	108	9	5	184	8	206	9.83e-29	104
EMJLGOOE_00511	MER0044619	36.126	191	109	8	4	186	10	195	1.15e-28	103
EMJLGOOE_00511	MER0043537	30.055	183	123	4	4	184	2	181	1.67e-23	89.4
EMJLGOOE_00511	MER0045095	33.173	208	113	6	4	185	17	224	2.99e-21	85.1
EMJLGOOE_00511	MER0045886	27.027	185	127	4	3	184	13	192	6.69e-16	70.1
EMJLGOOE_00511	MER0044812	28.090	178	115	5	16	188	68	237	8.23e-16	70.1
EMJLGOOE_00511	MER0044889	31.098	164	99	4	24	185	48	199	7.35e-15	67.4
EMJLGOOE_00511	MER0042974	28.829	111	79	0	75	185	70	180	4.74e-13	61.6
EMJLGOOE_00511	MER0045945	29.545	176	114	4	2	175	32	199	3.83e-12	59.7
EMJLGOOE_00511	MER0115185	28.058	139	88	4	42	176	5	135	6.07e-12	57.8
EMJLGOOE_00511	MER0038086	24.121	199	130	6	4	185	29	223	1.71e-11	58.2
EMJLGOOE_00511	MER0060647	25.824	182	121	5	4	181	175	346	2.80e-11	58.2
EMJLGOOE_00511	MER0436691	28.859	149	95	5	42	185	99	241	4.23e-11	57.0
EMJLGOOE_00511	MER0046161	30.769	143	88	5	43	181	102	237	1.00e-10	56.2
EMJLGOOE_00511	MER0436735	25.556	180	94	5	42	184	43	219	1.30e-10	55.8
EMJLGOOE_00511	MER0043387	30.201	149	89	7	43	185	26	165	5.78e-10	52.8
EMJLGOOE_00511	MER0043540	27.206	136	88	3	43	175	83	210	2.32e-09	52.0
EMJLGOOE_00521	MER0065588	45.455	198	103	3	2	198	3	196	4.08e-56	173
EMJLGOOE_00521	MER0066916	25.641	195	123	8	11	196	16	197	1.43e-07	46.6
EMJLGOOE_00592	MER0037236	25.000	252	167	6	13	243	11	261	1.65e-18	79.3
EMJLGOOE_00592	MER0004146	26.070	257	165	10	10	243	7	261	3.47e-17	75.5
EMJLGOOE_00592	MER0031611	23.735	257	171	6	17	249	35	290	9.27e-15	69.3
EMJLGOOE_00592	MER0036076	23.684	190	119	6	70	243	114	293	2.02e-09	53.9
EMJLGOOE_00592	MER0036057	19.342	243	168	7	22	243	63	298	3.02e-09	53.1
EMJLGOOE_00592	MER0036068	24.138	174	115	4	87	243	122	295	7.48e-09	52.0
EMJLGOOE_00592	MER0003537	25.243	206	112	5	80	251	87	284	1.56e-08	51.2
EMJLGOOE_00592	MER0036067	22.222	243	165	8	22	243	52	291	3.77e-08	50.1
EMJLGOOE_00592	MER0017033	21.547	181	119	4	80	243	126	300	8.44e-08	48.9
EMJLGOOE_00592	MER0035973	25.749	167	108	5	87	242	125	286	9.98e-08	48.5
EMJLGOOE_00592	MER0011509	28.333	120	76	3	20	129	37	156	9.83e-07	45.8
EMJLGOOE_00592	MER0036078	24.561	171	115	5	85	243	78	246	2.25e-06	44.3
EMJLGOOE_00592	MER0036054	20.657	213	136	5	60	239	58	270	2.57e-06	44.3
EMJLGOOE_00592	MER0035038	26.415	106	72	2	12	112	21	125	3.08e-06	44.3
EMJLGOOE_00592	MER0031619	23.164	177	103	6	14	171	21	183	4.55e-06	43.9
EMJLGOOE_00628	MER0195774	38.122	181	108	3	42	222	1	177	5.07e-33	122
EMJLGOOE_00628	MER0188967	26.136	264	173	7	78	322	3	263	6.72e-19	87.4
EMJLGOOE_00628	MER0001229	28.111	217	151	4	42	258	2	213	1.33e-17	79.7
EMJLGOOE_00628	MER0001229	19.643	168	134	1	541	708	25	191	1.25e-07	50.4
EMJLGOOE_00628	MER0043985	26.695	236	166	5	42	275	2	232	2.15e-17	79.3
EMJLGOOE_00628	MER0043985	19.643	168	134	1	541	708	25	191	1.40e-07	50.4
EMJLGOOE_00628	MER0122186	26.087	184	126	5	42	222	22	198	2.98e-13	66.6
EMJLGOOE_00628	MER0001233	26.106	226	140	9	42	252	2	215	4.36e-13	67.0
EMJLGOOE_00628	MER0001233	22.467	227	154	6	517	723	1	225	2.20e-07	50.1
EMJLGOOE_00628	MER0015259	28.000	175	108	5	37	204	21	184	1.41e-11	62.0
EMJLGOOE_00628	MER0014333	30.348	201	123	7	42	232	2	195	5.83e-11	60.8
EMJLGOOE_00628	MER0014333	24.454	229	150	10	518	728	2	225	9.95e-06	45.1
EMJLGOOE_00628	MER0237414	21.778	225	162	4	520	736	3	221	6.39e-11	60.5
EMJLGOOE_00628	MER0237414	24.554	224	148	7	44	257	3	215	2.22e-06	46.6
EMJLGOOE_00628	MER0001222	27.692	195	123	6	37	222	21	206	1.36e-10	58.9
EMJLGOOE_00628	MER0011096	26.500	200	122	7	37	222	21	209	2.01e-10	58.5
EMJLGOOE_00628	MER0024891	26.230	183	113	6	78	244	3	179	2.88e-10	59.7
EMJLGOOE_00628	MER0390687	24.088	137	103	1	554	690	30	165	3.36e-10	57.0
EMJLGOOE_00628	MER0001218	26.131	199	126	7	36	222	20	209	5.97e-10	57.0
EMJLGOOE_00628	MER0011744	26.000	200	123	7	37	222	21	209	9.37e-10	56.6
EMJLGOOE_00628	MER0003543	27.230	213	139	6	42	249	2	203	3.44e-09	55.1
EMJLGOOE_00628	MER0003448	27.273	198	135	5	42	238	2	191	3.63e-09	55.1
EMJLGOOE_00628	MER0003448	22.086	163	122	2	532	694	16	173	3.08e-08	52.4
EMJLGOOE_00628	MER0001220	27.053	207	122	9	59	249	1	194	4.70e-09	54.3
EMJLGOOE_00628	MER0003386	29.577	142	80	5	34	170	18	144	2.22e-08	52.4
EMJLGOOE_00628	MER0002008	24.569	232	142	9	42	258	2	215	6.66e-08	51.2
EMJLGOOE_00628	MER0023436	25.668	187	101	7	67	229	34	206	7.03e-08	50.8
EMJLGOOE_00628	MER0004423	29.814	161	97	6	78	235	33	180	7.04e-08	51.2
EMJLGOOE_00628	MER0001214	31.250	96	66	0	37	132	21	116	1.04e-07	50.1
EMJLGOOE_00628	MER0002283	27.919	197	123	7	37	222	21	209	1.22e-07	50.4
EMJLGOOE_00628	MER0011292	24.457	184	108	7	58	225	64	232	9.32e-07	47.8
EMJLGOOE_00628	MER0003823	27.778	198	118	8	37	220	21	207	1.27e-06	47.4
EMJLGOOE_00628	MER0002345	24.883	213	141	6	19	222	7	209	1.79e-06	46.6
EMJLGOOE_00628	MER0003909	19.209	354	225	12	77	392	5	335	3.28e-06	47.4
EMJLGOOE_00700	MER0001243	39.676	247	147	2	2	246	3	249	7.35e-59	185
EMJLGOOE_00700	MER0001342	33.195	241	161	0	6	246	7	247	1.01e-42	144
EMJLGOOE_00700	MER0005690	30.833	240	165	1	7	246	8	246	1.05e-42	143
EMJLGOOE_00700	MER0015127	33.054	239	159	1	8	246	9	246	1.46e-42	142
EMJLGOOE_00700	MER0013450	30.279	251	171	3	2	249	1	250	2.31e-39	134
EMJLGOOE_00700	MER0015128	29.787	235	163	2	13	246	14	247	1.51e-38	132
EMJLGOOE_00700	MER0013589	30.165	242	168	1	5	246	2	242	1.56e-35	124
EMJLGOOE_00700	MER0013929	27.966	236	169	1	2	237	3	237	5.38e-31	112
EMJLGOOE_00700	MER0003880	30.319	188	116	5	32	215	25	201	2.07e-16	74.3
EMJLGOOE_00700	MER0004931	25.243	206	138	6	3	204	4	197	4.86e-14	66.6
EMJLGOOE_00700	MER0024896	27.206	136	92	2	117	246	332	466	3.58e-12	62.8
EMJLGOOE_00700	MER0024896	23.423	111	85	0	5	115	6	116	1.06e-06	46.2
EMJLGOOE_00700	MER0010972	20.940	234	167	2	13	246	14	229	1.14e-11	60.1
EMJLGOOE_00700	MER0011746	26.733	202	129	6	13	201	14	209	1.99e-10	57.0
EMJLGOOE_00700	MER0004532	24.631	203	142	3	3	204	4	196	9.10e-09	51.6
EMJLGOOE_00700	MER0001244	24.201	219	143	6	1	202	2	214	1.65e-08	51.2
EMJLGOOE_00705	MER0003336	64.516	124	40	1	153	272	1	124	1.90e-56	176
EMJLGOOE_00705	MER0011465	42.975	121	66	1	153	273	1	118	1.15e-25	96.7
EMJLGOOE_00705	MER0017622	32.110	218	126	7	16	213	23	238	1.80e-19	82.8
EMJLGOOE_00705	MER0003299	38.519	135	76	2	153	283	1	132	2.43e-18	77.0
EMJLGOOE_00705	MER0003338	37.209	86	53	1	153	237	1	86	7.85e-14	64.7
EMJLGOOE_00705	MER0013976	35.135	111	64	4	153	262	1	104	3.00e-10	53.9
EMJLGOOE_00705	MER0003303	33.696	92	59	2	153	243	1	91	3.44e-10	54.3
EMJLGOOE_00744	MER0168983	27.632	152	95	4	284	432	1	140	1.92e-12	62.4
EMJLGOOE_00744	MER0011345	21.495	214	141	6	262	459	19	221	5.26e-10	57.0
EMJLGOOE_00744	MER0001013	22.685	216	141	5	259	459	17	221	8.25e-10	56.2
EMJLGOOE_00744	MER0012271	24.020	204	125	6	276	461	34	225	7.30e-09	53.5
EMJLGOOE_00744	MER0005331	22.596	208	143	5	256	449	2	205	1.78e-08	52.0
EMJLGOOE_00744	MER0002968	26.277	137	84	4	336	459	87	219	3.69e-08	51.2
EMJLGOOE_00744	MER0019754	24.868	189	121	6	275	446	3	187	4.31e-08	50.4
EMJLGOOE_00744	MER0002078	23.636	220	150	8	263	468	9	224	4.49e-08	50.8
EMJLGOOE_00744	MER0006264	25.543	184	117	7	283	451	1	179	1.80e-07	48.5
EMJLGOOE_00744	MER0002755	22.330	206	132	5	262	450	8	202	2.42e-07	48.5
EMJLGOOE_00744	MER0001017	25.532	141	86	4	336	459	84	222	2.61e-07	48.9
EMJLGOOE_00744	MER0168177	30.000	90	50	3	284	372	1	78	3.12e-07	47.4
EMJLGOOE_00744	MER0019759	24.272	206	137	8	273	464	19	219	8.73e-07	47.0
EMJLGOOE_00744	MER0001009	20.930	172	123	5	336	495	20	190	1.59e-06	46.2
EMJLGOOE_00744	MER0005046	25.806	186	118	8	272	442	6	186	2.65e-06	45.1
EMJLGOOE_00744	MER0005045	25.641	195	115	9	272	446	6	190	3.22e-06	45.1
EMJLGOOE_00744	MER0002060	22.857	210	138	8	256	448	7	209	3.54e-06	45.1
EMJLGOOE_00744	MER0011438	28.037	107	66	3	336	431	81	187	4.07e-06	44.7
EMJLGOOE_00744	MER0000997	24.731	186	121	6	281	450	31	213	4.18e-06	45.1
EMJLGOOE_00744	MER0011175	23.913	138	81	3	335	455	80	210	4.30e-06	44.7
EMJLGOOE_00744	MER0036308	25.362	138	77	4	262	390	17	137	4.55e-06	45.1
EMJLGOOE_00744	MER0011399	26.512	215	106	9	263	446	9	202	4.59e-06	45.1
EMJLGOOE_00744	MER0002003	24.138	203	123	8	274	455	25	217	5.50e-06	44.7
EMJLGOOE_00744	MER0001701	24.581	179	117	6	274	437	8	183	6.30e-06	44.3
EMJLGOOE_00785	MER0026494	33.191	467	282	10	6	452	10	466	7.48e-74	237
EMJLGOOE_00785	MER0026471	30.882	476	293	9	7	457	12	476	2.29e-69	225
EMJLGOOE_00785	MER0015142	30.851	470	293	9	6	453	39	498	2.42e-66	218
EMJLGOOE_00785	MER0026485	34.975	203	114	6	7	197	11	207	6.13e-27	107
EMJLGOOE_00785	MER0026485	31.633	98	67	0	361	458	212	309	3.10e-10	58.2
EMJLGOOE_00785	MER0003397	33.491	212	115	5	2	197	7	208	3.71e-26	105
EMJLGOOE_00785	MER0003397	34.444	90	57	2	361	449	213	301	1.17e-09	56.2
EMJLGOOE_00785	MER0052470	24.552	391	263	11	65	439	69	443	4.62e-20	89.4
EMJLGOOE_00785	MER0057434	30.732	205	122	8	6	197	2	199	7.50e-19	84.0
EMJLGOOE_00785	MER0057434	32.184	87	59	0	359	445	202	288	8.38e-07	47.4
EMJLGOOE_00785	MER0001272	30.070	143	81	5	21	161	12	137	2.12e-10	58.2
EMJLGOOE_00785	MER0033183	27.536	138	84	6	74	205	76	203	8.92e-06	44.3
EMJLGOOE_00856	MER0001400	47.926	217	99	6	566	774	173	383	5.32e-55	192
EMJLGOOE_00856	MER0001400	38.150	173	103	2	239	410	1	170	4.99e-28	114
EMJLGOOE_00862	MER0005767	28.750	320	183	9	54	369	27	305	6.05e-34	126
EMJLGOOE_00862	MER0030136	21.945	401	286	13	5	385	2	395	2.11e-12	65.1
EMJLGOOE_00862	MER0030151	22.670	397	288	10	5	385	2	395	4.92e-12	63.9
EMJLGOOE_00862	MER0015112	24.797	246	169	10	5	238	2	243	9.18e-08	50.8
EMJLGOOE_00862	MER0030155	23.651	241	168	8	5	235	2	236	2.07e-07	49.7
EMJLGOOE_00935	MER0005900	29.412	357	226	8	64	411	38	377	1.33e-37	137
EMJLGOOE_00965	MER0031610	36.145	249	149	7	13	253	55	301	2.49e-49	161
EMJLGOOE_00965	MER0031611	22.605	261	185	8	8	254	35	292	1.66e-09	53.9
EMJLGOOE_00965	MER0036053	22.925	253	138	11	5	254	1	199	3.66e-09	52.8
EMJLGOOE_00965	MER0014065	31.818	110	69	4	2	106	22	130	5.01e-09	52.8
EMJLGOOE_00965	MER0036115	26.667	135	91	4	10	137	33	166	1.57e-08	51.2
EMJLGOOE_00965	MER0044858	25.887	282	152	14	14	249	57	327	3.17e-08	50.4
EMJLGOOE_00965	MER0017193	29.907	107	72	3	8	111	21	127	4.33e-08	49.7
EMJLGOOE_00965	MER0044900	21.190	269	175	10	14	250	96	359	1.99e-07	48.1
EMJLGOOE_00965	MER0026339	32.031	128	84	3	9	134	21	147	2.78e-07	47.4
EMJLGOOE_00965	MER0011509	29.661	118	75	3	12	124	38	152	1.48e-06	45.1
EMJLGOOE_00965	MER0066189	25.166	151	97	4	8	150	13	155	4.57e-06	43.5
EMJLGOOE_00965	MER0031617	22.353	255	174	11	8	242	30	280	6.69e-06	43.1
EMJLGOOE_00970	MER0000474	54.497	189	86	0	34	222	16	204	4.78e-74	220
EMJLGOOE_00970	MER0004857	51.813	193	91	2	30	221	12	203	3.92e-65	197
EMJLGOOE_00970	MER0005687	52.151	186	84	1	36	221	27	207	1.35e-64	196
EMJLGOOE_00970	MER0002211	48.936	188	96	0	34	221	16	203	2.03e-64	196
EMJLGOOE_00970	MER0006046	46.561	189	101	0	33	221	15	203	3.97e-61	187
EMJLGOOE_00970	MER0002299	47.090	189	100	0	36	224	12	200	5.52e-60	184
EMJLGOOE_00970	MER0006063	46.857	175	93	0	50	224	33	207	2.84e-56	175
EMJLGOOE_00970	MER0004847	47.872	188	97	1	36	222	18	205	6.08e-56	174
EMJLGOOE_00970	MER0004855	43.931	173	97	0	49	221	33	205	1.27e-52	166
EMJLGOOE_00970	MER0006056	47.239	163	85	1	59	221	46	207	1.56e-51	163
EMJLGOOE_00970	MER0004182	43.353	173	98	0	49	221	27	199	1.35e-46	150
EMJLGOOE_00970	MER0006308	40.116	172	102	1	50	220	22	193	7.91e-46	148
EMJLGOOE_00970	MER0011666	40.828	169	98	1	55	221	17	185	2.22e-41	136
EMJLGOOE_00970	MER0001369	40.000	80	46	1	76	155	52	129	2.24e-06	42.7
EMJLGOOE_01034	MER0195774	34.426	183	110	2	29	207	1	177	6.27e-33	121
EMJLGOOE_01034	MER0001229	25.000	224	146	7	29	239	2	216	2.58e-16	75.1
EMJLGOOE_01034	MER0043985	24.215	223	149	6	29	239	2	216	5.50e-16	74.7
EMJLGOOE_01034	MER0001233	27.679	224	144	7	29	240	2	219	1.36e-15	73.6
EMJLGOOE_01034	MER0003448	25.366	205	150	2	29	233	2	203	8.47e-15	70.9
EMJLGOOE_01034	MER0003543	24.757	206	151	3	29	234	2	203	1.37e-13	67.4
EMJLGOOE_01034	MER0001220	26.570	207	127	6	42	235	1	195	7.19e-11	58.9
EMJLGOOE_01034	MER0122186	27.473	182	124	4	29	207	22	198	1.85e-10	57.8
EMJLGOOE_01034	MER0001218	28.824	170	115	4	21	188	18	183	1.86e-10	57.8
EMJLGOOE_01034	MER0188967	28.402	169	106	4	65	220	3	169	6.37e-10	58.2
EMJLGOOE_01034	MER0001214	26.797	153	109	2	23	172	20	172	9.84e-10	55.5
EMJLGOOE_01034	MER0004423	26.282	156	107	3	65	220	33	180	1.25e-09	55.5
EMJLGOOE_01034	MER0015259	25.926	162	114	3	29	188	26	183	1.97e-09	54.7
EMJLGOOE_01034	MER0002008	25.701	214	136	7	29	231	2	203	6.92e-09	53.5
EMJLGOOE_01034	MER0390687	25.882	170	115	5	40	204	3	166	1.22e-08	51.6
EMJLGOOE_01034	MER0011096	24.138	203	123	5	23	207	20	209	2.06e-08	51.6
EMJLGOOE_01034	MER0169735	24.752	202	128	5	19	207	8	198	2.16e-08	51.6
EMJLGOOE_01034	MER0002283	26.705	176	123	3	15	188	12	183	2.34e-08	51.6
EMJLGOOE_01034	MER0015090	21.463	205	157	3	29	233	2	202	3.57e-08	51.2
EMJLGOOE_01034	MER0011744	25.258	194	132	5	23	207	20	209	1.24e-07	49.3
EMJLGOOE_01034	MER0002423	28.859	149	104	2	15	162	12	159	3.44e-07	48.1
EMJLGOOE_01034	MER0170820	35.135	74	47	1	45	117	13	86	3.64e-07	47.8
EMJLGOOE_01034	MER0003823	25.698	179	125	4	13	188	10	183	3.77e-07	48.1
EMJLGOOE_01034	MER0026957	22.941	170	116	5	55	218	23	183	5.87e-07	47.4
EMJLGOOE_01034	MER0011292	27.778	108	77	1	45	151	64	171	1.17e-06	46.6
EMJLGOOE_01034	MER0002345	25.424	177	124	4	15	188	12	183	1.18e-06	46.6
EMJLGOOE_01034	MER0092828	24.204	157	104	4	29	175	2	153	2.07e-06	45.1
EMJLGOOE_01034	MER0011192	25.150	167	112	5	49	207	1	162	3.12e-06	44.7
EMJLGOOE_01034	MER0001413	26.415	106	76	2	29	133	30	134	4.03e-06	43.9
EMJLGOOE_01035	MER0237414	22.449	196	140	4	48	232	3	197	3.68e-14	66.2
EMJLGOOE_01035	MER0390687	25.362	138	96	3	81	212	30	166	4.15e-07	45.4
EMJLGOOE_01035	MER0001233	20.500	200	145	4	45	230	1	200	4.23e-07	46.2
EMJLGOOE_01035	MER0002008	21.500	200	130	6	45	227	1	190	1.39e-06	44.7
EMJLGOOE_01055	MER0003327	47.685	216	108	4	2	216	1	212	4.87e-59	194
EMJLGOOE_01055	MER0012158	37.168	339	139	11	2	268	1	337	3.36e-56	190
EMJLGOOE_01055	MER0185695	41.892	222	123	4	2	218	1	221	1.84e-47	163
EMJLGOOE_01055	MER0003350	40.580	207	99	6	2	185	1	206	8.14e-42	147
EMJLGOOE_01055	MER0003322	36.408	206	106	5	2	182	1	206	1.18e-35	130
EMJLGOOE_01055	MER0011781	31.250	240	142	12	2	229	1	229	1.21e-17	79.7
EMJLGOOE_01055	MER0011806	33.333	138	84	4	2	134	1	135	4.25e-13	66.2
EMJLGOOE_01055	MER0004101	32.609	138	85	4	2	134	1	135	1.25e-12	64.7
EMJLGOOE_01055	MER0003314	28.302	159	89	6	2	142	1	152	6.27e-10	57.4
EMJLGOOE_01062	MER0014135	41.634	257	149	1	187	443	1	256	4.42e-70	220
EMJLGOOE_01064	MER0025070	38.462	117	60	4	171	276	1	116	1.90e-16	71.6
EMJLGOOE_01064	MER0388771	37.500	112	58	4	176	276	2	112	6.79e-15	67.4
EMJLGOOE_01064	MER0003380	36.082	97	59	2	176	272	138	231	5.22e-12	62.0
EMJLGOOE_01064	MER0001419	38.318	107	57	4	176	276	32	135	2.76e-11	57.8
EMJLGOOE_01064	MER0003906	36.792	106	60	3	176	276	1	104	6.50e-11	55.8
EMJLGOOE_01064	MER0003423	37.383	107	58	4	176	276	32	135	1.76e-10	55.5
EMJLGOOE_01064	MER0069741	37.374	99	58	3	174	272	68	162	2.12e-10	55.8
EMJLGOOE_01064	MER0387040	33.663	101	65	1	176	276	1	99	5.72e-10	53.1
EMJLGOOE_01064	MER0013541	38.372	86	50	2	176	261	1	83	1.63e-09	51.2
EMJLGOOE_01064	MER0066182	35.238	105	64	3	173	276	89	190	1.84e-09	53.9
EMJLGOOE_01064	MER0015415	35.870	92	55	3	171	261	59	147	3.74e-07	46.6
EMJLGOOE_01070	MER0003338	59.259	135	55	0	172	306	1	135	1.19e-52	166
EMJLGOOE_01070	MER0003303	52.419	124	56	2	172	295	1	121	2.17e-38	129
EMJLGOOE_01070	MER0013976	54.032	124	54	2	172	295	1	121	2.19e-38	129
EMJLGOOE_01070	MER0017622	31.349	252	140	7	6	242	15	248	1.82e-26	102
EMJLGOOE_01070	MER0003336	37.500	88	54	1	172	259	1	87	3.25e-15	68.6
EMJLGOOE_01070	MER0034967	26.291	213	114	7	48	239	1	191	2.54e-12	62.0
EMJLGOOE_01070	MER0016969	35.897	78	44	1	172	243	1	78	3.37e-10	55.1
EMJLGOOE_01070	MER0003299	43.056	72	41	0	172	243	1	72	6.38e-10	53.5
EMJLGOOE_01070	MER0011465	33.884	121	76	3	172	290	1	119	6.76e-10	53.5
EMJLGOOE_01083	MER0003380	26.531	147	94	5	253	394	94	231	7.83e-07	46.6
EMJLGOOE_01093	MER0017142	24.211	190	133	5	37	222	15	197	7.40e-10	55.1
EMJLGOOE_01093	MER0031616	30.693	101	65	1	36	131	39	139	7.61e-08	49.3
EMJLGOOE_01093	MER0026339	23.333	240	152	11	34	251	22	251	4.57e-07	47.0
EMJLGOOE_01093	MER0036084	21.612	273	181	9	23	277	5	262	1.05e-06	45.8
EMJLGOOE_01111	MER0069741	37.113	97	49	5	81	177	69	153	1.13e-07	47.0
EMJLGOOE_01115	MER0069741	27.273	110	69	2	437	546	70	168	5.45e-08	49.7
EMJLGOOE_01115	MER0003380	31.532	111	64	3	437	546	138	237	5.52e-07	47.8
EMJLGOOE_01115	MER0387040	31.092	119	63	6	437	553	1	102	1.64e-06	43.9
EMJLGOOE_01115	MER0066182	29.412	119	65	5	437	553	92	193	8.01e-06	43.9
EMJLGOOE_01145	MER0005694	53.763	279	127	2	428	706	1	277	6.80e-101	308
EMJLGOOE_01145	MER0000392	51.418	282	127	4	440	712	3	283	6.84e-97	298
EMJLGOOE_01145	MER0015621	52.518	278	115	4	440	701	13	289	1.65e-94	292
EMJLGOOE_01145	MER0079308	51.880	266	124	4	443	706	6	269	2.34e-89	278
EMJLGOOE_01145	MER0022823	52.612	268	120	6	440	701	3	269	7.87e-89	277
EMJLGOOE_01145	MER0981959	48.921	278	124	5	440	701	2	277	3.99e-87	272
EMJLGOOE_01145	MER0011450	50.554	271	123	5	440	701	3	271	3.73e-85	267
EMJLGOOE_01145	MER0002490	47.203	286	126	5	440	701	13	297	1.20e-84	267
EMJLGOOE_01145	MER0325901	43.431	274	150	5	440	709	1	273	1.21e-66	218
EMJLGOOE_01145	MER0000398	45.385	260	129	7	444	703	4	250	1.74e-61	203
EMJLGOOE_01145	MER0003229	36.630	273	165	5	430	701	2	267	5.44e-48	167
EMJLGOOE_01145	MER0000410	33.466	251	161	5	440	687	13	260	4.38e-41	149
EMJLGOOE_01145	MER0011872	30.714	280	186	5	434	707	7	284	1.80e-32	124
EMJLGOOE_01145	MER0082498	31.349	252	150	8	454	682	12	263	6.07e-26	105
EMJLGOOE_01145	MER0082653	27.099	262	169	7	454	694	16	276	7.56e-22	93.2
EMJLGOOE_01145	MER0004227	29.000	200	138	2	454	650	33	231	5.47e-21	91.3
EMJLGOOE_01145	MER0003558	21.642	268	192	6	431	697	2	252	6.17e-06	45.1
EMJLGOOE_01169	MER0000332	46.561	189	81	6	290	476	64	234	1.10e-33	125
EMJLGOOE_01169	MER0002565	40.686	204	102	5	287	489	104	289	2.00e-29	116
EMJLGOOE_01169	MER0000310	39.698	199	105	6	290	487	63	247	3.05e-28	110
EMJLGOOE_01169	MER0028365	36.047	258	131	11	282	530	118	350	1.41e-27	111
EMJLGOOE_01169	MER0028365	42.105	95	47	4	36	124	20	112	3.88e-10	58.5
EMJLGOOE_01169	MER0002575	37.004	227	115	10	281	499	61	267	8.59e-26	103
EMJLGOOE_01169	MER0017009	33.188	229	136	6	269	486	96	318	3.92e-25	103
EMJLGOOE_01169	MER0017009	41.667	72	38	3	58	125	34	105	6.54e-07	48.1
EMJLGOOE_01169	MER0054318	39.683	189	98	8	290	473	67	244	3.89e-24	100
EMJLGOOE_01169	MER0077555	33.784	222	121	6	280	494	52	254	5.14e-24	98.6
EMJLGOOE_01169	MER0001928	35.211	213	118	7	282	492	53	247	2.23e-23	96.7
EMJLGOOE_01169	MER0005821	35.263	190	108	8	290	475	86	264	6.26e-23	98.6
EMJLGOOE_01169	MER0000315	33.186	226	128	9	282	504	53	258	3.25e-22	93.2
EMJLGOOE_01169	MER0001699	35.354	198	113	6	290	486	62	245	6.49e-22	92.4
EMJLGOOE_01169	MER0001520	33.645	214	120	8	282	492	53	247	6.71e-22	92.4
EMJLGOOE_01169	MER0001709	35.510	245	115	11	273	492	81	307	9.53e-22	93.2
EMJLGOOE_01169	MER0001906	32.743	226	129	9	282	504	53	258	1.66e-21	91.3
EMJLGOOE_01169	MER0004690	30.830	253	125	9	269	492	78	309	2.51e-21	92.4
EMJLGOOE_01169	MER0004690	44.444	63	34	1	66	127	27	89	1.88e-09	56.2
EMJLGOOE_01169	MER0000309	38.500	200	106	7	290	487	63	247	3.77e-21	90.5
EMJLGOOE_01169	MER0000333	36.585	205	108	6	290	492	64	248	4.53e-21	90.1
EMJLGOOE_01169	MER0000349	28.369	282	171	9	240	493	89	367	6.70e-21	91.7
EMJLGOOE_01169	MER0000320	35.242	227	122	10	271	485	45	258	7.15e-21	89.7
EMJLGOOE_01169	MER0062058	36.986	219	118	6	282	493	54	259	1.42e-20	90.9
EMJLGOOE_01169	MER0062058	55.769	52	23	0	77	128	1	52	1.94e-11	62.8
EMJLGOOE_01169	MER0000362	32.932	249	130	8	273	501	81	312	2.42e-20	89.0
EMJLGOOE_01169	MER0004085	36.406	217	107	9	290	486	96	301	4.85e-20	88.2
EMJLGOOE_01169	MER0081072	36.893	206	108	8	290	492	61	247	8.59e-20	85.9
EMJLGOOE_01169	MER0001521	35.749	207	116	7	282	486	56	247	8.72e-20	86.3
EMJLGOOE_01169	MER0000316	32.683	205	117	6	290	492	61	246	1.11e-19	85.9
EMJLGOOE_01169	MER0016978	35.652	230	109	9	290	494	78	293	1.21e-19	86.7
EMJLGOOE_01169	MER0000313	35.749	207	116	7	282	486	56	247	1.22e-19	85.9
EMJLGOOE_01169	MER0001755	35.749	207	116	7	282	486	56	247	2.58e-19	85.1
EMJLGOOE_01169	MER0000359	37.118	229	115	11	273	494	73	279	3.57e-19	85.1
EMJLGOOE_01169	MER0002057	31.301	246	129	8	283	489	95	339	3.95e-19	86.3
EMJLGOOE_01169	MER0000321	33.333	228	118	9	282	495	147	354	7.60e-19	85.1
EMJLGOOE_01169	MER0155676	33.761	234	119	11	290	493	125	352	1.64e-18	84.3
EMJLGOOE_01169	MER0013656	33.831	201	114	6	290	489	61	243	1.69e-18	82.4
EMJLGOOE_01169	MER0014744	36.111	216	108	6	290	486	95	299	2.37e-18	83.2
EMJLGOOE_01169	MER0006023	34.091	220	114	6	290	492	102	307	2.58e-18	83.2
EMJLGOOE_01169	MER0000361	33.884	242	119	11	273	490	87	311	3.01e-18	82.8
EMJLGOOE_01169	MER0001523	35.266	207	117	7	282	486	56	247	6.27e-18	80.9
EMJLGOOE_01169	MER0000312	35.266	207	117	7	282	486	56	247	6.27e-18	80.9
EMJLGOOE_01169	MER0016697	34.914	232	106	10	275	477	84	299	1.42e-17	80.9
EMJLGOOE_01169	MER0003536	33.186	226	112	8	290	492	71	280	2.91e-17	79.3
EMJLGOOE_01169	MER0001725	32.857	210	115	8	274	475	81	272	3.34e-17	79.7
EMJLGOOE_01169	MER0006074	32.314	229	123	10	272	490	66	272	3.87e-17	79.0
EMJLGOOE_01169	MER0002267	35.377	212	109	9	290	494	71	261	5.15e-17	78.6
EMJLGOOE_01169	MER0000311	37.198	207	113	8	282	486	56	247	6.12e-17	78.2
EMJLGOOE_01169	MER0004123	30.932	236	118	7	290	489	79	305	7.52e-17	78.6
EMJLGOOE_01169	MER0005931	36.842	209	115	5	281	487	23	216	1.62e-16	76.3
EMJLGOOE_01169	MER0030016	32.877	219	120	10	282	492	77	276	2.10e-16	76.6
EMJLGOOE_01169	MER0016983	32.381	210	99	8	290	477	71	259	3.44e-16	76.3
EMJLGOOE_01169	MER0002790	34.234	222	129	5	290	501	1	215	3.82e-16	75.1
EMJLGOOE_01169	MER0042897	36.792	212	120	6	282	492	58	256	3.99e-16	75.9
EMJLGOOE_01169	MER0000319	30.049	203	124	6	285	486	64	249	9.83e-16	74.7
EMJLGOOE_01169	MER0000326	35.122	205	105	8	290	490	72	252	1.02e-15	75.1
EMJLGOOE_01169	MER0003117	34.375	224	113	9	273	486	59	258	2.87e-15	73.2
EMJLGOOE_01169	MER0000357	35.323	201	98	8	290	478	77	257	5.55e-15	72.8
EMJLGOOE_01169	MER0000358	30.189	212	114	9	290	488	71	261	1.38e-14	72.0
EMJLGOOE_01169	MER0002516	33.010	206	110	8	290	490	82	264	1.95e-14	70.9
EMJLGOOE_01169	MER0016688	31.452	248	118	12	290	504	74	302	4.35e-14	70.1
EMJLGOOE_01169	MER0161312	32.616	279	143	13	265	508	76	344	1.05e-13	69.3
EMJLGOOE_01169	MER0002562	32.353	238	119	10	281	492	108	329	1.14e-13	69.3
EMJLGOOE_01169	MER0000356	35.961	203	94	9	290	478	89	269	1.86e-13	68.6
EMJLGOOE_01169	MER0050309	29.032	217	124	9	290	494	47	245	2.29e-13	68.9
EMJLGOOE_01169	MER0002500	31.004	229	131	9	289	496	156	378	2.56e-13	68.6
EMJLGOOE_01169	MER0014446	29.870	231	123	8	277	491	184	391	4.74e-13	67.8
EMJLGOOE_01169	MER0024902	27.477	222	149	6	290	501	97	316	6.82e-13	66.6
EMJLGOOE_01169	MER0000351	30.435	207	100	7	287	474	103	284	8.69e-13	65.9
EMJLGOOE_01169	MER0000335	33.654	208	105	10	290	488	69	252	1.05e-12	65.5
EMJLGOOE_01169	MER0013641	28.509	228	125	10	290	490	83	299	1.47e-12	66.2
EMJLGOOE_01169	MER0004720	27.488	211	122	7	290	492	73	260	3.73e-12	63.9
EMJLGOOE_01169	MER0000338	30.189	212	115	8	290	492	72	259	4.29e-12	63.5
EMJLGOOE_01169	MER0002764	33.171	205	106	9	273	471	74	253	5.56e-12	63.5
EMJLGOOE_01169	MER0005859	33.624	229	92	10	290	475	242	453	8.43e-12	64.3
EMJLGOOE_01169	MER0019280	32.727	220	119	9	290	492	73	280	1.15e-11	62.8
EMJLGOOE_01169	MER0114485	28.319	226	126	6	290	479	106	331	1.15e-11	63.2
EMJLGOOE_01169	MER0004869	25.434	346	175	17	219	495	22	353	1.96e-11	62.4
EMJLGOOE_01169	MER0005790	31.841	201	93	8	290	472	94	268	2.12e-11	61.2
EMJLGOOE_01169	MER0014085	28.028	289	142	15	290	524	87	363	2.89e-11	62.0
EMJLGOOE_01169	MER0000353	30.882	204	95	7	284	468	151	327	4.85e-11	60.8
EMJLGOOE_01169	MER0003020	29.032	279	117	10	264	475	202	466	1.86e-10	60.1
EMJLGOOE_01169	MER0016991	29.358	218	115	8	290	479	78	284	2.54e-10	58.9
EMJLGOOE_01169	MER0055027	41.121	107	55	5	282	385	66	167	3.18e-10	58.9
EMJLGOOE_01169	MER0000344	29.717	212	113	8	290	488	88	276	3.34e-10	58.2
EMJLGOOE_01169	MER0047718	28.740	254	125	12	275	473	57	309	5.96e-10	57.8
EMJLGOOE_01169	MER0067924	28.139	231	116	10	290	490	63	273	6.38e-10	57.0
EMJLGOOE_01169	MER0000325	41.176	102	53	4	410	509	174	270	6.61e-10	57.4
EMJLGOOE_01169	MER0005078	30.047	213	114	9	273	476	65	251	7.29e-10	57.0
EMJLGOOE_01169	MER0005712	28.309	272	142	10	275	496	76	344	7.55e-10	57.8
EMJLGOOE_01169	MER0000328	32.759	232	128	12	278	500	59	271	8.26e-10	57.0
EMJLGOOE_01169	MER0000389	29.200	250	126	11	281	492	69	305	8.70e-10	57.4
EMJLGOOE_01169	MER0003122	26.690	281	141	12	283	503	78	353	1.15e-09	57.0
EMJLGOOE_01169	MER0000347	29.493	217	133	8	287	489	116	326	1.19e-09	57.4
EMJLGOOE_01169	MER0014310	42.222	90	32	3	421	490	307	396	1.26e-09	57.0
EMJLGOOE_01169	MER0001368	25.490	306	157	14	265	516	63	351	1.35e-09	56.6
EMJLGOOE_01169	MER0001454	26.493	268	139	9	290	499	67	334	2.62e-09	55.8
EMJLGOOE_01169	MER0014300	29.134	254	129	8	281	492	71	315	4.53e-09	55.1
EMJLGOOE_01169	MER0000350	25.726	241	135	7	290	490	90	326	5.60e-09	54.7
EMJLGOOE_01169	MER0068994	28.013	307	144	15	238	479	55	349	6.05e-09	54.7
EMJLGOOE_01169	MER0037258	27.778	234	141	9	281	492	68	295	8.71e-09	53.9
EMJLGOOE_01169	MER0000336	30.526	190	101	7	290	471	81	247	8.75e-09	53.5
EMJLGOOE_01169	MER0015428	28.794	257	129	12	290	496	85	337	1.82e-08	53.1
EMJLGOOE_01169	MER0087792	25.833	240	127	7	290	489	97	325	2.54e-08	52.8
EMJLGOOE_01169	MER0006037	27.619	210	117	8	273	473	65	248	2.62e-08	52.4
EMJLGOOE_01169	MER0000364	30.603	232	115	11	281	488	61	270	2.69e-08	52.4
EMJLGOOE_01169	MER0000329	26.471	272	115	10	290	489	76	334	8.64e-08	51.2
EMJLGOOE_01169	MER0005699	27.551	294	143	13	271	495	81	373	9.69e-08	51.2
EMJLGOOE_01169	MER0001467	35.556	90	38	2	421	490	245	334	9.90e-08	50.8
EMJLGOOE_01169	MER0014309	29.891	184	77	7	369	504	156	335	1.13e-07	50.8
EMJLGOOE_01169	MER0002739	28.692	237	116	11	290	489	98	318	1.26e-07	50.8
EMJLGOOE_01169	MER0013896	34.737	95	43	2	421	496	355	449	1.28e-07	50.8
EMJLGOOE_01169	MER0000348	27.572	243	123	8	276	472	73	308	1.82e-07	50.1
EMJLGOOE_01169	MER0006036	36.145	83	40	1	436	505	371	453	2.02e-07	50.1
EMJLGOOE_01169	MER0014311	36.697	109	44	5	424	511	311	415	2.05e-07	50.1
EMJLGOOE_01169	MER0014312	38.889	90	35	3	421	490	309	398	2.97e-07	49.7
EMJLGOOE_01169	MER0016986	27.126	247	130	9	290	491	90	331	4.45e-07	48.9
EMJLGOOE_01169	MER0002771	33.721	86	41	2	421	490	242	327	6.01e-07	48.5
EMJLGOOE_01169	MER0014325	40.217	92	33	3	421	490	242	333	6.24e-07	48.5
EMJLGOOE_01169	MER0028258	28.889	225	121	9	290	477	104	326	7.83e-07	48.1
EMJLGOOE_01169	MER0003688	28.626	262	134	11	290	507	90	342	1.69e-06	47.0
EMJLGOOE_01169	MER0015438	32.609	92	42	2	421	492	359	450	1.85e-06	47.0
EMJLGOOE_01169	MER0011813	32.673	101	48	2	421	501	344	444	1.93e-06	47.0
EMJLGOOE_01169	MER0004988	27.692	195	126	6	290	479	71	255	2.72e-06	46.2
EMJLGOOE_01169	MER0014313	35.955	89	37	3	424	492	286	374	3.00e-06	46.2
EMJLGOOE_01169	MER0015431	26.054	261	139	11	290	496	86	346	3.33e-06	46.2
EMJLGOOE_01169	MER0175622	23.239	284	172	12	238	492	12	278	3.50e-06	45.8
EMJLGOOE_01169	MER0005610	28.070	285	136	13	290	514	73	348	3.77e-06	45.8
EMJLGOOE_01169	MER0025143	26.339	224	107	8	290	476	71	273	5.67e-06	45.1
EMJLGOOE_01169	MER0003256	25.455	165	92	9	288	441	58	202	6.40e-06	44.7
EMJLGOOE_01169	MER0015427	30.682	88	41	2	423	490	254	341	8.88e-06	44.7
EMJLGOOE_01170	MER0012283	28.342	187	123	4	310	485	29	215	8.80e-17	76.6
EMJLGOOE_01170	MER0011345	29.843	191	121	5	309	486	28	218	5.22e-15	72.0
EMJLGOOE_01170	MER0036308	25.521	192	124	4	310	487	27	213	1.94e-13	67.4
EMJLGOOE_01170	MER0002755	28.477	151	99	4	337	478	50	200	1.10e-12	64.3
EMJLGOOE_01170	MER0005328	28.571	196	102	8	309	479	17	199	3.44e-11	59.7
EMJLGOOE_01170	MER0001017	26.425	193	128	5	309	487	28	220	3.89e-11	60.5
EMJLGOOE_01170	MER0002281	28.824	170	98	7	321	472	41	205	4.65e-11	60.5
EMJLGOOE_01170	MER0001013	26.842	190	127	5	309	486	29	218	1.26e-08	53.1
EMJLGOOE_01170	MER0019096	24.537	216	127	8	310	507	1	198	2.22e-08	51.6
EMJLGOOE_01170	MER0019759	27.097	155	99	3	359	505	82	230	1.49e-07	49.7
EMJLGOOE_01170	MER0001010	26.389	144	99	3	359	497	61	202	1.69e-07	49.3
EMJLGOOE_01170	MER0002355	28.000	125	84	3	359	481	84	204	1.77e-07	49.3
EMJLGOOE_01170	MER0011720	23.913	138	80	3	359	485	79	202	3.67e-07	48.1
EMJLGOOE_01170	MER0011440	24.060	133	94	2	358	485	80	210	6.68e-07	47.4
EMJLGOOE_01170	MER0028449	24.627	134	94	3	359	485	88	221	6.70e-07	47.8
EMJLGOOE_01170	MER0002746	23.780	164	116	3	347	505	72	231	7.68e-07	47.4
EMJLGOOE_01170	MER0002003	21.762	193	132	6	312	485	25	217	8.49e-07	47.4
EMJLGOOE_01170	MER0011423	25.455	110	73	2	358	461	84	190	9.88e-07	47.0
EMJLGOOE_01170	MER0011369	23.704	135	96	3	356	485	93	225	1.11e-06	47.0
EMJLGOOE_01170	MER0019754	23.134	134	94	3	359	485	64	195	1.88e-06	45.8
EMJLGOOE_01170	MER0005046	27.451	153	99	4	339	485	52	198	2.08e-06	45.8
EMJLGOOE_01170	MER0006264	23.611	144	99	3	337	471	27	168	6.06e-06	44.3
EMJLGOOE_01170	MER0091680	24.432	176	119	6	337	502	46	217	7.71e-06	44.3
EMJLGOOE_01172	MER0003514	40.127	157	83	3	194	346	4	153	1.49e-32	119
EMJLGOOE_01172	MER0001425	41.615	161	89	2	193	349	3	162	1.71e-30	114
EMJLGOOE_01172	MER0001297	37.179	156	95	1	194	349	4	156	6.09e-29	109
EMJLGOOE_01172	MER0003065	34.667	150	95	1	194	343	4	150	3.53e-28	107
EMJLGOOE_01172	MER0003413	35.099	151	96	1	193	343	3	151	8.47e-28	106
EMJLGOOE_01172	MER0015684	35.294	153	96	2	191	342	1	151	5.98e-25	98.6
EMJLGOOE_01172	MER0004195	34.395	157	95	3	194	347	4	155	3.96e-23	93.2
EMJLGOOE_01172	MER0004196	37.821	156	94	3	193	347	3	156	5.38e-23	93.2
EMJLGOOE_01172	MER0005714	31.847	157	99	2	193	342	3	158	7.31e-21	87.0
EMJLGOOE_01172	MER0001295	30.233	172	96	4	193	347	3	167	7.66e-16	72.8
EMJLGOOE_01202	MER0192051	25.926	216	148	6	19	225	95	307	7.69e-13	65.5
EMJLGOOE_01216	MER0003376	37.795	127	63	4	174	285	32	157	1.29e-21	86.3
EMJLGOOE_01216	MER0069741	41.237	97	55	2	187	283	70	164	3.81e-21	85.1
EMJLGOOE_01216	MER0015415	36.111	108	64	3	169	272	43	149	2.06e-15	69.7
EMJLGOOE_01216	MER0003380	32.727	110	66	2	172	281	130	231	1.29e-13	65.9
EMJLGOOE_01216	MER0003423	38.095	105	58	4	187	285	32	135	1.40e-13	63.9
EMJLGOOE_01216	MER0013541	34.884	86	55	1	187	272	1	85	4.37e-13	60.8
EMJLGOOE_01216	MER0001419	39.048	105	57	4	187	285	32	135	7.58e-13	61.6
EMJLGOOE_01216	MER0387040	34.000	100	64	2	187	285	1	99	3.58e-12	58.9
EMJLGOOE_01216	MER0003906	37.143	105	59	4	187	285	1	104	6.03e-12	58.2
EMJLGOOE_01216	MER0005300	30.579	121	79	2	169	285	43	162	6.36e-12	59.7
EMJLGOOE_01216	MER0066182	34.000	100	64	2	187	285	92	190	1.05e-11	59.7
EMJLGOOE_01216	MER0025070	29.524	105	60	3	182	275	1	102	3.54e-06	42.4
EMJLGOOE_01216	MER0388771	31.000	100	55	3	187	275	2	98	7.51e-06	41.2
EMJLGOOE_01248	MER0034541	22.769	1401	936	45	512	1821	36	1381	6.45e-76	275
EMJLGOOE_01248	MER0023251	22.559	297	182	8	1211	1471	716	1000	3.17e-07	52.4
EMJLGOOE_01273	MER0001244	42.205	263	137	6	175	425	2	261	7.27e-60	193
EMJLGOOE_01273	MER0013463	37.262	263	150	4	174	425	1	259	2.21e-54	179
EMJLGOOE_01273	MER0028601	33.455	275	147	10	176	425	3	266	1.13e-41	145
EMJLGOOE_01273	MER0001733	28.966	290	164	4	176	423	3	292	2.44e-39	140
EMJLGOOE_01273	MER0004532	30.992	242	130	6	175	407	2	215	8.36e-32	118
EMJLGOOE_01273	MER0001248	32.780	241	112	7	231	425	16	252	6.22e-31	116
EMJLGOOE_01273	MER0004931	30.672	238	139	5	175	408	2	217	7.45e-31	115
EMJLGOOE_01273	MER0005462	30.962	239	139	5	174	408	1	217	8.09e-31	115
EMJLGOOE_01273	MER0005715	29.644	253	138	7	175	419	2	222	4.39e-26	102
EMJLGOOE_01273	MER0002038	26.531	245	150	8	175	412	2	223	5.70e-18	79.7
EMJLGOOE_01273	MER0001250	25.418	299	153	11	176	419	3	286	3.76e-17	78.2
EMJLGOOE_01273	MER0027437	25.200	250	136	10	174	400	1	222	5.81e-13	65.5
EMJLGOOE_01273	MER0016544	29.048	210	111	10	229	424	82	267	1.52e-12	64.7
EMJLGOOE_01273	MER0004321	28.968	252	128	15	176	404	3	226	1.83e-12	63.9
EMJLGOOE_01273	MER0003105	25.191	262	152	11	175	415	2	240	1.30e-10	58.5
EMJLGOOE_01303	MER0031611	25.957	235	143	7	3	212	25	253	1.69e-13	65.5
EMJLGOOE_01303	MER0034563	23.116	199	143	5	14	204	15	211	5.06e-11	57.8
EMJLGOOE_01303	MER0017142	24.473	237	157	8	16	238	15	243	1.10e-10	57.0
EMJLGOOE_01303	MER0031619	30.556	108	70	2	8	111	21	127	1.91e-10	56.6
EMJLGOOE_01303	MER0004146	24.031	258	166	10	3	237	7	257	4.60e-10	55.5
EMJLGOOE_01303	MER0014065	28.431	102	70	1	12	110	31	132	1.43e-09	54.3
EMJLGOOE_01303	MER0036065	24.859	177	121	3	14	180	1	175	1.12e-08	51.2
EMJLGOOE_01303	MER0036115	28.571	105	71	2	10	111	31	134	2.59e-08	50.4
EMJLGOOE_01303	MER0017177	27.419	124	85	3	14	132	33	156	1.06e-07	48.5
EMJLGOOE_01303	MER0036072	27.119	118	76	2	15	122	80	197	1.34e-07	48.5
EMJLGOOE_01303	MER0036075	29.204	113	75	3	16	123	71	183	1.35e-07	48.5
EMJLGOOE_01303	MER0213829	30.973	113	67	4	8	109	40	152	1.49e-07	48.1
EMJLGOOE_01303	MER0044350	24.044	183	125	5	16	191	2	177	1.76e-07	47.8
EMJLGOOE_01303	MER0035044	28.283	99	68	1	8	103	26	124	2.07e-07	47.8
EMJLGOOE_01303	MER0035038	27.368	95	65	2	9	100	25	118	5.40e-07	46.6
EMJLGOOE_01303	MER0031610	26.667	90	64	1	14	101	53	142	7.73e-07	45.8
EMJLGOOE_01303	MER0035043	25.610	164	108	4	16	165	36	199	2.06e-06	44.7
EMJLGOOE_01303	MER0035032	28.972	107	69	3	9	109	26	131	2.90e-06	44.3
EMJLGOOE_01303	MER0044900	30.337	89	56	2	9	91	88	176	4.05e-06	43.9
EMJLGOOE_01303	MER0044581	29.412	102	64	3	16	109	72	173	9.54e-06	42.7
EMJLGOOE_01303	MER0031617	17.597	233	160	4	7	213	26	252	9.60e-06	42.7
EMJLGOOE_01326	MER0016191	25.670	261	179	6	36	285	25	281	3.44e-26	102
EMJLGOOE_01326	MER0016172	24.806	258	177	7	40	286	30	281	3.39e-17	77.4
EMJLGOOE_01326	MER0016185	24.834	302	186	9	34	300	26	321	9.32e-16	73.2
EMJLGOOE_01332	MER0100667	29.570	186	111	5	92	273	42	211	1.27e-13	66.6
EMJLGOOE_01332	MER0194228	29.688	192	111	5	92	273	2	179	1.45e-12	62.8
EMJLGOOE_01332	MER0001289	29.688	192	111	5	92	273	78	255	2.79e-12	63.5
EMJLGOOE_01332	MER0001290	30.519	154	94	4	15	167	46	187	6.42e-10	57.0
EMJLGOOE_01332	MER0002161	29.444	180	97	7	76	246	63	221	5.03e-09	53.5
EMJLGOOE_01332	MER0001288	26.540	211	123	7	74	266	18	214	1.38e-07	48.9
EMJLGOOE_01332	MER0037181	28.947	190	122	6	78	261	52	234	1.87e-07	48.9
EMJLGOOE_01332	MER0029965	25.333	225	134	10	78	287	49	254	2.89e-07	48.1
EMJLGOOE_01332	MER0044627	26.131	199	91	9	91	255	16	192	1.39e-06	45.4
EMJLGOOE_01332	MER0004514	23.669	169	117	4	90	252	49	211	1.40e-06	45.8
EMJLGOOE_01332	MER0001284	24.096	166	116	4	92	252	51	211	2.32e-06	45.4
EMJLGOOE_01368	MER0004480	38.793	116	65	3	12	127	1	110	8.26e-15	67.0
EMJLGOOE_01368	MER0004469	30.556	108	67	3	11	117	10	110	2.17e-12	60.5
EMJLGOOE_01368	MER0004474	33.036	112	65	4	15	126	89	190	3.11e-11	57.0
EMJLGOOE_01368	MER0004471	31.858	113	67	4	15	127	95	197	3.61e-10	53.9
EMJLGOOE_01368	MER0004468	38.806	67	39	1	9	75	5	69	3.21e-06	42.4
EMJLGOOE_01368	MER0897124	38.806	67	39	1	9	75	5	69	3.60e-06	42.4
EMJLGOOE_01369	MER0004468	36.620	71	45	0	227	297	347	417	2.10e-08	51.6
EMJLGOOE_01369	MER0897124	40.278	72	41	2	227	297	347	417	3.55e-08	50.8
EMJLGOOE_01378	MER0004775	39.157	664	392	6	21	683	6	658	1.77e-163	482
EMJLGOOE_01378	MER0019832	31.804	654	427	7	32	683	12	648	7.33e-106	332
EMJLGOOE_01378	MER0011159	30.015	673	440	11	33	683	19	682	6.66e-105	331
EMJLGOOE_01378	MER0001056	29.790	668	443	11	33	683	19	677	4.90e-103	326
EMJLGOOE_01378	MER0013406	30.966	704	433	15	20	683	6	696	1.61e-102	325
EMJLGOOE_01378	MER0011141	29.515	681	440	13	33	683	19	689	4.95e-102	323
EMJLGOOE_01378	MER0019831	32.020	609	379	11	100	683	53	651	1.66e-94	303
EMJLGOOE_01378	MER0001991	28.078	666	451	9	18	664	4	660	1.92e-93	301
EMJLGOOE_01378	MER0002988	28.876	703	450	15	21	683	1	693	3.69e-92	298
EMJLGOOE_01378	MER0001058	30.568	651	414	14	43	683	4	626	1.55e-91	294
EMJLGOOE_01378	MER0011838	27.448	674	448	15	36	683	23	681	5.12e-91	294
EMJLGOOE_01378	MER0001050	29.378	691	432	17	36	683	22	699	1.78e-89	291
EMJLGOOE_01378	MER0002350	28.799	691	435	15	35	683	21	696	4.89e-86	281
EMJLGOOE_01378	MER0004762	29.844	707	430	21	20	683	6	689	6.17e-86	281
EMJLGOOE_01378	MER0001059	31.022	548	370	6	43	588	5	546	1.79e-83	271
EMJLGOOE_01378	MER0002062	26.781	702	449	16	20	672	6	691	2.78e-82	271
EMJLGOOE_01378	MER0005528	27.794	680	449	13	33	683	19	685	6.89e-82	270
EMJLGOOE_01378	MER0002997	25.622	683	458	16	36	683	22	689	6.11e-74	249
EMJLGOOE_01378	MER0002285	27.062	691	434	15	18	683	4	649	2.61e-69	235
EMJLGOOE_01378	MER0015175	25.205	730	462	23	33	683	26	750	6.59e-58	206
EMJLGOOE_01378	MER0001365	34.626	361	208	9	347	683	375	731	3.15e-55	198
EMJLGOOE_01378	MER0038668	27.336	578	340	20	176	683	36	603	3.80e-54	192
EMJLGOOE_01378	MER0162857	32.174	345	209	10	361	683	405	746	4.50e-49	180
EMJLGOOE_01378	MER0001054	23.789	681	451	21	33	683	19	661	1.92e-45	169
EMJLGOOE_01378	MER0011427	28.075	374	225	13	343	683	321	683	1.68e-31	127
EMJLGOOE_01378	MER0011430	23.913	690	426	30	34	683	27	657	2.76e-30	123
EMJLGOOE_01378	MER0024834	34.783	184	109	6	507	683	2	181	5.60e-30	113
EMJLGOOE_01378	MER0011429	23.446	708	405	28	36	683	29	659	7.50e-30	122
EMJLGOOE_01378	MER0004778	24.841	471	301	16	250	683	272	726	7.85e-28	116
EMJLGOOE_01378	MER0011432	21.880	681	447	25	36	672	28	667	1.28e-27	115
EMJLGOOE_01378	MER0011433	22.404	674	452	24	36	672	28	667	1.75e-26	111
EMJLGOOE_01378	MER0011355	26.050	357	233	13	341	672	306	656	2.10e-26	111
EMJLGOOE_01378	MER0026946	28.846	260	163	8	426	683	15	254	5.44e-25	101
EMJLGOOE_01378	MER0004761	23.454	469	309	13	241	683	214	658	2.24e-20	92.4
EMJLGOOE_01378	MER0002993	26.978	278	156	8	353	596	314	578	2.90e-19	89.0
EMJLGOOE_01378	MER0002990	24.058	345	225	10	358	683	321	647	9.92e-18	84.0
EMJLGOOE_01378	MER0002987	23.986	296	203	6	343	625	237	523	1.74e-16	79.7
EMJLGOOE_01378	MER0011195	22.840	683	427	29	37	683	37	655	1.96e-16	79.7
EMJLGOOE_01378	MER0002991	26.393	341	207	11	368	683	359	680	3.59e-16	79.0
EMJLGOOE_01378	MER0002989	21.013	395	274	10	303	683	270	640	1.21e-12	67.8
EMJLGOOE_01378	MER0011486	26.394	269	164	11	342	592	277	529	2.39e-12	66.6
EMJLGOOE_01378	MER0004763	25.641	234	148	6	379	596	201	424	8.45e-12	64.7
EMJLGOOE_01378	MER0011306	25.668	187	117	5	445	625	428	598	9.19e-12	65.1
EMJLGOOE_01378	MER0015181	25.000	216	142	5	358	562	318	524	1.91e-11	63.9
EMJLGOOE_01378	MER0011151	35.593	59	38	0	478	536	188	246	2.75e-10	59.3
EMJLGOOE_01378	MER0002998	20.548	365	231	14	253	593	254	583	6.72e-09	55.5
EMJLGOOE_01424	MER0031565	24.498	249	153	8	14	249	8	234	2.70e-14	67.8
EMJLGOOE_01424	MER0036036	26.506	249	151	9	24	262	24	250	9.31e-14	66.2
EMJLGOOE_01424	MER0045479	25.000	232	145	7	24	248	24	233	4.96e-13	64.3
EMJLGOOE_01424	MER0036038	25.200	250	152	10	8	249	12	234	7.15e-13	63.9
EMJLGOOE_01424	MER0031569	24.409	254	153	9	32	277	28	250	4.64e-08	49.7
EMJLGOOE_01447	MER0011462	30.698	215	140	6	98	306	37	248	1.45e-26	106
EMJLGOOE_01447	MER0011464	30.244	205	137	4	105	306	44	245	4.74e-26	104
EMJLGOOE_01447	MER0029965	26.587	252	165	6	75	309	4	252	8.11e-26	104
EMJLGOOE_01447	MER0015338	32.178	202	125	7	106	301	52	247	8.15e-25	101
EMJLGOOE_01447	MER0038832	29.767	215	142	5	105	316	47	255	8.26e-25	101
EMJLGOOE_01447	MER0011487	31.401	207	136	4	105	308	47	250	1.23e-24	100
EMJLGOOE_01447	MER0011461	31.818	220	133	8	105	320	46	252	1.50e-24	100
EMJLGOOE_01447	MER0015688	31.579	190	124	4	114	301	64	249	5.85e-22	93.2
EMJLGOOE_01447	MER0005158	32.877	219	134	7	103	315	48	259	4.08e-21	90.9
EMJLGOOE_01447	MER0038831	31.694	183	120	3	121	301	64	243	4.47e-21	90.5
EMJLGOOE_01447	MER0030257	30.319	188	126	3	121	306	64	248	7.59e-21	89.7
EMJLGOOE_01447	MER0038822	29.577	213	142	6	98	306	2	210	9.08e-21	88.6
EMJLGOOE_01447	MER0038833	30.319	188	126	3	121	306	64	248	3.04e-19	85.1
EMJLGOOE_01447	MER0001911	27.225	191	125	7	106	292	41	221	2.75e-14	70.5
EMJLGOOE_01447	MER0038830	26.064	188	99	5	121	308	64	211	1.84e-11	61.2
EMJLGOOE_01447	MER0005139	41.379	87	44	2	105	187	62	145	2.75e-09	55.8
EMJLGOOE_01447	MER0015336	25.773	194	130	6	106	288	62	252	2.66e-08	52.8
EMJLGOOE_01447	MER0002161	31.944	144	89	5	74	215	39	175	1.01e-07	51.2
EMJLGOOE_01447	MER0001284	25.385	130	74	4	72	187	4	124	6.95e-06	45.1
EMJLGOOE_01447	MER0015691	23.415	205	131	6	101	287	48	244	8.74e-06	45.1
EMJLGOOE_01469	MER0003380	30.864	243	159	3	138	379	6	240	9.29e-39	136
EMJLGOOE_01469	MER0069741	39.884	173	98	5	210	379	2	171	4.40e-32	116
EMJLGOOE_01469	MER0387040	49.485	97	48	1	277	372	1	97	3.70e-23	90.5
EMJLGOOE_01469	MER0013541	48.276	87	45	0	277	363	1	87	1.20e-22	88.6
EMJLGOOE_01469	MER0066182	44.444	117	61	2	257	372	75	188	5.12e-22	90.1
EMJLGOOE_01469	MER0003423	37.391	115	64	4	277	389	32	140	4.32e-17	74.7
EMJLGOOE_01469	MER0003376	38.333	120	57	4	274	376	42	161	3.87e-16	72.8
EMJLGOOE_01469	MER0001419	36.522	115	65	4	277	389	32	140	7.15e-16	71.2
EMJLGOOE_01469	MER0015415	39.286	84	50	1	279	361	66	149	1.25e-12	62.8
EMJLGOOE_01469	MER0025070	37.273	110	56	5	275	371	4	113	3.57e-12	60.1
EMJLGOOE_01469	MER0388771	37.963	108	54	5	277	371	2	109	5.13e-12	59.3
EMJLGOOE_01469	MER0003906	38.372	86	51	2	277	360	1	86	1.48e-11	57.8
EMJLGOOE_01469	MER0005300	39.796	98	56	1	273	370	64	158	1.36e-10	56.6
EMJLGOOE_01497	MER0015215	25.641	195	118	7	78	252	12	199	1.97e-07	48.1
EMJLGOOE_01539	MER0001297	38.961	154	92	2	201	354	4	155	2.57e-34	124
EMJLGOOE_01539	MER0001425	43.750	160	82	4	200	353	3	160	9.14e-33	120
EMJLGOOE_01539	MER0004196	40.252	159	91	3	198	354	1	157	1.23e-30	114
EMJLGOOE_01539	MER0003514	37.662	154	94	1	201	354	4	155	3.95e-30	112
EMJLGOOE_01539	MER0003413	41.667	156	86	4	201	354	4	156	5.93e-30	112
EMJLGOOE_01539	MER0003065	36.364	154	96	1	201	354	4	155	4.11e-28	107
EMJLGOOE_01539	MER0004195	35.065	154	99	1	201	354	4	156	1.47e-27	105
EMJLGOOE_01539	MER0005714	34.375	160	98	1	202	354	5	164	4.80e-27	104
EMJLGOOE_01539	MER0015684	34.014	147	97	0	201	347	4	150	5.65e-26	101
EMJLGOOE_01539	MER0001295	29.412	170	105	3	198	354	1	168	1.14e-16	75.1
EMJLGOOE_01539	MER0030244	29.054	148	91	6	191	324	2	149	6.71e-08	49.7
EMJLGOOE_01573	MER0044357	26.027	219	134	7	8	199	34	251	2.56e-12	63.9
EMJLGOOE_01573	MER0044357	30.172	116	76	2	203	317	338	449	1.19e-09	55.8
EMJLGOOE_01593	MER0000277	36.245	229	127	8	229	448	4	222	3.83e-28	109
EMJLGOOE_01593	MER0054461	31.481	270	158	9	207	463	1	256	7.07e-24	98.2
EMJLGOOE_01593	MER0005081	32.857	210	116	7	239	441	6	197	6.51e-21	87.8
EMJLGOOE_01618	MER0005462	27.711	166	116	4	22	186	26	188	6.34e-08	48.5
EMJLGOOE_01624	MER0042387	33.152	184	112	6	75	252	2	180	2.29e-28	103
EMJLGOOE_01624	MER0031491	29.282	181	113	4	75	243	2	179	3.86e-21	85.1
EMJLGOOE_01624	MER0026545	32.335	167	103	5	94	252	103	267	4.20e-20	84.0
EMJLGOOE_01624	MER0026552	28.477	151	106	2	99	249	17	165	2.86e-17	73.9
EMJLGOOE_01624	MER0026496	28.729	181	114	4	84	250	89	268	2.43e-15	70.9
EMJLGOOE_01624	MER0002642	27.273	165	110	6	91	250	12	171	1.62e-11	58.5
EMJLGOOE_01624	MER0006292	27.273	165	97	9	100	250	21	176	3.98e-08	48.9
EMJLGOOE_01625	MER0005742	28.369	141	61	5	35	175	1	101	8.95e-09	48.9
EMJLGOOE_01625	MER0013458	29.839	124	71	7	56	178	54	162	1.39e-08	50.1
EMJLGOOE_01625	MER0001333	28.105	153	74	7	43	193	95	213	4.25e-08	49.3
EMJLGOOE_01625	MER0014983	31.897	116	56	6	61	175	20	113	1.45e-07	46.2
EMJLGOOE_01629	MER0002251	41.453	234	131	4	2	233	1	230	9.08e-60	185
EMJLGOOE_01629	MER0001335	35.897	234	141	5	3	233	2	229	6.98e-46	149
EMJLGOOE_01652	MER0001295	44.262	183	90	3	374	553	5	178	3.33e-48	165
EMJLGOOE_01652	MER0001425	38.889	162	85	4	391	551	21	169	4.24e-22	90.9
EMJLGOOE_01652	MER0003413	34.463	177	98	4	374	550	5	163	7.99e-22	90.1
EMJLGOOE_01652	MER0003065	36.076	158	90	3	393	550	16	162	1.31e-21	89.4
EMJLGOOE_01652	MER0001297	40.171	117	68	2	396	512	19	133	2.21e-21	89.0
EMJLGOOE_01652	MER0003514	31.361	169	104	4	382	550	6	162	6.26e-20	84.7
EMJLGOOE_01652	MER0004196	32.515	163	95	5	396	554	19	170	1.95e-17	77.4
EMJLGOOE_01652	MER0015684	38.462	117	70	2	396	511	19	134	1.23e-16	75.1
EMJLGOOE_01652	MER0005714	34.586	133	72	3	391	512	14	142	7.68e-16	73.2
EMJLGOOE_01652	MER0004195	32.298	161	95	5	393	551	16	164	1.24e-14	69.3
EMJLGOOE_01656	MER0002443	35.200	125	72	3	91	214	1	117	2.83e-21	82.4
EMJLGOOE_01656	MER0004035	36.842	114	64	3	101	213	5	111	5.60e-21	81.3
EMJLGOOE_01656	MER0003807	32.787	122	76	2	95	215	2	118	1.42e-18	75.1
EMJLGOOE_01656	MER0004054	31.746	126	76	6	94	214	1	121	4.01e-16	68.9
EMJLGOOE_01656	MER0003986	31.250	112	70	4	95	204	2	108	8.00e-14	62.8
EMJLGOOE_01656	MER0002450	37.500	120	66	5	95	214	2	112	1.08e-13	62.0
EMJLGOOE_01656	MER0003805	33.333	120	69	6	95	213	2	111	2.93e-12	58.2
EMJLGOOE_01656	MER0377310	37.273	110	60	5	95	204	2	102	4.18e-12	57.8
EMJLGOOE_01656	MER0377307	37.273	110	60	5	95	204	2	102	4.18e-12	57.8
EMJLGOOE_01656	MER0377178	37.273	110	60	5	95	204	2	102	3.55e-11	55.1
EMJLGOOE_01656	MER0003808	31.624	117	71	5	95	211	2	109	1.70e-10	53.5
EMJLGOOE_01656	MER0014188	34.568	81	46	2	95	174	2	76	4.32e-10	52.4
EMJLGOOE_01656	MER0001322	38.235	68	41	1	94	160	1	68	4.00e-09	50.1
EMJLGOOE_01656	MER0024252	31.818	88	53	2	102	189	10	90	1.34e-08	48.5
EMJLGOOE_01656	MER0014672	33.333	57	38	0	110	166	30	86	1.04e-07	46.2
EMJLGOOE_01656	MER0038100	29.204	113	63	5	106	208	14	119	1.98e-07	45.4
EMJLGOOE_01656	MER0031199	36.538	52	33	0	110	161	1	52	8.72e-07	42.4
EMJLGOOE_01656	MER0376722	31.068	103	62	5	95	197	2	95	9.74e-07	42.7
EMJLGOOE_01656	MER0377450	33.333	81	48	4	95	174	2	77	3.48e-06	41.2
EMJLGOOE_01660	MER0001423	64.655	232	82	0	482	713	1	232	3.83e-111	333
EMJLGOOE_01660	MER0000399	42.146	261	139	8	459	713	1	255	3.40e-62	206
EMJLGOOE_01660	MER0000401	40.541	259	147	5	459	713	2	257	4.22e-60	200
EMJLGOOE_01660	MER0000405	39.850	266	143	9	459	711	2	263	3.95e-59	197
EMJLGOOE_01660	MER0058228	38.559	236	142	3	484	717	8	242	2.85e-55	186
EMJLGOOE_01660	MER0005196	37.445	227	141	1	486	712	25	250	2.23e-54	184
EMJLGOOE_01660	MER0013484	39.056	233	134	3	485	709	6	238	8.65e-53	179
EMJLGOOE_01660	MER0000404	38.372	258	150	6	459	709	1	256	1.12e-52	180
EMJLGOOE_01660	MER0004504	39.130	230	126	6	486	704	2	228	1.24e-51	176
EMJLGOOE_01660	MER0011413	38.532	218	130	2	483	696	4	221	7.40e-51	174
EMJLGOOE_01660	MER0011305	40.506	237	132	6	486	717	23	255	5.36e-50	172
EMJLGOOE_01660	MER0004923	37.805	246	141	4	477	713	47	289	2.33e-49	172
EMJLGOOE_01660	MER0005987	38.095	231	133	6	490	715	35	260	2.59e-49	171
EMJLGOOE_01660	MER0011231	36.641	262	152	8	459	712	1	256	1.93e-48	168
EMJLGOOE_01660	MER0005994	35.249	261	161	5	459	713	2	260	9.88e-44	155
EMJLGOOE_01660	MER0004921	34.034	238	140	6	484	712	5	234	7.12e-43	152
EMJLGOOE_01660	MER0000403	28.846	260	176	4	459	712	1	257	5.57e-42	150
EMJLGOOE_01660	MER0004193	35.565	239	143	6	484	717	4	236	2.67e-40	145
EMJLGOOE_01660	MER0192427	34.579	214	133	3	486	696	69	278	6.18e-39	142
EMJLGOOE_01660	MER0004199	33.478	230	137	8	490	713	1	220	6.96e-34	126
EMJLGOOE_01660	MER0195666	32.227	211	131	5	483	685	1	207	5.93e-32	121
EMJLGOOE_01660	MER0003361	29.915	234	145	7	469	694	5	227	4.88e-28	110
EMJLGOOE_01660	MER0005988	32.727	110	73	1	588	696	2	111	8.93e-19	79.3
EMJLGOOE_01660	MER0003558	23.005	213	152	2	496	701	39	246	4.95e-15	72.8
EMJLGOOE_01660	MER0034615	24.681	235	158	3	475	696	2	230	1.34e-14	71.2
EMJLGOOE_01660	MER0000408	22.650	234	163	4	476	696	5	233	6.56e-13	66.2
EMJLGOOE_01660	MER0005807	27.053	207	136	8	496	696	62	259	9.21e-13	66.2
EMJLGOOE_01660	MER0140224	25.352	213	140	4	497	696	13	219	2.87e-11	61.2
EMJLGOOE_01660	MER0018170	26.111	180	120	2	529	695	53	232	2.93e-11	61.2
EMJLGOOE_01660	MER0017401	25.551	227	151	9	478	695	2	219	5.04e-11	60.5
EMJLGOOE_01660	MER0000263	21.983	232	161	7	478	696	1	225	6.20e-09	54.3
EMJLGOOE_01660	MER0016096	22.747	233	161	8	479	697	2	229	6.76e-09	53.9
EMJLGOOE_01660	MER0014827	24.896	241	149	9	486	706	23	251	5.50e-07	48.5
EMJLGOOE_01660	MER0004925	23.404	235	160	7	486	706	23	251	6.41e-07	48.1
EMJLGOOE_01660	MER0001920	22.340	188	127	3	525	696	43	227	8.10e-07	47.8
EMJLGOOE_01660	MER0030932	25.000	132	92	2	561	685	84	215	1.08e-06	47.4
EMJLGOOE_01660	MER0015682	23.423	222	158	7	496	712	90	304	3.69e-06	46.2
EMJLGOOE_01686	MER0034582	25.786	318	211	11	608	911	14	320	3.26e-24	102
EMJLGOOE_01691	MER0037181	27.642	246	151	8	43	286	4	224	1.89e-18	80.9
EMJLGOOE_01691	MER0002161	28.877	187	113	6	43	227	4	172	1.77e-16	75.5
EMJLGOOE_01691	MER0100667	28.497	193	117	8	123	314	39	211	1.78e-14	68.6
EMJLGOOE_01691	MER0001284	34.426	122	75	4	123	242	48	166	8.70e-14	67.0
EMJLGOOE_01691	MER0194228	28.230	209	125	11	125	326	1	191	1.90e-12	62.4
EMJLGOOE_01691	MER0001289	26.339	224	141	9	109	326	62	267	2.34e-12	63.2
EMJLGOOE_01691	MER0004514	40.625	96	49	3	123	214	48	139	6.22e-11	58.5
EMJLGOOE_01691	MER0032443	33.043	115	64	4	108	216	38	145	1.69e-10	57.4
EMJLGOOE_01691	MER0005131	33.071	127	70	5	98	216	27	146	2.54e-10	57.0
EMJLGOOE_01691	MER0001288	34.021	97	53	3	123	218	34	120	2.71e-10	56.6
EMJLGOOE_01691	MER0005139	29.060	117	64	4	106	216	60	163	3.59e-09	53.9
EMJLGOOE_01691	MER0005238	33.333	114	58	4	103	211	61	161	1.74e-08	51.6
EMJLGOOE_01691	MER0015691	31.579	114	60	4	105	213	49	149	7.16e-07	46.6
EMJLGOOE_01691	MER0005239	31.250	112	58	4	109	214	69	167	8.46e-07	46.6
EMJLGOOE_01691	MER0002104	33.036	112	57	5	105	211	63	161	8.99e-07	46.6
EMJLGOOE_01741	MER0036038	25.114	219	131	8	75	283	42	237	3.19e-07	47.4
EMJLGOOE_01765	MER0000474	50.602	166	81	1	16	180	38	203	6.52e-54	167
EMJLGOOE_01765	MER0005687	48.193	166	85	1	16	180	42	207	3.48e-50	158
EMJLGOOE_01765	MER0006056	44.512	164	91	0	17	180	44	207	6.13e-48	152
EMJLGOOE_01765	MER0004857	43.678	174	98	0	7	180	30	203	6.93e-48	152
EMJLGOOE_01765	MER0011666	42.135	178	100	2	6	180	8	185	6.90e-46	146
EMJLGOOE_01765	MER0006046	43.976	166	92	1	16	180	38	203	2.84e-45	145
EMJLGOOE_01765	MER0006063	40.361	166	98	1	16	180	39	204	3.83e-45	145
EMJLGOOE_01765	MER0002211	44.578	166	91	1	16	180	38	203	5.15e-45	144
EMJLGOOE_01765	MER0004855	41.420	169	98	1	13	180	37	205	2.72e-42	137
EMJLGOOE_01765	MER0002299	44.242	165	91	1	16	179	32	196	3.50e-42	137
EMJLGOOE_01765	MER0004182	38.596	171	104	1	11	180	29	199	1.81e-36	122
EMJLGOOE_01765	MER0004847	40.361	166	97	2	17	180	39	204	2.50e-33	115
EMJLGOOE_01765	MER0006308	36.095	169	106	2	11	177	23	191	1.47e-32	112
EMJLGOOE_01768	MER0031617	27.966	118	75	4	73	184	29	142	3.16e-07	47.4
EMJLGOOE_01807	MER0013623	53.205	156	70	2	106	261	1	153	7.88e-54	174
EMJLGOOE_01807	MER0003850	48.603	179	83	4	106	280	3	176	1.12e-50	167
EMJLGOOE_01807	MER0000268	51.282	156	74	2	106	261	1	154	3.16e-49	162
EMJLGOOE_01807	MER0004111	47.436	156	81	1	106	261	1	155	1.44e-47	158
EMJLGOOE_01807	MER0000266	50.955	157	75	2	106	261	1	156	1.67e-46	155
EMJLGOOE_01807	MER0005468	49.057	159	77	3	106	261	1	158	4.60e-45	152
EMJLGOOE_01807	MER0001372	48.750	160	74	3	106	261	1	156	1.11e-44	150
EMJLGOOE_01807	MER0004149	48.466	163	77	2	106	261	1	163	1.83e-43	147
EMJLGOOE_01807	MER0003290	47.500	160	76	4	106	261	1	156	1.91e-41	142
EMJLGOOE_01807	MER0004673	35.662	272	142	7	106	355	2	262	9.02e-41	144
EMJLGOOE_01807	MER0001945	43.396	159	87	2	106	261	1	159	1.36e-38	134
EMJLGOOE_01807	MER0028330	46.541	159	76	3	106	261	1	153	3.67e-38	133
EMJLGOOE_01807	MER0002577	45.912	159	77	3	106	261	1	153	6.97e-38	132
EMJLGOOE_01807	MER0001373	47.799	159	79	3	106	261	1	158	1.15e-37	132
EMJLGOOE_01807	MER0016351	42.767	159	82	3	106	261	1	153	3.72e-36	128
EMJLGOOE_01807	MER0010944	42.442	172	82	5	106	261	1	171	9.39e-36	127
EMJLGOOE_01807	MER0003293	44.000	150	82	2	106	255	1	148	4.21e-35	125
EMJLGOOE_01807	MER0014795	45.455	165	75	4	106	261	1	159	1.00e-34	124
EMJLGOOE_01807	MER0022668	39.766	171	88	5	106	261	1	171	4.46e-33	120
EMJLGOOE_01807	MER0004093	42.767	159	82	3	106	261	1	153	7.97e-33	119
EMJLGOOE_01807	MER0016031	41.317	167	86	4	106	261	1	166	1.18e-31	116
EMJLGOOE_01807	MER0004086	41.104	163	87	4	107	261	1	162	3.76e-31	114
EMJLGOOE_01807	MER0011375	41.615	161	82	5	106	261	1	154	7.26e-31	114
EMJLGOOE_01807	MER0005093	36.875	160	88	3	106	252	1	160	2.68e-25	99.0
EMJLGOOE_01807	MER0015583	42.000	150	75	4	106	244	1	149	3.09e-25	98.2
EMJLGOOE_01807	MER0006096	40.441	136	72	3	130	261	1	131	1.83e-24	95.5
EMJLGOOE_01807	MER0063616	35.758	165	84	6	109	261	5	159	8.18e-18	77.4
EMJLGOOE_01807	MER0005094	30.323	155	103	5	106	256	1	154	5.18e-12	60.8
EMJLGOOE_01807	MER0014318	36.765	136	72	8	106	233	1	130	1.35e-10	56.6
EMJLGOOE_01807	MER0014317	32.903	155	88	8	115	256	2	153	8.54e-10	54.3
EMJLGOOE_01807	MER0005090	32.061	131	85	4	106	233	1	130	2.45e-09	53.1
EMJLGOOE_01807	MER0005089	32.331	133	82	5	106	233	1	130	2.42e-08	50.1
EMJLGOOE_01807	MER0024901	33.562	146	80	10	106	242	1	138	2.59e-07	47.0
EMJLGOOE_01807	MER0145078	28.788	132	77	7	147	262	110	240	8.53e-07	47.0
EMJLGOOE_01807	MER0004696	28.169	142	93	6	106	242	1	138	1.04e-06	45.1
EMJLGOOE_01807	MER0005954	27.570	214	101	11	54	243	1	184	2.81e-06	45.1
EMJLGOOE_01807	MER0014314	30.769	130	82	5	106	230	1	127	4.68e-06	43.5
EMJLGOOE_01816	MER0026262	25.337	371	223	13	50	407	14	343	3.62e-18	82.0
EMJLGOOE_01816	MER0011700	25.253	297	195	8	43	329	7	286	1.20e-17	80.9
EMJLGOOE_01816	MER0140154	23.662	355	213	9	54	381	3	326	5.11e-14	69.7
EMJLGOOE_01816	MER0005925	24.324	222	127	6	39	252	4	192	4.68e-12	63.5
EMJLGOOE_01816	MER0002489	26.506	166	93	3	90	255	60	196	2.27e-11	61.6
EMJLGOOE_01816	MER0004154	23.396	265	160	7	39	298	3	229	3.92e-11	60.8
EMJLGOOE_01816	MER0000459	28.500	200	106	6	60	255	30	196	6.56e-11	60.1
EMJLGOOE_01816	MER0006204	24.454	229	144	9	39	261	3	208	1.96e-10	58.9
EMJLGOOE_01816	MER1143079	24.603	252	129	7	56	298	13	212	2.82e-10	57.8
EMJLGOOE_01816	MER0005923	23.373	415	228	16	39	378	7	406	1.28e-09	56.6
EMJLGOOE_01816	MER0000457	25.472	212	119	6	47	255	14	189	8.41e-09	53.5
EMJLGOOE_01816	MER0017069	25.984	254	135	9	60	300	17	230	6.77e-07	47.8
EMJLGOOE_01820	MER0026339	24.900	249	136	9	68	270	25	268	2.20e-08	50.8
EMJLGOOE_01820	MER0004146	30.000	80	53	2	68	144	20	99	8.84e-06	43.1
EMJLGOOE_01824	MER0250360	25.118	211	142	5	58	268	28	222	2.44e-15	70.9
EMJLGOOE_01824	MER0250299	28.708	209	131	6	61	268	25	216	6.09e-14	67.0
EMJLGOOE_01824	MER0200437	28.796	191	122	6	80	270	5	181	1.80e-13	65.9
EMJLGOOE_01824	MER0199442	28.796	191	122	4	80	270	5	181	2.42e-11	59.7
EMJLGOOE_01824	MER0250357	23.671	207	140	5	62	268	30	218	3.44e-11	58.9
EMJLGOOE_01824	MER0212825	24.299	214	140	7	109	320	1	194	6.25e-10	55.1
EMJLGOOE_01824	MER0250303	26.531	196	120	4	80	270	5	181	1.54e-08	51.2
EMJLGOOE_01824	MER0250412	24.775	222	144	8	101	318	24	226	1.22e-06	45.8
EMJLGOOE_01824	MER0250406	24.020	204	136	6	66	268	30	215	2.21e-06	44.7
EMJLGOOE_01849	MER0001421	53.299	394	182	2	16	408	1	393	1.42e-152	434
EMJLGOOE_01849	MER0028941	26.392	413	245	11	7	408	2	366	2.26e-24	100
EMJLGOOE_01849	MER0369336	27.113	284	192	6	132	408	39	314	5.21e-22	92.8
EMJLGOOE_01878	MER0069741	30.625	160	77	6	30	184	41	171	7.91e-13	63.9
EMJLGOOE_01878	MER0015415	26.452	155	82	5	29	178	40	167	9.95e-09	52.0
EMJLGOOE_01878	MER0003380	28.082	146	71	6	27	165	104	222	4.22e-07	48.1
EMJLGOOE_01878	MER0003376	27.072	181	82	7	4	175	2	141	5.85e-07	46.6
EMJLGOOE_01942	MER0015424	30.242	496	267	19	113	533	24	515	2.05e-38	148
EMJLGOOE_01942	MER0016991	26.199	271	165	7	159	415	76	325	4.21e-11	62.8
EMJLGOOE_01942	MER0016983	27.972	286	137	13	159	417	69	312	3.31e-09	56.6
EMJLGOOE_01942	MER0000310	29.355	310	151	13	119	417	22	274	1.64e-08	54.3
EMJLGOOE_01942	MER0014446	49.180	61	29	1	311	371	318	376	3.48e-08	54.3
EMJLGOOE_01942	MER0001725	25.874	286	142	12	145	415	87	317	1.84e-07	51.2
EMJLGOOE_01942	MER0019280	30.675	163	89	3	253	415	165	303	1.08e-06	48.9
EMJLGOOE_01942	MER0000351	47.273	55	27	1	316	370	233	285	1.10e-06	48.9
EMJLGOOE_01942	MER0114485	47.458	59	28	2	316	373	275	331	1.23e-06	49.3
EMJLGOOE_01942	MER0000329	36.486	74	40	2	343	415	293	360	4.32e-06	47.4
EMJLGOOE_01942	MER0080418	39.683	63	33	1	353	415	302	359	8.63e-06	46.2
EMJLGOOE_02012	MER0036308	54.622	238	103	3	229	463	1	236	7.89e-87	267
EMJLGOOE_02012	MER0012283	46.575	219	114	1	230	445	1	219	8.70e-64	206
EMJLGOOE_02012	MER0001013	44.033	243	129	3	227	464	2	242	2.97e-63	206
EMJLGOOE_02012	MER0011345	44.690	226	123	2	230	453	4	229	5.41e-62	202
EMJLGOOE_02012	MER0001017	42.387	243	125	3	227	460	1	237	2.82e-60	198
EMJLGOOE_02012	MER0002281	43.277	238	130	4	232	464	6	243	1.74e-57	191
EMJLGOOE_02012	MER0005328	45.960	198	104	2	238	432	1	198	2.79e-55	183
EMJLGOOE_02012	MER0002755	42.786	201	112	3	238	435	1	201	4.68e-53	177
EMJLGOOE_02012	MER0012271	37.209	215	132	3	231	442	5	219	1.62e-42	150
EMJLGOOE_02012	MER0002658	40.426	141	78	3	313	447	1	141	1.42e-26	102
EMJLGOOE_02012	MER0019730	24.889	225	148	4	261	465	33	256	1.46e-23	97.4
EMJLGOOE_02012	MER0019759	29.570	186	110	5	273	445	37	214	5.76e-18	80.5
EMJLGOOE_02012	MER0011720	29.108	213	130	7	235	440	3	201	4.38e-17	77.4
EMJLGOOE_02012	MER0011370	29.885	174	103	4	281	441	43	210	5.92e-17	77.0
EMJLGOOE_02012	MER0011440	30.612	196	94	7	272	439	25	206	1.33e-16	76.3
EMJLGOOE_02012	MER0019754	30.570	193	101	7	263	432	8	190	3.43e-16	74.3
EMJLGOOE_02012	MER0002060	26.484	219	139	7	236	440	4	214	3.69e-16	74.7
EMJLGOOE_02012	MER0005331	29.282	181	94	5	281	441	44	210	4.17e-16	74.3
EMJLGOOE_02012	MER0002968	29.897	194	107	6	269	445	38	219	6.15e-16	74.3
EMJLGOOE_02012	MER0011371	29.282	181	114	4	268	438	32	208	7.73e-16	73.6
EMJLGOOE_02012	MER0028449	29.843	191	93	7	277	441	46	221	3.63e-15	72.0
EMJLGOOE_02012	MER0168983	28.090	178	115	4	267	444	1	165	3.92e-15	70.5
EMJLGOOE_02012	MER0002355	28.571	217	130	9	235	440	3	205	6.69e-15	71.2
EMJLGOOE_02012	MER0011423	29.891	184	101	6	277	441	40	214	9.93e-15	70.5
EMJLGOOE_02012	MER0011401	28.571	189	82	7	281	438	36	202	1.03e-14	70.5
EMJLGOOE_02012	MER0001012	29.630	189	109	6	268	441	37	216	1.48e-14	70.1
EMJLGOOE_02012	MER0001701	27.749	191	125	4	281	461	32	219	1.53e-14	70.1
EMJLGOOE_02012	MER0002422	30.058	173	102	4	281	442	43	207	3.60e-14	68.9
EMJLGOOE_02012	MER0011183	27.273	187	118	4	273	447	29	209	4.18e-14	68.9
EMJLGOOE_02012	MER0091680	28.324	173	111	6	278	441	32	200	4.37e-14	68.9
EMJLGOOE_02012	MER0011438	29.032	186	105	6	257	425	19	194	4.94e-14	68.6
EMJLGOOE_02012	MER0006264	27.011	174	115	4	277	441	12	182	1.03e-13	67.0
EMJLGOOE_02012	MER0011369	29.379	177	100	5	281	441	58	225	1.08e-13	67.8
EMJLGOOE_02012	MER0005046	26.857	175	112	5	277	440	28	197	1.13e-13	67.0
EMJLGOOE_02012	MER0002078	29.851	201	112	6	270	447	23	217	1.24e-13	67.8
EMJLGOOE_02012	MER0001003	28.571	182	116	5	269	440	7	184	2.68e-13	65.5
EMJLGOOE_02012	MER0002865	29.121	182	112	6	278	453	10	180	4.93e-13	64.7
EMJLGOOE_02012	MER0002003	29.050	179	108	5	275	440	44	216	8.66e-13	65.1
EMJLGOOE_02012	MER0168177	31.884	138	80	4	309	444	41	166	9.37e-13	63.5
EMJLGOOE_02012	MER0005045	25.568	176	115	6	277	441	28	198	2.04e-12	63.5
EMJLGOOE_02012	MER0000997	30.357	168	103	5	281	436	47	212	4.64e-12	62.8
EMJLGOOE_02012	MER0004243	32.973	185	78	7	281	438	46	211	5.29e-12	62.8
EMJLGOOE_02012	MER0026830	32.877	146	81	5	238	367	1	145	1.21e-11	60.8
EMJLGOOE_02012	MER0001185	27.322	183	107	5	269	436	39	210	2.11e-11	60.8
EMJLGOOE_02012	MER0015166	26.486	185	97	7	283	440	58	230	2.62e-11	60.8
EMJLGOOE_02012	MER0011175	30.000	140	76	3	311	440	82	209	3.35e-11	60.1
EMJLGOOE_02012	MER0002746	27.273	176	106	6	273	432	37	206	4.93e-11	60.1
EMJLGOOE_02012	MER0052595	30.601	183	101	6	275	440	46	219	5.69e-11	59.7
EMJLGOOE_02012	MER0001005	28.090	178	92	5	281	436	9	172	8.73e-11	58.2
EMJLGOOE_02012	MER0016308	26.519	181	96	6	281	440	18	182	6.66e-10	55.8
EMJLGOOE_02012	MER0002210	40.000	70	33	1	281	341	1	70	1.67e-09	53.9
EMJLGOOE_02012	MER0001009	26.316	152	80	4	305	441	15	149	1.21e-08	52.8
EMJLGOOE_02012	MER0011399	32.407	108	63	5	257	355	20	126	6.11e-08	50.8
EMJLGOOE_02012	MER0001010	24.832	149	86	4	305	441	56	190	7.43e-08	50.1
EMJLGOOE_02012	MER0001525	25.373	134	77	4	310	429	90	214	8.76e-08	50.4
EMJLGOOE_02012	MER0001001	24.554	224	136	9	238	442	1	210	2.10e-07	48.9
EMJLGOOE_02012	MER0003500	23.333	180	122	3	281	449	31	205	6.78e-07	47.4
EMJLGOOE_02012	MER0040779	26.667	150	93	3	295	442	64	198	7.30e-07	47.0
EMJLGOOE_02042	MER0019280	33.562	292	160	10	157	436	25	294	6.34e-29	113
EMJLGOOE_02042	MER0000321	33.775	302	133	16	150	423	90	352	9.24e-22	93.6
EMJLGOOE_02042	MER0030016	31.419	296	143	13	150	423	20	277	3.42e-19	84.7
EMJLGOOE_02042	MER0003536	30.263	304	167	13	147	432	15	291	3.58e-19	85.1
EMJLGOOE_02042	MER0016688	28.136	295	162	13	156	423	24	295	7.51e-19	84.3
EMJLGOOE_02042	MER0000319	27.431	288	168	8	159	442	27	277	5.03e-18	81.3
EMJLGOOE_02042	MER0001521	29.452	292	169	9	147	436	8	264	8.44e-18	80.5
EMJLGOOE_02042	MER0000313	29.452	292	169	9	147	436	8	264	9.10e-18	80.5
EMJLGOOE_02042	MER0175622	28.094	299	165	11	148	426	14	282	4.13e-17	79.0
EMJLGOOE_02042	MER0000310	27.835	291	174	8	147	436	8	263	5.74e-17	78.2
EMJLGOOE_02042	MER0001755	28.239	301	181	9	147	445	8	275	6.52e-17	77.8
EMJLGOOE_02042	MER0000315	28.269	283	164	9	156	437	17	261	4.19e-16	75.5
EMJLGOOE_02042	MER0001906	28.269	283	164	9	156	437	17	261	6.63e-16	74.7
EMJLGOOE_02042	MER0001523	29.452	292	169	9	147	436	8	264	9.35e-16	74.3
EMJLGOOE_02042	MER0000312	29.452	292	169	9	147	436	8	264	9.35e-16	74.3
EMJLGOOE_02042	MER0000349	27.077	325	182	12	131	412	40	352	1.23e-15	75.5
EMJLGOOE_02042	MER0001699	26.937	271	162	8	155	423	16	252	2.52e-15	73.2
EMJLGOOE_02042	MER0000332	30.742	283	156	9	157	436	17	262	3.33e-15	72.8
EMJLGOOE_02042	MER0001520	27.915	283	165	9	156	437	17	261	5.47e-15	72.0
EMJLGOOE_02042	MER0000311	30.000	270	155	10	155	422	16	253	8.21e-14	68.6
EMJLGOOE_02042	MER0004988	25.743	303	182	12	155	445	24	295	2.41e-13	67.8
EMJLGOOE_02042	MER0001928	27.143	280	165	9	159	437	20	261	2.41e-13	67.4
EMJLGOOE_02042	MER0004123	24.918	305	182	12	161	436	37	323	2.81e-13	67.8
EMJLGOOE_02042	MER0077555	29.021	286	167	10	154	437	15	266	3.17e-13	67.0
EMJLGOOE_02042	MER0081072	26.866	268	160	10	160	425	17	250	4.39e-13	66.2
EMJLGOOE_02042	MER0000347	26.316	323	186	12	147	437	48	350	5.46e-13	67.8
EMJLGOOE_02042	MER0000351	31.884	207	110	7	208	406	103	286	1.32e-12	65.1
EMJLGOOE_02042	MER0000348	26.403	303	173	11	166	429	38	329	2.48e-12	65.1
EMJLGOOE_02042	MER0013656	26.000	300	183	8	147	445	7	268	5.06e-12	63.2
EMJLGOOE_02042	MER0000316	26.071	280	168	8	159	437	19	260	5.82e-12	63.2
EMJLGOOE_02042	MER0042897	27.273	286	176	8	154	437	15	270	5.89e-12	63.2
EMJLGOOE_02042	MER0002500	28.512	242	137	8	209	429	155	381	6.14e-12	64.3
EMJLGOOE_02042	MER0005790	29.442	197	112	5	211	402	94	268	1.53e-11	61.6
EMJLGOOE_02042	MER0000309	27.333	300	184	7	147	445	8	274	1.82e-11	61.6
EMJLGOOE_02042	MER0161312	27.972	286	141	12	196	435	76	342	9.94e-11	60.1
EMJLGOOE_02042	MER0000353	29.756	205	99	7	208	398	154	327	2.26e-10	58.9
EMJLGOOE_02042	MER0014446	28.205	234	130	8	211	433	197	403	5.04e-10	58.2
EMJLGOOE_02042	MER0016978	25.893	336	187	14	142	445	11	316	8.69e-10	57.0
EMJLGOOE_02042	MER0002575	27.817	284	164	9	163	439	24	273	8.75e-10	56.6
EMJLGOOE_02042	MER0114485	27.273	231	125	8	210	405	105	327	1.18e-09	57.0
EMJLGOOE_02042	MER0002565	23.077	260	169	5	167	426	68	296	2.50e-09	55.8
EMJLGOOE_02042	MER0000320	27.612	268	156	13	147	407	8	244	2.55e-09	55.5
EMJLGOOE_02042	MER0002267	25.888	197	107	7	256	444	118	283	3.90e-09	54.7
EMJLGOOE_02042	MER0067924	25.000	300	164	13	156	423	6	276	6.88e-09	53.9
EMJLGOOE_02042	MER0003688	29.524	315	162	14	150	423	39	334	2.08e-08	52.8
EMJLGOOE_02042	MER0004085	25.566	309	174	14	153	436	41	318	5.28e-08	51.6
EMJLGOOE_02042	MER0002516	26.667	300	170	13	137	430	15	270	6.25e-08	51.2
EMJLGOOE_02042	MER0015431	31.156	199	87	8	266	423	154	343	1.54e-07	50.4
EMJLGOOE_02042	MER0050309	23.980	196	126	6	211	404	47	221	3.12e-07	49.7
EMJLGOOE_02042	MER0000326	25.940	266	153	7	162	423	30	255	4.58e-07	48.5
EMJLGOOE_02042	MER0003020	28.372	215	97	9	228	406	274	467	5.10e-07	48.9
EMJLGOOE_02042	MER0000361	25.150	334	172	15	157	439	25	331	9.57e-07	47.8
EMJLGOOE_02042	MER0005859	30.986	142	69	7	309	423	336	475	1.20e-06	47.8
EMJLGOOE_02042	MER0015436	36.782	87	51	3	340	423	346	431	2.28e-06	47.0
EMJLGOOE_02042	MER0001368	25.287	261	132	9	207	423	95	336	3.18e-06	46.2
EMJLGOOE_02042	MER0019217	29.474	190	90	9	211	377	221	389	3.42e-06	46.2
EMJLGOOE_02042	MER0003117	31.933	119	68	4	303	417	152	261	3.59e-06	45.4
EMJLGOOE_02042	MER0006023	31.250	160	91	5	269	426	169	311	4.30e-06	45.4
EMJLGOOE_02042	MER0029448	28.139	231	140	9	202	423	218	431	5.45e-06	45.4
EMJLGOOE_02042	MER0015438	32.692	104	54	3	336	424	350	452	8.13e-06	45.1
EMJLGOOE_02065	MER0069741	43.333	120	63	2	181	300	50	164	6.93e-27	101
EMJLGOOE_02065	MER0003380	45.536	112	55	3	190	300	127	233	3.65e-25	98.6
EMJLGOOE_02065	MER0013541	47.191	89	43	2	201	289	1	85	1.81e-19	79.0
EMJLGOOE_02065	MER0003423	40.157	127	68	3	180	301	11	134	1.20e-18	78.2
EMJLGOOE_02065	MER0001419	38.760	129	71	3	178	301	9	134	4.46e-18	76.6
EMJLGOOE_02065	MER0015415	33.594	128	66	4	174	295	46	160	1.49e-16	73.2
EMJLGOOE_02065	MER0003906	38.636	88	52	1	201	288	1	86	2.59e-14	65.1
EMJLGOOE_02065	MER0003376	34.752	141	68	5	181	301	20	156	7.69e-14	65.5
EMJLGOOE_02065	MER0387040	38.462	104	61	3	201	304	1	101	1.12e-12	60.5
EMJLGOOE_02065	MER0066182	34.375	128	79	4	177	304	70	192	2.71e-12	62.0
EMJLGOOE_02065	MER0005300	34.343	99	61	2	203	301	67	161	1.25e-08	50.4
EMJLGOOE_02065	MER0025070	36.449	107	55	5	198	295	3	105	4.43e-07	45.1
EMJLGOOE_02065	MER0388771	36.538	104	53	5	201	295	2	101	2.19e-06	43.1
EMJLGOOE_02126	MER0001161	39.130	690	395	8	6	684	3	678	1.47e-170	501
EMJLGOOE_02126	MER0001158	37.209	688	414	11	4	684	1	677	7.44e-146	437
EMJLGOOE_02126	MER0006087	34.605	708	425	14	2	686	8	700	1.84e-130	399
EMJLGOOE_02126	MER0015119	33.288	730	427	18	2	686	4	718	3.19e-123	380
EMJLGOOE_02126	MER0108144	31.515	660	425	14	38	684	17	662	7.69e-97	309
EMJLGOOE_02126	MER0001149	31.675	603	392	11	86	684	90	676	5.47e-94	302
EMJLGOOE_02126	MER0003110	29.972	704	420	19	37	685	31	716	2.66e-82	272
EMJLGOOE_02126	MER0001942	29.844	640	417	13	55	684	59	676	7.08e-81	267
EMJLGOOE_02126	MER0001153	30.389	668	425	15	45	684	37	692	4.01e-76	255
EMJLGOOE_02126	MER0079465	26.840	652	436	18	55	684	2	634	4.71e-62	215
EMJLGOOE_02126	MER0001156	25.599	668	436	20	35	661	37	684	2.18e-49	181
EMJLGOOE_02126	MER0015170	25.512	635	426	19	52	679	31	625	2.96e-49	179
EMJLGOOE_02126	MER0021317	34.848	66	43	0	448	513	22	87	2.51e-09	51.6
EMJLGOOE_02126	MER0059435	20.783	332	208	10	337	625	337	656	4.63e-06	46.6
EMJLGOOE_02266	MER0217243	27.568	185	114	8	69	240	68	245	3.12e-10	55.8
EMJLGOOE_02280	MER0031565	30.542	203	134	5	32	229	33	233	2.01e-19	84.0
EMJLGOOE_02280	MER0036038	28.079	203	139	5	32	229	33	233	1.68e-17	78.6
EMJLGOOE_02280	MER0045479	26.108	203	143	5	32	229	33	233	3.57e-15	71.6
EMJLGOOE_02280	MER0036036	25.641	234	160	7	4	229	8	235	3.00e-13	66.2
EMJLGOOE_02280	MER0031569	28.365	208	135	5	32	229	29	232	1.32e-12	64.3
EMJLGOOE_02280	MER0036063	24.506	253	149	9	1	216	8	255	1.39e-09	55.5
EMJLGOOE_02280	MER0037863	25.000	188	131	6	56	236	93	277	1.55e-09	55.5
EMJLGOOE_02280	MER0036049	24.088	274	163	9	10	244	7	274	7.07e-09	53.1
EMJLGOOE_02280	MER0033245	23.560	191	130	5	56	236	15	199	3.93e-08	50.4
EMJLGOOE_02280	MER0033244	26.036	169	113	4	50	215	51	210	6.04e-08	50.1
EMJLGOOE_02280	MER0036047	30.000	140	89	4	1	134	8	144	9.56e-08	50.1
EMJLGOOE_02280	MER0017243	24.064	187	128	5	34	215	103	280	4.40e-07	48.1
EMJLGOOE_02284	MER0195376	33.846	195	112	5	221	410	1	183	1.19e-20	86.3
EMJLGOOE_02284	MER0015684	29.870	154	87	4	222	373	4	138	5.63e-07	46.6
EMJLGOOE_02284	MER0003514	28.873	142	80	4	221	362	3	123	6.36e-07	46.2
EMJLGOOE_02284	MER0003065	30.323	155	85	5	221	373	3	136	3.29e-06	44.3
EMJLGOOE_02284	MER0004195	25.275	182	103	6	222	392	4	163	3.96e-06	43.9
EMJLGOOE_02302	MER0015121	27.742	155	87	4	31	160	32	186	1.18e-07	49.7
EMJLGOOE_02302	MER0004959	27.778	162	80	6	34	169	53	203	1.03e-06	47.0
EMJLGOOE_02302	MER0003817	28.099	121	59	4	31	123	32	152	1.25e-06	46.6
EMJLGOOE_02302	MER0107602	29.630	135	75	4	7	122	4	137	1.41e-06	46.6
EMJLGOOE_02302	MER0013471	27.737	137	77	4	7	122	9	144	2.22e-06	45.8
EMJLGOOE_02302	MER0001198	27.397	146	75	5	8	124	10	153	4.45e-06	44.7
EMJLGOOE_02305	MER0002601	51.351	111	52	2	56	165	26	135	2.30e-33	113
EMJLGOOE_02305	MER0002455	47.009	117	61	1	53	169	21	136	7.51e-33	111
EMJLGOOE_02305	MER0014721	36.634	101	62	2	53	153	37	135	5.44e-20	79.0
EMJLGOOE_02305	MER0019092	32.593	135	75	4	29	150	1	132	9.75e-20	78.6
EMJLGOOE_02305	MER0121992	27.419	124	76	5	29	139	1	123	1.54e-07	45.1
EMJLGOOE_02307	MER0015424	33.669	496	242	20	116	532	29	516	1.27e-49	177
EMJLGOOE_02307	MER0016991	27.036	307	192	10	111	397	26	320	1.33e-14	72.4
EMJLGOOE_02307	MER0000349	31.081	222	119	9	156	360	141	345	4.16e-12	65.1
EMJLGOOE_02307	MER0014446	29.044	272	136	15	156	402	189	428	1.40e-11	63.5
EMJLGOOE_02307	MER0000351	30.000	220	104	7	153	356	100	285	8.46e-11	60.1
EMJLGOOE_02307	MER0000310	27.303	304	152	12	117	403	22	273	2.03e-10	58.9
EMJLGOOE_02307	MER0068994	38.462	117	61	5	292	402	284	395	3.39e-09	55.8
EMJLGOOE_02307	MER0005712	30.882	136	89	2	241	371	203	338	4.70e-09	55.5
EMJLGOOE_02307	MER0161312	27.953	254	134	13	154	374	89	326	1.35e-08	53.9
EMJLGOOE_02307	MER0000321	27.966	236	120	9	151	369	145	347	1.60e-08	53.5
EMJLGOOE_02307	MER0015431	28.889	180	101	7	241	403	210	379	1.87e-08	53.5
EMJLGOOE_02307	MER0019280	48.276	58	29	1	297	354	205	261	2.13e-08	53.1
EMJLGOOE_02307	MER0000309	25.667	300	164	11	116	403	21	273	3.33e-08	52.0
EMJLGOOE_02307	MER0001906	26.689	296	159	8	116	402	21	267	4.96e-08	51.6
EMJLGOOE_02307	MER0000315	26.689	296	159	8	116	402	21	267	5.33e-08	51.6
EMJLGOOE_02307	MER0000353	30.047	213	97	8	153	349	151	327	7.17e-08	51.6
EMJLGOOE_02307	MER0000347	26.937	271	158	11	155	408	115	362	1.15e-07	51.6
EMJLGOOE_02307	MER0114485	43.077	65	34	1	292	356	266	327	1.16e-07	51.2
EMJLGOOE_02307	MER0001725	28.571	259	142	10	155	404	95	319	1.31e-07	50.4
EMJLGOOE_02307	MER0003536	39.286	84	39	3	297	369	194	276	1.55e-07	50.4
EMJLGOOE_02307	MER0002500	29.630	216	115	9	159	356	157	353	1.68e-07	50.8
EMJLGOOE_02307	MER0001520	26.689	296	159	8	116	402	21	267	2.70e-07	49.3
EMJLGOOE_02307	MER0001699	26.357	258	138	7	155	403	58	272	3.23e-07	48.9
EMJLGOOE_02307	MER0028258	36.585	82	50	1	297	376	263	344	3.92e-07	49.3
EMJLGOOE_02307	MER0004085	26.786	336	173	15	99	396	31	331	4.20e-07	49.3
EMJLGOOE_02307	MER0175622	27.778	234	145	9	159	386	74	289	5.13e-07	48.5
EMJLGOOE_02307	MER0005756	27.660	141	96	3	237	371	232	372	5.47e-07	48.9
EMJLGOOE_02307	MER0015433	36.364	88	45	3	292	371	348	432	8.75e-07	48.5
EMJLGOOE_02307	MER0000316	27.341	267	134	8	145	402	51	266	9.30e-07	47.8
EMJLGOOE_02307	MER0003020	40.741	81	41	2	280	354	385	464	1.50e-06	47.8
EMJLGOOE_02307	MER0002267	27.668	253	141	11	155	402	67	282	1.64e-06	47.0
EMJLGOOE_02307	MER0005710	35.294	85	50	2	292	371	347	431	2.35e-06	47.4
EMJLGOOE_02307	MER0030016	27.632	228	124	9	152	369	76	272	2.61e-06	46.2
EMJLGOOE_02307	MER0015437	35.294	102	51	4	272	371	338	426	5.94e-06	45.8
EMJLGOOE_02307	MER0005774	35.294	85	50	2	292	371	340	424	7.69e-06	45.4
EMJLGOOE_02307	MER0067924	27.854	219	108	10	155	349	59	251	8.39e-06	44.7
EMJLGOOE_02307	MER0001928	28.409	264	128	11	152	402	52	267	9.09e-06	44.7
EMJLGOOE_02307	MER0017009	27.642	246	134	12	153	381	110	328	9.61e-06	45.1
EMJLGOOE_02378	MER0042827	56.566	99	43	0	1007	1105	1	99	9.20e-32	116
EMJLGOOE_02400	MER0002489	22.973	370	210	15	39	401	1	302	6.30e-12	63.5
EMJLGOOE_02400	MER0006204	24.757	206	126	5	54	256	4	183	8.94e-11	60.1
EMJLGOOE_02400	MER0011700	24.242	264	138	10	80	324	25	245	3.47e-10	58.2
EMJLGOOE_02400	MER0026262	22.051	195	120	3	81	272	26	191	1.57e-09	56.2
EMJLGOOE_02400	MER0354941	20.442	181	106	5	99	273	45	193	4.51e-06	44.3
EMJLGOOE_02460	MER0004090	28.061	392	225	13	586	949	1	363	7.30e-31	122
EMJLGOOE_02460	MER0035017	24.578	415	257	13	594	972	1	395	4.82e-28	114
EMJLGOOE_02460	MER0003800	25.066	379	241	10	592	949	14	370	1.29e-21	95.5
EMJLGOOE_02460	MER0026262	24.571	350	211	11	594	933	1	307	8.28e-14	70.9
EMJLGOOE_02460	MER0011700	26.457	223	132	9	608	820	15	215	4.70e-09	56.2
EMJLGOOE_02460	MER0006204	21.270	315	194	11	594	885	5	288	2.84e-08	53.9
EMJLGOOE_02460	MER1143079	28.019	207	95	9	608	806	10	170	1.64e-07	50.8
EMJLGOOE_02460	MER0122661	20.461	347	220	7	615	947	20	324	4.99e-07	49.7
EMJLGOOE_02460	MER0034963	24.277	173	127	4	597	767	9	179	1.40e-06	48.5
EMJLGOOE_02460	MER0005923	27.619	105	71	2	605	705	19	122	3.29e-06	47.4
EMJLGOOE_02469	MER0000410	60.424	283	110	1	400	682	1	281	5.75e-122	362
EMJLGOOE_02469	MER0011872	42.322	267	151	2	417	680	16	282	2.29e-72	233
EMJLGOOE_02469	MER0082498	39.929	283	146	6	419	677	1	283	8.25e-65	213
EMJLGOOE_02469	MER0005694	33.091	275	172	3	411	680	10	277	5.12e-46	162
EMJLGOOE_02469	MER0000392	31.183	279	175	5	418	684	7	280	2.22e-41	149
EMJLGOOE_02469	MER0079308	31.579	266	171	6	417	677	6	265	2.07e-39	143
EMJLGOOE_02469	MER0022823	33.948	271	169	7	414	677	3	270	2.28e-39	143
EMJLGOOE_02469	MER0015621	29.693	293	182	6	407	680	6	293	1.10e-38	142
EMJLGOOE_02469	MER0082653	33.333	237	143	6	419	641	7	242	7.74e-37	136
EMJLGOOE_02469	MER0004227	32.794	247	153	2	394	639	11	245	2.37e-36	135
EMJLGOOE_02469	MER0002490	28.523	298	179	9	407	684	6	289	8.93e-34	128
EMJLGOOE_02469	MER0325901	32.117	274	175	8	416	681	3	273	1.52e-32	124
EMJLGOOE_02469	MER0981959	27.660	282	183	5	413	677	1	278	4.73e-32	122
EMJLGOOE_02469	MER0011450	29.572	257	167	5	414	660	3	255	1.63e-31	121
EMJLGOOE_02469	MER0000398	30.153	262	167	6	418	678	4	250	5.91e-29	113
EMJLGOOE_02469	MER0003229	28.253	269	177	7	414	677	11	268	5.57e-26	105
EMJLGOOE_02484	MER0005767	26.408	284	174	12	55	336	29	279	4.87e-12	63.2
EMJLGOOE_02535	MER0002161	34.682	173	92	7	60	231	15	167	6.02e-17	77.0
EMJLGOOE_02535	MER0005139	36.697	109	60	3	121	227	62	163	1.98e-15	72.4
EMJLGOOE_02535	MER0037181	27.273	275	156	10	59	327	14	250	3.33e-14	68.9
EMJLGOOE_02535	MER0001284	31.757	148	87	5	81	225	3	139	4.20e-14	68.2
EMJLGOOE_02535	MER0004514	27.723	202	122	7	121	314	35	220	9.50e-13	64.3
EMJLGOOE_02535	MER0005238	37.500	104	57	3	122	224	67	163	1.61e-12	63.9
EMJLGOOE_02535	MER0015691	32.374	139	79	5	95	225	19	150	1.69e-12	63.5
EMJLGOOE_02535	MER0001289	27.234	235	138	8	119	344	59	269	2.37e-12	63.2
EMJLGOOE_02535	MER0005239	33.051	118	69	4	111	225	57	167	8.43e-11	58.9
EMJLGOOE_02535	MER0194228	27.358	212	132	7	136	344	1	193	1.26e-10	57.0
EMJLGOOE_02535	MER0002104	32.692	104	62	3	122	224	67	163	1.98e-10	57.8
EMJLGOOE_02535	MER0005241	37.363	91	50	2	118	206	1	86	3.42e-10	56.6
EMJLGOOE_02535	MER0100667	27.468	233	124	11	118	338	20	219	4.98e-10	55.8
EMJLGOOE_02535	MER0005131	24.481	241	162	6	107	339	23	251	5.81e-10	55.8
EMJLGOOE_02535	MER0005149	31.481	108	65	3	121	226	64	164	1.47e-09	55.1
EMJLGOOE_02535	MER0005152	29.060	117	70	2	98	208	30	139	2.76e-09	54.3
EMJLGOOE_02535	MER0015336	31.731	104	63	2	122	224	62	158	3.61e-09	53.5
EMJLGOOE_02535	MER0001290	25.294	170	100	8	71	224	46	204	1.87e-07	48.9
EMJLGOOE_02535	MER0002105	31.818	88	52	2	122	208	58	138	2.04e-07	48.5
EMJLGOOE_02535	MER0001911	30.392	102	61	2	120	221	39	130	2.46e-06	45.1
EMJLGOOE_02567	MER0014188	38.462	91	50	3	126	215	1	86	1.40e-15	67.8
EMJLGOOE_02567	MER0024252	40.206	97	50	3	138	228	14	108	1.66e-13	62.8
EMJLGOOE_02567	MER0001322	33.962	106	57	4	126	226	1	98	2.28e-12	59.3
EMJLGOOE_02567	MER0377310	32.710	107	60	3	126	227	1	100	7.86e-12	57.4
EMJLGOOE_02567	MER0377307	32.710	107	60	3	126	227	1	100	7.86e-12	57.4
EMJLGOOE_02567	MER0002450	32.710	107	60	3	126	227	1	100	1.06e-11	57.4
EMJLGOOE_02567	MER0377178	32.710	107	60	3	126	227	1	100	1.33e-10	54.3
EMJLGOOE_02567	MER0003807	36.170	94	56	4	126	216	1	93	1.70e-10	54.3
EMJLGOOE_02567	MER0003805	31.776	107	61	4	126	227	1	100	3.17e-10	53.1
EMJLGOOE_02567	MER0376722	31.111	90	59	1	126	215	1	87	5.23e-10	52.4
EMJLGOOE_02567	MER0003808	31.068	103	67	2	126	227	1	100	5.84e-10	52.4
EMJLGOOE_02567	MER0377450	32.632	95	53	3	126	216	1	88	6.57e-10	52.0
EMJLGOOE_02567	MER0003986	33.019	106	65	5	126	226	1	105	3.30e-09	50.4
EMJLGOOE_02567	MER0002443	39.024	82	47	3	136	215	11	91	6.17e-09	49.7
EMJLGOOE_02567	MER0004035	36.709	79	47	3	138	215	10	86	4.66e-07	44.3
EMJLGOOE_02567	MER0004054	30.851	94	59	5	127	215	2	94	2.36e-06	42.7
EMJLGOOE_02601	MER0281397	24.742	194	111	6	106	264	3	196	3.39e-07	47.4
EMJLGOOE_02616	MER0001284	25.490	255	131	9	68	313	4	208	1.13e-12	64.7
EMJLGOOE_02616	MER0004514	27.317	205	114	7	112	313	36	208	1.60e-12	64.3
EMJLGOOE_02616	MER0100667	34.646	127	68	4	112	231	24	142	5.88e-12	62.0
EMJLGOOE_02616	MER0005131	26.875	160	92	7	68	217	4	148	5.09e-07	47.8
EMJLGOOE_02616	MER0194228	38.028	71	41	2	147	215	14	83	1.23e-06	45.8
EMJLGOOE_02616	MER0002161	30.872	149	79	6	112	248	66	202	2.16e-06	45.8
EMJLGOOE_02616	MER0001289	36.709	79	44	3	139	215	85	159	3.04e-06	45.4
EMJLGOOE_02629	MER0031431	36.264	91	57	1	113	202	36	126	3.38e-13	62.8
EMJLGOOE_02629	MER0031432	31.818	88	59	1	128	214	51	138	3.32e-11	57.4
EMJLGOOE_02629	MER0031433	31.818	88	59	1	128	214	51	138	4.23e-11	57.0
EMJLGOOE_02629	MER0034659	35.632	87	52	2	123	205	45	131	1.63e-10	55.5
EMJLGOOE_02629	MER0014721	26.590	173	99	7	94	261	7	156	8.01e-10	53.5
EMJLGOOE_02629	MER0002601	30.137	73	44	2	127	199	30	95	3.66e-08	48.1
EMJLGOOE_02629	MER0038141	29.000	100	62	4	111	205	32	127	4.58e-08	48.5
EMJLGOOE_02629	MER0044553	25.581	129	95	1	105	233	10	137	5.48e-08	47.8
EMJLGOOE_02629	MER0019092	23.611	144	98	3	94	232	7	143	7.97e-07	44.7
EMJLGOOE_02640	MER0001283	42.620	481	274	1	21	499	2	482	6.75e-136	399
EMJLGOOE_02640	MER0047723	42.072	473	271	2	26	495	3	475	3.77e-133	391
EMJLGOOE_02640	MER0028941	31.395	172	94	5	30	189	2	161	6.53e-11	60.8
EMJLGOOE_02640	MER0369336	33.036	112	61	3	82	189	8	109	5.69e-09	54.3
EMJLGOOE_02660	MER0017193	43.494	269	149	3	10	276	8	275	3.60e-81	243
EMJLGOOE_02660	MER0026339	33.721	258	168	2	15	269	10	267	4.67e-56	178
EMJLGOOE_02660	MER0017177	22.364	313	177	11	15	277	22	318	1.67e-13	66.2
EMJLGOOE_02660	MER0004146	26.838	272	167	11	15	270	6	261	2.53e-11	59.3
EMJLGOOE_02660	MER0036084	21.154	260	192	6	23	277	14	265	6.01e-11	58.5
EMJLGOOE_02660	MER0017142	22.394	259	177	11	16	267	2	243	1.59e-10	57.0
EMJLGOOE_02660	MER0033259	23.529	272	170	10	15	277	18	260	4.19e-10	55.8
EMJLGOOE_02660	MER0036053	35.366	82	52	1	22	103	3	83	1.56e-09	54.3
EMJLGOOE_02660	MER0000436	21.864	279	173	8	27	276	23	285	6.87e-09	52.4
EMJLGOOE_02660	MER0045479	21.455	275	171	10	10	277	15	251	1.05e-08	51.6
EMJLGOOE_02660	MER0031614	22.695	282	163	8	12	276	79	322	2.26e-08	51.2
EMJLGOOE_02660	MER0036038	37.500	72	41	3	208	277	182	251	1.79e-07	48.1
EMJLGOOE_02660	MER0037236	24.265	272	177	11	13	270	5	261	1.82e-07	48.1
EMJLGOOE_02660	MER0014065	27.049	122	83	5	12	129	17	136	2.79e-07	47.8
EMJLGOOE_02660	MER0003280	30.392	102	68	2	28	127	30	130	4.27e-07	47.0
EMJLGOOE_02660	MER0043008	19.608	255	191	6	9	258	2	247	1.42e-06	45.4
EMJLGOOE_02660	MER0036115	24.812	133	88	5	23	153	31	153	1.53e-06	45.4
EMJLGOOE_02660	MER0031569	22.826	276	151	13	19	277	20	250	2.79e-06	44.3
EMJLGOOE_02660	MER0036072	30.435	115	66	4	21	125	74	184	5.51e-06	43.9
EMJLGOOE_02660	MER0031611	28.205	78	55	1	199	276	214	290	6.22e-06	43.5
EMJLGOOE_02660	MER0031610	34.177	79	46	3	28	103	55	130	8.95e-06	43.1
EMJLGOOE_02679	MER0061102	22.267	247	161	7	60	300	10	231	9.10e-08	48.9
EMJLGOOE_02679	MER0066178	21.905	210	124	8	53	260	2	173	3.05e-06	44.3
EMJLGOOE_02683	MER0028047	59.218	179	70	2	439	617	1	176	1.01e-63	206
EMJLGOOE_02712	MER0048181	30.496	141	79	2	49	170	2	142	1.89e-12	59.7
EMJLGOOE_02712	MER0015462	36.145	83	51	1	39	121	39	119	7.01e-09	50.4
EMJLGOOE_02712	MER0015458	27.083	192	111	5	41	209	45	230	8.03e-09	51.2
EMJLGOOE_02712	MER0015472	26.667	150	98	5	44	185	41	186	1.15e-07	47.4
EMJLGOOE_02712	MER0015659	35.484	93	54	2	44	133	46	135	1.68e-07	47.0
EMJLGOOE_02712	MER0015459	36.145	83	49	1	40	122	42	120	2.97e-07	46.2
EMJLGOOE_02712	MER0015632	32.609	92	51	2	40	124	37	124	4.43e-07	45.8
EMJLGOOE_02712	MER0015473	26.897	145	89	4	49	176	38	182	8.58e-07	44.7
EMJLGOOE_02712	MER0015630	31.111	135	82	3	47	177	52	179	1.08e-06	44.7
EMJLGOOE_02712	MER0015686	36.145	83	50	1	42	124	44	123	1.13e-06	44.7
EMJLGOOE_02712	MER0030047	31.061	132	82	4	51	174	1	131	1.32e-06	43.1
EMJLGOOE_02712	MER0003940	31.325	83	55	1	47	129	41	121	1.33e-06	44.3
EMJLGOOE_02712	MER0015633	32.222	90	61	0	44	133	46	135	1.36e-06	44.3
EMJLGOOE_02712	MER0094384	27.011	174	114	4	40	205	28	196	7.57e-06	42.0
EMJLGOOE_02723	MER0000589	44.615	65	34	2	427	489	179	243	7.96e-11	59.3
EMJLGOOE_02723	MER0013626	46.512	43	23	0	434	476	103	145	6.64e-08	48.9
EMJLGOOE_02723	MER0055964	35.616	73	44	2	401	472	73	143	1.37e-07	48.1
EMJLGOOE_02734	MER0014333	37.860	243	150	1	67	308	1	243	7.98e-57	193
EMJLGOOE_02734	MER0001233	38.967	213	130	0	67	279	1	213	5.66e-51	176
EMJLGOOE_02734	MER0002008	32.444	225	114	7	67	282	1	196	7.32e-24	98.6
EMJLGOOE_02734	MER0001229	30.603	232	123	11	67	283	1	209	4.04e-15	72.4
EMJLGOOE_02734	MER0043985	30.603	232	123	11	67	283	1	209	7.09e-15	72.0
EMJLGOOE_02734	MER0003543	26.168	214	143	5	68	278	2	203	5.91e-11	60.5
EMJLGOOE_02734	MER0390687	25.444	169	107	5	86	248	11	166	1.26e-10	58.2
EMJLGOOE_02734	MER0035181	21.905	210	134	5	84	263	8	217	1.48e-10	59.3
EMJLGOOE_02734	MER0026957	30.220	182	114	5	93	271	21	192	4.56e-10	57.8
EMJLGOOE_02734	MER0003448	30.233	129	82	3	67	195	1	121	5.45e-10	57.4
EMJLGOOE_02734	MER0015090	32.283	127	76	3	92	218	24	140	7.34e-10	57.0
EMJLGOOE_02734	MER0195774	27.807	187	122	7	68	251	1	177	7.38e-10	56.2
EMJLGOOE_02734	MER0142407	25.568	176	115	6	102	266	1	171	3.06e-07	50.1
EMJLGOOE_02734	MER0004423	26.984	189	117	8	105	288	33	205	4.32e-07	48.9
EMJLGOOE_02734	MER0011292	31.429	105	64	3	92	195	71	168	1.66e-06	47.0
EMJLGOOE_02734	MER0122186	29.134	127	81	4	67	192	21	139	2.32e-06	46.2
EMJLGOOE_02734	MER0188967	26.339	224	126	10	105	297	3	218	3.07e-06	47.4
EMJLGOOE_02734	MER0169735	25.140	179	116	6	84	253	31	200	5.16e-06	45.1
EMJLGOOE_02802	MER0002635	38.516	283	158	3	142	408	1	283	9.66e-59	191
EMJLGOOE_02802	MER0173063	41.132	265	149	4	144	404	2	263	2.93e-55	181
EMJLGOOE_02802	MER0002646	32.131	305	168	2	144	409	3	307	5.09e-50	168
EMJLGOOE_02802	MER0049282	32.443	262	158	7	161	411	21	274	6.25e-38	135
EMJLGOOE_02802	MER0003824	32.707	266	172	5	144	408	3	262	5.97e-37	132
EMJLGOOE_02802	MER0120615	31.203	266	178	4	144	409	1	261	6.99e-37	132
EMJLGOOE_02802	MER0011469	27.931	290	185	4	141	410	4	289	3.00e-31	117
EMJLGOOE_02802	MER0011470	27.481	262	168	5	171	412	25	284	9.27e-24	97.1
EMJLGOOE_02802	MER0003772	25.475	263	185	7	158	411	13	273	1.74e-21	90.5
EMJLGOOE_02802	MER0142760	30.065	153	107	0	252	404	308	460	7.41e-18	82.0
EMJLGOOE_02802	MER0142760	24.096	166	102	6	66	222	69	219	4.41e-06	45.4
EMJLGOOE_02802	MER0006292	26.866	201	116	9	212	409	1	173	3.14e-13	64.7
EMJLGOOE_02845	MER0013829	35.366	328	193	8	14	333	6	322	1.23e-54	180
EMJLGOOE_02845	MER0005169	32.378	349	224	7	14	359	6	345	3.14e-51	171
EMJLGOOE_02845	MER0005472	33.918	342	206	8	14	353	6	329	1.18e-44	154
EMJLGOOE_02845	MER0004410	29.745	353	232	9	13	359	5	347	2.86e-42	147
EMJLGOOE_02845	MER0002046	29.326	341	220	9	12	349	4	326	2.16e-39	139
EMJLGOOE_02845	MER0005160	29.851	335	214	11	15	345	7	324	1.53e-32	121
EMJLGOOE_02845	MER0002043	27.247	356	225	11	5	345	9	345	2.09e-31	119
EMJLGOOE_02845	MER0002040	27.609	297	192	9	65	349	59	344	1.06e-24	100
EMJLGOOE_02845	MER0022215	23.729	354	235	8	12	351	3	335	1.96e-18	82.4
EMJLGOOE_02852	MER0026545	37.288	177	91	5	230	398	104	268	2.99e-30	114
EMJLGOOE_02852	MER0026552	35.673	171	97	2	223	393	7	164	1.90e-27	104
EMJLGOOE_02852	MER0026496	34.091	176	105	5	230	398	100	271	5.22e-25	100
EMJLGOOE_02852	MER0042387	31.098	164	102	3	227	388	17	171	1.17e-23	94.4
EMJLGOOE_02852	MER0031491	27.624	181	110	4	230	399	20	190	9.25e-18	77.8
EMJLGOOE_02852	MER0002642	25.989	177	105	6	232	399	16	175	6.28e-08	49.3
EMJLGOOE_02852	MER0002639	26.404	178	119	6	217	393	3	169	1.49e-06	45.1
EMJLGOOE_02892	MER0026262	26.486	370	231	10	25	376	2	348	3.36e-33	126
EMJLGOOE_02892	MER1143079	27.545	334	182	13	26	351	2	283	4.33e-23	96.3
EMJLGOOE_02892	MER0028284	25.071	351	204	11	24	353	1	313	5.62e-21	90.9
EMJLGOOE_02892	MER0000457	24.784	347	208	11	22	353	4	312	9.46e-21	90.1
EMJLGOOE_02892	MER0004090	24.737	380	222	13	23	358	8	367	7.44e-19	85.1
EMJLGOOE_02892	MER0017069	24.923	325	206	10	39	353	10	306	2.76e-18	82.8
EMJLGOOE_02892	MER0002489	26.531	245	162	6	30	261	11	250	3.27e-18	82.8
EMJLGOOE_02892	MER0000459	28.152	341	192	13	33	353	17	324	7.80e-18	81.6
EMJLGOOE_02892	MER0003802	32.022	178	108	6	30	206	7	172	1.23e-17	80.5
EMJLGOOE_02892	MER0011700	25.466	322	193	11	24	318	1	302	3.21e-17	80.1
EMJLGOOE_02892	MER0140154	23.876	356	215	11	39	357	1	337	3.49e-16	76.6
EMJLGOOE_02892	MER0005925	28.877	187	125	3	34	212	12	198	9.43e-16	75.5
EMJLGOOE_02892	MER0006204	26.866	201	127	5	25	209	6	202	9.19e-15	72.8
EMJLGOOE_02892	MER0356183	28.992	238	141	11	46	263	3	232	4.32e-14	68.9
EMJLGOOE_02892	MER0003800	22.933	375	235	16	23	358	15	374	5.72e-14	70.5
EMJLGOOE_02892	MER0122661	29.082	196	127	4	26	215	1	190	8.04e-14	69.3
EMJLGOOE_02892	MER0004154	23.824	340	231	12	26	355	3	324	8.39e-14	69.3
EMJLGOOE_02892	MER0354941	29.319	191	114	8	38	210	9	196	2.47e-13	65.9
EMJLGOOE_02892	MER0005964	26.493	268	158	11	26	282	12	251	2.81e-13	67.8
EMJLGOOE_02892	MER0005836	23.881	201	138	4	20	210	6	201	9.85e-13	65.1
EMJLGOOE_02892	MER0219770	25.105	239	145	7	39	262	14	233	1.56e-11	62.4
EMJLGOOE_02892	MER0005923	31.250	144	89	4	38	174	22	162	1.97e-09	56.6
EMJLGOOE_02892	MER0000463	22.185	302	172	11	30	314	7	262	3.81e-09	55.1
EMJLGOOE_02892	MER0192873	27.586	203	129	7	77	263	2	202	2.43e-08	51.6
EMJLGOOE_02892	MER0015683	25.789	190	130	5	25	207	20	205	6.14e-08	50.8
EMJLGOOE_02892	MER0034963	30.088	113	76	1	27	139	9	118	2.59e-07	49.7
EMJLGOOE_02892	MER0011718	28.571	161	92	6	57	207	41	188	3.23e-06	46.2
EMJLGOOE_02892	MER0011726	33.010	103	62	4	37	137	19	116	4.01e-06	45.8
EMJLGOOE_02911	MER0000485	48.085	235	121	1	562	795	1	235	1.95e-70	229
EMJLGOOE_02911	MER0000495	42.169	249	135	2	562	801	1	249	2.39e-58	196
EMJLGOOE_02911	MER0003442	45.740	223	111	2	587	799	3	225	2.17e-56	190
EMJLGOOE_02911	MER0011056	46.500	200	104	1	599	795	22	221	6.61e-54	183
EMJLGOOE_02911	MER0003443	46.500	200	101	3	594	787	21	220	1.21e-52	179
EMJLGOOE_02911	MER0014970	36.786	280	130	3	562	795	1	279	2.26e-52	181
EMJLGOOE_02911	MER0011057	46.429	196	102	1	603	795	26	221	2.31e-52	179
EMJLGOOE_02911	MER0000488	39.301	229	139	0	562	790	1	229	4.83e-50	172
EMJLGOOE_02911	MER0004236	44.886	176	95	1	617	792	85	258	6.30e-45	159
EMJLGOOE_02911	MER0000496	39.604	202	117	1	583	779	76	277	2.11e-42	154
EMJLGOOE_02911	MER0108906	37.553	237	139	4	562	795	1	231	8.10e-40	144
EMJLGOOE_02911	MER0005837	38.793	232	114	6	563	777	2	222	2.12e-39	143
EMJLGOOE_02911	MER0026213	32.680	153	98	3	648	799	111	259	7.06e-22	92.8
EMJLGOOE_02911	MER0017402	32.418	182	111	4	620	796	28	202	1.38e-18	82.4
EMJLGOOE_02911	MER0003859	32.468	154	97	3	642	795	79	225	6.65e-16	75.1
EMJLGOOE_02911	MER0003359	31.677	161	97	6	620	770	45	202	1.52e-11	62.0
EMJLGOOE_02911	MER0017403	38.272	81	50	0	685	765	96	176	1.31e-07	50.4
EMJLGOOE_02993	MER0015166	30.942	223	127	5	220	418	11	230	1.13e-21	91.3
EMJLGOOE_02993	MER0002968	28.505	214	139	6	219	419	3	215	6.65e-19	83.2
EMJLGOOE_02993	MER0019759	28.704	216	132	4	240	438	19	229	8.65e-19	83.2
EMJLGOOE_02993	MER0002746	28.704	216	131	4	241	438	20	230	5.06e-18	80.9
EMJLGOOE_02993	MER0002003	27.679	224	128	4	219	418	3	216	4.35e-17	77.8
EMJLGOOE_02993	MER0011183	26.991	226	140	6	227	438	8	222	2.08e-16	75.9
EMJLGOOE_02993	MER0011720	27.094	203	141	3	219	418	3	201	2.61e-16	75.5
EMJLGOOE_02993	MER0002060	27.064	218	133	5	220	418	4	214	5.33e-16	74.7
EMJLGOOE_02993	MER0002422	31.148	183	107	4	246	413	24	202	7.61e-16	73.9
EMJLGOOE_02993	MER0001012	26.364	220	139	4	218	419	2	216	8.56e-16	73.9
EMJLGOOE_02993	MER0005328	32.418	182	95	8	248	410	26	198	8.89e-16	73.6
EMJLGOOE_02993	MER0011401	31.250	160	93	2	267	409	38	197	2.48e-15	72.4
EMJLGOOE_02993	MER0001009	31.056	161	92	3	299	445	20	175	3.80e-15	72.0
EMJLGOOE_02993	MER0001701	27.570	214	125	4	239	430	6	211	4.48e-15	72.0
EMJLGOOE_02993	MER0011440	27.979	193	124	4	241	419	19	210	9.95e-15	70.9
EMJLGOOE_02993	MER0028449	30.348	201	113	6	241	419	26	221	1.09e-14	70.9
EMJLGOOE_02993	MER0011423	27.143	210	137	4	226	419	5	214	4.68e-14	68.9
EMJLGOOE_02993	MER0005331	26.667	210	142	4	222	419	1	210	6.30e-14	68.2
EMJLGOOE_02993	MER0001010	27.619	210	129	4	245	436	3	207	1.48e-13	67.0
EMJLGOOE_02993	MER0036308	28.571	224	142	6	212	425	2	217	1.84e-13	67.4
EMJLGOOE_02993	MER0001017	27.638	199	100	7	248	419	37	218	2.06e-13	67.4
EMJLGOOE_02993	MER0002355	26.697	221	147	5	219	429	3	218	2.47e-13	66.6
EMJLGOOE_02993	MER0005046	29.688	192	119	4	241	418	8	197	3.01e-13	66.2
EMJLGOOE_02993	MER0001003	31.667	180	106	4	254	418	7	184	5.48e-13	65.1
EMJLGOOE_02993	MER0011438	35.849	106	64	2	241	342	19	124	5.93e-13	65.5
EMJLGOOE_02993	MER0168983	28.994	169	110	3	254	420	3	163	1.08e-12	63.5
EMJLGOOE_02993	MER0004243	37.624	101	59	1	239	335	20	120	1.24e-12	64.7
EMJLGOOE_02993	MER0011175	28.283	198	115	6	241	418	19	209	1.34e-12	64.3
EMJLGOOE_02993	MER0011399	33.071	127	78	3	222	343	1	125	1.97e-12	64.3
EMJLGOOE_02993	MER0011345	29.947	187	108	6	249	419	38	217	2.22e-12	64.3
EMJLGOOE_02993	MER0002281	26.852	216	139	4	222	423	12	222	2.30e-12	64.3
EMJLGOOE_02993	MER0091680	24.057	212	138	5	240	434	10	215	6.22e-12	62.8
EMJLGOOE_02993	MER0168177	33.094	139	78	4	290	420	33	164	1.75e-11	60.1
EMJLGOOE_02993	MER0002078	23.207	237	155	5	222	438	1	230	2.21e-11	61.2
EMJLGOOE_02993	MER0001013	25.907	193	125	4	246	425	36	223	6.62e-11	60.1
EMJLGOOE_02993	MER0000997	35.644	101	61	1	239	335	21	121	1.17e-10	58.9
EMJLGOOE_02993	MER0011369	24.454	229	150	5	209	419	2	225	1.33e-10	58.9
EMJLGOOE_02993	MER0026830	32.323	99	64	1	238	333	19	117	1.62e-10	57.8
EMJLGOOE_02993	MER0012283	36.364	88	46	3	253	339	42	120	4.27e-10	57.4
EMJLGOOE_02993	MER0011370	27.419	186	112	4	252	419	30	210	5.51e-10	56.6
EMJLGOOE_02993	MER0003916	26.178	191	125	5	241	419	8	194	5.81e-10	56.2
EMJLGOOE_02993	MER0006264	26.519	181	121	4	251	419	2	182	7.36e-10	55.8
EMJLGOOE_02993	MER0052595	26.531	196	127	4	239	418	25	219	2.13e-09	55.1
EMJLGOOE_02993	MER0005045	38.144	97	53	2	241	332	8	102	2.40e-09	54.7
EMJLGOOE_02993	MER0012271	26.036	169	105	4	267	421	58	220	2.53e-09	55.5
EMJLGOOE_02993	MER0001185	25.701	214	136	6	224	419	7	215	8.08e-09	53.5
EMJLGOOE_02993	MER0016308	29.032	186	101	7	254	418	7	182	8.82e-09	52.8
EMJLGOOE_02993	MER0001005	28.177	181	108	6	261	423	5	181	1.85e-08	51.6
EMJLGOOE_02993	MER0019754	34.951	103	53	3	242	335	3	100	2.03e-08	52.0
EMJLGOOE_02993	MER0002755	34.167	120	60	5	254	372	33	134	2.81e-08	51.6
EMJLGOOE_02993	MER0011400	34.884	86	52	1	261	342	40	125	7.14e-08	50.8
EMJLGOOE_02993	MER0001001	22.959	196	118	6	247	420	26	210	9.58e-08	50.1
EMJLGOOE_02993	MER0011371	31.765	85	54	1	262	342	41	125	1.46e-07	49.7
EMJLGOOE_02993	MER0116688	32.967	91	57	2	246	332	25	115	1.17e-06	47.4
EMJLGOOE_02993	MER0002210	34.783	69	41	1	266	330	2	70	7.89e-06	43.5
EMJLGOOE_03010	MER0437468	38.286	350	200	5	208	542	1	349	3.82e-77	244
EMJLGOOE_03010	MER0065554	46.850	254	123	3	300	542	9	261	1.71e-76	239
EMJLGOOE_03010	MER0436717	34.171	398	194	9	208	541	1	394	1.19e-57	194
EMJLGOOE_03014	MER0045886	42.035	226	128	3	4	227	12	236	3.59e-53	177
EMJLGOOE_03014	MER0044889	36.364	231	142	4	1	228	14	242	4.01e-44	153
EMJLGOOE_03014	MER0038086	34.951	206	119	4	6	196	29	234	4.76e-34	126
EMJLGOOE_03014	MER0436735	31.559	263	141	7	3	227	1	262	7.12e-34	125
EMJLGOOE_03014	MER0042974	36.269	193	110	5	13	195	1	190	3.88e-30	113
EMJLGOOE_03014	MER0043537	36.413	184	108	4	6	184	2	181	9.56e-29	109
EMJLGOOE_03014	MER0043387	34.270	178	113	3	21	196	1	176	3.27e-25	99.4
EMJLGOOE_03014	MER0043394	30.952	126	81	3	65	185	38	162	2.76e-10	56.2
EMJLGOOE_03014	MER0043392	29.134	127	72	3	67	185	42	158	6.55e-10	55.1
EMJLGOOE_03014	MER0043475	27.660	141	91	4	40	170	55	194	1.32e-08	52.8
EMJLGOOE_03014	MER0044882	32.203	118	73	5	75	185	53	170	2.11e-07	48.1
EMJLGOOE_03014	MER0044619	28.947	114	76	4	75	185	83	194	2.40e-07	48.9
EMJLGOOE_03014	MER0043195	25.000	144	97	3	52	184	63	206	2.85e-07	48.5
EMJLGOOE_03014	MER0044622	29.825	171	102	6	42	204	70	230	2.94e-07	48.5
EMJLGOOE_03014	MER0045094	25.170	147	96	5	47	185	58	198	2.87e-06	45.4
