CNNKACMO_00024	MER0003242	28.571	168	102	3	287	453	153	303	5.66e-12	63.2
CNNKACMO_00025	MER0003850	50.820	183	80	3	120	300	2	176	2.67e-53	175
CNNKACMO_00025	MER0013623	52.439	164	64	2	121	281	1	153	1.75e-50	166
CNNKACMO_00025	MER0000268	51.553	161	71	2	121	281	1	154	1.76e-48	161
CNNKACMO_00025	MER0004673	38.732	284	137	6	121	386	2	266	2.30e-44	154
CNNKACMO_00025	MER0004111	49.693	163	72	3	121	281	1	155	2.70e-43	147
CNNKACMO_00025	MER0000266	52.147	163	69	3	121	281	1	156	4.13e-43	147
CNNKACMO_00025	MER0003293	49.677	155	71	2	121	275	1	148	1.10e-40	140
CNNKACMO_00025	MER0003290	48.466	163	75	3	121	281	1	156	4.25e-40	139
CNNKACMO_00025	MER0005468	46.012	163	81	3	121	281	1	158	1.93e-39	137
CNNKACMO_00025	MER0001372	48.780	164	73	4	121	281	1	156	3.66e-39	136
CNNKACMO_00025	MER0004149	46.512	172	72	4	121	281	1	163	1.52e-36	130
CNNKACMO_00025	MER0001945	43.558	163	86	2	121	281	1	159	1.67e-36	129
CNNKACMO_00025	MER0022668	45.977	174	78	7	121	281	1	171	1.58e-34	124
CNNKACMO_00025	MER0004086	44.578	166	82	5	122	281	1	162	1.46e-32	119
CNNKACMO_00025	MER0016031	44.048	168	85	6	121	281	1	166	2.18e-32	119
CNNKACMO_00025	MER0001373	47.273	165	76	6	121	281	1	158	2.28e-32	118
CNNKACMO_00025	MER0002577	43.827	162	81	3	121	281	1	153	4.61e-32	117
CNNKACMO_00025	MER0028330	43.210	162	82	3	121	281	1	153	4.98e-31	114
CNNKACMO_00025	MER0016351	42.593	162	83	4	121	281	1	153	3.76e-30	112
CNNKACMO_00025	MER0014795	42.690	171	76	5	121	281	1	159	1.25e-28	108
CNNKACMO_00025	MER0011375	39.264	163	88	3	121	281	1	154	1.45e-28	107
CNNKACMO_00025	MER0010944	40.341	176	85	5	121	281	1	171	3.44e-28	107
CNNKACMO_00025	MER0004093	41.358	162	85	4	121	281	1	153	2.61e-25	98.6
CNNKACMO_00025	MER0006096	42.754	138	71	4	145	281	1	131	2.24e-23	92.4
CNNKACMO_00025	MER0005093	39.241	158	78	5	121	265	1	153	1.78e-22	91.3
CNNKACMO_00025	MER0015583	41.176	153	77	5	121	264	1	149	2.37e-21	87.4
CNNKACMO_00025	MER0063616	34.524	168	87	5	124	281	5	159	1.61e-18	79.7
CNNKACMO_00025	MER0004696	32.639	144	89	6	121	262	1	138	1.04e-10	56.6
CNNKACMO_00025	MER0005094	33.784	148	83	7	121	262	1	139	2.19e-10	56.2
CNNKACMO_00025	MER0014318	33.918	171	86	11	121	281	1	154	1.30e-07	48.1
CNNKACMO_00025	MER0014317	31.126	151	82	8	130	268	2	142	2.25e-06	44.7
CNNKACMO_00081	MER0034539	37.349	166	100	3	2	164	1	165	3.13e-31	117
CNNKACMO_00081	MER0033254	30.178	169	109	6	2	165	1	165	6.13e-16	74.7
CNNKACMO_00081	MER0011781	26.966	178	101	7	5	163	31	198	7.14e-07	47.4
