FBMKHCDE_00034	MER0034615	25.600	250	155	7	623	856	1	235	4.39e-15	72.8
FBMKHCDE_00034	MER0001423	26.721	247	147	6	635	867	5	231	4.42e-15	72.4
FBMKHCDE_00034	MER0011583	28.846	156	103	2	717	871	98	246	1.74e-13	68.2
FBMKHCDE_00034	MER0004925	28.571	259	140	14	615	849	2	239	6.08e-12	63.9
FBMKHCDE_00034	MER0000408	29.310	174	100	7	707	869	90	251	1.94e-11	62.0
FBMKHCDE_00034	MER0014827	27.843	255	147	12	615	849	2	239	2.24e-11	62.0
FBMKHCDE_00034	MER0000399	26.496	234	133	7	635	851	28	239	2.84e-10	58.9
FBMKHCDE_00034	MER0003558	28.177	181	115	4	694	872	91	258	3.40e-10	58.5
FBMKHCDE_00034	MER0000401	23.849	239	151	8	635	860	29	249	4.89e-10	58.2
FBMKHCDE_00034	MER0001920	29.139	151	96	4	704	849	81	225	6.72e-10	57.4
FBMKHCDE_00034	MER0230379	26.220	164	108	5	715	877	96	247	3.30e-09	55.5
FBMKHCDE_00034	MER0017401	30.827	133	83	4	717	849	95	218	7.50e-09	54.3
FBMKHCDE_00034	MER0005994	26.174	149	91	4	705	850	110	242	1.16e-08	53.9
FBMKHCDE_00034	MER0006027	26.708	161	98	4	718	868	105	255	1.35e-08	53.5
FBMKHCDE_00034	MER0004193	30.556	144	82	3	715	855	93	221	2.08e-08	52.8
FBMKHCDE_00034	MER0126485	25.316	158	101	3	697	849	70	215	1.40e-06	47.4
FBMKHCDE_00034	MER0015682	22.286	175	118	2	697	868	145	304	2.01e-06	47.4
FBMKHCDE_00115	MER0027775	36.111	108	68	1	96	203	10	116	3.20e-22	85.1
FBMKHCDE_00115	MER0001602	27.465	142	78	3	87	206	1	139	2.04e-12	59.7
FBMKHCDE_00119	MER0025086	57.724	123	46	2	185	301	1	123	3.69e-44	144
FBMKHCDE_00119	MER0029657	42.623	122	62	4	184	301	28	145	1.07e-21	86.3
FBMKHCDE_00119	MER0011122	34.848	132	73	5	185	303	17	148	4.32e-15	68.6
FBMKHCDE_00146	MER0033186	39.062	320	187	4	67	381	1	317	2.30e-66	211
FBMKHCDE_00217	MER0026262	24.859	354	214	12	29	359	2	326	5.76e-27	108
FBMKHCDE_00217	MER0028284	26.205	332	225	7	28	358	1	313	5.52e-22	94.0
FBMKHCDE_00217	MER0000459	26.744	344	215	11	31	361	8	327	1.43e-18	84.0
FBMKHCDE_00217	MER0002489	25.503	298	173	9	63	341	42	309	1.96e-16	77.4
FBMKHCDE_00217	MER0017069	22.807	342	217	9	34	361	1	309	9.20e-16	75.5
FBMKHCDE_00217	MER0140154	21.408	355	222	10	43	360	1	335	1.00e-15	75.5
FBMKHCDE_00217	MER0003800	24.165	389	236	17	14	361	2	372	1.46e-14	72.4
FBMKHCDE_00217	MER0003802	27.322	183	118	5	34	215	7	175	2.82e-14	70.5
FBMKHCDE_00217	MER1143079	25.237	317	177	10	50	356	17	283	9.21e-14	68.6
FBMKHCDE_00217	MER0219770	23.762	303	207	7	42	343	13	292	1.55e-13	68.2
FBMKHCDE_00217	MER0006204	23.421	380	250	14	27	374	4	374	1.09e-12	66.2
FBMKHCDE_00217	MER0011700	23.496	349	223	10	43	361	16	350	1.26e-12	66.2
FBMKHCDE_00217	MER0000457	23.729	354	218	12	23	362	1	316	5.06e-12	63.9
FBMKHCDE_00217	MER0000463	24.716	352	196	14	43	359	16	333	2.43e-11	62.0
FBMKHCDE_00217	MER0005964	21.866	343	220	10	43	362	20	337	4.15e-11	61.2
FBMKHCDE_00217	MER0005925	24.207	347	221	14	28	360	6	324	5.71e-11	60.8
FBMKHCDE_00217	MER0354941	24.868	189	123	8	44	216	11	196	1.75e-10	57.4
FBMKHCDE_00217	MER0034963	31.515	165	96	4	25	183	3	156	3.40e-10	58.5
FBMKHCDE_00217	MER0005836	22.843	197	127	4	28	210	10	195	2.74e-09	54.7
FBMKHCDE_00217	MER0192873	29.245	212	125	10	80	272	1	206	3.66e-09	54.3
FBMKHCDE_00217	MER0122661	25.214	234	163	7	46	275	17	242	6.51e-09	54.3
FBMKHCDE_00217	MER0011718	31.915	94	61	1	45	138	23	113	6.91e-08	51.2
FBMKHCDE_00217	MER0004154	21.752	331	211	11	50	360	22	324	2.64e-07	49.3
FBMKHCDE_00217	MER0005923	30.909	110	69	3	35	138	11	119	1.07e-06	47.8
FBMKHCDE_00217	MER0015683	22.613	199	140	5	19	212	15	204	2.71e-06	45.8
FBMKHCDE_00217	MER0356183	25.847	236	160	6	49	271	2	235	4.49e-06	45.1
