JCIOOHPH_00060	MER0000474	51.309	191	93	0	34	224	16	206	5.70e-74	220
JCIOOHPH_00060	MER0005687	48.515	202	99	1	20	221	11	207	1.41e-67	204
JCIOOHPH_00060	MER0004857	52.083	192	90	2	32	222	14	204	2.35e-65	198
JCIOOHPH_00060	MER0002299	50.270	185	92	0	36	220	12	196	1.13e-64	196
JCIOOHPH_00060	MER0002211	50.532	188	93	0	34	221	16	203	1.14e-64	196
JCIOOHPH_00060	MER0006046	47.619	189	99	0	33	221	15	203	4.78e-63	192
JCIOOHPH_00060	MER0004855	47.222	180	95	0	42	221	26	205	1.54e-57	178
JCIOOHPH_00060	MER0006063	46.703	182	97	0	40	221	23	204	6.34e-57	177
JCIOOHPH_00060	MER0004847	46.842	190	100	1	36	224	18	207	1.80e-52	165
JCIOOHPH_00060	MER0006056	48.795	166	84	1	59	224	46	210	2.39e-52	165
JCIOOHPH_00060	MER0004182	41.935	186	108	0	36	221	14	199	2.70e-47	152
JCIOOHPH_00060	MER0011666	43.195	169	94	1	55	221	17	185	3.36e-46	149
JCIOOHPH_00060	MER0006308	36.723	177	111	1	45	220	17	193	6.00e-43	140
JCIOOHPH_00060	MER0001369	38.750	80	47	1	77	156	53	130	2.13e-06	42.7
JCIOOHPH_00198	MER0002251	46.121	232	119	4	2	230	2	230	7.50e-68	205
JCIOOHPH_00198	MER0001335	36.957	230	138	4	1	227	1	226	4.41e-48	155
JCIOOHPH_00226	MER0002959	27.230	213	133	6	878	1079	75	276	6.53e-13	67.4
JCIOOHPH_00226	MER0011097	27.807	187	125	4	887	1068	79	260	1.08e-08	54.7
JCIOOHPH_00226	MER0011097	28.736	87	57	1	714	795	11	97	1.08e-06	48.5
JCIOOHPH_00258	MER0016067	26.941	219	116	8	181	361	23	235	2.55e-12	63.9
JCIOOHPH_00274	MER0056022	45.455	77	41	1	144	220	47	122	3.85e-14	64.7
JCIOOHPH_00274	MER0067221	36.047	86	48	4	141	220	4	88	2.24e-08	47.8
JCIOOHPH_00274	MER0056047	32.911	79	51	2	142	220	4	80	2.90e-08	47.0
JCIOOHPH_00274	MER0055284	30.263	76	52	1	145	220	8	82	1.63e-07	45.1
JCIOOHPH_00274	MER0056027	31.034	87	59	1	134	220	33	118	2.06e-06	42.7
JCIOOHPH_00285	MER0000471	24.176	455	288	11	31	451	4	435	7.33e-31	121
JCIOOHPH_00285	MER0000472	22.892	415	281	8	57	449	31	428	1.83e-23	99.4
JCIOOHPH_00285	MER0011571	20.267	449	287	12	33	448	6	416	7.46e-16	76.3
JCIOOHPH_00285	MER0026276	25.132	378	226	17	47	393	15	366	2.60e-10	58.9
JCIOOHPH_00294	MER0034582	27.576	330	203	11	605	919	12	320	1.26e-26	108
JCIOOHPH_00316	MER0492485	34.409	93	50	3	90	181	68	150	4.66e-06	42.0
