JPEHMHEN_00004	MER0001333	29.730	222	113	11	2	215	33	219	1.85e-13	65.5
JPEHMHEN_00004	MER0013458	27.049	122	73	4	74	194	54	160	8.23e-08	48.1
JPEHMHEN_00004	MER0005742	26.950	141	63	4	53	193	1	101	1.35e-07	45.4
JPEHMHEN_00005	MER0042387	33.333	186	110	7	74	251	1	180	7.57e-26	97.1
JPEHMHEN_00005	MER0031491	32.240	183	106	7	74	242	1	179	1.08e-23	91.7
JPEHMHEN_00005	MER0026496	26.715	277	164	11	1	249	3	268	8.01e-18	77.8
JPEHMHEN_00005	MER0026552	32.414	145	93	4	99	241	17	158	1.40e-17	74.7
JPEHMHEN_00005	MER0026545	25.490	255	154	10	26	254	26	270	1.06e-16	74.3
JPEHMHEN_00005	MER0002642	27.439	164	110	5	91	249	12	171	1.05e-10	56.2
JPEHMHEN_00005	MER0006292	28.571	161	97	8	100	248	21	175	2.93e-10	55.1
JPEHMHEN_00005	MER0002639	25.281	178	114	5	78	246	1	168	7.63e-08	48.1
JPEHMHEN_00009	MER0001243	40.400	250	147	2	5	252	3	252	7.58e-62	193
JPEHMHEN_00009	MER0005690	38.397	237	145	1	13	249	11	246	8.09e-54	172
JPEHMHEN_00009	MER0001342	37.652	247	154	0	3	249	1	247	3.27e-53	171
JPEHMHEN_00009	MER0015127	37.657	239	148	1	11	249	9	246	6.01e-48	157
JPEHMHEN_00009	MER0013929	34.413	247	161	1	5	251	3	248	1.16e-45	151
JPEHMHEN_00009	MER0015128	33.617	235	154	2	16	249	14	247	6.96e-45	149
JPEHMHEN_00009	MER0013589	35.391	243	156	1	7	249	1	242	1.03e-44	148
JPEHMHEN_00009	MER0013450	31.174	247	168	2	5	249	1	247	4.95e-44	147
JPEHMHEN_00009	MER0004931	26.389	216	142	6	6	215	4	208	1.03e-16	74.3
JPEHMHEN_00009	MER0010972	23.333	240	166	2	10	249	8	229	4.30e-16	72.8
JPEHMHEN_00009	MER0003880	29.348	184	115	4	35	214	25	197	2.06e-14	68.6
JPEHMHEN_00009	MER0024896	27.434	113	82	0	7	119	5	117	2.26e-13	66.6
JPEHMHEN_00009	MER0024896	24.503	151	99	4	123	259	332	481	4.95e-09	53.5
JPEHMHEN_00009	MER0011746	26.168	214	139	6	16	216	14	221	4.30e-12	62.0
JPEHMHEN_00009	MER0005462	23.600	250	164	4	3	251	1	224	7.91e-12	60.5
JPEHMHEN_00009	MER0004532	25.346	217	142	5	6	215	4	207	3.33e-09	52.8
JPEHMHEN_00009	MER0002038	25.466	161	113	4	75	233	69	224	7.92e-09	51.6
JPEHMHEN_00009	MER0001244	25.676	148	102	3	4	149	2	143	4.16e-08	50.1
JPEHMHEN_00009	MER0005715	23.039	204	143	6	7	205	5	199	3.91e-07	46.6
JPEHMHEN_00009	MER0013463	22.264	265	167	9	6	250	4	249	3.10e-06	44.3
JPEHMHEN_00073	MER0037236	27.273	253	158	6	40	269	11	260	4.16e-19	81.6
JPEHMHEN_00073	MER0004146	23.643	258	168	9	37	269	7	260	1.06e-14	69.3
JPEHMHEN_00073	MER0031611	23.016	252	157	7	44	265	35	279	9.01e-12	61.2
JPEHMHEN_00073	MER0036076	21.992	241	155	10	49	268	63	291	5.06e-09	52.8
JPEHMHEN_00073	MER0017193	21.708	281	154	8	40	276	17	275	2.81e-08	50.4
JPEHMHEN_00073	MER0036053	23.574	263	160	9	44	269	4	262	4.18e-08	50.1
JPEHMHEN_00073	MER0036067	25.424	177	113	5	108	267	114	288	5.14e-08	49.7
JPEHMHEN_00073	MER0036068	23.626	182	122	5	104	268	112	293	8.33e-08	49.3
JPEHMHEN_00073	MER0036073	22.709	251	151	8	49	270	80	316	2.26e-07	48.1
JPEHMHEN_00073	MER0044350	25.000	180	116	5	48	214	1	174	1.57e-06	45.1
JPEHMHEN_00073	MER0011509	29.630	108	68	3	48	148	38	144	4.67e-06	43.9
JPEHMHEN_00073	MER0036056	23.045	243	164	6	49	269	80	321	9.70e-06	43.1
