AJIFKFCO_00057	MER0017248	34.921	126	70	5	128	251	41	156	1.40e-10	58.5
AJIFKFCO_00057	MER0036038	34.375	128	72	3	141	268	15	130	7.55e-09	53.1
AJIFKFCO_00057	MER0036036	28.889	135	84	3	134	268	8	130	1.25e-06	46.6
AJIFKFCO_00057	MER0045479	30.000	130	79	5	143	272	17	134	2.22e-06	45.8
AJIFKFCO_00057	MER0017240	40.000	60	33	1	201	260	13	69	2.30e-06	44.7
AJIFKFCO_00057	MER0031565	30.645	124	74	4	141	264	15	126	3.22e-06	45.1
AJIFKFCO_00070	MER0011464	34.466	206	127	6	97	297	44	246	2.75e-27	108
AJIFKFCO_00070	MER0011461	33.981	206	127	6	97	297	46	247	4.67e-25	102
AJIFKFCO_00070	MER0030257	33.862	189	119	5	112	297	64	249	4.93e-25	102
AJIFKFCO_00070	MER0038831	35.233	193	119	5	112	301	64	253	5.27e-25	102
AJIFKFCO_00070	MER0038832	32.367	207	132	6	97	298	47	250	1.80e-23	97.4
AJIFKFCO_00070	MER0011487	31.325	249	144	10	64	291	1	243	1.41e-22	94.7
AJIFKFCO_00070	MER0029965	30.097	206	137	6	98	299	50	252	1.72e-22	94.7
AJIFKFCO_00070	MER0015338	29.808	208	138	7	95	297	49	253	1.77e-22	94.7
AJIFKFCO_00070	MER0005158	32.061	262	146	10	67	302	4	259	8.76e-22	92.8
AJIFKFCO_00070	MER0038822	34.225	187	117	5	112	295	26	209	1.95e-21	90.5
AJIFKFCO_00070	MER0011462	27.869	244	155	9	66	291	3	243	2.72e-21	90.9
AJIFKFCO_00070	MER0001911	31.905	210	129	8	95	299	38	238	1.22e-20	89.0
AJIFKFCO_00070	MER0015688	32.642	193	122	5	111	299	70	258	1.03e-19	86.7
AJIFKFCO_00070	MER0038833	30.348	201	132	6	97	292	47	244	4.28e-17	78.6
AJIFKFCO_00070	MER0038830	27.225	191	92	6	112	298	64	211	6.56e-10	56.6
AJIFKFCO_00072	MER0004775	38.060	670	394	5	30	694	5	658	2.03e-165	487
AJIFKFCO_00072	MER0011141	30.624	689	427	15	39	694	19	689	1.40e-102	325
AJIFKFCO_00072	MER0019832	30.495	646	427	9	50	694	24	648	4.47e-101	320
AJIFKFCO_00072	MER0001991	31.024	664	423	15	34	677	14	662	1.50e-100	320
AJIFKFCO_00072	MER0001056	29.985	677	435	13	39	694	19	677	7.70e-98	313
AJIFKFCO_00072	MER0002988	30.044	689	435	15	39	694	19	693	3.91e-97	311
AJIFKFCO_00072	MER0001050	30.846	697	425	17	39	694	19	699	8.21e-96	308
AJIFKFCO_00072	MER0011838	28.235	680	440	13	42	694	23	681	1.46e-94	304
AJIFKFCO_00072	MER0011159	30.073	685	429	17	39	694	19	682	3.68e-94	303
AJIFKFCO_00072	MER0013406	29.496	695	434	16	39	694	19	696	7.49e-93	300
AJIFKFCO_00072	MER0001058	30.840	655	410	14	50	694	5	626	5.02e-92	296
AJIFKFCO_00072	MER0005528	29.445	703	448	14	22	694	1	685	8.23e-91	294
AJIFKFCO_00072	MER0002350	30.143	700	417	19	42	694	22	696	1.57e-88	288
AJIFKFCO_00072	MER0019831	31.734	542	340	10	172	694	121	651	9.61e-88	285
AJIFKFCO_00072	MER0001059	30.287	558	364	8	50	599	6	546	1.31e-78	258
AJIFKFCO_00072	MER0002062	27.927	709	445	18	32	694	13	701	1.60e-77	259
AJIFKFCO_00072	MER0004762	28.326	699	436	18	36	694	16	689	7.90e-74	249
AJIFKFCO_00072	MER0002997	26.950	705	462	17	25	694	3	689	3.81e-73	247
AJIFKFCO_00072	MER0015175	25.672	744	446	26	39	694	26	750	4.12e-58	206
AJIFKFCO_00072	MER0002285	25.844	681	430	16	39	694	19	649	3.28e-57	202
AJIFKFCO_00072	MER0001365	29.094	574	326	21	180	694	180	731	5.38e-55	197
AJIFKFCO_00072	MER0038668	25.980	612	365	22	158	694	5	603	4.26e-49	179
AJIFKFCO_00072	MER0162857	31.609	348	213	8	369	694	402	746	2.47e-48	178
AJIFKFCO_00072	MER0001054	23.692	688	440	22	43	694	23	661	1.25e-45	169
AJIFKFCO_00072	MER0024834	37.500	184	104	6	518	694	2	181	3.89e-33	122
AJIFKFCO_00072	MER0004778	23.378	740	450	28	39	694	20	726	1.56e-31	127
AJIFKFCO_00072	MER0011433	24.771	545	358	19	163	683	151	667	6.79e-31	125
AJIFKFCO_00072	MER0011432	22.727	704	420	23	41	683	27	667	1.24e-29	121
AJIFKFCO_00072	MER0011430	22.999	687	437	25	42	694	29	657	1.72e-29	121
AJIFKFCO_00072	MER0011427	25.776	419	266	15	300	694	286	683	2.30e-28	117
AJIFKFCO_00072	MER0002987	27.405	343	214	12	354	677	237	563	3.69e-24	103
AJIFKFCO_00072	MER0026946	28.346	254	165	6	443	694	16	254	9.23e-24	98.2
AJIFKFCO_00072	MER0002993	26.937	271	165	8	364	607	314	578	4.63e-23	100
AJIFKFCO_00072	MER0011355	22.794	408	264	13	300	683	276	656	9.68e-23	100
AJIFKFCO_00072	MER0002990	25.000	312	215	8	393	694	345	647	3.65e-21	95.1
AJIFKFCO_00072	MER0004761	22.890	699	441	21	39	694	15	658	6.54e-21	94.4
AJIFKFCO_00072	MER0002991	23.932	702	444	29	41	694	21	680	3.43e-18	85.5
AJIFKFCO_00072	MER0002989	22.287	691	429	27	41	694	21	640	3.27e-17	82.4
AJIFKFCO_00072	MER0011429	24.290	317	210	10	384	683	347	650	5.34e-17	81.6
AJIFKFCO_00072	MER0011195	22.407	482	305	15	234	694	222	655	4.04e-16	79.0
AJIFKFCO_00072	MER0015181	21.345	342	250	9	351	683	304	635	1.18e-13	70.9
AJIFKFCO_00072	MER0002998	19.153	590	359	22	16	549	10	537	1.65e-12	67.4
AJIFKFCO_00072	MER0011306	29.054	148	88	3	491	636	466	598	1.78e-11	63.9
AJIFKFCO_00072	MER0004763	25.616	203	139	5	405	598	216	415	1.08e-10	61.2
AJIFKFCO_00072	MER0011151	31.667	60	41	0	488	547	187	246	7.71e-09	55.1
AJIFKFCO_00072	MER0011486	28.972	107	64	3	497	603	435	529	4.98e-07	49.7
AJIFKFCO_00072	MER0002999	38.710	62	38	0	491	552	455	516	6.33e-06	46.2
AJIFKFCO_00132	MER0897124	30.263	228	136	6	222	442	204	415	2.60e-19	86.7
AJIFKFCO_00132	MER0897124	29.293	99	67	1	80	178	147	242	3.54e-10	58.5
AJIFKFCO_00132	MER0897124	36.923	65	39	1	10	74	7	69	7.14e-06	44.7
AJIFKFCO_00132	MER0004468	27.948	229	142	6	221	442	203	415	8.48e-18	82.0
AJIFKFCO_00132	MER0004468	29.293	99	67	1	80	178	147	242	1.54e-09	56.2
AJIFKFCO_00132	MER0004468	36.923	65	39	1	10	74	7	69	6.66e-06	45.1
AJIFKFCO_00132	MER0004469	26.168	214	125	7	1	191	1	204	5.32e-16	76.3
AJIFKFCO_00132	MER0004469	24.121	199	120	7	234	409	162	352	1.20e-06	47.4
AJIFKFCO_00132	MER0004480	28.139	231	141	8	11	236	1	211	3.21e-14	70.1
AJIFKFCO_00132	MER0004474	28.972	107	69	3	14	120	89	188	1.61e-06	46.6
AJIFKFCO_00171	MER0281397	27.228	202	123	6	120	301	4	201	1.43e-16	74.7
AJIFKFCO_00171	MER0028284	29.412	136	77	5	120	247	55	179	1.73e-09	55.5
AJIFKFCO_00171	MER1143079	23.846	260	158	11	94	330	16	258	8.79e-08	50.1
AJIFKFCO_00171	MER0004090	21.667	360	198	14	82	364	17	369	1.39e-06	46.6
AJIFKFCO_00227	MER0034539	38.182	165	92	3	2	157	1	164	1.33e-26	104
AJIFKFCO_00227	MER0033254	29.119	261	157	12	2	247	1	248	3.48e-24	99.0
AJIFKFCO_00227	MER0011781	28.472	144	88	5	35	165	65	206	2.97e-10	57.8
AJIFKFCO_00227	MER0004101	28.169	142	87	5	37	165	68	207	1.55e-07	49.7
AJIFKFCO_00250	MER0069741	41.053	95	54	2	187	281	70	162	4.69e-21	85.1
AJIFKFCO_00250	MER0003380	29.255	188	108	6	117	281	46	231	1.02e-18	80.1
AJIFKFCO_00250	MER0003376	34.375	128	64	5	175	285	33	157	6.81e-18	76.3
AJIFKFCO_00250	MER0003906	39.048	105	57	3	187	285	1	104	3.89e-17	72.4
AJIFKFCO_00250	MER0005300	33.051	118	74	2	172	285	46	162	1.39e-15	69.7
AJIFKFCO_00250	MER0013541	34.884	86	55	1	187	272	1	85	4.89e-14	63.5
AJIFKFCO_00250	MER0003423	36.364	88	53	2	186	271	31	117	1.15e-11	58.5
AJIFKFCO_00250	MER0015415	31.897	116	72	4	161	272	37	149	9.09e-11	56.6
AJIFKFCO_00250	MER0001419	35.632	87	53	2	187	271	32	117	1.26e-10	55.5
AJIFKFCO_00250	MER0387040	30.693	101	66	3	187	285	1	99	6.41e-10	52.4
AJIFKFCO_00250	MER0066182	30.392	102	67	3	187	286	92	191	7.25e-10	54.7
AJIFKFCO_00250	MER0025070	29.412	102	64	2	182	275	1	102	3.65e-07	45.1
AJIFKFCO_00250	MER0388771	30.928	97	59	2	187	275	2	98	1.06e-06	43.9
AJIFKFCO_00282	MER0001297	41.401	157	89	1	191	347	3	156	4.95e-35	126
AJIFKFCO_00282	MER0003514	44.444	153	82	2	192	344	4	153	2.72e-34	124
AJIFKFCO_00282	MER0003413	41.333	150	86	1	192	341	4	151	1.99e-33	122
AJIFKFCO_00282	MER0001425	44.099	161	85	2	191	347	3	162	8.61e-33	120
AJIFKFCO_00282	MER0003065	41.333	150	85	2	192	341	4	150	2.53e-31	116
AJIFKFCO_00282	MER0015684	39.597	149	89	1	191	339	3	150	7.35e-30	112
AJIFKFCO_00282	MER0004196	40.506	158	91	3	189	345	1	156	1.31e-26	103
AJIFKFCO_00282	MER0005714	36.646	161	82	3	193	340	5	158	3.12e-24	96.7
AJIFKFCO_00282	MER0004195	31.847	157	101	2	191	345	3	155	7.53e-21	86.7
AJIFKFCO_00282	MER0001295	32.000	175	91	5	190	345	2	167	3.11e-18	79.7
AJIFKFCO_00284	MER0002755	27.273	154	97	5	327	468	50	200	1.90e-11	60.5
AJIFKFCO_00284	MER0001009	27.273	154	105	3	334	484	9	158	2.22e-11	60.5
AJIFKFCO_00284	MER0036308	27.219	169	108	4	312	468	39	204	2.57e-11	60.8
AJIFKFCO_00284	MER0005328	28.108	185	113	6	299	466	17	198	2.75e-10	57.0
AJIFKFCO_00284	MER0012283	28.859	149	99	3	327	468	60	208	1.23e-09	55.5
AJIFKFCO_00284	MER0001010	26.241	141	97	3	349	484	61	199	1.45e-09	55.1
AJIFKFCO_00284	MER0002281	29.545	176	101	7	311	468	41	211	1.58e-09	55.5
AJIFKFCO_00284	MER0002746	27.815	151	104	3	337	484	72	220	1.84e-09	55.5
AJIFKFCO_00284	MER0006264	25.000	144	101	3	327	463	27	170	3.07e-09	53.9
AJIFKFCO_00284	MER0011345	25.683	183	123	4	299	468	28	210	3.11e-09	54.7
AJIFKFCO_00284	MER0002003	22.165	194	132	6	301	475	24	217	3.43e-09	54.3
AJIFKFCO_00284	MER0019759	26.974	152	81	4	349	484	82	219	1.08e-08	53.1
AJIFKFCO_00284	MER0011440	22.798	193	117	6	302	469	19	204	1.53e-08	52.4
AJIFKFCO_00284	MER0004243	26.950	141	75	4	346	469	81	210	3.28e-08	51.2
AJIFKFCO_00284	MER0002968	25.758	132	96	2	349	478	87	218	4.24e-08	50.8
AJIFKFCO_00284	MER0000997	27.007	137	80	4	346	469	82	211	4.30e-08	50.8
AJIFKFCO_00284	MER0011369	23.313	163	112	4	309	468	66	218	5.81e-08	50.8
AJIFKFCO_00284	MER0019754	26.718	131	83	3	349	470	64	190	6.53e-08	50.1
AJIFKFCO_00284	MER0001003	28.333	180	108	6	314	474	7	184	1.79e-07	48.5
AJIFKFCO_00284	MER0091680	25.749	167	110	5	334	494	61	219	1.88e-07	48.9
AJIFKFCO_00284	MER0001017	24.848	165	88	6	327	468	60	211	2.82e-07	48.9
AJIFKFCO_00284	MER0001013	27.011	174	105	7	312	468	42	210	3.09e-07	48.9
AJIFKFCO_00284	MER0011438	30.909	110	58	5	295	389	15	121	4.45e-07	47.8
AJIFKFCO_00284	MER0005046	24.204	157	99	4	329	475	52	198	7.22e-07	47.0
AJIFKFCO_00284	MER0052595	25.547	137	91	2	349	477	89	222	8.42e-07	47.0
AJIFKFCO_00284	MER0002355	27.778	126	77	4	349	468	84	201	1.12e-06	46.6
AJIFKFCO_00284	MER0011423	26.241	141	89	5	336	467	72	206	2.91e-06	45.4
AJIFKFCO_00284	MER0011371	25.641	117	84	3	349	462	82	198	4.60e-06	44.7
AJIFKFCO_00284	MER0019096	24.186	215	129	8	300	497	1	198	7.43e-06	43.9
AJIFKFCO_00284	MER0002078	23.567	157	105	3	337	484	70	220	7.67e-06	44.3
AJIFKFCO_00285	MER0017009	35.545	211	119	6	289	488	115	319	2.07e-30	118
AJIFKFCO_00285	MER0017009	47.170	53	27	1	81	132	53	105	2.43e-06	46.6
AJIFKFCO_00285	MER0000332	37.551	245	119	7	233	476	22	233	8.44e-30	115
AJIFKFCO_00285	MER0028365	32.209	326	171	13	225	532	57	350	1.16e-25	105
AJIFKFCO_00285	MER0028365	41.892	74	41	2	58	131	41	112	2.25e-09	56.2
AJIFKFCO_00285	MER0077555	37.500	216	109	6	289	497	60	256	4.22e-25	101
AJIFKFCO_00285	MER0004690	30.255	314	174	11	238	523	39	335	8.17e-25	102
AJIFKFCO_00285	MER0004690	43.750	64	35	1	73	135	27	90	3.56e-08	52.4
AJIFKFCO_00285	MER0000310	38.614	202	107	7	288	487	60	246	2.19e-24	99.8
AJIFKFCO_00285	MER0002575	32.258	279	148	10	231	500	21	267	3.15e-24	99.4
AJIFKFCO_00285	MER0002565	31.502	273	154	6	235	506	65	305	7.20e-24	100
AJIFKFCO_00285	MER0005821	37.306	193	100	7	291	476	86	264	5.55e-22	95.5
AJIFKFCO_00285	MER0001521	37.379	206	112	7	284	487	57	247	6.47e-22	92.8
AJIFKFCO_00285	MER0001755	35.470	234	134	7	284	515	57	275	7.82e-22	92.4
AJIFKFCO_00285	MER0000313	37.379	206	112	7	284	487	57	247	1.01e-21	92.0
AJIFKFCO_00285	MER0000321	31.022	274	150	11	238	497	107	355	2.66e-21	92.4
AJIFKFCO_00285	MER0001928	35.814	215	115	8	286	497	57	251	3.07e-21	90.5
AJIFKFCO_00285	MER0001699	35.023	217	122	8	291	504	62	262	6.11e-21	89.7
AJIFKFCO_00285	MER0016978	35.622	233	107	9	285	490	72	288	7.20e-21	90.5
AJIFKFCO_00285	MER0054318	39.247	186	103	6	291	474	67	244	1.21e-20	89.7
AJIFKFCO_00285	MER0001523	36.893	206	113	7	284	487	57	247	2.59e-20	87.8
AJIFKFCO_00285	MER0000312	36.893	206	113	7	284	487	57	247	2.59e-20	87.8
AJIFKFCO_00285	MER0002057	32.283	254	126	8	279	490	90	339	3.29e-20	89.4
AJIFKFCO_00285	MER0000349	31.915	235	128	9	289	497	142	370	3.88e-20	89.4
AJIFKFCO_00285	MER0000315	35.349	215	118	8	285	497	56	251	5.29e-20	87.0
AJIFKFCO_00285	MER0001520	35.349	215	118	8	285	497	56	251	9.33e-20	86.3
AJIFKFCO_00285	MER0155676	31.786	280	129	12	251	494	99	352	1.57e-19	87.4
AJIFKFCO_00285	MER0000309	36.522	230	129	7	288	515	60	274	2.24e-19	85.1
AJIFKFCO_00285	MER0001906	34.884	215	119	8	285	497	56	251	2.56e-19	85.1
AJIFKFCO_00285	MER0000333	36.000	200	94	6	286	476	59	233	2.91e-19	84.7
AJIFKFCO_00285	MER0000320	34.529	223	126	8	291	506	69	278	5.38e-19	84.3
AJIFKFCO_00285	MER0001709	33.333	231	116	8	286	493	92	307	6.88e-19	84.7
AJIFKFCO_00285	MER0000316	34.722	216	116	8	278	487	44	240	8.29e-19	83.6
AJIFKFCO_00285	MER0081072	35.437	206	111	8	291	493	61	247	9.45e-19	82.8
AJIFKFCO_00285	MER0062058	36.726	226	121	7	289	504	59	272	1.47e-18	84.7
AJIFKFCO_00285	MER0062058	51.852	54	26	0	84	137	1	54	8.62e-11	60.8
AJIFKFCO_00285	MER0013656	35.323	201	111	6	291	490	61	243	1.97e-18	82.4
AJIFKFCO_00285	MER0002500	32.982	285	141	12	221	474	86	351	3.37e-18	83.6
AJIFKFCO_00285	MER0030016	30.797	276	151	11	230	493	29	276	8.38e-18	80.5
AJIFKFCO_00285	MER0000311	37.727	220	115	9	278	490	46	250	9.99e-18	80.5
AJIFKFCO_00285	MER0001725	34.348	230	132	6	270	493	78	294	1.11e-17	80.9
AJIFKFCO_00285	MER0000319	32.093	215	124	7	291	500	69	266	1.44e-17	80.1
AJIFKFCO_00285	MER0016697	35.426	223	100	8	285	478	92	299	1.93e-17	80.5
AJIFKFCO_00285	MER0000362	32.432	222	114	8	291	491	99	305	3.25e-17	79.7
AJIFKFCO_00285	MER0016983	33.088	272	123	13	234	478	20	259	4.13e-17	79.3
AJIFKFCO_00285	MER0000361	34.222	225	106	9	291	491	105	311	1.71e-16	77.8
AJIFKFCO_00285	MER0005931	35.043	234	128	7	271	497	9	225	1.93e-16	75.9
AJIFKFCO_00285	MER0000359	34.934	229	113	10	280	495	74	279	1.98e-16	77.0
AJIFKFCO_00285	MER0004085	33.484	221	110	9	291	488	96	302	3.97e-16	76.6
AJIFKFCO_00285	MER0014446	33.636	220	111	7	287	492	193	391	5.39e-16	77.0
AJIFKFCO_00285	MER0042897	39.437	213	111	9	284	493	59	256	7.63e-16	74.7
AJIFKFCO_00285	MER0002562	35.111	225	106	9	291	490	117	326	1.81e-15	74.7
AJIFKFCO_00285	MER0002516	31.687	243	124	10	257	491	56	264	2.12e-15	73.6
AJIFKFCO_00285	MER0161312	34.694	245	119	11	283	490	86	326	2.53e-15	74.3
AJIFKFCO_00285	MER0006074	32.701	211	112	8	291	491	82	272	2.64e-15	73.6
AJIFKFCO_00285	MER0002267	33.488	215	115	8	288	495	68	261	2.74e-15	73.2
AJIFKFCO_00285	MER0000326	31.136	273	136	11	227	491	24	252	3.94e-15	73.2
AJIFKFCO_00285	MER0006023	31.818	220	119	6	291	493	102	307	5.48e-15	73.2
AJIFKFCO_00285	MER0014744	33.790	219	115	7	288	487	92	299	6.94e-15	72.8
AJIFKFCO_00285	MER0013641	31.064	235	126	10	289	497	81	305	1.04e-14	72.8
AJIFKFCO_00285	MER0050309	31.050	219	119	10	290	495	46	245	1.96e-14	72.4
AJIFKFCO_00285	MER0003536	29.464	224	123	7	291	493	71	280	2.62e-14	70.5
AJIFKFCO_00285	MER0000358	31.304	230	116	11	271	487	59	259	4.80e-14	70.5
AJIFKFCO_00285	MER0005859	29.329	283	115	11	278	497	229	489	1.71e-13	69.3
AJIFKFCO_00285	MER0019280	33.486	218	120	8	291	493	73	280	1.79e-13	68.2
AJIFKFCO_00285	MER0016991	31.197	234	120	9	291	495	78	299	4.52e-13	67.4
AJIFKFCO_00285	MER0000356	32.367	207	102	8	288	479	86	269	6.96e-13	67.0
AJIFKFCO_00285	MER0004123	30.932	236	118	8	291	490	79	305	9.25e-13	66.2
AJIFKFCO_00285	MER0037258	30.085	236	139	9	279	493	65	295	1.08e-12	65.9
AJIFKFCO_00285	MER0000351	28.736	261	137	9	233	475	55	284	1.93e-12	64.7
AJIFKFCO_00285	MER0114485	27.915	283	143	11	232	474	64	325	2.10e-12	65.5
AJIFKFCO_00285	MER0004720	27.170	265	149	11	239	493	30	260	3.72e-12	63.9
AJIFKFCO_00285	MER0002790	34.112	214	115	5	291	487	1	205	3.81e-12	63.2
AJIFKFCO_00285	MER0016986	30.000	260	128	11	280	492	79	331	5.61e-12	63.9
AJIFKFCO_00285	MER0016688	30.603	232	115	10	291	490	74	291	1.60e-11	62.4
AJIFKFCO_00285	MER0003117	29.630	270	137	12	243	495	35	268	1.86e-11	62.0
AJIFKFCO_00285	MER0022415	26.848	257	153	9	247	491	40	273	2.05e-11	62.8
AJIFKFCO_00285	MER0014300	31.325	249	121	10	287	493	75	315	2.85e-11	62.0
AJIFKFCO_00285	MER0000338	30.698	215	116	8	288	493	69	259	2.91e-11	61.2
AJIFKFCO_00285	MER0028258	31.818	242	126	9	288	490	101	342	3.22e-11	62.0
AJIFKFCO_00285	MER0000325	30.682	264	136	12	239	492	27	253	4.01e-11	61.2
AJIFKFCO_00285	MER0024902	25.847	236	151	7	280	499	86	313	5.16e-11	60.8
AJIFKFCO_00285	MER0003020	29.921	254	103	9	288	476	223	466	1.03e-10	60.8
AJIFKFCO_00285	MER0000357	30.736	231	123	9	291	504	77	287	1.18e-10	59.7
AJIFKFCO_00285	MER0014085	25.292	257	139	9	289	493	85	340	1.22e-10	60.1
AJIFKFCO_00285	MER0005790	29.851	201	101	7	289	473	92	268	1.25e-10	58.9
AJIFKFCO_00285	MER0002764	35.263	190	96	10	288	472	86	253	1.81e-10	58.9
AJIFKFCO_00285	MER0006037	29.675	246	129	11	239	474	37	248	1.84e-10	58.9
AJIFKFCO_00285	MER0068994	25.926	324	162	10	246	512	80	382	1.90e-10	59.7
AJIFKFCO_00285	MER0000335	31.797	217	116	12	285	493	63	255	1.92e-10	58.5
AJIFKFCO_00285	MER0000353	27.843	255	133	9	233	469	106	327	2.60e-10	58.5
AJIFKFCO_00285	MER0005078	29.278	263	140	12	239	489	37	265	7.00e-10	57.0
AJIFKFCO_00285	MER0006297	28.395	243	139	11	277	491	250	485	8.48e-10	57.8
AJIFKFCO_00285	MER0000340	28.846	260	150	11	245	493	38	273	1.70e-09	55.8
AJIFKFCO_00285	MER0000347	26.697	221	144	6	290	497	118	333	2.24e-09	56.6
AJIFKFCO_00285	MER0004988	30.374	214	139	5	288	497	68	275	3.03e-09	55.1
AJIFKFCO_00285	MER0047718	26.829	246	124	10	284	474	65	309	3.17e-09	55.5
AJIFKFCO_00285	MER0000344	30.093	216	113	10	288	489	85	276	4.39e-09	54.7
AJIFKFCO_00285	MER0050310	27.897	233	125	12	291	502	102	312	8.70e-09	54.3
AJIFKFCO_00285	MER0067924	30.870	230	117	11	289	492	61	274	8.92e-09	53.5
AJIFKFCO_00285	MER0000389	28.992	238	129	8	289	493	75	305	1.25e-08	53.5
AJIFKFCO_00285	MER0087792	26.054	261	133	8	291	505	97	343	2.05e-08	53.1
AJIFKFCO_00285	MER0015431	26.255	259	137	9	289	493	84	342	2.44e-08	52.8
AJIFKFCO_00285	MER0006036	34.951	103	52	3	417	504	349	451	2.48e-08	53.1
AJIFKFCO_00285	MER0000329	24.727	275	116	9	291	490	76	334	3.09e-08	52.4
AJIFKFCO_00285	MER0000336	27.723	202	111	8	288	481	78	252	3.26e-08	52.0
AJIFKFCO_00285	MER0001467	31.250	96	46	3	422	497	245	340	1.19e-07	50.8
AJIFKFCO_00285	MER0002739	27.197	239	119	10	290	490	97	318	1.55e-07	50.4
AJIFKFCO_00285	MER0014465	35.000	100	51	3	404	491	347	444	2.66e-07	49.7
AJIFKFCO_00285	MER0000348	27.197	239	122	6	280	473	77	308	2.77e-07	49.3
AJIFKFCO_00285	MER0000328	30.542	203	98	11	291	476	72	248	3.62e-07	48.9
AJIFKFCO_00285	MER0001368	23.938	259	137	10	289	493	83	335	3.86e-07	48.9
AJIFKFCO_00285	MER0000350	25.506	247	128	7	291	491	90	326	4.04e-07	48.9
AJIFKFCO_00285	MER0025143	31.447	159	82	7	291	442	71	209	7.19e-07	47.8
AJIFKFCO_00285	MER0015433	34.118	85	43	2	422	493	350	434	8.51e-07	48.1
AJIFKFCO_00285	MER0014312	31.959	97	46	3	422	498	309	405	1.14e-06	47.8
AJIFKFCO_00285	MER0001454	27.368	95	51	2	424	500	240	334	1.35e-06	47.4
AJIFKFCO_00285	MER0003256	26.786	168	92	9	291	447	60	207	1.61e-06	46.6
AJIFKFCO_00285	MER0015436	31.579	114	61	5	422	527	351	455	2.47e-06	46.6
AJIFKFCO_00285	MER0000364	27.039	233	136	9	284	498	63	279	2.82e-06	45.8
AJIFKFCO_00285	MER0015438	30.380	79	42	2	428	493	372	450	3.10e-06	46.6
AJIFKFCO_00285	MER0080418	28.369	141	84	6	367	497	207	340	3.52e-06	45.8
AJIFKFCO_00285	MER0011813	32.000	100	48	2	422	501	344	443	4.24e-06	45.8
AJIFKFCO_00285	MER0002264	28.821	229	125	9	286	491	68	281	5.38e-06	45.1
AJIFKFCO_00285	MER0015428	25.490	255	144	9	285	493	79	333	5.43e-06	45.4
AJIFKFCO_00285	MER0014310	30.894	123	55	6	422	516	307	427	8.12e-06	45.1
AJIFKFCO_00285	MER0005760	29.787	94	48	3	422	497	246	339	8.75e-06	44.7
AJIFKFCO_00285	MER0055027	35.433	127	69	6	265	386	49	167	9.89e-06	44.7
AJIFKFCO_00293	MER0100667	30.233	215	127	6	91	297	12	211	2.19e-16	74.7
AJIFKFCO_00293	MER0194228	27.136	199	119	5	116	303	2	185	1.68e-12	62.8
AJIFKFCO_00293	MER0001290	33.121	157	85	3	40	191	46	187	2.14e-12	64.7
AJIFKFCO_00293	MER0001289	27.136	199	119	7	116	303	78	261	3.25e-12	63.2
AJIFKFCO_00293	MER0044627	27.320	194	95	8	115	279	16	192	9.64e-07	45.8
AJIFKFCO_00293	MER0032443	24.852	169	105	4	103	256	39	200	4.66e-06	44.7
AJIFKFCO_00340	MER0011781	23.860	285	151	13	38	320	17	237	7.88e-09	53.5
AJIFKFCO_00340	MER0004101	22.807	285	154	12	38	320	17	237	5.25e-07	48.1
AJIFKFCO_00340	MER0011806	21.479	284	159	12	38	320	17	237	9.09e-07	47.4
AJIFKFCO_00387	MER0001423	34.555	191	124	1	587	777	39	228	5.47e-35	130
AJIFKFCO_00387	MER0058228	30.705	241	159	6	549	785	6	242	2.02e-29	114
AJIFKFCO_00387	MER0004923	31.250	240	154	6	530	762	35	270	1.19e-28	113
AJIFKFCO_00387	MER0005994	30.645	248	154	6	525	762	2	241	2.63e-28	111
AJIFKFCO_00387	MER0011413	30.942	223	145	5	548	764	2	221	4.52e-28	110
AJIFKFCO_00387	MER0005196	32.370	173	115	1	563	735	37	207	3.70e-26	105
AJIFKFCO_00387	MER0013484	32.273	220	138	6	550	762	4	219	1.04e-25	103
AJIFKFCO_00387	MER0192427	28.390	236	157	5	533	763	49	277	9.10e-25	102
AJIFKFCO_00387	MER0004921	31.884	207	123	8	565	763	21	217	3.35e-23	96.3
AJIFKFCO_00387	MER0195666	32.386	176	108	4	592	761	43	213	3.02e-22	93.6
AJIFKFCO_00387	MER0005807	29.515	227	146	5	542	764	43	259	4.25e-21	90.9
AJIFKFCO_00387	MER0005987	28.497	193	131	5	597	785	73	262	4.57e-20	87.8
AJIFKFCO_00387	MER0000399	27.225	191	132	3	563	750	40	226	4.40e-19	84.7
AJIFKFCO_00387	MER0003558	28.495	186	115	3	591	764	62	241	6.79e-19	84.3
AJIFKFCO_00387	MER0004199	31.073	177	111	6	598	769	40	210	9.03e-19	82.8
AJIFKFCO_00387	MER0015682	27.740	292	168	12	511	778	31	303	2.56e-18	83.6
AJIFKFCO_00387	MER0000401	27.749	191	134	3	599	786	73	262	5.78e-18	81.6
AJIFKFCO_00387	MER0000403	23.106	264	185	6	530	786	11	263	6.52e-17	78.6
AJIFKFCO_00387	MER0018170	27.869	183	118	3	595	764	52	233	7.92e-17	77.8
AJIFKFCO_00387	MER0140224	28.899	218	125	6	576	778	33	235	1.70e-16	76.6
AJIFKFCO_00387	MER0011231	34.932	146	92	3	602	744	78	223	1.74e-16	77.0
AJIFKFCO_00387	MER0000405	28.431	204	138	4	562	762	48	246	3.91e-16	76.3
AJIFKFCO_00387	MER0000404	30.178	169	113	3	599	762	73	241	5.50e-16	75.9
AJIFKFCO_00387	MER0004504	28.729	181	123	3	568	745	20	197	7.28e-16	74.7
AJIFKFCO_00387	MER0017401	26.271	236	155	9	556	783	14	238	1.99e-15	73.6
AJIFKFCO_00387	MER0004193	30.822	146	98	3	602	744	53	198	2.37e-15	73.2
AJIFKFCO_00387	MER0001920	23.932	234	157	4	563	783	21	246	1.70e-14	70.9
AJIFKFCO_00387	MER0011305	27.976	168	115	5	602	764	70	236	2.74e-14	70.5
AJIFKFCO_00387	MER0000408	22.490	249	166	6	543	774	5	243	2.08e-13	67.8
AJIFKFCO_00387	MER0003361	26.718	131	93	2	643	771	107	236	4.50e-13	66.6
AJIFKFCO_00387	MER0126485	25.877	228	148	6	547	764	1	217	9.44e-13	65.5
AJIFKFCO_00387	MER0005988	31.193	109	73	2	655	762	2	109	3.97e-12	60.5
AJIFKFCO_00387	MER0030932	22.927	205	135	5	592	787	54	244	1.19e-07	50.4
AJIFKFCO_00387	MER0022823	26.061	165	117	4	523	686	1	161	1.97e-07	50.1
AJIFKFCO_00387	MER0005694	27.273	154	107	3	534	687	21	169	2.51e-07	49.7
AJIFKFCO_00387	MER0006027	22.791	215	142	7	563	763	33	237	3.61e-07	49.3
AJIFKFCO_00387	MER0034615	28.866	97	64	2	562	658	24	115	7.57e-07	48.1
AJIFKFCO_00387	MER0981959	24.841	157	111	4	540	695	16	166	2.26e-06	47.0
AJIFKFCO_00387	MER0016096	22.283	184	130	5	591	762	44	226	2.28e-06	46.6
AJIFKFCO_00387	MER0011583	31.000	100	61	2	562	660	23	115	9.45e-06	44.7
AJIFKFCO_00421	MER0000576	42.609	115	65	1	32	146	1	114	8.09e-34	112
AJIFKFCO_00421	MER0000569	37.719	114	69	2	32	144	1	113	3.11e-17	69.7
AJIFKFCO_00421	MER0006172	33.803	71	47	0	54	124	2	72	8.65e-09	46.6
AJIFKFCO_00428	MER0012158	38.938	339	133	11	2	268	1	337	1.13e-63	210
AJIFKFCO_00428	MER0003327	44.889	225	118	5	2	224	1	221	4.63e-58	192
AJIFKFCO_00428	MER0185695	41.071	224	122	4	2	218	1	221	3.32e-48	165
AJIFKFCO_00428	MER0003350	43.478	207	93	6	2	185	1	206	1.60e-47	162
AJIFKFCO_00428	MER0003322	41.748	206	95	5	2	182	1	206	7.47e-44	152
AJIFKFCO_00428	MER0011781	30.233	172	110	4	2	169	1	166	1.71e-13	67.4
AJIFKFCO_00428	MER0011806	30.636	173	109	6	2	169	1	167	5.27e-13	65.9
AJIFKFCO_00428	MER0004101	30.058	173	110	6	2	169	1	167	1.78e-12	64.3
AJIFKFCO_00428	MER0003314	31.507	146	85	5	2	134	1	144	2.24e-12	64.7
AJIFKFCO_00435	MER0014135	45.492	244	133	0	186	429	1	244	1.89e-77	239
AJIFKFCO_00439	MER0001313	25.926	189	90	7	9	197	15	153	6.26e-07	44.7
AJIFKFCO_00450	MER0003380	31.950	241	153	5	150	389	7	237	4.42e-38	135
AJIFKFCO_00450	MER0069741	35.220	159	97	4	234	389	13	168	2.15e-23	93.6
AJIFKFCO_00450	MER0066182	39.535	129	73	2	269	396	75	199	1.75e-21	89.0
AJIFKFCO_00450	MER0013541	44.706	85	47	0	290	374	1	85	1.27e-20	83.2
AJIFKFCO_00450	MER0387040	42.268	97	55	1	290	385	1	97	1.76e-19	80.5
AJIFKFCO_00450	MER0003423	37.255	102	62	2	290	389	32	133	4.50e-17	74.7
AJIFKFCO_00450	MER0001419	37.113	97	54	3	290	384	32	123	4.91e-17	74.7
AJIFKFCO_00450	MER0003376	40.000	110	49	4	290	383	45	153	1.64e-14	68.2
AJIFKFCO_00450	MER0003906	36.000	100	58	3	290	383	1	100	6.15e-13	62.0
AJIFKFCO_00450	MER0005300	37.634	93	58	0	291	383	66	158	4.30e-10	55.5
AJIFKFCO_00450	MER0015415	34.821	112	57	5	292	398	66	166	7.93e-10	54.7
AJIFKFCO_00450	MER0025070	31.818	110	62	5	288	384	4	113	8.85e-09	50.4
AJIFKFCO_00450	MER0388771	31.481	108	61	5	290	384	2	109	1.87e-08	49.3
AJIFKFCO_00465	MER0025086	56.098	123	44	3	230	342	1	123	1.30e-42	141
AJIFKFCO_00465	MER0029657	47.059	119	59	2	229	343	28	146	2.25e-26	99.8
AJIFKFCO_00465	MER0011122	35.862	145	71	8	219	342	3	146	3.49e-14	66.2
AJIFKFCO_00465	MER0002084	29.592	196	112	9	129	302	6	197	1.18e-06	45.8
AJIFKFCO_00469	MER0017069	30.599	317	218	2	35	350	4	319	1.29e-39	144
AJIFKFCO_00469	MER0026262	30.060	336	204	9	42	355	17	343	7.94e-34	128
AJIFKFCO_00469	MER0000457	25.786	318	224	7	41	355	21	329	2.37e-29	115
AJIFKFCO_00469	MER0011700	26.346	353	213	11	42	353	17	363	7.92e-24	100
AJIFKFCO_00469	MER1143079	28.720	289	183	8	48	335	17	283	6.85e-22	92.8
AJIFKFCO_00469	MER0003802	30.180	222	138	7	48	266	22	229	2.34e-21	92.0
AJIFKFCO_00469	MER0000459	27.476	313	208	14	38	338	20	325	3.58e-21	92.0
AJIFKFCO_00469	MER0002489	27.148	291	181	10	42	313	24	302	1.38e-20	90.1
AJIFKFCO_00469	MER0028284	27.532	316	190	12	42	337	17	313	6.39e-20	88.2
AJIFKFCO_00469	MER0140154	23.145	337	223	10	42	342	2	338	1.00e-18	84.3
AJIFKFCO_00469	MER0219770	26.688	311	195	9	30	321	3	299	2.46e-17	79.7
AJIFKFCO_00469	MER0005964	25.789	190	127	5	76	262	55	233	3.45e-17	80.1
AJIFKFCO_00469	MER0004090	27.094	203	127	6	28	213	10	208	1.31e-14	72.4
AJIFKFCO_00469	MER0005836	25.991	227	141	7	38	250	22	235	1.38e-14	70.9
AJIFKFCO_00469	MER0005923	34.821	112	68	1	30	136	12	123	2.96e-13	68.6
AJIFKFCO_00469	MER0005925	25.439	228	130	9	42	246	18	228	6.54e-13	67.0
AJIFKFCO_00469	MER0000463	25.205	365	211	15	32	354	7	351	6.99e-13	67.0
AJIFKFCO_00469	MER0192873	29.327	208	110	11	79	260	2	198	1.13e-11	61.6
AJIFKFCO_00469	MER0354941	25.263	190	121	6	42	214	11	196	5.62e-11	58.9
AJIFKFCO_00469	MER0006204	27.027	185	118	6	48	218	27	208	8.40e-11	60.5
AJIFKFCO_00469	MER0122661	28.859	149	90	4	75	217	50	188	9.70e-11	60.1
AJIFKFCO_00469	MER0003800	23.256	215	145	8	19	214	3	216	1.78e-08	53.5
AJIFKFCO_00469	MER0015683	27.041	196	127	7	23	211	19	205	1.95e-08	52.8
AJIFKFCO_00469	MER0356183	25.974	231	138	12	53	260	8	228	9.78e-08	50.1
AJIFKFCO_00469	MER0034964	25.625	160	92	4	43	191	23	166	5.19e-06	45.4
AJIFKFCO_00483	MER0004146	31.667	120	76	3	6	119	4	123	1.49e-13	65.5
AJIFKFCO_00483	MER0036053	28.662	157	105	3	16	168	4	157	2.14e-13	65.1
AJIFKFCO_00483	MER0037236	30.159	126	75	3	7	123	6	127	2.21e-12	62.0
AJIFKFCO_00483	MER0017193	25.957	235	153	8	7	225	12	241	3.43e-12	61.6
AJIFKFCO_00483	MER0017177	29.167	120	82	2	2	118	16	135	3.62e-12	62.0
AJIFKFCO_00483	MER0031611	24.911	281	171	12	5	256	21	290	1.14e-10	57.4
AJIFKFCO_00483	MER0044581	29.412	119	77	3	19	130	70	188	1.17e-10	57.8
AJIFKFCO_00483	MER0026339	30.000	170	106	5	2	159	4	172	3.25e-10	55.8
AJIFKFCO_00483	MER0014065	22.727	132	96	2	6	131	16	147	6.28e-10	55.5
AJIFKFCO_00483	MER0035044	29.703	101	62	2	8	99	14	114	1.01e-09	54.7
AJIFKFCO_00483	MER0035032	32.584	89	53	2	19	100	30	118	1.81e-09	53.9
AJIFKFCO_00483	MER0044578	31.731	104	60	3	21	115	74	175	2.05e-09	53.9
AJIFKFCO_00483	MER0036072	25.373	134	87	3	18	143	78	206	2.17e-09	53.9
AJIFKFCO_00483	MER0036084	25.517	145	97	4	11	144	9	153	2.26e-09	53.5
AJIFKFCO_00483	MER0036115	31.731	104	65	2	18	117	33	134	2.52e-09	53.5
AJIFKFCO_00483	MER0017142	26.190	168	108	5	9	172	2	157	6.07e-09	52.0
AJIFKFCO_00483	MER0035038	28.571	91	63	1	19	107	29	119	7.70e-09	52.0
AJIFKFCO_00483	MER0213829	30.702	114	71	3	19	124	48	161	1.03e-08	52.0
AJIFKFCO_00483	MER0044633	27.407	135	88	4	13	137	62	196	1.16e-08	51.6
AJIFKFCO_00483	MER0036075	30.556	108	71	3	12	115	62	169	4.93e-08	49.7
AJIFKFCO_00483	MER0213280	26.364	110	75	2	19	122	29	138	8.88e-08	48.9
AJIFKFCO_00483	MER0036054	35.065	77	49	1	19	94	15	91	1.22e-07	48.5
AJIFKFCO_00483	MER0031617	20.229	262	171	8	16	248	30	282	1.30e-07	48.5
AJIFKFCO_00483	MER0035043	30.435	92	62	1	20	109	35	126	3.13e-07	47.4
AJIFKFCO_00483	MER0210990	28.346	127	77	2	43	167	54	168	4.49e-07	47.0
AJIFKFCO_00483	MER0048002	23.954	263	173	9	22	257	81	343	9.15e-07	46.2
AJIFKFCO_00483	MER0035035	24.324	111	75	2	7	108	15	125	9.26e-07	45.8
AJIFKFCO_00483	MER0036065	29.524	105	67	1	19	116	1	105	1.39e-06	45.1
AJIFKFCO_00483	MER0031619	26.214	103	74	1	19	119	27	129	2.17e-06	44.7
AJIFKFCO_00483	MER0035973	23.383	201	142	3	20	215	56	249	5.12e-06	43.5
AJIFKFCO_00483	MER0011785	27.692	130	85	3	21	141	36	165	6.57e-06	43.5
AJIFKFCO_00483	MER0044350	25.532	94	63	2	20	108	1	92	7.54e-06	43.1
AJIFKFCO_00486	MER0001244	40.304	263	142	6	157	407	2	261	1.73e-57	186
AJIFKFCO_00486	MER0013463	36.842	266	147	6	156	407	1	259	2.98e-51	170
AJIFKFCO_00486	MER0001733	29.897	291	161	4	158	407	3	291	6.28e-43	149
AJIFKFCO_00486	MER0028601	33.455	275	147	11	158	407	3	266	4.55e-42	146
AJIFKFCO_00486	MER0005462	33.054	239	134	5	156	390	1	217	3.05e-35	127
AJIFKFCO_00486	MER0004532	33.898	236	129	6	157	388	2	214	5.70e-35	126
AJIFKFCO_00486	MER0004931	31.092	238	138	5	157	390	2	217	6.16e-33	120
AJIFKFCO_00486	MER0001248	32.677	254	113	9	204	407	7	252	5.04e-30	113
AJIFKFCO_00486	MER0005715	30.677	251	138	7	157	401	2	222	1.23e-26	103
AJIFKFCO_00486	MER0001250	28.188	298	146	11	158	401	3	286	1.57e-21	90.9
AJIFKFCO_00486	MER0002038	26.400	250	144	9	157	394	2	223	4.49e-17	77.0
AJIFKFCO_00486	MER0016544	30.653	199	102	8	210	395	81	256	2.06e-14	70.1
AJIFKFCO_00486	MER0027437	24.490	245	144	9	156	382	1	222	8.52e-14	67.8
AJIFKFCO_00486	MER0002039	29.947	187	99	7	211	388	62	225	2.13e-11	60.8
AJIFKFCO_00486	MER0013929	26.619	139	96	3	160	293	5	142	5.33e-08	50.4
AJIFKFCO_00493	MER0039993	39.888	712	371	15	22	692	1	696	7.23e-164	485
AJIFKFCO_00493	MER0014366	36.917	707	402	10	15	692	21	712	3.04e-150	450
AJIFKFCO_00493	MER0217397	37.771	691	376	11	40	692	5	679	1.23e-149	447
AJIFKFCO_00493	MER0501051	40.927	259	144	5	21	275	3	256	1.42e-55	192
AJIFKFCO_00493	MER0501051	42.568	148	83	2	545	691	253	399	1.12e-29	119
AJIFKFCO_00529	MER0237414	22.581	217	155	6	48	253	3	217	8.74e-14	68.6
AJIFKFCO_00529	MER0003448	27.948	229	143	10	45	260	1	220	3.29e-11	60.5
AJIFKFCO_00529	MER0390687	29.839	124	82	3	78	196	27	150	1.17e-07	48.9
AJIFKFCO_00529	MER0039456	26.761	213	133	10	45	240	1	207	2.55e-06	45.8
AJIFKFCO_00530	MER0195774	32.768	177	119	0	30	206	1	177	2.95e-32	117
AJIFKFCO_00530	MER0003448	25.604	207	151	2	30	235	2	206	2.33e-14	69.3
AJIFKFCO_00530	MER0001229	24.519	208	154	3	30	236	2	207	3.74e-14	68.2
AJIFKFCO_00530	MER0001233	27.727	220	134	8	30	233	2	212	4.90e-14	68.6
AJIFKFCO_00530	MER0043985	24.519	208	154	3	30	236	2	207	6.19e-14	68.2
AJIFKFCO_00530	MER0004423	29.508	183	119	5	66	245	33	208	2.73e-13	65.9
AJIFKFCO_00530	MER0122186	31.496	127	86	1	24	149	16	142	2.22e-12	62.8
AJIFKFCO_00530	MER0001214	27.922	154	109	2	24	176	20	172	1.07e-11	60.5
AJIFKFCO_00530	MER0001218	28.934	197	123	7	22	206	18	209	1.88e-11	60.5
AJIFKFCO_00530	MER0003543	23.529	204	154	2	30	233	2	203	4.68e-10	56.2
AJIFKFCO_00530	MER0015259	26.543	162	113	5	30	188	26	184	1.29e-09	55.1
AJIFKFCO_00530	MER0188967	23.221	267	169	9	66	304	3	261	1.61e-09	56.2
AJIFKFCO_00530	MER0002283	39.130	92	52	3	24	112	20	110	2.58e-09	53.9
AJIFKFCO_00530	MER0002008	24.651	215	135	7	30	230	2	203	2.66e-09	54.3
AJIFKFCO_00530	MER0003386	34.066	91	58	2	24	112	20	110	1.11e-08	52.0
AJIFKFCO_00530	MER0002423	37.349	83	51	1	29	110	25	107	1.12e-08	52.0
AJIFKFCO_00530	MER0011744	26.506	166	106	5	30	187	26	183	1.87e-08	51.6
AJIFKFCO_00530	MER0011096	26.506	166	106	5	30	187	26	183	3.15e-08	50.8
AJIFKFCO_00530	MER0003823	33.673	98	62	3	20	114	15	112	4.06e-08	50.4
AJIFKFCO_00530	MER0169735	23.158	190	136	3	25	206	11	198	4.79e-08	50.1
AJIFKFCO_00530	MER0390687	22.156	167	129	1	37	203	1	166	8.15e-08	48.9
AJIFKFCO_00530	MER0001222	22.751	189	138	4	24	206	20	206	9.86e-08	49.3
AJIFKFCO_00530	MER0142407	22.472	267	174	8	66	305	4	264	1.57e-07	49.7
AJIFKFCO_00530	MER0002345	33.333	93	60	2	24	114	20	112	3.32e-07	47.8
AJIFKFCO_00530	MER0011192	26.316	133	93	4	56	184	7	138	3.32e-07	47.0
AJIFKFCO_00530	MER0015090	21.359	206	158	3	30	234	2	204	4.16e-07	47.8
AJIFKFCO_00530	MER0011292	22.353	170	125	5	46	209	64	232	8.34e-07	46.6
AJIFKFCO_00530	MER0170820	32.911	79	52	1	41	118	8	86	1.05e-06	46.2
AJIFKFCO_00530	MER0001220	24.103	195	123	7	55	233	9	194	1.37e-06	45.8
AJIFKFCO_00530	MER0001413	25.962	104	75	2	30	132	30	132	7.53e-06	42.7
AJIFKFCO_00574	MER0005767	27.035	344	211	9	28	370	1	305	7.83e-34	125
AJIFKFCO_00574	MER0030136	23.020	404	278	14	6	386	2	395	4.52e-15	73.6
AJIFKFCO_00574	MER0030143	22.750	400	284	13	6	386	2	395	7.80e-14	69.7
AJIFKFCO_00574	MER0030151	22.306	399	287	12	6	386	2	395	2.94e-12	64.7
AJIFKFCO_00574	MER0015112	22.716	405	282	15	6	386	2	399	4.96e-11	60.8
AJIFKFCO_00574	MER0030155	21.250	400	290	12	6	386	2	395	8.12e-09	53.9
AJIFKFCO_00606	MER0014140	45.455	44	24	0	155	198	195	238	6.24e-06	44.7
AJIFKFCO_00624	MER0026494	32.292	480	299	8	1	462	4	475	3.94e-77	245
AJIFKFCO_00624	MER0026471	31.134	485	296	10	1	459	5	477	4.74e-71	230
AJIFKFCO_00624	MER0015142	30.642	483	303	11	1	461	33	505	8.80e-69	224
AJIFKFCO_00624	MER0052470	25.789	380	242	12	80	440	85	443	2.25e-23	99.4
AJIFKFCO_00624	MER0003397	34.694	196	109	6	16	198	19	208	7.49e-23	95.5
AJIFKFCO_00624	MER0003397	29.703	101	68	1	362	462	213	310	7.22e-11	60.1
AJIFKFCO_00624	MER0026485	31.776	214	123	7	1	198	1	207	9.52e-22	92.4
AJIFKFCO_00624	MER0026485	34.831	89	58	0	362	450	212	300	1.24e-11	62.4
AJIFKFCO_00624	MER0057434	31.220	205	121	6	7	198	2	199	9.15e-20	86.3
AJIFKFCO_00624	MER0057434	28.431	102	70	1	360	461	202	300	1.20e-07	50.1
AJIFKFCO_00624	MER0001272	31.373	102	59	3	80	176	60	155	1.34e-07	49.7
AJIFKFCO_00628	MER0004146	26.829	287	153	12	42	302	5	260	7.13e-19	81.6
AJIFKFCO_00628	MER0033259	24.468	282	178	9	34	310	9	260	3.71e-16	73.9
AJIFKFCO_00628	MER0037236	26.296	270	173	10	44	303	8	261	2.81e-15	71.2
AJIFKFCO_00628	MER0036053	35.185	108	69	1	48	155	1	107	5.04e-15	70.5
AJIFKFCO_00628	MER0036054	25.088	283	153	9	54	301	14	272	6.12e-15	70.5
AJIFKFCO_00628	MER0011785	23.129	294	173	9	35	293	19	294	4.44e-13	65.5
AJIFKFCO_00628	MER0031616	28.788	132	86	2	32	155	11	142	7.98e-13	64.7
AJIFKFCO_00628	MER0014065	22.769	325	173	13	42	303	19	328	5.97e-12	62.4
AJIFKFCO_00628	MER0017193	23.571	280	186	9	42	309	12	275	8.05e-12	61.6
AJIFKFCO_00628	MER0044581	31.356	118	74	3	43	153	58	175	1.42e-11	61.2
AJIFKFCO_00628	MER0031614	21.111	270	189	7	45	309	72	322	1.64e-11	60.8
AJIFKFCO_00628	MER0036076	25.287	261	158	10	49	298	54	288	4.79e-11	59.3
AJIFKFCO_00628	MER0026339	22.944	231	161	8	39	257	6	231	4.97e-11	58.9
AJIFKFCO_00628	MER0011509	30.097	103	68	1	57	155	39	141	6.89e-11	58.9
AJIFKFCO_00628	MER0044578	29.851	134	81	4	33	153	44	177	1.16e-10	58.5
AJIFKFCO_00628	MER0036065	22.305	269	172	8	56	302	2	255	1.48e-10	57.4
AJIFKFCO_00628	MER0017033	21.687	249	168	6	57	297	65	294	1.53e-10	57.8
AJIFKFCO_00628	MER0031617	25.949	158	102	4	42	184	19	176	1.84e-10	57.4
AJIFKFCO_00628	MER0031611	21.561	269	179	7	56	309	39	290	2.08e-10	57.4
AJIFKFCO_00628	MER0033249	25.688	109	78	2	57	162	35	143	1.52e-09	53.9
AJIFKFCO_00628	MER0035041	22.500	280	172	11	34	302	22	267	1.63e-09	54.7
AJIFKFCO_00628	MER0036075	32.520	123	76	6	36	153	51	171	1.93e-09	54.7
AJIFKFCO_00628	MER0017142	21.645	231	146	7	44	259	2	212	2.80e-09	53.5
AJIFKFCO_00628	MER0035032	30.357	112	73	2	55	161	30	141	7.30e-09	52.8
AJIFKFCO_00628	MER0036072	28.244	131	81	4	30	152	59	184	7.99e-09	52.8
AJIFKFCO_00628	MER0043008	28.037	107	71	2	51	152	16	121	1.90e-08	51.2
AJIFKFCO_00628	MER0036057	21.200	250	170	8	56	297	62	292	4.02e-08	50.4
AJIFKFCO_00628	MER0036069	28.889	135	83	4	29	150	46	180	4.61e-08	50.4
AJIFKFCO_00628	MER0044350	29.412	102	69	1	57	155	2	103	5.01e-08	50.1
AJIFKFCO_00628	MER0036084	22.420	281	172	12	51	312	14	267	6.67e-08	49.7
AJIFKFCO_00628	MER0030163	29.032	124	72	2	48	155	9	132	9.89e-08	49.3
AJIFKFCO_00628	MER0036068	19.697	264	181	9	50	300	47	292	1.08e-07	49.3
AJIFKFCO_00628	MER0036059	28.319	113	66	2	57	154	46	158	1.21e-07	49.3
AJIFKFCO_00628	MER0036115	22.464	138	101	3	20	155	3	136	1.31e-07	48.9
AJIFKFCO_00628	MER0017177	26.724	116	79	5	35	145	12	126	2.31e-07	48.1
AJIFKFCO_00628	MER0003280	29.091	110	73	3	47	151	18	127	3.07e-07	47.8
AJIFKFCO_00628	MER0031653	37.333	75	41	1	104	172	159	233	4.09e-07	47.8
AJIFKFCO_00628	MER0035038	28.866	97	67	1	55	149	29	125	8.82e-07	46.6
AJIFKFCO_00628	MER0031610	26.271	118	81	4	56	169	54	169	1.46e-06	45.8
AJIFKFCO_00628	MER0031645	24.265	136	67	3	58	157	95	230	1.48e-06	46.2
AJIFKFCO_00628	MER0031619	28.866	97	67	1	57	151	29	125	1.77e-06	45.4
AJIFKFCO_00628	MER0035044	28.000	125	85	3	28	149	6	128	2.25e-06	45.1
AJIFKFCO_00628	MER0036049	28.571	119	73	5	46	153	17	134	3.24e-06	44.7
AJIFKFCO_00628	MER0035035	35.065	77	48	2	55	129	34	110	5.25e-06	43.9
AJIFKFCO_00628	MER0035973	20.377	265	181	8	46	303	46	287	5.31e-06	43.9
AJIFKFCO_00628	MER0214939	33.077	130	72	7	55	170	2	130	7.77e-06	43.1
AJIFKFCO_00628	MER0183709	33.058	121	72	4	45	156	23	143	9.92e-06	43.1
AJIFKFCO_00631	MER0031614	27.344	256	157	9	20	259	80	322	5.34e-18	79.0
AJIFKFCO_00631	MER0014065	38.835	103	59	2	20	119	31	132	2.78e-17	77.0
AJIFKFCO_00631	MER0036057	34.074	135	82	2	23	150	62	196	6.72e-17	75.5
AJIFKFCO_00631	MER0017033	37.374	99	61	1	23	120	64	162	2.27e-16	73.9
AJIFKFCO_00631	MER0036073	26.103	272	167	9	4	253	57	316	1.06e-15	72.4
AJIFKFCO_00631	MER0036066	27.668	253	148	11	24	253	1	241	1.20e-14	68.6
AJIFKFCO_00631	MER0036056	27.236	246	160	7	24	253	80	322	1.32e-14	69.3
AJIFKFCO_00631	MER0033259	38.053	113	65	3	10	117	18	130	7.63e-14	66.6
AJIFKFCO_00631	MER0036115	25.532	282	158	11	18	260	31	299	2.55e-13	65.5
AJIFKFCO_00631	MER0036069	26.054	261	167	10	18	260	75	327	4.63e-13	65.1
AJIFKFCO_00631	MER0036053	29.091	110	78	0	24	133	9	118	2.29e-12	62.4
AJIFKFCO_00631	MER0004146	24.074	270	167	9	8	252	4	260	2.60e-12	62.0
AJIFKFCO_00631	MER0043008	29.661	118	79	1	11	124	9	126	2.66e-12	62.0
AJIFKFCO_00631	MER0031617	26.724	116	82	2	10	122	20	135	3.53e-12	62.0
AJIFKFCO_00631	MER0036076	27.160	243	148	11	24	251	63	291	7.43e-12	61.2
AJIFKFCO_00631	MER0026339	25.769	260	166	9	14	252	14	267	8.22e-12	60.8
AJIFKFCO_00631	MER0035973	33.333	99	65	1	24	121	57	155	1.03e-11	60.5
AJIFKFCO_00631	MER0031610	24.901	253	166	8	24	259	55	300	1.31e-11	60.5
AJIFKFCO_00631	MER0031619	30.000	140	96	1	24	161	29	168	2.38e-11	59.7
AJIFKFCO_00631	MER0017177	28.070	114	78	3	10	120	22	134	6.40e-11	58.5
AJIFKFCO_00631	MER0017142	30.973	113	73	2	14	126	5	112	1.70e-10	56.6
AJIFKFCO_00631	MER0035041	31.967	122	76	3	12	126	33	154	1.71e-10	57.0
AJIFKFCO_00631	MER0036067	30.769	104	71	1	19	121	47	150	1.89e-10	57.0
AJIFKFCO_00631	MER0210990	31.056	161	87	4	14	151	3	162	3.18e-10	56.6
AJIFKFCO_00631	MER0037236	24.101	278	152	9	10	252	7	260	4.11e-10	55.8
AJIFKFCO_00631	MER0036072	27.523	109	71	1	22	122	79	187	7.70e-10	55.5
AJIFKFCO_00631	MER0031611	22.433	263	180	9	18	261	35	292	8.39e-10	55.1
AJIFKFCO_00631	MER0036064	24.876	201	146	3	19	214	23	223	1.16e-09	54.3
AJIFKFCO_00631	MER0044350	28.378	148	88	5	24	166	2	136	1.18e-09	54.3
AJIFKFCO_00631	MER0011509	31.481	108	70	1	16	119	31	138	9.85e-09	52.0
AJIFKFCO_00631	MER0036084	23.684	114	77	2	18	124	14	124	1.09e-08	51.6
AJIFKFCO_00631	MER0036068	30.303	99	68	1	24	121	54	152	4.58e-08	49.7
AJIFKFCO_00631	MER0017193	34.694	98	61	3	6	101	9	105	5.47e-08	49.7
AJIFKFCO_00631	MER0183709	30.841	107	66	3	21	119	33	139	2.89e-07	47.4
AJIFKFCO_00631	MER0003537	22.989	261	174	9	24	259	24	282	4.98e-07	46.6
AJIFKFCO_00631	MER0003280	30.357	112	73	3	14	120	18	129	7.57e-07	46.2
AJIFKFCO_00631	MER0036054	28.846	104	72	2	24	125	17	120	4.93e-06	43.5
AJIFKFCO_00631	MER0035032	29.703	101	65	2	20	116	28	126	5.37e-06	43.5
AJIFKFCO_00652	MER0066178	23.558	208	137	7	142	343	5	196	2.82e-10	58.5
AJIFKFCO_00670	MER0017367	27.778	216	139	7	65	273	15	220	1.82e-15	70.5
AJIFKFCO_00670	MER0017244	25.000	228	151	7	54	273	46	261	8.22e-14	66.6
AJIFKFCO_00670	MER0034962	28.049	164	110	5	109	270	63	220	8.73e-14	65.9
AJIFKFCO_00670	MER0017248	24.242	264	169	11	10	256	4	253	2.45e-13	65.5
AJIFKFCO_00670	MER0017375	24.623	199	133	7	82	273	32	220	3.40e-12	61.2
AJIFKFCO_00670	MER0017353	25.126	199	132	7	82	273	32	220	6.77e-12	60.5
AJIFKFCO_00670	MER0031566	26.087	230	147	9	51	270	1	217	7.39e-12	60.5
AJIFKFCO_00670	MER0035185	27.473	182	120	6	82	259	32	205	8.13e-12	60.5
AJIFKFCO_00670	MER0033244	32.418	182	99	9	82	242	32	210	1.21e-11	60.1
AJIFKFCO_00670	MER0017250	26.190	210	132	9	71	270	21	217	1.40e-11	59.7
AJIFKFCO_00670	MER0017371	25.248	202	134	7	79	273	29	220	1.73e-11	59.3
AJIFKFCO_00670	MER0017368	28.272	191	103	8	78	242	28	210	1.75e-11	59.7
AJIFKFCO_00670	MER0017239	23.929	280	185	9	17	273	32	306	1.89e-11	60.1
AJIFKFCO_00670	MER0017378	22.944	231	142	9	71	273	21	243	3.45e-11	58.9
AJIFKFCO_00670	MER0017256	26.190	210	132	9	71	270	60	256	3.81e-11	58.9
AJIFKFCO_00670	MER0017246	25.641	195	122	6	56	229	54	246	9.50e-11	58.2
AJIFKFCO_00670	MER0017243	25.714	175	101	7	77	226	95	265	1.05e-10	58.2
AJIFKFCO_00670	MER0017240	28.824	170	108	6	114	273	13	179	2.70e-10	55.5
AJIFKFCO_00670	MER0031558	27.059	170	100	6	82	229	53	220	3.12e-10	56.2
AJIFKFCO_00670	MER0031568	25.481	208	136	9	71	270	21	217	1.17e-09	53.9
AJIFKFCO_00670	MER0031564	26.214	206	131	9	69	265	19	212	3.37e-09	52.8
AJIFKFCO_00670	MER0017373	25.000	204	130	9	53	246	3	193	1.83e-08	50.1
AJIFKFCO_00670	MER0017374	23.377	231	154	9	50	270	21	238	2.43e-08	50.4
AJIFKFCO_00670	MER0017377	22.747	233	153	9	53	273	3	220	2.62e-07	47.4
AJIFKFCO_00670	MER0017242	32.203	118	76	3	55	169	53	169	1.61e-06	45.1
AJIFKFCO_00682	MER0001423	69.397	232	71	0	489	720	1	232	4.52e-118	351
AJIFKFCO_00682	MER0000399	43.346	263	137	7	468	724	3	259	1.45e-67	220
AJIFKFCO_00682	MER0000401	40.996	261	147	4	468	724	4	261	1.87e-63	209
AJIFKFCO_00682	MER0005196	40.870	230	135	1	490	719	22	250	4.38e-59	197
AJIFKFCO_00682	MER0058228	40.664	241	140	3	486	724	3	242	2.02e-58	195
AJIFKFCO_00682	MER0000405	38.235	272	147	8	468	724	4	269	2.10e-58	196
AJIFKFCO_00682	MER0011305	43.038	237	126	6	493	724	23	255	2.80e-54	184
AJIFKFCO_00682	MER0004504	39.914	233	132	4	493	718	2	233	1.32e-52	179
AJIFKFCO_00682	MER0005987	37.165	261	151	7	470	721	3	259	1.43e-52	180
AJIFKFCO_00682	MER0011413	37.021	235	144	2	490	720	4	238	1.44e-50	174
AJIFKFCO_00682	MER0013484	38.095	231	135	3	490	712	4	234	1.90e-49	171
AJIFKFCO_00682	MER0011231	38.583	254	142	8	478	723	13	260	2.22e-49	171
AJIFKFCO_00682	MER0004923	39.241	237	134	3	492	721	57	290	4.71e-49	171
AJIFKFCO_00682	MER0000404	37.597	258	152	6	466	716	1	256	5.18e-49	170
AJIFKFCO_00682	MER0004921	35.443	237	140	5	490	719	4	234	3.34e-47	164
AJIFKFCO_00682	MER0005994	37.500	216	132	2	509	722	48	262	2.10e-44	157
AJIFKFCO_00682	MER0000403	31.250	256	167	5	470	719	5	257	8.78e-44	155
AJIFKFCO_00682	MER0004193	35.897	234	143	5	490	720	3	232	2.74e-42	150
AJIFKFCO_00682	MER0192427	34.711	242	142	4	465	703	50	278	1.75e-40	147
AJIFKFCO_00682	MER0004199	33.621	232	140	8	497	723	1	223	2.85e-36	133
AJIFKFCO_00682	MER0195666	31.148	244	156	5	490	725	1	240	5.23e-34	127
AJIFKFCO_00682	MER0003361	29.060	234	147	6	476	701	5	227	2.99e-26	105
AJIFKFCO_00682	MER0005988	35.455	110	70	1	595	703	2	111	3.78e-19	80.5
AJIFKFCO_00682	MER0034615	27.848	237	148	5	482	703	2	230	1.04e-18	83.2
AJIFKFCO_00682	MER0003558	24.413	213	149	2	503	708	39	246	2.60e-16	76.6
AJIFKFCO_00682	MER0005807	30.435	207	129	9	503	703	62	259	3.03e-16	76.6
AJIFKFCO_00682	MER0018170	25.352	213	141	3	503	702	25	232	1.78e-12	65.1
AJIFKFCO_00682	MER0017401	26.106	226	151	8	485	702	2	219	3.13e-12	63.9
AJIFKFCO_00682	MER0000408	22.553	235	162	6	483	703	5	233	8.72e-12	62.8
AJIFKFCO_00682	MER0140224	25.472	212	139	4	504	702	13	218	1.71e-10	58.9
AJIFKFCO_00682	MER0016096	21.368	234	163	6	486	704	2	229	7.06e-10	57.0
AJIFKFCO_00682	MER0126485	27.778	180	119	5	532	702	39	216	8.33e-10	56.6
AJIFKFCO_00682	MER0006027	22.973	222	150	6	496	703	24	238	1.12e-09	56.6
AJIFKFCO_00682	MER0015682	25.561	223	152	8	503	719	90	304	4.60e-09	55.5
AJIFKFCO_00682	MER0000263	21.795	234	159	7	485	703	1	225	2.05e-08	52.8
AJIFKFCO_00682	MER0030932	27.322	183	108	6	532	701	54	224	4.33e-08	51.6
AJIFKFCO_00682	MER0014827	24.427	262	164	9	482	722	12	260	1.08e-06	47.8
AJIFKFCO_00682	MER0004925	23.735	257	172	7	482	722	12	260	1.63e-06	47.0
AJIFKFCO_00682	MER0001920	21.053	209	142	4	532	722	43	246	2.76e-06	46.2
AJIFKFCO_00687	MER0002443	40.336	119	65	3	67	184	4	117	1.85e-25	92.0
AJIFKFCO_00687	MER0004035	39.474	114	61	3	71	183	5	111	3.29e-22	83.6
AJIFKFCO_00687	MER0003986	36.283	113	65	4	64	174	1	108	2.97e-17	70.9
AJIFKFCO_00687	MER0003808	37.705	122	61	5	64	182	1	110	7.75e-16	67.0
AJIFKFCO_00687	MER0003807	34.146	123	73	3	64	184	1	117	8.21e-15	64.7
AJIFKFCO_00687	MER0004054	37.288	118	64	6	73	185	10	122	3.25e-14	63.2
AJIFKFCO_00687	MER0003805	32.800	125	69	5	64	185	1	113	6.78e-13	59.3
AJIFKFCO_00687	MER0376722	36.634	101	50	4	64	161	1	90	3.52e-12	57.0
AJIFKFCO_00687	MER0002450	30.894	123	70	5	64	183	1	111	1.10e-11	56.2
AJIFKFCO_00687	MER0377310	31.579	114	63	5	64	174	1	102	6.69e-11	53.9
AJIFKFCO_00687	MER0377307	31.579	114	63	5	64	174	1	102	6.69e-11	53.9
AJIFKFCO_00687	MER0038100	33.884	121	62	5	76	185	14	127	1.51e-09	50.8
AJIFKFCO_00687	MER0024252	35.644	101	54	4	76	172	14	107	1.86e-09	50.4
AJIFKFCO_00687	MER0377450	34.653	101	52	4	64	161	1	90	3.19e-09	48.9
AJIFKFCO_00687	MER0377178	30.702	114	64	5	64	174	1	102	2.52e-08	47.0
AJIFKFCO_00687	MER0014672	29.268	82	45	1	64	132	1	82	6.44e-08	46.2
AJIFKFCO_00687	MER0001322	32.353	68	45	1	64	130	1	68	5.42e-07	43.5
AJIFKFCO_00687	MER0014188	33.333	84	45	3	64	144	1	76	1.02e-06	42.7
AJIFKFCO_00691	MER0001295	44.262	183	90	3	365	544	5	178	1.60e-44	154
AJIFKFCO_00691	MER0001425	39.752	161	83	4	384	543	23	170	3.52e-24	97.1
AJIFKFCO_00691	MER0001297	42.149	121	68	2	383	503	15	133	1.06e-23	95.5
AJIFKFCO_00691	MER0003065	35.503	169	97	4	373	541	6	162	4.80e-23	93.6
AJIFKFCO_00691	MER0003413	32.544	169	103	3	373	541	6	163	3.46e-22	91.3
AJIFKFCO_00691	MER0003514	34.783	161	92	4	384	543	16	164	3.88e-20	85.1
AJIFKFCO_00691	MER0015684	36.842	133	77	4	373	502	6	134	1.83e-19	83.2
AJIFKFCO_00691	MER0004196	32.515	163	97	4	381	541	13	164	4.11e-19	82.4
AJIFKFCO_00691	MER0005714	33.333	171	92	6	381	541	13	171	2.25e-17	77.4
AJIFKFCO_00691	MER0004195	30.769	169	101	6	381	545	13	169	4.19e-14	67.8
AJIFKFCO_00695	MER0037236	25.896	251	164	6	13	242	11	260	3.78e-19	81.3
AJIFKFCO_00695	MER0004146	25.490	255	161	9	13	242	10	260	3.63e-14	67.4
AJIFKFCO_00695	MER0031611	21.429	280	188	7	1	250	14	291	3.66e-12	62.0
AJIFKFCO_00695	MER0036066	22.358	246	162	7	22	243	1	241	7.07e-12	60.5
AJIFKFCO_00695	MER0036068	24.066	241	161	8	22	241	54	293	9.59e-11	57.8
AJIFKFCO_00695	MER0036076	23.109	238	156	9	22	241	63	291	3.13e-10	56.2
AJIFKFCO_00695	MER0036057	21.488	242	162	9	22	242	63	297	3.84e-09	52.8
AJIFKFCO_00695	MER0000436	24.000	275	170	12	16	252	15	288	6.59e-09	52.4
AJIFKFCO_00695	MER0036053	20.152	263	169	6	17	242	4	262	1.56e-08	50.8
AJIFKFCO_00695	MER0017033	22.008	259	173	10	6	242	48	299	2.32e-08	50.4
AJIFKFCO_00695	MER0036067	21.849	238	166	7	22	240	52	288	5.45e-08	49.3
AJIFKFCO_00695	MER0035973	25.749	167	108	5	87	242	125	286	1.02e-07	48.5
AJIFKFCO_00695	MER0036056	24.806	258	143	9	22	243	80	322	1.78e-06	45.1
AJIFKFCO_00695	MER0031610	20.155	258	166	9	22	250	55	301	2.41e-06	44.7
AJIFKFCO_00695	MER0036059	31.868	91	53	1	153	243	271	352	5.61e-06	43.5
AJIFKFCO_00695	MER0036074	18.943	227	143	6	56	249	166	384	5.90e-06	43.5
AJIFKFCO_00695	MER0003537	24.631	203	111	5	81	249	88	282	7.05e-06	43.1
AJIFKFCO_00748	MER0001243	39.676	247	147	2	2	246	3	249	9.82e-62	192
AJIFKFCO_00748	MER0001342	39.834	241	145	0	6	246	7	247	9.68e-56	177
AJIFKFCO_00748	MER0005690	37.860	243	150	1	4	246	5	246	3.76e-54	172
AJIFKFCO_00748	MER0015127	37.238	239	149	1	8	246	9	246	9.37e-49	159
AJIFKFCO_00748	MER0015128	34.468	235	152	2	13	246	14	247	6.81e-46	151
AJIFKFCO_00748	MER0013589	33.333	243	161	1	4	246	1	242	3.61e-45	149
AJIFKFCO_00748	MER0013929	32.653	245	164	1	2	246	3	246	9.74e-41	138
AJIFKFCO_00748	MER0013450	31.452	248	167	3	2	247	1	247	1.18e-40	138
AJIFKFCO_00748	MER0010972	27.350	234	152	2	13	246	14	229	3.24e-20	84.0
AJIFKFCO_00748	MER0004931	26.699	206	135	6	3	204	4	197	2.45e-16	73.2
AJIFKFCO_00748	MER0003880	28.877	187	118	5	29	211	22	197	1.15e-14	69.3
AJIFKFCO_00748	MER0005462	24.498	249	161	6	1	248	2	224	1.01e-12	63.2
AJIFKFCO_00748	MER0011746	26.168	214	139	7	13	213	14	221	3.72e-12	62.4
AJIFKFCO_00748	MER0024896	28.244	131	87	2	122	246	337	466	3.70e-11	59.7
AJIFKFCO_00748	MER0024896	23.364	107	82	0	4	110	5	111	1.01e-08	52.4
AJIFKFCO_00748	MER0001728	27.404	208	132	7	13	207	14	215	6.61e-09	52.8
AJIFKFCO_00748	MER0004532	23.164	177	129	2	3	178	4	174	8.33e-09	51.6
AJIFKFCO_00748	MER0005715	23.786	206	143	8	4	204	5	201	2.07e-08	50.4
AJIFKFCO_00748	MER0002038	24.845	161	114	4	72	230	69	224	1.17e-07	48.1
AJIFKFCO_00753	MER0042387	32.796	186	111	6	74	251	1	180	3.32e-27	100
AJIFKFCO_00753	MER0031491	29.121	182	113	4	74	242	1	179	8.16e-23	89.4
AJIFKFCO_00753	MER0026545	26.740	273	162	9	3	251	9	267	3.93e-21	86.7
AJIFKFCO_00753	MER0026496	26.641	259	169	9	7	245	7	264	5.66e-19	80.9
AJIFKFCO_00753	MER0026552	29.139	151	104	3	99	248	17	165	1.75e-16	72.0
AJIFKFCO_00753	MER0002642	28.736	174	107	6	89	253	10	175	4.34e-14	65.5
AJIFKFCO_00753	MER0002639	25.301	166	107	6	89	245	10	167	1.84e-07	47.0
AJIFKFCO_00753	MER0006292	26.282	156	95	6	100	242	21	169	6.12e-07	45.4
AJIFKFCO_00756	MER0002251	44.635	233	123	4	14	243	1	230	1.17e-67	206
AJIFKFCO_00756	MER0001335	34.061	229	144	4	15	240	2	226	1.93e-44	146
AJIFKFCO_00760	MER0001009	24.561	171	108	6	412	575	5	161	7.34e-06	44.7
AJIFKFCO_00805	MER0001161	38.791	678	408	4	4	674	1	678	3.10e-172	505
AJIFKFCO_00805	MER0001158	36.484	677	418	7	7	674	4	677	5.07e-149	445
AJIFKFCO_00805	MER0006087	35.507	690	421	12	7	675	13	699	3.53e-137	416
AJIFKFCO_00805	MER0015119	33.989	712	424	16	7	675	9	717	4.73e-129	395
AJIFKFCO_00805	MER0001149	34.876	605	364	11	82	674	90	676	4.91e-106	334
AJIFKFCO_00805	MER0108144	31.677	644	413	12	48	674	29	662	6.36e-100	317
AJIFKFCO_00805	MER0003110	30.265	717	399	18	30	674	28	715	1.02e-91	297
AJIFKFCO_00805	MER0001942	32.007	603	386	10	81	674	89	676	1.90e-90	293
AJIFKFCO_00805	MER0001153	32.331	665	386	20	48	674	54	692	1.60e-82	272
AJIFKFCO_00805	MER0079465	27.692	650	427	21	51	674	2	634	6.00e-72	242
AJIFKFCO_00805	MER0015170	24.911	562	388	10	112	669	94	625	3.10e-55	196
AJIFKFCO_00805	MER0001156	27.676	654	384	21	56	651	62	684	1.70e-53	192
AJIFKFCO_00805	MER0021317	30.000	80	56	0	424	503	8	87	2.55e-09	51.6
AJIFKFCO_00823	MER0015475	31.429	175	91	7	53	211	38	199	1.27e-16	72.8
AJIFKFCO_00861	MER0078640	38.292	363	196	8	11	361	1	347	8.70e-71	222
AJIFKFCO_00861	MER0060647	37.363	364	203	10	11	362	1	351	3.99e-68	215
AJIFKFCO_00861	MER0044812	41.126	231	118	4	150	366	12	238	6.12e-54	175
AJIFKFCO_00861	MER0043540	40.201	199	115	2	166	363	27	222	1.16e-51	169
AJIFKFCO_00861	MER0046161	40.260	231	116	5	153	366	21	246	5.09e-47	158
AJIFKFCO_00861	MER0045945	40.196	204	117	4	162	365	15	213	3.20e-45	152
AJIFKFCO_00861	MER0115185	52.482	141	65	1	220	360	5	143	1.15e-44	147
AJIFKFCO_00861	MER0436691	32.155	283	146	5	91	368	6	247	4.71e-44	150
AJIFKFCO_00861	MER0044882	29.932	147	87	6	213	347	14	156	9.06e-09	51.6
AJIFKFCO_00861	MER0043195	26.875	160	97	5	223	367	54	208	6.45e-08	50.1
AJIFKFCO_00861	MER0043537	27.273	176	106	7	193	357	14	178	2.93e-07	47.4
AJIFKFCO_00861	MER0045886	31.461	89	57	3	183	269	14	100	3.15e-07	47.8
AJIFKFCO_00861	MER0044619	24.490	147	98	5	223	363	56	195	6.01e-06	43.9
AJIFKFCO_00865	MER0492485	29.032	155	96	2	29	173	14	164	1.79e-15	67.4
AJIFKFCO_00925	MER0005139	40.367	109	57	2	116	223	62	163	4.02e-20	85.9
AJIFKFCO_00925	MER0001289	25.523	239	139	8	113	340	58	268	3.46e-15	71.6
AJIFKFCO_00925	MER0002161	25.773	291	155	9	67	336	27	277	1.01e-14	70.5
AJIFKFCO_00925	MER0194228	25.926	216	130	6	131	340	1	192	1.04e-14	68.9
AJIFKFCO_00925	MER0015691	34.862	109	64	1	112	220	48	149	1.67e-14	69.3
AJIFKFCO_00925	MER0001284	40.230	87	46	3	116	199	35	118	7.94e-14	67.4
AJIFKFCO_00925	MER0100667	26.891	238	119	8	114	335	21	219	9.09e-14	66.6
AJIFKFCO_00925	MER0004514	26.471	204	124	9	116	311	35	220	6.03e-13	64.7
AJIFKFCO_00925	MER0005238	32.692	104	63	1	117	220	67	163	1.50e-12	63.9
AJIFKFCO_00925	MER0015336	33.945	109	65	1	112	220	57	158	6.45e-12	62.0
AJIFKFCO_00925	MER0002104	30.769	104	65	1	117	220	67	163	1.85e-11	60.8
AJIFKFCO_00925	MER0037181	26.699	206	109	4	151	336	94	277	2.70e-11	60.5
AJIFKFCO_00925	MER0013618	28.194	227	126	10	100	312	41	244	3.27e-11	60.1
AJIFKFCO_00925	MER0005149	31.532	111	68	2	113	222	61	164	3.47e-11	60.1
AJIFKFCO_00925	MER0005239	33.333	111	66	2	112	221	64	167	4.03e-11	59.7
AJIFKFCO_00925	MER0005241	35.955	89	50	2	115	201	3	86	6.06e-11	58.9
AJIFKFCO_00925	MER0005152	25.478	157	89	2	47	203	11	139	2.93e-10	57.0
AJIFKFCO_00925	MER0005131	26.293	232	141	9	117	336	38	251	5.81e-10	55.8
AJIFKFCO_00925	MER0001288	26.991	226	127	9	115	327	21	221	2.99e-08	50.8
AJIFKFCO_00925	MER0002105	28.070	114	72	3	117	227	58	164	7.75e-08	49.7
AJIFKFCO_00926	MER0005139	35.772	123	71	3	273	394	48	163	9.29e-16	74.7
AJIFKFCO_00926	MER0001284	31.757	148	83	5	250	392	5	139	4.18e-13	66.2
AJIFKFCO_00926	MER0194228	26.009	223	122	6	302	512	1	192	4.41e-12	62.0
AJIFKFCO_00926	MER0015691	31.967	122	76	2	271	392	36	150	5.96e-12	62.8
AJIFKFCO_00926	MER0001289	26.840	231	133	6	293	512	63	268	8.62e-12	62.4
AJIFKFCO_00926	MER0005131	26.068	234	140	9	288	504	38	255	9.71e-12	62.0
AJIFKFCO_00926	MER0005239	36.585	123	66	4	273	392	54	167	1.28e-11	62.4
AJIFKFCO_00926	MER0015336	26.606	218	140	8	270	483	44	245	2.38e-11	61.2
AJIFKFCO_00926	MER0002161	28.141	199	112	8	288	486	66	233	4.09e-11	60.8
AJIFKFCO_00926	MER0002104	32.692	104	63	2	288	391	67	163	8.58e-11	59.7
AJIFKFCO_00926	MER0004514	32.432	111	64	4	287	392	35	139	4.12e-10	57.4
AJIFKFCO_00926	MER0005238	32.692	104	63	2	288	391	67	163	8.69e-10	56.6
AJIFKFCO_00926	MER0005241	34.066	91	53	2	284	372	1	86	1.51e-09	55.5
AJIFKFCO_00926	MER0100667	24.348	230	134	10	284	505	20	217	3.59e-09	53.9
AJIFKFCO_00926	MER0002105	24.242	231	150	8	273	498	43	253	1.01e-08	53.1
AJIFKFCO_00926	MER0001288	28.017	232	132	9	282	502	17	224	2.92e-08	51.6
AJIFKFCO_00926	MER0005149	31.481	108	66	3	287	393	64	164	4.38e-08	51.6
AJIFKFCO_00926	MER0005152	32.184	87	52	1	288	374	60	139	9.46e-08	50.4
AJIFKFCO_00926	MER0005244	35.227	88	48	3	286	372	3	82	3.43e-07	47.8
AJIFKFCO_00926	MER0032443	27.350	234	137	10	288	507	39	253	9.30e-07	47.0
AJIFKFCO_00944	MER0015472	28.030	132	92	1	50	178	48	179	1.06e-11	58.9
AJIFKFCO_00944	MER0048181	30.769	143	83	2	47	174	1	142	1.91e-11	57.0
AJIFKFCO_00944	MER0015473	30.345	145	89	4	47	179	37	181	2.10e-11	58.2
AJIFKFCO_00944	MER0035036	29.412	136	94	2	45	178	86	221	1.26e-09	53.5
AJIFKFCO_00944	MER0015462	31.325	83	55	1	38	120	39	119	9.43e-09	50.1
AJIFKFCO_00944	MER0030047	28.148	135	87	3	50	178	1	131	1.30e-08	48.9
AJIFKFCO_00944	MER0015632	26.036	169	93	6	39	191	37	189	3.20e-08	48.9
AJIFKFCO_00944	MER0015459	29.310	174	101	4	39	204	42	201	8.36e-08	48.1
AJIFKFCO_00944	MER0017194	33.577	137	80	5	2	129	11	145	4.41e-07	45.8
AJIFKFCO_00944	MER0015633	32.530	83	53	1	39	121	42	121	6.45e-06	42.4
AJIFKFCO_00960	MER0031563	31.304	115	72	3	43	157	1	108	1.83e-08	50.8
AJIFKFCO_00960	MER0003558	23.113	212	141	9	68	267	40	241	1.54e-07	48.1
AJIFKFCO_00965	MER0019759	29.493	217	133	4	236	436	20	232	2.12e-24	99.4
AJIFKFCO_00965	MER0015166	29.464	224	135	4	212	413	8	230	2.73e-24	99.0
AJIFKFCO_00965	MER0002746	33.493	209	126	6	240	435	24	232	1.14e-23	97.1
AJIFKFCO_00965	MER0001012	31.818	220	129	6	212	414	1	216	4.35e-23	95.1
AJIFKFCO_00965	MER0002355	28.708	209	132	4	212	409	1	203	1.30e-21	90.9
AJIFKFCO_00965	MER0091680	29.231	195	125	4	248	430	23	216	3.54e-21	89.4
AJIFKFCO_00965	MER0002968	26.512	215	146	3	212	414	1	215	6.52e-21	88.6
AJIFKFCO_00965	MER0011720	29.464	224	138	7	212	426	1	213	3.17e-20	86.7
AJIFKFCO_00965	MER0002422	32.065	184	116	4	241	415	24	207	3.59e-20	86.3
AJIFKFCO_00965	MER0005046	31.282	195	118	4	234	414	6	198	1.56e-19	84.3
AJIFKFCO_00965	MER0011183	27.803	223	138	6	224	433	10	222	4.36e-19	83.6
AJIFKFCO_00965	MER0028449	26.697	221	145	4	211	414	1	221	1.49e-18	82.0
AJIFKFCO_00965	MER0006264	29.787	188	106	7	246	414	2	182	4.44e-18	79.7
AJIFKFCO_00965	MER0001009	33.125	160	90	4	294	440	20	175	6.44e-18	79.7
AJIFKFCO_00965	MER0011440	29.208	202	130	5	221	409	4	205	8.90e-18	79.7
AJIFKFCO_00965	MER0001017	28.342	187	114	6	243	414	37	218	1.03e-17	80.1
AJIFKFCO_00965	MER0001010	28.641	206	126	4	238	426	1	202	2.48e-17	78.2
AJIFKFCO_00965	MER0002003	25.909	220	143	5	212	414	1	217	9.58e-17	76.6
AJIFKFCO_00965	MER0005331	25.714	210	144	4	217	414	1	210	1.87e-16	75.5
AJIFKFCO_00965	MER0001013	29.412	187	114	4	241	414	36	217	2.33e-16	75.9
AJIFKFCO_00965	MER0011369	25.346	217	141	5	215	414	13	225	2.72e-16	75.5
AJIFKFCO_00965	MER0011370	29.469	207	125	6	225	414	8	210	3.35e-16	74.7
AJIFKFCO_00965	MER0011438	30.601	183	106	5	236	401	19	197	1.06e-15	73.6
AJIFKFCO_00965	MER0002060	26.027	219	142	5	212	414	1	215	1.83e-15	72.8
AJIFKFCO_00965	MER0002078	28.780	205	123	7	249	435	33	232	7.99e-15	71.2
AJIFKFCO_00965	MER0001701	25.126	199	127	4	234	414	6	200	9.12e-15	70.9
AJIFKFCO_00965	MER0036308	28.426	197	115	6	234	415	27	212	1.13e-14	70.9
AJIFKFCO_00965	MER0005045	28.426	197	121	5	234	414	6	198	1.36e-14	69.7
AJIFKFCO_00965	MER0011345	28.649	185	113	6	244	414	38	217	1.86e-14	70.5
AJIFKFCO_00965	MER0000997	27.461	193	120	6	234	408	21	211	2.58e-14	69.3
AJIFKFCO_00965	MER0168983	28.235	170	110	5	249	415	3	163	3.56e-14	67.8
AJIFKFCO_00965	MER0168177	34.815	135	81	4	285	415	33	164	5.09e-14	67.4
AJIFKFCO_00965	MER0011423	26.214	206	126	4	230	414	14	214	6.92e-14	68.2
AJIFKFCO_00965	MER0004243	26.866	201	123	5	234	414	20	216	9.52e-14	67.8
AJIFKFCO_00965	MER0012283	27.568	185	117	4	243	415	37	216	1.45e-13	67.4
AJIFKFCO_00965	MER0001003	31.217	189	107	7	243	413	1	184	1.48e-13	66.6
AJIFKFCO_00965	MER0011401	27.439	164	102	3	262	408	38	201	2.22e-13	66.6
AJIFKFCO_00965	MER0019754	25.381	197	124	5	237	414	3	195	3.30e-13	65.9
AJIFKFCO_00965	MER0005328	40.476	84	44	2	243	325	26	104	4.77e-13	65.5
AJIFKFCO_00965	MER0001185	26.728	217	126	7	221	414	9	215	7.97e-13	65.1
AJIFKFCO_00965	MER0011400	26.667	195	122	5	248	425	32	222	5.88e-12	63.2
AJIFKFCO_00965	MER0011175	26.966	178	101	5	257	414	42	210	1.65e-11	61.2
AJIFKFCO_00965	MER0002281	29.412	187	113	6	243	415	38	219	3.27e-11	60.8
AJIFKFCO_00965	MER0002755	26.776	183	109	6	243	408	27	201	5.25e-11	59.3
AJIFKFCO_00965	MER0011371	28.571	168	107	4	257	411	41	208	6.73e-11	59.3
AJIFKFCO_00965	MER0116688	26.087	207	120	5	241	424	25	221	1.02e-10	59.3
AJIFKFCO_00965	MER0012271	27.273	187	117	6	243	415	38	219	1.21e-10	59.3
AJIFKFCO_00965	MER0016308	26.776	183	111	6	248	413	6	182	1.35e-10	57.8
AJIFKFCO_00965	MER0001005	25.806	186	117	7	248	418	1	180	2.05e-10	57.4
AJIFKFCO_00965	MER0026830	31.959	97	63	1	233	326	19	115	1.13e-09	55.1
AJIFKFCO_00965	MER0001001	23.077	195	119	4	242	415	26	210	2.70e-09	54.7
AJIFKFCO_00965	MER0002865	26.590	173	112	5	248	411	1	167	3.12e-09	53.9
AJIFKFCO_00965	MER0052595	25.628	199	125	5	234	413	25	219	4.30e-09	54.3
AJIFKFCO_00965	MER0011399	24.352	193	110	7	241	409	25	205	7.23e-09	53.5
AJIFKFCO_00965	MER0002210	26.452	155	100	3	261	401	2	156	2.15e-08	50.8
AJIFKFCO_00965	MER0003916	23.438	192	129	5	236	414	8	194	1.14e-07	49.7
AJIFKFCO_00965	MER0003500	24.352	193	134	4	241	421	12	204	3.02e-07	48.5
AJIFKFCO_00965	MER0171631	29.752	121	79	2	296	410	85	205	4.21e-07	48.1
AJIFKFCO_00965	MER0019096	26.846	149	83	5	296	433	62	195	4.28e-07	47.8
AJIFKFCO_00965	MER0026493	24.503	151	104	3	221	366	4	149	4.93e-07	47.0
AJIFKFCO_00976	MER0013829	34.278	353	213	8	14	358	6	347	1.32e-55	182
AJIFKFCO_00976	MER0005169	33.036	336	210	6	14	344	6	331	4.93e-53	176
AJIFKFCO_00976	MER0005472	33.138	341	210	7	14	353	6	329	3.44e-45	155
AJIFKFCO_00976	MER0004410	29.830	352	226	9	13	354	5	345	1.26e-41	146
AJIFKFCO_00976	MER0002046	30.725	345	212	10	12	350	4	327	1.02e-40	143
AJIFKFCO_00976	MER0002043	25.714	350	238	6	5	345	9	345	3.30e-35	129
AJIFKFCO_00976	MER0005160	30.690	290	180	8	61	345	51	324	1.20e-31	119
AJIFKFCO_00976	MER0022215	25.658	304	202	7	49	345	40	326	1.71e-22	94.0
AJIFKFCO_00976	MER0002040	27.181	298	192	10	65	349	59	344	7.02e-21	89.4
AJIFKFCO_00978	MER0057728	36.782	174	103	2	14	186	1	168	6.13e-31	110
AJIFKFCO_01081	MER0001144	26.829	164	101	5	209	365	5	156	1.93e-07	49.3
AJIFKFCO_01081	MER0003093	25.610	164	100	4	209	364	5	154	9.15e-06	44.7
AJIFKFCO_01084	MER0026262	26.513	347	204	15	61	379	7	330	3.96e-19	84.7
AJIFKFCO_01084	MER0000459	24.776	335	209	11	79	392	31	343	2.13e-16	76.6
AJIFKFCO_01084	MER0005925	24.837	306	182	12	61	340	8	291	2.10e-15	73.6
AJIFKFCO_01084	MER0011700	22.161	361	219	11	61	376	7	350	1.12e-14	71.6
AJIFKFCO_01084	MER1143079	24.324	333	179	16	61	371	2	283	2.72e-12	63.5
AJIFKFCO_01084	MER0006204	22.764	246	172	5	59	293	9	247	3.20e-12	64.3
AJIFKFCO_01084	MER0219770	27.711	166	101	4	90	249	34	186	7.33e-10	56.6
AJIFKFCO_01084	MER0002489	26.351	296	175	13	85	358	37	311	9.36e-10	56.6
AJIFKFCO_01084	MER0017069	23.457	324	215	12	69	379	9	312	6.61e-09	53.9
AJIFKFCO_01084	MER0140154	20.690	232	142	7	70	268	1	223	3.40e-08	51.6
AJIFKFCO_01084	MER0004090	23.179	302	197	8	72	342	25	322	9.02e-08	50.4
AJIFKFCO_01084	MER0000463	24.771	218	146	6	55	272	1	200	4.06e-07	48.1
AJIFKFCO_01084	MER0005923	31.683	101	66	2	68	167	21	119	1.62e-06	46.6
AJIFKFCO_01084	MER0122661	22.314	242	158	8	90	323	39	258	4.39e-06	45.1
AJIFKFCO_01084	MER0192873	26.267	217	122	9	109	302	3	204	5.83e-06	43.9
AJIFKFCO_01108	MER0013471	40.602	399	213	9	122	516	10	388	1.23e-96	304
AJIFKFCO_01108	MER0004959	32.011	378	207	12	126	483	14	361	1.04e-46	169
AJIFKFCO_01108	MER0001202	33.060	366	199	10	153	483	36	390	4.31e-44	162
AJIFKFCO_01108	MER0030212	31.099	373	222	12	149	505	37	390	6.56e-41	152
AJIFKFCO_01108	MER0015121	28.065	367	224	9	122	480	10	344	2.63e-38	144
AJIFKFCO_01108	MER0001205	35.786	299	159	12	133	418	21	299	5.50e-38	140
AJIFKFCO_01108	MER0001198	31.361	338	182	10	113	418	4	323	9.48e-38	140
AJIFKFCO_01108	MER0001207	28.070	399	241	14	131	504	19	396	6.41e-37	140
AJIFKFCO_01108	MER0004961	29.290	338	199	9	177	489	91	413	9.25e-37	141
AJIFKFCO_01108	MER0003428	29.226	349	198	12	115	429	3	336	5.35e-32	124
AJIFKFCO_01108	MER0013404	30.392	408	226	15	115	483	6	394	9.16e-32	126
AJIFKFCO_01108	MER0005410	28.678	401	231	11	126	487	14	398	7.64e-31	123
AJIFKFCO_01108	MER0107602	27.778	378	228	12	123	485	6	353	1.99e-30	120
AJIFKFCO_01108	MER0003495	30.375	293	180	8	139	419	27	307	4.03e-30	119
AJIFKFCO_01108	MER0002356	30.124	322	190	12	115	419	6	309	3.89e-28	112
AJIFKFCO_01108	MER0003817	28.994	338	175	12	123	416	11	327	8.74e-27	109
AJIFKFCO_01108	MER0003889	24.615	390	213	9	155	481	38	409	6.45e-25	105
AJIFKFCO_01108	MER0026952	24.422	389	246	9	126	479	14	389	7.83e-23	99.4
AJIFKFCO_01108	MER0004607	24.378	402	254	10	126	492	14	400	1.17e-22	98.6
AJIFKFCO_01108	MER0001212	33.333	153	86	4	121	267	9	151	4.37e-14	70.9
AJIFKFCO_01108	MER0004964	25.616	203	128	6	116	316	4	185	5.14e-10	57.0
AJIFKFCO_01108	MER0011155	25.847	236	138	10	110	326	1	218	4.17e-08	52.4
AJIFKFCO_01108	MER0011153	25.743	202	116	9	131	315	20	204	4.19e-07	49.3
AJIFKFCO_01108	MER0021822	22.511	231	135	6	116	314	5	223	5.62e-07	49.3
AJIFKFCO_01108	MER0002357	21.557	167	104	3	118	267	6	162	1.64e-06	47.8
AJIFKFCO_01108	MER0003003	24.699	166	97	4	118	267	7	160	6.23e-06	45.8
AJIFKFCO_01120	MER0001149	34.301	551	346	9	150	689	132	677	1.23e-102	325
AJIFKFCO_01120	MER0001942	33.109	595	382	9	105	688	87	676	5.19e-99	316
AJIFKFCO_01120	MER0108144	32.437	558	357	10	149	688	107	662	9.65e-93	298
AJIFKFCO_01120	MER0001153	31.611	658	418	14	60	689	40	693	2.16e-86	283
AJIFKFCO_01120	MER0001161	27.126	682	468	11	32	689	3	679	2.51e-86	282
AJIFKFCO_01120	MER0006087	29.392	592	377	14	133	688	112	698	1.28e-73	248
AJIFKFCO_01120	MER0079465	26.066	633	447	10	77	688	2	634	1.36e-70	239
AJIFKFCO_01120	MER0003110	29.037	706	429	22	47	688	18	715	3.38e-70	239
AJIFKFCO_01120	MER0015170	26.806	623	413	15	77	685	34	627	9.07e-68	231
AJIFKFCO_01120	MER0015119	26.778	717	438	21	41	688	18	716	5.09e-66	228
AJIFKFCO_01120	MER0001158	26.087	644	428	15	76	688	51	677	6.75e-56	199
AJIFKFCO_01120	MER0001156	24.598	622	403	21	108	677	89	696	3.79e-37	145
AJIFKFCO_01120	MER0059435	20.956	272	181	9	340	582	333	599	1.99e-06	47.8
AJIFKFCO_01141	MER0001421	54.500	400	173	4	16	411	1	395	8.63e-156	442
AJIFKFCO_01141	MER0028941	26.024	415	249	11	6	410	1	367	1.62e-23	97.8
AJIFKFCO_01141	MER0369336	27.586	290	185	7	133	410	39	315	2.03e-19	85.1
AJIFKFCO_01174	MER0034539	33.742	163	102	6	2	161	1	160	1.95e-19	84.0
AJIFKFCO_01174	MER0033254	33.333	150	92	5	2	148	1	145	1.29e-18	82.8
AJIFKFCO_01226	MER0065554	48.872	266	125	3	282	537	2	266	2.91e-89	272
AJIFKFCO_01226	MER0437468	38.286	350	200	5	198	532	1	349	6.82e-77	243
AJIFKFCO_01226	MER0436717	36.250	400	183	8	198	531	1	394	3.93e-65	214
AJIFKFCO_01231	MER0045886	42.478	226	126	4	4	226	12	236	6.21e-54	179
AJIFKFCO_01231	MER0044889	37.391	230	140	3	1	227	14	242	3.80e-43	150
AJIFKFCO_01231	MER0038086	33.036	224	134	4	6	213	29	252	1.88e-35	130
AJIFKFCO_01231	MER0436735	29.588	267	140	6	3	226	1	262	5.91e-32	120
AJIFKFCO_01231	MER0042974	35.263	190	115	3	13	194	1	190	6.55e-31	115
AJIFKFCO_01231	MER0043387	35.028	177	112	2	21	195	1	176	3.60e-27	104
AJIFKFCO_01231	MER0043537	32.609	184	114	3	6	183	2	181	5.26e-26	102
AJIFKFCO_01231	MER0043392	29.054	148	82	6	48	184	23	158	1.21e-08	51.6
AJIFKFCO_01231	MER0043394	29.565	115	79	1	72	184	48	162	1.80e-08	50.8
AJIFKFCO_01231	MER0045094	28.800	125	76	4	72	189	84	202	3.45e-07	48.1
AJIFKFCO_01231	MER0044622	31.343	134	80	5	67	193	95	223	5.16e-07	47.8
AJIFKFCO_01254	MER0472834	31.538	130	70	2	49	176	3	115	1.18e-18	77.4
AJIFKFCO_01289	MER0034539	59.223	206	84	0	2	207	1	206	9.55e-89	269
AJIFKFCO_01289	MER0033254	34.252	254	132	11	2	226	1	248	1.11e-26	105
AJIFKFCO_01289	MER0004101	35.294	102	59	4	72	166	99	200	7.01e-07	47.4
AJIFKFCO_01289	MER0011781	33.913	115	67	5	61	166	85	199	1.07e-06	47.0
AJIFKFCO_01289	MER0011806	33.654	104	58	3	72	166	99	200	2.40e-06	45.8
AJIFKFCO_01297	MER0036054	32.407	108	67	4	72	174	15	121	2.24e-07	47.8
AJIFKFCO_01297	MER0035044	28.205	117	71	5	54	158	8	123	8.61e-07	46.2
AJIFKFCO_01297	MER0045479	23.585	212	135	7	69	258	28	234	2.80e-06	44.3
AJIFKFCO_01297	MER0036038	25.862	232	132	10	69	274	28	245	3.72e-06	43.9
AJIFKFCO_01310	MER0011748	52.743	237	109	2	410	645	1	235	3.61e-82	258
AJIFKFCO_01310	MER0056525	50.602	249	114	4	410	652	1	246	7.61e-82	256
AJIFKFCO_01310	MER0015609	50.622	241	113	3	410	648	1	237	1.55e-80	253
AJIFKFCO_01310	MER0005496	48.101	237	122	1	410	646	1	236	8.20e-77	243
AJIFKFCO_01310	MER0011224	45.992	237	127	1	410	646	1	236	6.07e-74	236
AJIFKFCO_01310	MER0023544	45.570	237	128	1	410	646	1	236	6.82e-74	236
AJIFKFCO_01310	MER0015195	46.320	231	121	2	410	639	1	229	1.03e-69	225
AJIFKFCO_01310	MER0002605	44.255	235	127	2	410	643	1	232	2.73e-67	218
AJIFKFCO_01310	MER0171760	40.672	268	152	3	375	639	1	264	1.10e-64	211
AJIFKFCO_01310	MER0015194	43.038	237	130	2	411	645	2	235	4.36e-64	210
AJIFKFCO_01310	MER0014306	41.597	238	138	1	410	647	1	237	5.52e-64	210
AJIFKFCO_01310	MER0002600	42.553	235	132	2	410	643	1	233	6.18e-64	209
AJIFKFCO_01310	MER0024898	42.241	232	131	3	410	639	1	231	2.77e-57	192
AJIFKFCO_01310	MER0005466	40.517	232	132	3	411	636	2	233	5.70e-55	184
AJIFKFCO_01310	MER0004454	41.558	231	132	3	410	638	1	230	7.13e-55	186
AJIFKFCO_01310	MER0002602	38.610	259	152	3	411	662	2	260	6.57e-54	182
AJIFKFCO_01310	MER0015199	42.857	238	126	4	410	638	1	237	6.24e-53	180
AJIFKFCO_01310	MER0001620	39.149	235	136	3	410	637	1	235	8.00e-48	167
AJIFKFCO_01310	MER0002563	36.325	234	139	4	411	634	2	235	1.94e-46	161
AJIFKFCO_01310	MER0015197	36.986	219	137	1	422	639	13	231	3.95e-45	158
AJIFKFCO_01310	MER0017637	37.021	235	136	5	411	634	2	235	4.31e-43	152
AJIFKFCO_01310	MER0015193	38.627	233	133	6	410	634	1	231	1.28e-42	151
AJIFKFCO_01310	MER0011745	34.568	243	145	7	410	641	1	240	1.54e-42	151
AJIFKFCO_01310	MER0015137	34.156	243	146	7	410	641	1	240	1.35e-41	149
AJIFKFCO_01310	MER0002408	35.043	234	143	5	410	636	1	232	1.96e-41	148
AJIFKFCO_01310	MER0002608	37.879	264	152	6	411	664	2	263	8.37e-40	144
AJIFKFCO_01310	MER0190577	34.649	228	135	3	410	634	1	217	1.91e-38	139
AJIFKFCO_01310	MER0002197	35.088	228	137	3	410	634	1	220	2.37e-37	137
AJIFKFCO_01310	MER0005755	35.193	233	139	3	411	640	2	225	3.62e-36	132
AJIFKFCO_01310	MER0190705	35.065	231	139	3	411	639	1	222	6.20e-35	129
AJIFKFCO_01310	MER0014324	34.211	228	136	4	410	634	1	217	5.97e-34	126
AJIFKFCO_01310	MER0015690	33.884	242	142	6	410	636	1	239	1.07e-32	124
AJIFKFCO_01310	MER0024900	33.036	224	139	4	411	631	2	217	1.12e-32	123
AJIFKFCO_01310	MER0011120	36.239	218	127	7	410	615	1	218	2.35e-29	114
AJIFKFCO_01310	MER0001246	31.868	182	112	3	421	599	1	173	3.57e-22	90.9
AJIFKFCO_01310	MER0015204	27.236	246	148	7	411	625	2	247	1.45e-19	86.7
AJIFKFCO_01325	MER0002161	28.743	167	101	5	36	200	15	165	1.74e-13	66.6
AJIFKFCO_01325	MER0001284	34.343	99	63	2	99	196	42	139	5.81e-13	64.7
AJIFKFCO_01325	MER0001289	36.975	119	61	5	81	198	54	159	1.15e-12	63.9
AJIFKFCO_01325	MER0194228	38.710	93	46	3	107	198	1	83	5.97e-12	60.8
AJIFKFCO_01325	MER0037181	26.012	173	104	7	31	200	14	165	3.80e-11	59.7
AJIFKFCO_01325	MER0004514	23.239	142	102	5	57	196	3	139	5.72e-11	58.5
AJIFKFCO_01325	MER0100667	28.485	165	92	7	100	259	34	177	2.95e-09	53.1
AJIFKFCO_01325	MER0005238	35.417	96	45	3	88	179	64	146	5.66e-09	53.1
AJIFKFCO_01325	MER0013618	28.571	154	92	8	46	197	17	154	7.37e-09	52.8
AJIFKFCO_01325	MER0001288	34.021	97	53	3	105	200	34	120	1.26e-08	51.6
AJIFKFCO_01325	MER0005139	29.565	115	60	5	91	198	63	163	6.35e-08	49.7
AJIFKFCO_01325	MER0015691	34.021	97	47	3	91	183	53	136	1.13e-07	48.9
AJIFKFCO_01325	MER0002104	33.333	96	47	3	88	179	64	146	1.80e-07	48.5
AJIFKFCO_01325	MER0005149	22.800	250	141	10	84	314	58	274	2.51e-07	48.1
AJIFKFCO_01325	MER0005239	25.373	134	71	5	87	204	65	185	1.51e-06	45.8
AJIFKFCO_01331	MER0034582	25.225	333	225	9	612	933	1	320	2.15e-28	114
AJIFKFCO_01410	MER0005244	36.464	181	115	0	257	437	3	183	8.69e-36	129
AJIFKFCO_01410	MER0001284	32.432	148	87	3	259	393	36	183	2.25e-17	78.6
AJIFKFCO_01410	MER0005241	38.532	109	61	2	255	357	1	109	2.41e-16	75.5
AJIFKFCO_01410	MER0002104	35.659	129	71	4	255	376	63	186	2.19e-15	73.2
AJIFKFCO_01410	MER0005238	35.537	121	66	4	258	371	66	181	6.78e-13	65.9
AJIFKFCO_01410	MER0004514	33.981	103	60	1	259	353	36	138	8.88e-13	65.1
AJIFKFCO_01410	MER0005131	34.783	115	60	5	256	357	35	147	3.45e-11	60.5
AJIFKFCO_01410	MER0015691	36.145	83	52	1	256	337	50	132	1.63e-09	55.5
AJIFKFCO_01410	MER0005139	37.209	86	48	2	256	337	60	143	2.02e-09	55.5
AJIFKFCO_01410	MER0005149	35.802	81	50	1	259	337	65	145	4.20e-09	54.3
AJIFKFCO_01410	MER0100667	36.364	66	40	1	271	336	39	102	7.25e-08	50.1
AJIFKFCO_01410	MER0005239	37.647	85	47	2	257	337	67	149	1.11e-07	50.1
AJIFKFCO_01410	MER0015336	34.118	85	51	2	256	337	59	141	2.40e-07	48.9
AJIFKFCO_01410	MER0002161	33.333	78	51	1	258	335	65	141	5.02e-07	48.1
AJIFKFCO_01410	MER0002105	30.000	90	57	2	252	337	51	138	9.72e-07	47.0
AJIFKFCO_01410	MER0001289	26.582	158	101	5	185	342	2	144	1.43e-06	46.6
AJIFKFCO_01410	MER0005152	29.268	82	53	2	259	337	60	139	3.10e-06	45.4
AJIFKFCO_01410	MER0001911	26.812	138	95	3	256	392	38	170	7.55e-06	44.3
AJIFKFCO_01426	MER0028047	59.218	179	70	2	446	624	1	176	1.19e-66	214
AJIFKFCO_01426	MER0003564	27.317	205	113	7	446	614	21	225	6.95e-09	53.9
AJIFKFCO_01426	MER0056209	26.500	200	111	7	446	609	21	220	3.33e-06	45.8
AJIFKFCO_01451	MER0016191	29.831	295	187	7	47	329	4	290	5.10e-36	129
AJIFKFCO_01451	MER0016172	27.365	296	198	9	49	334	6	294	7.76e-23	93.6
AJIFKFCO_01451	MER0016185	26.437	261	157	8	44	271	1	259	6.32e-14	68.6
AJIFKFCO_01466	MER0029657	30.864	81	51	2	18	97	1	77	5.51e-06	40.8
AJIFKFCO_01478	MER0025086	54.615	130	42	6	196	315	1	123	2.91e-33	120
AJIFKFCO_01478	MER0029657	46.809	141	61	5	182	316	14	146	3.28e-29	110
AJIFKFCO_01478	MER0011122	47.191	89	36	4	238	315	58	146	2.20e-18	79.3
AJIFKFCO_01478	MER0002084	30.841	214	128	9	81	286	6	207	1.84e-13	67.0
AJIFKFCO_01478	MER0014521	30.114	176	71	6	185	338	91	236	2.47e-08	53.1
AJIFKFCO_01478	MER0002217	29.487	156	60	6	185	319	93	219	4.09e-08	52.8
AJIFKFCO_01495	MER0003514	42.857	154	86	2	204	357	4	155	7.94e-35	125
AJIFKFCO_01495	MER0001297	38.710	155	93	2	203	357	3	155	5.17e-32	118
AJIFKFCO_01495	MER0001425	42.767	159	85	3	203	356	3	160	1.57e-31	117
AJIFKFCO_01495	MER0004196	40.764	157	89	3	203	357	3	157	1.05e-30	114
AJIFKFCO_01495	MER0003065	37.662	154	94	2	204	357	4	155	7.92e-29	109
AJIFKFCO_01495	MER0004195	36.709	158	93	2	203	357	3	156	1.48e-28	108
AJIFKFCO_01495	MER0015684	36.000	150	96	0	201	350	1	150	1.39e-27	105
AJIFKFCO_01495	MER0003413	35.484	155	97	2	204	357	4	156	3.64e-27	104
AJIFKFCO_01495	MER0005714	31.250	160	103	1	205	357	5	164	3.10e-24	96.7
AJIFKFCO_01495	MER0001295	30.952	168	103	2	202	357	2	168	1.69e-16	74.7
AJIFKFCO_01495	MER0030244	26.351	148	95	5	194	327	2	149	2.48e-07	48.1
AJIFKFCO_01508	MER0001400	44.444	216	95	5	580	787	173	371	1.91e-46	168
AJIFKFCO_01508	MER0001400	36.782	174	101	4	252	421	1	169	9.89e-25	104
AJIFKFCO_01549	MER0003336	59.028	144	56	1	192	332	1	144	3.85e-57	179
AJIFKFCO_01549	MER0011465	45.763	118	57	2	192	309	1	111	2.03e-24	94.0
AJIFKFCO_01549	MER0017622	32.110	218	124	8	56	252	24	238	4.82e-20	85.1
AJIFKFCO_01549	MER0003299	38.235	136	76	2	192	323	1	132	3.74e-19	79.7
AJIFKFCO_01549	MER0003338	38.372	86	52	1	192	276	1	86	1.23e-14	67.4
AJIFKFCO_01549	MER0003303	34.821	112	64	3	192	302	1	104	4.09e-12	59.7
AJIFKFCO_01549	MER0034967	28.814	177	97	7	100	251	11	183	3.10e-10	55.8
AJIFKFCO_01549	MER0013976	33.036	112	66	3	192	302	1	104	1.18e-09	52.8
AJIFKFCO_01549	MER0016969	25.510	98	67	1	192	283	1	98	3.27e-06	43.9
AJIFKFCO_01616	MER0031610	37.247	247	145	6	15	253	56	300	5.12e-47	155
AJIFKFCO_01616	MER0017193	35.165	91	58	1	9	98	21	111	7.71e-13	63.5
AJIFKFCO_01616	MER0004146	24.031	258	179	8	1	245	6	259	3.25e-11	58.9
AJIFKFCO_01616	MER0014065	34.615	104	63	3	10	109	30	132	3.49e-11	59.3
AJIFKFCO_01616	MER0036064	24.280	243	164	7	12	243	26	259	5.31e-10	55.1
AJIFKFCO_01616	MER0044900	25.660	265	158	9	15	246	96	354	6.32e-10	55.5
AJIFKFCO_01616	MER0011509	36.036	111	61	5	6	109	31	138	1.09e-08	51.6
AJIFKFCO_01616	MER0026339	31.731	104	69	2	11	112	22	125	1.33e-08	51.2
AJIFKFCO_01616	MER0025512	23.616	271	172	10	1	245	37	298	2.11e-08	50.8
AJIFKFCO_01616	MER0044858	26.296	270	152	13	15	243	57	320	5.75e-08	49.7
AJIFKFCO_01616	MER0037236	31.818	110	70	2	3	107	9	118	5.87e-08	49.3
AJIFKFCO_01616	MER0033259	32.184	174	94	10	1	156	18	185	6.66e-08	48.9
AJIFKFCO_01616	MER0017177	21.905	105	79	1	1	102	22	126	2.99e-07	47.4
AJIFKFCO_01616	MER0036053	20.714	280	157	9	7	243	2	259	3.52e-07	47.0
AJIFKFCO_01616	MER0031616	28.571	112	72	3	12	118	38	146	3.65e-07	47.0
AJIFKFCO_01616	MER0031614	24.590	183	117	7	17	178	87	269	4.24e-07	47.0
AJIFKFCO_01616	MER0036072	26.036	169	96	6	9	164	76	228	4.75e-07	46.6
AJIFKFCO_01616	MER0036115	22.751	189	125	7	2	185	22	194	5.30e-07	46.6
AJIFKFCO_01616	MER0036084	26.957	115	75	4	7	114	12	124	1.31e-06	45.1
AJIFKFCO_01616	MER0031619	28.704	108	73	2	10	114	25	131	1.34e-06	45.4
AJIFKFCO_01616	MER0000436	28.205	117	74	4	2	108	9	125	6.79e-06	43.1
AJIFKFCO_01616	MER0044350	27.184	103	70	2	13	111	1	102	8.60e-06	42.7
AJIFKFCO_01619	MER0000474	54.124	194	88	1	32	224	14	207	3.09e-75	223
AJIFKFCO_01619	MER0005687	47.442	215	102	3	10	222	3	208	1.01e-66	202
AJIFKFCO_01619	MER0006046	48.936	188	96	0	34	221	16	203	1.57e-63	193
AJIFKFCO_01619	MER0002211	49.206	189	96	0	34	222	16	204	1.02e-62	191
AJIFKFCO_01619	MER0004857	49.223	193	96	2	30	221	12	203	7.55e-61	187
AJIFKFCO_01619	MER0002299	48.677	189	97	0	36	224	12	200	2.34e-60	185
AJIFKFCO_01619	MER0004855	47.399	173	91	0	49	221	33	205	1.35e-57	178
AJIFKFCO_01619	MER0006063	43.956	182	102	0	40	221	23	204	3.46e-56	175
AJIFKFCO_01619	MER0004847	47.872	188	97	1	36	222	18	205	7.72e-53	166
AJIFKFCO_01619	MER0006056	47.674	172	89	1	50	221	37	207	2.44e-52	165
AJIFKFCO_01619	MER0004182	39.785	186	112	0	36	221	14	199	2.05e-45	147
AJIFKFCO_01619	MER0006308	36.932	176	110	1	49	223	21	196	1.06e-44	145
AJIFKFCO_01619	MER0011666	41.420	169	97	2	55	221	17	185	2.02e-41	136
AJIFKFCO_01619	MER0001369	41.975	81	45	1	76	156	52	130	1.27e-07	46.2
AJIFKFCO_01631	MER0002655	27.195	353	247	8	5	354	9	354	2.81e-39	140
AJIFKFCO_01631	MER0003770	28.804	368	253	7	1	365	1	362	1.77e-38	138
AJIFKFCO_01631	MER0002659	29.156	391	239	14	6	374	18	392	6.57e-38	137
AJIFKFCO_01631	MER0002014	28.232	379	240	12	3	364	15	378	2.11e-37	136
AJIFKFCO_01631	MER0002013	30.685	365	227	12	10	359	22	375	6.76e-36	132
AJIFKFCO_01631	MER0002007	28.940	349	213	12	10	341	22	352	1.60e-35	131
AJIFKFCO_01631	MER0005155	25.330	379	257	8	6	368	11	379	1.73e-32	122
AJIFKFCO_01631	MER0005173	25.364	343	238	8	6	341	2	333	4.51e-28	110
AJIFKFCO_01631	MER0015354	38.608	158	78	6	6	155	18	164	2.18e-23	95.5
AJIFKFCO_01631	MER0005163	38.776	147	85	3	10	155	13	155	8.29e-23	93.6
AJIFKFCO_01631	MER0003815	33.708	178	101	5	6	176	18	185	5.02e-22	92.0
AJIFKFCO_01631	MER0003581	33.987	153	89	5	55	198	7	156	7.18e-17	77.8
AJIFKFCO_01631	MER0002664	32.450	151	85	7	11	158	13	149	1.23e-13	67.4
AJIFKFCO_01631	MER0014418	29.348	276	148	12	12	274	24	265	2.09e-13	67.8
AJIFKFCO_01666	MER0001313	28.082	146	79	5	38	161	23	164	2.19e-07	45.1
AJIFKFCO_01694	MER0044357	25.346	217	130	8	11	198	38	251	1.16e-14	74.7
AJIFKFCO_01694	MER0044357	33.898	118	73	2	207	323	340	453	1.00e-11	65.5
AJIFKFCO_01793	MER0017248	45.098	51	26	1	282	330	207	257	8.21e-06	43.5
AJIFKFCO_01815	MER0069741	41.379	145	75	4	153	297	30	164	1.14e-28	105
AJIFKFCO_01815	MER0003380	47.706	109	54	2	190	297	127	233	3.71e-27	103
AJIFKFCO_01815	MER0013541	50.000	86	42	1	201	286	1	85	1.70e-22	87.0
AJIFKFCO_01815	MER0015415	38.614	101	52	1	186	286	59	149	2.03e-18	78.2
AJIFKFCO_01815	MER0001419	37.500	128	75	2	176	298	7	134	3.09e-16	71.6
AJIFKFCO_01815	MER0003423	37.097	124	73	2	180	298	11	134	7.99e-16	70.5
AJIFKFCO_01815	MER0003376	33.036	112	61	2	201	298	45	156	4.82e-14	66.2
AJIFKFCO_01815	MER0003906	36.047	86	54	1	201	285	1	86	5.11e-13	61.6
AJIFKFCO_01815	MER0387040	33.333	102	66	2	201	301	1	101	2.59e-10	53.9
AJIFKFCO_01815	MER0066182	31.061	132	77	4	176	301	69	192	3.20e-10	55.8
AJIFKFCO_01815	MER0005300	30.435	115	78	2	185	298	48	161	7.90e-08	48.1
AJIFKFCO_01815	MER0025070	35.514	107	55	5	197	292	2	105	9.14e-07	44.3
AJIFKFCO_01815	MER0388771	35.577	104	53	5	200	292	1	101	7.35e-06	41.6
AJIFKFCO_01889	MER0045094	42.632	190	103	4	2	187	12	199	1.31e-50	160
AJIFKFCO_01889	MER0044622	42.708	192	102	5	2	187	26	215	1.24e-49	158
AJIFKFCO_01889	MER0043394	44.785	163	85	3	28	187	3	163	4.45e-45	144
AJIFKFCO_01889	MER0044882	37.427	171	100	6	24	187	1	171	1.48e-34	117
AJIFKFCO_01889	MER0043392	40.580	138	78	3	47	184	23	156	4.17e-30	105
AJIFKFCO_01889	MER0043195	31.068	206	114	7	5	187	8	208	2.51e-19	79.7
AJIFKFCO_01889	MER0044619	31.088	193	119	8	3	187	9	195	5.24e-19	78.6
AJIFKFCO_01889	MER0045095	30.516	213	115	7	3	186	16	224	6.38e-19	79.0
AJIFKFCO_01889	MER0043537	27.027	185	131	3	4	187	2	183	1.12e-14	65.9
AJIFKFCO_01889	MER0045945	33.152	184	98	8	2	176	32	199	6.65e-13	61.6
AJIFKFCO_01889	MER0044812	24.848	165	111	5	16	176	68	223	3.29e-11	57.4
AJIFKFCO_01889	MER0044889	33.043	115	74	3	72	186	88	199	6.72e-11	56.2
AJIFKFCO_01889	MER0038086	31.624	117	73	3	75	186	109	223	3.33e-09	51.6
AJIFKFCO_01889	MER0045886	30.357	112	75	3	75	186	85	193	5.63e-09	50.8
AJIFKFCO_01889	MER0043387	32.520	123	73	5	67	186	50	165	1.99e-08	48.5
AJIFKFCO_01889	MER0436691	30.822	146	95	5	43	186	100	241	9.66e-08	47.4
AJIFKFCO_01889	MER0046161	27.219	169	67	6	40	182	99	237	2.93e-07	46.2
AJIFKFCO_01889	MER0042974	24.576	118	78	4	74	186	69	180	8.97e-07	44.3
AJIFKFCO_01964	MER0045479	25.200	250	149	9	41	276	10	235	1.77e-08	51.2
AJIFKFCO_01964	MER0031565	25.200	250	141	11	45	276	14	235	1.19e-07	48.9
AJIFKFCO_01964	MER0035041	22.500	160	103	5	115	264	98	246	4.21e-07	47.4
AJIFKFCO_01966	MER0001602	40.288	139	83	0	71	209	1	139	7.22e-38	125
AJIFKFCO_01966	MER0027775	28.777	139	73	5	71	206	1	116	5.28e-10	52.4
AJIFKFCO_01987	MER0013626	29.213	89	45	2	451	521	55	143	3.68e-09	52.8
AJIFKFCO_01987	MER0000589	43.636	55	31	0	475	529	180	234	1.07e-08	53.1
AJIFKFCO_01987	MER0000589	25.000	136	45	3	140	275	1	79	3.28e-07	48.5
AJIFKFCO_01987	MER0003269	30.864	81	43	2	450	517	64	144	3.22e-07	47.4
AJIFKFCO_01987	MER0001510	41.860	43	25	0	246	288	37	79	4.80e-06	43.9
AJIFKFCO_01991	MER0035036	22.596	208	143	5	2	201	28	225	2.91e-07	47.4
AJIFKFCO_01991	MER0048181	31.313	99	58	2	64	152	1	99	6.72e-07	45.1
AJIFKFCO_01991	MER0015472	28.205	156	95	5	63	209	44	191	9.18e-06	42.4
AJIFKFCO_01992	MER0015468	34.884	86	54	1	12	97	8	91	4.91e-12	60.1
AJIFKFCO_01992	MER0015472	27.586	203	94	5	51	252	44	194	5.77e-11	57.4
AJIFKFCO_01992	MER0015458	28.497	193	94	5	50	239	50	201	3.97e-10	55.5
AJIFKFCO_01992	MER0035036	24.868	189	89	3	49	236	85	221	5.57e-10	55.1
AJIFKFCO_01992	MER0030047	28.342	187	78	6	57	242	3	134	9.18e-10	52.8
AJIFKFCO_01992	MER0015459	45.833	48	26	0	50	97	48	95	1.37e-09	53.9
AJIFKFCO_01992	MER0015631	38.182	55	34	0	48	102	48	102	2.17e-08	50.1
AJIFKFCO_01992	MER0015632	31.183	93	61	2	12	104	8	97	2.19e-08	50.1
AJIFKFCO_01992	MER0047976	35.714	56	36	0	42	97	3	58	4.00e-08	48.9
AJIFKFCO_01992	MER0015473	26.633	199	99	5	57	252	42	196	1.96e-07	47.4
AJIFKFCO_01992	MER0017194	47.826	46	24	0	52	97	64	109	2.03e-07	47.4
AJIFKFCO_01992	MER0015633	37.736	53	33	0	50	102	48	100	2.31e-07	47.0
AJIFKFCO_01992	MER0015462	37.500	48	30	0	50	97	46	93	2.34e-07	46.6
AJIFKFCO_01992	MER0015630	36.364	55	35	0	48	102	49	103	9.83e-07	45.4
AJIFKFCO_01992	MER0015460	34.545	55	36	0	48	102	75	129	2.45e-06	44.3
AJIFKFCO_01992	MER0015667	32.727	55	37	0	48	102	46	100	4.61e-06	43.1
AJIFKFCO_02004	MER0047723	45.359	474	258	1	8	480	2	475	5.20e-149	431
AJIFKFCO_02004	MER0001283	42.149	484	280	0	3	486	1	484	2.68e-142	414
AJIFKFCO_02004	MER0028941	30.233	172	96	5	13	172	2	161	6.53e-11	60.5
AJIFKFCO_02004	MER0369336	33.036	112	61	3	65	172	8	109	1.09e-09	56.6
AJIFKFCO_02010	MER0002635	38.028	284	158	4	142	408	1	283	4.08e-51	171
AJIFKFCO_02010	MER0002646	33.910	289	152	2	161	410	20	308	5.58e-51	171
AJIFKFCO_02010	MER0173063	38.662	269	158	4	144	408	2	267	1.12e-50	169
AJIFKFCO_02010	MER0003824	35.448	268	162	6	144	408	3	262	2.37e-44	152
AJIFKFCO_02010	MER0049282	36.680	259	155	5	157	411	21	274	9.38e-43	148
AJIFKFCO_02010	MER0120615	32.000	275	168	6	138	409	3	261	1.93e-38	136
AJIFKFCO_02010	MER0011469	29.293	297	178	9	138	410	1	289	2.37e-28	110
AJIFKFCO_02010	MER0003772	27.092	251	170	3	165	407	24	269	1.13e-25	102
AJIFKFCO_02010	MER0011470	26.984	252	163	4	173	404	27	277	6.46e-25	100
AJIFKFCO_02010	MER0142760	30.864	162	110	1	243	404	301	460	1.35e-16	78.2
AJIFKFCO_02010	MER0142760	28.395	162	95	6	67	222	73	219	3.82e-06	45.4
AJIFKFCO_02010	MER0006292	24.876	201	124	8	212	411	1	175	1.96e-11	59.3
AJIFKFCO_02010	MER0002637	26.712	146	91	5	243	377	28	168	4.10e-07	47.4
AJIFKFCO_02051	MER0168983	27.950	161	98	6	279	435	1	147	1.23e-12	63.2
AJIFKFCO_02051	MER0012283	31.746	126	69	4	257	378	19	131	1.34e-09	55.5
AJIFKFCO_02051	MER0019754	28.042	189	115	8	270	441	3	187	2.17e-09	54.3
AJIFKFCO_02051	MER0005331	23.762	202	136	5	257	444	8	205	3.48e-09	53.9
AJIFKFCO_02051	MER0002755	24.057	212	133	6	251	445	2	202	3.77e-09	53.5
AJIFKFCO_02051	MER0001017	24.107	224	136	7	251	454	13	222	4.48e-09	54.3
AJIFKFCO_02051	MER0036308	27.972	143	77	4	254	387	14	139	9.56e-09	53.1
AJIFKFCO_02051	MER0015166	28.000	125	79	2	331	444	102	226	3.15e-08	51.2
AJIFKFCO_02051	MER0011345	21.364	220	146	6	251	454	13	221	3.24e-08	51.6
AJIFKFCO_02051	MER0006264	25.000	184	118	5	278	446	1	179	8.32e-08	49.3
AJIFKFCO_02051	MER0011440	23.423	222	152	7	251	458	1	218	1.82e-07	48.9
AJIFKFCO_02051	MER0001013	22.374	219	144	5	251	454	14	221	1.97e-07	49.3
AJIFKFCO_02051	MER0168177	30.435	92	51	3	279	369	1	80	3.34e-07	47.4
AJIFKFCO_02051	MER0011438	23.684	190	128	6	251	426	1	187	7.51e-07	47.0
AJIFKFCO_02051	MER0012271	24.752	202	117	9	271	452	34	220	8.69e-07	47.4
AJIFKFCO_02051	MER0001009	19.880	166	121	2	331	485	20	184	2.55e-06	45.4
AJIFKFCO_02051	MER0002658	26.471	136	84	3	334	454	1	135	3.33e-06	44.3
AJIFKFCO_02051	MER0001701	30.392	102	57	3	283	372	12	111	3.81e-06	45.1
AJIFKFCO_02051	MER0002968	22.995	187	128	5	269	442	25	208	5.99e-06	44.3
AJIFKFCO_02051	MER0011371	24.427	131	78	2	327	441	78	203	8.13e-06	43.9
AJIFKFCO_02051	MER0005046	25.806	186	116	8	267	438	6	183	8.87e-06	43.5
AJIFKFCO_02051	MER0002060	24.793	121	81	2	331	441	87	207	9.14e-06	43.9
AJIFKFCO_02068	MER0001094	44.262	61	34	0	422	482	113	173	3.61e-07	48.5
AJIFKFCO_02068	MER0158091	36.066	61	39	0	422	482	114	174	3.17e-06	46.2
AJIFKFCO_02068	MER0005075	33.766	77	45	1	408	478	96	172	6.14e-06	45.4
AJIFKFCO_02072	MER0042827	55.435	92	41	0	983	1074	1	92	1.45e-29	110
AJIFKFCO_02106	MER0195376	41.497	147	73	3	226	359	1	147	3.84e-27	104
AJIFKFCO_02106	MER0003514	23.158	190	119	4	224	412	1	164	9.56e-09	51.6
AJIFKFCO_02106	MER0001425	27.586	145	90	3	226	366	3	136	5.81e-08	49.7
AJIFKFCO_02106	MER0003065	29.197	137	78	5	226	359	3	123	2.78e-07	47.4
AJIFKFCO_02106	MER0078760	27.273	154	97	6	226	370	14	161	4.30e-07	47.4
AJIFKFCO_02106	MER0004196	27.536	138	82	3	226	359	3	126	1.63e-06	45.1
AJIFKFCO_02106	MER0003413	29.412	136	84	3	225	360	2	125	2.89e-06	44.3
AJIFKFCO_02194	MER0001322	37.500	104	52	4	128	226	2	97	2.48e-15	67.4
AJIFKFCO_02194	MER0014188	38.462	91	50	3	127	216	1	86	3.48e-15	66.6
AJIFKFCO_02194	MER0024252	38.144	97	52	3	139	229	14	108	2.00e-11	57.0
AJIFKFCO_02194	MER0002443	37.113	97	58	3	137	231	11	106	5.03e-11	55.5
AJIFKFCO_02194	MER0377310	36.842	95	56	3	135	228	9	100	1.07e-10	54.3
AJIFKFCO_02194	MER0377307	36.842	95	56	3	135	228	9	100	1.07e-10	54.3
AJIFKFCO_02194	MER0002450	36.842	95	56	3	135	228	9	100	1.30e-10	54.3
AJIFKFCO_02194	MER0003808	35.714	98	55	4	134	228	8	100	1.34e-09	51.6
AJIFKFCO_02194	MER0003805	35.052	97	55	4	135	228	9	100	1.90e-09	51.2
AJIFKFCO_02194	MER0376722	36.471	85	47	3	134	216	8	87	2.96e-09	50.1
AJIFKFCO_02194	MER0377450	36.471	85	47	3	135	217	9	88	4.32e-09	49.7
AJIFKFCO_02194	MER0377178	36.842	95	56	3	135	228	9	100	7.97e-09	49.3
AJIFKFCO_02194	MER0004035	37.975	79	46	3	139	216	10	86	1.81e-07	45.4
AJIFKFCO_02194	MER0004054	32.979	94	57	5	128	216	2	94	6.55e-06	41.2
AJIFKFCO_02222	MER0015121	25.610	164	107	4	68	217	70	232	3.98e-09	54.7
AJIFKFCO_02222	MER0013471	31.298	131	70	5	61	171	62	192	6.14e-09	53.9
AJIFKFCO_02222	MER0001505	33.750	80	46	1	41	113	34	113	1.68e-07	49.3
AJIFKFCO_02222	MER0003495	29.661	118	65	3	31	130	27	144	1.70e-07	49.3
AJIFKFCO_02222	MER0107602	28.682	129	75	3	19	130	6	134	4.64e-07	48.1
AJIFKFCO_02222	MER0011681	27.660	141	94	6	8	142	5	143	6.98e-07	47.4
AJIFKFCO_02222	MER0003817	28.000	175	90	7	10	148	2	176	2.38e-06	45.8
AJIFKFCO_02222	MER0004959	25.185	135	83	3	68	184	71	205	3.14e-06	45.4
AJIFKFCO_02228	MER0033186	38.438	320	189	3	67	381	1	317	1.55e-67	214
AJIFKFCO_02247	MER0195774	35.393	178	112	2	43	220	1	175	1.04e-28	110
AJIFKFCO_02247	MER0195774	22.222	171	131	2	518	687	1	170	3.27e-08	51.2
AJIFKFCO_02247	MER0015259	32.020	203	122	6	29	221	12	208	4.42e-18	80.9
AJIFKFCO_02247	MER0011744	32.512	203	121	7	29	221	12	208	8.00e-17	77.4
AJIFKFCO_02247	MER0011096	29.557	203	127	5	29	221	12	208	1.05e-15	73.9
AJIFKFCO_02247	MER0043985	25.551	227	155	4	43	262	2	221	6.55e-15	72.4
AJIFKFCO_02247	MER0001229	25.229	218	153	3	43	257	2	212	4.50e-14	69.3
AJIFKFCO_02247	MER0122186	29.787	188	121	6	38	221	17	197	5.08e-13	65.9
AJIFKFCO_02247	MER0390687	24.224	161	120	2	527	686	2	161	1.32e-12	63.9
AJIFKFCO_02247	MER0390687	25.625	160	115	3	60	219	11	166	1.75e-08	52.0
AJIFKFCO_02247	MER0003448	25.000	212	149	3	43	251	2	206	1.65e-12	65.1
AJIFKFCO_02247	MER0003448	20.690	203	151	3	518	715	2	199	1.44e-08	53.1
AJIFKFCO_02247	MER0001233	28.365	208	137	5	43	242	2	205	5.25e-12	63.9
AJIFKFCO_02247	MER0237414	23.305	236	157	8	520	736	3	233	4.74e-10	57.8
AJIFKFCO_02247	MER0001214	27.397	146	99	3	29	171	12	153	4.62e-09	53.9
AJIFKFCO_02247	MER0003543	24.038	208	149	5	43	248	2	202	5.06e-09	54.7
AJIFKFCO_02247	MER0003543	20.707	198	150	5	518	712	2	195	9.85e-07	47.8
AJIFKFCO_02247	MER0014333	28.400	250	156	11	43	277	2	243	6.17e-09	54.7
AJIFKFCO_02247	MER0003386	26.238	202	137	7	28	221	11	208	1.64e-08	52.8
AJIFKFCO_02247	MER0011292	25.688	218	118	8	38	221	21	228	3.82e-08	52.0
AJIFKFCO_02247	MER0001218	25.000	204	135	7	29	221	12	208	9.89e-08	50.4
AJIFKFCO_02247	MER0002008	25.463	216	137	8	43	247	2	204	1.41e-07	50.4
AJIFKFCO_02247	MER0002345	28.144	167	111	4	29	192	12	172	2.57e-07	49.3
AJIFKFCO_02247	MER0001220	27.136	199	123	7	61	248	2	189	2.73e-07	49.3
AJIFKFCO_02247	MER0039456	21.762	193	144	5	518	704	2	193	3.35e-07	48.9
AJIFKFCO_02247	MER0002423	28.421	190	118	8	43	221	26	208	4.92e-07	48.5
AJIFKFCO_02247	MER0188967	25.283	265	173	10	79	322	3	263	6.23e-07	49.7
AJIFKFCO_02247	MER0001222	30.000	130	84	3	38	164	21	146	6.57e-07	48.1
AJIFKFCO_02247	MER0015090	23.958	192	139	6	43	233	2	187	7.76e-07	48.1
AJIFKFCO_02247	MER0003823	27.094	203	132	7	29	221	12	208	8.42e-07	47.8
AJIFKFCO_02247	MER0002283	27.451	204	130	7	29	221	12	208	8.65e-07	47.8
AJIFKFCO_02247	MER0011192	26.744	172	102	7	63	221	1	161	2.79e-06	45.4
AJIFKFCO_02275	MER0031611	24.419	258	154	7	73	300	32	278	2.55e-15	72.0
AJIFKFCO_02275	MER0044581	39.091	110	55	4	77	177	69	175	3.09e-13	66.2
AJIFKFCO_02275	MER0044633	37.069	116	62	3	70	177	64	176	3.27e-13	66.2
AJIFKFCO_02275	MER0044578	35.514	107	57	4	80	177	74	177	2.17e-11	60.8
AJIFKFCO_02275	MER0011509	33.333	105	61	2	79	177	38	139	3.16e-10	57.0
AJIFKFCO_02275	MER0036053	22.768	224	134	7	77	266	6	224	1.35e-09	54.7
AJIFKFCO_02275	MER0011785	31.068	103	67	1	80	178	36	138	3.81e-09	53.9
AJIFKFCO_02275	MER0017142	27.119	236	149	11	77	297	12	239	5.37e-09	52.8
AJIFKFCO_02275	MER0036068	24.280	243	155	10	80	300	54	289	2.52e-08	51.2
AJIFKFCO_02275	MER0035973	23.881	201	132	7	80	268	57	248	7.47e-08	49.7
AJIFKFCO_02275	MER0045809	28.986	138	85	5	50	175	11	147	7.50e-08	49.7
AJIFKFCO_02275	MER0025512	21.762	193	117	5	137	300	107	294	1.46e-07	48.9
AJIFKFCO_02275	MER0036115	25.874	143	95	4	57	194	13	149	1.77e-07	48.5
AJIFKFCO_02275	MER0042914	23.506	251	159	10	42	264	3	248	2.19e-07	48.1
AJIFKFCO_02275	MER0036075	31.250	128	69	7	65	177	48	171	3.96e-07	47.8
AJIFKFCO_02275	MER0213829	22.022	277	153	10	78	303	48	312	7.27e-07	47.0
AJIFKFCO_02275	MER0036065	23.047	256	164	8	80	305	3	255	3.24e-06	44.7
AJIFKFCO_02275	MER0031616	29.412	102	69	1	79	177	39	140	4.17e-06	44.3
AJIFKFCO_02275	MER0183709	28.788	132	84	4	55	178	12	141	5.88e-06	43.9
AJIFKFCO_02284	MER0004090	27.157	394	231	12	579	945	1	365	5.14e-30	120
AJIFKFCO_02284	MER0035017	23.810	420	255	14	587	966	1	395	1.72e-27	112
AJIFKFCO_02284	MER0003800	26.904	394	236	14	577	945	6	372	2.07e-20	91.7
AJIFKFCO_02284	MER0011700	24.430	307	194	13	587	881	1	281	4.63e-10	59.3
AJIFKFCO_02284	MER0006204	28.205	117	78	3	588	700	6	120	4.71e-09	56.2
AJIFKFCO_02284	MER0026262	23.333	360	200	12	588	926	2	306	2.21e-08	53.9
AJIFKFCO_02284	MER0011726	32.323	99	53	3	604	696	23	113	2.32e-06	47.8
AJIFKFCO_02284	MER0354941	24.171	211	124	5	603	801	11	197	6.12e-06	45.1
AJIFKFCO_02324	MER0065588	44.388	196	106	3	1	193	1	196	3.43e-53	166
AJIFKFCO_02324	MER0043537	23.645	203	123	8	3	193	2	184	4.83e-09	50.8
AJIFKFCO_02324	MER0043387	28.369	141	68	6	62	191	47	165	1.07e-06	43.9
AJIFKFCO_02324	MER0044889	28.218	202	113	9	2	191	18	199	6.46e-06	42.0
AJIFKFCO_02370	MER0000426	29.530	149	84	5	69	213	26	157	1.15e-07	50.8
AJIFKFCO_02370	MER0005778	27.160	162	101	5	69	225	27	176	1.63e-07	50.1
AJIFKFCO_02370	MER0010960	27.429	175	102	10	40	209	5	159	1.69e-07	50.1
AJIFKFCO_02370	MER0005764	26.786	168	106	5	63	226	22	176	2.18e-07	49.7
AJIFKFCO_02370	MER0000413	29.286	140	87	5	66	202	38	168	2.48e-07	49.7
AJIFKFCO_02370	MER0173043	28.804	184	102	9	63	242	21	179	2.48e-07	49.7
AJIFKFCO_02370	MER0020180	28.082	146	88	5	67	209	30	161	3.88e-07	49.7
AJIFKFCO_02370	MER0020180	28.671	143	86	5	69	209	1122	1250	1.35e-06	47.8
AJIFKFCO_02370	MER0006012	28.889	135	83	4	69	202	21	143	6.54e-07	45.8
AJIFKFCO_02370	MER1152302	28.671	143	86	5	69	209	26	154	6.82e-07	48.5
AJIFKFCO_02370	MER0022863	31.373	153	82	8	61	209	26	159	7.02e-07	48.1
AJIFKFCO_02370	MER0004615	29.530	149	79	7	69	209	28	158	8.77e-07	47.8
AJIFKFCO_02370	MER0004682	26.257	179	108	7	60	228	21	185	1.40e-06	47.4
AJIFKFCO_02370	MER0023481	24.868	189	112	8	60	243	26	189	2.87e-06	46.2
AJIFKFCO_02370	MER0000428	27.083	144	80	5	76	213	31	155	3.38e-06	45.8
AJIFKFCO_02370	MER0004128	31.159	138	79	6	78	212	599	723	4.27e-06	46.2
AJIFKFCO_02370	MER0011762	26.415	212	129	8	60	265	19	209	6.68e-06	45.1
AJIFKFCO_02370	MER0004683	25.581	172	108	7	65	228	26	185	7.52e-06	45.1
AJIFKFCO_02370	MER0011754	25.714	175	104	6	63	226	22	181	7.75e-06	45.1
AJIFKFCO_02371	MER0073084	19.745	471	334	10	59	504	29	480	8.00e-21	92.8
AJIFKFCO_02371	MER0014496	25.749	167	112	4	292	447	274	439	9.77e-08	51.6
AJIFKFCO_02374	MER0005767	26.538	260	160	7	57	315	29	258	3.52e-14	69.7
AJIFKFCO_02376	MER0209507	28.283	99	69	1	96	192	7	105	2.09e-07	45.1
AJIFKFCO_02399	MER0000410	68.773	269	84	0	414	682	11	279	3.34e-132	388
AJIFKFCO_02399	MER0011872	42.222	270	151	3	419	684	16	284	8.39e-70	226
AJIFKFCO_02399	MER0082498	43.463	283	136	7	421	679	1	283	4.51e-68	221
AJIFKFCO_02399	MER0005694	35.484	279	173	3	410	684	7	282	9.52e-52	177
AJIFKFCO_02399	MER0000392	31.636	275	175	4	415	679	2	273	1.62e-41	149
AJIFKFCO_02399	MER0015621	29.392	296	187	5	405	682	2	293	7.69e-41	148
AJIFKFCO_02399	MER0079308	33.083	266	167	6	419	679	6	265	1.41e-39	144
AJIFKFCO_02399	MER0011450	31.660	259	161	6	415	662	2	255	2.51e-39	143
AJIFKFCO_02399	MER0022823	33.333	273	170	7	415	679	2	270	2.37e-38	140
AJIFKFCO_02399	MER0004227	36.530	219	138	1	425	642	28	246	1.42e-37	139
AJIFKFCO_02399	MER0002490	27.451	306	188	7	404	682	3	301	3.73e-37	138
AJIFKFCO_02399	MER0082653	33.755	237	142	7	421	643	7	242	3.31e-36	134
AJIFKFCO_02399	MER0325901	31.541	279	179	7	412	685	1	272	1.20e-34	130
AJIFKFCO_02399	MER0981959	27.402	281	183	5	416	679	2	278	2.28e-31	120
AJIFKFCO_02399	MER0003229	29.851	268	174	6	416	679	11	268	4.31e-30	117
AJIFKFCO_02399	MER0000398	30.612	245	153	6	421	663	5	234	7.11e-28	110
AJIFKFCO_02424	MER0000485	48.101	237	122	1	572	807	1	237	1.35e-74	240
AJIFKFCO_02424	MER0000495	44.082	245	128	2	572	807	1	245	1.02e-61	206
AJIFKFCO_02424	MER0003442	46.512	215	109	2	594	805	10	221	1.42e-58	196
AJIFKFCO_02424	MER0011056	46.411	209	105	3	602	805	15	221	2.13e-57	192
AJIFKFCO_02424	MER0014970	37.276	279	130	2	572	805	1	279	3.98e-56	192
AJIFKFCO_02424	MER0011057	46.009	213	106	4	598	805	13	221	1.19e-54	185
AJIFKFCO_02424	MER0000488	42.616	237	124	5	572	802	1	231	1.08e-53	183
AJIFKFCO_02424	MER0003443	45.876	194	96	3	611	797	29	220	2.53e-50	173
AJIFKFCO_02424	MER0004236	47.701	174	89	1	629	802	87	258	2.74e-47	166
AJIFKFCO_02424	MER0000496	42.929	198	106	3	598	789	81	277	4.00e-44	159
AJIFKFCO_02424	MER0108906	38.136	236	139	2	572	805	1	231	1.59e-40	145
AJIFKFCO_02424	MER0005837	35.776	232	121	5	573	787	2	222	5.07e-38	139
AJIFKFCO_02424	MER0026213	33.553	152	98	1	658	809	111	259	1.60e-22	94.7
AJIFKFCO_02424	MER0017402	31.551	187	116	4	630	811	28	207	1.69e-17	79.3
AJIFKFCO_02424	MER0003859	31.496	127	81	1	652	778	79	199	6.27e-15	72.4
AJIFKFCO_02424	MER0003359	31.677	161	97	6	630	780	45	202	8.11e-11	59.7
AJIFKFCO_02424	MER0017403	39.437	71	43	0	696	766	97	167	1.25e-06	47.4
AJIFKFCO_02424	MER0000491	25.225	111	80	2	668	778	5	112	3.69e-06	45.4
AJIFKFCO_02424	MER0003017	30.693	101	65	2	710	809	66	162	4.51e-06	44.7
AJIFKFCO_02430	MER0042387	32.738	168	100	5	93	255	17	176	2.25e-28	104
AJIFKFCO_02430	MER0026552	36.527	167	97	3	83	249	1	158	4.21e-28	103
AJIFKFCO_02430	MER0026545	31.863	204	117	6	67	260	77	268	2.14e-27	103
AJIFKFCO_02430	MER0026496	28.235	255	154	9	21	260	31	271	1.75e-23	93.6
AJIFKFCO_02430	MER0031491	28.916	166	101	6	96	250	20	179	1.08e-17	76.3
AJIFKFCO_02441	MER0069741	33.962	159	63	7	14	172	47	163	3.82e-15	70.5
AJIFKFCO_02441	MER0003380	30.488	164	81	6	15	172	96	232	2.73e-10	57.8
AJIFKFCO_02441	MER0003376	27.684	177	86	6	1	171	1	141	1.54e-08	51.2
AJIFKFCO_02441	MER0015415	26.619	139	66	3	51	189	64	166	1.92e-08	51.2
AJIFKFCO_02441	MER0013541	32.432	111	49	4	51	161	1	85	7.28e-07	44.3
AJIFKFCO_02520	MER0013623	52.597	154	72	1	105	258	1	153	4.44e-54	175
AJIFKFCO_02520	MER0003850	50.575	174	83	3	105	276	3	175	1.58e-53	174
AJIFKFCO_02520	MER0000268	53.548	155	70	2	105	258	1	154	2.50e-50	165
AJIFKFCO_02520	MER0004111	49.032	155	78	1	105	258	1	155	1.69e-48	160
AJIFKFCO_02520	MER0000266	50.641	156	75	2	105	258	1	156	4.01e-48	159
AJIFKFCO_02520	MER0005468	48.428	159	76	3	105	258	1	158	3.44e-46	154
AJIFKFCO_02520	MER0001372	51.923	156	73	2	105	258	1	156	4.03e-46	154
AJIFKFCO_02520	MER0001373	51.899	158	72	2	105	258	1	158	4.62e-41	141
AJIFKFCO_02520	MER0004149	46.341	164	77	4	105	258	1	163	1.22e-40	140
AJIFKFCO_02520	MER0001945	44.025	159	84	2	105	258	1	159	3.42e-38	133
AJIFKFCO_02520	MER0003290	45.283	159	79	3	105	258	1	156	6.32e-38	132
AJIFKFCO_02520	MER0004673	35.870	276	142	8	105	356	2	266	8.31e-38	136
AJIFKFCO_02520	MER0003293	46.980	149	77	2	105	252	1	148	6.34e-37	130
AJIFKFCO_02520	MER0010944	43.023	172	79	5	105	258	1	171	4.00e-36	128
AJIFKFCO_02520	MER0002577	43.038	158	81	3	105	258	1	153	4.94e-35	125
AJIFKFCO_02520	MER0028330	43.671	158	80	3	105	258	1	153	9.69e-34	121
AJIFKFCO_02520	MER0016351	41.139	158	84	3	105	258	1	153	1.60e-31	115
AJIFKFCO_02520	MER0014795	40.964	166	79	4	105	258	1	159	3.35e-31	114
AJIFKFCO_02520	MER0004086	41.718	163	84	4	106	258	1	162	6.44e-31	114
AJIFKFCO_02520	MER0022668	39.181	171	87	5	105	258	1	171	1.04e-29	111
AJIFKFCO_02520	MER0016031	41.317	167	84	5	105	258	1	166	1.73e-29	110
AJIFKFCO_02520	MER0004093	39.241	158	87	3	105	258	1	153	1.22e-28	107
AJIFKFCO_02520	MER0011375	38.750	160	86	5	105	258	1	154	1.49e-27	104
AJIFKFCO_02520	MER0006096	40.299	134	73	3	129	258	1	131	1.88e-27	103
AJIFKFCO_02520	MER0015583	38.926	149	79	4	105	241	1	149	1.08e-22	91.3
AJIFKFCO_02520	MER0005093	33.125	160	92	4	105	249	1	160	2.58e-20	84.7
AJIFKFCO_02520	MER0063616	35.928	167	79	8	108	258	5	159	1.15e-17	77.0
AJIFKFCO_02520	MER0005094	31.288	163	89	8	105	253	1	154	3.12e-11	58.5
AJIFKFCO_02520	MER0024901	37.500	144	75	10	105	239	1	138	5.86e-09	51.6
AJIFKFCO_02520	MER0014318	34.507	142	82	8	105	239	1	138	1.60e-08	50.8
AJIFKFCO_02520	MER0014314	29.861	144	75	6	105	233	1	133	5.94e-08	48.9
AJIFKFCO_02520	MER0004696	28.671	143	89	6	105	239	1	138	7.65e-08	48.1
AJIFKFCO_02520	MER0014317	29.452	146	93	6	116	253	10	153	2.50e-07	47.4
AJIFKFCO_02520	MER0005090	31.159	138	81	7	105	233	1	133	3.80e-06	43.9
