EKHNMBHM_00072	MER0000589	50.943	53	26	0	419	471	179	231	3.20e-12	63.5
EKHNMBHM_00072	MER0000589	31.707	123	40	3	140	262	1	79	9.42e-10	56.2
EKHNMBHM_00072	MER0013626	42.308	52	30	0	422	473	99	150	1.15e-10	57.0
EKHNMBHM_00112	MER0042387	32.787	183	115	4	76	253	1	180	1.23e-25	96.7
EKHNMBHM_00112	MER0026545	29.098	244	157	6	26	253	24	267	1.57e-25	98.6
EKHNMBHM_00112	MER0031491	29.897	194	118	5	76	255	1	190	2.60e-22	88.2
EKHNMBHM_00112	MER0026496	27.612	268	173	9	6	253	4	270	2.10e-19	82.0
EKHNMBHM_00112	MER0026552	30.120	166	112	4	86	250	3	165	3.51e-17	73.9
EKHNMBHM_00112	MER0002642	30.178	169	107	7	93	255	12	175	1.30e-11	58.5
EKHNMBHM_00113	MER0013458	25.478	157	96	7	51	204	34	172	1.55e-08	50.1
EKHNMBHM_00116	MER0002251	47.391	230	115	4	2	228	1	227	1.02e-71	216
EKHNMBHM_00116	MER0001335	37.826	230	134	5	3	228	2	226	2.08e-45	148
EKHNMBHM_00136	MER0001421	51.128	399	191	4	16	413	1	396	1.96e-143	411
EKHNMBHM_00136	MER0028941	26.683	416	236	12	7	407	2	363	1.89e-26	106
EKHNMBHM_00136	MER0369336	30.496	282	179	8	134	407	39	311	1.08e-23	97.4
EKHNMBHM_00178	MER0167712	25.667	300	208	5	31	320	30	324	1.06e-23	99.0
EKHNMBHM_00190	MER0001928	46.091	243	105	9	157	389	1	227	9.99e-48	161
EKHNMBHM_00190	MER0000315	45.378	238	112	7	158	389	2	227	2.18e-47	160
EKHNMBHM_00190	MER0001520	44.958	238	113	7	158	389	2	227	8.33e-47	159
EKHNMBHM_00190	MER0001906	44.958	238	113	7	158	389	2	227	1.40e-46	158
EKHNMBHM_00190	MER0000310	42.739	241	119	6	158	389	2	232	3.49e-45	154
EKHNMBHM_00190	MER0000309	42.857	238	123	5	158	389	2	232	3.30e-44	152
EKHNMBHM_00190	MER0000313	42.149	242	120	7	158	389	2	233	1.27e-42	148
EKHNMBHM_00190	MER0001521	42.149	242	120	7	158	389	2	233	1.49e-42	147
EKHNMBHM_00190	MER0000326	46.575	219	103	4	172	389	29	234	1.56e-42	149
EKHNMBHM_00190	MER0001523	41.736	242	121	7	158	389	2	233	1.40e-41	145
EKHNMBHM_00190	MER0000312	41.736	242	121	7	158	389	2	233	1.40e-41	145
EKHNMBHM_00190	MER0001755	41.322	242	122	7	158	389	2	233	1.76e-41	145
EKHNMBHM_00190	MER0013656	43.277	238	117	8	158	389	1	226	4.31e-41	144
EKHNMBHM_00190	MER0001699	40.496	242	122	8	158	389	2	231	5.98e-40	140
EKHNMBHM_00190	MER0000335	37.600	250	121	7	155	386	1	233	2.18e-39	139
EKHNMBHM_00190	MER0000332	41.014	217	118	5	174	389	23	230	3.94e-39	138
EKHNMBHM_00190	MER0000316	43.277	238	117	7	158	389	1	226	6.62e-39	137
EKHNMBHM_00190	MER0000356	42.358	229	103	7	173	387	48	261	3.31e-38	138
EKHNMBHM_00190	MER0000336	39.231	260	138	6	132	386	1	245	4.95e-38	136
EKHNMBHM_00190	MER0077555	40.083	242	124	7	158	389	2	232	4.92e-37	133
EKHNMBHM_00190	MER0005078	41.096	219	110	5	173	386	40	244	8.97e-37	132
EKHNMBHM_00190	MER0002516	39.080	261	141	7	132	389	1	246	1.15e-36	132
EKHNMBHM_00190	MER0000338	41.553	219	109	6	173	386	32	236	1.47e-36	132
EKHNMBHM_00190	MER0000311	39.331	239	131	6	158	389	2	233	7.02e-36	130
EKHNMBHM_00190	MER0004720	42.466	219	107	5	173	386	33	237	1.00e-35	129
EKHNMBHM_00190	MER0000357	37.692	260	116	9	158	387	6	249	8.18e-35	128
EKHNMBHM_00190	MER0000333	37.900	219	126	5	172	389	21	230	1.78e-34	126
EKHNMBHM_00190	MER0002764	36.742	264	147	9	130	386	1	251	2.11e-34	126
EKHNMBHM_00190	MER0016983	38.168	262	123	8	158	389	2	254	1.49e-33	124
EKHNMBHM_00190	MER0042897	41.525	236	119	6	158	382	2	229	2.98e-33	123
EKHNMBHM_00190	MER0006074	39.256	242	115	9	178	408	46	266	4.41e-33	123
EKHNMBHM_00190	MER0000320	38.865	229	123	6	170	389	20	240	1.42e-32	121
EKHNMBHM_00190	MER0000359	39.357	249	112	11	161	386	22	254	3.38e-32	120
EKHNMBHM_00190	MER0000319	39.336	211	115	5	180	389	37	235	5.98e-32	119
EKHNMBHM_00190	MER0003117	39.819	221	113	6	173	386	34	241	1.62e-31	118
EKHNMBHM_00190	MER0081072	31.489	235	148	4	160	389	1	227	4.72e-30	113
EKHNMBHM_00190	MER0003536	40.574	244	111	12	170	389	27	260	1.17e-29	114
EKHNMBHM_00190	MER0000344	39.367	221	112	7	173	386	48	253	2.91e-29	112
EKHNMBHM_00190	MER0006037	39.726	219	113	5	173	386	40	244	7.45e-29	111
EKHNMBHM_00190	MER0000325	42.009	219	111	5	173	389	30	234	9.79e-29	112
EKHNMBHM_00190	MER0002267	36.475	244	129	7	158	389	10	239	5.69e-28	108
EKHNMBHM_00190	MER0000358	35.060	251	135	11	149	386	5	240	2.87e-27	108
EKHNMBHM_00190	MER0004085	33.663	303	136	12	123	386	8	284	3.52e-27	107
EKHNMBHM_00190	MER0005931	39.904	208	117	5	183	389	1	201	1.52e-26	103
EKHNMBHM_00190	MER0000361	35.185	270	118	10	170	389	27	289	5.76e-26	104
EKHNMBHM_00190	MER0001725	36.546	249	136	7	173	410	50	287	3.57e-25	101
EKHNMBHM_00190	MER0000328	40.351	228	109	10	173	388	32	244	4.24e-25	100
EKHNMBHM_00190	MER0019280	40.000	250	122	14	162	389	17	260	4.38e-25	101
EKHNMBHM_00190	MER0005821	31.839	223	131	6	180	386	41	258	5.11e-25	103
EKHNMBHM_00190	MER0000362	35.206	267	120	8	170	389	23	283	7.02e-25	101
EKHNMBHM_00190	MER0002565	34.583	240	141	6	180	413	70	299	8.51e-24	99.0
EKHNMBHM_00190	MER0062058	36.667	240	117	8	180	389	4	238	1.50e-23	98.6
EKHNMBHM_00190	MER0014744	37.131	237	122	8	173	386	50	282	1.53e-23	97.4
EKHNMBHM_00190	MER0016688	35.714	252	126	10	170	389	27	274	2.99e-23	96.3
EKHNMBHM_00190	MER0028365	30.741	270	154	6	150	389	34	300	4.60e-23	97.1
EKHNMBHM_00190	MER0054318	36.161	224	118	9	180	386	25	240	1.07e-22	94.7
EKHNMBHM_00190	MER0006023	34.733	262	111	10	180	389	34	287	4.36e-22	93.2
EKHNMBHM_00190	MER0001709	35.659	258	111	8	180	389	33	283	4.49e-22	93.2
EKHNMBHM_00190	MER0004123	33.712	264	133	10	164	389	29	288	5.75e-22	92.8
EKHNMBHM_00190	MER0002575	33.488	215	125	9	180	386	30	234	7.48e-21	89.0
EKHNMBHM_00190	MER0030016	34.818	247	107	12	170	385	29	252	1.39e-20	87.8
EKHNMBHM_00190	MER0000321	28.617	311	182	12	108	389	32	331	1.46e-20	89.4
EKHNMBHM_00190	MER0000351	36.667	180	106	3	215	389	106	282	1.79e-19	85.1
EKHNMBHM_00190	MER0016697	31.273	275	125	9	173	389	26	294	2.13e-19	85.5
EKHNMBHM_00190	MER0000353	37.500	176	100	3	215	385	157	327	4.03e-19	84.7
EKHNMBHM_00190	MER0002562	38.679	212	95	10	206	389	105	309	2.32e-18	82.8
EKHNMBHM_00190	MER0004690	28.916	249	124	8	180	382	41	282	4.13e-18	82.0
EKHNMBHM_00190	MER0017009	31.746	252	124	9	180	389	59	304	7.21e-18	81.3
EKHNMBHM_00190	MER0016978	33.054	239	122	9	180	387	38	269	3.63e-17	78.6
EKHNMBHM_00190	MER0055027	34.906	212	118	7	158	361	10	209	3.90e-16	76.6
EKHNMBHM_00190	MER0000347	32.184	261	125	12	170	389	60	309	1.58e-15	75.1
EKHNMBHM_00190	MER0002790	36.979	192	97	6	215	386	1	188	2.05e-15	72.4
EKHNMBHM_00190	MER0000340	31.034	261	138	12	156	386	1	249	3.16e-15	72.8
EKHNMBHM_00190	MER0005790	31.765	255	129	7	173	389	21	268	6.86e-15	71.2
EKHNMBHM_00190	MER0003020	28.779	344	151	14	142	396	134	472	1.39e-14	72.0
EKHNMBHM_00190	MER0002500	27.371	369	196	14	101	404	7	368	2.48e-14	70.9
EKHNMBHM_00190	MER0022415	26.766	269	155	12	145	387	1	253	3.04e-14	70.9
EKHNMBHM_00190	MER0002739	31.955	266	118	11	178	387	39	297	6.80e-14	70.1
EKHNMBHM_00190	MER0005859	35.945	217	97	12	211	389	238	450	7.17e-14	69.7
EKHNMBHM_00190	MER0014446	33.668	199	85	10	215	389	197	372	8.94e-14	69.3
EKHNMBHM_00190	MER0175622	30.041	243	139	12	168	389	23	255	7.22e-13	65.9
EKHNMBHM_00190	MER0067924	30.980	255	133	14	170	389	9	255	4.12e-12	63.2
EKHNMBHM_00190	MER0002057	27.612	268	134	8	180	389	57	322	1.02e-11	62.8
EKHNMBHM_00190	MER0028258	32.174	230	105	9	212	393	101	327	7.37e-11	60.1
EKHNMBHM_00190	MER0161312	27.304	293	134	11	170	389	19	305	7.51e-11	60.1
EKHNMBHM_00190	MER0047718	32.447	188	105	6	170	339	10	193	1.03e-10	59.3
EKHNMBHM_00190	MER0050309	30.579	242	146	10	180	413	10	237	2.61e-10	58.5
EKHNMBHM_00190	MER0004988	27.876	226	132	10	180	389	38	248	4.07e-10	57.4
EKHNMBHM_00190	MER0000348	27.817	284	115	14	180	389	41	308	1.35e-09	56.2
EKHNMBHM_00190	MER0000389	29.902	204	115	9	172	355	30	225	2.43e-09	55.1
EKHNMBHM_00190	MER0013641	29.682	283	149	15	152	389	4	281	3.29e-09	55.1
EKHNMBHM_00190	MER0238466	26.562	192	114	7	180	357	28	206	5.50e-09	53.9
EKHNMBHM_00190	MER0000381	38.835	103	50	4	168	261	9	107	6.40e-09	53.5
EKHNMBHM_00190	MER0114485	29.150	247	124	10	212	410	103	346	1.30e-08	53.1
EKHNMBHM_00190	MER0005712	28.163	245	114	10	205	389	78	320	1.28e-07	50.1
EKHNMBHM_00190	MER0155676	32.836	201	103	12	210	381	120	317	3.46e-07	48.9
EKHNMBHM_00190	MER0004626	30.841	107	63	5	180	283	22	120	3.61e-07	48.1
EKHNMBHM_00190	MER0068994	30.387	181	90	6	170	314	31	211	3.63e-07	48.5
EKHNMBHM_00190	MER0014300	28.000	200	113	9	173	349	31	222	6.63e-07	47.8
EKHNMBHM_00190	MER0192109	40.000	90	45	3	170	250	20	109	8.20e-07	47.4
EKHNMBHM_00190	MER0077856	37.778	90	47	3	170	250	20	109	8.28e-07	47.4
EKHNMBHM_00190	MER0000377	39.080	87	44	3	170	247	14	100	8.55e-07	47.0
EKHNMBHM_00190	MER0000375	36.667	90	48	3	170	250	11	100	2.76e-06	45.4
EKHNMBHM_00190	MER0004113	35.632	87	47	3	170	247	34	120	2.79e-06	45.8
EKHNMBHM_00190	MER0001604	35.632	87	51	2	168	249	18	104	3.72e-06	45.1
EKHNMBHM_00190	MER0004652	34.091	132	67	6	208	322	106	234	3.84e-06	45.8
EKHNMBHM_00190	MER0006093	30.769	156	92	5	170	312	28	180	5.14e-06	45.1
EKHNMBHM_00190	MER0015429	32.787	122	66	4	205	313	103	221	9.23e-06	44.3
EKHNMBHM_00190	MER0000373	36.782	87	46	4	170	247	13	99	9.84e-06	43.9
EKHNMBHM_00216	MER0056525	51.515	231	109	2	406	635	1	229	1.05e-81	255
EKHNMBHM_00216	MER0011748	50.813	246	112	3	406	650	1	238	1.02e-78	248
EKHNMBHM_00216	MER0015609	50.649	231	109	2	406	635	1	227	1.82e-77	245
EKHNMBHM_00216	MER0005496	48.261	230	118	1	406	635	1	229	1.70e-76	242
EKHNMBHM_00216	MER0011224	44.783	230	126	1	406	635	1	229	1.02e-71	230
EKHNMBHM_00216	MER0023544	43.913	230	128	1	406	635	1	229	1.54e-69	224
EKHNMBHM_00216	MER0015195	45.455	231	123	2	406	635	1	229	2.63e-69	224
EKHNMBHM_00216	MER0002605	42.424	231	129	2	406	635	1	228	3.11e-65	213
EKHNMBHM_00216	MER0015194	42.857	231	127	2	407	635	2	229	4.31e-63	207
EKHNMBHM_00216	MER0002600	41.558	231	132	2	406	635	1	229	5.81e-62	204
EKHNMBHM_00216	MER0171760	39.245	265	153	4	370	631	1	260	1.07e-60	201
EKHNMBHM_00216	MER0024898	42.918	233	128	4	406	635	1	231	4.41e-58	194
EKHNMBHM_00216	MER0014306	39.130	230	139	1	406	635	1	229	4.77e-58	194
EKHNMBHM_00216	MER0004454	38.961	231	140	1	406	635	1	231	1.03e-53	182
EKHNMBHM_00216	MER0005466	40.086	232	133	3	407	632	2	233	1.44e-53	181
EKHNMBHM_00216	MER0015199	42.857	238	126	4	406	634	1	237	1.78e-51	176
EKHNMBHM_00216	MER0002602	39.565	230	133	2	407	630	2	231	6.29e-50	172
EKHNMBHM_00216	MER0002563	34.615	234	143	4	407	630	2	235	6.98e-45	157
EKHNMBHM_00216	MER0001620	37.447	235	140	3	406	633	1	235	2.29e-44	157
EKHNMBHM_00216	MER0002408	36.032	247	146	7	406	642	1	245	5.07e-44	155
EKHNMBHM_00216	MER0017637	36.596	235	137	5	407	630	2	235	6.03e-44	154
EKHNMBHM_00216	MER0015197	36.726	226	133	3	418	641	13	230	1.71e-43	154
EKHNMBHM_00216	MER0015193	38.197	233	134	6	406	630	1	231	3.51e-42	149
EKHNMBHM_00216	MER0011745	34.335	233	142	6	406	630	1	230	4.22e-42	150
EKHNMBHM_00216	MER0015137	34.043	235	144	6	406	632	1	232	1.80e-41	148
EKHNMBHM_00216	MER0002608	40.084	237	132	5	407	634	2	237	4.72e-39	142
EKHNMBHM_00216	MER0005755	37.615	218	124	3	407	621	2	210	8.50e-37	134
EKHNMBHM_00216	MER0014324	34.649	228	135	4	406	630	1	217	2.14e-34	128
EKHNMBHM_00216	MER0190577	31.602	231	144	3	406	633	1	220	2.71e-34	127
EKHNMBHM_00216	MER0190705	33.043	230	143	3	407	634	1	221	4.58e-33	123
EKHNMBHM_00216	MER0002197	32.895	228	142	3	406	630	1	220	7.83e-33	124
EKHNMBHM_00216	MER0015690	34.234	222	134	6	406	615	1	222	6.40e-31	119
EKHNMBHM_00216	MER0024900	32.589	224	140	4	407	627	2	217	2.22e-30	116
EKHNMBHM_00216	MER0011120	35.321	218	129	7	406	611	1	218	7.06e-29	113
EKHNMBHM_00216	MER0001246	31.492	181	112	3	417	594	1	172	1.39e-22	92.0
EKHNMBHM_00216	MER0015204	27.642	246	147	7	407	621	2	247	2.12e-19	86.3
EKHNMBHM_00283	MER0061059	29.108	213	124	7	29	222	17	221	5.49e-15	70.1
EKHNMBHM_00283	MER0043126	24.138	203	127	6	39	221	33	228	6.80e-09	52.4
EKHNMBHM_00283	MER0061081	24.464	233	146	9	55	263	42	268	1.42e-08	51.2
EKHNMBHM_00283	MER0061102	24.204	157	96	6	30	165	4	158	2.53e-07	47.4
EKHNMBHM_00324	MER0000474	56.021	191	84	0	32	222	14	204	1.10e-78	232
EKHNMBHM_00324	MER0005687	51.613	186	85	1	36	221	27	207	2.87e-67	203
EKHNMBHM_00324	MER0002299	51.852	189	91	0	36	224	12	200	1.10e-66	201
EKHNMBHM_00324	MER0006046	50.000	188	94	0	34	221	16	203	2.10e-64	196
EKHNMBHM_00324	MER0002211	49.735	189	95	0	34	222	16	204	7.55e-63	192
EKHNMBHM_00324	MER0004857	49.223	193	96	2	30	221	12	203	2.68e-61	187
EKHNMBHM_00324	MER0006063	44.865	185	102	0	40	224	23	207	1.94e-58	181
EKHNMBHM_00324	MER0004847	51.064	188	91	1	36	222	18	205	2.23e-58	180
EKHNMBHM_00324	MER0004855	45.665	173	94	0	49	221	33	205	1.18e-55	173
EKHNMBHM_00324	MER0006056	48.256	172	88	1	50	221	37	207	1.04e-53	169
EKHNMBHM_00324	MER0004182	42.246	187	108	0	35	221	13	199	1.81e-49	157
EKHNMBHM_00324	MER0006308	38.012	171	105	1	49	218	21	191	9.43e-45	145
EKHNMBHM_00324	MER0011666	41.420	169	97	2	55	221	17	185	1.34e-41	137
EKHNMBHM_00324	MER0001369	41.975	81	45	1	76	156	52	130	1.82e-07	45.8
EKHNMBHM_00329	MER0031610	37.652	247	146	6	15	255	56	300	1.93e-48	159
EKHNMBHM_00329	MER0037236	24.903	257	177	7	3	248	9	260	4.76e-14	67.0
EKHNMBHM_00329	MER0014065	33.333	105	65	3	10	110	30	133	1.45e-11	60.5
EKHNMBHM_00329	MER0004146	24.409	254	183	5	3	248	8	260	1.35e-10	57.0
EKHNMBHM_00329	MER0011509	25.347	288	163	13	6	253	31	306	9.35e-10	54.7
EKHNMBHM_00329	MER0017193	31.313	99	66	2	9	105	21	119	1.05e-09	54.7
EKHNMBHM_00329	MER0036072	24.026	154	100	3	9	153	76	221	4.69e-09	52.8
EKHNMBHM_00329	MER0017177	24.793	121	86	2	3	120	24	142	1.03e-08	51.6
EKHNMBHM_00329	MER0000431	29.808	104	67	3	11	110	31	132	3.44e-08	50.1
EKHNMBHM_00329	MER0031617	23.358	274	156	10	9	248	30	283	6.16e-08	49.3
EKHNMBHM_00329	MER0017142	30.000	120	74	4	14	128	15	129	6.39e-08	48.9
EKHNMBHM_00329	MER0044900	25.843	267	151	13	15	245	96	351	6.72e-08	49.3
EKHNMBHM_00329	MER0036115	25.620	121	85	3	11	128	33	151	8.37e-08	48.9
EKHNMBHM_00329	MER0044858	29.839	124	68	5	15	126	57	173	1.15e-07	48.5
EKHNMBHM_00329	MER0210990	38.961	77	44	1	37	110	54	130	1.20e-07	48.5
EKHNMBHM_00329	MER0026339	34.579	107	63	4	11	112	22	126	3.73e-07	47.0
EKHNMBHM_00329	MER0031616	29.412	102	66	2	13	109	39	139	5.57e-07	46.6
EKHNMBHM_00329	MER0000436	31.429	105	65	3	13	110	23	127	1.13e-06	45.4
EKHNMBHM_00329	MER0036084	21.790	257	169	10	7	245	12	254	1.28e-06	45.4
EKHNMBHM_00329	MER0031614	23.834	193	108	6	17	180	87	269	2.65e-06	44.7
EKHNMBHM_00329	MER0213595	30.496	141	89	6	14	147	5	143	2.78e-06	44.3
EKHNMBHM_00329	MER0031619	24.540	163	116	4	10	168	25	184	3.66e-06	43.9
EKHNMBHM_00329	MER0183709	24.064	187	123	4	81	255	111	290	5.24e-06	43.5
EKHNMBHM_00329	MER0030163	43.182	44	25	0	66	109	86	129	6.76e-06	43.1
EKHNMBHM_00432	MER0005767	28.354	328	196	8	43	369	16	305	5.17e-37	134
EKHNMBHM_00432	MER0030136	23.487	413	267	16	4	385	1	395	2.96e-17	80.1
EKHNMBHM_00432	MER0030143	23.500	400	283	13	4	385	1	395	5.16e-16	76.3
EKHNMBHM_00432	MER0030151	22.613	398	289	11	4	385	1	395	2.86e-14	70.9
EKHNMBHM_00432	MER0015112	23.671	414	269	22	4	385	1	399	1.90e-12	65.5
EKHNMBHM_00432	MER0030155	21.197	401	291	13	4	385	1	395	9.76e-11	60.1
EKHNMBHM_00432	MER0030149	21.782	404	285	14	4	385	1	395	8.16e-09	53.9
EKHNMBHM_00439	MER0001266	25.245	408	276	12	23	424	5	389	2.57e-23	97.8
EKHNMBHM_00439	MER0003798	34.146	82	47	2	100	175	95	175	7.32e-06	44.7
EKHNMBHM_00454	MER0000474	51.176	170	82	1	12	180	33	202	1.68e-56	174
EKHNMBHM_00454	MER0005687	46.591	176	90	2	9	180	31	206	2.00e-50	159
EKHNMBHM_00454	MER0002211	48.235	170	87	1	12	180	33	202	3.38e-50	158
EKHNMBHM_00454	MER0004857	45.029	171	94	0	10	180	32	202	1.91e-49	156
EKHNMBHM_00454	MER0006063	44.910	167	91	1	15	180	37	203	4.89e-49	155
EKHNMBHM_00454	MER0006046	45.294	170	92	1	12	180	33	202	6.03e-49	154
EKHNMBHM_00454	MER0002299	46.199	171	91	1	12	181	27	197	2.32e-47	150
EKHNMBHM_00454	MER0006056	40.361	166	99	0	15	180	41	206	3.63e-45	145
EKHNMBHM_00454	MER0011666	41.808	177	100	2	7	180	8	184	1.19e-43	140
EKHNMBHM_00454	MER0004855	39.881	168	100	1	14	180	37	204	2.21e-40	133
EKHNMBHM_00454	MER0004847	43.114	167	93	2	16	180	37	203	5.50e-39	129
EKHNMBHM_00454	MER0004182	37.647	170	105	1	12	180	29	198	8.59e-37	123
EKHNMBHM_00454	MER0006308	39.877	163	94	3	19	178	30	191	3.55e-35	119
EKHNMBHM_00465	MER0013450	42.063	252	144	2	1	251	1	251	2.64e-66	203
EKHNMBHM_00465	MER0001243	33.065	248	164	2	1	247	3	249	1.48e-44	148
EKHNMBHM_00465	MER0001342	33.198	247	163	2	1	247	3	247	9.22e-42	140
EKHNMBHM_00465	MER0005690	33.202	253	158	5	1	249	3	248	2.30e-36	126
EKHNMBHM_00465	MER0013589	31.837	245	164	3	3	247	1	242	4.95e-36	125
EKHNMBHM_00465	MER0015127	32.636	239	156	3	12	249	14	248	5.45e-36	125
EKHNMBHM_00465	MER0015128	31.780	236	159	2	12	247	14	247	1.29e-34	122
EKHNMBHM_00465	MER0013929	30.645	248	169	2	1	248	3	247	1.47e-34	121
EKHNMBHM_00465	MER0003880	32.620	187	111	6	30	213	24	198	8.63e-19	80.5
EKHNMBHM_00465	MER0010972	23.109	238	163	4	10	247	12	229	6.97e-15	68.9
EKHNMBHM_00465	MER0024896	29.752	121	77	4	138	252	353	471	9.25e-11	58.2
EKHNMBHM_00465	MER0024896	27.778	108	74	2	10	114	9	115	1.97e-09	54.3
EKHNMBHM_00465	MER0011746	25.121	207	138	5	12	207	14	214	1.85e-09	53.9
EKHNMBHM_00465	MER0004931	24.473	237	165	6	3	237	5	229	6.83e-07	45.8
EKHNMBHM_00465	MER0064643	31.868	91	55	3	61	148	68	154	1.67e-06	45.1
EKHNMBHM_00465	MER0005497	31.868	91	55	3	61	148	68	154	2.43e-06	44.7
EKHNMBHM_00465	MER0004532	23.596	178	129	3	61	237	57	228	7.98e-06	42.7
EKHNMBHM_00478	MER0030935	29.167	120	75	7	148	263	30	143	3.66e-06	43.9
EKHNMBHM_00484	MER0039482	32.979	94	49	5	9	92	4	93	2.87e-06	45.4
EKHNMBHM_00501	MER0036044	23.963	217	136	6	54	245	74	286	1.36e-10	57.8
EKHNMBHM_00501	MER0031570	24.771	218	133	7	54	245	25	237	2.48e-10	56.6
EKHNMBHM_00501	MER0034961	32.632	95	52	4	56	144	36	124	1.18e-09	55.1
EKHNMBHM_00501	MER0031562	29.293	99	70	0	44	142	22	120	1.59e-09	53.9
EKHNMBHM_00501	MER0036027	22.581	217	140	5	54	245	25	238	2.45e-09	53.5
EKHNMBHM_00501	MER0018170	23.874	222	138	9	54	252	25	238	2.68e-07	47.4
EKHNMBHM_00501	MER0033242	35.789	95	52	5	56	144	36	127	7.07e-07	46.6
EKHNMBHM_00501	MER0033237	31.624	117	70	6	56	167	36	147	4.87e-06	43.9
EKHNMBHM_00571	MER0039490	28.507	221	121	7	52	258	66	263	1.09e-12	66.2
EKHNMBHM_00571	MER0039457	34.074	135	67	5	43	170	21	140	1.82e-12	62.8
EKHNMBHM_00571	MER0039458	29.570	186	107	7	21	199	3	171	1.84e-12	65.9
EKHNMBHM_00571	MER0044620	32.847	137	74	4	42	171	57	182	2.77e-12	64.7
EKHNMBHM_00571	MER0044996	25.439	228	140	8	42	258	57	265	1.35e-11	62.8
EKHNMBHM_00571	MER0039464	32.593	135	69	5	43	170	21	140	2.54e-11	59.7
EKHNMBHM_00571	MER0039461	32.353	136	70	5	42	170	22	142	6.05e-11	60.8
EKHNMBHM_00571	MER0039485	29.091	165	93	5	18	172	12	162	1.40e-10	57.4
EKHNMBHM_00571	MER0039462	33.333	135	68	5	43	170	21	140	2.97e-10	56.6
EKHNMBHM_00571	MER0040529	31.731	104	55	2	71	174	50	137	3.27e-10	55.8
EKHNMBHM_00571	MER0039468	32.353	136	69	5	43	170	18	138	5.14e-09	52.4
EKHNMBHM_00571	MER0044514	32.258	124	68	6	10	123	7	124	4.93e-07	47.0
EKHNMBHM_00571	MER0114503	29.940	167	93	7	16	172	39	191	9.77e-07	48.1
EKHNMBHM_00571	MER0039469	26.543	162	94	7	17	170	6	150	1.52e-06	46.6
EKHNMBHM_00571	MER0039476	27.500	160	84	6	72	227	96	227	2.12e-06	46.6
EKHNMBHM_00571	MER0071798	22.989	261	159	9	42	287	55	288	2.38e-06	46.6
EKHNMBHM_00571	MER0163432	30.000	110	66	3	68	175	48	148	8.92e-06	43.1
EKHNMBHM_00582	MER0029616	32.727	110	53	3	54	142	1	110	9.73e-13	64.7
EKHNMBHM_00582	MER0031563	27.500	200	118	7	48	230	8	197	3.57e-12	61.6
EKHNMBHM_00582	MER0036027	26.852	108	74	2	50	152	10	117	6.29e-11	58.2
EKHNMBHM_00582	MER0031570	25.000	112	79	2	50	156	10	121	2.48e-10	56.6
EKHNMBHM_00582	MER0036044	24.348	115	82	2	50	159	59	173	2.86e-09	53.5
EKHNMBHM_00582	MER0030934	32.407	108	56	4	52	142	18	125	5.51e-09	53.1
EKHNMBHM_00582	MER0078925	32.075	106	57	3	52	142	16	121	7.31e-09	52.8
EKHNMBHM_00582	MER0032203	32.456	114	62	5	52	150	16	129	7.94e-09	52.8
EKHNMBHM_00582	MER0034961	32.323	99	59	3	55	145	23	121	8.43e-09	52.4
EKHNMBHM_00582	MER0034723	31.132	106	58	3	52	142	16	121	1.70e-08	51.6
EKHNMBHM_00582	MER0034745	31.132	106	58	4	52	142	16	121	1.87e-08	51.2
EKHNMBHM_00582	MER0036046	27.972	143	78	4	52	169	5	147	1.88e-08	50.8
EKHNMBHM_00582	MER0078701	31.132	106	58	3	52	142	16	121	2.17e-08	51.2
EKHNMBHM_00582	MER0034548	26.712	146	91	5	33	173	3	137	3.36e-08	50.1
EKHNMBHM_00582	MER0036370	29.808	104	66	3	52	148	17	120	3.92e-08	48.9
EKHNMBHM_00582	MER0034728	32.075	106	57	4	52	142	16	121	4.99e-08	50.1
EKHNMBHM_00582	MER0033224	28.696	115	67	3	52	151	15	129	5.52e-08	50.1
EKHNMBHM_00582	MER0037850	30.702	114	64	5	52	150	16	129	6.50e-08	49.7
EKHNMBHM_00582	MER0077885	32.075	106	57	4	52	142	25	130	7.06e-08	49.7
EKHNMBHM_00582	MER0077889	30.189	106	59	4	52	142	15	120	7.10e-08	49.7
EKHNMBHM_00582	MER0033242	35.955	89	48	2	66	145	36	124	9.58e-08	49.3
EKHNMBHM_00582	MER0034742	29.825	114	55	4	52	145	16	124	1.12e-07	48.9
EKHNMBHM_00582	MER0047634	36.066	61	37	1	91	149	18	78	1.16e-07	48.5
EKHNMBHM_00582	MER0043201	24.324	148	85	6	52	182	17	154	1.24e-07	48.9
EKHNMBHM_00582	MER0033213	32.075	106	57	3	52	142	16	121	1.26e-07	48.9
EKHNMBHM_00582	MER0034726	31.132	106	58	3	52	142	16	121	1.31e-07	48.9
EKHNMBHM_00582	MER0033220	31.132	106	58	3	52	142	16	121	1.57e-07	48.5
EKHNMBHM_00582	MER0037852	31.481	108	59	4	52	144	16	123	1.78e-07	48.5
EKHNMBHM_00582	MER0034730	30.189	106	59	3	52	142	16	121	1.88e-07	48.5
EKHNMBHM_00582	MER0034727	32.075	106	57	4	52	142	16	121	2.10e-07	48.1
EKHNMBHM_00582	MER0034744	31.481	108	55	5	52	142	16	121	3.38e-07	47.8
EKHNMBHM_00582	MER0033227	29.457	129	65	5	40	142	1	129	3.94e-07	47.4
EKHNMBHM_00582	MER0034665	34.524	84	49	3	65	142	32	115	4.20e-07	47.0
EKHNMBHM_00582	MER0036030	27.928	111	60	3	54	144	10	120	4.77e-07	46.6
EKHNMBHM_00582	MER0033241	30.189	106	59	3	52	142	19	124	7.69e-07	46.6
EKHNMBHM_00582	MER0036039	30.612	98	52	3	64	145	25	122	1.23e-06	45.4
EKHNMBHM_00582	MER0033198	31.250	96	51	3	61	141	27	122	1.35e-06	45.8
EKHNMBHM_00582	MER0033237	33.708	89	50	4	66	145	36	124	1.38e-06	45.4
EKHNMBHM_00582	MER0036033	29.268	123	74	4	64	173	25	147	1.72e-06	45.1
EKHNMBHM_00582	MER0033226	30.435	115	65	4	43	142	8	122	1.87e-06	45.4
EKHNMBHM_00582	MER0044819	26.891	119	76	2	38	145	6	124	2.51e-06	45.1
EKHNMBHM_00582	MER0033188	25.743	101	60	2	56	141	23	123	2.53e-06	45.1
EKHNMBHM_00582	MER0034722	40.351	57	32	2	91	145	18	74	2.93e-06	44.3
EKHNMBHM_00582	MER0043147	29.126	103	53	4	57	142	2	101	3.33e-06	44.7
EKHNMBHM_00582	MER0037861	29.245	106	60	4	52	142	16	121	3.43e-06	44.7
EKHNMBHM_00582	MER0033274	24.762	105	71	2	65	164	26	127	4.13e-06	43.9
EKHNMBHM_00582	MER0033235	29.060	117	64	6	52	149	13	129	4.30e-06	44.3
EKHNMBHM_00582	MER0033212	31.481	108	59	4	52	144	16	123	6.43e-06	43.5
EKHNMBHM_00582	MER0043146	28.148	135	81	6	31	154	1	130	7.32e-06	43.1
EKHNMBHM_00582	MER0033236	28.205	117	65	5	52	149	13	129	8.61e-06	43.1
EKHNMBHM_00616	MER0013425	31.224	237	142	9	118	349	82	302	1.77e-23	95.9
EKHNMBHM_00616	MER0011422	27.341	267	157	9	109	355	97	346	5.41e-17	78.2
EKHNMBHM_00616	MER0001265	23.977	171	115	3	127	288	121	285	7.55e-17	77.0
EKHNMBHM_00616	MER0013499	27.083	240	144	10	129	357	110	329	3.00e-16	75.9
EKHNMBHM_00616	MER0032370	26.250	240	147	8	131	357	110	332	9.95e-16	74.3
EKHNMBHM_00616	MER0011343	27.374	179	116	4	177	355	175	339	3.87e-15	72.8
EKHNMBHM_00616	MER0013479	23.938	259	153	8	125	356	77	318	2.23e-13	67.0
EKHNMBHM_00616	MER0015155	24.028	283	180	10	88	357	69	329	4.89e-13	66.2
EKHNMBHM_00616	MER0013496	23.651	241	155	8	127	357	51	272	3.47e-12	63.5
EKHNMBHM_00616	MER0001260	24.786	234	153	8	131	355	118	337	6.48e-12	62.8
EKHNMBHM_00616	MER0006319	25.306	245	142	6	145	353	134	373	9.54e-12	62.4
EKHNMBHM_00616	MER0026963	29.885	87	53	3	271	357	10	88	3.93e-06	42.0
EKHNMBHM_00619	MER0005244	34.807	181	118	0	265	445	3	183	2.54e-32	119
EKHNMBHM_00619	MER0005241	27.670	206	136	5	263	455	1	206	8.71e-17	76.6
EKHNMBHM_00619	MER0001284	32.283	127	74	2	267	381	36	162	2.59e-15	72.4
EKHNMBHM_00619	MER0002104	40.625	96	51	3	254	345	53	146	1.39e-13	67.8
EKHNMBHM_00619	MER0005238	38.542	96	53	3	254	345	53	146	2.66e-12	63.9
EKHNMBHM_00619	MER0004514	37.209	86	46	1	267	344	36	121	1.13e-11	61.6
EKHNMBHM_00619	MER0002161	31.210	157	102	4	266	419	65	218	7.52e-11	59.7
EKHNMBHM_00619	MER0015691	35.000	80	51	1	267	345	53	132	2.38e-10	57.8
EKHNMBHM_00619	MER0005131	32.456	114	64	4	264	365	35	147	2.94e-10	57.4
EKHNMBHM_00619	MER0005239	39.535	86	46	2	264	345	66	149	1.38e-09	55.8
EKHNMBHM_00619	MER0005139	38.554	83	45	2	267	345	63	143	2.46e-09	55.1
EKHNMBHM_00619	MER0015336	34.146	82	49	2	267	345	62	141	2.42e-08	52.0
EKHNMBHM_00619	MER0100667	24.312	218	141	7	253	457	10	216	5.04e-08	50.4
EKHNMBHM_00619	MER0005149	30.864	81	54	1	267	345	65	145	8.42e-08	50.4
EKHNMBHM_00619	MER0037181	27.564	156	109	4	266	419	65	218	2.15e-07	49.3
EKHNMBHM_00666	MER0034539	60.194	206	82	0	2	207	1	206	4.21e-90	273
EKHNMBHM_00666	MER0033254	29.921	254	143	9	2	226	1	248	4.33e-25	101
EKHNMBHM_00666	MER0038019	27.869	122	77	4	76	189	29	147	1.76e-07	48.5
EKHNMBHM_00666	MER0004101	27.184	206	103	9	2	166	1	200	1.75e-06	46.2
EKHNMBHM_00666	MER0011781	33.028	109	60	5	68	166	94	199	2.66e-06	45.8
EKHNMBHM_00666	MER0011806	27.184	206	103	9	2	166	1	200	3.08e-06	45.4
EKHNMBHM_00681	MER0066184	24.651	215	147	7	64	264	16	229	9.15e-08	48.9
EKHNMBHM_00681	MER0017368	27.624	181	116	7	77	246	31	207	2.12e-06	44.7
EKHNMBHM_00681	MER0031619	28.800	125	80	3	75	193	25	146	2.27e-06	45.1
EKHNMBHM_00681	MER0036050	26.667	105	68	2	79	174	83	187	3.94e-06	44.3
EKHNMBHM_00695	MER0000410	60.498	281	109	1	418	698	1	279	6.78e-119	354
EKHNMBHM_00695	MER0011872	41.045	268	153	3	437	700	18	284	6.42e-66	216
EKHNMBHM_00695	MER0082498	40.636	283	144	5	437	695	1	283	1.79e-65	215
EKHNMBHM_00695	MER0005694	33.700	273	174	3	432	700	13	282	2.79e-47	166
EKHNMBHM_00695	MER0000392	32.364	275	171	5	432	695	3	273	1.06e-44	158
EKHNMBHM_00695	MER0015621	32.215	298	180	6	418	698	1	293	6.42e-43	154
EKHNMBHM_00695	MER0079308	33.080	263	169	5	436	695	7	265	1.07e-41	150
EKHNMBHM_00695	MER0002490	29.870	308	182	8	418	698	1	301	3.99e-39	144
EKHNMBHM_00695	MER0981959	30.851	282	174	5	431	695	1	278	2.76e-38	140
EKHNMBHM_00695	MER0082653	32.627	236	144	6	437	658	7	241	6.75e-37	136
EKHNMBHM_00695	MER0004227	35.321	218	140	1	441	657	28	245	4.44e-36	135
EKHNMBHM_00695	MER0022823	30.258	271	177	7	432	694	3	269	1.04e-34	130
EKHNMBHM_00695	MER0325901	30.855	269	178	5	432	695	1	266	1.42e-32	124
EKHNMBHM_00695	MER0011450	28.017	232	157	4	432	657	3	230	1.38e-28	112
EKHNMBHM_00695	MER0003229	27.444	266	183	5	432	695	11	268	2.15e-27	109
EKHNMBHM_00695	MER0000398	29.412	255	164	7	443	696	11	250	1.01e-24	100
EKHNMBHM_00695	MER0005807	23.188	276	192	9	401	675	1	257	7.07e-06	45.1
EKHNMBHM_00712	MER0004090	31.070	383	207	13	593	948	11	363	6.53e-34	131
EKHNMBHM_00712	MER0035017	24.938	405	242	14	593	958	3	384	2.46e-31	124
EKHNMBHM_00712	MER0003800	27.068	399	227	13	580	948	6	370	4.76e-28	114
EKHNMBHM_00712	MER0006204	23.129	294	175	12	593	861	7	274	2.10e-11	63.5
EKHNMBHM_00712	MER0354941	26.316	209	114	6	603	796	7	190	2.79e-10	57.8
EKHNMBHM_00712	MER0122661	23.450	371	220	16	593	946	1	324	3.02e-10	59.7
EKHNMBHM_00712	MER0011700	24.051	237	155	8	596	825	6	224	8.02e-09	55.5
EKHNMBHM_00712	MER0000459	22.951	244	145	10	579	819	6	209	3.01e-08	53.5
EKHNMBHM_00712	MER0140154	21.774	372	224	17	606	948	1	334	8.26e-08	52.0
EKHNMBHM_00738	MER0001243	38.866	247	149	2	5	249	6	252	1.97e-58	184
EKHNMBHM_00738	MER0001342	36.929	241	152	0	6	246	7	247	1.92e-52	169
EKHNMBHM_00738	MER0005690	35.833	240	153	1	7	246	8	246	6.70e-51	164
EKHNMBHM_00738	MER0013450	34.008	247	161	2	2	246	1	247	7.93e-50	162
EKHNMBHM_00738	MER0015127	36.402	239	151	1	8	246	9	246	1.52e-48	158
EKHNMBHM_00738	MER0015128	33.617	235	154	2	13	246	14	247	3.09e-45	150
EKHNMBHM_00738	MER0013929	33.607	244	161	1	5	248	6	248	4.31e-43	144
EKHNMBHM_00738	MER0013589	32.645	242	162	1	5	246	2	242	4.13e-42	141
EKHNMBHM_00738	MER0010972	23.849	239	164	2	8	246	9	229	2.02e-17	76.3
EKHNMBHM_00738	MER0003880	31.351	185	110	5	32	211	25	197	2.56e-17	77.0
EKHNMBHM_00738	MER0004931	27.451	204	132	6	3	202	4	195	1.78e-16	73.6
EKHNMBHM_00738	MER0011746	26.636	214	138	6	13	213	14	221	6.71e-13	64.3
EKHNMBHM_00738	MER0024896	25.225	111	83	0	5	115	6	116	2.94e-10	57.0
EKHNMBHM_00738	MER0024896	27.941	136	88	3	120	246	332	466	3.73e-10	56.6
EKHNMBHM_00738	MER0001728	28.365	208	130	6	13	207	14	215	5.59e-10	55.8
EKHNMBHM_00738	MER0005462	24.309	181	131	2	1	180	2	177	1.03e-09	54.3
EKHNMBHM_00738	MER0004532	27.222	180	114	4	5	178	6	174	1.06e-09	54.3
EKHNMBHM_00738	MER0001244	24.123	228	132	8	1	202	2	214	3.44e-09	53.1
EKHNMBHM_00738	MER0002038	23.718	156	112	3	77	230	74	224	9.78e-07	45.4
EKHNMBHM_00779	MER0037236	29.932	147	99	2	67	209	16	162	6.31e-14	67.8
EKHNMBHM_00779	MER0004146	35.246	122	73	2	49	167	1	119	9.32e-14	67.0
EKHNMBHM_00779	MER0011509	31.776	107	69	2	71	174	39	144	7.96e-13	65.1
EKHNMBHM_00779	MER0014065	35.577	104	64	3	67	168	30	132	1.20e-11	61.6
EKHNMBHM_00779	MER0036115	30.841	107	72	2	67	172	32	137	4.36e-11	59.7
EKHNMBHM_00779	MER0000436	26.644	289	158	14	71	332	24	285	1.02e-10	58.5
EKHNMBHM_00779	MER0017193	34.444	90	58	1	68	157	23	111	1.86e-10	57.8
EKHNMBHM_00779	MER0011785	26.667	150	93	5	59	198	27	169	2.16e-10	57.8
EKHNMBHM_00779	MER0044578	27.737	137	91	3	41	169	41	177	2.58e-10	57.8
EKHNMBHM_00779	MER0017177	28.000	125	82	2	52	168	9	133	5.37e-10	56.6
EKHNMBHM_00779	MER0031614	29.907	107	71	2	71	173	84	190	7.21e-10	56.2
EKHNMBHM_00779	MER0210990	37.179	78	48	1	95	171	55	132	1.19e-09	55.5
EKHNMBHM_00779	MER0044633	30.769	117	73	4	61	169	60	176	1.31e-09	55.5
EKHNMBHM_00779	MER0031616	24.348	115	83	2	61	172	30	143	2.50e-09	54.3
EKHNMBHM_00779	MER0036068	24.088	274	176	11	62	326	45	295	4.31e-09	53.5
EKHNMBHM_00779	MER0035973	34.286	105	61	5	64	166	53	151	1.15e-08	52.4
EKHNMBHM_00779	MER0036076	31.250	128	75	6	63	180	53	177	1.80e-08	51.6
EKHNMBHM_00779	MER0036054	25.177	282	171	13	58	317	2	265	3.71e-08	50.8
EKHNMBHM_00779	MER0036075	26.852	108	76	3	64	169	65	171	4.41e-08	50.8
EKHNMBHM_00779	MER0044581	26.050	119	81	3	58	169	57	175	5.55e-08	50.4
EKHNMBHM_00779	MER0017033	33.036	112	70	4	61	170	55	163	7.87e-08	49.7
EKHNMBHM_00779	MER0213829	24.390	123	87	2	69	185	48	170	1.23e-07	49.3
EKHNMBHM_00779	MER0030163	32.468	77	47	2	102	174	60	135	1.64e-07	48.9
EKHNMBHM_00779	MER0031653	45.000	40	22	0	135	174	174	213	1.75e-07	49.3
EKHNMBHM_00779	MER0036066	31.959	97	64	2	71	166	1	96	2.48e-07	47.8
EKHNMBHM_00779	MER0003280	26.667	105	76	1	71	174	30	134	6.23e-07	47.0
EKHNMBHM_00779	MER0036053	32.710	107	64	4	68	171	6	107	2.17e-06	45.1
EKHNMBHM_00779	MER0031645	43.590	39	22	0	135	173	192	230	5.05e-06	44.7
EKHNMBHM_00779	MER0036072	21.613	310	199	12	28	325	55	332	5.38e-06	44.3
EKHNMBHM_00779	MER0017142	31.579	95	58	3	71	165	15	102	6.19e-06	43.5
EKHNMBHM_00779	MER0017123	25.600	125	91	1	52	174	16	140	7.11e-06	43.9
EKHNMBHM_00779	MER0033263	30.000	130	83	5	46	170	11	137	9.01e-06	42.7
EKHNMBHM_00840	MER0028087	25.532	329	222	9	118	434	122	439	4.28e-19	85.9
EKHNMBHM_00840	MER0016248	23.305	236	159	5	198	421	10	235	2.27e-13	66.6
EKHNMBHM_00840	MER0016222	20.395	456	320	13	1	426	5	447	1.44e-09	56.6
EKHNMBHM_00841	MER0016301	27.110	391	244	13	91	477	65	418	1.47e-18	85.1
EKHNMBHM_00871	MER0045094	42.162	185	102	3	24	205	14	196	7.28e-49	156
EKHNMBHM_00871	MER0043394	40.854	164	93	2	47	208	2	163	1.02e-44	143
EKHNMBHM_00871	MER0044622	39.153	189	108	4	24	207	28	214	2.94e-43	142
EKHNMBHM_00871	MER0044882	41.520	171	94	5	44	208	1	171	9.29e-40	131
EKHNMBHM_00871	MER0043392	37.241	145	83	4	67	208	23	162	2.19e-29	104
EKHNMBHM_00871	MER0043195	33.000	200	115	7	25	206	8	206	8.52e-20	81.6
EKHNMBHM_00871	MER0044619	28.866	194	123	9	23	208	9	195	7.79e-17	73.2
EKHNMBHM_00871	MER0043537	25.532	188	131	6	24	208	2	183	2.38e-15	68.2
EKHNMBHM_00871	MER0044812	23.494	166	115	4	36	198	68	224	8.36e-12	59.3
EKHNMBHM_00871	MER0436691	30.263	152	89	5	63	207	100	241	3.86e-11	57.8
EKHNMBHM_00871	MER0045095	28.230	209	126	7	24	208	17	225	5.11e-10	54.7
EKHNMBHM_00871	MER0045945	27.673	159	95	5	46	197	54	199	4.48e-09	51.6
EKHNMBHM_00871	MER0038086	27.350	117	79	2	95	207	109	223	2.67e-08	49.3
EKHNMBHM_00871	MER0043387	27.922	154	90	7	62	207	25	165	9.06e-08	47.4
EKHNMBHM_00871	MER0046161	25.248	202	132	7	7	203	50	237	2.98e-07	46.6
EKHNMBHM_00871	MER0060647	23.834	193	125	8	18	203	169	346	4.69e-07	46.2
EKHNMBHM_00871	MER0044889	26.174	149	96	5	64	207	60	199	2.10e-06	43.9
EKHNMBHM_00871	MER0115185	23.529	136	94	3	65	198	8	135	2.43e-06	42.7
EKHNMBHM_00871	MER0045886	26.549	113	79	3	95	207	85	193	4.55e-06	42.7
EKHNMBHM_00879	MER0037236	26.984	252	162	6	13	243	11	261	2.90e-20	84.0
EKHNMBHM_00879	MER0004146	23.664	262	165	9	10	243	7	261	7.68e-16	72.0
EKHNMBHM_00879	MER0031611	22.568	257	174	6	17	249	35	290	6.95e-13	63.9
EKHNMBHM_00879	MER0036057	20.082	244	165	7	22	243	63	298	3.30e-10	56.2
EKHNMBHM_00879	MER0036066	21.224	245	164	6	22	242	1	240	3.94e-10	55.5
EKHNMBHM_00879	MER0036068	24.868	189	125	5	70	241	105	293	1.96e-09	53.9
EKHNMBHM_00879	MER0017033	21.667	180	118	4	81	243	127	300	2.64e-08	50.4
EKHNMBHM_00879	MER0036076	23.404	188	118	6	70	241	114	291	2.77e-08	50.4
EKHNMBHM_00879	MER0035973	25.146	171	112	6	83	242	121	286	2.92e-08	50.4
EKHNMBHM_00879	MER0036059	33.708	89	50	1	153	241	271	350	1.42e-07	48.5
EKHNMBHM_00879	MER0036065	20.297	202	132	4	67	242	57	255	5.52e-07	46.2
EKHNMBHM_00879	MER0036054	26.724	116	80	2	133	243	159	274	8.61e-07	45.8
EKHNMBHM_00879	MER0003537	24.623	199	108	6	81	245	88	278	1.43e-06	45.1
EKHNMBHM_00879	MER0017177	36.207	58	37	0	193	250	261	318	1.58e-06	45.1
EKHNMBHM_00879	MER0036073	26.347	167	105	5	91	243	154	316	1.69e-06	45.1
EKHNMBHM_00879	MER0036067	26.415	106	76	1	137	240	183	288	2.57e-06	44.3
EKHNMBHM_00879	MER0066189	22.490	249	156	13	4	237	2	228	2.70e-06	44.3
EKHNMBHM_00930	MER0001423	66.810	232	77	0	488	719	1	232	9.78e-113	337
EKHNMBHM_00930	MER0000399	44.082	245	127	6	483	721	17	257	4.19e-60	200
EKHNMBHM_00930	MER0000405	41.481	270	141	9	465	721	2	267	1.58e-59	199
EKHNMBHM_00930	MER0011413	39.916	238	139	2	487	720	2	239	4.52e-59	196
EKHNMBHM_00930	MER0058228	41.350	237	136	3	489	723	7	242	8.95e-58	193
EKHNMBHM_00930	MER0005196	39.130	230	139	1	489	718	22	250	9.68e-57	191
EKHNMBHM_00930	MER0000401	42.194	237	130	5	489	721	26	259	1.43e-55	188
EKHNMBHM_00930	MER0004504	44.393	214	108	4	492	701	2	208	1.89e-53	181
EKHNMBHM_00930	MER0013484	40.260	231	130	3	489	711	4	234	1.64e-50	173
EKHNMBHM_00930	MER0011305	40.506	237	132	6	487	718	18	250	1.23e-49	171
EKHNMBHM_00930	MER0000404	37.903	248	142	6	482	721	19	262	2.51e-49	171
EKHNMBHM_00930	MER0004923	36.667	240	148	2	485	720	51	290	9.97e-49	170
EKHNMBHM_00930	MER0005987	36.641	262	153	7	469	721	3	260	1.13e-47	166
EKHNMBHM_00930	MER0005994	38.565	223	134	2	501	721	41	262	4.20e-47	164
EKHNMBHM_00930	MER0011231	37.643	263	154	7	465	721	1	259	2.46e-46	162
EKHNMBHM_00930	MER0004921	33.471	242	148	5	487	721	2	237	4.40e-45	158
EKHNMBHM_00930	MER0004193	36.325	234	142	5	489	719	3	232	2.75e-41	147
EKHNMBHM_00930	MER0192427	35.814	215	129	4	492	702	69	278	2.24e-39	144
EKHNMBHM_00930	MER0004199	37.069	232	130	9	496	721	1	222	1.89e-38	139
EKHNMBHM_00930	MER0000403	29.008	262	171	4	469	721	5	260	1.10e-37	138
EKHNMBHM_00930	MER0195666	32.787	244	150	6	489	723	1	239	1.29e-35	132
EKHNMBHM_00930	MER0003361	27.586	232	154	8	475	700	4	227	3.67e-24	99.0
EKHNMBHM_00930	MER0005988	39.091	110	66	1	594	702	2	111	1.07e-21	87.8
EKHNMBHM_00930	MER0034615	25.541	231	159	4	482	702	3	230	3.70e-17	78.6
EKHNMBHM_00930	MER0000408	24.255	235	160	4	481	702	4	233	1.02e-16	77.4
EKHNMBHM_00930	MER0017401	28.000	250	153	11	484	718	2	239	1.58e-15	73.6
EKHNMBHM_00930	MER0003558	22.000	250	179	3	469	707	2	246	8.15e-14	68.9
EKHNMBHM_00930	MER0005807	27.184	206	137	6	502	702	62	259	9.23e-14	69.3
EKHNMBHM_00930	MER0018170	23.585	212	144	4	502	700	25	231	1.18e-11	62.4
EKHNMBHM_00930	MER0030932	32.593	135	72	4	567	688	84	212	2.49e-10	58.5
EKHNMBHM_00930	MER0000263	24.464	233	154	8	484	702	1	225	3.13e-10	58.2
EKHNMBHM_00930	MER0016096	21.138	246	179	6	485	718	2	244	3.53e-10	57.8
EKHNMBHM_00930	MER0140224	25.654	191	128	3	525	702	30	219	5.78e-10	57.4
EKHNMBHM_00930	MER0004925	25.200	250	155	7	482	711	13	250	3.13e-08	52.4
EKHNMBHM_00930	MER0126485	25.556	180	120	4	497	668	10	183	3.78e-08	51.6
EKHNMBHM_00930	MER0006027	22.072	222	152	6	495	702	24	238	1.39e-07	50.4
EKHNMBHM_00930	MER0014827	24.800	250	156	7	482	711	13	250	1.64e-07	50.1
EKHNMBHM_00930	MER0015682	22.642	265	181	8	473	720	49	306	4.23e-07	49.3
EKHNMBHM_00930	MER0001920	19.831	237	162	3	503	721	20	246	2.03e-06	46.6
EKHNMBHM_00935	MER0002443	42.609	115	60	2	55	168	8	117	7.94e-26	92.4
EKHNMBHM_00935	MER0004035	39.474	114	61	3	55	167	5	111	1.30e-25	92.0
EKHNMBHM_00935	MER0003807	38.525	122	69	3	48	168	1	117	1.91e-21	81.3
EKHNMBHM_00935	MER0004054	35.593	118	66	6	57	169	10	122	8.57e-18	72.0
EKHNMBHM_00935	MER0003986	34.426	122	73	4	48	167	1	117	4.15e-17	70.1
EKHNMBHM_00935	MER0002450	34.711	121	70	5	48	168	1	112	3.35e-14	62.4
EKHNMBHM_00935	MER0003805	33.628	113	66	5	57	169	10	113	6.75e-13	58.9
EKHNMBHM_00935	MER0377310	36.036	111	62	5	48	158	1	102	1.60e-12	57.8
EKHNMBHM_00935	MER0377307	36.036	111	62	5	48	158	1	102	1.60e-12	57.8
EKHNMBHM_00935	MER0003808	35.000	120	59	8	52	166	5	110	4.22e-12	57.0
EKHNMBHM_00935	MER0377178	36.275	102	56	5	57	158	10	102	1.03e-10	53.1
EKHNMBHM_00935	MER0001322	33.036	112	57	5	48	155	1	98	7.43e-10	51.2
EKHNMBHM_00935	MER0014188	33.750	80	42	3	52	128	5	76	1.51e-09	50.1
EKHNMBHM_00935	MER0024252	34.524	84	48	2	60	143	14	90	5.23e-09	48.9
EKHNMBHM_00935	MER0038100	28.099	121	69	5	60	169	14	127	8.38e-08	45.8
EKHNMBHM_00935	MER0376722	35.238	105	49	8	52	151	5	95	9.90e-08	44.7
EKHNMBHM_00935	MER0031199	41.176	51	30	0	64	114	1	51	1.33e-07	43.9
EKHNMBHM_00935	MER0377450	36.111	72	42	3	57	128	10	77	6.43e-07	42.7
EKHNMBHM_00935	MER0014672	35.294	51	33	0	64	114	30	80	4.12e-06	41.2
EKHNMBHM_00938	MER0001295	44.809	183	89	3	411	590	5	178	2.38e-47	162
EKHNMBHM_00938	MER0003065	36.686	169	95	4	419	587	6	162	2.75e-24	97.1
EKHNMBHM_00938	MER0001425	37.576	165	89	4	426	589	19	170	1.33e-23	95.5
EKHNMBHM_00938	MER0003514	36.628	172	95	5	419	589	6	164	6.72e-23	93.2
EKHNMBHM_00938	MER0001297	34.302	172	99	5	419	589	6	164	6.36e-22	90.5
EKHNMBHM_00938	MER0003413	34.320	169	100	3	419	587	6	163	6.29e-21	87.4
EKHNMBHM_00938	MER0005714	36.471	170	86	6	428	587	14	171	2.71e-20	85.9
EKHNMBHM_00938	MER0004196	32.749	171	101	5	419	587	6	164	1.23e-18	80.9
EKHNMBHM_00938	MER0015684	37.121	132	78	4	419	548	6	134	3.69e-18	79.7
EKHNMBHM_00938	MER0004195	29.944	177	107	7	419	591	6	169	1.45e-15	72.0
EKHNMBHM_00938	MER0030235	27.429	175	94	6	434	590	21	180	1.89e-06	45.8
EKHNMBHM_00938	MER0030244	27.811	169	92	5	437	590	38	191	3.50e-06	45.4
EKHNMBHM_00979	MER0195376	30.964	197	117	4	183	374	1	183	6.08e-20	84.0
EKHNMBHM_00979	MER0003514	24.121	199	113	6	183	379	3	165	9.30e-09	51.6
EKHNMBHM_00979	MER0003065	26.144	153	90	5	183	333	3	134	5.56e-07	46.2
EKHNMBHM_00979	MER0001425	26.961	204	107	7	184	380	4	172	1.21e-06	45.4
EKHNMBHM_00988	MER0066192	31.563	339	209	12	29	357	20	345	2.65e-37	135
EKHNMBHM_00988	MER0033184	28.698	338	207	11	38	357	47	368	3.34e-36	132
EKHNMBHM_01018	MER0000268	55.346	159	63	3	105	260	1	154	8.48e-53	172
EKHNMBHM_01018	MER0013623	53.205	156	70	2	105	260	1	153	8.56e-52	169
EKHNMBHM_01018	MER0003850	48.603	179	83	4	105	279	3	176	1.27e-50	167
EKHNMBHM_01018	MER0004111	52.201	159	69	2	105	260	1	155	1.46e-49	163
EKHNMBHM_01018	MER0000266	53.165	158	70	3	105	260	1	156	4.34e-48	159
EKHNMBHM_01018	MER0005468	54.717	159	68	3	105	260	1	158	3.53e-47	157
EKHNMBHM_01018	MER0001372	52.229	157	73	2	105	260	1	156	3.03e-46	154
EKHNMBHM_01018	MER0004149	48.466	163	77	2	105	260	1	163	2.67e-42	144
EKHNMBHM_01018	MER0003290	49.686	159	74	3	105	260	1	156	5.72e-42	143
EKHNMBHM_01018	MER0001373	49.057	159	77	2	105	260	1	158	1.08e-39	137
EKHNMBHM_01018	MER0004673	40.594	202	97	4	105	284	2	202	5.44e-39	139
EKHNMBHM_01018	MER0002577	46.835	158	77	2	105	260	1	153	2.45e-38	134
EKHNMBHM_01018	MER0003293	49.333	150	74	2	105	254	1	148	2.54e-38	133
EKHNMBHM_01018	MER0001945	46.541	159	82	2	105	260	1	159	5.07e-38	133
EKHNMBHM_01018	MER0028330	45.570	158	79	2	105	260	1	153	1.11e-35	126
EKHNMBHM_01018	MER0004093	46.541	159	76	3	105	260	1	153	2.42e-34	123
EKHNMBHM_01018	MER0016351	41.772	158	85	2	105	260	1	153	1.89e-33	120
EKHNMBHM_01018	MER0010944	43.860	171	81	3	105	260	1	171	2.18e-33	121
EKHNMBHM_01018	MER0016031	44.643	168	79	5	105	260	1	166	1.27e-32	119
EKHNMBHM_01018	MER0022668	40.351	171	87	5	105	260	1	171	1.72e-32	118
EKHNMBHM_01018	MER0004086	41.104	163	87	4	106	260	1	162	1.13e-31	116
EKHNMBHM_01018	MER0014795	41.463	164	83	3	105	260	1	159	6.34e-31	114
EKHNMBHM_01018	MER0011375	39.375	160	87	4	105	260	1	154	2.86e-30	112
EKHNMBHM_01018	MER0006096	40.299	134	75	2	129	260	1	131	2.36e-26	100
EKHNMBHM_01018	MER0015583	42.667	150	74	5	105	243	1	149	3.72e-23	92.4
EKHNMBHM_01018	MER0005093	36.875	160	88	4	105	251	1	160	1.48e-22	91.3
EKHNMBHM_01018	MER0063616	34.320	169	81	7	108	260	5	159	5.60e-14	66.6
EKHNMBHM_01018	MER0005094	33.939	165	84	7	105	255	1	154	3.39e-12	61.2
EKHNMBHM_01018	MER0004696	30.769	143	88	7	105	241	1	138	3.66e-07	46.2
EKHNMBHM_01018	MER0014318	32.680	153	72	10	105	241	1	138	8.19e-07	45.8
EKHNMBHM_01018	MER0014317	31.655	139	72	5	116	241	10	138	1.11e-06	45.4
EKHNMBHM_01018	MER0024901	32.414	145	83	9	105	241	1	138	6.77e-06	42.7
EKHNMBHM_01040	MER0011485	25.581	129	78	4	112	222	45	173	7.79e-06	45.4
EKHNMBHM_01043	MER0042827	54.167	96	44	0	984	1079	1	96	6.05e-30	111
EKHNMBHM_01060	MER0001284	36.364	110	67	2	118	225	36	144	2.47e-14	69.7
EKHNMBHM_01060	MER0004514	28.099	121	85	1	117	235	35	155	3.26e-12	63.2
EKHNMBHM_01060	MER0100667	36.207	116	62	3	111	222	17	124	9.31e-12	61.2
EKHNMBHM_01060	MER0194228	37.143	70	43	1	153	221	14	83	5.32e-07	47.0
EKHNMBHM_01060	MER0005139	24.413	213	117	8	116	314	61	243	8.21e-07	47.4
EKHNMBHM_01060	MER0001289	37.143	70	43	1	153	221	90	159	1.17e-06	46.6
EKHNMBHM_01061	MER0168983	29.193	161	96	6	270	426	1	147	1.41e-12	62.8
EKHNMBHM_01061	MER0001017	25.000	212	125	7	254	445	25	222	1.17e-09	55.8
EKHNMBHM_01061	MER0002755	25.907	193	116	6	260	436	21	202	1.98e-09	54.7
EKHNMBHM_01061	MER0001013	24.424	217	134	5	239	438	11	214	6.36e-09	53.5
EKHNMBHM_01061	MER0011440	29.365	126	77	4	322	436	81	205	1.26e-08	52.4
EKHNMBHM_01061	MER0012283	31.250	128	71	4	246	369	17	131	1.55e-08	52.0
EKHNMBHM_01061	MER0005331	28.455	123	78	1	323	435	83	205	1.98e-08	51.6
EKHNMBHM_01061	MER0019754	30.645	124	73	4	322	432	64	187	4.45e-08	50.4
EKHNMBHM_01061	MER0011345	22.727	220	133	8	238	436	9	212	1.20e-07	49.7
EKHNMBHM_01061	MER0012271	24.227	194	118	5	262	438	34	215	1.56e-07	49.3
EKHNMBHM_01061	MER0011438	28.696	115	70	3	322	425	81	194	1.69e-07	48.9
EKHNMBHM_01061	MER0036308	31.148	122	73	4	248	368	17	128	3.05e-07	48.5
EKHNMBHM_01061	MER0002968	25.157	159	105	4	288	435	55	210	3.24e-07	48.1
EKHNMBHM_01061	MER0002746	26.486	185	115	8	250	418	10	189	4.48e-07	48.1
EKHNMBHM_01061	MER0000997	41.333	75	40	2	288	361	53	124	4.72e-07	47.8
EKHNMBHM_01061	MER0002060	31.776	107	61	4	322	417	87	192	5.18e-07	47.8
EKHNMBHM_01061	MER0002078	24.138	145	100	3	322	456	82	226	2.77e-06	45.4
EKHNMBHM_01061	MER0019730	28.571	112	68	3	249	358	18	119	2.90e-06	45.8
EKHNMBHM_01061	MER0168177	30.000	90	48	4	270	357	1	77	6.61e-06	43.5
EKHNMBHM_01061	MER0006264	22.047	127	88	2	322	437	53	179	7.94e-06	43.5
EKHNMBHM_01061	MER0002003	27.049	122	69	5	322	427	87	204	8.26e-06	43.9
EKHNMBHM_01061	MER0002658	24.113	141	85	4	325	447	1	137	8.80e-06	43.1
EKHNMBHM_01061	MER0004243	36.842	76	40	2	288	360	52	122	9.17e-06	43.9
EKHNMBHM_01061	MER0011423	26.500	200	112	8	258	431	14	204	9.43e-06	43.9
EKHNMBHM_01108	MER0005139	30.317	221	121	10	115	314	62	270	3.16e-16	74.7
EKHNMBHM_01108	MER0002161	27.126	247	139	9	54	299	16	222	3.20e-15	72.0
EKHNMBHM_01108	MER0005131	27.556	225	146	7	116	334	38	251	8.76e-15	70.1
EKHNMBHM_01108	MER0001284	30.806	211	105	9	115	309	35	220	1.25e-13	66.6
EKHNMBHM_01108	MER0037181	28.185	259	141	12	65	322	27	241	8.30e-13	64.7
EKHNMBHM_01108	MER0015336	34.545	110	63	2	111	219	57	158	9.79e-13	64.3
EKHNMBHM_01108	MER0015691	34.234	111	64	2	111	220	48	150	1.68e-12	63.5
EKHNMBHM_01108	MER0005239	34.821	112	63	3	111	220	64	167	5.36e-12	62.4
EKHNMBHM_01108	MER0005238	36.190	105	58	2	116	219	67	163	6.86e-12	62.0
EKHNMBHM_01108	MER0004514	28.095	210	112	9	115	309	35	220	7.37e-12	61.6
EKHNMBHM_01108	MER0100667	28.261	230	123	10	114	333	22	219	1.94e-10	57.0
EKHNMBHM_01108	MER0002104	25.134	187	131	2	86	271	37	215	2.50e-10	57.4
EKHNMBHM_01108	MER0005152	32.584	89	52	1	116	204	60	140	7.99e-10	55.8
EKHNMBHM_01108	MER0005241	32.222	90	53	2	114	201	3	86	5.17e-09	53.1
EKHNMBHM_01108	MER0002105	30.435	115	68	3	116	226	58	164	1.26e-08	52.0
EKHNMBHM_01108	MER0005149	29.464	112	69	3	112	221	61	164	1.55e-08	52.0
EKHNMBHM_01108	MER0194228	23.853	218	133	7	130	339	1	193	1.06e-07	48.5
EKHNMBHM_01108	MER0005244	35.789	95	49	4	114	206	3	87	1.46e-07	48.1
EKHNMBHM_01108	MER0026971	29.787	94	59	2	111	204	51	137	2.57e-07	48.1
EKHNMBHM_01108	MER0001288	25.561	223	133	8	114	325	21	221	5.01e-07	47.0
EKHNMBHM_01108	MER0001289	22.785	237	149	8	112	339	58	269	8.85e-07	46.6
EKHNMBHM_01108	MER0026972	29.348	92	58	2	112	203	36	120	1.08e-06	46.2
EKHNMBHM_01108	MER0001911	29.730	111	67	2	114	224	39	138	4.96e-06	43.9
EKHNMBHM_01108	MER0013618	25.911	247	148	13	57	294	4	224	5.36e-06	44.3
EKHNMBHM_01121	MER0003413	30.464	151	72	7	250	373	22	166	6.35e-11	57.8
EKHNMBHM_01139	MER0059846	30.938	320	214	4	5	319	15	332	3.76e-49	164
EKHNMBHM_01139	MER0199690	25.692	253	169	5	66	301	61	311	4.03e-19	83.2
EKHNMBHM_01139	MER0214074	27.933	179	111	4	139	301	5	181	3.14e-15	69.7
EKHNMBHM_01185	MER0003338	59.259	135	55	0	221	355	1	135	3.40e-51	164
EKHNMBHM_01185	MER0003303	48.529	136	67	2	221	356	1	133	2.20e-37	128
EKHNMBHM_01185	MER0013976	51.261	119	55	2	221	339	1	116	1.04e-32	115
EKHNMBHM_01185	MER0017622	27.059	255	147	6	43	278	1	235	4.59e-24	96.7
EKHNMBHM_01185	MER0003336	37.634	93	56	2	221	313	1	91	1.64e-13	64.3
EKHNMBHM_01185	MER0034967	24.402	209	122	5	104	291	1	194	1.68e-12	62.8
EKHNMBHM_01185	MER0016969	34.783	92	52	2	221	304	1	92	3.90e-09	52.4
EKHNMBHM_01185	MER0011465	35.227	88	56	1	221	308	1	87	5.41e-09	51.2
EKHNMBHM_01185	MER0003299	53.659	41	19	0	221	261	1	41	1.31e-07	47.4
EKHNMBHM_01187	MER0034541	22.478	1388	957	34	514	1824	36	1381	2.44e-71	261
EKHNMBHM_01187	MER0018471	21.486	619	404	22	1203	1754	734	1337	1.70e-08	56.6
EKHNMBHM_01205	MER0011781	24.476	286	149	14	23	306	17	237	6.13e-09	53.9
EKHNMBHM_01205	MER0004101	24.555	281	146	13	23	300	17	234	3.05e-08	51.6
EKHNMBHM_01205	MER0011806	22.456	285	157	12	22	305	16	237	3.11e-08	51.6
EKHNMBHM_01231	MER0000392	52.482	282	124	4	441	713	3	283	4.13e-101	309
EKHNMBHM_01231	MER0005694	54.015	274	125	1	429	702	1	273	8.37e-101	308
EKHNMBHM_01231	MER0022823	55.597	268	112	6	441	702	3	269	2.01e-97	299
EKHNMBHM_01231	MER0015621	51.799	278	117	4	441	702	13	289	9.23e-95	293
EKHNMBHM_01231	MER0079308	50.000	266	129	4	444	707	6	269	2.70e-90	280
EKHNMBHM_01231	MER0011450	50.554	271	123	5	441	702	3	271	1.54e-86	271
EKHNMBHM_01231	MER0002490	47.203	286	126	5	441	702	13	297	8.43e-86	270
EKHNMBHM_01231	MER0981959	48.201	278	126	5	441	702	2	277	8.68e-86	269
EKHNMBHM_01231	MER0325901	44.161	274	148	5	441	710	1	273	2.31e-70	228
EKHNMBHM_01231	MER0000398	47.148	263	126	7	445	707	4	253	2.42e-65	214
EKHNMBHM_01231	MER0003229	38.060	268	158	5	441	707	11	271	1.35e-53	183
EKHNMBHM_01231	MER0000410	33.333	267	173	3	441	704	13	277	9.36e-44	156
EKHNMBHM_01231	MER0011872	30.389	283	189	5	435	711	7	287	3.94e-32	123
EKHNMBHM_01231	MER0082498	30.159	252	153	7	455	683	12	263	4.53e-28	111
EKHNMBHM_01231	MER0082653	27.200	250	160	7	455	683	16	264	5.41e-22	93.6
EKHNMBHM_01231	MER0004227	27.426	237	161	3	455	688	33	261	2.78e-21	92.0
EKHNMBHM_01231	MER0001920	24.766	214	149	5	495	702	36	243	1.29e-07	50.1
EKHNMBHM_01231	MER0005807	24.303	251	171	8	443	687	24	261	2.05e-06	47.0
EKHNMBHM_01231	MER0015682	25.862	232	152	9	476	701	88	305	2.39e-06	47.0
EKHNMBHM_01231	MER0018170	24.020	204	146	3	478	675	25	225	6.94e-06	45.1
EKHNMBHM_01257	MER0003906	43.810	105	52	3	187	285	1	104	6.16e-21	82.8
EKHNMBHM_01257	MER0003376	34.932	146	75	5	157	285	15	157	6.82e-21	84.3
EKHNMBHM_01257	MER0003380	35.714	112	69	2	170	281	123	231	4.18e-18	78.6
EKHNMBHM_01257	MER0069741	37.113	97	59	2	187	283	70	164	7.61e-18	76.3
EKHNMBHM_01257	MER0005300	33.898	118	73	2	172	285	46	162	9.92e-17	73.2
EKHNMBHM_01257	MER0013541	33.721	86	56	1	187	272	1	85	2.34e-13	61.6
EKHNMBHM_01257	MER0003423	36.364	88	53	2	186	271	31	117	7.00e-13	62.0
EKHNMBHM_01257	MER0001419	34.483	87	54	2	187	271	32	117	1.13e-11	58.5
EKHNMBHM_01257	MER0015415	29.167	120	74	4	172	281	46	164	2.27e-10	55.5
EKHNMBHM_01257	MER0066182	28.972	107	70	3	183	286	88	191	9.89e-09	51.2
EKHNMBHM_01257	MER0387040	29.703	101	67	3	187	285	1	99	1.56e-08	48.5
EKHNMBHM_01296	MER0005300	31.250	96	65	1	312	406	67	162	1.33e-07	48.1
EKHNMBHM_01316	MER0000332	43.415	205	95	8	305	508	64	248	6.61e-34	126
EKHNMBHM_01316	MER0002565	32.515	326	177	11	215	521	4	305	3.03e-30	119
EKHNMBHM_01316	MER0077555	35.950	242	121	8	266	505	40	249	4.41e-28	110
EKHNMBHM_01316	MER0028365	41.429	210	101	9	305	505	125	321	9.56e-27	108
EKHNMBHM_01316	MER0028365	35.294	102	61	3	31	129	13	112	3.62e-09	55.5
EKHNMBHM_01316	MER0002057	33.858	254	113	8	298	505	95	339	1.23e-26	108
EKHNMBHM_01316	MER0004690	32.847	274	160	8	253	508	42	309	4.00e-26	106
EKHNMBHM_01316	MER0004690	41.270	63	36	1	71	132	27	89	1.20e-06	47.4
EKHNMBHM_01316	MER0000310	34.597	211	122	6	301	510	59	254	8.63e-25	100
EKHNMBHM_01316	MER0001928	36.321	212	115	8	301	511	58	250	1.69e-24	100
EKHNMBHM_01316	MER0054318	38.028	213	113	10	305	512	67	265	8.35e-24	99.4
EKHNMBHM_01316	MER0001709	34.286	280	129	13	265	513	57	312	8.35e-24	99.4
EKHNMBHM_01316	MER0005821	35.821	201	112	10	295	491	77	264	1.01e-23	100
EKHNMBHM_01316	MER0017009	31.780	236	140	9	305	526	117	345	1.82e-23	98.6
EKHNMBHM_01316	MER0000349	35.772	246	127	10	290	510	129	368	1.91e-23	99.4
EKHNMBHM_01316	MER0001699	36.098	205	115	8	305	508	62	251	2.58e-23	96.7
EKHNMBHM_01316	MER0000315	35.814	215	116	9	299	511	56	250	1.19e-22	94.7
EKHNMBHM_01316	MER0000320	37.368	190	103	7	305	492	69	244	1.70e-22	94.7
EKHNMBHM_01316	MER0001521	34.466	206	119	6	298	502	57	247	1.77e-22	94.4
EKHNMBHM_01316	MER0081072	32.766	235	136	6	278	508	31	247	2.23e-22	93.6
EKHNMBHM_01316	MER0000313	34.466	206	119	6	298	502	57	247	2.56e-22	94.0
EKHNMBHM_01316	MER0001520	35.981	214	115	9	299	510	56	249	2.77e-22	93.6
EKHNMBHM_01316	MER0001755	34.466	206	119	6	298	502	57	247	4.65e-22	93.2
EKHNMBHM_01316	MER0001906	35.349	215	117	9	299	511	56	250	5.82e-22	92.8
EKHNMBHM_01316	MER0001523	33.495	206	121	6	298	502	57	247	2.05e-21	91.3
EKHNMBHM_01316	MER0000312	33.495	206	121	6	298	502	57	247	2.05e-21	91.3
EKHNMBHM_01316	MER0016978	34.335	233	111	10	299	505	72	288	4.70e-21	90.9
EKHNMBHM_01316	MER0002575	36.508	189	93	10	305	488	71	237	7.02e-21	89.7
EKHNMBHM_01316	MER0000316	33.488	215	117	7	300	510	56	248	9.32e-21	89.4
EKHNMBHM_01316	MER0006023	31.923	260	139	8	271	508	64	307	4.89e-20	88.2
EKHNMBHM_01316	MER0013656	35.266	207	114	8	305	510	61	248	5.53e-20	87.0
EKHNMBHM_01316	MER0000321	31.513	238	131	9	284	511	139	354	6.50e-20	88.2
EKHNMBHM_01316	MER0016983	34.906	212	96	7	305	495	71	261	1.28e-19	86.7
EKHNMBHM_01316	MER0062058	35.849	212	116	6	305	509	61	259	2.69e-19	87.0
EKHNMBHM_01316	MER0062058	53.846	52	24	0	82	133	1	52	1.07e-10	60.5
EKHNMBHM_01316	MER0000333	37.696	191	100	6	302	491	61	233	3.21e-19	84.7
EKHNMBHM_01316	MER0002267	34.419	215	112	10	301	508	67	259	8.52e-19	84.0
EKHNMBHM_01316	MER0001725	34.536	194	112	6	299	491	93	272	1.47e-18	83.6
EKHNMBHM_01316	MER0000311	33.824	204	111	7	305	503	64	248	2.44e-18	82.4
EKHNMBHM_01316	MER0000309	31.925	213	125	7	301	510	59	254	2.74e-18	82.0
EKHNMBHM_01316	MER0000362	34.804	204	100	7	305	491	99	286	5.31e-18	82.0
EKHNMBHM_01316	MER0000361	33.884	242	117	10	303	523	103	322	6.00e-18	82.0
EKHNMBHM_01316	MER0006074	34.091	220	106	11	305	510	82	276	1.37e-17	80.5
EKHNMBHM_01316	MER0016697	33.945	218	99	10	303	491	96	297	2.10e-17	80.5
EKHNMBHM_01316	MER0155676	32.618	233	124	10	305	509	125	352	2.79e-17	80.9
EKHNMBHM_01316	MER0002562	32.624	282	133	13	271	514	78	340	3.39e-17	80.1
EKHNMBHM_01316	MER0003536	30.120	249	137	8	282	508	47	280	3.71e-17	79.3
EKHNMBHM_01316	MER0042897	37.143	210	111	8	298	503	59	251	5.18e-17	78.6
EKHNMBHM_01316	MER0014744	33.488	215	126	8	295	497	85	294	6.87e-17	79.0
EKHNMBHM_01316	MER0004085	31.963	219	117	9	305	503	96	302	1.18e-16	78.2
EKHNMBHM_01316	MER0050309	29.771	262	139	12	271	508	3	243	1.24e-16	79.3
EKHNMBHM_01316	MER0000359	34.599	237	115	14	305	528	89	298	4.32e-16	76.3
EKHNMBHM_01316	MER0000319	30.500	200	120	7	305	503	69	250	8.35e-16	74.7
EKHNMBHM_01316	MER0000358	32.710	214	107	11	305	504	71	261	1.54e-15	75.1
EKHNMBHM_01316	MER0002516	32.212	208	110	10	305	506	82	264	1.59e-15	74.3
EKHNMBHM_01316	MER0030016	29.508	244	125	11	280	508	65	276	1.75e-15	73.9
EKHNMBHM_01316	MER0003117	30.961	281	137	15	231	497	16	253	3.31e-15	73.2
EKHNMBHM_01316	MER0005931	32.850	207	123	5	305	510	32	223	4.25e-15	72.0
EKHNMBHM_01316	MER0004720	30.085	236	127	10	301	528	69	274	5.07e-15	72.4
EKHNMBHM_01316	MER0000326	31.429	210	117	8	305	511	72	257	7.23e-15	72.4
EKHNMBHM_01316	MER0006037	30.864	243	127	9	290	515	65	283	3.11e-14	70.5
EKHNMBHM_01316	MER0016688	30.126	239	124	9	305	513	74	299	3.75e-14	70.5
EKHNMBHM_01316	MER0024902	27.477	222	140	7	301	508	93	307	4.85e-14	70.1
EKHNMBHM_01316	MER0014085	27.444	266	119	12	305	508	87	340	5.01e-14	70.5
EKHNMBHM_01316	MER0002790	32.093	215	119	8	305	502	1	205	8.19e-14	68.2
EKHNMBHM_01316	MER0002764	33.171	205	107	10	289	487	73	253	1.88e-13	68.2
EKHNMBHM_01316	MER0005790	31.841	201	94	8	305	488	94	268	3.53e-13	66.6
EKHNMBHM_01316	MER0005712	25.589	297	163	10	303	545	86	378	4.19e-13	67.8
EKHNMBHM_01316	MER0000325	30.222	225	126	9	305	523	70	269	6.97e-13	66.6
EKHNMBHM_01316	MER0000357	32.195	205	100	10	305	494	77	257	1.93e-12	65.1
EKHNMBHM_01316	MER0000351	30.732	205	97	8	305	490	106	284	1.99e-12	64.7
EKHNMBHM_01316	MER0014300	30.350	257	106	9	305	508	79	315	2.13e-12	65.5
EKHNMBHM_01316	MER0014446	29.464	224	108	9	305	505	197	393	4.36e-12	65.1
EKHNMBHM_01316	MER0005078	30.213	235	130	9	280	504	55	265	5.28e-12	63.5
EKHNMBHM_01316	MER0002500	31.373	204	118	8	302	489	154	351	5.72e-12	64.3
EKHNMBHM_01316	MER0003122	25.379	264	144	8	305	515	89	352	7.34e-12	63.9
EKHNMBHM_01316	MER0000356	27.675	271	135	11	301	534	85	331	1.03e-11	63.5
EKHNMBHM_01316	MER0000347	27.237	257	149	9	305	544	119	354	1.04e-11	63.9
EKHNMBHM_01316	MER0000335	31.604	212	113	11	301	504	65	252	1.76e-11	62.0
EKHNMBHM_01316	MER0000338	28.163	245	134	10	295	528	62	275	1.85e-11	62.0
EKHNMBHM_01316	MER0001451	26.032	315	163	10	247	513	31	323	1.95e-11	62.4
EKHNMBHM_01316	MER0003020	27.044	318	138	13	301	545	222	518	2.10e-11	63.2
EKHNMBHM_01316	MER0000344	31.466	232	119	13	297	514	80	285	2.61e-11	61.6
EKHNMBHM_01316	MER0067924	25.385	260	129	9	275	507	53	274	3.26e-11	60.8
EKHNMBHM_01316	MER0161312	32.273	220	115	9	302	490	91	307	3.39e-11	61.6
EKHNMBHM_01316	MER0025143	29.348	276	116	12	253	491	39	272	4.19e-11	61.2
EKHNMBHM_01316	MER0037258	28.700	223	135	7	304	508	79	295	4.67e-11	60.8
EKHNMBHM_01316	MER0114485	27.381	252	123	10	280	489	92	325	5.61e-11	61.2
EKHNMBHM_01316	MER0019280	29.545	220	127	8	305	508	73	280	5.70e-11	60.5
EKHNMBHM_01316	MER0001467	27.985	268	126	11	305	508	72	336	6.19e-11	60.8
EKHNMBHM_01316	MER0006297	28.235	255	126	13	290	506	250	485	6.54e-11	61.2
EKHNMBHM_01316	MER0005859	32.018	228	106	12	305	495	242	457	1.01e-10	60.8
EKHNMBHM_01316	MER0004641	26.354	277	134	14	305	515	86	358	1.65e-10	59.7
EKHNMBHM_01316	MER0004123	26.033	242	132	9	305	510	79	309	1.80e-10	59.3
EKHNMBHM_01316	MER0022415	26.389	216	128	9	305	510	83	277	2.39e-10	59.7
EKHNMBHM_01316	MER0004652	35.955	89	43	2	452	530	441	525	2.40e-10	59.7
EKHNMBHM_01316	MER0000328	28.094	299	174	15	243	523	5	280	2.52e-10	58.5
EKHNMBHM_01316	MER0006048	23.529	272	134	8	305	508	85	350	2.74e-10	58.9
EKHNMBHM_01316	MER0068994	27.757	263	124	11	280	489	94	343	3.79e-10	58.5
EKHNMBHM_01316	MER0016986	27.823	248	126	10	305	506	90	330	3.88e-10	58.5
EKHNMBHM_01316	MER0000350	26.357	258	137	9	305	518	90	338	5.41e-10	57.8
EKHNMBHM_01316	MER0000353	30.653	199	91	9	305	484	157	327	6.39e-10	57.8
EKHNMBHM_01316	MER0000336	26.633	199	114	7	297	487	73	247	7.33e-10	57.0
EKHNMBHM_01316	MER0001454	36.364	88	38	2	439	508	240	327	1.17e-09	57.0
EKHNMBHM_01316	MER0050310	27.888	251	144	13	305	538	102	332	1.34e-09	57.0
EKHNMBHM_01316	MER0013641	26.496	234	131	10	305	510	83	303	1.36e-09	57.0
EKHNMBHM_01316	MER0014325	37.234	94	37	3	443	514	248	341	1.71e-09	56.6
EKHNMBHM_01316	MER0004869	24.211	285	125	11	305	511	82	353	2.99e-09	55.8
EKHNMBHM_01316	MER0006036	31.707	123	70	2	419	527	337	459	3.52e-09	55.8
EKHNMBHM_01316	MER0000348	26.316	228	117	6	305	488	88	308	4.93e-09	55.1
EKHNMBHM_01316	MER0016991	25.681	257	149	7	305	532	78	321	1.03e-08	53.9
EKHNMBHM_01316	MER0001368	23.228	254	142	11	305	508	85	335	1.20e-08	53.9
EKHNMBHM_01316	MER0013896	35.484	93	41	4	440	513	358	450	1.42e-08	53.9
EKHNMBHM_01316	MER0002771	34.783	92	44	4	439	514	244	335	1.67e-08	53.5
EKHNMBHM_01316	MER0015437	32.323	99	51	4	443	530	357	450	1.98e-08	53.5
EKHNMBHM_01316	MER0014309	25.987	304	149	13	278	508	27	327	2.52e-08	52.8
EKHNMBHM_01316	MER0015428	26.984	252	133	12	305	508	85	333	5.33e-08	52.0
EKHNMBHM_01316	MER0028258	29.134	254	128	12	297	505	96	342	5.78e-08	51.6
EKHNMBHM_01316	MER0015431	25.292	257	139	9	305	508	86	342	5.83e-08	51.6
EKHNMBHM_01316	MER0005699	24.399	291	153	12	305	528	103	393	6.74e-08	51.6
EKHNMBHM_01316	MER0004988	27.727	220	132	10	301	508	67	271	6.75e-08	51.2
EKHNMBHM_01316	MER0014310	33.708	89	39	3	440	508	310	398	7.10e-08	51.6
EKHNMBHM_01316	MER0002739	27.679	224	108	9	305	492	98	303	7.21e-08	51.6
EKHNMBHM_01316	MER0000389	25.385	260	107	8	305	508	77	305	1.17e-07	50.8
EKHNMBHM_01316	MER0005756	24.335	263	140	8	305	508	112	374	1.25e-07	50.8
EKHNMBHM_01316	MER0015438	32.584	89	40	2	440	508	362	450	1.28e-07	50.8
EKHNMBHM_01316	MER0015436	34.066	91	48	3	440	522	354	440	1.33e-07	50.8
EKHNMBHM_01316	MER0014311	33.708	89	39	3	440	508	311	399	1.56e-07	50.4
EKHNMBHM_01316	MER0004516	25.309	324	182	10	246	527	30	335	3.96e-07	48.9
EKHNMBHM_01316	MER0011813	34.444	90	39	2	439	508	346	435	4.30e-07	49.3
EKHNMBHM_01316	MER0013893	37.500	64	30	1	452	505	443	506	4.75e-07	49.3
EKHNMBHM_01316	MER0005710	26.733	101	61	2	440	527	352	452	5.28e-07	48.9
EKHNMBHM_01316	MER0005757	23.704	270	140	7	305	508	87	356	5.46e-07	48.9
EKHNMBHM_01316	MER0015439	24.825	286	135	13	305	513	118	400	5.53e-07	48.9
EKHNMBHM_01316	MER0015433	34.146	82	41	2	440	508	353	434	6.49e-07	48.5
EKHNMBHM_01316	MER0011791	52.500	40	19	0	469	508	381	420	6.79e-07	48.5
EKHNMBHM_01316	MER0015432	21.970	264	146	7	305	508	87	350	7.07e-07	48.5
EKHNMBHM_01316	MER0006049	31.507	73	37	1	452	511	288	360	8.24e-07	48.1
EKHNMBHM_01316	MER0014312	33.708	89	39	3	440	508	312	400	8.36e-07	48.1
EKHNMBHM_01316	MER0005700	31.765	85	45	2	437	508	273	357	9.42e-07	48.1
EKHNMBHM_01316	MER0015427	27.000	100	53	3	429	508	244	343	9.44e-07	47.8
EKHNMBHM_01316	MER0014089	30.469	128	67	6	430	539	343	466	9.52e-07	48.1
EKHNMBHM_01316	MER0005760	36.765	68	32	2	452	508	268	335	9.63e-07	47.8
EKHNMBHM_01316	MER0015435	34.375	96	40	4	436	508	354	449	1.08e-06	48.1
EKHNMBHM_01316	MER0047718	50.000	62	22	3	436	489	249	309	1.91e-06	47.0
EKHNMBHM_01316	MER0005034	32.222	90	41	4	439	508	344	433	2.12e-06	47.0
EKHNMBHM_01316	MER0014329	34.667	75	36	2	452	513	385	459	2.42e-06	47.0
EKHNMBHM_01316	MER0005610	48.780	41	21	0	468	508	294	334	2.71e-06	46.6
EKHNMBHM_01316	MER0080418	27.465	142	87	5	378	510	204	338	3.45e-06	46.2
EKHNMBHM_01316	MER0011484	27.559	254	137	13	292	510	255	496	4.19e-06	46.2
EKHNMBHM_01316	MER0197239	28.090	89	44	2	440	508	344	432	4.86e-06	45.8
EKHNMBHM_01316	MER0005775	30.556	72	44	2	443	508	375	446	5.34e-06	45.8
EKHNMBHM_01316	MER0014313	31.461	89	41	3	440	508	286	374	6.78e-06	45.4
EKHNMBHM_01316	MER0005774	30.488	82	44	2	440	508	345	426	8.41e-06	45.1
EKHNMBHM_01317	MER0019096	27.885	208	130	5	301	498	1	198	6.24e-13	65.1
EKHNMBHM_01317	MER0011345	26.804	194	123	6	300	477	28	218	1.34e-10	58.9
EKHNMBHM_01317	MER0002003	25.962	208	135	7	288	476	10	217	1.20e-09	55.8
EKHNMBHM_01317	MER0019759	25.114	219	135	8	302	497	19	231	5.80e-09	53.9
EKHNMBHM_01317	MER0005328	30.303	132	74	5	287	407	4	128	1.80e-08	52.0
EKHNMBHM_01317	MER0036308	23.958	192	129	6	300	478	26	213	2.96e-08	51.6
EKHNMBHM_01317	MER0001009	24.176	182	113	5	353	522	23	191	3.02e-08	51.2
EKHNMBHM_01317	MER0019730	23.618	199	115	6	312	476	38	233	7.37e-08	50.8
EKHNMBHM_01317	MER0011440	23.590	195	125	7	303	476	19	210	1.44e-07	49.3
EKHNMBHM_01317	MER0002755	23.889	180	124	5	303	469	21	200	2.81e-07	48.5
EKHNMBHM_01317	MER0012283	23.926	163	103	3	328	476	60	215	3.71e-07	48.1
EKHNMBHM_01317	MER0001017	23.438	192	133	5	300	477	28	219	5.27e-07	48.1
EKHNMBHM_01317	MER0001010	27.338	139	92	3	353	485	64	199	9.48e-07	47.0
EKHNMBHM_01317	MER0001013	25.743	202	114	7	300	477	29	218	1.36e-06	47.0
EKHNMBHM_01317	MER0002355	25.000	128	68	3	350	464	84	196	1.52e-06	46.6
EKHNMBHM_01317	MER0011369	22.353	170	119	3	310	476	66	225	3.74e-06	45.4
EKHNMBHM_01317	MER0002281	24.194	186	118	8	296	463	25	205	4.86e-06	45.1
EKHNMBHM_01317	MER0019754	22.901	131	96	1	351	476	65	195	5.84e-06	44.3
EKHNMBHM_01317	MER0005045	24.242	198	119	7	303	476	8	198	9.33e-06	43.9
EKHNMBHM_01317	MER0006264	24.265	136	82	3	353	476	56	182	9.92e-06	43.5
EKHNMBHM_01320	MER0001297	43.590	156	85	1	188	343	4	156	1.79e-36	130
EKHNMBHM_01320	MER0003514	43.791	153	83	1	188	340	4	153	9.94e-36	128
EKHNMBHM_01320	MER0003065	41.333	150	85	1	188	337	4	150	2.79e-35	127
EKHNMBHM_01320	MER0001425	43.210	162	87	2	186	343	2	162	2.33e-32	119
EKHNMBHM_01320	MER0003413	36.601	153	95	1	185	337	1	151	3.04e-30	113
EKHNMBHM_01320	MER0015684	37.500	168	94	2	188	355	4	160	9.81e-30	112
EKHNMBHM_01320	MER0004196	39.241	158	95	1	186	343	2	158	2.54e-27	105
EKHNMBHM_01320	MER0005714	36.646	161	82	3	189	336	5	158	5.37e-24	95.9
EKHNMBHM_01320	MER0001295	31.609	174	95	4	185	341	1	167	2.00e-20	85.9
EKHNMBHM_01320	MER0004195	32.704	159	99	3	186	341	2	155	3.65e-20	84.7
EKHNMBHM_01335	MER0192051	26.852	216	146	6	17	223	95	307	5.87e-11	59.7
EKHNMBHM_01354	MER0001026	43.824	340	143	13	265	598	18	315	5.53e-59	202
EKHNMBHM_01354	MER0029719	40.401	349	161	11	254	598	1	306	1.01e-57	199
EKHNMBHM_01354	MER0001025	43.119	327	139	11	278	598	33	318	1.52e-56	196
EKHNMBHM_01354	MER0001029	36.283	339	174	10	265	598	13	314	8.03e-47	167
EKHNMBHM_01354	MER0001032	35.876	354	161	11	254	598	4	300	1.04e-46	166
EKHNMBHM_01354	MER0004744	36.639	363	168	14	255	598	1	320	4.57e-46	165
EKHNMBHM_01354	MER0002103	36.615	325	164	11	284	598	28	320	1.99e-42	155
EKHNMBHM_01354	MER0029961	34.400	375	186	15	253	598	8	351	1.13e-36	139
EKHNMBHM_01354	MER0001047	32.482	274	143	7	327	598	73	306	3.42e-35	133
EKHNMBHM_01354	MER0004711	31.831	355	174	12	254	598	3	299	1.33e-34	131
EKHNMBHM_01354	MER0001045	37.255	204	95	8	338	528	83	266	2.64e-26	108
EKHNMBHM_01354	MER0115298	31.387	274	142	10	338	598	50	290	4.48e-26	106
EKHNMBHM_01354	MER0002810	30.249	281	157	8	305	580	53	299	8.08e-26	106
EKHNMBHM_01354	MER0091601	34.518	197	98	7	338	522	50	227	1.86e-24	102
EKHNMBHM_01354	MER0029943	31.532	222	111	5	357	578	94	274	2.08e-24	101
EKHNMBHM_01354	MER0033481	29.889	271	152	10	338	598	82	324	6.81e-24	101
EKHNMBHM_01354	MER0029796	31.532	222	111	5	357	578	101	281	9.71e-24	100
EKHNMBHM_01354	MER0001043	31.081	222	112	5	357	578	101	281	3.80e-23	98.2
EKHNMBHM_01354	MER0001024	35.000	160	76	4	362	521	101	232	4.17e-19	86.3
EKHNMBHM_01354	MER0001039	31.884	207	104	5	321	521	77	252	8.75e-19	85.9
EKHNMBHM_01354	MER0020240	28.571	238	123	8	362	598	106	297	5.87e-15	73.9
EKHNMBHM_01354	MER0024591	26.786	168	91	4	357	520	112	251	7.49e-06	46.2
EKHNMBHM_01375	MER0002489	28.289	304	181	8	39	306	9	311	2.46e-31	118
EKHNMBHM_01375	MER0005964	23.188	345	206	5	37	328	4	342	2.26e-24	99.0
EKHNMBHM_01375	MER0000459	25.826	333	194	8	36	324	4	327	7.89e-24	97.4
EKHNMBHM_01375	MER0026262	31.455	213	130	6	73	271	36	246	1.03e-23	97.1
EKHNMBHM_01375	MER1143079	27.830	212	124	5	84	285	39	231	1.82e-17	78.6
EKHNMBHM_01375	MER0354941	26.500	200	122	6	45	224	2	196	3.81e-17	75.9
EKHNMBHM_01375	MER0004090	28.025	157	99	4	78	223	55	208	1.28e-14	71.2
EKHNMBHM_01375	MER0003800	26.471	204	125	6	41	224	18	216	1.81e-14	70.9
EKHNMBHM_01375	MER0005925	26.901	171	115	4	60	220	22	192	1.87e-14	70.5
EKHNMBHM_01375	MER0011700	26.943	193	120	5	51	223	14	205	1.61e-13	67.8
EKHNMBHM_01375	MER0005923	34.694	98	62	1	52	147	22	119	1.10e-11	62.4
EKHNMBHM_01375	MER0006204	25.668	187	111	4	55	221	22	200	1.36e-11	62.0
EKHNMBHM_01375	MER0003802	23.239	284	162	7	73	324	35	294	5.89e-11	59.7
EKHNMBHM_01375	MER0000463	25.728	206	140	6	55	255	18	215	1.92e-10	58.2
EKHNMBHM_01375	MER0017069	24.309	181	130	2	55	231	12	189	2.60e-10	57.8
EKHNMBHM_01375	MER0028284	25.749	167	112	5	86	247	48	207	3.81e-10	57.4
EKHNMBHM_01375	MER0122661	27.338	139	99	2	86	224	49	185	1.28e-09	55.5
EKHNMBHM_01375	MER0005836	27.805	205	131	9	73	266	45	243	2.07e-09	54.3
EKHNMBHM_01375	MER0000457	24.638	207	124	8	52	246	21	207	2.74e-08	51.6
EKHNMBHM_01375	MER0015683	26.471	170	112	5	56	220	43	204	3.17e-08	51.2
EKHNMBHM_01375	MER0219770	22.930	157	114	4	71	223	32	185	3.40e-08	51.2
EKHNMBHM_01375	MER0004154	26.351	148	98	5	84	223	44	188	5.37e-07	47.8
EKHNMBHM_01375	MER0140154	22.930	157	104	5	81	220	29	185	1.38e-06	46.2
EKHNMBHM_01375	MER0011726	28.926	121	80	4	72	191	40	155	3.20e-06	45.4
EKHNMBHM_01395	MER0033186	34.191	272	165	5	73	333	3	271	1.01e-42	149
EKHNMBHM_01425	MER0011251	27.559	127	66	3	35	157	9	113	3.07e-06	46.6
EKHNMBHM_01448	MER0001026	39.000	300	128	9	368	663	67	315	1.02e-50	179
EKHNMBHM_01448	MER0001025	39.262	298	130	10	368	663	70	318	6.65e-50	176
EKHNMBHM_01448	MER0004744	37.342	316	157	11	351	663	43	320	2.84e-45	163
EKHNMBHM_01448	MER0001029	34.448	299	140	10	367	663	70	314	3.46e-41	151
EKHNMBHM_01448	MER0029719	36.364	297	134	9	368	663	64	306	7.67e-40	147
EKHNMBHM_01448	MER0001032	34.694	294	123	10	371	661	71	298	1.80e-38	143
EKHNMBHM_01448	MER0002103	31.915	329	168	12	340	663	43	320	1.61e-32	126
EKHNMBHM_01448	MER0029961	32.249	338	173	14	343	663	53	351	3.49e-31	123
EKHNMBHM_01448	MER0001043	36.073	219	90	6	373	586	77	250	4.82e-29	115
EKHNMBHM_01448	MER0115298	31.013	316	153	11	361	663	27	290	5.05e-29	115
EKHNMBHM_01448	MER0029796	35.514	214	98	5	373	586	77	250	6.78e-29	115
EKHNMBHM_01448	MER0002810	29.720	286	138	11	371	651	78	305	2.99e-27	110
EKHNMBHM_01448	MER0001045	31.715	309	148	11	366	663	67	323	1.08e-26	109
EKHNMBHM_01448	MER0091601	29.934	304	150	10	366	658	34	285	6.54e-26	106
EKHNMBHM_01448	MER0029943	32.420	219	98	6	373	586	70	243	1.22e-25	105
EKHNMBHM_01448	MER0033481	29.032	310	156	9	366	663	67	324	1.90e-25	105
EKHNMBHM_01448	MER0004711	29.766	299	139	10	371	663	66	299	2.89e-25	104
EKHNMBHM_01448	MER0020240	28.169	284	138	7	373	656	77	294	6.85e-24	100
EKHNMBHM_01448	MER0001024	31.739	230	111	6	373	602	72	255	1.68e-23	99.4
EKHNMBHM_01448	MER0001047	27.946	297	146	12	371	663	74	306	2.99e-23	99.0
EKHNMBHM_01448	MER0001039	34.078	179	78	5	401	576	114	255	1.49e-20	90.9
EKHNMBHM_01448	MER0024591	28.261	184	85	6	401	577	113	256	4.73e-10	58.9
EKHNMBHM_01456	MER0002489	33.555	301	181	8	47	329	32	331	3.32e-42	149
EKHNMBHM_01456	MER0000459	28.808	302	188	8	47	327	32	327	2.32e-33	125
EKHNMBHM_01456	MER0026262	27.635	351	219	11	24	345	2	346	7.99e-31	118
EKHNMBHM_01456	MER0003802	31.636	275	169	6	23	292	5	265	1.56e-30	117
EKHNMBHM_01456	MER1143079	30.208	288	171	10	25	305	2	266	3.34e-29	112
EKHNMBHM_01456	MER0005964	28.279	244	153	5	51	276	36	275	8.96e-26	104
EKHNMBHM_01456	MER0005836	29.699	266	150	11	15	260	2	250	3.21e-20	86.7
EKHNMBHM_01456	MER0005925	25.275	273	179	8	52	302	32	301	4.61e-17	79.0
EKHNMBHM_01456	MER0011700	23.881	335	209	6	42	331	21	354	6.50e-17	79.0
EKHNMBHM_01456	MER0004090	25.549	364	201	14	20	316	3	363	6.96e-17	79.0
EKHNMBHM_01456	MER0140154	22.593	270	162	7	43	271	7	270	2.01e-16	77.0
EKHNMBHM_01456	MER0017069	28.324	173	109	5	42	205	15	181	2.86e-16	76.3
EKHNMBHM_01456	MER0004154	23.944	284	191	7	47	321	25	292	1.51e-15	74.3
EKHNMBHM_01456	MER0028284	28.409	176	116	3	57	227	35	205	1.87e-15	73.9
EKHNMBHM_01456	MER0000457	26.064	188	130	5	20	202	3	186	1.00e-14	72.0
EKHNMBHM_01456	MER0122661	28.141	199	114	6	25	207	1	186	1.47e-12	65.1
EKHNMBHM_01456	MER0354941	27.374	179	107	5	41	207	30	197	1.01e-11	60.8
EKHNMBHM_01456	MER0356183	28.986	207	124	9	73	261	34	235	1.24e-11	61.2
EKHNMBHM_01456	MER0192873	27.053	207	132	5	74	262	1	206	5.10e-11	59.3
EKHNMBHM_01456	MER0006204	23.140	242	155	9	24	244	6	237	5.30e-11	60.8
EKHNMBHM_01456	MER0011718	24.862	181	126	5	25	199	8	184	3.00e-10	58.5
EKHNMBHM_01456	MER0034963	29.114	158	106	3	23	177	6	160	4.37e-09	54.7
EKHNMBHM_01456	MER0011726	25.676	148	95	4	57	196	41	181	5.18e-09	54.7
EKHNMBHM_01456	MER0219770	25.121	207	134	6	62	256	35	232	1.28e-08	53.1
EKHNMBHM_01456	MER0005923	28.431	102	65	3	38	133	26	125	2.51e-07	49.3
EKHNMBHM_01456	MER0005923	31.092	119	81	1	150	268	210	327	5.85e-06	45.1
EKHNMBHM_01456	MER0003800	25.907	193	117	7	37	214	46	227	3.28e-07	48.9
EKHNMBHM_01456	MER0000463	22.876	153	109	3	55	205	33	178	5.61e-07	48.1
EKHNMBHM_01476	MER0019759	27.815	151	98	4	410	552	82	229	3.87e-11	60.5
EKHNMBHM_01476	MER0019096	29.054	148	86	7	413	554	63	197	1.40e-08	52.4
EKHNMBHM_01476	MER0011345	27.778	162	97	5	388	533	60	217	4.04e-08	51.6
EKHNMBHM_01476	MER0001009	23.596	178	111	6	410	573	20	186	4.21e-08	51.2
EKHNMBHM_01476	MER0002746	26.974	152	99	6	410	552	82	230	2.56e-06	45.8
EKHNMBHM_01476	MER0001010	24.828	145	99	4	410	546	61	203	5.18e-06	44.7
EKHNMBHM_01581	MER0036052	30.000	240	156	7	17	248	64	299	2.67e-25	99.4
EKHNMBHM_01581	MER0036114	28.195	266	170	11	25	277	37	294	2.81e-23	93.6
EKHNMBHM_01581	MER0036050	28.099	242	167	5	2	237	50	290	5.63e-20	84.7
EKHNMBHM_01581	MER0031618	28.358	268	175	10	3	260	6	266	1.08e-18	80.9
EKHNMBHM_01581	MER0036051	27.386	241	167	5	2	237	50	287	4.57e-18	79.3
EKHNMBHM_01581	MER0044580	29.958	237	149	7	31	254	81	313	1.57e-16	75.1
EKHNMBHM_01581	MER0036049	27.559	254	153	10	10	243	4	246	3.54e-16	73.6
EKHNMBHM_01581	MER0036063	26.437	261	171	11	10	254	14	269	5.66e-15	70.1
EKHNMBHM_01581	MER0036047	26.866	268	161	13	10	254	14	269	1.75e-12	63.2
EKHNMBHM_01581	MER0036070	23.322	283	198	9	12	277	13	293	1.56e-11	60.5
EKHNMBHM_01581	MER0036062	26.573	286	170	15	9	268	7	278	4.28e-11	58.9
EKHNMBHM_01581	MER0036081	25.403	248	154	12	27	254	28	264	1.40e-08	51.6
EKHNMBHM_01581	MER0044641	22.709	251	182	6	29	268	56	305	5.28e-08	49.7
EKHNMBHM_01581	MER0045883	25.301	249	145	12	35	254	38	274	2.33e-07	47.8
EKHNMBHM_01581	MER0017248	28.571	133	89	4	4	132	45	175	6.16e-06	43.5
EKHNMBHM_01586	MER0000485	49.160	238	120	1	572	808	1	238	4.46e-74	239
EKHNMBHM_01586	MER0000495	42.570	249	134	2	572	811	1	249	1.80e-58	197
EKHNMBHM_01586	MER0003442	47.475	198	101	1	611	805	24	221	7.85e-54	183
EKHNMBHM_01586	MER0003443	46.734	199	101	2	604	797	22	220	1.44e-52	179
EKHNMBHM_01586	MER0011056	45.192	208	111	1	601	805	14	221	3.36e-52	178
EKHNMBHM_01586	MER0011057	45.024	211	111	2	598	805	13	221	1.03e-51	177
EKHNMBHM_01586	MER0014970	42.202	218	121	1	593	805	62	279	3.39e-51	178
EKHNMBHM_01586	MER0000488	40.260	231	134	2	572	800	1	229	6.16e-51	175
EKHNMBHM_01586	MER0004236	47.429	175	90	1	627	801	85	257	1.60e-47	166
EKHNMBHM_01586	MER0000496	43.147	197	107	1	598	789	81	277	3.60e-43	156
EKHNMBHM_01586	MER0005837	37.118	229	123	4	573	784	2	226	5.96e-41	147
EKHNMBHM_01586	MER0108906	38.983	236	137	2	572	805	1	231	3.21e-40	145
EKHNMBHM_01586	MER0026213	34.211	152	97	1	658	809	111	259	4.91e-24	99.4
EKHNMBHM_01586	MER0017402	32.787	183	111	4	630	807	28	203	2.23e-20	87.4
EKHNMBHM_01586	MER0003859	32.484	157	99	3	652	808	79	228	4.81e-17	78.6
EKHNMBHM_01586	MER0003359	28.767	219	117	11	573	780	12	202	8.49e-11	59.7
EKHNMBHM_01586	MER0017403	39.744	78	47	0	695	772	96	173	2.83e-07	49.3
EKHNMBHM_01592	MER0026545	35.196	179	101	3	89	259	99	270	3.39e-31	114
EKHNMBHM_01592	MER0026552	37.870	169	89	3	88	252	8	164	1.77e-29	106
EKHNMBHM_01592	MER0026496	28.195	266	166	9	9	259	18	273	4.70e-27	103
EKHNMBHM_01592	MER0042387	33.735	166	98	5	91	251	17	175	1.92e-25	96.7
EKHNMBHM_01592	MER0031491	30.769	182	114	5	79	249	1	181	1.72e-22	89.0
EKHNMBHM_01592	MER0002639	25.974	154	99	4	104	251	24	168	1.48e-08	50.1
EKHNMBHM_01592	MER0002642	26.744	172	98	6	96	256	16	170	3.22e-08	49.3
EKHNMBHM_01612	MER0017193	37.069	116	61	4	32	142	13	121	7.39e-13	63.9
EKHNMBHM_01612	MER0017177	23.776	143	106	2	12	153	2	142	2.10e-11	60.1
EKHNMBHM_01612	MER0026339	36.885	122	63	5	28	142	6	120	8.84e-11	57.8
EKHNMBHM_01612	MER0014065	32.000	100	55	5	29	126	17	105	2.15e-06	45.1
EKHNMBHM_01612	MER0044581	31.250	96	56	3	37	126	64	155	5.14e-06	43.9
EKHNMBHM_01612	MER0003280	29.600	125	74	5	31	147	13	131	5.38e-06	43.5
EKHNMBHM_01612	MER0031617	32.000	75	46	3	31	103	19	90	6.80e-06	43.1
EKHNMBHM_01613	MER0005900	28.278	389	240	14	29	404	19	381	4.39e-31	119
EKHNMBHM_01627	MER0078640	38.462	364	194	9	11	361	1	347	6.90e-68	214
EKHNMBHM_01627	MER0060647	36.915	363	206	9	11	362	1	351	2.60e-66	211
EKHNMBHM_01627	MER0044812	43.348	233	116	3	150	369	12	241	4.27e-57	183
EKHNMBHM_01627	MER0043540	43.069	202	111	3	166	366	27	225	3.40e-54	175
EKHNMBHM_01627	MER0045945	44.118	204	103	5	162	362	15	210	6.06e-49	161
EKHNMBHM_01627	MER0046161	40.435	230	118	4	151	366	22	246	2.60e-46	156
EKHNMBHM_01627	MER0115185	55.396	139	60	1	222	360	7	143	3.18e-45	149
EKHNMBHM_01627	MER0436691	30.576	278	145	7	91	362	6	241	1.30e-35	127
EKHNMBHM_01627	MER0043195	30.128	156	89	7	223	361	54	206	6.68e-09	52.8
EKHNMBHM_01627	MER0043537	40.541	74	41	2	193	265	14	85	1.39e-08	51.2
EKHNMBHM_01627	MER0045094	28.144	167	100	7	193	347	26	184	3.78e-08	50.4
EKHNMBHM_01627	MER0045886	32.584	89	56	3	183	269	14	100	7.16e-07	46.6
EKHNMBHM_01627	MER0044619	26.490	151	92	6	223	364	56	196	1.60e-06	45.4
EKHNMBHM_01627	MER0043394	22.695	141	99	3	213	347	12	148	2.37e-06	44.3
EKHNMBHM_01627	MER0044622	25.786	159	109	5	195	347	45	200	9.37e-06	43.5
EKHNMBHM_01660	MER0014827	68.421	57	18	0	9	65	205	261	1.40e-25	92.4
EKHNMBHM_01660	MER0004925	66.667	57	19	0	9	65	205	261	1.16e-24	89.7
EKHNMBHM_01705	MER0002959	28.780	205	143	3	879	1082	75	277	1.52e-16	78.2
EKHNMBHM_01705	MER0011097	26.425	193	113	4	892	1070	83	260	2.00e-08	53.9
EKHNMBHM_01727	MER0005244	30.570	193	121	5	276	466	3	184	6.24e-18	79.3
EKHNMBHM_01727	MER0015691	35.000	180	89	7	278	437	53	224	1.19e-16	76.6
EKHNMBHM_01727	MER0005241	46.512	86	41	1	278	358	5	90	5.32e-16	74.7
EKHNMBHM_01727	MER0005149	30.000	210	105	9	278	454	65	265	2.26e-15	73.6
EKHNMBHM_01727	MER0005139	37.624	101	54	4	278	372	63	160	2.90e-14	70.1
EKHNMBHM_01727	MER0001284	28.272	191	117	5	278	454	36	220	7.93e-12	62.4
EKHNMBHM_01727	MER0004514	27.041	196	119	5	275	454	33	220	3.94e-11	60.5
EKHNMBHM_01727	MER0005239	41.667	84	43	2	278	357	69	150	7.56e-11	60.1
EKHNMBHM_01727	MER0005238	36.667	90	52	2	277	363	66	153	9.18e-11	59.7
EKHNMBHM_01727	MER0100667	29.386	228	134	10	264	478	6	219	2.34e-10	57.4
EKHNMBHM_01727	MER0002104	35.849	106	60	3	261	363	53	153	2.77e-10	58.2
EKHNMBHM_01727	MER0038832	36.471	85	52	2	293	376	64	147	3.73e-10	57.4
EKHNMBHM_01727	MER0001289	36.066	122	68	5	237	358	29	140	1.89e-09	55.5
EKHNMBHM_01727	MER0032443	27.434	226	136	7	277	481	38	256	2.50e-09	55.1
EKHNMBHM_01727	MER0015336	28.293	205	112	10	278	461	62	252	2.87e-09	54.7
EKHNMBHM_01727	MER0002161	26.966	178	98	5	272	436	60	218	3.58e-09	54.7
EKHNMBHM_01727	MER0029965	23.661	224	128	8	278	480	50	251	4.98e-09	53.9
EKHNMBHM_01727	MER0001911	37.037	81	48	2	278	358	41	118	5.82e-09	53.9
EKHNMBHM_01727	MER0005131	26.020	196	129	6	277	458	37	230	5.82e-09	53.9
EKHNMBHM_01727	MER0194228	46.970	66	32	3	293	358	2	64	5.86e-09	52.8
EKHNMBHM_01727	MER0005152	31.633	98	61	3	257	351	40	134	9.52e-09	53.5
EKHNMBHM_01727	MER0011461	31.683	101	66	3	278	376	47	146	1.07e-08	53.1
EKHNMBHM_01727	MER0011464	35.802	81	51	1	292	372	60	139	2.24e-08	52.0
EKHNMBHM_01727	MER0005158	28.302	212	132	10	278	478	51	253	1.55e-07	49.7
EKHNMBHM_01727	MER0030257	35.821	67	43	0	292	358	63	129	8.11e-07	47.4
EKHNMBHM_01727	MER0037181	35.366	82	50	3	277	357	65	144	1.24e-06	47.0
EKHNMBHM_01727	MER0002105	30.435	92	56	3	265	351	45	133	1.73e-06	46.2
EKHNMBHM_01727	MER0015338	27.711	83	59	1	278	359	52	134	2.37e-06	45.8
EKHNMBHM_01727	MER0011487	22.917	192	141	5	278	466	48	235	3.96e-06	45.1
EKHNMBHM_01727	MER0011462	26.804	97	69	2	278	373	48	143	7.59e-06	44.3
EKHNMBHM_01727	MER0001288	34.568	81	50	2	274	354	19	96	8.48e-06	43.9
EKHNMBHM_01750	MER0045886	41.667	228	130	3	1	226	10	236	6.55e-56	184
EKHNMBHM_01750	MER0044889	35.808	229	140	5	3	227	17	242	1.44e-38	138
EKHNMBHM_01750	MER0038086	34.821	224	131	3	5	213	29	252	6.23e-37	134
EKHNMBHM_01750	MER0436735	29.344	259	146	4	5	226	4	262	6.28e-35	129
EKHNMBHM_01750	MER0042974	35.417	192	113	4	12	194	1	190	2.66e-30	114
EKHNMBHM_01750	MER0043387	35.393	178	111	3	20	195	1	176	1.55e-27	105
EKHNMBHM_01750	MER0043537	32.967	182	117	3	5	183	2	181	1.60e-23	94.7
EKHNMBHM_01750	MER0043392	31.847	157	98	5	35	184	4	158	3.62e-14	67.4
EKHNMBHM_01750	MER0044622	31.765	170	98	7	39	200	68	227	7.00e-11	59.7
EKHNMBHM_01750	MER0043394	30.827	133	77	5	64	184	33	162	6.07e-09	52.4
EKHNMBHM_01750	MER0043475	26.950	141	92	4	39	169	55	194	6.65e-08	50.4
EKHNMBHM_01750	MER0044882	29.839	124	68	4	74	184	53	170	3.63e-07	47.4
EKHNMBHM_01750	MER0044619	24.812	133	94	5	74	203	83	212	2.26e-06	45.8
EKHNMBHM_01750	MER0043195	23.770	122	80	4	74	183	86	206	2.73e-06	45.8
EKHNMBHM_01750	MER0045094	29.134	127	82	5	71	194	84	205	3.26e-06	45.4
EKHNMBHM_01776	MER0001244	39.924	263	143	6	175	425	2	261	2.75e-56	184
EKHNMBHM_01776	MER0013463	36.704	267	148	6	174	426	1	260	7.85e-50	167
EKHNMBHM_01776	MER0001733	30.137	292	161	4	176	426	3	292	3.41e-40	142
EKHNMBHM_01776	MER0028601	32.727	275	149	10	176	425	3	266	3.34e-39	139
EKHNMBHM_01776	MER0004931	33.193	238	133	5	175	408	2	217	4.14e-34	124
EKHNMBHM_01776	MER0005462	31.799	239	137	5	174	408	1	217	1.04e-32	120
EKHNMBHM_01776	MER0004532	30.380	237	138	5	175	407	2	215	1.70e-29	111
EKHNMBHM_01776	MER0001248	32.677	254	113	9	222	425	7	252	1.80e-29	112
EKHNMBHM_01776	MER0005715	30.672	238	139	6	175	406	2	219	1.18e-25	101
EKHNMBHM_01776	MER0002038	25.714	245	152	8	175	412	2	223	5.19e-16	73.9
EKHNMBHM_01776	MER0001250	24.916	297	157	11	176	419	3	286	1.55e-12	64.7
EKHNMBHM_01776	MER0016544	26.636	214	113	8	228	424	81	267	3.42e-11	60.5
EKHNMBHM_01776	MER0027437	24.797	246	142	11	174	400	1	222	6.30e-11	59.3
EKHNMBHM_01780	MER0003380	31.780	236	151	4	141	375	14	240	2.27e-36	130
EKHNMBHM_01780	MER0069741	35.185	162	99	4	217	375	13	171	8.31e-23	91.7
EKHNMBHM_01780	MER0013541	47.059	85	45	0	273	357	1	85	5.81e-21	83.6
EKHNMBHM_01780	MER0066182	34.884	129	79	2	252	379	75	199	3.38e-17	76.6
EKHNMBHM_01780	MER0003376	40.909	110	48	4	273	366	45	153	1.90e-15	70.5
EKHNMBHM_01780	MER0387040	38.144	97	59	1	273	368	1	97	5.39e-15	67.4
EKHNMBHM_01780	MER0001419	37.209	86	52	2	273	356	32	117	2.29e-13	63.9
EKHNMBHM_01780	MER0003423	33.981	103	66	2	273	373	32	134	2.39e-12	61.2
EKHNMBHM_01780	MER0003906	37.624	101	55	4	273	366	1	100	8.10e-12	58.5
EKHNMBHM_01780	MER0015415	29.703	101	62	3	263	357	52	149	4.81e-08	49.3
EKHNMBHM_01780	MER0005300	31.183	93	64	0	274	366	66	158	2.24e-07	47.4
EKHNMBHM_01780	MER0025070	31.313	99	59	4	271	360	4	102	4.39e-06	42.7
EKHNMBHM_01793	MER0001313	28.415	183	86	6	9	190	15	153	9.80e-10	52.8
EKHNMBHM_01800	MER0004466	35.065	77	46	2	47	120	197	272	5.24e-06	42.4
EKHNMBHM_01801	MER0029965	32.212	208	134	5	101	305	49	252	1.56e-26	106
EKHNMBHM_01801	MER0011464	31.092	238	149	10	73	302	15	245	7.09e-26	104
EKHNMBHM_01801	MER0015688	35.160	219	130	6	98	310	49	261	3.03e-25	102
EKHNMBHM_01801	MER0015338	29.353	201	134	5	101	297	51	247	5.84e-25	102
EKHNMBHM_01801	MER0011461	29.032	248	160	7	66	302	4	246	3.96e-24	99.4
EKHNMBHM_01801	MER0038831	31.405	242	153	8	67	301	12	247	9.60e-23	95.5
EKHNMBHM_01801	MER0030257	31.217	189	124	4	116	302	64	248	1.18e-22	95.1
EKHNMBHM_01801	MER0011487	30.508	236	155	5	67	297	12	243	2.09e-22	94.4
EKHNMBHM_01801	MER0011462	27.014	211	143	5	94	297	37	243	4.47e-22	93.2
EKHNMBHM_01801	MER0038832	28.293	205	139	4	102	302	48	248	6.59e-22	92.8
EKHNMBHM_01801	MER0038833	27.869	244	163	8	66	302	11	248	5.83e-21	90.1
EKHNMBHM_01801	MER0038822	31.308	214	137	6	94	302	2	210	1.10e-20	88.2
EKHNMBHM_01801	MER0005158	32.057	209	130	6	101	302	50	253	5.81e-20	87.4
EKHNMBHM_01801	MER0001911	30.275	218	136	8	99	311	38	244	1.22e-19	85.9
EKHNMBHM_01801	MER0038830	24.725	182	96	4	116	297	64	204	1.72e-10	58.5
EKHNMBHM_01801	MER0002161	30.814	172	108	5	60	229	30	192	6.20e-08	51.6
EKHNMBHM_01801	MER0037181	28.750	160	104	3	46	203	16	167	1.05e-07	50.8
EKHNMBHM_01801	MER0011460	27.673	159	97	6	13	155	31	187	1.21e-07	49.7
EKHNMBHM_01801	MER0015336	27.778	216	120	13	97	288	57	260	1.43e-06	47.4
EKHNMBHM_01817	MER0003380	39.796	98	55	3	204	300	138	232	2.18e-14	69.3
EKHNMBHM_01817	MER0003906	35.849	106	60	3	204	303	1	104	1.72e-13	63.2
EKHNMBHM_01817	MER0069741	43.023	86	45	3	204	289	70	151	2.46e-12	61.6
EKHNMBHM_01817	MER0003423	36.111	108	59	4	203	303	31	135	1.51e-11	58.9
EKHNMBHM_01817	MER0025070	35.593	118	61	5	199	303	1	116	3.33e-11	57.0
EKHNMBHM_01817	MER0388771	34.513	113	59	5	204	303	2	112	4.30e-11	56.6
EKHNMBHM_01817	MER0013541	38.462	91	53	2	204	294	1	88	6.69e-11	55.5
EKHNMBHM_01817	MER0003376	37.000	100	47	4	200	289	41	134	4.03e-10	55.1
EKHNMBHM_01817	MER0001419	39.773	88	48	3	204	289	32	116	6.60e-10	53.9
EKHNMBHM_01817	MER0015415	33.858	127	76	3	163	289	29	147	7.23e-10	54.7
EKHNMBHM_01817	MER0066182	35.043	117	72	3	189	303	76	190	2.42e-09	53.5
EKHNMBHM_01817	MER0387040	32.673	101	65	2	204	303	1	99	1.70e-07	46.2
EKHNMBHM_01817	MER0005300	32.061	131	80	5	174	303	40	162	9.07e-06	42.4
EKHNMBHM_01820	MER0014135	45.247	263	144	0	185	447	1	263	5.74e-81	248
EKHNMBHM_01827	MER0012158	38.938	339	133	10	2	268	1	337	1.15e-61	205
EKHNMBHM_01827	MER0003327	45.614	228	118	5	2	228	1	223	7.31e-59	194
EKHNMBHM_01827	MER0185695	41.071	224	122	3	2	218	1	221	3.23e-47	162
EKHNMBHM_01827	MER0003350	42.995	207	94	6	2	185	1	206	4.51e-45	156
EKHNMBHM_01827	MER0003322	41.262	206	96	5	2	182	1	206	4.64e-40	142
EKHNMBHM_01827	MER0011781	30.216	139	94	2	2	138	1	138	3.84e-14	69.3
EKHNMBHM_01827	MER0004101	32.117	137	87	4	2	134	1	135	4.80e-13	66.2
EKHNMBHM_01827	MER0011806	32.117	137	87	4	2	134	1	135	5.74e-13	65.9
EKHNMBHM_01827	MER0003314	32.000	150	79	5	2	134	1	144	1.12e-12	65.5
EKHNMBHM_01832	MER0073084	26.540	422	281	11	62	459	40	456	5.16e-42	155
EKHNMBHM_01832	MER0014496	24.876	402	259	17	160	531	171	559	3.40e-12	65.9
EKHNMBHM_01851	MER0237414	22.749	211	151	6	46	245	3	212	1.03e-12	65.1
EKHNMBHM_01851	MER0390687	26.277	137	96	2	79	210	30	166	3.26e-08	50.4
EKHNMBHM_01851	MER0015090	21.277	188	142	3	79	260	37	224	2.31e-07	49.3
EKHNMBHM_01851	MER0001233	21.053	209	141	6	44	233	2	205	6.64e-07	47.8
EKHNMBHM_01851	MER0195774	24.859	177	126	5	44	213	1	177	1.03e-06	46.6
EKHNMBHM_01851	MER0003543	22.222	189	139	4	79	260	37	224	1.44e-06	46.6
EKHNMBHM_01852	MER0195774	35.028	177	115	0	29	205	1	177	1.44e-37	132
EKHNMBHM_01852	MER0001233	30.769	221	126	9	29	232	2	212	2.48e-19	84.0
EKHNMBHM_01852	MER0001229	25.837	209	150	4	29	235	2	207	3.16e-15	71.2
EKHNMBHM_01852	MER0043985	25.837	209	150	4	29	235	2	207	6.24e-15	70.9
EKHNMBHM_01852	MER0003448	25.000	208	155	1	29	236	2	208	1.13e-14	70.1
EKHNMBHM_01852	MER0004423	29.412	153	100	4	65	216	33	178	1.86e-13	66.2
EKHNMBHM_01852	MER0122186	27.174	184	120	6	29	205	22	198	4.08e-11	58.9
EKHNMBHM_01852	MER0003543	22.927	205	154	3	29	232	2	203	8.03e-11	58.5
EKHNMBHM_01852	MER0001218	28.191	188	122	6	28	205	25	209	1.39e-10	57.8
EKHNMBHM_01852	MER0015259	28.049	164	108	6	29	187	26	184	4.97e-10	56.2
EKHNMBHM_01852	MER0001220	24.324	185	113	5	65	232	20	194	1.41e-09	54.7
EKHNMBHM_01852	MER0001222	23.404	188	138	4	23	205	20	206	2.47e-09	53.9
EKHNMBHM_01852	MER0001214	25.767	163	117	3	21	181	18	178	4.83e-09	52.8
EKHNMBHM_01852	MER0011096	26.627	169	118	3	21	186	18	183	5.22e-09	53.1
EKHNMBHM_01852	MER0003386	31.683	101	67	2	13	111	10	110	9.32e-09	52.4
EKHNMBHM_01852	MER0014333	25.652	230	152	9	29	247	2	223	2.16e-08	51.6
EKHNMBHM_01852	MER0015090	21.845	206	157	3	29	233	2	204	5.18e-08	50.4
EKHNMBHM_01852	MER0011744	24.194	186	130	4	29	205	26	209	9.67e-08	49.3
EKHNMBHM_01852	MER0002008	24.528	212	139	8	29	229	2	203	9.79e-08	49.7
EKHNMBHM_01852	MER0011292	23.121	173	120	5	45	208	64	232	1.26e-07	49.3
EKHNMBHM_01852	MER0002423	32.075	106	69	2	6	109	3	107	1.67e-07	48.5
EKHNMBHM_01852	MER0002283	33.010	103	67	2	11	111	8	110	2.02e-07	48.5
EKHNMBHM_01852	MER0390687	24.242	165	122	2	40	202	3	166	2.51e-07	47.4
EKHNMBHM_01852	MER0170820	42.593	54	30	1	65	117	33	86	2.71e-07	47.8
EKHNMBHM_01852	MER0188967	22.556	266	176	10	65	305	3	263	7.34e-07	48.1
EKHNMBHM_01852	MER0001413	24.615	130	96	2	20	148	21	149	2.83e-06	43.9
EKHNMBHM_01852	MER0003823	31.183	93	62	2	23	113	20	112	3.83e-06	44.7
EKHNMBHM_01852	MER0169735	27.049	122	88	1	28	148	15	136	9.04e-06	43.1
EKHNMBHM_01893	MER0005900	35.103	339	195	8	73	402	49	371	1.27e-45	159
EKHNMBHM_01936	MER0044357	31.553	206	108	8	20	196	50	251	2.04e-17	83.2
EKHNMBHM_01936	MER0044357	33.333	120	75	2	205	323	340	455	2.82e-10	60.8
EKHNMBHM_01971	MER0026494	31.315	479	303	8	1	461	4	474	2.04e-73	236
EKHNMBHM_01971	MER0015142	31.328	482	299	8	1	460	33	504	3.42e-72	234
EKHNMBHM_01971	MER0026471	30.372	484	299	10	1	458	5	476	2.82e-67	220
EKHNMBHM_01971	MER0026485	30.918	207	125	4	4	198	7	207	2.30e-22	94.4
EKHNMBHM_01971	MER0026485	32.292	96	65	0	362	457	212	307	2.52e-11	61.2
EKHNMBHM_01971	MER0003397	31.308	214	121	5	1	198	5	208	4.61e-22	93.2
EKHNMBHM_01971	MER0003397	29.167	96	68	0	362	457	213	308	1.44e-10	58.9
EKHNMBHM_01971	MER0052470	25.304	411	275	13	45	440	50	443	9.87e-21	91.3
EKHNMBHM_01971	MER0057434	28.641	206	127	6	6	198	1	199	3.46e-17	79.0
EKHNMBHM_01971	MER0057434	29.293	99	70	0	360	458	202	300	8.44e-09	53.5
EKHNMBHM_01971	MER0001272	31.724	145	82	5	21	164	11	139	1.78e-11	61.2
