AOLEJJBN_00002	MER0065588	37.245	196	121	2	1	194	1	196	1.70e-48	154
AOLEJJBN_00037	MER0004146	27.027	259	156	9	10	242	10	261	4.67e-20	83.6
AOLEJJBN_00037	MER0037236	26.866	268	162	6	2	242	1	261	5.97e-20	83.2
AOLEJJBN_00037	MER0031611	26.718	262	161	8	16	250	35	292	8.01e-17	75.1
AOLEJJBN_00037	MER0036076	25.472	212	137	7	46	242	88	293	2.67e-11	59.3
AOLEJJBN_00037	MER0036068	22.951	244	164	7	21	242	54	295	1.20e-10	57.4
AOLEJJBN_00037	MER0036066	20.902	244	166	7	21	241	1	240	1.02e-09	54.3
AOLEJJBN_00037	MER0036115	26.957	115	78	2	18	127	33	146	3.59e-09	53.1
AOLEJJBN_00037	MER0036074	22.170	212	131	6	72	250	176	386	3.63e-09	53.1
AOLEJJBN_00037	MER0036078	24.571	175	114	5	82	242	76	246	2.44e-08	50.1
AOLEJJBN_00037	MER0036067	22.800	250	155	10	21	242	52	291	2.80e-08	50.4
AOLEJJBN_00037	MER0036053	23.134	268	157	8	16	242	4	263	3.39e-08	50.1
AOLEJJBN_00037	MER0036054	22.901	262	154	8	19	238	15	270	8.32e-08	48.9
AOLEJJBN_00037	MER0011509	29.358	109	67	3	20	120	38	144	1.32e-06	45.4
AOLEJJBN_00037	MER0036057	18.107	243	171	7	21	242	63	298	1.64e-06	45.1
AOLEJJBN_00037	MER0031614	30.097	103	65	2	21	117	84	185	2.07e-06	44.7
AOLEJJBN_00037	MER0031619	25.217	115	66	3	20	122	28	134	3.69e-06	43.9
AOLEJJBN_00037	MER0035973	20.952	210	147	6	46	241	82	286	4.44e-06	43.5
AOLEJJBN_00037	MER0044350	22.346	179	118	7	20	184	1	172	4.53e-06	43.5
AOLEJJBN_00037	MER0017033	19.126	183	117	5	81	242	128	300	9.98e-06	42.7
AOLEJJBN_00083	MER0001243	34.400	250	162	2	6	253	3	252	3.83e-50	163
AOLEJJBN_00083	MER0001342	32.927	246	165	0	5	250	2	247	2.55e-44	147
AOLEJJBN_00083	MER0005690	31.780	236	160	1	15	250	12	246	1.10e-38	132
AOLEJJBN_00083	MER0013929	31.020	245	168	1	6	250	3	246	4.55e-38	131
AOLEJJBN_00083	MER0015127	31.169	231	158	1	20	250	17	246	8.67e-38	130
AOLEJJBN_00083	MER0013589	29.752	242	169	1	9	250	2	242	6.74e-37	128
AOLEJJBN_00083	MER0015128	29.787	235	159	3	19	250	16	247	7.74e-36	125
AOLEJJBN_00083	MER0013450	29.918	244	169	2	9	250	4	247	2.41e-34	121
AOLEJJBN_00083	MER0010972	22.174	230	161	3	21	250	18	229	4.24e-12	61.2
AOLEJJBN_00083	MER0004931	24.020	204	139	6	9	208	6	197	1.50e-10	56.6
AOLEJJBN_00083	MER0024896	25.954	131	90	3	126	250	337	466	1.59e-08	51.6
AOLEJJBN_00083	MER0024896	24.107	112	85	0	9	120	6	117	1.05e-07	49.3
AOLEJJBN_00083	MER0003880	24.457	184	124	5	36	215	25	197	2.52e-07	47.8
AOLEJJBN_00083	MER0002038	24.806	129	92	2	81	208	74	198	9.21e-07	45.4
AOLEJJBN_00083	MER0004532	26.357	129	90	2	81	208	72	196	4.23e-06	43.5
AOLEJJBN_00086	MER0005742	25.694	144	64	5	44	187	1	101	2.41e-07	45.1
AOLEJJBN_00086	MER0001333	25.581	172	87	6	18	187	66	198	2.06e-06	44.7
AOLEJJBN_00092	MER0091680	24.336	226	150	6	362	577	3	217	3.23e-07	48.9
AOLEJJBN_00092	MER0001009	23.129	147	108	2	426	572	20	161	3.40e-07	48.5
AOLEJJBN_00092	MER0001017	25.000	180	112	8	396	567	61	225	3.55e-06	45.8
AOLEJJBN_00092	MER0001013	26.966	178	95	7	396	560	62	217	4.34e-06	45.8
AOLEJJBN_00092	MER0001010	21.608	199	148	5	377	572	9	202	7.47e-06	44.7
AOLEJJBN_00103	MER0001978	39.360	531	313	6	38	561	26	554	5.07e-135	401
AOLEJJBN_00103	MER0011811	33.880	549	329	14	37	561	25	563	4.44e-78	253
AOLEJJBN_00103	MER0011800	33.678	484	304	10	35	510	22	496	1.17e-74	245
AOLEJJBN_00103	MER0003580	31.618	544	323	16	37	554	25	545	1.07e-66	223
AOLEJJBN_00103	MER0005831	28.994	507	313	17	32	511	20	506	3.80e-59	203
AOLEJJBN_00103	MER0011211	29.380	548	341	15	33	554	21	548	1.57e-58	201
AOLEJJBN_00103	MER0005029	30.056	539	324	20	49	554	4	522	1.19e-57	198
AOLEJJBN_00103	MER0001629	27.306	553	372	17	18	554	6	544	6.65e-57	197
AOLEJJBN_00103	MER0011215	30.859	512	316	16	37	528	2	495	1.99e-55	191
AOLEJJBN_00103	MER0011143	30.499	541	307	21	37	550	25	523	3.73e-55	192
AOLEJJBN_00103	MER0004194	31.992	522	323	19	52	554	6	514	2.76e-54	189
AOLEJJBN_00103	MER0006124	27.689	502	323	14	33	509	21	507	1.20e-44	163
AOLEJJBN_00103	MER0002720	30.717	446	250	13	36	475	4	396	3.64e-44	160
AOLEJJBN_00103	MER0001977	24.868	567	376	20	28	561	16	565	1.16e-39	149
AOLEJJBN_00103	MER0004202	25.678	479	300	13	38	498	9	449	1.59e-39	148
AOLEJJBN_00103	MER0016970	26.230	549	363	18	29	559	16	540	1.29e-34	134
AOLEJJBN_00103	MER0011193	23.268	563	356	20	33	554	18	545	1.74e-32	128
AOLEJJBN_00103	MER0002718	36.979	192	114	4	323	510	3	191	3.28e-27	105
AOLEJJBN_00103	MER0002728	35.912	181	113	3	374	552	386	565	1.33e-25	107
AOLEJJBN_00103	MER0006132	21.656	628	371	20	36	562	23	630	1.93e-25	107
AOLEJJBN_00103	MER0094876	22.385	545	345	17	45	554	10	511	1.98e-22	97.4
AOLEJJBN_00103	MER0003440	25.234	428	263	16	37	458	25	401	1.67e-20	90.9
AOLEJJBN_00103	MER0026205	31.148	183	122	4	374	554	37	217	7.26e-20	85.5
AOLEJJBN_00103	MER0026204	27.727	220	144	6	29	242	17	227	9.15e-20	85.5
AOLEJJBN_00103	MER0002721	29.048	210	118	5	374	554	37	244	6.96e-19	83.6
AOLEJJBN_00103	MER0001976	27.869	183	118	5	374	554	37	207	1.85e-12	63.9
AOLEJJBN_00103	MER0037241	29.412	119	78	3	128	241	111	228	1.98e-10	58.2
AOLEJJBN_00103	MER0026207	26.923	182	105	6	374	554	37	191	1.04e-09	55.5
AOLEJJBN_00121	MER0006204	22.874	341	211	14	67	387	47	355	1.99e-12	65.1
AOLEJJBN_00121	MER0011700	30.811	185	86	7	56	227	37	192	7.12e-12	63.2
AOLEJJBN_00121	MER0028284	25.381	197	106	6	60	249	29	191	2.23e-11	61.6
AOLEJJBN_00121	MER0026262	23.881	335	196	14	73	396	49	335	8.21e-10	56.6
AOLEJJBN_00121	MER0140154	23.411	299	170	13	70	346	31	292	9.01e-08	50.4
AOLEJJBN_00121	MER0002489	23.529	255	148	12	76	327	58	268	1.57e-07	49.7
AOLEJJBN_00121	MER0004090	22.754	167	102	5	74	238	64	205	2.48e-06	46.2
AOLEJJBN_00209	MER0005139	28.755	233	142	8	88	304	46	270	6.20e-17	77.4
AOLEJJBN_00209	MER0015691	37.391	115	61	4	99	209	43	150	4.54e-14	68.6
AOLEJJBN_00209	MER0005238	35.043	117	65	5	78	192	39	146	3.99e-13	66.2
AOLEJJBN_00209	MER0001284	30.457	197	108	9	105	293	35	210	2.47e-12	63.5
AOLEJJBN_00209	MER0005239	31.469	143	86	6	70	209	34	167	1.07e-11	62.0
AOLEJJBN_00209	MER0002161	31.000	200	91	8	100	289	60	222	1.73e-11	61.2
AOLEJJBN_00209	MER0015336	32.174	115	70	3	96	209	52	159	5.97e-11	59.7
AOLEJJBN_00209	MER0002104	32.479	117	68	5	78	192	39	146	7.43e-11	59.7
AOLEJJBN_00209	MER0194228	25.581	215	125	7	123	328	4	192	4.49e-10	55.8
AOLEJJBN_00209	MER0004514	27.451	204	121	9	105	299	35	220	1.51e-09	55.1
AOLEJJBN_00209	MER0005241	32.967	91	54	2	102	190	1	86	1.84e-09	54.7
AOLEJJBN_00209	MER0001289	24.812	266	156	11	77	328	33	268	2.48e-09	54.7
AOLEJJBN_00209	MER0005149	34.259	108	62	4	105	210	64	164	4.72e-09	54.3
AOLEJJBN_00209	MER0100667	25.410	244	136	9	92	323	10	219	1.02e-08	52.4
AOLEJJBN_00209	MER0005131	26.180	233	151	7	92	316	24	243	3.38e-08	51.2
AOLEJJBN_00209	MER0005152	30.682	88	54	1	106	193	60	140	9.98e-08	49.7
AOLEJJBN_00209	MER0001911	30.631	111	67	2	95	205	30	130	3.44e-07	48.1
AOLEJJBN_00209	MER0005244	34.884	86	47	3	106	190	5	82	8.50e-07	46.2
AOLEJJBN_00209	MER0001288	25.431	232	126	10	102	315	19	221	1.64e-06	45.8
AOLEJJBN_00209	MER0015688	34.375	96	52	4	114	209	64	148	5.09e-06	44.7
AOLEJJBN_00209	MER0001290	28.859	149	85	6	52	188	44	183	7.59e-06	44.3
AOLEJJBN_00209	MER0011461	34.259	108	58	4	83	190	30	124	8.77e-06	43.9
AOLEJJBN_00296	MER0034615	26.667	165	81	5	121	248	38	199	1.83e-06	45.4
AOLEJJBN_00316	MER0000474	54.688	192	87	0	28	219	15	206	3.16e-75	223
AOLEJJBN_00316	MER0005687	53.476	187	82	1	30	216	26	207	3.77e-66	200
AOLEJJBN_00316	MER0002299	51.337	187	91	0	31	217	12	198	1.01e-64	196
AOLEJJBN_00316	MER0006046	48.958	192	98	0	28	219	15	206	2.92e-63	192
AOLEJJBN_00316	MER0002211	48.947	190	97	0	28	217	15	204	4.44e-62	189
AOLEJJBN_00316	MER0004857	49.479	192	95	2	26	216	13	203	4.59e-60	184
AOLEJJBN_00316	MER0006063	47.802	182	95	0	35	216	23	204	1.01e-58	181
AOLEJJBN_00316	MER0004855	42.500	200	109	1	17	216	12	205	2.44e-55	172
AOLEJJBN_00316	MER0004847	47.368	190	99	1	31	219	18	207	2.42e-54	170
AOLEJJBN_00316	MER0006056	50.602	166	81	1	54	219	46	210	7.77e-54	169
AOLEJJBN_00316	MER0006308	37.853	177	109	1	40	215	17	193	8.86e-44	142
AOLEJJBN_00316	MER0004182	37.968	187	116	0	30	216	13	199	1.50e-43	142
AOLEJJBN_00316	MER0011666	41.420	169	97	2	50	216	17	185	1.46e-40	134
AOLEJJBN_00316	MER0001369	40.741	81	46	1	71	151	52	130	2.96e-06	42.4
AOLEJJBN_00318	MER0031610	26.721	247	171	5	13	251	53	297	8.06e-27	102
AOLEJJBN_00318	MER0044900	23.954	263	163	10	16	246	96	353	6.61e-09	52.4
AOLEJJBN_00318	MER0036068	24.686	239	153	8	27	248	67	295	1.57e-06	45.1
AOLEJJBN_00375	MER0028025	50.943	159	77	1	11	169	12	169	1.19e-47	159
AOLEJJBN_00375	MER0028025	43.902	82	45	1	270	351	164	244	6.30e-16	73.6
AOLEJJBN_00375	MER0003798	24.062	320	186	9	66	339	97	405	1.38e-12	65.1
AOLEJJBN_00375	MER0238460	23.513	353	199	15	44	343	67	401	2.05e-09	55.5
AOLEJJBN_00375	MER0026479	31.361	169	93	8	6	163	4	160	3.49e-08	50.8
AOLEJJBN_00375	MER0001273	35.354	99	62	2	66	163	74	171	1.82e-06	45.4
AOLEJJBN_00393	MER0024252	37.931	116	62	4	129	238	14	125	1.27e-15	68.2
AOLEJJBN_00393	MER0001322	35.000	100	52	4	124	218	8	99	7.16e-13	60.5
AOLEJJBN_00393	MER0003807	36.538	104	53	4	124	224	8	101	9.44e-13	60.1
AOLEJJBN_00393	MER0014188	40.698	86	41	4	124	206	8	86	2.43e-12	58.9
AOLEJJBN_00393	MER0377310	32.323	99	63	3	119	216	3	98	7.17e-11	54.7
AOLEJJBN_00393	MER0377307	32.323	99	63	3	119	216	3	98	7.17e-11	54.7
AOLEJJBN_00393	MER0002443	37.349	83	49	3	126	206	10	91	7.33e-11	55.1
AOLEJJBN_00393	MER0002450	32.323	99	63	3	119	216	3	98	1.00e-10	54.7
AOLEJJBN_00393	MER0003986	32.203	118	68	5	124	237	8	117	1.40e-10	54.3
AOLEJJBN_00393	MER0014672	27.679	112	62	4	125	220	9	117	1.51e-10	54.3
AOLEJJBN_00393	MER0376722	32.584	89	55	3	119	206	3	87	2.14e-10	53.1
AOLEJJBN_00393	MER0003808	32.584	89	55	3	119	206	3	87	3.17e-10	53.1
AOLEJJBN_00393	MER0377450	32.530	83	51	3	125	206	9	87	2.73e-08	47.4
AOLEJJBN_00393	MER0003805	32.530	83	51	3	125	206	9	87	3.14e-08	47.8
AOLEJJBN_00393	MER0004054	37.079	89	46	6	125	206	9	94	3.78e-08	47.8
AOLEJJBN_00393	MER0004035	34.177	79	49	2	129	206	10	86	1.79e-07	45.4
AOLEJJBN_00393	MER0377178	30.303	99	65	3	119	216	3	98	3.06e-07	44.7
AOLEJJBN_00401	MER0168983	24.286	140	90	4	298	434	21	147	4.67e-09	52.8
AOLEJJBN_00401	MER0005331	23.301	206	143	5	251	443	2	205	1.30e-08	52.4
AOLEJJBN_00401	MER0019754	25.389	193	114	8	270	440	3	187	2.73e-06	45.1
AOLEJJBN_00410	MER0048181	31.690	142	85	4	68	197	1	142	1.23e-10	55.5
AOLEJJBN_00410	MER0015473	27.222	180	116	5	40	206	8	185	1.46e-07	47.8
AOLEJJBN_00410	MER0035036	21.505	186	127	4	20	201	51	221	9.37e-07	45.8
AOLEJJBN_00411	MER0015472	27.513	189	88	5	47	233	44	185	6.00e-11	57.0
AOLEJJBN_00411	MER0015473	31.818	198	82	8	53	242	42	194	3.01e-10	55.5
AOLEJJBN_00411	MER0017194	26.337	243	114	5	4	230	13	206	7.43e-08	48.5
AOLEJJBN_00411	MER0015459	28.571	91	60	2	12	97	9	99	2.10e-06	44.3
AOLEJJBN_00411	MER0015458	26.882	186	89	6	52	230	56	201	6.43e-06	43.1
AOLEJJBN_00425	MER0002635	38.732	284	158	4	142	409	1	284	9.69e-57	185
AOLEJJBN_00425	MER0173063	36.531	271	161	5	144	408	2	267	2.34e-48	162
AOLEJJBN_00425	MER0002646	32.248	307	169	3	142	409	1	307	3.52e-44	153
AOLEJJBN_00425	MER0003824	33.803	284	147	7	144	409	3	263	1.81e-43	150
AOLEJJBN_00425	MER0049282	34.426	244	151	6	172	409	32	272	1.67e-39	139
AOLEJJBN_00425	MER0120615	31.852	270	169	6	144	408	1	260	2.02e-39	139
AOLEJJBN_00425	MER0003772	29.091	275	180	4	144	409	3	271	5.33e-30	114
AOLEJJBN_00425	MER0011469	23.875	289	196	4	141	409	4	288	2.30e-25	101
AOLEJJBN_00425	MER0011470	26.523	279	180	6	151	405	1	278	9.47e-23	94.4
AOLEJJBN_00425	MER0142760	27.820	133	94	1	243	375	301	431	4.01e-16	76.6
AOLEJJBN_00425	MER0006292	28.500	200	116	9	212	410	1	174	2.57e-14	67.8
AOLEJJBN_00434	MER0044357	27.434	226	126	9	8	201	34	253	1.29e-15	73.9
AOLEJJBN_00438	MER0034539	50.485	206	101	1	2	206	1	206	8.76e-71	223
AOLEJJBN_00438	MER0033254	34.940	166	96	5	25	179	20	184	7.22e-23	94.7
AOLEJJBN_00448	MER0000268	51.592	157	72	3	104	259	1	154	3.42e-48	159
AOLEJJBN_00448	MER0013623	50.314	159	70	3	104	259	1	153	5.12e-48	159
AOLEJJBN_00448	MER0004111	49.686	159	73	2	104	259	1	155	3.24e-47	157
AOLEJJBN_00448	MER0003850	46.369	179	87	4	104	278	3	176	1.01e-46	156
AOLEJJBN_00448	MER0005468	51.572	159	73	3	104	259	1	158	4.31e-46	154
AOLEJJBN_00448	MER0000266	49.367	158	76	3	104	259	1	156	2.95e-44	149
AOLEJJBN_00448	MER0001372	51.266	158	73	3	104	259	1	156	3.80e-44	149
AOLEJJBN_00448	MER0004149	46.626	163	80	2	104	259	1	163	1.09e-41	143
AOLEJJBN_00448	MER0004673	33.813	278	152	7	104	360	2	268	1.99e-39	140
AOLEJJBN_00448	MER0002577	43.671	158	82	2	104	259	1	153	2.46e-36	128
AOLEJJBN_00448	MER0001945	42.767	159	88	2	104	259	1	159	1.05e-35	127
AOLEJJBN_00448	MER0003290	43.396	159	84	3	104	259	1	156	1.42e-35	126
AOLEJJBN_00448	MER0028330	43.671	158	82	2	104	259	1	153	1.63e-35	126
AOLEJJBN_00448	MER0001373	46.875	160	79	4	104	259	1	158	1.03e-34	124
AOLEJJBN_00448	MER0016351	41.772	158	85	2	104	259	1	153	3.51e-34	122
AOLEJJBN_00448	MER0022668	42.105	171	84	5	104	259	1	171	8.26e-33	119
AOLEJJBN_00448	MER0014795	42.424	165	80	4	104	259	1	159	2.09e-32	118
AOLEJJBN_00448	MER0003293	44.667	150	81	2	104	253	1	148	4.25e-31	114
AOLEJJBN_00448	MER0010944	39.181	171	89	4	104	259	1	171	2.15e-29	110
AOLEJJBN_00448	MER0004093	38.608	158	90	2	104	259	1	153	5.68e-29	108
AOLEJJBN_00448	MER0011375	37.500	160	90	4	104	259	1	154	1.42e-28	107
AOLEJJBN_00448	MER0016031	41.916	167	85	5	104	259	1	166	5.42e-28	106
AOLEJJBN_00448	MER0004086	40.132	152	83	4	114	259	13	162	9.94e-28	105
AOLEJJBN_00448	MER0015583	39.597	149	80	4	104	242	1	149	3.97e-24	95.1
AOLEJJBN_00448	MER0006096	37.931	116	70	1	128	241	1	116	1.21e-23	93.2
AOLEJJBN_00448	MER0005093	33.987	153	88	4	104	243	1	153	1.30e-20	85.5
AOLEJJBN_00448	MER0063616	32.934	167	93	6	104	259	1	159	2.74e-16	73.2
AOLEJJBN_00448	MER0005094	28.000	150	97	5	112	252	8	155	2.52e-11	58.9
AOLEJJBN_00448	MER0014317	29.167	144	98	4	115	254	10	153	2.04e-10	56.2
AOLEJJBN_00448	MER0005089	29.771	131	88	4	104	231	1	130	5.09e-08	49.3
AOLEJJBN_00448	MER0014318	30.818	159	93	8	104	252	1	152	1.16e-06	45.1
AOLEJJBN_00448	MER0024901	31.724	145	84	9	104	240	1	138	2.97e-06	43.9
AOLEJJBN_00448	MER0005090	28.244	131	90	4	104	231	1	130	7.88e-06	42.7
AOLEJJBN_00448	MER0145078	30.488	82	51	2	187	262	161	242	8.80e-06	43.9
AOLEJJBN_00475	MER0000485	44.872	234	127	2	571	802	2	235	5.99e-61	203
AOLEJJBN_00475	MER0000495	42.739	241	128	2	571	801	2	242	2.98e-57	193
AOLEJJBN_00475	MER0014970	36.331	278	131	3	571	802	2	279	2.25e-53	184
AOLEJJBN_00475	MER0003443	44.279	201	105	3	607	801	27	226	3.53e-51	176
AOLEJJBN_00475	MER0000488	39.035	228	138	1	571	797	2	229	6.24e-50	172
AOLEJJBN_00475	MER0003442	41.704	223	116	3	598	806	3	225	3.21e-49	170
AOLEJJBN_00475	MER0011056	41.121	214	122	2	592	801	7	220	9.08e-49	169
AOLEJJBN_00475	MER0011057	44.000	200	108	2	606	801	21	220	1.07e-48	168
AOLEJJBN_00475	MER0004236	47.093	172	89	1	627	798	88	257	2.29e-45	160
AOLEJJBN_00475	MER0000496	37.931	261	102	5	571	771	2	262	3.83e-42	153
AOLEJJBN_00475	MER0108906	37.021	235	138	4	571	801	2	230	1.62e-37	137
AOLEJJBN_00475	MER0005837	33.992	253	149	4	571	807	2	252	1.77e-37	138
AOLEJJBN_00475	MER0026213	31.169	154	98	3	655	806	111	258	1.35e-17	80.5
AOLEJJBN_00475	MER0017402	34.000	150	88	3	631	775	32	175	4.61e-17	77.8
AOLEJJBN_00475	MER0003859	29.851	134	87	2	649	782	79	205	5.06e-14	69.7
AOLEJJBN_00475	MER0003359	30.275	109	71	1	690	798	115	218	2.60e-09	55.5
AOLEJJBN_00475	MER0017403	33.333	99	60	1	665	763	75	167	1.11e-07	50.4
AOLEJJBN_00508	MER0000589	64.865	37	13	0	476	512	192	228	3.83e-10	57.4
AOLEJJBN_00508	MER0000589	30.328	122	42	3	140	261	1	79	2.89e-09	54.7
AOLEJJBN_00508	MER0013626	50.000	36	18	0	475	510	108	143	4.48e-08	49.7
AOLEJJBN_00571	MER0045886	40.969	227	132	2	1	225	10	236	1.38e-50	170
AOLEJJBN_00571	MER0044889	36.522	230	138	4	2	226	16	242	1.50e-37	135
AOLEJJBN_00571	MER0436735	30.916	262	141	5	3	225	2	262	1.64e-32	122
AOLEJJBN_00571	MER0038086	34.906	212	112	5	3	193	27	233	1.30e-29	114
AOLEJJBN_00571	MER0042974	33.684	190	118	3	12	193	1	190	6.45e-29	110
AOLEJJBN_00571	MER0043537	34.066	182	114	2	5	182	2	181	4.23e-26	102
AOLEJJBN_00571	MER0043387	32.386	176	116	2	20	193	1	175	1.42e-23	94.7
AOLEJJBN_00571	MER0045094	28.276	145	100	3	46	187	58	201	6.08e-09	53.5
AOLEJJBN_00571	MER0043394	27.826	115	81	1	71	183	48	162	3.23e-07	47.4
AOLEJJBN_00571	MER0044622	26.380	163	109	5	45	202	74	230	1.62e-06	46.2
AOLEJJBN_00571	MER0044882	26.752	157	104	6	45	192	24	178	1.67e-06	45.4
AOLEJJBN_00571	MER0043392	26.316	114	83	1	66	179	42	154	3.47e-06	44.3
AOLEJJBN_00573	MER0065554	46.640	253	124	2	290	532	9	260	5.70e-82	254
AOLEJJBN_00573	MER0437468	37.822	349	202	5	198	532	1	348	4.26e-80	251
AOLEJJBN_00573	MER0436717	36.750	400	186	9	198	534	1	396	3.33e-67	219
AOLEJJBN_00601	MER0069741	30.380	158	76	6	27	179	43	171	6.61e-15	69.7
AOLEJJBN_00601	MER0003376	27.072	181	76	8	4	170	3	141	6.49e-10	55.1
AOLEJJBN_00601	MER0001419	32.174	115	52	3	46	159	28	117	1.31e-07	48.1
AOLEJJBN_00601	MER0003423	32.203	118	54	3	46	162	28	120	1.51e-07	47.8
AOLEJJBN_00601	MER0003380	29.771	131	63	5	50	180	138	239	1.69e-06	46.2
AOLEJJBN_00631	MER0042827	52.525	99	47	0	973	1071	1	99	1.14e-27	105
AOLEJJBN_00636	MER0004514	32.381	105	69	1	108	210	35	139	1.69e-12	63.9
AOLEJJBN_00636	MER0001284	33.654	104	67	1	109	210	36	139	4.16e-12	63.2
AOLEJJBN_00636	MER0100667	34.351	131	77	4	102	228	17	142	3.93e-11	59.7
AOLEJJBN_00636	MER0194228	38.028	71	43	1	144	213	14	84	6.94e-07	46.6
AOLEJJBN_00636	MER0001289	38.028	71	43	1	144	213	90	160	1.62e-06	46.2
AOLEJJBN_00636	MER0005238	31.061	132	69	3	107	233	65	179	8.06e-06	44.3
AOLEJJBN_00649	MER0078640	36.088	363	204	7	12	362	1	347	1.21e-62	201
AOLEJJBN_00649	MER0060647	31.880	367	219	8	12	363	1	351	9.06e-54	178
AOLEJJBN_00649	MER0044812	39.189	222	119	4	160	368	21	239	2.21e-47	158
AOLEJJBN_00649	MER0043540	39.720	214	122	3	154	366	17	224	2.05e-46	155
AOLEJJBN_00649	MER0045945	39.216	204	119	4	163	366	15	213	6.97e-42	143
AOLEJJBN_00649	MER0436691	32.090	268	145	3	103	368	15	247	1.58e-40	140
AOLEJJBN_00649	MER0115185	47.183	142	73	1	220	361	4	143	1.52e-38	132
AOLEJJBN_00649	MER0046161	36.082	194	118	3	176	368	59	247	6.43e-35	126
AOLEJJBN_00649	MER0045094	25.444	169	102	7	194	348	26	184	9.04e-06	43.5
AOLEJJBN_00706	MER0002007	36.667	390	222	9	22	407	5	373	3.97e-77	242
AOLEJJBN_00706	MER0002013	37.563	394	219	10	38	425	21	393	9.22e-73	231
AOLEJJBN_00706	MER0002659	33.835	399	236	9	32	425	15	390	3.14e-63	206
AOLEJJBN_00706	MER0002014	33.920	398	237	8	32	425	15	390	6.46e-63	205
AOLEJJBN_00706	MER0005155	34.896	384	226	8	35	413	11	375	4.70e-62	202
AOLEJJBN_00706	MER0002655	34.383	381	218	10	35	411	10	362	3.99e-61	200
AOLEJJBN_00706	MER0003770	33.333	393	231	10	31	419	2	367	1.31e-54	182
AOLEJJBN_00706	MER0005173	31.662	379	229	9	37	410	4	357	1.36e-51	174
AOLEJJBN_00706	MER0005163	51.479	169	64	5	35	202	9	160	1.94e-42	147
AOLEJJBN_00706	MER0005163	33.333	72	42	2	356	425	197	264	2.48e-06	45.4
AOLEJJBN_00706	MER0003815	42.347	196	93	7	27	219	8	186	1.20e-35	130
AOLEJJBN_00706	MER0003815	23.669	169	104	4	262	426	148	295	1.05e-07	50.1
AOLEJJBN_00706	MER0015354	42.473	186	88	7	32	216	15	182	2.16e-34	126
AOLEJJBN_00706	MER0003581	26.761	355	233	9	77	424	1	335	1.03e-27	109
AOLEJJBN_00706	MER0002664	34.756	164	83	6	35	198	8	147	7.61e-20	85.9
AOLEJJBN_00706	MER0014418	25.079	315	180	9	22	327	5	272	5.51e-14	69.7
AOLEJJBN_00729	MER0014135	40.909	242	143	0	180	421	1	242	1.72e-71	224
AOLEJJBN_00738	MER0001244	37.643	263	149	5	175	425	3	262	6.05e-55	180
AOLEJJBN_00738	MER0013463	37.121	264	145	6	175	424	3	259	4.74e-46	157
AOLEJJBN_00738	MER0001733	29.562	274	152	3	175	407	3	276	2.40e-41	145
AOLEJJBN_00738	MER0028601	31.852	270	158	8	175	424	3	266	2.11e-40	142
AOLEJJBN_00738	MER0001248	31.474	251	122	6	221	425	7	253	5.52e-33	122
AOLEJJBN_00738	MER0005462	30.364	247	144	6	175	417	3	225	4.67e-32	119
AOLEJJBN_00738	MER0004931	32.068	237	135	6	175	407	3	217	2.01e-30	114
AOLEJJBN_00738	MER0004532	30.085	236	138	5	175	406	3	215	2.89e-28	108
AOLEJJBN_00738	MER0005715	28.740	254	150	8	175	419	3	234	9.04e-22	90.5
AOLEJJBN_00738	MER0001250	25.352	284	149	10	173	404	1	273	2.13e-16	76.3
AOLEJJBN_00738	MER0002038	24.268	239	152	6	175	407	3	218	3.96e-16	74.3
AOLEJJBN_00738	MER0027437	28.218	202	108	10	212	399	44	222	8.34e-10	55.8
AOLEJJBN_00814	MER0017822	51.351	37	18	0	147	183	4	40	3.01e-08	45.1
AOLEJJBN_00814	MER0036617	51.351	37	18	0	147	183	1	37	2.46e-07	42.7
AOLEJJBN_00814	MER0036767	40.000	40	24	0	144	183	1	40	4.92e-06	39.3
AOLEJJBN_00833	MER0003380	36.709	237	131	5	146	376	14	237	6.68e-46	155
AOLEJJBN_00833	MER0066182	37.500	128	76	2	257	383	75	199	5.87e-21	87.0
AOLEJJBN_00833	MER0069741	35.374	147	91	3	232	376	24	168	2.48e-20	84.7
AOLEJJBN_00833	MER0387040	40.206	97	57	1	277	372	1	97	2.86e-20	82.4
AOLEJJBN_00833	MER0013541	41.176	85	50	0	277	361	1	85	5.15e-17	72.8
AOLEJJBN_00833	MER0003376	37.273	110	52	4	277	370	45	153	4.05e-14	67.0
AOLEJJBN_00833	MER0003423	35.294	102	64	2	277	376	32	133	5.82e-14	65.9
AOLEJJBN_00833	MER0001419	38.372	86	51	2	277	360	32	117	3.64e-13	63.5
AOLEJJBN_00833	MER0025070	37.143	105	56	4	272	366	1	105	3.35e-11	57.4
AOLEJJBN_00833	MER0003906	33.000	100	61	3	277	370	1	100	7.00e-11	55.8
AOLEJJBN_00833	MER0388771	37.000	100	53	4	277	366	2	101	9.51e-11	55.8
AOLEJJBN_00833	MER0015415	30.952	84	57	1	279	361	66	149	5.00e-09	52.4
AOLEJJBN_00833	MER0005300	32.609	92	62	0	279	370	67	158	3.32e-08	49.7
AOLEJJBN_00895	MER0005767	25.475	263	161	8	55	314	28	258	1.95e-13	67.4
AOLEJJBN_00903	MER0006198	25.849	530	330	18	182	671	1	507	3.71e-40	151
AOLEJJBN_00903	MER0035254	22.669	547	350	18	182	670	1	532	2.49e-33	132
AOLEJJBN_00903	MER0030255	19.561	547	356	18	182	661	1	530	6.89e-15	74.7
AOLEJJBN_00903	MER0003306	26.923	208	147	4	223	427	41	246	5.15e-10	59.3
AOLEJJBN_00905	MER0035017	23.901	364	216	13	2	330	59	396	2.20e-22	93.6
AOLEJJBN_00905	MER0004090	24.625	333	207	8	2	315	65	372	4.97e-22	92.4
AOLEJJBN_00905	MER0003800	27.386	241	149	6	83	308	143	372	1.07e-19	85.9
AOLEJJBN_00958	MER0014418	28.169	426	231	11	23	427	1	372	1.97e-41	149
AOLEJJBN_00958	MER0005163	34.211	152	76	6	50	192	19	155	5.73e-16	74.7
AOLEJJBN_00958	MER0002655	25.524	286	177	10	39	304	9	278	1.15e-13	69.3
AOLEJJBN_00958	MER0003581	28.058	278	181	8	84	348	1	272	3.36e-12	64.3
AOLEJJBN_00958	MER0002007	26.190	252	158	10	46	280	24	264	7.50e-12	63.5
AOLEJJBN_00958	MER0002013	31.855	248	133	15	46	274	24	254	7.76e-12	63.5
AOLEJJBN_00958	MER0021873	38.095	105	45	2	98	199	1	88	8.58e-12	61.2
AOLEJJBN_00958	MER0005155	25.080	311	206	10	37	332	8	306	1.03e-11	63.2
AOLEJJBN_00958	MER0002664	25.907	193	116	7	38	224	2	173	5.23e-11	60.1
AOLEJJBN_00958	MER0002014	29.719	249	139	14	46	275	24	255	2.23e-09	55.8
AOLEJJBN_00958	MER0015354	31.757	148	93	5	46	192	24	164	2.44e-09	55.1
AOLEJJBN_00958	MER0005173	28.512	242	150	10	40	271	2	230	2.56e-09	55.8
AOLEJJBN_00958	MER0002659	27.673	318	186	14	46	339	24	321	2.59e-09	55.8
AOLEJJBN_00958	MER0003815	31.081	148	94	5	46	192	24	164	2.92e-08	52.0
AOLEJJBN_00958	MER0001266	26.073	303	196	16	60	346	44	334	1.96e-06	46.6
