JPBOBLBC_00159	MER0001284	32.283	127	82	3	111	235	42	166	3.78e-14	68.2
JPBOBLBC_00159	MER0194228	29.612	206	120	8	119	320	1	185	5.12e-13	63.9
JPBOBLBC_00159	MER0001289	29.469	207	121	8	118	320	76	261	2.51e-12	63.2
JPBOBLBC_00159	MER0100667	28.218	202	114	10	118	316	40	213	4.95e-12	61.6
JPBOBLBC_00159	MER0004514	27.397	146	98	5	66	209	1	140	2.23e-10	57.0
JPBOBLBC_00159	MER0001290	26.144	153	94	5	59	197	46	193	5.05e-08	50.4
JPBOBLBC_00159	MER0001911	37.209	86	42	3	103	188	41	114	1.40e-06	45.4
JPBOBLBC_00159	MER0032443	26.174	149	97	5	69	210	3	145	2.08e-06	45.1
JPBOBLBC_00159	MER0005139	27.193	114	64	4	103	210	63	163	4.41e-06	44.3
JPBOBLBC_00224	MER0003558	29.936	157	101	4	690	845	91	239	3.09e-13	67.8
JPBOBLBC_00224	MER0001423	24.111	253	140	7	631	860	5	228	3.65e-12	63.9
JPBOBLBC_00224	MER0004925	25.591	254	155	9	610	845	2	239	5.83e-12	63.9
JPBOBLBC_00224	MER0014827	24.910	277	174	10	610	868	2	262	8.28e-12	63.5
JPBOBLBC_00224	MER0140224	25.123	203	137	4	647	845	26	217	3.38e-11	61.2
JPBOBLBC_00224	MER0006027	27.950	161	96	5	714	864	105	255	6.17e-11	60.8
JPBOBLBC_00224	MER0034615	25.100	251	144	8	631	859	13	241	6.55e-11	60.5
JPBOBLBC_00224	MER0017401	30.827	133	83	5	713	845	95	218	8.13e-11	60.1
JPBOBLBC_00224	MER0000408	30.952	168	97	4	691	849	78	235	1.73e-10	59.3
JPBOBLBC_00224	MER0058228	26.136	264	147	11	628	869	3	240	1.28e-08	53.5
JPBOBLBC_00224	MER0230379	29.448	163	99	6	711	870	96	245	1.41e-08	53.5
JPBOBLBC_00224	MER0015682	26.797	153	100	3	693	845	145	285	6.69e-08	52.0
JPBOBLBC_00224	MER0018170	28.947	152	99	4	696	845	87	231	1.10e-07	50.8
JPBOBLBC_00224	MER0000401	23.600	250	158	9	631	864	29	261	1.40e-07	50.8
JPBOBLBC_00224	MER0001920	26.282	156	104	4	700	850	81	230	2.68e-07	49.7
JPBOBLBC_00224	MER0003361	20.913	263	162	10	623	864	9	246	4.00e-07	48.9
JPBOBLBC_00224	MER0005994	25.824	182	110	6	690	865	99	261	4.12e-07	49.3
JPBOBLBC_00224	MER0126485	24.623	199	134	6	649	845	31	215	5.18e-07	48.5
JPBOBLBC_00224	MER0005196	23.950	238	145	7	628	850	22	238	8.04e-07	48.1
JPBOBLBC_00224	MER0011583	25.161	155	108	2	713	866	98	245	1.08e-06	47.8
JPBOBLBC_00224	MER0004199	25.698	179	109	7	692	864	64	224	1.70e-06	47.0
JPBOBLBC_00224	MER0192427	23.958	192	116	7	612	778	50	236	2.51e-06	47.0
JPBOBLBC_00224	MER0013484	27.386	241	141	12	626	850	2	224	5.24e-06	45.4
JPBOBLBC_00247	MER0005139	34.518	197	103	9	110	291	62	247	4.32e-18	80.1
JPBOBLBC_00247	MER0001284	27.128	188	119	7	116	300	41	213	4.40e-12	62.4
JPBOBLBC_00247	MER0100667	28.922	204	108	8	119	312	28	204	5.00e-12	61.6
JPBOBLBC_00247	MER0015691	26.396	197	99	7	110	287	52	221	6.85e-11	58.5
JPBOBLBC_00247	MER0004514	27.000	200	114	8	116	305	41	218	5.49e-10	55.8
JPBOBLBC_00247	MER0005239	32.432	111	66	3	106	214	64	167	1.16e-09	55.5
JPBOBLBC_00247	MER0015336	32.692	104	62	2	111	213	62	158	1.85e-09	54.7
JPBOBLBC_00247	MER0005238	32.955	88	52	1	111	198	67	147	3.38e-09	53.9
JPBOBLBC_00247	MER0002161	25.957	235	123	9	122	333	76	282	6.87e-09	53.1
JPBOBLBC_00247	MER0005152	35.632	87	49	1	111	197	60	139	9.31e-09	52.4
JPBOBLBC_00247	MER0005131	23.009	226	144	6	116	328	43	251	9.71e-09	52.4
JPBOBLBC_00247	MER0001289	25.571	219	132	7	122	333	75	269	1.55e-08	52.0
JPBOBLBC_00247	MER0001911	33.945	109	60	3	108	216	38	134	2.74e-08	50.8
JPBOBLBC_00247	MER0194228	25.806	217	129	8	125	333	1	193	2.86e-08	50.1
JPBOBLBC_00247	MER0002104	31.034	87	53	2	111	197	67	146	3.25e-08	50.8
JPBOBLBC_00247	MER0015688	35.366	82	44	3	119	199	64	137	6.24e-08	50.1
JPBOBLBC_00247	MER0005149	34.831	89	50	3	110	197	64	145	7.63e-08	50.1
JPBOBLBC_00247	MER0005241	32.222	90	54	2	108	195	2	86	9.19e-08	49.3
JPBOBLBC_00247	MER0037181	30.814	172	92	7	123	293	77	222	1.04e-07	49.3
JPBOBLBC_00247	MER0005244	35.870	92	50	3	108	198	2	85	5.17e-07	46.6
JPBOBLBC_00247	MER0001288	28.095	210	116	7	122	318	33	220	6.88e-07	46.6
JPBOBLBC_00247	MER0013618	28.139	231	125	12	76	289	19	225	2.66e-06	45.1
