GGDNNJOP_00004	MER0003558	25.346	217	128	10	70	268	40	240	1.53e-08	51.2
GGDNNJOP_00014	MER0004468	28.507	221	144	4	223	434	202	417	7.87e-18	82.0
GGDNNJOP_00014	MER0004468	27.273	154	101	5	81	228	147	295	1.45e-06	47.0
GGDNNJOP_00014	MER0897124	28.959	221	151	4	219	434	198	417	1.59e-17	80.9
GGDNNJOP_00014	MER0897124	28.906	128	83	5	81	204	147	270	3.46e-07	48.9
GGDNNJOP_00014	MER0004469	22.716	405	250	14	4	399	2	352	5.87e-16	76.3
GGDNNJOP_00014	MER0004480	35.088	114	68	3	12	125	1	108	4.86e-10	57.4
GGDNNJOP_00014	MER0004471	31.690	142	82	6	5	142	85	215	7.57e-10	57.0
GGDNNJOP_00014	MER0004474	28.571	133	78	6	15	142	89	209	2.05e-08	52.8
GGDNNJOP_00014	MER0004474	34.545	110	67	4	320	426	244	351	6.48e-06	44.7
GGDNNJOP_00019	MER0034582	22.581	279	201	7	296	566	49	320	5.29e-25	103
GGDNNJOP_00021	MER0059846	33.333	303	182	8	8	299	18	311	5.86e-52	171
GGDNNJOP_00021	MER0199690	25.472	318	205	11	11	301	1	313	4.04e-27	105
GGDNNJOP_00021	MER0214074	29.032	186	112	5	133	301	1	183	2.25e-20	84.0
GGDNNJOP_00021	MER0066189	28.492	179	109	9	60	230	15	182	2.66e-06	44.7
GGDNNJOP_00036	MER0014135	42.857	266	152	0	184	449	1	266	1.11e-77	240
GGDNNJOP_00036	MER0004236	29.000	100	65	2	358	451	161	260	2.51e-07	48.5
GGDNNJOP_00043	MER0012158	37.389	337	137	10	2	266	1	335	6.72e-59	197
GGDNNJOP_00043	MER0003327	45.045	222	117	4	2	222	1	218	1.31e-57	191
GGDNNJOP_00043	MER0003350	42.995	207	94	6	2	185	1	206	4.93e-46	158
GGDNNJOP_00043	MER0185695	39.189	222	129	3	2	218	1	221	5.59e-46	159
GGDNNJOP_00043	MER0003322	41.063	207	95	6	2	182	1	206	1.12e-40	144
GGDNNJOP_00043	MER0011806	30.994	171	111	5	2	169	1	167	5.04e-15	72.0
GGDNNJOP_00043	MER0011781	31.395	172	107	5	2	168	1	166	7.55e-15	71.2
GGDNNJOP_00043	MER0004101	30.409	171	112	5	2	169	1	167	1.59e-14	70.5
GGDNNJOP_00043	MER0003314	30.345	145	88	4	2	134	1	144	1.91e-12	64.7
GGDNNJOP_00060	MER0001244	41.445	263	139	6	175	425	2	261	7.68e-58	187
GGDNNJOP_00060	MER0013463	38.662	269	140	7	174	426	1	260	1.47e-52	174
GGDNNJOP_00060	MER0001733	29.795	292	162	4	176	426	3	292	1.49e-39	140
GGDNNJOP_00060	MER0028601	32.727	275	149	10	176	425	3	266	1.67e-39	139
GGDNNJOP_00060	MER0004931	31.933	238	136	5	175	408	2	217	3.48e-32	119
GGDNNJOP_00060	MER0004532	33.195	241	124	6	175	406	2	214	3.09e-31	116
GGDNNJOP_00060	MER0005462	30.962	239	139	5	174	408	1	217	1.88e-30	114
GGDNNJOP_00060	MER0001248	31.967	244	116	7	228	425	13	252	1.05e-28	110
GGDNNJOP_00060	MER0005715	30.252	238	140	6	175	406	2	219	7.46e-26	102
GGDNNJOP_00060	MER0001250	27.305	282	144	9	176	406	3	274	5.64e-17	77.8
GGDNNJOP_00060	MER0002038	25.911	247	149	9	175	412	2	223	7.33e-17	76.3
GGDNNJOP_00060	MER0016544	29.384	211	111	10	228	424	81	267	4.07e-13	66.2
GGDNNJOP_00060	MER0027437	29.444	180	93	8	231	400	67	222	1.17e-10	58.5
GGDNNJOP_00060	MER0003105	25.000	200	114	9	229	415	64	240	6.24e-10	56.2
