LACPHIAI_00005	MER0192051	25.628	199	130	5	19	201	96	292	2.74e-09	54.7
LACPHIAI_00040	MER0491616	37.549	253	155	3	38	289	10	260	2.76e-65	202
LACPHIAI_00051	MER0237414	22.010	209	151	4	47	244	2	209	2.12e-11	61.2
LACPHIAI_00051	MER0003448	23.301	206	150	4	46	244	2	206	1.70e-09	55.5
LACPHIAI_00051	MER0003543	23.737	198	142	5	46	236	2	197	1.54e-08	52.8
LACPHIAI_00051	MER0015090	24.257	202	144	5	46	240	2	201	1.87e-08	52.4
LACPHIAI_00051	MER0195774	23.077	182	123	4	46	215	1	177	1.74e-07	48.5
LACPHIAI_00051	MER0039456	24.706	170	119	4	78	238	36	205	4.90e-07	47.8
LACPHIAI_00052	MER0195774	33.898	177	117	0	30	206	1	177	1.31e-33	121
LACPHIAI_00052	MER0001214	31.210	157	103	3	22	173	18	174	1.60e-15	71.6
LACPHIAI_00052	MER0001233	28.440	218	135	7	30	233	2	212	1.09e-14	70.5
LACPHIAI_00052	MER0003448	25.728	206	152	1	30	235	2	206	5.48e-13	65.1
LACPHIAI_00052	MER0002008	27.315	216	128	7	30	230	2	203	1.44e-12	63.9
LACPHIAI_00052	MER0001229	22.439	205	158	1	30	234	2	205	2.89e-12	62.8
LACPHIAI_00052	MER0043985	22.439	205	158	1	30	234	2	205	4.46e-12	62.4
LACPHIAI_00052	MER0003543	25.943	212	139	5	30	233	2	203	1.53e-11	60.8
LACPHIAI_00052	MER0003386	27.895	190	130	4	24	206	20	209	2.53e-10	57.0
LACPHIAI_00052	MER0001218	27.128	188	124	4	29	206	25	209	3.42e-10	56.6
LACPHIAI_00052	MER0122186	27.273	121	87	1	30	149	22	142	4.02e-10	56.2
LACPHIAI_00052	MER0002283	29.518	166	113	4	24	187	20	183	1.03e-09	55.1
LACPHIAI_00052	MER0015259	24.118	170	123	5	22	188	18	184	1.75e-09	54.3
LACPHIAI_00052	MER0003823	28.042	189	125	6	24	203	20	206	2.15e-09	54.3
LACPHIAI_00052	MER0004423	27.322	183	123	5	66	245	33	208	2.18e-09	54.3
LACPHIAI_00052	MER0002345	27.461	193	127	6	24	206	20	209	1.22e-08	52.0
LACPHIAI_00052	MER0001220	24.876	201	128	6	48	233	2	194	1.35e-08	51.6
LACPHIAI_00052	MER0002423	34.091	88	57	1	24	110	20	107	2.04e-08	51.2
LACPHIAI_00052	MER0169735	30.303	99	68	1	25	122	11	109	5.28e-08	50.1
LACPHIAI_00052	MER0015090	26.291	213	139	6	30	234	2	204	1.01e-07	49.3
LACPHIAI_00052	MER0001222	24.615	130	97	1	24	152	20	149	1.02e-07	49.3
LACPHIAI_00052	MER0390687	23.270	159	116	1	37	195	1	153	1.21e-07	48.1
LACPHIAI_00052	MER0011096	22.024	168	127	3	22	187	18	183	2.66e-07	48.1
LACPHIAI_00052	MER0011744	22.892	166	124	3	24	187	20	183	3.03e-07	47.8
LACPHIAI_00052	MER0001413	26.154	130	94	2	21	149	21	149	5.60e-07	45.8
LACPHIAI_00052	MER0170820	32.911	79	52	1	41	118	8	86	6.76e-07	46.6
LACPHIAI_00052	MER0188967	23.669	169	110	3	66	218	3	168	1.02e-06	47.4
LACPHIAI_00052	MER0011292	25.714	105	77	1	46	149	64	168	1.50e-06	45.8
LACPHIAI_00071	MER0036053	35.433	127	78	3	18	143	4	127	1.00e-16	74.7
LACPHIAI_00071	MER0044578	41.346	104	50	5	23	117	74	175	1.65e-14	69.3
LACPHIAI_00071	MER0044581	40.385	104	51	5	23	117	72	173	3.15e-14	68.2
LACPHIAI_00071	MER0044633	36.975	119	65	4	23	133	74	190	4.08e-14	68.2
LACPHIAI_00071	MER0036072	27.200	125	83	1	16	132	74	198	1.10e-13	66.6
LACPHIAI_00071	MER0004146	30.252	119	77	3	8	120	4	122	3.86e-13	64.3
LACPHIAI_00071	MER0036115	30.392	102	69	1	20	119	33	134	8.62e-13	63.9
LACPHIAI_00071	MER0014065	27.333	150	97	5	9	146	19	168	1.71e-12	63.2
LACPHIAI_00071	MER0017177	28.689	122	83	3	3	120	14	135	2.46e-12	62.8
LACPHIAI_00071	MER0031611	28.889	135	86	3	7	133	24	156	3.40e-12	62.0
LACPHIAI_00071	MER0037236	30.579	121	77	3	7	121	4	123	3.43e-12	61.6
LACPHIAI_00071	MER0036075	35.354	99	60	4	23	117	71	169	5.51e-12	61.6
LACPHIAI_00071	MER0017193	32.743	113	74	2	9	119	12	124	5.62e-12	61.2
LACPHIAI_00071	MER0035973	31.343	134	87	3	23	154	57	187	8.33e-12	60.8
LACPHIAI_00071	MER0213829	31.250	112	69	3	23	126	50	161	5.26e-11	58.5
LACPHIAI_00071	MER0017033	27.083	240	140	10	23	241	65	290	5.26e-11	58.5
LACPHIAI_00071	MER0026339	32.143	112	72	3	12	119	12	123	1.40e-10	57.0
LACPHIAI_00071	MER0017123	31.298	131	76	5	4	120	12	142	2.19e-10	56.6
LACPHIAI_00071	MER0031617	25.203	123	88	3	9	127	19	141	9.59e-10	54.7
LACPHIAI_00071	MER0011509	28.333	180	114	6	15	180	32	210	1.15e-09	54.7
LACPHIAI_00071	MER0011785	32.479	117	73	3	19	129	31	147	1.69e-09	54.3
LACPHIAI_00071	MER0036057	34.074	135	82	5	23	154	63	193	1.84e-09	53.9
LACPHIAI_00071	MER0031616	25.688	109	77	1	15	119	32	140	3.50e-09	53.1
LACPHIAI_00071	MER0031619	24.603	126	93	1	5	128	11	136	5.83e-09	52.4
LACPHIAI_00071	MER0048002	28.218	202	128	8	8	200	64	257	8.12e-09	52.4
LACPHIAI_00071	MER0035044	25.253	99	72	1	22	118	33	131	1.66e-08	51.2
LACPHIAI_00071	MER0000436	26.804	194	117	8	4	172	2	195	2.09e-08	50.8
LACPHIAI_00071	MER0035032	24.107	112	83	1	22	131	31	142	2.77e-08	50.4
LACPHIAI_00071	MER0034563	27.344	128	83	5	12	134	2	124	3.77e-08	49.7
LACPHIAI_00071	MER0036065	33.019	106	62	3	23	120	3	107	6.70e-08	48.9
LACPHIAI_00071	MER0035043	28.261	92	62	2	22	110	35	125	8.60e-08	48.9
LACPHIAI_00071	MER0025512	24.793	121	86	4	9	126	36	154	2.00e-07	47.8
LACPHIAI_00071	MER0213280	24.771	109	76	2	22	124	30	138	2.25e-07	47.8
LACPHIAI_00071	MER0036069	35.484	93	55	3	17	104	74	166	3.33e-07	47.4
LACPHIAI_00071	MER0036054	30.693	101	68	2	23	121	17	117	4.04e-07	47.0
LACPHIAI_00071	MER0035038	23.232	99	74	1	22	118	30	128	4.99e-07	46.6
LACPHIAI_00071	MER0044900	31.373	102	61	3	24	116	96	197	5.61e-07	46.6
LACPHIAI_00071	MER0036066	26.087	115	83	2	23	135	1	115	7.79e-07	45.8
LACPHIAI_00071	MER0036056	31.250	112	70	3	23	128	80	190	1.98e-06	45.1
LACPHIAI_00071	MER0035035	25.263	95	69	1	22	114	35	129	2.07e-06	44.7
LACPHIAI_00071	MER0044350	21.277	94	71	1	22	112	1	94	5.36e-06	43.5
LACPHIAI_00071	MER0030163	26.230	122	77	5	46	155	52	172	9.44e-06	42.7
LACPHIAI_00071	MER0036076	29.126	103	63	3	23	116	63	164	9.76e-06	42.7
LACPHIAI_00090	MER0005300	26.250	160	107	5	320	474	10	163	1.57e-06	45.1
LACPHIAI_00095	MER0025086	58.537	123	42	3	191	304	1	123	3.09e-41	144
LACPHIAI_00095	MER0029657	40.833	120	64	3	191	305	29	146	6.75e-21	86.7
LACPHIAI_00095	MER0002084	31.696	224	124	11	74	283	6	214	2.19e-17	79.0
LACPHIAI_00095	MER0011122	35.461	141	70	7	183	304	8	146	2.35e-11	59.3
LACPHIAI_00102	MER0003514	45.000	160	80	4	187	344	2	155	1.37e-35	128
LACPHIAI_00102	MER0003413	38.650	163	93	3	188	348	3	160	7.23e-33	120
LACPHIAI_00102	MER0001425	41.975	162	88	3	186	343	1	160	2.29e-32	119
LACPHIAI_00102	MER0001297	41.026	156	88	2	190	345	5	156	3.24e-31	115
LACPHIAI_00102	MER0003065	40.385	156	85	4	186	339	1	150	1.80e-30	114
LACPHIAI_00102	MER0015684	39.333	150	89	2	188	337	3	150	1.06e-28	108
LACPHIAI_00102	MER0005714	37.126	167	93	4	187	346	2	163	2.28e-27	105
LACPHIAI_00102	MER0004196	37.888	161	96	4	186	345	1	158	4.15e-26	101
LACPHIAI_00102	MER0004195	35.065	154	97	2	190	343	5	155	3.02e-22	90.9
LACPHIAI_00102	MER0001295	36.025	161	73	5	203	343	17	167	2.90e-21	88.2
LACPHIAI_00127	MER0003380	33.195	241	145	3	146	382	12	240	1.54e-45	154
LACPHIAI_00127	MER0069741	36.735	147	88	4	238	382	28	171	9.25e-23	91.7
LACPHIAI_00127	MER0066182	40.678	118	66	3	259	375	74	188	2.03e-19	82.8
LACPHIAI_00127	MER0013541	45.882	85	46	0	280	364	1	85	2.23e-18	76.6
LACPHIAI_00127	MER0387040	42.268	97	55	1	280	375	1	97	1.01e-16	72.4
LACPHIAI_00127	MER0001419	39.535	86	50	2	280	363	32	117	6.36e-15	68.6
LACPHIAI_00127	MER0003376	38.182	110	51	4	280	373	45	153	1.29e-13	65.5
LACPHIAI_00127	MER0003423	38.372	86	51	2	280	363	32	117	4.57e-13	63.2
LACPHIAI_00127	MER0003906	34.066	91	58	2	280	368	1	91	2.55e-10	54.3
LACPHIAI_00127	MER0015415	29.825	114	69	3	256	364	42	149	3.73e-09	52.8
LACPHIAI_00127	MER0025070	33.628	113	62	5	275	374	1	113	3.38e-08	48.5
LACPHIAI_00127	MER0388771	33.333	108	59	5	280	374	2	109	9.72e-08	47.4
LACPHIAI_00127	MER0005300	35.354	99	63	1	275	373	61	158	1.43e-07	47.8
LACPHIAI_00170	MER0005767	26.970	330	198	9	42	368	16	305	1.05e-31	120
LACPHIAI_00170	MER0030151	25.250	400	273	14	5	384	2	395	1.65e-18	84.0
LACPHIAI_00170	MER0030136	24.250	400	277	12	5	384	2	395	1.65e-18	84.0
LACPHIAI_00170	MER0030143	24.318	403	273	16	5	384	2	395	2.09e-18	83.6
LACPHIAI_00170	MER0015112	24.010	404	277	14	5	384	2	399	3.09e-16	77.0
LACPHIAI_00170	MER0030149	23.210	405	275	14	5	384	2	395	5.10e-15	73.2
LACPHIAI_00170	MER0030155	23.383	402	278	14	5	384	2	395	9.34e-15	72.4
LACPHIAI_00270	MER0037236	26.894	264	162	7	17	252	1	261	8.54e-19	80.5
LACPHIAI_00270	MER0031611	25.000	200	126	6	82	259	94	291	2.84e-14	68.2
LACPHIAI_00270	MER0004146	24.609	256	164	10	22	252	10	261	5.56e-13	63.9
LACPHIAI_00270	MER0036076	25.207	242	148	10	30	250	62	291	2.03e-12	62.8
LACPHIAI_00270	MER0036066	22.764	246	159	8	31	251	1	240	3.64e-12	61.2
LACPHIAI_00270	MER0036067	26.939	245	147	11	30	249	51	288	2.80e-10	56.2
LACPHIAI_00270	MER0035973	23.108	251	162	8	21	251	47	286	1.04e-09	54.7
LACPHIAI_00270	MER0036068	22.925	253	169	9	21	250	44	293	1.75e-09	53.9
LACPHIAI_00270	MER0036053	22.814	263	164	6	26	252	4	263	2.02e-08	50.8
LACPHIAI_00270	MER0036073	21.488	242	165	8	31	252	80	316	3.58e-07	47.4
LACPHIAI_00270	MER0036057	19.672	244	168	6	30	252	62	298	5.37e-07	46.6
LACPHIAI_00270	MER0003537	23.415	205	115	6	90	260	88	284	6.49e-07	46.2
LACPHIAI_00270	MER0011785	26.549	113	75	2	24	128	28	140	1.25e-06	45.4
LACPHIAI_00270	MER0017142	21.939	196	121	5	77	250	59	244	1.92e-06	44.7
LACPHIAI_00347	MER0001243	40.800	250	146	2	9	256	3	252	6.31e-62	193
LACPHIAI_00347	MER0005690	37.083	240	150	1	14	253	8	246	2.24e-52	168
LACPHIAI_00347	MER0001342	36.327	245	156	0	9	253	3	247	6.54e-50	162
LACPHIAI_00347	MER0015127	36.820	239	150	1	15	253	9	246	9.04e-46	151
LACPHIAI_00347	MER0013450	33.197	244	161	2	12	253	4	247	1.82e-44	148
LACPHIAI_00347	MER0015128	34.043	235	153	2	20	253	14	247	1.38e-43	145
LACPHIAI_00347	MER0013589	33.884	242	159	1	12	253	2	242	4.65e-41	139
LACPHIAI_00347	MER0013929	32.794	247	165	1	9	255	3	248	1.65e-40	137
LACPHIAI_00347	MER0003880	30.159	189	117	4	36	220	22	199	7.97e-16	72.8
LACPHIAI_00347	MER0010972	22.857	245	171	2	9	253	3	229	6.62e-15	69.3
LACPHIAI_00347	MER0011746	29.808	208	127	7	20	214	14	215	7.58e-14	67.4
LACPHIAI_00347	MER0004931	25.743	202	134	6	12	209	6	195	6.41e-13	63.5
LACPHIAI_00347	MER0024896	27.941	136	88	3	127	253	332	466	2.96e-11	60.1
LACPHIAI_00347	MER0024896	25.000	112	84	0	12	123	6	117	2.88e-10	57.0
LACPHIAI_00347	MER0001244	24.424	217	137	7	12	209	6	214	5.48e-09	52.4
LACPHIAI_00347	MER0004532	25.481	208	136	5	6	209	2	194	8.80e-09	51.6
LACPHIAI_00347	MER0013463	24.242	264	159	11	12	254	6	249	3.92e-08	50.1
LACPHIAI_00347	MER0002038	23.669	169	124	2	70	237	60	224	4.10e-08	49.7
LACPHIAI_00347	MER0005462	21.577	241	162	6	16	255	10	224	4.35e-07	46.6
LACPHIAI_00349	MER0042387	37.705	183	106	5	76	254	2	180	4.87e-32	113
LACPHIAI_00349	MER0031491	30.729	192	119	5	76	256	2	190	2.98e-22	87.8
LACPHIAI_00349	MER0026545	27.559	254	154	8	23	254	22	267	1.60e-19	82.4
LACPHIAI_00349	MER0026552	29.452	146	98	4	100	244	17	158	3.32e-16	71.2
LACPHIAI_00349	MER0002642	30.814	172	100	6	92	253	10	172	9.86e-15	67.4
LACPHIAI_00349	MER0026496	25.283	265	179	8	8	254	7	270	2.23e-14	68.2
LACPHIAI_00349	MER0006292	30.909	165	86	8	103	251	23	175	6.10e-10	53.9
LACPHIAI_00369	MER0004959	28.571	126	88	1	106	229	273	398	8.26e-07	49.3
LACPHIAI_00371	MER0069741	47.368	114	59	1	209	322	51	163	2.97e-35	124
LACPHIAI_00371	MER0003380	50.000	106	53	0	217	322	127	232	2.12e-27	105
LACPHIAI_00371	MER0013541	52.941	85	40	0	228	312	1	85	6.68e-23	88.6
LACPHIAI_00371	MER0003376	38.983	118	59	3	228	336	45	158	8.11e-18	77.0
LACPHIAI_00371	MER0015415	36.634	101	57	2	228	321	64	164	7.67e-17	74.3
LACPHIAI_00371	MER0387040	40.594	101	59	1	228	327	1	101	1.27e-15	68.9
LACPHIAI_00371	MER0066182	37.600	125	75	2	204	327	70	192	4.09e-15	70.1
LACPHIAI_00371	MER0001419	36.697	109	67	1	205	311	9	117	1.36e-12	61.6
LACPHIAI_00371	MER0005300	34.000	100	63	1	225	324	65	161	7.93e-12	60.1
LACPHIAI_00371	MER0003423	33.645	107	69	1	207	311	11	117	9.72e-12	59.3
LACPHIAI_00371	MER0003906	36.782	87	51	3	228	311	1	86	6.36e-09	50.1
LACPHIAI_00393	MER0001350	30.769	416	274	10	22	427	1	412	5.70e-58	194
LACPHIAI_00393	MER0011758	22.392	393	221	16	104	428	32	408	1.45e-07	50.1
LACPHIAI_00393	MER0001349	26.452	155	92	4	59	191	8	162	3.60e-06	45.8
LACPHIAI_00396	MER0003906	33.684	95	54	3	440	534	1	86	1.89e-07	47.4
LACPHIAI_00396	MER0003423	34.211	114	66	3	440	553	32	136	1.10e-06	46.2
LACPHIAI_00399	MER0004931	37.611	226	136	1	167	392	2	222	5.72e-44	150
LACPHIAI_00399	MER0002038	33.628	226	144	2	168	392	3	223	2.12e-36	130
LACPHIAI_00399	MER0005462	32.035	231	152	1	168	398	3	228	3.30e-35	126
LACPHIAI_00399	MER0004532	33.040	227	146	2	167	393	2	222	3.38e-34	124
LACPHIAI_00399	MER0005715	32.735	223	139	5	168	385	3	219	1.52e-28	108
LACPHIAI_00399	MER0001244	28.629	248	154	6	168	392	3	250	1.79e-19	84.3
LACPHIAI_00399	MER0013450	24.074	216	147	4	169	373	2	211	2.43e-16	75.1
LACPHIAI_00399	MER0002039	34.637	179	94	7	223	390	64	230	4.40e-15	71.6
LACPHIAI_00399	MER0013929	25.243	206	140	5	170	367	5	204	9.01e-14	67.8
LACPHIAI_00399	MER0013463	26.693	251	141	8	168	386	3	242	4.01e-13	65.9
LACPHIAI_00399	MER0015127	22.772	202	142	5	176	369	11	206	2.33e-11	60.5
LACPHIAI_00399	MER0001243	23.506	251	158	6	170	392	5	249	3.51e-10	57.0
LACPHIAI_00399	MER0015128	21.311	244	158	6	176	392	11	247	4.07e-10	56.6
LACPHIAI_00399	MER0005690	20.346	231	170	3	176	398	11	235	5.04e-10	56.6
LACPHIAI_00399	MER0016542	27.624	181	106	7	214	385	86	250	6.02e-09	53.5
LACPHIAI_00399	MER0001342	24.272	206	141	5	172	368	7	206	1.19e-08	52.4
LACPHIAI_00399	MER0004321	28.750	160	93	6	241	390	85	233	2.01e-08	51.6
LACPHIAI_00399	MER0001733	23.729	236	152	4	168	376	3	237	3.62e-08	51.2
LACPHIAI_00399	MER0013589	20.000	210	146	4	170	367	1	200	6.88e-07	47.0
LACPHIAI_00399	MER0001250	24.242	231	142	8	168	367	3	231	2.31e-06	45.8
LACPHIAI_00399	MER0016544	28.736	174	93	7	223	379	84	243	7.32e-06	44.3
LACPHIAI_00400	MER0001244	41.132	265	138	4	176	426	2	262	1.81e-65	207
LACPHIAI_00400	MER0013463	35.206	267	147	4	176	425	2	259	5.33e-43	149
LACPHIAI_00400	MER0028601	34.211	266	156	6	177	425	3	266	3.62e-41	144
LACPHIAI_00400	MER0004931	31.557	244	141	4	175	414	1	222	2.67e-34	124
LACPHIAI_00400	MER0001733	31.186	295	150	6	177	423	3	292	1.25e-33	124
LACPHIAI_00400	MER0005462	32.787	244	138	5	175	414	1	222	8.54e-31	115
LACPHIAI_00400	MER0004532	31.429	245	139	6	175	414	1	221	1.94e-29	111
LACPHIAI_00400	MER0001248	30.556	252	126	5	221	426	5	253	2.74e-28	109
LACPHIAI_00400	MER0005715	28.627	255	152	7	175	420	1	234	2.19e-20	86.7
LACPHIAI_00400	MER0002038	25.833	240	151	6	175	409	1	218	7.58e-18	79.3
LACPHIAI_00400	MER0001250	25.260	289	155	8	177	414	3	281	7.30e-13	65.5
LACPHIAI_00416	MER0031610	38.057	247	145	4	15	254	55	300	5.94e-51	166
LACPHIAI_00416	MER0014065	24.457	184	118	5	12	181	31	207	1.55e-11	60.1
LACPHIAI_00416	MER0017193	28.571	91	64	1	10	99	21	111	1.69e-09	53.9
LACPHIAI_00416	MER0031619	31.250	112	71	3	7	113	19	129	2.22e-09	53.9
LACPHIAI_00416	MER0036115	28.571	112	74	3	4	110	23	133	1.06e-08	51.6
LACPHIAI_00416	MER0036072	23.776	143	94	3	12	145	78	214	1.63e-08	51.2
LACPHIAI_00416	MER0044858	23.077	273	155	11	16	243	57	319	2.05e-08	50.8
LACPHIAI_00416	MER0011509	34.314	102	61	3	14	110	38	138	3.97e-08	50.1
LACPHIAI_00416	MER0017177	24.590	122	87	2	4	122	24	143	4.14e-08	50.1
LACPHIAI_00416	MER0044900	23.247	271	157	11	16	247	96	354	6.74e-08	49.3
LACPHIAI_00416	MER0044350	30.097	103	67	3	14	112	1	102	2.49e-07	47.4
LACPHIAI_00416	MER0036053	30.612	98	64	3	8	103	2	97	4.91e-07	46.6
LACPHIAI_00416	MER0031614	29.897	97	65	1	15	108	84	180	5.85e-07	46.6
LACPHIAI_00416	MER0000436	33.043	115	67	4	5	109	11	125	6.22e-07	46.2
LACPHIAI_00416	MER0004146	21.538	260	179	8	4	246	8	259	1.12e-06	45.4
LACPHIAI_00416	MER0036063	28.365	208	117	13	15	199	39	237	1.17e-06	45.4
LACPHIAI_00416	MER0043008	27.273	121	79	4	1	114	7	125	1.56e-06	45.1
LACPHIAI_00416	MER0031653	23.704	270	144	10	37	254	133	392	3.34e-06	44.3
LACPHIAI_00416	MER0035038	30.841	107	60	4	13	111	29	129	3.66e-06	43.9
LACPHIAI_00416	MER0035032	28.440	109	64	4	11	111	28	130	3.77e-06	43.9
LACPHIAI_00416	MER0017142	29.293	99	65	2	15	113	15	108	5.43e-06	43.1
LACPHIAI_00419	MER0000474	53.646	192	89	0	28	219	15	206	6.28e-76	225
LACPHIAI_00419	MER0005687	51.613	186	85	1	31	216	27	207	2.78e-66	200
LACPHIAI_00419	MER0006046	45.178	197	108	0	23	219	10	206	5.22e-64	194
LACPHIAI_00419	MER0002299	49.189	185	94	0	31	215	12	196	3.45e-62	189
LACPHIAI_00419	MER0004857	52.632	171	80	1	46	216	34	203	2.89e-61	187
LACPHIAI_00419	MER0002211	47.340	188	99	0	29	216	16	203	3.26e-61	187
LACPHIAI_00419	MER0006063	45.604	182	99	0	35	216	23	204	6.56e-57	176
LACPHIAI_00419	MER0004855	42.778	180	103	0	37	216	26	205	1.10e-56	176
LACPHIAI_00419	MER0006056	48.795	166	84	1	54	219	46	210	5.98e-56	174
LACPHIAI_00419	MER0004847	45.263	190	103	1	31	219	18	207	9.00e-56	174
LACPHIAI_00419	MER0004182	40.426	188	112	0	30	217	13	200	1.72e-47	152
LACPHIAI_00419	MER0006308	37.714	175	108	1	40	213	17	191	6.36e-46	148
LACPHIAI_00419	MER0011666	42.604	169	95	2	50	216	17	185	2.23e-42	139
LACPHIAI_00419	MER0001369	37.037	81	49	1	71	151	52	130	6.04e-07	44.3
LACPHIAI_00437	MER0492485	47.059	51	27	0	109	159	66	116	1.06e-08	49.7
LACPHIAI_00494	MER0045886	43.750	224	123	3	6	227	14	236	3.30e-54	179
LACPHIAI_00494	MER0044889	35.622	233	141	6	1	228	14	242	7.48e-38	136
LACPHIAI_00494	MER0038086	32.589	224	136	4	6	214	29	252	2.00e-33	124
LACPHIAI_00494	MER0436735	28.571	259	148	5	6	227	4	262	7.95e-29	112
LACPHIAI_00494	MER0042974	34.197	193	114	6	13	195	1	190	2.75e-27	105
LACPHIAI_00494	MER0043387	35.393	178	111	3	21	196	1	176	5.60e-26	101
LACPHIAI_00494	MER0043537	34.574	188	106	6	6	184	2	181	2.10e-25	100
LACPHIAI_00494	MER0043392	31.655	139	91	4	48	185	23	158	1.67e-11	59.7
LACPHIAI_00494	MER0044622	28.814	177	102	6	42	207	70	233	4.78e-10	57.0
LACPHIAI_00494	MER0043394	30.172	116	78	2	72	185	48	162	1.58e-08	51.2
LACPHIAI_00494	MER0043475	25.989	177	112	6	4	170	27	194	3.39e-07	48.5
LACPHIAI_00494	MER0045094	25.850	147	95	5	47	185	58	198	3.84e-06	45.1
LACPHIAI_00538	MER0038680	33.121	157	89	5	107	252	5	156	4.65e-22	88.6
LACPHIAI_00538	MER0038671	33.775	151	88	5	105	248	4	149	7.36e-20	83.2
LACPHIAI_00538	MER0033176	26.705	176	112	5	102	264	1	172	4.30e-16	72.4
LACPHIAI_00538	MER0034711	30.233	172	102	6	107	264	7	174	5.29e-16	72.4
LACPHIAI_00538	MER0038626	29.143	175	104	5	105	264	6	175	5.90e-16	72.0
LACPHIAI_00538	MER0033178	26.389	144	91	3	136	268	2	141	1.60e-15	70.1
LACPHIAI_00538	MER0033179	28.235	170	101	6	100	252	1	166	4.13e-15	70.1
LACPHIAI_00538	MER0034713	34.259	108	62	2	162	264	73	176	1.44e-12	62.4
LACPHIAI_00538	MER0038688	34.259	108	63	2	160	263	15	118	1.49e-12	60.8
LACPHIAI_00538	MER0033175	29.365	126	79	5	130	248	62	184	3.79e-11	60.1
LACPHIAI_00538	MER0033174	29.348	92	62	2	157	248	94	182	5.33e-11	58.5
LACPHIAI_00538	MER0038627	25.309	162	102	5	107	253	6	163	1.50e-09	54.3
LACPHIAI_00538	MER0016044	32.609	92	52	3	130	216	32	118	1.46e-06	46.2
LACPHIAI_00540	MER0095620	38.997	359	194	5	34	368	3	360	2.14e-82	252
LACPHIAI_00540	MER0003535	24.031	387	230	15	30	369	54	423	1.62e-14	71.2
LACPHIAI_00540	MER0003534	22.727	374	233	14	30	360	54	414	9.66e-12	62.8
LACPHIAI_00540	MER0000728	22.751	378	230	16	30	362	53	413	1.84e-09	55.5
LACPHIAI_00540	MER0026802	46.809	47	25	0	34	80	15	61	1.66e-07	48.5
LACPHIAI_00540	MER0002481	21.750	400	254	18	13	362	39	429	2.03e-07	49.3
LACPHIAI_00540	MER0002332	48.000	50	26	0	25	74	6	55	4.00e-07	47.4
LACPHIAI_00540	MER0030145	51.351	37	18	0	34	70	14	50	4.12e-07	44.7
LACPHIAI_00540	MER0000657	33.028	109	59	4	34	135	14	115	4.13e-07	47.4
LACPHIAI_00540	MER0000659	50.000	46	23	0	29	74	9	54	4.56e-07	47.0
LACPHIAI_00540	MER0000622	54.054	37	17	0	34	70	15	51	5.53e-07	47.0
LACPHIAI_00540	MER0102838	46.000	50	27	0	34	83	16	65	6.65e-07	46.6
LACPHIAI_00540	MER0003759	29.885	87	59	1	34	118	15	101	9.72e-07	46.2
LACPHIAI_00540	MER0003469	37.209	86	43	2	34	118	15	90	1.11e-06	45.8
LACPHIAI_00540	MER0003469	51.220	41	17	1	305	342	165	205	3.58e-06	44.3
LACPHIAI_00540	MER0016115	32.432	111	63	3	34	142	15	115	1.19e-06	45.8
LACPHIAI_00540	MER0000243	32.468	77	42	2	276	342	117	193	1.52e-06	45.4
LACPHIAI_00540	MER0000629	48.780	41	21	0	34	74	16	56	1.53e-06	45.4
LACPHIAI_00540	MER0026801	43.478	46	26	0	34	79	15	60	1.53e-06	45.4
LACPHIAI_00540	MER0045758	51.220	41	20	0	34	74	15	55	1.84e-06	45.1
LACPHIAI_00540	MER0012032	50.000	36	18	0	34	69	15	50	2.36e-06	45.1
LACPHIAI_00540	MER0001692	53.659	41	19	0	34	74	15	55	4.42e-06	44.3
LACPHIAI_00540	MER0003750	26.061	165	94	6	192	339	40	193	4.63e-06	43.9
LACPHIAI_00540	MER0004437	48.780	41	21	0	34	74	15	55	5.19e-06	43.9
LACPHIAI_00540	MER0012044	47.826	46	24	0	29	74	10	55	5.77e-06	43.9
LACPHIAI_00540	MER0002331	51.351	37	18	0	34	70	15	51	7.46e-06	43.5
LACPHIAI_00540	MER0002628	40.385	52	31	0	306	357	361	412	8.43e-06	44.3
LACPHIAI_00540	MER0011062	47.826	46	24	0	29	74	10	55	8.68e-06	43.1
LACPHIAI_00540	MER0002789	51.351	37	18	0	34	70	15	51	9.83e-06	43.1
LACPHIAI_00567	MER0002299	27.481	131	91	3	38	165	67	196	7.94e-08	48.9
LACPHIAI_00567	MER0004857	25.316	158	96	3	25	166	52	203	8.97e-07	45.8
LACPHIAI_00567	MER0004182	24.060	133	99	1	36	166	67	199	1.06e-06	45.8
LACPHIAI_00567	MER0004855	26.667	135	91	4	37	166	74	205	4.14e-06	43.9
LACPHIAI_00614	MER0015472	26.966	178	126	2	24	198	26	202	6.13e-14	65.1
LACPHIAI_00614	MER0048181	30.070	143	84	2	44	171	1	142	1.96e-12	59.7
LACPHIAI_00614	MER0015458	28.426	197	112	6	34	207	42	232	1.09e-08	50.8
LACPHIAI_00614	MER0015473	25.455	165	109	4	27	177	18	182	1.63e-08	49.7
LACPHIAI_00614	MER0015632	28.834	163	87	5	36	184	37	184	4.28e-08	48.5
LACPHIAI_00614	MER0015462	30.822	146	93	3	36	181	40	177	3.05e-07	45.8
LACPHIAI_00614	MER0015459	31.690	142	85	4	36	176	42	172	2.51e-06	43.5
LACPHIAI_00614	MER0035036	29.371	143	81	5	44	175	88	221	4.70e-06	43.1
LACPHIAI_00614	MER0015633	31.613	155	93	6	34	184	39	184	8.69e-06	42.0
LACPHIAI_00662	MER0387040	26.549	113	68	3	35	146	1	99	8.75e-06	39.3
LACPHIAI_00692	MER0005767	28.065	310	183	8	57	359	29	305	5.48e-21	89.7
LACPHIAI_00698	MER0000589	24.058	345	134	12	140	473	1	228	5.50e-16	74.7
LACPHIAI_00698	MER0013626	46.341	41	22	0	431	471	103	143	1.00e-07	48.5
LACPHIAI_00724	MER0002084	30.901	233	115	14	66	285	4	203	1.67e-13	68.6
LACPHIAI_00738	MER0015472	28.261	184	88	4	49	232	46	185	1.57e-13	64.3
LACPHIAI_00738	MER0015458	27.225	191	95	5	46	230	50	202	3.87e-10	55.5
LACPHIAI_00738	MER0030047	26.519	181	83	6	53	232	3	134	4.36e-10	53.5
LACPHIAI_00738	MER0015473	26.842	190	92	6	49	232	38	186	2.44e-09	52.8
LACPHIAI_00738	MER0015459	43.750	48	27	0	46	93	48	95	4.62e-09	52.0
LACPHIAI_00738	MER0015632	22.624	221	123	4	11	231	8	180	7.42e-09	51.2
LACPHIAI_00738	MER0015465	28.431	102	70	2	11	110	8	108	4.14e-08	48.9
LACPHIAI_00738	MER0015468	32.895	76	50	1	11	85	8	83	1.81e-07	47.0
LACPHIAI_00738	MER0035036	24.481	241	124	8	3	236	46	235	3.61e-07	46.6
LACPHIAI_00738	MER0015462	41.667	48	28	0	46	93	46	93	8.39e-07	45.1
LACPHIAI_00738	MER0047976	31.746	63	43	0	41	103	6	68	3.55e-06	43.1
LACPHIAI_00738	MER0015452	34.375	64	41	1	37	100	40	102	9.94e-06	42.4
LACPHIAI_00745	MER0168983	25.625	160	103	5	284	440	1	147	8.17e-12	60.8
LACPHIAI_00745	MER0001017	25.592	211	125	6	268	459	25	222	2.77e-08	51.6
LACPHIAI_00745	MER0002060	25.521	192	121	7	256	431	7	192	1.82e-07	48.9
LACPHIAI_00745	MER0001013	22.936	218	138	5	259	459	17	221	2.31e-07	48.9
LACPHIAI_00745	MER0011345	23.913	138	91	3	336	459	84	221	5.95e-07	47.8
LACPHIAI_00745	MER0036308	27.152	151	81	6	262	408	17	142	7.47e-07	47.4
LACPHIAI_00745	MER0001009	22.414	174	122	4	336	497	20	192	1.02e-06	46.6
LACPHIAI_00745	MER0005331	22.872	188	131	4	256	431	2	187	1.50e-06	46.2
LACPHIAI_00745	MER0019754	25.806	124	79	3	336	446	64	187	2.03e-06	45.4
LACPHIAI_00745	MER0012283	27.419	124	77	3	262	383	19	131	3.07e-06	45.4
LACPHIAI_00745	MER0011438	24.444	180	120	6	273	439	18	194	4.04e-06	45.1
LACPHIAI_00745	MER0168177	30.000	90	50	3	284	372	1	78	4.55e-06	43.9
LACPHIAI_00840	MER0078640	39.510	367	185	9	11	360	1	347	4.57e-73	228
LACPHIAI_00840	MER0060647	36.639	363	206	8	11	361	1	351	3.82e-70	220
LACPHIAI_00840	MER0044812	43.348	233	116	4	149	368	12	241	1.08e-58	187
LACPHIAI_00840	MER0043540	40.845	213	122	2	157	368	19	228	1.67e-53	173
LACPHIAI_00840	MER0045945	42.157	204	113	4	161	364	15	213	1.26e-47	158
LACPHIAI_00840	MER0046161	41.048	229	114	6	154	368	28	249	2.42e-47	159
LACPHIAI_00840	MER0115185	50.355	141	68	1	219	359	5	143	7.18e-43	143
LACPHIAI_00840	MER0436691	31.970	269	138	5	102	364	15	244	2.73e-42	145
LACPHIAI_00840	MER0045094	26.708	161	110	4	192	346	26	184	1.70e-08	51.6
LACPHIAI_00840	MER0044882	29.054	148	87	5	212	346	14	156	2.38e-08	50.4
LACPHIAI_00840	MER0043394	25.641	156	99	5	197	346	4	148	3.64e-07	46.6
LACPHIAI_00840	MER0043195	25.157	159	99	6	222	365	54	207	2.62e-06	45.1
LACPHIAI_00840	MER0044622	25.444	169	117	3	194	356	45	210	7.12e-06	43.9
LACPHIAI_00844	MER0001233	27.723	202	137	3	16	212	22	219	5.52e-25	101
LACPHIAI_00844	MER0014333	29.319	191	128	3	20	204	26	215	1.01e-21	92.0
LACPHIAI_00844	MER0002008	29.148	223	132	9	1	210	6	215	3.98e-17	78.6
LACPHIAI_00844	MER0003448	28.571	196	127	5	18	208	23	210	1.05e-10	59.7
LACPHIAI_00844	MER0001220	25.472	212	132	8	20	217	7	206	2.84e-08	52.0
LACPHIAI_00844	MER0195774	25.478	157	111	2	21	175	25	177	4.41e-08	50.8
LACPHIAI_00844	MER0003543	26.415	159	104	5	20	173	24	174	4.41e-08	51.6
LACPHIAI_00844	MER0001229	27.083	192	115	6	10	191	15	191	9.82e-08	50.4
LACPHIAI_00844	MER0043985	27.083	192	115	6	10	191	15	191	1.04e-07	50.8
LACPHIAI_00844	MER0015090	24.257	202	132	6	20	216	24	209	2.87e-07	49.3
LACPHIAI_00844	MER0026957	26.590	173	106	5	23	186	23	183	3.32e-07	48.9
LACPHIAI_00844	MER0004423	27.895	190	109	7	12	186	2	178	1.47e-06	47.0
LACPHIAI_00844	MER0035181	19.917	241	131	7	10	202	6	232	2.22e-06	46.6
LACPHIAI_00861	MER0005139	37.615	109	59	4	115	221	62	163	3.44e-15	71.6
LACPHIAI_00861	MER0100667	29.437	231	118	12	114	332	22	219	7.89e-14	67.0
LACPHIAI_00861	MER0001284	35.455	110	65	2	113	219	33	139	1.51e-12	63.5
LACPHIAI_00861	MER0002161	24.679	312	159	11	49	333	15	277	5.72e-12	62.4
LACPHIAI_00861	MER0005238	30.894	123	74	3	80	202	35	146	3.03e-11	60.1
LACPHIAI_00861	MER0015691	33.636	110	65	3	110	218	47	149	3.29e-11	59.7
LACPHIAI_00861	MER0015336	26.540	211	134	9	108	312	54	249	6.24e-11	58.9
LACPHIAI_00861	MER0005241	36.667	90	50	3	113	200	2	86	7.20e-11	58.5
LACPHIAI_00861	MER0004514	35.632	87	50	2	115	198	35	118	1.03e-10	58.2
LACPHIAI_00861	MER0005239	32.743	113	67	3	109	219	62	167	1.51e-10	58.2
LACPHIAI_00861	MER0005131	25.197	254	164	6	91	329	13	255	4.02e-10	56.6
LACPHIAI_00861	MER0194228	26.512	215	128	6	130	337	1	192	7.82e-10	54.7
LACPHIAI_00861	MER0005149	33.043	115	68	4	108	220	57	164	8.23e-10	55.8
LACPHIAI_00861	MER0001289	26.471	238	136	9	112	337	58	268	1.62e-09	54.7
LACPHIAI_00861	MER0002104	32.184	87	52	2	116	202	67	146	1.88e-09	54.7
LACPHIAI_00861	MER0005244	38.202	89	46	4	113	200	2	82	1.44e-08	51.2
LACPHIAI_00861	MER0001288	23.830	235	127	8	114	327	21	224	1.22e-07	48.9
LACPHIAI_00861	MER0005152	30.508	118	71	4	116	230	60	169	2.11e-07	48.5
LACPHIAI_00861	MER0032443	27.111	225	146	7	116	332	39	253	3.91e-07	47.4
LACPHIAI_00868	MER0001158	48.301	677	342	3	43	713	3	677	0.0	681
LACPHIAI_00868	MER0001161	31.050	686	450	9	43	714	3	679	1.54e-115	360
LACPHIAI_00868	MER0006087	31.927	711	442	15	31	713	2	698	3.96e-111	349
LACPHIAI_00868	MER0015119	30.464	732	441	19	34	713	1	716	8.53e-101	322
LACPHIAI_00868	MER0001149	29.421	605	397	14	123	714	90	677	1.07e-69	238
LACPHIAI_00868	MER0108144	26.906	669	445	19	72	713	11	662	1.49e-59	209
LACPHIAI_00868	MER0001942	28.353	589	396	12	136	713	103	676	1.58e-59	210
LACPHIAI_00868	MER0079465	26.261	575	372	18	167	713	84	634	7.08e-49	179
LACPHIAI_00868	MER0003110	27.247	701	413	27	84	713	41	715	2.31e-48	178
LACPHIAI_00868	MER0001153	26.544	599	400	16	143	714	108	693	9.72e-47	173
LACPHIAI_00868	MER0001156	25.000	660	431	16	97	712	62	701	4.94e-43	163
LACPHIAI_00868	MER0015170	23.089	628	442	18	92	711	34	628	2.05e-38	148
LACPHIAI_00868	MER0021317	34.375	64	42	0	473	536	20	83	6.54e-07	44.7
LACPHIAI_00900	MER0069741	33.613	119	51	3	44	162	64	154	2.32e-14	68.2
LACPHIAI_00900	MER0015415	27.143	140	74	3	27	166	43	154	7.88e-10	55.1
LACPHIAI_00900	MER0003376	28.994	169	76	6	2	161	3	136	4.00e-09	53.1
LACPHIAI_00900	MER0003380	30.645	124	57	5	50	173	138	232	5.54e-08	50.8
LACPHIAI_00900	MER0013541	31.250	112	50	4	50	161	1	85	2.35e-06	43.1
LACPHIAI_00916	MER0047723	47.083	480	243	4	7	480	1	475	9.20e-155	446
LACPHIAI_00916	MER0001283	46.296	486	257	2	3	486	1	484	1.14e-153	443
LACPHIAI_00916	MER0369336	30.357	112	64	3	65	172	8	109	3.65e-07	48.5
LACPHIAI_00916	MER0028941	28.758	153	85	5	17	157	6	146	7.00e-07	48.1
LACPHIAI_00940	MER0000431	40.065	307	165	9	10	306	8	305	1.70e-67	210
LACPHIAI_00940	MER0000436	24.818	274	171	12	35	295	23	274	2.38e-11	60.1
LACPHIAI_00940	MER0014065	25.000	120	88	2	13	131	12	130	4.87e-07	47.4
LACPHIAI_00940	MER0031617	26.316	114	84	0	18	131	17	130	2.40e-06	45.1
LACPHIAI_00940	MER0210990	22.549	306	157	14	61	308	57	340	4.58e-06	44.3
LACPHIAI_00940	MER0003537	31.034	116	72	6	23	133	10	122	9.73e-06	43.1
LACPHIAI_00947	MER0065554	44.737	266	136	2	282	537	2	266	1.00e-79	248
LACPHIAI_00947	MER0437468	37.249	349	204	4	197	531	1	348	1.53e-77	245
LACPHIAI_00947	MER0436717	33.417	398	198	9	197	531	1	394	3.41e-60	201
LACPHIAI_00963	MER0195376	31.333	150	95	2	222	363	1	150	4.03e-18	79.0
LACPHIAI_00963	MER0004196	28.986	138	83	3	223	360	4	126	7.07e-08	49.3
LACPHIAI_00963	MER0003514	26.389	144	82	4	220	360	1	123	1.70e-06	45.1
LACPHIAI_00963	MER0001297	25.175	143	85	3	220	360	1	123	2.15e-06	44.7
LACPHIAI_00963	MER0003413	26.950	141	84	5	221	360	2	124	3.84e-06	43.9
LACPHIAI_00966	MER0002746	29.661	236	139	5	251	466	2	230	4.88e-23	95.5
LACPHIAI_00966	MER0019759	29.237	236	134	7	248	466	10	229	4.11e-22	92.8
LACPHIAI_00966	MER0011183	27.700	213	142	4	264	466	12	222	4.26e-22	92.8
LACPHIAI_00966	MER0002003	32.020	203	113	6	266	451	27	221	2.02e-21	90.5
LACPHIAI_00966	MER0000997	32.663	199	123	5	252	439	11	209	2.53e-21	90.1
LACPHIAI_00966	MER0002968	32.487	197	122	4	264	451	25	219	3.17e-21	90.1
LACPHIAI_00966	MER0001010	29.717	212	121	7	266	459	1	202	3.34e-21	89.7
LACPHIAI_00966	MER0011440	29.858	211	134	5	257	457	14	220	4.40e-21	89.7
LACPHIAI_00966	MER0091680	29.384	211	135	6	266	466	13	219	5.79e-21	89.4
LACPHIAI_00966	MER0005331	32.632	190	105	4	265	439	21	202	8.19e-20	85.9
LACPHIAI_00966	MER0005045	31.443	194	112	5	268	447	12	198	1.55e-19	84.7
LACPHIAI_00966	MER0001009	27.976	168	110	3	323	482	20	184	2.40e-19	84.3
LACPHIAI_00966	MER0001003	31.977	172	109	3	277	440	7	178	2.64e-19	83.6
LACPHIAI_00966	MER0002422	31.414	191	117	6	261	442	16	201	3.36e-19	84.0
LACPHIAI_00966	MER0028449	32.143	196	113	6	268	447	30	221	5.65e-19	83.6
LACPHIAI_00966	MER0002060	29.293	198	133	3	261	451	22	219	6.03e-19	83.6
LACPHIAI_00966	MER0005046	30.000	190	120	4	268	447	12	198	1.08e-18	82.0
LACPHIAI_00966	MER0001012	28.372	215	134	6	242	442	3	211	1.16e-18	82.4
LACPHIAI_00966	MER0011438	29.891	184	117	5	263	436	18	199	1.68e-18	82.0
LACPHIAI_00966	MER0001701	33.094	139	83	3	323	453	70	206	2.84e-18	81.6
LACPHIAI_00966	MER0002078	27.962	211	122	6	275	466	31	230	6.01e-18	80.9
LACPHIAI_00966	MER0011369	30.978	184	105	4	275	443	45	221	1.01e-17	80.1
LACPHIAI_00966	MER0001185	31.429	210	126	7	249	444	5	210	2.16e-17	79.0
LACPHIAI_00966	MER0168983	26.946	167	111	3	277	443	3	158	3.39e-17	76.6
LACPHIAI_00966	MER0006264	28.125	192	109	5	274	447	2	182	4.35e-17	77.0
LACPHIAI_00966	MER0168177	29.518	166	107	3	277	442	3	158	4.46e-17	76.6
LACPHIAI_00966	MER0004243	30.612	196	101	5	262	434	20	203	1.01e-16	77.0
LACPHIAI_00966	MER0016308	31.667	180	97	5	277	440	7	176	1.57e-16	75.5
LACPHIAI_00966	MER0011423	29.231	195	127	4	264	447	20	214	3.11e-16	75.5
LACPHIAI_00966	MER0015166	29.333	225	131	7	237	439	5	223	1.16e-15	73.9
LACPHIAI_00966	MER0001005	28.736	174	103	5	289	447	10	177	2.26e-15	72.0
LACPHIAI_00966	MER0011370	31.844	179	102	6	275	439	30	202	3.19e-15	72.4
LACPHIAI_00966	MER0011371	27.830	212	126	5	251	442	2	206	5.63e-15	71.6
LACPHIAI_00966	MER0011720	30.000	190	115	5	269	452	30	207	1.10e-14	70.9
LACPHIAI_00966	MER0052595	27.778	198	129	4	262	447	25	220	1.34e-13	67.8
LACPHIAI_00966	MER0040779	27.742	155	99	4	290	440	45	190	3.22e-13	66.2
LACPHIAI_00966	MER0003500	26.596	188	131	4	273	453	16	203	3.92e-13	66.2
LACPHIAI_00966	MER0116688	28.646	192	121	5	274	453	30	217	1.13e-12	65.5
LACPHIAI_00966	MER0011175	26.866	201	109	6	263	440	18	203	1.84e-12	64.3
LACPHIAI_00966	MER0019754	26.733	202	120	7	265	447	3	195	1.07e-11	61.6
LACPHIAI_00966	MER0036308	26.699	206	126	6	246	439	11	203	5.32e-11	60.5
LACPHIAI_00966	MER0011399	26.230	183	114	6	274	442	30	205	6.45e-11	60.1
LACPHIAI_00966	MER0002210	28.221	163	92	5	289	434	2	156	1.01e-10	57.8
LACPHIAI_00966	MER0001525	26.540	211	134	7	239	431	3	210	1.08e-10	59.3
LACPHIAI_00966	MER0003916	25.543	184	132	5	263	442	7	189	1.38e-10	58.5
LACPHIAI_00966	MER0019096	26.115	157	88	5	323	469	60	198	1.74e-10	58.2
LACPHIAI_00966	MER0002658	31.387	137	85	2	326	453	1	137	2.63e-10	56.6
LACPHIAI_00966	MER0001017	26.108	203	128	6	259	448	26	219	6.86e-10	57.4
LACPHIAI_00966	MER0011400	29.213	178	107	7	289	454	45	215	7.06e-10	57.0
LACPHIAI_00966	MER0005328	27.273	187	118	7	259	434	15	194	7.38e-10	56.2
LACPHIAI_00966	MER0012283	24.103	195	133	4	259	445	26	213	7.96e-10	56.6
LACPHIAI_00966	MER0026830	32.407	108	71	1	261	366	19	126	8.98e-10	55.8
LACPHIAI_00966	MER0002355	27.717	184	123	4	269	447	30	208	1.59e-09	55.8
LACPHIAI_00966	MER0002755	27.835	194	115	8	260	439	17	199	2.08e-09	55.1
LACPHIAI_00966	MER0002281	28.235	170	106	5	275	434	42	205	2.92e-09	55.5
LACPHIAI_00966	MER0011401	28.758	153	97	3	294	434	42	194	3.60e-09	54.7
LACPHIAI_00966	MER0001013	25.616	203	135	5	246	439	14	209	5.62e-09	54.7
LACPHIAI_00966	MER0001001	23.837	172	115	7	274	434	30	196	8.44e-08	50.4
LACPHIAI_00966	MER0005037	22.286	175	130	3	266	434	10	184	1.15e-07	49.7
LACPHIAI_00966	MER0011345	24.000	200	135	5	259	448	26	218	2.00e-07	49.7
LACPHIAI_00966	MER0171631	29.825	171	95	5	292	447	49	209	5.11e-07	48.1
LACPHIAI_01005	MER0059846	31.148	305	200	6	9	309	15	313	7.96e-42	145
LACPHIAI_01005	MER0199690	25.263	285	195	6	39	307	29	311	3.83e-24	97.8
LACPHIAI_01005	MER0214074	27.222	180	118	4	141	307	2	181	2.14e-19	81.6
LACPHIAI_01097	MER0387040	26.549	113	68	3	35	146	1	99	8.75e-06	39.3
LACPHIAI_01122	MER0034541	22.524	1363	927	42	535	1816	67	1381	8.07e-73	266
LACPHIAI_01122	MER0023251	22.222	270	172	10	1220	1461	740	999	5.24e-06	48.1
LACPHIAI_01128	MER0044357	26.957	230	134	7	2	202	27	251	7.23e-20	90.9
LACPHIAI_01128	MER0044357	33.028	109	69	1	211	319	340	444	5.09e-09	56.6
LACPHIAI_01166	MER0001421	51.637	397	189	3	15	410	1	395	1.37e-144	414
LACPHIAI_01166	MER0028941	27.273	418	238	12	5	408	1	366	2.40e-31	120
LACPHIAI_01166	MER0369336	26.741	359	207	11	58	408	4	314	3.37e-25	101
LACPHIAI_01197	MER0000410	58.571	280	114	1	443	722	2	279	6.93e-122	363
LACPHIAI_01197	MER0011872	40.377	265	155	2	459	720	16	280	2.61e-67	220
LACPHIAI_01197	MER0082498	40.288	278	142	5	466	719	6	283	9.39e-65	213
LACPHIAI_01197	MER0005694	33.942	274	169	3	456	724	13	279	2.07e-49	172
LACPHIAI_01197	MER0000392	32.609	276	169	6	456	719	3	273	8.81e-42	150
LACPHIAI_01197	MER0004227	35.616	219	140	1	465	682	28	246	4.55e-40	146
LACPHIAI_01197	MER0015621	31.186	295	179	5	444	719	1	290	9.22e-40	145
LACPHIAI_01197	MER0079308	30.451	266	174	6	459	719	6	265	1.27e-38	141
LACPHIAI_01197	MER0022823	32.830	265	167	6	462	719	10	270	4.34e-38	140
LACPHIAI_01197	MER0082653	32.959	267	154	9	472	718	18	279	1.08e-35	133
LACPHIAI_01197	MER0002490	28.710	310	185	7	444	724	1	303	6.50e-35	132
LACPHIAI_01197	MER0011450	29.710	276	176	7	456	719	3	272	1.38e-33	127
LACPHIAI_01197	MER0325901	32.090	268	174	7	456	718	1	265	4.35e-33	125
LACPHIAI_01197	MER0981959	28.571	280	179	5	456	718	2	277	8.32e-31	119
LACPHIAI_01197	MER0000398	28.906	256	164	7	467	720	11	250	9.36e-26	103
LACPHIAI_01197	MER0003229	28.462	260	156	7	456	703	11	252	1.96e-23	97.8
LACPHIAI_01201	MER0031614	26.337	243	157	9	18	250	86	316	1.95e-10	57.0
LACPHIAI_01201	MER0031617	26.016	246	151	8	18	240	37	274	2.49e-10	56.6
LACPHIAI_01201	MER0036076	26.250	240	153	10	19	248	66	291	3.76e-09	53.1
LACPHIAI_01201	MER0014065	30.233	86	57	1	29	114	48	130	4.58e-09	52.8
LACPHIAI_01201	MER0017177	26.531	98	68	2	16	112	35	129	1.66e-07	48.1
LACPHIAI_01201	MER0183709	25.830	271	152	9	16	255	37	289	1.00e-06	45.8
LACPHIAI_01201	MER0036075	34.314	102	60	3	16	114	71	168	1.44e-06	45.4
LACPHIAI_01201	MER0004146	23.108	251	166	9	16	249	20	260	7.46e-06	43.1
LACPHIAI_01201	MER0031610	26.316	114	76	2	2	113	41	148	9.26e-06	42.7
LACPHIAI_01227	MER0042827	55.435	92	41	0	1002	1093	1	92	1.34e-28	107
LACPHIAI_01256	MER0031431	34.400	125	73	4	121	238	35	157	1.19e-12	61.6
LACPHIAI_01256	MER0034659	31.068	103	68	1	121	220	35	137	4.78e-10	54.3
LACPHIAI_01256	MER0031432	31.496	127	72	4	122	238	36	157	1.72e-09	52.8
LACPHIAI_01256	MER0044553	28.462	130	90	3	114	242	10	137	3.74e-09	51.2
LACPHIAI_01256	MER0031433	31.481	108	63	3	122	223	36	138	1.38e-08	50.1
LACPHIAI_01256	MER0014721	28.125	160	86	8	103	257	7	142	2.37e-08	49.3
LACPHIAI_01256	MER0002601	30.233	86	53	3	122	207	16	94	1.98e-07	46.2
LACPHIAI_01266	MER0013471	34.286	105	55	3	48	138	37	141	3.09e-10	57.8
LACPHIAI_01266	MER0015121	26.904	197	119	7	26	198	11	206	1.17e-09	55.8
LACPHIAI_01266	MER0003495	36.364	110	47	5	49	138	38	144	1.89e-09	55.1
LACPHIAI_01266	MER0001608	26.554	177	101	7	24	189	7	165	2.02e-07	48.5
LACPHIAI_01266	MER0003817	29.412	119	63	3	47	144	36	154	2.32e-07	48.5
LACPHIAI_01266	MER0001205	32.110	109	55	4	48	138	37	144	4.50e-07	47.8
LACPHIAI_01266	MER0107602	29.808	104	59	3	48	138	32	134	6.72e-07	47.4
LACPHIAI_01266	MER0013421	28.704	108	65	4	26	121	9	116	1.14e-06	46.6
LACPHIAI_01266	MER0001202	29.268	123	64	4	39	138	26	148	1.73e-06	46.2
LACPHIAI_01266	MER0001207	30.275	109	59	4	47	138	36	144	1.95e-06	45.8
LACPHIAI_01286	MER0000485	47.899	238	123	1	579	815	1	238	7.70e-71	230
LACPHIAI_01286	MER0000495	42.570	249	134	2	579	818	1	249	1.65e-59	199
LACPHIAI_01286	MER0011056	45.933	209	104	4	609	812	17	221	2.38e-52	179
LACPHIAI_01286	MER0003442	44.076	211	113	2	609	816	17	225	3.15e-52	179
LACPHIAI_01286	MER0014970	36.201	279	133	2	579	812	1	279	2.20e-51	179
LACPHIAI_01286	MER0011057	43.541	209	113	2	607	812	15	221	3.26e-51	176
LACPHIAI_01286	MER0003443	46.073	191	98	2	619	804	30	220	3.43e-51	176
LACPHIAI_01286	MER0000488	40.171	234	130	3	579	807	1	229	7.07e-50	172
LACPHIAI_01286	MER0004236	47.159	176	91	1	634	809	85	258	9.77e-46	162
LACPHIAI_01286	MER0000496	41.237	194	109	1	608	796	84	277	2.80e-43	156
LACPHIAI_01286	MER0005837	38.362	232	115	5	580	794	2	222	6.94e-39	142
LACPHIAI_01286	MER0108906	36.667	240	137	4	579	812	1	231	1.67e-36	134
LACPHIAI_01286	MER0026213	31.613	155	97	2	665	816	111	259	7.61e-22	92.8
LACPHIAI_01286	MER0017402	32.804	189	113	5	637	819	28	208	3.77e-17	78.2
LACPHIAI_01286	MER0003859	30.534	131	77	2	659	785	79	199	4.08e-13	67.0
LACPHIAI_01286	MER0003359	29.114	158	105	4	637	787	45	202	2.91e-10	58.2
LACPHIAI_01286	MER0017403	37.179	78	49	0	700	777	94	171	4.08e-07	48.9
LACPHIAI_01286	MER0000491	22.963	135	95	2	675	809	5	130	2.74e-06	45.8
LACPHIAI_01297	MER0005169	34.675	323	200	5	26	345	17	331	2.88e-54	179
LACPHIAI_01297	MER0013829	34.251	327	198	8	15	334	6	322	3.94e-52	174
LACPHIAI_01297	MER0005472	33.431	341	209	7	15	354	6	329	3.42e-47	160
LACPHIAI_01297	MER0004410	30.259	347	221	9	14	350	5	340	5.26e-44	152
LACPHIAI_01297	MER0002046	29.855	345	221	9	10	351	1	327	6.92e-40	140
LACPHIAI_01297	MER0002043	25.714	350	238	6	6	346	9	345	2.85e-33	124
LACPHIAI_01297	MER0005160	28.873	284	185	7	66	346	55	324	3.52e-29	112
LACPHIAI_01297	MER0002040	27.517	298	191	10	66	350	59	344	1.14e-21	91.7
LACPHIAI_01297	MER0022215	25.000	344	230	10	16	352	5	327	1.83e-21	90.9
LACPHIAI_01297	MER0025084	20.455	220	169	4	11	224	2	221	1.78e-06	46.2
LACPHIAI_01343	MER0042581	35.088	399	218	10	30	403	51	433	5.44e-57	190
LACPHIAI_01415	MER0002251	47.826	230	114	4	2	228	1	227	7.56e-71	213
LACPHIAI_01415	MER0001335	35.088	228	141	4	4	228	3	226	1.39e-43	144
LACPHIAI_01419	MER0011175	22.167	203	144	6	362	551	10	211	2.42e-09	55.1
LACPHIAI_01419	MER0001009	22.642	159	114	4	411	562	5	161	6.11e-07	47.8
LACPHIAI_01419	MER0001010	23.026	152	108	4	418	562	53	202	1.95e-06	46.2
LACPHIAI_01419	MER0002078	27.647	170	101	7	414	569	69	230	3.32e-06	45.8
LACPHIAI_01419	MER0019096	25.949	158	105	5	417	572	51	198	7.48e-06	44.3
LACPHIAI_01419	MER0003500	22.449	196	138	6	373	557	12	204	7.56e-06	44.3
LACPHIAI_01488	MER0026545	32.103	271	160	7	2	258	10	270	1.45e-37	130
LACPHIAI_01488	MER0026552	35.088	171	102	3	79	249	1	162	5.59e-27	100
LACPHIAI_01488	MER0042387	30.928	194	110	5	63	251	2	176	5.70e-25	95.1
LACPHIAI_01488	MER0026496	26.923	260	177	7	7	258	19	273	1.63e-19	82.8
LACPHIAI_01488	MER0031491	24.432	176	124	4	83	250	9	183	2.87e-14	66.6
LACPHIAI_01488	MER0002639	24.157	178	117	5	80	250	2	168	2.40e-09	52.4
LACPHIAI_01488	MER0002642	22.436	156	117	3	102	257	24	175	9.36e-08	47.8
LACPHIAI_01506	MER0065588	40.686	204	109	3	2	203	3	196	5.07e-50	158
LACPHIAI_01515	MER0033186	38.438	320	189	3	72	386	1	317	2.85e-64	206
LACPHIAI_01517	MER0066182	37.963	108	57	4	41	145	88	188	7.94e-09	49.7
LACPHIAI_01517	MER0387040	38.462	104	54	4	45	145	1	97	1.19e-08	47.4
LACPHIAI_01517	MER0025070	36.364	99	56	3	40	131	1	99	5.37e-08	46.2
LACPHIAI_01517	MER0388771	37.234	94	52	3	45	131	2	95	6.06e-08	45.8
LACPHIAI_01517	MER0069741	31.395	86	56	2	45	130	70	152	1.12e-06	43.5
LACPHIAI_01517	MER0003423	30.000	100	65	3	37	133	23	120	5.90e-06	40.8
LACPHIAI_01517	MER0001419	30.303	99	64	3	37	132	23	119	7.96e-06	40.4
LACPHIAI_01520	MER0005742	29.231	130	63	4	92	221	1	101	1.37e-10	54.3
LACPHIAI_01537	MER0056022	34.444	90	55	1	92	181	37	122	4.09e-08	47.0
LACPHIAI_01537	MER0056047	29.487	78	49	2	105	181	8	80	6.34e-08	45.4
LACPHIAI_01558	MER0030932	27.778	252	171	6	62	312	3	244	1.52e-26	102
LACPHIAI_01558	MER0058228	28.571	224	140	7	80	291	7	222	1.39e-14	69.3
LACPHIAI_01558	MER0034615	25.000	236	156	7	71	291	1	230	8.48e-12	61.2
LACPHIAI_01558	MER0015682	27.411	197	126	5	121	308	118	306	1.79e-11	60.8
LACPHIAI_01558	MER0000408	22.176	239	160	8	73	293	5	235	1.31e-10	57.8
LACPHIAI_01558	MER0017401	27.468	233	143	8	74	292	1	221	1.90e-10	57.0
LACPHIAI_01558	MER0011413	22.872	188	130	5	112	291	41	221	4.70e-09	53.1
LACPHIAI_01558	MER0001920	26.455	189	121	5	117	291	43	227	5.94e-09	52.8
LACPHIAI_01558	MER0013484	25.000	232	144	10	78	291	2	221	6.27e-09	52.8
LACPHIAI_01558	MER0001423	23.009	226	148	8	80	291	2	215	1.10e-08	51.6
LACPHIAI_01558	MER0005196	32.061	131	78	4	79	200	26	154	1.14e-08	52.0
LACPHIAI_01558	MER0003558	25.781	256	156	9	67	304	9	248	4.16e-08	50.4
LACPHIAI_01558	MER0000404	23.622	254	164	9	62	297	8	249	4.83e-08	50.1
LACPHIAI_01558	MER0004923	23.729	236	150	10	74	291	49	272	6.20e-08	50.1
LACPHIAI_01558	MER0005987	24.242	198	125	7	122	306	73	258	9.62e-08	49.3
LACPHIAI_01558	MER0003361	26.515	132	88	2	163	293	108	231	2.52e-07	47.8
LACPHIAI_01558	MER0000399	22.566	226	153	7	79	292	25	240	4.61e-07	47.0
LACPHIAI_01558	MER0004921	27.928	222	132	10	83	291	12	218	5.06e-06	43.9
LACPHIAI_01558	MER0192427	24.896	241	142	10	71	291	57	278	7.43e-06	43.5
LACPHIAI_01558	MER0036036	22.816	206	111	9	129	306	67	252	9.17e-06	43.1
LACPHIAI_01558	MER0000405	20.675	237	158	9	88	308	45	267	9.89e-06	43.1
LACPHIAI_01602	MER0013623	56.774	155	65	2	114	268	1	153	1.64e-55	179
LACPHIAI_01602	MER0004111	50.968	155	76	0	114	268	1	155	8.16e-51	166
LACPHIAI_01602	MER0003850	49.143	175	87	2	114	287	3	176	8.43e-51	167
LACPHIAI_01602	MER0000268	50.968	155	75	1	114	268	1	154	4.92e-48	159
LACPHIAI_01602	MER0000266	50.641	156	76	1	114	268	1	156	9.69e-45	150
LACPHIAI_01602	MER0001372	51.282	156	75	1	114	268	1	156	9.79e-45	150
LACPHIAI_01602	MER0004673	37.970	266	140	6	114	356	2	265	4.84e-44	152
LACPHIAI_01602	MER0004149	49.091	165	72	4	114	268	1	163	9.27e-44	148
LACPHIAI_01602	MER0005468	47.799	159	78	3	114	268	1	158	4.62e-43	146
LACPHIAI_01602	MER0003290	48.750	160	73	4	114	268	1	156	2.75e-39	136
LACPHIAI_01602	MER0001373	46.584	161	77	3	114	268	1	158	2.16e-36	129
LACPHIAI_01602	MER0003293	46.897	145	76	1	114	258	1	144	1.23e-35	126
LACPHIAI_01602	MER0001945	42.138	159	88	2	114	268	1	159	1.38e-35	126
LACPHIAI_01602	MER0028330	45.283	159	77	4	114	268	1	153	9.25e-35	124
LACPHIAI_01602	MER0010944	42.690	171	82	4	114	268	1	171	2.82e-34	123
LACPHIAI_01602	MER0016031	45.509	167	78	5	114	268	1	166	3.47e-34	123
LACPHIAI_01602	MER0016351	41.772	158	84	2	114	268	1	153	3.00e-33	120
LACPHIAI_01602	MER0002577	42.405	158	83	2	114	268	1	153	4.60e-32	117
LACPHIAI_01602	MER0022668	42.690	171	82	6	114	268	1	171	1.02e-31	116
LACPHIAI_01602	MER0014795	42.073	164	81	3	114	268	1	159	3.45e-31	114
LACPHIAI_01602	MER0004093	42.767	159	81	4	114	268	1	153	4.69e-31	114
LACPHIAI_01602	MER0004086	41.463	164	84	5	115	268	1	162	4.56e-30	111
LACPHIAI_01602	MER0005093	38.125	160	85	4	114	259	1	160	1.25e-26	102
LACPHIAI_01602	MER0006096	42.222	135	70	4	138	268	1	131	3.24e-26	100
LACPHIAI_01602	MER0011375	37.888	161	87	5	114	268	1	154	4.27e-26	100
LACPHIAI_01602	MER0015583	38.926	149	80	3	114	251	1	149	1.49e-22	90.9
LACPHIAI_01602	MER0063616	38.776	147	74	5	117	252	5	146	2.16e-18	79.3
LACPHIAI_01602	MER0005094	36.842	152	67	11	114	249	1	139	7.07e-11	57.4
LACPHIAI_01602	MER0014318	36.296	135	73	8	114	240	1	130	3.80e-08	49.7
LACPHIAI_01602	MER0004696	30.282	142	89	6	114	249	1	138	1.45e-07	47.4
LACPHIAI_01602	MER0005954	29.442	197	100	9	72	250	9	184	9.54e-07	46.6
LACPHIAI_01602	MER0005089	32.331	133	81	6	114	240	1	130	1.51e-06	45.1
LACPHIAI_01602	MER0014314	34.058	138	72	8	114	240	1	130	1.65e-06	44.7
LACPHIAI_01602	MER0014317	32.143	140	79	7	123	249	2	138	1.67e-06	44.7
LACPHIAI_01602	MER0024901	34.722	144	80	9	114	249	1	138	2.28e-06	43.9
LACPHIAI_01602	MER0005090	33.824	136	75	7	114	240	1	130	4.73e-06	43.5
LACPHIAI_01610	MER0005663	36.667	270	166	4	354	619	79	347	9.91e-51	184
LACPHIAI_01610	MER0001417	47.594	187	94	3	354	537	242	427	9.25e-49	177
LACPHIAI_01610	MER0029410	35.156	256	149	9	271	517	198	445	2.67e-38	146
LACPHIAI_01610	MER0001172	24.885	434	275	16	108	522	41	442	7.33e-24	103
LACPHIAI_01610	MER0004451	22.449	245	164	7	288	515	8	243	5.38e-06	46.6
LACPHIAI_01644	MER0002084	64.352	216	74	3	73	287	3	216	9.23e-89	285
LACPHIAI_01644	MER0029657	48.101	79	37	3	233	310	70	145	1.12e-13	67.4
LACPHIAI_01644	MER0011122	39.623	106	47	5	217	312	50	148	5.90e-12	62.4
LACPHIAI_01644	MER0025086	38.202	89	38	5	233	310	41	123	2.37e-08	51.2
LACPHIAI_01730	MER0015475	29.747	158	91	7	51	192	38	191	1.22e-13	64.7
LACPHIAI_01793	MER0472834	24.627	134	68	4	53	178	7	115	3.56e-11	56.6
LACPHIAI_01806	MER0004090	31.043	393	213	14	583	947	1	363	1.84e-38	145
LACPHIAI_01806	MER0003800	27.919	394	228	15	581	947	6	370	6.70e-29	117
LACPHIAI_01806	MER0035017	25.059	423	248	14	591	971	1	396	1.06e-27	113
LACPHIAI_01806	MER0026262	23.034	356	204	14	596	931	2	307	6.77e-11	62.0
LACPHIAI_01806	MER0354941	24.883	213	119	7	607	804	11	197	1.99e-10	58.2
LACPHIAI_01806	MER0140154	23.000	200	129	8	607	798	2	184	5.81e-07	49.3
LACPHIAI_01806	MER0006204	20.052	384	255	11	593	952	7	362	9.69e-07	48.9
LACPHIAI_01806	MER0011700	23.899	318	202	16	597	900	7	298	8.82e-06	45.8
LACPHIAI_01823	MER0056525	50.862	232	113	1	402	632	1	232	6.28e-81	253
LACPHIAI_01823	MER0011224	49.138	232	117	1	402	632	1	232	6.45e-79	249
LACPHIAI_01823	MER0011748	51.282	234	113	1	402	634	1	234	2.00e-78	247
LACPHIAI_01823	MER0005496	49.138	232	117	1	402	632	1	232	2.74e-77	244
LACPHIAI_01823	MER0015609	49.356	233	115	2	402	633	1	231	2.43e-76	242
LACPHIAI_01823	MER0015195	46.725	229	121	1	402	629	1	229	1.19e-70	227
LACPHIAI_01823	MER0023544	43.966	232	129	1	402	632	1	232	9.07e-68	219
LACPHIAI_01823	MER0002605	43.534	232	129	2	402	632	1	231	3.35e-67	218
LACPHIAI_01823	MER0015194	42.149	242	137	2	403	642	2	242	5.69e-66	214
LACPHIAI_01823	MER0171760	40.226	266	154	3	367	629	1	264	3.21e-65	212
LACPHIAI_01823	MER0014306	41.379	232	135	1	402	632	1	232	2.36e-64	210
LACPHIAI_01823	MER0002600	43.966	232	129	1	402	632	1	232	4.14e-64	209
LACPHIAI_01823	MER0015199	43.966	232	123	2	402	626	1	232	6.60e-58	193
LACPHIAI_01823	MER0024898	40.598	234	136	3	402	632	1	234	1.23e-56	190
LACPHIAI_01823	MER0002602	43.231	229	119	3	403	623	2	227	1.08e-54	184
LACPHIAI_01823	MER0005466	39.496	238	133	5	403	631	2	237	2.23e-53	180
LACPHIAI_01823	MER0004454	38.655	238	139	3	402	634	1	236	6.34e-53	180
LACPHIAI_01823	MER0001620	39.149	235	134	3	402	627	1	235	1.35e-46	163
LACPHIAI_01823	MER0002563	36.889	225	130	3	403	615	2	226	9.40e-46	159
LACPHIAI_01823	MER0015197	36.620	213	132	2	414	623	13	225	8.30e-43	152
LACPHIAI_01823	MER0002408	36.170	235	137	6	402	626	1	232	7.76e-42	149
LACPHIAI_01823	MER0015193	38.298	235	133	6	402	626	1	233	1.12e-41	148
LACPHIAI_01823	MER0017637	36.444	225	131	3	403	615	2	226	6.18e-41	146
LACPHIAI_01823	MER0005755	39.352	216	121	4	403	615	2	210	4.59e-40	143
LACPHIAI_01823	MER0015137	34.894	235	140	6	402	626	1	232	1.27e-39	143
LACPHIAI_01823	MER0011745	34.043	235	142	6	402	626	1	232	1.67e-39	142
LACPHIAI_01823	MER0014324	38.496	226	127	4	402	624	1	217	2.13e-39	142
LACPHIAI_01823	MER0002197	35.802	243	147	3	402	641	1	237	2.18e-38	139
LACPHIAI_01823	MER0190577	35.398	226	134	3	402	624	1	217	6.43e-37	135
LACPHIAI_01823	MER0002608	37.555	229	137	4	403	625	2	230	7.62e-36	132
LACPHIAI_01823	MER0190705	34.498	229	141	3	403	629	1	222	4.42e-35	129
LACPHIAI_01823	MER0015690	34.894	235	139	6	402	622	1	235	6.07e-35	130
LACPHIAI_01823	MER0011120	37.021	235	134	7	402	622	1	235	8.64e-35	129
LACPHIAI_01823	MER0024900	32.407	216	137	4	403	615	2	211	6.06e-31	118
LACPHIAI_01823	MER0001246	33.333	180	110	4	413	589	1	173	9.57e-25	98.2
LACPHIAI_01823	MER0015204	26.482	253	153	7	403	622	2	254	3.78e-17	79.3
LACPHIAI_01842	MER0001928	29.221	308	171	13	197	500	5	269	3.40e-17	78.6
LACPHIAI_01842	MER0000332	26.537	309	157	13	208	499	15	270	7.01e-17	77.8
LACPHIAI_01842	MER0014744	28.713	303	179	11	191	478	26	306	8.45e-17	78.6
LACPHIAI_01842	MER0004085	28.000	300	179	13	195	478	30	308	7.24e-16	75.5
LACPHIAI_01842	MER0077555	26.804	291	176	10	197	485	5	260	2.70e-14	70.1
LACPHIAI_01842	MER0001520	26.214	309	181	12	196	500	4	269	3.55e-14	69.7
LACPHIAI_01842	MER0081072	26.042	288	168	10	196	478	1	248	8.31e-14	68.2
LACPHIAI_01842	MER0000315	26.214	309	181	12	196	500	4	269	1.33e-13	67.8
LACPHIAI_01842	MER0000313	25.685	292	175	9	213	500	22	275	4.06e-13	66.6
LACPHIAI_01842	MER0001521	25.685	292	175	9	213	500	22	275	4.25e-13	66.6
LACPHIAI_01842	MER0001906	25.890	309	182	12	196	500	4	269	6.37e-13	65.9
LACPHIAI_01842	MER0000319	25.084	299	183	10	198	493	13	273	7.32e-13	65.9
LACPHIAI_01842	MER0001523	25.342	292	176	9	213	500	22	275	1.87e-12	64.7
LACPHIAI_01842	MER0000312	25.342	292	176	9	213	500	22	275	1.87e-12	64.7
LACPHIAI_01842	MER0000316	26.214	309	181	12	196	500	3	268	2.28e-12	64.3
LACPHIAI_01842	MER0001755	25.442	283	167	9	213	491	22	264	2.37e-12	64.3
LACPHIAI_01842	MER0000333	25.763	295	182	10	206	500	14	271	1.09e-11	62.0
LACPHIAI_01842	MER0002575	27.723	303	176	14	204	499	12	278	1.38e-11	62.0
LACPHIAI_01842	MER0000310	24.662	296	170	10	214	500	23	274	4.23e-11	60.5
LACPHIAI_01842	MER0016697	24.854	342	198	14	204	499	16	344	6.49e-10	57.4
LACPHIAI_01842	MER0000389	27.536	345	185	15	199	500	15	337	1.87e-09	56.2
LACPHIAI_01842	MER0002562	24.847	326	202	9	209	500	36	352	2.05e-09	55.8
LACPHIAI_01842	MER0019280	24.407	295	198	5	213	500	29	305	4.87e-09	54.3
LACPHIAI_01842	MER0001699	24.221	289	179	12	214	500	23	273	5.70e-09	53.9
LACPHIAI_01842	MER0002267	25.943	212	137	6	269	478	67	260	5.90e-09	53.9
LACPHIAI_01842	MER0013656	25.649	308	184	11	196	500	3	268	1.02e-08	53.1
LACPHIAI_01842	MER0001725	25.084	299	191	11	209	499	45	318	1.19e-07	50.4
LACPHIAI_01842	MER0000309	24.820	278	172	9	214	491	23	263	4.42e-07	48.1
LACPHIAI_01842	MER0042897	28.754	313	177	15	196	500	4	278	5.36e-07	48.1
LACPHIAI_01842	MER0000353	29.204	226	108	13	194	379	57	270	7.33e-07	47.8
LACPHIAI_01842	MER0002565	26.941	219	136	9	262	478	97	293	1.40e-06	47.0
LACPHIAI_01842	MER0002790	28.899	218	139	6	273	479	1	213	1.42e-06	46.2
LACPHIAI_01842	MER0000320	22.408	299	177	12	195	480	3	259	2.97e-06	45.8
LACPHIAI_01842	MER0014300	31.959	97	55	2	414	499	250	346	3.23e-06	45.8
LACPHIAI_01842	MER0000351	27.876	226	111	12	194	379	6	219	6.93e-06	44.7
LACPHIAI_01842	MER0001709	24.118	340	202	15	200	500	9	331	7.04e-06	44.7
LACPHIAI_01842	MER0006023	23.871	310	190	13	204	481	16	311	8.03e-06	44.7
LACPHIAI_01843	MER0100667	30.387	181	100	9	127	302	35	194	1.56e-10	57.4
LACPHIAI_01843	MER0004514	31.250	112	73	3	112	220	29	139	1.02e-09	55.1
LACPHIAI_01843	MER0001911	38.318	107	52	5	118	222	40	134	5.00e-08	50.1
LACPHIAI_01843	MER0001284	23.596	178	125	6	111	283	28	199	9.19e-08	49.3
LACPHIAI_01843	MER0005139	32.174	115	59	4	116	222	60	163	1.35e-07	48.9
LACPHIAI_01843	MER0001290	27.815	151	94	5	73	211	46	193	2.57e-07	48.5
LACPHIAI_01843	MER0001289	30.556	108	61	4	119	222	62	159	5.39e-07	47.0
LACPHIAI_01843	MER0005238	31.461	89	46	4	116	200	64	141	6.26e-06	43.9
LACPHIAI_01843	MER0001288	23.963	217	141	8	115	320	19	222	7.53e-06	43.5
LACPHIAI_01843	MER0005239	30.973	113	55	5	118	220	68	167	8.75e-06	43.5
LACPHIAI_01845	MER0472834	23.881	134	81	3	40	172	2	115	1.21e-08	49.3
LACPHIAI_01878	MER0015475	33.562	146	88	3	41	178	38	182	1.88e-17	73.2
LACPHIAI_01923	MER0002036	36.986	73	43	2	1	70	70	142	1.42e-09	53.9
LACPHIAI_01923	MER0042832	38.462	65	35	2	10	74	77	136	2.76e-06	44.3
LACPHIAI_01997	MER0045094	40.000	190	108	4	2	188	13	199	1.89e-49	157
LACPHIAI_01997	MER0044622	40.000	190	108	4	3	188	28	215	1.30e-47	153
LACPHIAI_01997	MER0043394	41.975	162	90	2	30	189	5	164	6.03e-42	135
LACPHIAI_01997	MER0044882	37.647	170	100	5	29	192	6	175	1.34e-35	120
LACPHIAI_01997	MER0043392	39.881	168	91	4	30	192	1	163	3.32e-35	119
LACPHIAI_01997	MER0043195	31.188	202	121	6	4	188	8	208	9.71e-24	91.3
LACPHIAI_01997	MER0045095	27.397	219	131	6	1	191	15	233	2.10e-21	85.5
LACPHIAI_01997	MER0044619	27.228	202	123	6	1	190	8	197	2.50e-18	76.6
LACPHIAI_01997	MER0043537	28.796	191	118	8	3	186	2	181	1.15e-16	71.2
LACPHIAI_01997	MER0038086	33.884	121	68	4	74	187	108	223	1.39e-13	63.9
LACPHIAI_01997	MER0044812	26.154	130	87	2	45	173	98	219	3.49e-11	57.4
LACPHIAI_01997	MER0436735	26.230	183	93	6	47	192	48	225	1.58e-10	55.5
LACPHIAI_01997	MER0046161	27.848	158	87	6	44	186	103	248	1.27e-08	50.1
LACPHIAI_01997	MER0115185	28.244	131	84	3	45	173	8	130	1.88e-08	48.1
LACPHIAI_01997	MER0045945	28.244	131	84	3	45	173	73	195	9.14e-08	47.4
LACPHIAI_01997	MER0042974	25.862	116	78	3	75	187	70	180	1.28e-07	46.6
LACPHIAI_01997	MER0002464	23.333	120	69	4	74	172	104	221	1.06e-06	44.7
LACPHIAI_01997	MER0043387	27.586	116	77	4	73	187	56	165	1.74e-06	43.1
LACPHIAI_01997	MER0045886	25.000	116	77	3	74	186	84	192	2.90e-06	43.1
LACPHIAI_01997	MER0043540	24.060	133	86	3	45	173	85	206	3.14e-06	43.1
LACPHIAI_01999	MER0034539	56.796	206	89	0	2	207	1	206	4.08e-84	257
LACPHIAI_01999	MER0033254	36.842	190	103	7	2	180	1	184	8.02e-26	103
LACPHIAI_01999	MER0004101	30.282	142	84	5	72	201	99	237	7.20e-07	47.4
LACPHIAI_01999	MER0011806	30.986	142	83	5	72	201	99	237	7.96e-07	47.4
LACPHIAI_01999	MER0011781	29.915	117	69	4	61	166	85	199	3.97e-06	45.1
LACPHIAI_02021	MER0014188	36.364	99	49	4	144	241	1	86	7.08e-14	63.5
LACPHIAI_02021	MER0001322	34.783	115	54	4	144	253	1	99	1.43e-13	62.8
LACPHIAI_02021	MER0024252	37.398	123	59	4	156	272	14	124	1.90e-12	60.1
LACPHIAI_02021	MER0003807	38.614	101	52	4	144	242	1	93	3.08e-12	59.3
LACPHIAI_02021	MER0377310	30.556	108	59	4	148	252	5	99	6.25e-08	47.0
LACPHIAI_02021	MER0377307	30.556	108	59	4	148	252	5	99	6.25e-08	47.0
LACPHIAI_02021	MER0002450	30.556	108	59	4	148	252	5	99	6.81e-08	47.0
LACPHIAI_02021	MER0003805	32.258	93	48	3	152	242	9	88	8.53e-08	46.6
LACPHIAI_02021	MER0377450	33.696	92	48	3	152	242	9	88	2.95e-07	44.7
LACPHIAI_02021	MER0002443	35.227	88	48	3	155	241	12	91	4.00e-07	45.1
LACPHIAI_02021	MER0003986	30.000	100	60	4	144	241	1	92	4.15e-07	45.1
LACPHIAI_02021	MER0004035	31.111	90	51	3	153	241	7	86	1.57e-06	43.1
LACPHIAI_02021	MER0003808	30.108	93	50	4	151	241	8	87	2.18e-06	42.7
LACPHIAI_02021	MER0377178	27.679	112	57	4	148	252	5	99	2.55e-06	42.4
LACPHIAI_02021	MER0376722	30.108	93	50	4	151	241	8	87	2.57e-06	42.0
LACPHIAI_02031	MER0001602	41.727	139	81	0	78	216	1	139	7.75e-38	126
LACPHIAI_02031	MER0027775	30.216	139	71	5	78	213	1	116	1.85e-11	56.6
LACPHIAI_02048	MER0073084	20.607	461	322	9	60	492	33	477	3.75e-30	121
LACPHIAI_02048	MER0014496	22.247	454	274	21	198	598	196	623	9.46e-11	61.6
LACPHIAI_02068	MER0001161	39.349	676	404	3	2	671	3	678	3.26e-174	510
LACPHIAI_02068	MER0001158	36.578	678	421	5	1	671	2	677	1.00e-153	457
LACPHIAI_02068	MER0006087	34.971	692	427	10	2	673	12	700	8.29e-141	425
LACPHIAI_02068	MER0015119	33.705	718	423	16	2	673	8	718	7.16e-133	405
LACPHIAI_02068	MER0108144	30.448	670	435	12	21	671	5	662	1.25e-97	311
LACPHIAI_02068	MER0001149	32.673	606	377	14	78	671	90	676	1.16e-94	304
LACPHIAI_02068	MER0003110	30.972	720	425	19	9	671	11	715	1.04e-91	297
LACPHIAI_02068	MER0001153	32.917	641	381	17	59	671	73	692	1.23e-91	296
LACPHIAI_02068	MER0001942	31.353	606	387	12	77	671	89	676	4.80e-88	286
LACPHIAI_02068	MER0079465	29.448	652	414	23	47	671	2	634	2.22e-70	238
LACPHIAI_02068	MER0015170	26.025	634	419	15	44	666	31	625	2.27e-63	218
LACPHIAI_02068	MER0001156	25.903	637	412	19	55	648	65	684	1.79e-46	172
LACPHIAI_02068	MER0021317	34.848	66	43	0	434	499	22	87	3.78e-09	51.2
LACPHIAI_02068	MER0059435	20.476	210	122	6	323	499	337	534	7.10e-06	45.8
LACPHIAI_02089	MER0152618	29.907	107	71	4	57	161	34	138	1.76e-07	45.8
LACPHIAI_02135	MER0033259	27.016	248	165	7	41	273	13	259	1.49e-15	71.6
LACPHIAI_02135	MER0035041	23.770	244	166	6	41	266	26	267	6.01e-12	61.2
LACPHIAI_02135	MER0017193	24.060	266	159	8	48	274	15	276	3.03e-10	56.6
LACPHIAI_02135	MER0026339	31.313	99	65	2	38	133	2	100	4.47e-07	47.0
LACPHIAI_02135	MER0014065	25.620	121	86	3	37	153	11	131	9.78e-07	46.2
LACPHIAI_02145	MER0028047	58.659	179	71	2	452	630	1	176	1.09e-63	206
LACPHIAI_02145	MER0003564	27.805	205	112	7	452	620	21	225	1.93e-09	55.5
LACPHIAI_02147	MER0001299	38.344	459	265	5	81	525	51	505	1.25e-91	290
LACPHIAI_02147	MER0011114	31.991	422	230	7	92	511	2	368	1.13e-57	194
LACPHIAI_02147	MER0321345	43.333	180	99	2	332	508	1	180	1.21e-40	142
LACPHIAI_02147	MER0321345	29.121	182	120	5	89	266	1	177	9.80e-15	69.7
LACPHIAI_02147	MER0003812	43.094	181	100	2	332	509	1	181	3.77e-40	142
LACPHIAI_02147	MER0003812	28.571	182	121	5	89	266	1	177	6.60e-14	67.4
LACPHIAI_02147	MER0013957	30.726	179	123	1	332	509	1	179	4.28e-23	94.0
LACPHIAI_02147	MER0013957	27.673	159	103	6	113	266	25	176	5.22e-06	44.3
LACPHIAI_02147	MER0001300	35.088	171	99	5	344	508	9	173	3.57e-20	85.5
LACPHIAI_02147	MER0044046	31.053	190	117	3	332	514	1	183	3.61e-19	82.4
LACPHIAI_02147	MER0001303	22.396	192	147	2	332	522	1	191	1.50e-09	54.7
LACPHIAI_02166	MER0002443	43.966	116	59	3	79	193	7	117	4.42e-29	101
LACPHIAI_02166	MER0004035	39.655	116	62	4	78	192	3	111	1.19e-23	87.8
LACPHIAI_02166	MER0004054	38.983	118	62	6	82	194	10	122	1.67e-22	85.1
LACPHIAI_02166	MER0003986	34.426	122	73	4	73	192	1	117	2.93e-19	76.6
LACPHIAI_02166	MER0003807	33.051	118	73	3	77	193	5	117	1.36e-18	74.7
LACPHIAI_02166	MER0002450	39.474	114	54	7	82	192	10	111	4.69e-17	70.5
LACPHIAI_02166	MER0003805	37.069	116	58	6	82	194	10	113	2.03e-16	68.9
LACPHIAI_02166	MER0377310	39.623	106	49	7	82	184	10	103	4.27e-15	65.1
LACPHIAI_02166	MER0377307	39.623	106	49	7	82	184	10	103	4.27e-15	65.1
LACPHIAI_02166	MER0003808	38.261	115	56	7	80	191	8	110	3.26e-14	63.2
LACPHIAI_02166	MER0014188	38.532	109	51	5	76	180	4	100	3.86e-13	60.1
LACPHIAI_02166	MER0377178	37.864	103	55	6	82	184	10	103	1.55e-12	58.5
LACPHIAI_02166	MER0038100	31.304	115	62	4	83	187	12	119	1.62e-12	58.9
LACPHIAI_02166	MER0014672	35.398	113	52	3	73	172	1	105	2.85e-11	55.5
LACPHIAI_02166	MER0001322	29.825	114	62	5	73	182	1	100	2.95e-10	52.8
LACPHIAI_02166	MER0377450	36.559	93	45	5	82	171	10	91	1.16e-09	50.4
LACPHIAI_02166	MER0376722	40.000	100	45	7	80	176	8	95	1.77e-09	50.1
LACPHIAI_02166	MER0024252	30.952	84	51	2	85	168	14	90	2.47e-08	47.8
LACPHIAI_02166	MER0031199	35.294	51	33	0	89	139	1	51	2.59e-07	43.5
LACPHIAI_02170	MER0001295	48.404	188	82	4	370	552	2	179	6.95e-53	177
LACPHIAI_02170	MER0003514	38.372	172	91	6	381	550	6	164	2.08e-24	97.4
LACPHIAI_02170	MER0001425	37.427	171	82	6	384	548	17	168	3.01e-24	97.1
LACPHIAI_02170	MER0003065	37.427	171	94	5	381	550	6	164	6.56e-24	95.9
LACPHIAI_02170	MER0004196	36.076	158	89	4	395	550	19	166	5.68e-22	90.5
LACPHIAI_02170	MER0003413	31.613	155	95	4	397	550	21	165	4.53e-19	82.0
LACPHIAI_02170	MER0015684	35.152	165	86	6	383	540	11	161	7.89e-19	81.6
LACPHIAI_02170	MER0001297	32.544	169	84	5	369	531	1	145	1.26e-18	80.9
LACPHIAI_02170	MER0005714	33.129	163	83	8	381	531	6	154	8.70e-16	72.8
LACPHIAI_02170	MER0004195	28.902	173	107	6	381	550	6	165	9.07e-13	63.9
LACPHIAI_02178	MER0001423	65.517	232	80	0	516	747	1	232	2.07e-108	327
LACPHIAI_02178	MER0000399	41.634	257	142	5	497	749	5	257	8.24e-62	205
LACPHIAI_02178	MER0000401	39.300	257	149	4	497	749	6	259	3.41e-57	192
LACPHIAI_02178	MER0000405	39.179	268	150	7	492	748	1	266	3.74e-56	190
LACPHIAI_02178	MER0005196	39.207	227	137	1	520	746	25	250	4.50e-52	178
LACPHIAI_02178	MER0004504	39.648	227	129	4	520	738	2	228	5.78e-52	177
LACPHIAI_02178	MER0011413	37.975	237	141	3	517	748	4	239	3.26e-50	172
LACPHIAI_02178	MER0058228	38.136	236	143	3	513	746	3	237	3.63e-50	172
LACPHIAI_02178	MER0011305	42.194	237	128	6	520	751	23	255	1.67e-48	169
LACPHIAI_02178	MER0011231	41.085	258	136	10	498	746	6	256	3.50e-48	168
LACPHIAI_02178	MER0005987	37.662	231	134	6	524	749	35	260	9.84e-47	164
LACPHIAI_02178	MER0000404	35.985	264	160	7	493	749	1	262	1.11e-46	164
LACPHIAI_02178	MER0013484	36.245	229	138	3	519	739	6	234	1.52e-41	149
LACPHIAI_02178	MER0004921	34.746	236	141	5	518	746	5	234	9.61e-41	146
LACPHIAI_02178	MER0004923	35.223	247	148	4	511	748	47	290	5.55e-40	145
LACPHIAI_02178	MER0005994	32.331	266	168	5	492	749	1	262	3.99e-38	139
LACPHIAI_02178	MER0004193	34.177	237	149	5	518	751	4	236	4.24e-37	136
LACPHIAI_02178	MER0000403	29.297	256	172	5	497	746	5	257	1.23e-35	132
LACPHIAI_02178	MER0192427	33.645	214	135	3	520	730	69	278	8.30e-35	130
LACPHIAI_02178	MER0195666	35.407	209	125	4	518	719	2	207	1.82e-33	125
LACPHIAI_02178	MER0004199	30.380	237	139	7	524	749	1	222	3.29e-31	119
LACPHIAI_02178	MER0003361	30.374	214	139	5	503	713	5	211	2.06e-28	111
LACPHIAI_02178	MER0005988	31.818	110	74	1	622	730	2	111	2.27e-15	69.7
LACPHIAI_02178	MER0003558	23.904	251	173	5	497	735	2	246	7.34e-13	66.2
LACPHIAI_02178	MER0034615	23.176	233	164	4	509	730	2	230	5.18e-11	60.5
LACPHIAI_02178	MER0017401	25.221	226	153	8	512	729	2	219	4.78e-10	57.4
LACPHIAI_02178	MER0005807	23.636	275	187	9	462	730	2	259	6.10e-10	57.8
LACPHIAI_02178	MER0016096	23.237	241	166	6	520	746	9	244	1.24e-09	56.2
LACPHIAI_02178	MER0140224	25.789	190	127	4	553	729	30	218	1.90e-08	52.8
LACPHIAI_02178	MER0030932	26.036	169	107	4	593	749	82	244	2.59e-08	52.4
LACPHIAI_02178	MER0018170	23.889	180	124	2	563	729	53	232	6.60e-08	51.2
LACPHIAI_02178	MER0006027	22.870	223	149	7	523	730	24	238	1.11e-07	50.4
LACPHIAI_02178	MER0015682	24.706	255	177	8	502	748	59	306	3.99e-07	49.3
LACPHIAI_02178	MER0011583	23.318	223	139	7	524	728	16	224	8.16e-06	44.7
LACPHIAI_02230	MER0001313	28.070	171	89	6	11	180	16	153	6.77e-07	44.3
LACPHIAI_02237	MER0000576	40.870	115	67	1	31	145	1	114	2.71e-29	100
LACPHIAI_02237	MER0000569	31.579	114	76	2	31	143	1	113	2.38e-12	57.0
LACPHIAI_02237	MER0006172	39.130	69	42	0	53	121	2	70	3.44e-12	55.5
LACPHIAI_02237	MER0000587	28.409	88	57	2	52	133	34	121	9.08e-06	39.7
LACPHIAI_02243	MER0003514	42.405	158	81	3	201	354	4	155	3.22e-33	121
LACPHIAI_02243	MER0001297	38.065	155	94	2	200	354	3	155	3.47e-30	112
LACPHIAI_02243	MER0001425	44.304	158	82	3	201	353	4	160	9.55e-30	112
LACPHIAI_02243	MER0004195	36.943	157	94	2	200	354	3	156	7.11e-28	106
LACPHIAI_02243	MER0003413	38.710	155	92	3	201	354	4	156	2.90e-27	104
LACPHIAI_02243	MER0004196	38.994	159	93	4	198	354	1	157	1.07e-26	103
LACPHIAI_02243	MER0015684	35.811	148	95	0	200	347	3	150	1.42e-26	102
LACPHIAI_02243	MER0005714	33.125	160	100	1	202	354	5	164	3.75e-25	99.4
LACPHIAI_02243	MER0003065	36.364	154	96	1	201	354	4	155	1.08e-24	97.8
LACPHIAI_02243	MER0001295	36.090	133	84	1	199	331	2	133	3.89e-19	82.0
LACPHIAI_02243	MER0195376	29.452	146	79	4	201	322	2	147	1.31e-08	51.6
LACPHIAI_02247	MER0003380	38.739	111	60	2	170	280	129	231	1.23e-19	82.8
LACPHIAI_02247	MER0003376	38.636	132	60	6	171	284	29	157	3.83e-18	77.0
LACPHIAI_02247	MER0005300	35.433	127	77	2	162	284	37	162	7.17e-18	76.3
LACPHIAI_02247	MER0069741	41.053	95	54	2	186	280	70	162	1.48e-16	72.8
LACPHIAI_02247	MER0003906	38.095	105	58	4	186	284	1	104	8.55e-15	66.2
LACPHIAI_02247	MER0013541	36.047	86	54	1	186	271	1	85	2.92e-13	61.2
LACPHIAI_02247	MER0015415	36.066	122	59	7	160	271	37	149	3.66e-12	60.5
LACPHIAI_02247	MER0066182	33.654	104	67	2	182	284	88	190	4.97e-12	60.8
LACPHIAI_02247	MER0387040	34.000	100	64	2	186	284	1	99	1.06e-11	57.4
LACPHIAI_02247	MER0003423	35.227	88	54	2	185	270	31	117	8.69e-11	55.8
LACPHIAI_02247	MER0001419	35.632	87	53	2	186	270	32	117	8.87e-10	53.1
LACPHIAI_02285	MER0016191	26.510	298	199	9	48	335	4	291	6.64e-34	123
LACPHIAI_02285	MER0016185	29.179	329	189	12	45	338	1	320	1.70e-23	96.3
LACPHIAI_02285	MER0016172	25.347	288	199	7	50	329	6	285	3.24e-19	83.6
LACPHIAI_02321	MER0026494	32.914	477	287	9	1	455	4	469	1.97e-77	246
LACPHIAI_02321	MER0026471	31.315	479	303	8	1	459	5	477	5.83e-72	232
LACPHIAI_02321	MER0015142	30.579	484	301	10	1	462	33	503	1.62e-70	229
LACPHIAI_02321	MER0026485	32.381	210	124	6	1	198	4	207	8.29e-26	103
LACPHIAI_02321	MER0026485	31.959	97	65	1	360	455	210	306	2.87e-11	61.2
LACPHIAI_02321	MER0003397	31.776	214	120	5	1	198	5	208	2.37e-24	99.8
LACPHIAI_02321	MER0003397	30.303	99	66	1	362	460	213	308	2.50e-10	58.2
LACPHIAI_02321	MER0057434	30.097	206	124	8	6	198	1	199	8.13e-19	83.6
LACPHIAI_02321	MER0057434	29.703	101	68	1	361	461	203	300	1.32e-07	50.1
LACPHIAI_02321	MER0052470	23.773	387	271	12	66	440	69	443	5.59e-16	76.6
LACPHIAI_02321	MER0001272	28.082	146	84	5	22	164	12	139	4.00e-09	54.3
LACPHIAI_02321	MER0001271	31.169	154	89	9	23	171	20	161	2.53e-07	49.3
LACPHIAI_02340	MER0036114	32.014	278	175	7	14	285	29	298	4.29e-43	146
LACPHIAI_02340	MER0036052	32.197	264	160	9	15	269	66	319	5.24e-37	130
LACPHIAI_02340	MER0031618	29.927	274	176	8	15	281	21	285	2.19e-36	128
LACPHIAI_02340	MER0036050	30.159	252	166	7	14	260	65	311	5.56e-32	117
LACPHIAI_02340	MER0036048	28.464	267	177	8	3	260	9	270	6.25e-26	100
LACPHIAI_02340	MER0036051	28.346	254	165	9	14	260	65	308	8.19e-26	100
LACPHIAI_02340	MER0044580	27.559	254	170	7	14	258	65	313	1.36e-25	100
LACPHIAI_02340	MER0036063	29.167	264	163	10	12	260	17	271	7.39e-23	92.4
LACPHIAI_02340	MER0036049	25.714	280	187	10	4	271	2	272	4.64e-22	90.1
LACPHIAI_02340	MER0045883	27.562	283	175	11	19	278	22	297	8.12e-21	87.0
LACPHIAI_02340	MER0036062	26.715	277	176	9	1	262	3	267	8.27e-19	81.3
LACPHIAI_02340	MER0036047	28.077	260	166	10	15	262	23	273	1.50e-18	80.5
LACPHIAI_02340	MER0036081	25.979	281	174	9	1	262	3	268	2.57e-18	79.7
LACPHIAI_02340	MER0036060	25.556	270	179	11	4	260	31	291	1.79e-17	77.8
LACPHIAI_02340	MER0044847	24.028	283	186	11	1	260	18	294	3.16e-17	77.0
LACPHIAI_02340	MER0044641	25.097	259	172	11	15	260	44	293	1.29e-15	72.4
LACPHIAI_02340	MER0033244	24.434	221	125	7	31	248	32	213	5.12e-09	52.8
LACPHIAI_02340	MER0031611	21.852	270	183	12	3	260	21	274	2.60e-06	44.7
LACPHIAI_02340	MER0036036	23.265	245	143	9	32	264	33	244	6.14e-06	43.5
LACPHIAI_02343	MER0005837	24.432	176	115	5	10	169	76	249	5.48e-06	44.7
LACPHIAI_02353	MER0014135	42.164	268	155	0	184	451	1	268	9.95e-77	238
LACPHIAI_02359	MER0003327	44.196	224	115	7	2	223	1	216	9.69e-58	191
LACPHIAI_02359	MER0012158	36.283	339	145	11	2	271	1	337	2.80e-54	185
LACPHIAI_02359	MER0185695	38.767	227	126	5	2	221	1	221	1.75e-44	155
LACPHIAI_02359	MER0003350	42.512	207	96	7	2	186	1	206	4.86e-42	147
LACPHIAI_02359	MER0003322	37.864	206	104	5	2	183	1	206	2.18e-35	129
LACPHIAI_02359	MER0011781	28.326	233	148	9	2	226	1	222	1.05e-15	73.9
LACPHIAI_02359	MER0011806	27.119	236	159	8	2	232	1	228	9.80e-15	71.2
LACPHIAI_02359	MER0004101	28.936	235	148	11	2	228	1	224	1.21e-14	70.9
LACPHIAI_02359	MER0003314	28.105	153	98	4	2	143	1	152	3.16e-13	67.0
LACPHIAI_02394	MER0281397	24.155	207	119	8	190	367	4	201	4.61e-07	47.0
LACPHIAI_02397	MER0004480	30.000	170	109	5	11	180	1	160	2.90e-12	64.3
LACPHIAI_02397	MER0004480	26.699	206	123	9	223	404	119	320	1.46e-07	49.7
LACPHIAI_02397	MER0897124	27.189	217	136	6	236	445	216	417	3.55e-12	64.7
LACPHIAI_02397	MER0897124	30.526	95	63	1	80	174	147	238	1.74e-07	50.1
LACPHIAI_02397	MER0897124	34.211	76	48	1	8	83	5	78	3.23e-06	45.8
LACPHIAI_02397	MER0004468	24.783	230	151	6	223	445	203	417	1.00e-11	63.2
LACPHIAI_02397	MER0004468	30.526	95	63	1	80	174	147	238	4.37e-07	48.5
LACPHIAI_02397	MER0004468	34.211	76	48	1	8	83	5	78	2.78e-06	46.2
LACPHIAI_02397	MER0004469	27.132	129	83	4	8	135	8	126	1.67e-11	62.4
LACPHIAI_02397	MER0004474	27.731	119	73	5	14	131	89	195	1.51e-06	47.0
LACPHIAI_02397	MER0004471	28.030	132	80	6	2	132	86	203	5.92e-06	45.1
LACPHIAI_02397	MER0004471	31.068	103	70	1	333	435	253	354	7.99e-06	44.7
LACPHIAI_02447	MER0011781	24.542	273	141	11	38	308	17	226	2.06e-11	61.2
LACPHIAI_02447	MER0011806	24.254	268	140	9	38	304	17	222	4.67e-11	60.1
LACPHIAI_02447	MER0004101	24.354	271	142	10	38	307	17	225	1.45e-09	55.8
LACPHIAI_02469	MER0195774	37.569	181	109	3	48	228	1	177	4.85e-32	120
LACPHIAI_02469	MER0237414	25.664	226	158	3	526	745	3	224	3.64e-18	81.6
LACPHIAI_02469	MER0188967	27.778	270	159	12	84	327	3	262	5.96e-15	75.1
LACPHIAI_02469	MER0043985	24.889	225	160	5	48	270	2	219	4.00e-14	70.1
LACPHIAI_02469	MER0043985	24.215	223	137	5	545	765	23	215	1.61e-11	62.4
LACPHIAI_02469	MER0001229	24.658	219	156	5	48	264	2	213	1.63e-13	67.8
LACPHIAI_02469	MER0001229	25.581	172	123	2	545	714	23	191	1.96e-11	61.6
LACPHIAI_02469	MER0001233	25.943	212	130	8	47	243	1	200	8.85e-13	66.2
LACPHIAI_02469	MER0001233	23.438	192	139	3	541	725	20	210	5.98e-08	51.6
LACPHIAI_02469	MER0015259	28.161	174	109	6	43	210	21	184	3.78e-12	63.5
LACPHIAI_02469	MER0002008	24.901	253	163	9	47	291	1	234	2.24e-10	58.9
LACPHIAI_02469	MER0003543	22.120	217	157	4	524	734	2	212	1.21e-09	56.6
LACPHIAI_02469	MER0003543	24.645	211	147	7	48	255	2	203	6.36e-07	48.1
LACPHIAI_02469	MER0024891	26.230	183	113	6	84	250	3	179	1.45e-09	57.8
LACPHIAI_02469	MER0011744	26.667	195	126	7	22	210	1	184	1.83e-09	55.8
LACPHIAI_02469	MER0014333	28.175	252	155	9	48	283	2	243	2.19e-09	55.8
LACPHIAI_02469	MER0011096	26.842	190	126	8	25	210	4	184	4.89e-09	54.3
LACPHIAI_02469	MER0001222	28.205	195	122	6	43	228	21	206	2.62e-08	52.4
LACPHIAI_02469	MER0122186	23.280	189	135	4	43	228	17	198	2.76e-08	52.0
LACPHIAI_02469	MER0001218	27.711	166	110	5	47	209	25	183	4.63e-08	51.6
LACPHIAI_02469	MER0003448	24.891	229	164	5	48	276	2	222	5.98e-08	51.6
LACPHIAI_02469	MER0003448	19.816	217	163	4	524	734	2	213	1.15e-06	47.8
LACPHIAI_02469	MER0002283	29.381	194	118	8	43	225	21	206	6.97e-08	50.8
LACPHIAI_02469	MER0003823	28.497	193	121	7	43	225	21	206	1.12e-07	50.4
LACPHIAI_02469	MER0023436	27.513	189	101	8	70	234	29	205	1.81e-07	49.7
LACPHIAI_02469	MER0001220	25.743	202	129	8	66	255	2	194	2.36e-07	49.3
LACPHIAI_02469	MER0015090	23.113	212	151	5	48	256	2	204	4.28e-07	48.9
LACPHIAI_02469	MER0015090	20.548	219	166	4	524	742	2	212	1.36e-06	47.4
LACPHIAI_02469	MER0001214	29.167	96	68	0	43	138	21	116	1.91e-06	46.2
LACPHIAI_02469	MER0002345	26.154	195	129	5	43	228	21	209	2.56e-06	46.2
LACPHIAI_02469	MER0004423	27.429	175	99	7	70	239	27	178	3.05e-06	46.2
LACPHIAI_02469	MER0390687	24.224	161	117	4	65	225	11	166	4.30e-06	45.1
LACPHIAI_02469	MER0002423	28.061	196	124	7	46	231	24	212	7.87e-06	44.7
LACPHIAI_02533	MER0001244	39.394	264	145	6	175	426	2	262	4.75e-59	191
LACPHIAI_02533	MER0013463	34.601	263	157	4	174	425	1	259	3.98e-48	162
LACPHIAI_02533	MER0001733	29.210	291	163	4	176	425	3	291	1.25e-40	143
LACPHIAI_02533	MER0028601	31.884	276	150	11	176	425	3	266	4.94e-40	141
LACPHIAI_02533	MER0004931	33.054	239	134	5	175	409	2	218	2.51e-36	130
LACPHIAI_02533	MER0004532	30.802	237	137	5	175	407	2	215	5.12e-32	118
LACPHIAI_02533	MER0005462	30.522	249	145	6	174	418	1	225	1.08e-31	117
LACPHIAI_02533	MER0001248	29.482	251	127	7	222	426	7	253	4.34e-28	108
LACPHIAI_02533	MER0005715	32.340	235	133	6	175	403	2	216	3.66e-27	105
LACPHIAI_02533	MER0001250	27.609	297	149	12	176	419	3	286	1.28e-19	85.5
LACPHIAI_02533	MER0002038	24.797	246	155	7	174	412	1	223	2.40e-19	83.6
LACPHIAI_02533	MER0016544	30.653	199	91	10	234	413	86	256	1.35e-11	61.6
LACPHIAI_02533	MER0027437	27.586	203	110	10	211	400	44	222	4.43e-11	59.7
LACPHIAI_02533	MER0002039	30.055	183	96	7	231	404	64	223	2.06e-10	57.8
LACPHIAI_02541	MER0000310	42.254	213	98	9	291	497	63	256	6.17e-33	124
LACPHIAI_02541	MER0077555	35.018	277	132	11	230	499	21	256	9.53e-31	117
LACPHIAI_02541	MER0000315	38.318	214	113	8	285	497	56	251	2.61e-30	116
LACPHIAI_02541	MER0001520	38.318	214	113	8	285	497	56	251	4.40e-30	115
LACPHIAI_02541	MER0001699	34.074	270	130	13	230	487	12	245	7.12e-30	115
LACPHIAI_02541	MER0001906	37.850	214	114	8	285	497	56	251	1.23e-29	114
LACPHIAI_02541	MER0001928	37.559	213	114	7	286	497	57	251	1.36e-29	114
LACPHIAI_02541	MER0028365	37.698	252	125	12	271	506	104	339	1.39e-29	117
LACPHIAI_02541	MER0002565	36.187	257	140	7	289	539	105	343	3.94e-29	115
LACPHIAI_02541	MER0000332	43.617	188	86	7	291	476	64	233	5.54e-29	112
LACPHIAI_02541	MER0000316	36.842	209	111	7	291	497	61	250	1.54e-26	105
LACPHIAI_02541	MER0005821	35.484	217	117	9	291	497	86	289	2.08e-26	108
LACPHIAI_02541	MER0000309	38.571	210	110	8	291	497	63	256	4.90e-26	104
LACPHIAI_02541	MER0013656	37.500	208	111	7	291	497	61	250	4.97e-26	104
LACPHIAI_02541	MER0017009	34.361	227	130	6	289	503	115	334	1.13e-25	105
LACPHIAI_02541	MER0002575	35.747	221	119	9	289	506	69	269	2.07e-25	102
LACPHIAI_02541	MER0054318	34.800	250	149	9	230	474	4	244	3.12e-25	103
LACPHIAI_02541	MER0016983	36.321	212	94	8	288	478	68	259	6.38e-25	102
LACPHIAI_02541	MER0001709	36.325	234	105	10	286	493	92	307	1.19e-24	102
LACPHIAI_02541	MER0001521	37.156	218	112	9	286	497	59	257	1.26e-24	100
LACPHIAI_02541	MER0000313	37.156	218	112	9	286	497	59	257	1.43e-24	100
LACPHIAI_02541	MER0000311	38.182	220	107	9	286	497	59	257	3.31e-24	99.4
LACPHIAI_02541	MER0001755	37.156	218	112	9	286	497	59	257	6.54e-24	98.6
LACPHIAI_02541	MER0081072	35.407	209	113	7	291	496	61	250	2.50e-23	96.3
LACPHIAI_02541	MER0000333	37.559	213	113	7	286	497	59	252	2.52e-23	96.7
LACPHIAI_02541	MER0004690	31.739	230	131	6	281	493	89	309	2.56e-23	98.6
LACPHIAI_02541	MER0004690	46.154	52	27	1	85	135	39	90	3.20e-06	46.2
LACPHIAI_02541	MER0000320	37.500	224	116	10	291	505	69	277	8.65e-23	95.5
LACPHIAI_02541	MER0001523	36.697	218	113	9	286	497	59	257	9.31e-23	95.1
LACPHIAI_02541	MER0000312	36.697	218	113	9	286	497	59	257	9.31e-23	95.1
LACPHIAI_02541	MER0001725	37.073	205	107	8	277	476	85	272	2.01e-22	95.1
LACPHIAI_02541	MER0014744	34.389	221	131	7	291	500	95	312	4.97e-22	94.4
LACPHIAI_02541	MER0002057	32.794	247	122	8	285	490	96	339	5.78e-22	94.7
LACPHIAI_02541	MER0000361	36.638	232	107	12	286	493	98	313	1.01e-21	93.2
LACPHIAI_02541	MER0006074	34.335	233	121	10	291	511	82	294	3.92e-21	90.9
LACPHIAI_02541	MER0062058	37.838	222	117	7	281	494	51	259	4.01e-21	92.8
LACPHIAI_02541	MER0062058	63.265	49	18	0	84	132	1	49	1.30e-13	69.7
LACPHIAI_02541	MER0000362	34.454	238	114	10	286	498	92	312	4.84e-20	88.2
LACPHIAI_02541	MER0042897	40.488	205	100	8	291	490	66	253	1.67e-19	85.9
LACPHIAI_02541	MER0050309	31.532	222	120	9	290	498	46	248	1.70e-19	87.8
LACPHIAI_02541	MER0000319	32.828	198	115	6	291	487	69	249	2.04e-19	85.5
LACPHIAI_02541	MER0155676	34.016	244	116	13	290	500	124	355	2.43e-19	87.0
LACPHIAI_02541	MER0002267	31.183	279	157	13	235	498	4	262	8.71e-19	83.6
LACPHIAI_02541	MER0004085	32.328	232	126	10	288	499	93	313	1.77e-18	83.6
LACPHIAI_02541	MER0000326	36.098	205	105	6	291	492	72	253	2.08e-18	83.2
LACPHIAI_02541	MER0016978	32.911	237	104	10	290	493	77	291	2.35e-18	83.2
LACPHIAI_02541	MER0002516	33.645	214	114	9	283	491	74	264	5.04e-18	81.6
LACPHIAI_02541	MER0005931	36.744	215	119	5	285	497	26	225	5.16e-18	80.5
LACPHIAI_02541	MER0006023	33.636	220	115	7	291	493	102	307	5.40e-18	82.0
LACPHIAI_02541	MER0000321	30.851	282	146	13	239	497	100	355	1.91e-17	80.9
LACPHIAI_02541	MER0002790	33.032	221	134	6	291	500	1	218	3.36e-17	78.2
LACPHIAI_02541	MER0000349	30.279	251	149	10	271	497	122	370	4.32e-17	80.1
LACPHIAI_02541	MER0004720	29.600	250	131	10	258	497	50	264	1.67e-16	77.0
LACPHIAI_02541	MER0003536	31.250	224	119	8	291	493	71	280	3.38e-16	76.3
LACPHIAI_02541	MER0014446	32.389	247	124	10	287	513	193	416	4.65e-16	77.4
LACPHIAI_02541	MER0000358	30.522	249	125	12	274	506	62	278	7.07e-16	76.3
LACPHIAI_02541	MER0000328	35.047	214	103	12	276	476	58	248	9.69e-16	74.7
LACPHIAI_02541	MER0000359	35.470	234	115	14	286	508	84	292	1.50e-15	74.3
LACPHIAI_02541	MER0013641	30.508	236	128	10	289	498	81	306	3.41e-15	74.3
LACPHIAI_02541	MER0161312	33.790	219	110	7	289	475	92	307	3.54e-15	73.9
LACPHIAI_02541	MER0000325	32.432	222	122	9	283	499	62	260	4.08e-15	73.6
LACPHIAI_02541	MER0002562	34.649	228	109	9	291	493	117	329	7.69e-15	72.8
LACPHIAI_02541	MER0000344	34.694	196	94	10	291	476	88	259	7.75e-15	72.0
LACPHIAI_02541	MER0003117	34.562	217	108	11	282	487	65	258	1.09e-14	71.6
LACPHIAI_02541	MER0000356	32.780	241	111	11	291	504	89	305	2.15e-14	71.6
LACPHIAI_02541	MER0006297	30.583	206	121	8	290	476	264	466	2.42e-14	72.0
LACPHIAI_02541	MER0030016	32.273	220	110	8	288	493	82	276	3.79e-14	69.7
LACPHIAI_02541	MER0000335	30.986	213	116	10	285	489	63	252	9.62e-14	68.6
LACPHIAI_02541	MER0005078	28.821	229	123	9	291	509	80	278	1.11e-13	68.6
LACPHIAI_02541	MER0016688	30.802	237	124	10	291	498	74	299	1.26e-13	68.9
LACPHIAI_02541	MER0004123	27.273	242	131	8	291	496	79	311	1.36e-13	68.9
LACPHIAI_02541	MER0000357	34.848	198	103	10	291	479	77	257	1.85e-13	68.2
LACPHIAI_02541	MER0000338	29.741	232	129	10	282	504	63	269	2.03e-13	67.8
LACPHIAI_02541	MER0016697	31.222	221	108	8	285	476	92	297	2.82e-13	68.2
LACPHIAI_02541	MER0006037	32.292	192	99	7	291	474	80	248	3.70e-13	67.0
LACPHIAI_02541	MER0014300	28.968	252	133	9	287	498	75	320	4.64e-13	67.4
LACPHIAI_02541	MER0002500	32.673	202	115	7	289	474	155	351	5.55e-13	67.4
LACPHIAI_02541	MER0005712	26.054	261	137	8	291	498	88	345	9.56e-13	66.6
LACPHIAI_02541	MER0019280	30.909	220	123	9	291	493	73	280	3.26e-12	64.3
LACPHIAI_02541	MER0000347	27.556	225	137	6	290	497	118	333	4.10e-12	65.1
LACPHIAI_02541	MER0002764	35.498	231	102	13	261	485	71	260	6.92e-12	63.2
LACPHIAI_02541	MER0024902	28.889	225	133	9	277	486	88	300	1.27e-11	62.8
LACPHIAI_02541	MER0000389	29.297	256	117	12	288	498	74	310	1.32e-11	62.8
LACPHIAI_02541	MER0014085	26.449	276	137	11	289	502	85	356	1.99e-11	62.4
LACPHIAI_02541	MER0037258	27.542	236	150	7	285	503	74	305	4.21e-11	60.8
LACPHIAI_02541	MER0004869	25.145	346	169	17	235	498	18	355	4.90e-11	61.2
LACPHIAI_02541	MER0001467	29.057	265	126	12	291	493	72	336	5.99e-11	60.8
LACPHIAI_02541	MER0005790	32.512	203	93	8	289	473	92	268	6.27e-11	60.1
LACPHIAI_02541	MER0000336	29.851	201	110	7	280	472	70	247	1.06e-10	59.7
LACPHIAI_02541	MER0005756	26.374	273	135	11	289	498	110	379	1.29e-10	60.1
LACPHIAI_02541	MER0067924	27.039	233	124	9	288	492	60	274	1.41e-10	58.9
LACPHIAI_02541	MER0000340	29.545	220	126	10	291	497	74	277	1.91e-10	58.9
LACPHIAI_02541	MER0001451	24.919	309	176	11	240	493	11	318	2.30e-10	58.9
LACPHIAI_02541	MER0002739	27.711	249	125	11	288	498	95	326	2.92e-10	59.3
LACPHIAI_02541	MER0000351	29.612	206	101	7	289	475	104	284	5.03e-10	57.4
LACPHIAI_02541	MER0050310	27.232	224	130	11	291	498	102	308	5.21e-10	58.2
LACPHIAI_02541	MER0022415	25.333	225	132	9	285	496	77	278	5.27e-10	58.5
LACPHIAI_02541	MER0005859	29.195	298	139	15	230	477	179	454	8.81e-10	57.8
LACPHIAI_02541	MER0003122	29.146	199	92	8	341	493	150	345	1.03e-09	57.4
LACPHIAI_02541	MER0001454	25.234	214	88	6	341	493	125	327	1.65e-09	56.6
LACPHIAI_02541	MER0028258	28.958	259	135	11	281	493	94	349	2.82e-09	55.8
LACPHIAI_02541	MER0055027	32.919	161	84	8	290	447	72	211	2.97e-09	55.8
LACPHIAI_02541	MER0015431	23.973	292	157	12	264	498	64	347	5.72e-09	55.1
LACPHIAI_02541	MER0000348	29.084	251	114	9	272	473	73	308	7.45e-09	54.3
LACPHIAI_02541	MER0114485	28.782	271	137	13	248	474	67	325	1.11e-08	53.9
LACPHIAI_02541	MER0000353	30.222	225	101	10	268	469	136	327	1.38e-08	53.5
LACPHIAI_02541	MER0004641	25.000	248	124	9	311	498	114	359	1.60e-08	53.5
LACPHIAI_02541	MER0014325	34.951	103	43	4	421	499	239	341	2.17e-08	53.1
LACPHIAI_02541	MER0014309	32.558	172	68	8	370	493	156	327	2.75e-08	52.8
LACPHIAI_02541	MER0002771	31.304	115	60	4	404	499	221	335	2.84e-08	52.8
LACPHIAI_02541	MER0015432	22.993	274	144	9	289	498	85	355	2.86e-08	52.8
LACPHIAI_02541	MER0068994	28.692	237	114	11	291	474	109	343	3.28e-08	52.4
LACPHIAI_02541	MER0001368	22.337	291	146	12	286	504	72	354	5.53e-08	51.6
LACPHIAI_02541	MER0015427	24.373	279	148	11	283	498	70	348	7.37e-08	51.2
LACPHIAI_02541	MER0004652	37.805	82	41	1	427	498	431	512	1.32e-07	50.8
LACPHIAI_02541	MER0014310	33.333	96	42	4	420	493	303	398	1.42e-07	50.4
LACPHIAI_02541	MER0004516	25.965	285	160	10	261	498	51	331	1.46e-07	50.4
LACPHIAI_02541	MER0080418	31.250	144	82	6	364	497	204	340	2.02e-07	50.1
LACPHIAI_02541	MER0005699	24.667	300	138	14	291	512	103	392	2.08e-07	50.1
LACPHIAI_02541	MER0015438	33.750	80	40	1	427	493	371	450	2.64e-07	50.1
LACPHIAI_02541	MER0014315	23.207	237	99	8	326	493	125	347	3.45e-07	49.3
LACPHIAI_02541	MER0015437	35.897	78	42	2	428	498	357	433	3.46e-07	49.7
LACPHIAI_02541	MER0016986	26.103	272	143	11	269	492	70	331	3.73e-07	48.9
LACPHIAI_02541	MER0087792	25.751	233	132	8	291	488	97	323	4.04e-07	48.9
LACPHIAI_02541	MER0005760	26.733	202	85	9	370	520	164	353	4.46e-07	48.9
LACPHIAI_02541	MER0015428	25.714	210	106	9	333	498	135	338	5.19e-07	48.5
LACPHIAI_02541	MER0006036	33.333	75	37	1	437	498	371	445	5.46e-07	48.9
LACPHIAI_02541	MER0014312	30.973	113	54	5	420	510	305	415	5.67e-07	48.9
LACPHIAI_02541	MER0006049	22.183	284	143	10	289	498	83	362	5.74e-07	48.5
LACPHIAI_02541	MER0000329	25.623	281	124	13	291	499	76	343	7.97e-07	48.1
LACPHIAI_02541	MER0015433	31.395	86	46	2	426	498	354	439	8.54e-07	48.1
LACPHIAI_02541	MER0000350	29.242	277	119	12	267	493	80	329	1.05e-06	47.8
LACPHIAI_02541	MER0014311	29.703	101	49	3	420	498	304	404	1.16e-06	47.8
LACPHIAI_02541	MER0005610	25.871	201	87	8	370	520	164	352	1.58e-06	47.0
LACPHIAI_02541	MER0175622	26.991	226	129	10	291	497	74	282	1.68e-06	46.6
LACPHIAI_02541	MER0013896	28.244	131	66	5	403	506	333	462	1.72e-06	47.4
LACPHIAI_02541	MER0005757	21.708	281	147	8	288	498	84	361	2.11e-06	47.0
LACPHIAI_02541	MER0014313	32.292	96	43	4	420	493	279	374	2.29e-06	46.6
LACPHIAI_02541	MER0003020	28.049	246	116	9	289	476	224	466	2.92e-06	46.6
LACPHIAI_02541	MER0004988	24.681	235	151	10	291	516	71	288	2.94e-06	45.8
LACPHIAI_02541	MER0001610	24.164	269	169	10	245	493	17	270	3.01e-06	45.8
LACPHIAI_02541	MER0197239	30.667	75	39	1	437	498	363	437	3.03e-06	46.6
LACPHIAI_02541	MER0005700	25.357	280	133	13	291	498	87	362	3.58e-06	46.2
LACPHIAI_02541	MER0001603	21.923	260	148	7	269	499	43	276	3.65e-06	45.8
LACPHIAI_02541	MER0011813	32.653	98	46	3	426	503	348	445	4.37e-06	45.8
LACPHIAI_02541	MER0003256	24.554	224	116	11	282	474	51	252	4.61e-06	45.1
LACPHIAI_02541	MER0005034	29.412	119	62	4	401	497	319	437	5.84e-06	45.4
LACPHIAI_02541	MER0014089	33.333	87	51	2	418	498	354	439	9.55e-06	45.1
LACPHIAI_02543	MER0012283	26.562	192	106	5	325	493	29	208	1.30e-11	61.6
LACPHIAI_02543	MER0011345	24.607	191	131	5	324	501	28	218	7.16e-11	59.7
LACPHIAI_02543	MER0002281	30.682	176	103	6	334	493	39	211	8.03e-11	59.7
LACPHIAI_02543	MER0002746	27.607	163	113	2	362	521	72	232	1.35e-10	58.9
LACPHIAI_02543	MER0005328	28.571	189	107	8	324	491	17	198	1.47e-10	58.2
LACPHIAI_02543	MER0036308	24.862	181	120	5	352	519	58	235	1.84e-09	55.5
LACPHIAI_02543	MER0002755	27.673	159	90	6	352	493	50	200	4.95e-09	53.5
LACPHIAI_02543	MER0001009	24.375	160	100	2	374	521	20	170	2.09e-08	52.0
LACPHIAI_02543	MER0001013	26.596	188	104	7	337	501	42	218	3.59e-08	51.6
LACPHIAI_02543	MER0019759	26.282	156	101	3	374	521	82	231	1.26e-07	49.7
LACPHIAI_02543	MER0002003	27.481	131	91	3	374	500	87	217	2.09e-07	48.9
LACPHIAI_02543	MER0001010	23.649	148	92	2	374	509	61	199	2.45e-07	48.5
LACPHIAI_02543	MER0001017	26.455	189	107	8	352	516	60	240	2.50e-07	48.9
LACPHIAI_02543	MER0019096	24.762	210	134	7	325	522	1	198	2.80e-07	48.1
LACPHIAI_02543	MER0011440	26.471	136	85	3	374	500	81	210	3.04e-07	48.5
LACPHIAI_02543	MER0006264	23.741	139	85	2	374	500	53	182	1.50e-06	45.8
LACPHIAI_02543	MER0052595	25.899	139	88	4	374	502	89	222	1.77e-06	46.2
LACPHIAI_02543	MER0011423	28.462	130	68	4	373	486	84	204	1.88e-06	46.2
LACPHIAI_02543	MER0002078	22.093	172	113	3	362	521	70	232	2.30e-06	46.2
LACPHIAI_02543	MER0011370	25.000	140	90	3	370	500	77	210	4.51e-06	45.1
LACPHIAI_02543	MER0002355	28.333	120	82	3	374	491	84	201	5.00e-06	45.1
LACPHIAI_02543	MER0002968	26.923	130	91	3	374	500	87	215	5.33e-06	44.7
LACPHIAI_02548	MER0005238	32.836	134	73	5	117	244	67	189	1.02e-11	61.2
LACPHIAI_02548	MER0001289	29.032	217	122	10	105	308	54	251	1.08e-11	61.2
LACPHIAI_02548	MER0194228	28.571	189	108	8	132	308	2	175	2.66e-11	58.9
LACPHIAI_02548	MER0001290	26.061	165	100	3	67	209	44	208	1.13e-09	55.5
LACPHIAI_02548	MER0015336	26.636	214	127	9	104	300	49	249	2.42e-09	53.9
LACPHIAI_02548	MER0002104	28.485	165	94	8	117	272	67	216	4.85e-09	53.5
LACPHIAI_02548	MER0100667	29.268	205	113	9	111	303	18	202	1.00e-08	51.6
LACPHIAI_02548	MER0037181	25.430	291	155	15	38	301	2	257	2.41e-08	51.2
LACPHIAI_02548	MER0001284	25.157	159	109	4	79	232	3	156	2.62e-08	50.8
LACPHIAI_02548	MER0015691	27.528	178	106	7	104	274	40	201	4.02e-08	50.4
LACPHIAI_02548	MER0005139	29.464	112	65	3	117	221	63	167	5.33e-08	50.1
LACPHIAI_02548	MER0002161	30.303	165	96	9	56	216	13	162	7.04e-08	49.7
LACPHIAI_02548	MER0005239	24.887	221	119	8	117	302	69	277	2.24e-07	48.1
LACPHIAI_02548	MER0005149	29.825	114	66	4	111	217	59	165	3.22e-07	47.8
LACPHIAI_02548	MER0001911	32.323	99	62	2	113	211	37	130	1.91e-06	45.1
LACPHIAI_02548	MER0002105	24.000	200	111	7	104	285	45	221	6.68e-06	43.5
LACPHIAI_02555	MER0000392	50.355	282	129	4	442	713	3	283	1.42e-98	302
LACPHIAI_02555	MER0022823	55.224	268	112	6	442	702	3	269	6.98e-96	295
LACPHIAI_02555	MER0015621	51.079	278	118	4	442	702	13	289	1.49e-95	295
LACPHIAI_02555	MER0005694	53.184	267	123	2	437	702	8	273	3.56e-94	291
LACPHIAI_02555	MER0011450	51.292	271	120	5	442	702	3	271	1.52e-88	276
LACPHIAI_02555	MER0981959	48.029	279	124	6	442	702	2	277	2.24e-86	270
LACPHIAI_02555	MER0079308	48.872	266	131	5	445	707	6	269	8.56e-85	266
LACPHIAI_02555	MER0002490	45.455	286	130	5	442	702	13	297	8.91e-85	267
LACPHIAI_02555	MER0325901	44.161	274	147	6	442	710	1	273	1.10e-69	226
LACPHIAI_02555	MER0000398	45.946	259	126	8	447	704	5	250	1.12e-61	204
LACPHIAI_02555	MER0003229	36.567	268	161	6	442	707	11	271	4.96e-48	167
LACPHIAI_02555	MER0000410	31.579	266	178	2	442	704	13	277	9.62e-44	156
LACPHIAI_02555	MER0011872	31.618	272	177	6	444	708	15	284	2.93e-32	123
LACPHIAI_02555	MER0082498	28.517	263	162	7	447	683	1	263	4.44e-27	108
LACPHIAI_02555	MER0082653	28.000	250	157	9	456	683	16	264	5.34e-23	96.7
LACPHIAI_02555	MER0004227	29.146	199	138	1	456	651	33	231	6.15e-23	97.1
LACPHIAI_02555	MER0001920	26.923	234	148	8	481	702	21	243	6.65e-08	51.2
LACPHIAI_02555	MER0003558	20.909	220	163	2	434	653	3	211	1.12e-06	47.4
LACPHIAI_02555	MER0005807	21.757	239	176	5	449	687	34	261	2.30e-06	46.6
