OADFNHNG_00006	MER0001025	45.541	314	140	8	277	587	33	318	5.80e-66	221
OADFNHNG_00006	MER0001026	44.785	326	150	10	264	587	18	315	5.30e-65	218
OADFNHNG_00006	MER0029719	40.181	331	157	7	263	587	11	306	1.70e-57	197
OADFNHNG_00006	MER0004744	38.953	344	168	11	258	587	5	320	2.82e-47	168
OADFNHNG_00006	MER0001029	33.841	328	187	7	264	587	13	314	1.45e-46	166
OADFNHNG_00006	MER0001032	40.230	261	120	8	323	581	71	297	4.22e-44	159
OADFNHNG_00006	MER0002103	35.866	329	164	12	272	587	26	320	2.21e-41	151
OADFNHNG_00006	MER0029961	33.696	368	196	14	248	587	4	351	1.51e-37	141
OADFNHNG_00006	MER0004711	36.965	257	127	7	323	576	66	290	2.01e-37	139
OADFNHNG_00006	MER0001047	32.492	317	169	11	275	587	31	306	7.07e-37	138
OADFNHNG_00006	MER0002810	29.874	318	169	10	284	588	40	316	1.55e-27	111
OADFNHNG_00006	MER0033481	29.930	284	159	8	318	587	67	324	2.71e-27	110
OADFNHNG_00006	MER0001045	29.231	260	148	8	332	579	82	317	1.20e-25	105
OADFNHNG_00006	MER0115298	28.731	268	153	8	332	587	49	290	5.14e-24	100
OADFNHNG_00006	MER0001043	33.784	222	104	8	371	587	114	297	3.44e-23	97.8
OADFNHNG_00006	MER0001039	31.621	253	129	8	321	567	82	296	8.75e-23	97.1
OADFNHNG_00006	MER0029943	32.584	267	130	11	325	587	70	290	1.27e-22	96.3
OADFNHNG_00006	MER0029796	30.547	311	161	12	277	587	42	297	3.29e-22	95.1
OADFNHNG_00006	MER0091601	32.461	191	104	7	332	510	49	226	8.64e-22	93.6
OADFNHNG_00006	MER0001024	36.810	163	77	6	352	512	96	234	7.08e-20	88.2
OADFNHNG_00006	MER0020240	28.929	280	147	10	315	587	63	297	1.29e-16	78.6
OADFNHNG_00022	MER0011464	31.884	207	133	5	100	302	44	246	2.85e-30	117
OADFNHNG_00022	MER0029965	29.952	207	138	5	101	304	50	252	4.91e-27	107
OADFNHNG_00022	MER0011461	29.952	207	136	5	100	302	46	247	7.04e-27	107
OADFNHNG_00022	MER0015338	29.412	204	136	5	98	297	49	248	1.08e-26	107
OADFNHNG_00022	MER0030257	30.159	189	126	4	115	301	64	248	5.07e-24	99.0
OADFNHNG_00022	MER0038831	31.579	190	124	4	115	302	64	249	9.05e-24	98.2
OADFNHNG_00022	MER0015688	31.401	207	134	4	101	304	57	258	1.78e-23	97.8
OADFNHNG_00022	MER0011487	29.327	208	139	5	100	303	47	250	2.48e-23	97.1
OADFNHNG_00022	MER0011462	28.293	205	139	5	101	301	48	248	6.72e-23	95.9
OADFNHNG_00022	MER0038832	29.327	208	139	5	100	303	47	250	1.00e-22	95.5
OADFNHNG_00022	MER0038822	29.612	206	137	5	100	301	9	210	1.62e-21	90.9
OADFNHNG_00022	MER0038833	29.612	206	137	5	100	301	47	248	6.69e-21	90.1
OADFNHNG_00022	MER0001911	28.571	210	140	7	98	305	38	239	1.87e-19	85.5
OADFNHNG_00022	MER0005158	32.057	209	130	6	101	302	51	254	3.38e-19	85.1
OADFNHNG_00022	MER0038830	34.483	87	55	1	115	201	64	148	5.01e-09	54.3
OADFNHNG_00022	MER0002161	30.508	177	106	7	37	210	13	175	3.29e-08	52.8
OADFNHNG_00069	MER0014135	43.284	268	152	0	184	451	1	268	9.84e-78	240
OADFNHNG_00069	MER0003359	25.926	108	78	2	347	452	115	222	2.79e-07	48.1
OADFNHNG_00069	MER0017402	27.826	115	75	3	337	448	80	189	3.13e-06	45.1
OADFNHNG_00069	MER0026213	27.451	102	65	2	327	427	131	224	4.22e-06	45.1
OADFNHNG_00075	MER0003327	49.083	218	107	3	2	219	1	214	2.41e-65	211
OADFNHNG_00075	MER0012158	38.393	336	136	10	2	267	1	335	1.17e-58	197
OADFNHNG_00075	MER0185695	41.964	224	117	4	2	217	1	219	6.66e-49	167
OADFNHNG_00075	MER0003350	43.689	206	95	6	2	186	1	206	1.59e-44	154
OADFNHNG_00075	MER0003322	40.291	206	99	7	2	183	1	206	3.75e-38	137
OADFNHNG_00075	MER0011781	30.994	171	110	5	2	169	1	166	2.42e-15	72.8
OADFNHNG_00075	MER0011806	31.159	138	88	3	2	135	1	135	4.39e-14	69.3
OADFNHNG_00075	MER0004101	31.159	138	88	3	2	135	1	135	2.25e-13	67.0
OADFNHNG_00075	MER0003314	29.605	152	95	4	2	142	1	151	2.18e-11	61.6
OADFNHNG_00085	MER0264123	22.840	324	179	12	23	281	9	326	4.39e-13	65.9
OADFNHNG_00085	MER0105341	24.085	328	172	15	22	282	15	332	1.29e-07	49.3
