KFBMEIBC_00014	MER0044357	26.126	222	131	8	8	200	34	251	5.35e-17	78.2
KFBMEIBC_00014	MER0044357	31.148	122	73	3	209	326	340	454	6.18e-11	59.7
KFBMEIBC_00021	MER0001289	28.421	190	119	4	298	480	92	271	2.46e-10	58.2
KFBMEIBC_00021	MER0194228	28.421	190	119	4	298	480	16	195	2.86e-10	56.6
KFBMEIBC_00021	MER0100667	27.397	219	134	7	249	464	15	211	4.31e-10	56.6
KFBMEIBC_00021	MER0002161	25.806	217	113	8	293	480	87	284	8.01e-07	47.4
KFBMEIBC_00078	MER0001295	43.548	186	91	4	376	557	3	178	1.69e-45	157
KFBMEIBC_00078	MER0003514	35.165	182	97	5	374	554	1	162	1.98e-21	89.0
KFBMEIBC_00078	MER0003413	38.532	109	66	1	408	516	27	134	9.07e-21	87.0
KFBMEIBC_00078	MER0001425	33.766	154	87	4	406	556	29	170	2.91e-20	85.9
KFBMEIBC_00078	MER0001297	32.927	164	92	5	396	558	15	161	4.51e-20	85.1
KFBMEIBC_00078	MER0003065	35.526	152	83	4	405	554	24	162	4.06e-19	82.4
KFBMEIBC_00078	MER0015684	38.843	121	70	3	397	515	16	134	1.54e-17	77.8
KFBMEIBC_00078	MER0004196	31.847	157	94	3	400	554	19	164	1.97e-16	74.7
KFBMEIBC_00078	MER0005714	30.496	141	83	5	397	524	16	154	4.98e-13	65.1
KFBMEIBC_00078	MER0004195	30.488	164	98	6	399	558	18	169	1.03e-11	60.8
KFBMEIBC_00082	MER0004035	40.000	115	62	3	45	158	3	111	2.44e-25	90.9
KFBMEIBC_00082	MER0002443	40.179	112	62	2	49	159	10	117	3.44e-23	85.5
KFBMEIBC_00082	MER0003986	33.884	121	74	3	40	158	1	117	1.07e-16	68.9
KFBMEIBC_00082	MER0004054	32.308	130	75	6	36	160	1	122	5.93e-16	67.0
KFBMEIBC_00082	MER0003807	36.283	113	65	4	49	159	10	117	6.85e-14	61.6
KFBMEIBC_00082	MER0024252	37.349	83	46	2	52	134	14	90	1.97e-11	55.5
KFBMEIBC_00082	MER0002450	31.092	119	74	5	40	158	1	111	7.54e-11	53.5
KFBMEIBC_00082	MER0014188	36.145	83	43	3	40	119	1	76	1.52e-10	52.8
KFBMEIBC_00082	MER0377178	35.135	111	64	5	40	150	1	103	1.87e-10	52.4
KFBMEIBC_00082	MER0031199	40.678	59	35	0	56	114	1	59	2.01e-10	51.2
KFBMEIBC_00082	MER0003805	27.273	121	76	5	40	158	1	111	2.08e-10	52.4
KFBMEIBC_00082	MER0003808	29.060	117	71	5	40	154	1	107	3.62e-10	51.6
KFBMEIBC_00082	MER0377310	32.432	111	67	5	40	150	1	103	3.77e-10	51.6
KFBMEIBC_00082	MER0377307	32.432	111	67	5	40	150	1	103	3.77e-10	51.6
KFBMEIBC_00082	MER0014672	28.947	114	65	2	40	137	1	114	4.69e-09	48.9
KFBMEIBC_00082	MER0376722	31.429	105	60	5	40	142	1	95	6.62e-09	47.8
KFBMEIBC_00082	MER0377450	29.762	84	52	3	40	121	1	79	8.96e-08	44.7
