KFJDFFLF_00074	MER0039456	62.802	207	77	0	494	700	1	207	2.77e-87	274
KFJDFFLF_00074	MER0195774	34.078	179	113	3	42	217	1	177	1.85e-24	98.2
KFJDFFLF_00074	MER0003448	26.214	206	148	2	42	245	2	205	2.21e-19	85.1
KFJDFFLF_00074	MER0390687	28.571	168	116	2	49	214	1	166	1.69e-17	77.8
KFJDFFLF_00074	MER0001233	27.358	212	146	3	41	244	1	212	1.99e-17	79.7
KFJDFFLF_00074	MER0043985	25.974	231	164	4	42	267	2	230	2.25e-17	79.3
KFJDFFLF_00074	MER0001229	26.214	206	148	2	42	245	2	205	2.95e-17	78.6
KFJDFFLF_00074	MER0001214	34.400	125	77	2	42	163	26	148	1.67e-13	67.0
KFJDFFLF_00074	MER0003543	24.390	205	150	3	42	244	2	203	2.08e-13	67.4
KFJDFFLF_00074	MER0002345	28.415	183	119	4	42	214	26	206	2.08e-13	67.4
KFJDFFLF_00074	MER0122186	28.729	181	114	5	42	214	22	195	3.00e-13	66.6
KFJDFFLF_00074	MER0003823	26.601	203	134	5	31	220	12	212	5.21e-13	66.2
KFJDFFLF_00074	MER0015090	22.816	206	154	4	42	245	2	204	6.55e-13	66.2
KFJDFFLF_00074	MER0004423	27.329	161	112	3	78	238	33	188	6.95e-13	65.9
KFJDFFLF_00074	MER0002283	28.500	200	127	6	33	220	17	212	1.53e-12	64.7
KFJDFFLF_00074	MER0002008	26.904	197	119	6	42	225	2	186	1.90e-12	65.1
KFJDFFLF_00074	MER0014333	26.728	217	147	7	59	265	20	234	9.47e-12	63.2
KFJDFFLF_00074	MER0003386	28.962	183	118	4	42	214	26	206	1.27e-11	62.0
KFJDFFLF_00074	MER0002423	27.513	189	125	4	42	220	26	212	1.79e-11	61.6
KFJDFFLF_00074	MER0011744	37.805	82	48	1	42	120	26	107	7.35e-11	59.7
KFJDFFLF_00074	MER0026957	27.545	167	117	2	66	230	21	185	1.22e-10	59.3
KFJDFFLF_00074	MER0011096	37.805	82	48	1	42	120	26	107	1.33e-10	58.9
KFJDFFLF_00074	MER0015259	36.585	82	49	1	42	120	26	107	2.19e-10	58.5
KFJDFFLF_00074	MER0169735	27.225	191	116	8	42	217	16	198	6.45e-10	56.6
KFJDFFLF_00074	MER0001220	25.556	180	122	3	78	247	20	197	6.74e-10	57.0
KFJDFFLF_00074	MER0001222	30.851	188	105	10	42	214	26	203	1.02e-09	56.2
KFJDFFLF_00074	MER0001218	30.894	123	80	2	42	161	26	146	1.24e-09	56.2
KFJDFFLF_00074	MER0188967	23.322	283	185	9	78	336	3	277	2.51e-08	53.9
KFJDFFLF_00074	MER0001223	24.342	152	87	4	34	170	2	140	1.28e-07	49.7
KFJDFFLF_00074	MER0001219	24.490	196	129	7	42	220	26	219	1.39e-07	50.1
KFJDFFLF_00074	MER0011292	24.664	223	139	6	20	215	3	223	1.48e-07	50.1
KFJDFFLF_00074	MER0021876	25.806	186	126	6	42	221	1	180	4.09e-07	48.5
KFJDFFLF_00074	MER0014056	23.723	274	168	10	78	316	6	273	8.15e-07	49.3
KFJDFFLF_00076	MER0002639	45.029	171	90	1	83	253	10	176	2.37e-47	153
KFJDFFLF_00076	MER0002642	43.636	165	89	1	83	247	10	170	4.01e-42	139
KFJDFFLF_00076	MER0042387	28.144	167	107	4	89	250	22	180	2.73e-12	60.8
KFJDFFLF_00076	MER0026545	21.296	216	144	7	54	250	59	267	3.03e-08	50.4
KFJDFFLF_00076	MER0017394	51.429	35	17	0	104	138	33	67	3.38e-06	43.5
KFJDFFLF_00076	MER0031491	26.667	165	106	5	96	250	29	188	7.19e-06	42.4
KFJDFFLF_00104	MER0014366	37.518	709	408	9	18	710	23	712	1.09e-154	462
KFJDFFLF_00104	MER0039993	36.835	714	407	13	23	710	1	696	2.26e-150	451
KFJDFFLF_00104	MER0217397	32.948	692	433	10	37	710	1	679	1.03e-126	389
KFJDFFLF_00104	MER0501051	37.165	261	155	6	21	277	2	257	1.58e-49	176
KFJDFFLF_00104	MER0501051	42.581	155	83	2	557	711	253	401	1.45e-33	130
KFJDFFLF_00140	MER0001421	50.129	389	191	3	26	413	4	390	4.36e-137	395
KFJDFFLF_00140	MER0028941	25.592	422	238	13	13	415	1	365	1.51e-22	95.1
KFJDFFLF_00140	MER0369336	28.169	284	179	7	140	411	39	309	1.27e-18	82.8
KFJDFFLF_00164	MER0036308	27.568	185	108	7	317	485	38	212	2.09e-11	61.2
KFJDFFLF_00164	MER0002755	26.738	187	117	5	306	477	19	200	4.59e-09	53.5
KFJDFFLF_00164	MER0011345	25.000	200	107	6	304	484	42	217	1.59e-06	46.6
KFJDFFLF_00179	MER0004954	49.495	99	50	0	37	135	27	125	5.91e-30	103
KFJDFFLF_00179	MER0004953	45.600	125	57	4	12	135	16	130	1.32e-28	103
