DFFLKIJA_00089	MER0039456	49.029	206	105	0	495	700	1	206	3.72e-63	209
DFFLKIJA_00089	MER0195774	35.754	179	110	3	43	218	1	177	5.96e-27	105
DFFLKIJA_00089	MER0003448	28.708	209	145	2	43	249	2	208	2.73e-20	87.8
DFFLKIJA_00089	MER0390687	29.560	159	108	2	59	215	10	166	2.46e-16	74.3
DFFLKIJA_00089	MER0001233	28.230	209	132	6	42	237	1	204	1.38e-14	71.2
DFFLKIJA_00089	MER0122186	29.444	180	114	6	43	215	22	195	2.59e-14	69.7
DFFLKIJA_00089	MER0043985	25.322	233	163	5	43	268	2	230	7.05e-14	68.9
DFFLKIJA_00089	MER0001229	25.962	208	146	4	43	246	2	205	8.87e-14	68.6
DFFLKIJA_00089	MER0003543	24.510	204	149	3	43	244	2	202	9.26e-14	68.6
DFFLKIJA_00089	MER0004423	30.719	153	101	3	79	231	33	180	1.49e-13	67.8
DFFLKIJA_00089	MER0015090	23.786	206	152	4	43	246	2	204	7.08e-13	65.9
DFFLKIJA_00089	MER0002008	28.646	192	122	5	43	226	2	186	2.08e-12	64.7
DFFLKIJA_00089	MER0003386	33.514	185	107	7	43	215	26	206	2.15e-12	64.3
DFFLKIJA_00089	MER0003823	25.701	214	144	5	21	221	1	212	2.41e-12	63.9
DFFLKIJA_00089	MER0002283	28.272	191	121	6	43	221	26	212	9.12e-12	62.4
DFFLKIJA_00089	MER0026957	29.630	162	110	2	67	226	21	180	1.31e-11	62.0
DFFLKIJA_00089	MER0001214	32.847	137	84	3	34	164	14	148	1.38e-11	61.6
DFFLKIJA_00089	MER0014333	27.751	209	139	7	68	266	28	234	1.60e-10	59.3
DFFLKIJA_00089	MER0002345	26.776	183	122	4	43	215	26	206	2.69e-10	58.2
DFFLKIJA_00089	MER0188967	24.242	363	225	15	79	406	3	350	7.36e-10	58.9
DFFLKIJA_00089	MER0011744	36.585	82	49	1	43	121	26	107	2.70e-09	55.1
DFFLKIJA_00089	MER0011096	36.585	82	49	1	43	121	26	107	3.78e-09	54.7
DFFLKIJA_00089	MER0001220	24.865	185	120	6	79	247	20	201	1.83e-08	52.8
DFFLKIJA_00089	MER0015259	34.146	82	51	1	43	121	26	107	2.16e-08	52.4
DFFLKIJA_00089	MER0021876	26.316	190	120	7	43	222	1	180	5.54e-08	50.8
DFFLKIJA_00089	MER0001218	28.455	123	83	2	43	162	26	146	6.20e-08	51.2
DFFLKIJA_00089	MER0002423	25.397	189	129	4	43	221	26	212	1.38e-07	50.1
DFFLKIJA_00089	MER0237414	23.243	185	128	4	520	697	24	201	1.74e-07	50.1
DFFLKIJA_00089	MER0001222	24.444	180	127	3	43	215	26	203	4.24e-07	48.5
DFFLKIJA_00089	MER0001219	25.000	132	87	3	43	164	26	155	6.74e-07	48.1
DFFLKIJA_00089	MER0001223	22.628	137	101	2	39	172	6	140	7.49e-07	47.4
DFFLKIJA_00089	MER0011292	23.810	210	122	8	39	215	22	226	2.30e-06	46.6
DFFLKIJA_00089	MER0169735	25.926	189	121	7	43	218	16	198	2.35e-06	46.2
DFFLKIJA_00099	MER0004090	28.814	413	240	13	608	994	1	385	1.25e-33	130
DFFLKIJA_00099	MER0035017	26.005	423	243	14	616	995	1	396	2.85e-33	130
DFFLKIJA_00099	MER0003800	29.897	388	226	12	606	970	6	370	1.35e-28	116
DFFLKIJA_00099	MER0354941	26.190	210	119	6	632	828	11	197	2.69e-07	48.9
DFFLKIJA_00099	MER0011700	25.279	269	162	13	625	881	12	253	2.13e-06	47.8
DFFLKIJA_00203	MER0001380	33.582	134	77	5	31	154	5	136	4.92e-16	73.9
DFFLKIJA_00203	MER0000437	31.818	132	76	4	31	150	8	137	5.19e-14	68.2
DFFLKIJA_00203	MER0003537	33.000	100	59	3	53	148	27	122	1.99e-13	66.2
DFFLKIJA_00203	MER0025512	35.965	114	65	3	36	146	36	144	2.52e-13	65.9
DFFLKIJA_00203	MER0000431	31.333	150	94	5	30	176	12	155	3.03e-12	62.8
DFFLKIJA_00203	MER0031617	22.768	224	150	8	45	256	30	242	7.07e-12	61.6
DFFLKIJA_00203	MER0000436	33.333	102	64	2	51	148	25	126	4.37e-11	59.3
DFFLKIJA_00203	MER0014065	25.157	159	100	4	23	178	6	148	5.53e-09	53.1
DFFLKIJA_00203	MER0030163	25.743	202	134	7	60	254	43	235	7.13e-09	52.8
DFFLKIJA_00203	MER0031616	31.959	97	58	2	55	148	48	139	6.04e-08	50.1
DFFLKIJA_00203	MER0011785	30.508	118	69	4	36	146	23	134	6.85e-08	49.7
DFFLKIJA_00203	MER0011509	40.000	70	39	1	82	148	69	138	9.29e-08	49.3
DFFLKIJA_00203	MER0035038	24.138	232	152	6	72	286	51	275	1.72e-06	45.4
DFFLKIJA_00203	MER0036114	24.060	133	92	4	30	154	21	152	2.22e-06	45.1
DFFLKIJA_00203	MER0031618	25.806	124	85	3	30	146	12	135	6.21e-06	43.5
DFFLKIJA_00203	MER0017177	19.512	123	97	2	30	151	15	136	8.45e-06	43.5
