EEEKJMPO_00014	MER0006204	22.278	395	241	15	27	383	11	377	1.56e-18	83.2
EEEKJMPO_00014	MER0122661	25.141	354	221	11	29	368	6	329	1.93e-18	82.4
EEEKJMPO_00014	MER0026262	28.223	287	164	13	29	300	9	268	4.14e-18	81.6
EEEKJMPO_00014	MER0004090	23.841	302	189	11	32	303	19	309	6.74e-18	81.3
EEEKJMPO_00014	MER0003802	27.368	190	112	5	39	224	17	184	3.80e-12	63.5
EEEKJMPO_00014	MER0219770	27.879	165	100	5	58	217	37	187	1.84e-11	61.2
EEEKJMPO_00014	MER0354941	22.632	190	124	6	41	215	14	195	9.14e-11	57.8
EEEKJMPO_00014	MER0002489	24.793	242	150	8	56	287	46	265	1.58e-10	58.5
EEEKJMPO_00014	MER1143079	26.404	178	104	6	39	212	12	166	2.06e-10	57.8
EEEKJMPO_00014	MER0005925	27.211	147	100	4	66	209	47	189	5.69e-10	57.0
EEEKJMPO_00014	MER0140154	23.616	271	149	11	42	275	6	255	1.35e-09	55.8
EEEKJMPO_00014	MER0028284	27.215	158	94	5	70	222	49	190	1.44e-09	55.8
EEEKJMPO_00014	MER0011700	25.483	259	141	12	38	268	18	252	2.33e-09	55.1
EEEKJMPO_00014	MER0005836	38.542	96	45	6	127	215	112	200	2.42e-09	54.3
EEEKJMPO_00014	MER0003800	21.549	297	185	13	41	303	34	316	3.09e-09	55.1
EEEKJMPO_00014	MER0015683	23.864	176	115	6	44	214	45	206	9.36e-08	49.7
EEEKJMPO_00014	MER0000463	21.198	217	152	6	38	253	18	216	1.51e-07	49.7
EEEKJMPO_00055	MER0000576	43.478	115	64	1	33	147	1	114	2.00e-33	111
EEEKJMPO_00055	MER0000569	37.719	114	69	2	33	145	1	113	1.48e-17	70.5
EEEKJMPO_00055	MER0006172	38.028	71	44	0	55	125	2	72	1.38e-09	48.9
EEEKJMPO_00085	MER0002007	39.523	377	203	9	46	418	18	373	1.21e-77	243
EEEKJMPO_00085	MER0002013	37.056	394	225	7	49	438	21	395	4.87e-76	239
EEEKJMPO_00085	MER0002655	34.177	395	228	10	46	436	10	376	5.34e-67	216
EEEKJMPO_00085	MER0005155	34.896	384	226	8	46	424	11	375	1.89e-66	214
EEEKJMPO_00085	MER0002659	33.668	398	236	10	46	438	18	392	2.02e-64	209
EEEKJMPO_00085	MER0002014	34.673	398	228	12	46	436	18	390	5.13e-64	208
EEEKJMPO_00085	MER0003770	34.015	391	223	11	45	429	5	366	2.53e-58	192
EEEKJMPO_00085	MER0005173	29.551	379	237	9	48	421	4	357	1.27e-50	172
EEEKJMPO_00085	MER0005163	47.953	171	71	5	46	215	9	162	8.91e-43	148
EEEKJMPO_00085	MER0005163	38.095	63	33	2	376	436	206	264	1.30e-06	46.6
EEEKJMPO_00085	MER0003815	42.162	185	91	4	46	230	18	186	1.10e-36	133
EEEKJMPO_00085	MER0003815	33.333	99	64	2	342	440	202	298	1.38e-09	55.8
EEEKJMPO_00085	MER0015354	38.947	190	100	4	46	235	18	191	1.94e-33	124
EEEKJMPO_00085	MER0003581	27.684	354	231	9	88	435	1	335	5.58e-26	104
EEEKJMPO_00085	MER0002664	36.585	164	80	6	46	209	8	147	4.15e-21	89.7
EEEKJMPO_00085	MER0014418	29.268	164	78	6	47	202	19	152	1.47e-08	53.1
EEEKJMPO_00089	MER0045479	29.487	234	134	7	45	271	32	241	6.49e-21	86.7
EEEKJMPO_00089	MER0036038	29.237	236	136	9	43	271	30	241	5.84e-19	81.3
EEEKJMPO_00089	MER0031565	28.390	236	138	7	43	271	30	241	6.45e-19	81.3
EEEKJMPO_00089	MER0036036	25.862	232	141	7	46	269	33	241	8.35e-15	69.7
EEEKJMPO_00089	MER0031569	24.786	234	144	10	45	269	28	238	5.10e-11	58.5
EEEKJMPO_00094	MER0011781	24.912	285	148	14	38	320	17	237	7.17e-10	56.6
EEEKJMPO_00139	MER0059846	31.000	300	198	6	6	299	16	312	1.58e-38	136
EEEKJMPO_00139	MER0199690	23.962	313	212	9	10	298	1	311	1.80e-20	87.0
EEEKJMPO_00139	MER0214074	26.857	175	114	4	138	298	7	181	2.37e-17	75.9
