LNPDHCGN_00004	MER0017142	24.434	221	138	9	73	272	2	214	9.55e-06	42.7
LNPDHCGN_00009	MER0026545	33.498	203	117	5	64	259	77	268	9.33e-33	118
LNPDHCGN_00009	MER0042387	32.143	168	103	4	90	254	17	176	4.84e-28	103
LNPDHCGN_00009	MER0026552	36.905	168	87	3	85	248	6	158	6.62e-28	102
LNPDHCGN_00009	MER0026496	26.616	263	170	6	9	259	20	271	2.66e-24	95.5
LNPDHCGN_00009	MER0031491	29.518	166	110	3	93	253	20	183	1.04e-21	86.7
LNPDHCGN_00009	MER0002642	27.108	166	115	4	95	260	16	175	9.99e-13	62.0
LNPDHCGN_00009	MER0002639	28.125	160	107	4	95	253	16	168	2.06e-08	49.7
LNPDHCGN_00017	MER0000485	50.420	238	117	1	572	808	1	238	1.71e-73	237
LNPDHCGN_00017	MER0000495	43.902	246	129	1	572	808	1	246	3.75e-62	207
LNPDHCGN_00017	MER0003442	47.847	209	98	3	604	805	17	221	2.37e-56	190
LNPDHCGN_00017	MER0000488	43.830	235	120	4	572	800	1	229	4.94e-55	186
LNPDHCGN_00017	MER0011056	46.729	214	102	4	600	805	12	221	2.37e-54	184
LNPDHCGN_00017	MER0003443	47.500	200	99	3	604	797	21	220	2.65e-54	184
LNPDHCGN_00017	MER0011057	46.759	216	103	4	598	805	10	221	1.51e-53	182
LNPDHCGN_00017	MER0014970	37.634	279	129	3	572	805	1	279	3.01e-53	184
LNPDHCGN_00017	MER0004236	49.143	175	87	1	627	801	85	257	7.74e-48	167
LNPDHCGN_00017	MER0000496	41.584	202	113	1	593	789	76	277	1.32e-44	160
LNPDHCGN_00017	MER0108906	38.983	236	137	2	572	805	1	231	7.56e-41	147
LNPDHCGN_00017	MER0005837	37.668	223	116	5	573	777	2	219	1.65e-39	144
LNPDHCGN_00017	MER0026213	33.775	151	97	1	658	808	111	258	1.47e-22	95.1
LNPDHCGN_00017	MER0017402	34.973	183	107	5	630	807	28	203	1.52e-19	85.1
LNPDHCGN_00017	MER0003859	33.117	154	96	4	652	805	79	225	4.26e-16	75.5
LNPDHCGN_00017	MER0003359	33.880	183	109	5	630	805	45	222	1.67e-14	70.9
LNPDHCGN_00017	MER0017403	31.624	117	69	2	658	766	54	167	1.93e-07	49.7
LNPDHCGN_00017	MER0000491	27.027	111	78	1	668	778	5	112	1.22e-06	47.0
LNPDHCGN_00017	MER0003018	45.833	48	26	0	710	757	113	160	4.62e-06	45.4
LNPDHCGN_00025	MER0016191	29.452	292	186	8	58	335	4	289	8.60e-36	128
LNPDHCGN_00025	MER0016172	27.113	284	192	7	60	332	6	285	7.91e-19	82.4
LNPDHCGN_00025	MER0016185	24.919	309	188	9	62	333	11	312	2.76e-12	63.5
LNPDHCGN_00072	MER0004154	22.652	362	233	7	31	368	3	341	7.97e-17	78.6
LNPDHCGN_00072	MER0026262	25.309	324	219	10	39	346	11	327	8.25e-17	78.6
LNPDHCGN_00072	MER0028284	24.545	330	200	12	39	345	11	314	2.79e-16	76.6
LNPDHCGN_00072	MER1143079	28.470	281	157	10	51	322	17	262	7.95e-16	74.7
LNPDHCGN_00072	MER0002489	26.224	286	183	8	53	323	32	304	3.87e-15	73.6
LNPDHCGN_00072	MER0011700	25.723	311	185	12	73	345	46	348	4.71e-13	67.4
LNPDHCGN_00072	MER0000463	24.000	200	122	6	38	233	10	183	6.12e-13	66.6
LNPDHCGN_00072	MER0219770	23.789	227	141	6	77	293	48	252	3.46e-12	63.9
LNPDHCGN_00072	MER0017069	23.939	330	207	13	38	347	4	309	5.81e-11	60.5
LNPDHCGN_00072	MER0004090	31.515	165	94	6	73	231	60	211	3.59e-09	55.1
LNPDHCGN_00072	MER0000459	24.242	264	168	8	49	295	28	276	5.41e-09	54.7
LNPDHCGN_00072	MER0003802	25.974	231	136	11	51	273	22	225	1.60e-08	52.8
LNPDHCGN_00075	MER0014140	30.233	86	52	3	154	234	195	277	1.52e-06	47.0
