DOHHOCPA_00034	MER0011700	25.648	347	224	11	35	353	7	347	1.10e-17	81.3
DOHHOCPA_00034	MER0006204	25.121	207	139	7	36	232	12	212	2.24e-12	65.1
DOHHOCPA_00034	MER0026262	24.535	269	168	9	35	284	7	259	3.75e-12	64.3
DOHHOCPA_00034	MER0005925	24.272	206	134	5	34	228	7	201	4.05e-12	64.3
DOHHOCPA_00034	MER0140154	25.490	204	130	6	44	233	1	196	5.06e-11	60.8
DOHHOCPA_00034	MER0000457	23.265	245	146	11	40	269	17	234	7.27e-11	60.5
DOHHOCPA_00034	MER1143079	24.422	303	191	12	46	345	10	277	8.01e-11	59.7
DOHHOCPA_00034	MER0219770	24.623	199	129	5	35	224	1	187	1.20e-10	59.3
DOHHOCPA_00034	MER0005964	27.854	219	111	11	80	271	56	254	4.22e-10	58.2
DOHHOCPA_00034	MER0004154	24.242	231	153	9	46	271	18	231	1.27e-09	56.6
DOHHOCPA_00034	MER0003802	27.016	248	142	12	34	271	6	224	2.25e-09	55.5
DOHHOCPA_00034	MER0002489	27.545	167	109	5	59	222	39	196	2.34e-09	55.8
DOHHOCPA_00034	MER0356183	26.033	242	143	12	56	276	8	234	4.37e-09	53.9
DOHHOCPA_00034	MER0017069	26.882	186	125	4	39	222	5	181	1.24e-08	53.1
DOHHOCPA_00034	MER0028284	24.638	207	127	7	32	229	4	190	1.44e-08	53.1
DOHHOCPA_00034	MER0000459	23.158	190	129	6	45	228	24	202	2.62e-07	49.3
DOHHOCPA_00034	MER0003800	23.304	339	213	15	34	335	17	345	3.89e-07	48.9
DOHHOCPA_00034	MER0122661	24.016	254	174	8	48	296	18	257	7.08e-07	47.8
DOHHOCPA_00034	MER0192873	27.143	210	125	10	83	274	3	202	2.68e-06	45.4
DOHHOCPA_00034	MER0354941	26.203	187	127	5	45	222	11	195	5.82e-06	43.9
DOHHOCPA_00077	MER0437468	38.218	348	200	5	198	531	1	347	3.60e-75	239
DOHHOCPA_00077	MER0065554	43.137	255	134	3	290	534	9	262	1.49e-68	219
DOHHOCPA_00077	MER0436717	33.000	400	201	7	198	534	1	396	1.75e-58	196
DOHHOCPA_00077	MER0031278	27.976	168	92	7	374	535	103	247	4.73e-10	57.0
DOHHOCPA_00078	MER0492485	30.000	160	109	2	29	188	11	167	2.17e-17	72.8
DOHHOCPA_00079	MER0014135	42.966	263	150	0	181	443	1	263	2.06e-79	244
DOHHOCPA_00087	MER0019759	26.339	224	142	12	362	568	12	229	1.34e-10	59.3
DOHHOCPA_00087	MER0091680	26.238	202	132	8	378	566	20	217	3.10e-08	52.0
DOHHOCPA_00087	MER0002746	24.771	218	140	10	362	561	12	223	5.21e-08	51.6
DOHHOCPA_00087	MER0001010	25.490	204	123	11	378	561	8	202	3.87e-06	45.4
