BPMFJAFB_00033	MER0001149	30.357	672	413	15	60	687	17	677	1.30e-93	301
BPMFJAFB_00033	MER0108144	29.341	668	431	17	54	686	1	662	7.33e-82	270
BPMFJAFB_00033	MER0001161	27.729	678	464	11	35	687	3	679	1.40e-80	266
BPMFJAFB_00033	MER0001942	30.151	597	392	10	108	686	87	676	4.65e-79	263
BPMFJAFB_00033	MER0001153	29.580	666	416	18	63	687	40	693	2.70e-75	253
BPMFJAFB_00033	MER0006087	27.656	593	389	13	132	686	108	698	1.55e-67	232
BPMFJAFB_00033	MER0079465	26.498	634	438	12	80	686	2	634	7.07e-66	226
BPMFJAFB_00033	MER0003110	26.977	708	427	20	51	686	26	715	4.41e-61	214
BPMFJAFB_00033	MER0015119	26.733	606	384	17	132	686	120	716	3.92e-60	212
BPMFJAFB_00033	MER0015170	25.907	579	401	9	114	683	68	627	1.91e-59	208
BPMFJAFB_00033	MER0001158	24.376	681	480	15	35	686	3	677	1.04e-55	198
BPMFJAFB_00033	MER0001156	23.869	641	422	21	89	674	66	695	1.78e-35	139
BPMFJAFB_00042	MER0095620	38.674	362	193	7	35	371	3	360	2.19e-78	242
BPMFJAFB_00042	MER0003535	25.464	377	221	12	31	363	54	414	5.63e-15	72.8
BPMFJAFB_00042	MER0000728	21.867	375	237	14	30	363	52	411	2.39e-12	64.7
BPMFJAFB_00042	MER0002481	21.588	403	248	18	11	360	37	424	9.02e-10	56.6
BPMFJAFB_00042	MER0002628	23.016	378	230	13	31	363	54	415	3.04e-09	55.1
BPMFJAFB_00042	MER0003534	22.980	396	241	14	11	360	34	411	4.73e-09	54.3
BPMFJAFB_00042	MER0045758	51.351	37	18	0	35	71	15	51	3.32e-06	44.7
BPMFJAFB_00042	MER0002332	34.615	78	39	1	35	112	15	80	5.13e-06	43.9
BPMFJAFB_00042	MER0030145	48.649	37	19	0	35	71	14	50	6.51e-06	41.2
BPMFJAFB_00050	MER0001158	32.994	688	444	12	40	719	1	679	1.50e-124	383
BPMFJAFB_00050	MER0001161	30.133	677	450	14	55	717	11	678	1.92e-94	305
BPMFJAFB_00050	MER0006087	29.337	709	450	22	40	717	10	698	1.28e-87	287
BPMFJAFB_00050	MER0015119	27.642	738	447	24	40	717	6	716	2.74e-76	257
BPMFJAFB_00050	MER0001149	26.553	644	430	16	98	720	58	679	5.79e-63	219
BPMFJAFB_00050	MER0108144	27.762	688	437	25	63	717	2	662	4.73e-56	200
BPMFJAFB_00050	MER0001153	28.275	626	399	22	122	717	87	692	5.06e-53	192
BPMFJAFB_00050	MER0001942	26.623	616	404	18	122	717	89	676	3.39e-52	189
BPMFJAFB_00050	MER0003110	25.118	637	398	21	63	639	24	641	1.28e-46	173
BPMFJAFB_00050	MER0079465	25.835	569	370	17	174	716	91	633	1.99e-39	151
BPMFJAFB_00050	MER0015170	22.807	570	398	15	153	715	94	628	1.15e-36	143
BPMFJAFB_00050	MER0001156	22.158	695	463	21	48	694	20	684	1.18e-33	134
BPMFJAFB_00073	MER0011061	30.464	604	366	18	26	595	1	584	8.09e-79	258
BPMFJAFB_00073	MER0004967	29.485	563	340	18	34	564	17	554	4.21e-62	212
BPMFJAFB_00073	MER0001019	28.257	591	371	18	33	595	8	573	8.61e-62	213
BPMFJAFB_00073	MER0004971	29.350	569	360	21	53	597	1	551	1.30e-61	211
BPMFJAFB_00073	MER0002827	26.689	592	385	17	33	594	8	580	4.09e-57	199
BPMFJAFB_00073	MER0001987	28.571	595	379	20	30	594	3	581	5.46e-55	193
BPMFJAFB_00073	MER0287029	27.901	405	264	9	183	564	122	521	2.20e-48	174
BPMFJAFB_00073	MER0021909	24.688	401	264	10	33	401	12	406	7.52e-27	110
BPMFJAFB_00073	MER0020514	25.275	273	156	10	152	401	49	296	1.60e-12	65.5
