KIHOLJGM_00068	MER0000410	61.922	281	105	1	426	706	1	279	1.05e-124	370
KIHOLJGM_00068	MER0011872	41.264	269	155	2	443	708	16	284	2.24e-68	223
KIHOLJGM_00068	MER0082498	40.636	283	144	7	445	703	1	283	6.63e-68	221
KIHOLJGM_00068	MER0005694	36.727	275	167	3	440	710	13	284	2.71e-53	182
KIHOLJGM_00068	MER0000392	33.455	275	168	5	440	703	3	273	8.64e-46	161
KIHOLJGM_00068	MER0079308	35.338	266	161	6	443	703	6	265	3.47e-45	159
KIHOLJGM_00068	MER0015621	32.653	294	174	6	429	703	2	290	8.04e-45	159
KIHOLJGM_00068	MER0002490	31.699	306	173	8	426	703	1	298	8.16e-44	157
KIHOLJGM_00068	MER0004227	34.328	268	169	2	449	709	28	295	6.81e-41	148
KIHOLJGM_00068	MER0981959	33.617	235	143	3	440	664	2	233	1.12e-40	147
KIHOLJGM_00068	MER0022823	31.985	272	174	6	446	710	10	277	8.42e-40	145
KIHOLJGM_00068	MER0011450	31.522	276	171	7	440	703	3	272	3.36e-39	143
KIHOLJGM_00068	MER0082653	33.333	234	141	6	445	664	7	239	1.85e-36	135
KIHOLJGM_00068	MER0325901	33.480	227	147	3	440	664	1	225	8.48e-36	133
KIHOLJGM_00068	MER0000398	31.061	264	166	7	442	704	2	250	4.76e-32	122
KIHOLJGM_00068	MER0003229	30.827	266	174	5	440	703	11	268	2.02e-31	120
KIHOLJGM_00068	MER0000408	22.951	183	132	3	477	653	25	204	1.87e-06	46.6
KIHOLJGM_00094	MER0013876	50.746	335	163	2	28	362	1	333	5.25e-114	342
KIHOLJGM_00094	MER0003855	32.646	291	170	8	28	302	1	281	8.97e-38	141
KIHOLJGM_00094	MER0003242	30.769	273	157	10	108	362	5	263	1.90e-26	107
KIHOLJGM_00094	MER0004416	29.020	255	161	5	30	270	3	251	5.08e-23	96.3
KIHOLJGM_00095	MER0014140	33.333	90	49	4	139	220	175	261	1.73e-07	50.1
KIHOLJGM_00128	MER0042827	55.208	96	43	0	993	1088	1	96	5.39e-30	111
KIHOLJGM_00153	MER0005139	29.897	194	116	7	104	285	62	247	3.97e-16	74.3
KIHOLJGM_00153	MER0001284	25.424	236	146	9	60	292	3	211	2.03e-13	66.2
KIHOLJGM_00153	MER0002161	24.051	316	174	11	31	322	4	277	1.58e-12	63.9
KIHOLJGM_00153	MER0100667	25.610	246	144	9	85	321	4	219	4.47e-12	61.6
KIHOLJGM_00153	MER0032443	26.991	226	145	8	105	321	39	253	3.08e-11	59.7
KIHOLJGM_00153	MER0001289	26.891	238	121	8	110	326	63	268	8.33e-11	58.5
KIHOLJGM_00153	MER0194228	26.339	224	117	8	119	326	1	192	1.14e-10	57.0
KIHOLJGM_00153	MER0004514	23.273	275	165	11	60	320	3	245	1.44e-10	57.8
KIHOLJGM_00153	MER0005131	26.222	225	148	7	105	322	38	251	2.25e-10	57.0
KIHOLJGM_00153	MER0015691	33.019	106	63	2	104	208	52	150	8.02e-10	55.5
KIHOLJGM_00153	MER0005149	32.710	107	63	4	105	209	65	164	1.10e-08	52.4
KIHOLJGM_00153	MER0005239	31.250	112	68	3	99	208	63	167	1.22e-08	52.4
KIHOLJGM_00153	MER0015336	31.818	110	67	2	99	207	56	158	1.58e-08	51.6
KIHOLJGM_00153	MER0005238	31.818	110	67	2	99	207	61	163	1.82e-08	51.6
KIHOLJGM_00153	MER0037181	26.570	207	115	10	117	315	77	254	2.25e-08	51.2
KIHOLJGM_00153	MER0001288	27.751	209	118	7	116	312	33	220	3.76e-08	50.4
KIHOLJGM_00153	MER0002104	31.731	104	63	3	105	207	67	163	4.53e-08	50.4
KIHOLJGM_00153	MER0005241	34.444	90	52	3	102	189	2	86	6.40e-08	49.7
KIHOLJGM_00153	MER0005152	31.818	88	53	1	105	192	60	140	6.26e-07	47.0
KIHOLJGM_00153	MER0001911	31.193	109	63	3	102	210	38	134	1.32e-06	45.8
KIHOLJGM_00153	MER0005244	35.556	90	49	3	101	189	1	82	1.44e-06	45.1
KIHOLJGM_00153	MER0015688	36.145	83	42	4	113	193	64	137	9.61e-06	43.1
