JGFFMFFL_00082	MER0034745	34.670	349	187	12	103	423	9	344	2.14e-45	160
JGFFMFFL_00082	MER0033241	33.162	389	216	12	96	468	5	365	7.54e-45	159
JGFFMFFL_00082	MER0033213	41.600	250	118	7	104	334	10	250	1.97e-44	158
JGFFMFFL_00082	MER0034730	33.621	348	190	12	103	422	9	343	2.73e-44	157
JGFFMFFL_00082	MER0033224	40.400	250	121	8	104	334	9	249	2.81e-42	152
JGFFMFFL_00082	MER0078701	39.167	240	125	7	103	334	9	235	4.29e-42	151
JGFFMFFL_00082	MER0034744	34.195	348	187	13	103	422	9	342	9.86e-42	150
JGFFMFFL_00082	MER0034723	39.749	239	129	6	103	334	9	239	1.50e-41	150
JGFFMFFL_00082	MER0033188	33.668	398	192	18	103	461	10	374	5.12e-41	149
JGFFMFFL_00082	MER0034727	40.756	238	124	7	103	334	9	235	6.64e-41	148
JGFFMFFL_00082	MER0033226	39.076	238	134	5	100	334	7	236	7.67e-41	148
JGFFMFFL_00082	MER0034728	38.298	235	134	5	103	334	9	235	8.21e-41	148
JGFFMFFL_00082	MER0034726	40.084	237	127	6	103	334	9	235	8.99e-41	148
JGFFMFFL_00082	MER0077889	39.076	238	128	8	103	334	8	234	2.52e-40	146
JGFFMFFL_00082	MER0030934	35.897	351	178	16	104	426	12	343	4.70e-40	145
JGFFMFFL_00082	MER0077885	40.928	237	125	6	103	334	18	244	4.74e-40	146
JGFFMFFL_00082	MER0033220	36.755	302	151	11	103	375	9	299	1.26e-39	145
JGFFMFFL_00082	MER0032203	39.764	254	117	9	104	334	10	250	3.42e-39	144
JGFFMFFL_00082	MER0033240	31.977	344	190	9	104	412	10	344	6.10e-39	143
JGFFMFFL_00082	MER0033198	41.445	263	124	11	95	340	2	251	1.71e-38	142
JGFFMFFL_00082	MER0037850	39.764	254	117	9	104	334	10	250	2.17e-38	142
JGFFMFFL_00082	MER0033227	31.000	400	200	15	105	461	10	376	5.20e-38	140
JGFFMFFL_00082	MER0078925	36.923	260	128	9	104	338	10	258	1.69e-37	139
JGFFMFFL_00082	MER0034741	40.079	252	119	8	104	334	9	249	6.08e-37	137
JGFFMFFL_00082	MER0037861	38.095	252	124	8	104	334	10	250	8.24e-37	137
JGFFMFFL_00082	MER0037852	36.170	235	137	7	103	334	9	233	8.29e-34	129
JGFFMFFL_00082	MER0034742	35.319	235	139	7	103	334	9	233	1.09e-32	125
JGFFMFFL_00082	MER0033212	32.153	339	195	15	103	419	9	334	2.62e-32	124
JGFFMFFL_00082	MER0033235	33.333	258	152	8	104	351	7	254	5.23e-32	124
JGFFMFFL_00082	MER0033236	32.558	258	154	8	104	351	7	254	1.17e-30	120
JGFFMFFL_00082	MER0033231	48.031	127	57	3	123	248	8	126	8.29e-28	105
JGFFMFFL_00082	MER0034664	29.866	298	180	10	105	378	13	305	2.62e-26	107
JGFFMFFL_00082	MER0033232	31.667	240	148	7	119	352	26	255	7.07e-26	106
JGFFMFFL_00082	MER0043138	32.941	255	126	10	104	329	12	250	1.75e-25	105
JGFFMFFL_00082	MER0011604	30.400	250	152	7	94	329	2	243	1.52e-24	101
JGFFMFFL_00082	MER0077199	33.937	221	116	7	126	334	1	203	4.54e-24	100
JGFFMFFL_00082	MER0043147	42.446	139	74	3	119	256	3	136	4.93e-24	100
JGFFMFFL_00082	MER0033283	32.105	190	114	6	115	297	19	200	1.99e-22	95.9
JGFFMFFL_00082	MER0043201	26.111	360	196	13	105	414	12	351	1.45e-21	93.6
JGFFMFFL_00082	MER0033280	26.005	373	231	14	115	461	18	371	2.20e-21	93.2
JGFFMFFL_00082	MER0045467	30.693	202	114	5	147	335	14	202	7.54e-20	87.8
JGFFMFFL_00082	MER0029616	37.063	143	78	4	112	248	1	137	3.58e-18	84.0
JGFFMFFL_00082	MER0045935	33.180	217	126	7	103	311	9	214	1.03e-17	81.6
JGFFMFFL_00082	MER0044819	37.931	145	75	6	105	246	15	147	1.61e-16	78.2
JGFFMFFL_00082	MER0043139	34.507	142	65	2	104	245	12	125	2.74e-16	77.4
JGFFMFFL_00082	MER0037862	38.095	63	35	1	445	503	23	85	4.03e-07	45.4
JGFFMFFL_00082	MER0043003	30.657	137	65	6	111	233	5	125	8.24e-07	47.4
JGFFMFFL_00082	MER0031570	22.798	193	132	3	110	302	12	187	3.42e-06	45.4
JGFFMFFL_00082	MER0036030	27.517	149	80	6	108	245	10	141	8.48e-06	44.3
JGFFMFFL_00082	MER0036046	27.684	177	91	7	108	262	3	164	9.54e-06	44.3
JGFFMFFL_00102	MER0024298	39.456	147	84	3	5	149	4	147	4.71e-34	114
JGFFMFFL_00102	MER0002089	24.224	161	108	3	1	156	1	152	2.36e-11	55.8
JGFFMFFL_00132	MER0015475	34.356	163	87	5	51	199	38	194	1.73e-15	69.7
