GHDOPBCE_00018	MER0001602	41.176	136	80	0	77	212	4	139	5.13e-36	121
GHDOPBCE_00018	MER0027775	30.469	128	65	5	84	209	11	116	4.51e-08	47.4
GHDOPBCE_00040	MER0011700	27.479	353	212	6	20	336	3	347	9.08e-39	139
GHDOPBCE_00040	MER0140154	25.150	334	212	7	40	336	1	333	1.26e-28	110
GHDOPBCE_00040	MER0026262	28.614	332	208	10	31	339	3	328	3.54e-28	109
GHDOPBCE_00040	MER0002489	30.769	286	166	9	51	316	33	306	4.32e-28	109
GHDOPBCE_00040	MER1143079	27.303	304	198	10	31	333	2	283	8.53e-26	102
GHDOPBCE_00040	MER0003802	31.890	254	153	8	50	300	25	261	6.99e-25	100
GHDOPBCE_00040	MER0122661	27.437	277	186	6	28	296	2	271	1.47e-24	99.4
GHDOPBCE_00040	MER0000459	25.076	327	224	8	38	351	21	339	7.97e-23	94.7
GHDOPBCE_00040	MER0005925	25.084	299	199	9	31	314	8	296	1.26e-19	85.5
GHDOPBCE_00040	MER0006204	23.626	364	212	14	28	338	8	358	2.45e-19	85.1
GHDOPBCE_00040	MER0005923	38.462	117	68	1	24	136	7	123	3.38e-18	82.4
GHDOPBCE_00040	MER0005923	26.368	201	110	8	156	325	212	405	1.04e-12	65.5
GHDOPBCE_00040	MER0005964	24.451	319	207	8	28	319	5	316	1.23e-16	77.0
GHDOPBCE_00040	MER0034963	34.286	140	86	3	43	178	22	159	8.29e-13	65.9
GHDOPBCE_00040	MER0028284	25.846	325	219	9	22	336	1	313	9.25e-13	65.1
GHDOPBCE_00040	MER0000457	25.305	328	193	16	50	355	31	328	6.77e-12	62.8
GHDOPBCE_00040	MER0004154	21.818	275	183	7	72	325	47	310	1.30e-11	62.0
GHDOPBCE_00040	MER0005836	25.514	243	166	6	25	259	10	245	1.37e-11	60.8
GHDOPBCE_00040	MER0011726	30.282	142	90	3	42	179	23	159	3.60e-11	60.8
GHDOPBCE_00040	MER0015683	23.923	209	151	5	30	233	28	233	1.36e-10	58.2
GHDOPBCE_00040	MER0354941	26.486	185	102	6	50	209	20	195	1.36e-10	57.0
GHDOPBCE_00040	MER0192873	26.442	208	121	8	77	260	1	200	5.71e-10	55.8
GHDOPBCE_00040	MER0003800	21.802	344	198	14	50	336	40	369	4.08e-09	54.3
GHDOPBCE_00040	MER0011718	24.699	166	119	3	21	183	1	163	7.76e-08	50.4
GHDOPBCE_00040	MER0004090	27.778	162	101	6	86	233	77	236	2.67e-07	48.5
GHDOPBCE_00040	MER0356183	25.652	230	143	8	52	260	8	230	1.93e-06	45.4
GHDOPBCE_00040	MER0034964	22.624	221	146	8	60	274	41	242	2.23e-06	45.8
GHDOPBCE_00040	MER0017074	26.351	148	103	2	40	187	21	162	2.52e-06	45.8
GHDOPBCE_00040	MER0000463	23.370	184	134	3	31	214	7	183	6.87e-06	44.3
GHDOPBCE_00043	MER0004925	56.274	263	110	3	538	796	1	262	4.20e-100	308
GHDOPBCE_00043	MER0014827	55.133	263	113	3	538	796	1	262	1.69e-97	301
GHDOPBCE_00043	MER0015682	27.368	190	129	4	606	788	113	300	2.43e-12	65.5
GHDOPBCE_00043	MER0017401	31.159	138	84	5	656	785	96	230	6.43e-12	63.2
GHDOPBCE_00043	MER0140224	27.805	205	113	8	606	785	35	229	1.87e-11	62.0
GHDOPBCE_00043	MER0005196	26.904	197	113	7	557	739	22	201	1.98e-11	62.0
GHDOPBCE_00043	MER0011583	30.519	154	77	7	644	773	77	224	2.07e-11	62.0
GHDOPBCE_00043	MER0126485	28.659	164	90	4	639	785	74	227	4.88e-11	60.5
GHDOPBCE_00043	MER0058228	25.714	245	137	12	556	779	6	226	1.22e-09	56.6
GHDOPBCE_00043	MER0003558	25.926	189	124	6	606	781	62	247	1.75e-09	56.2
GHDOPBCE_00043	MER0011413	26.446	242	141	11	557	780	4	226	6.89e-09	54.3
GHDOPBCE_00043	MER0034615	23.750	240	155	7	549	773	2	228	1.12e-08	53.5
GHDOPBCE_00043	MER0001920	26.590	173	104	6	643	794	76	246	1.97e-08	52.8
GHDOPBCE_00043	MER0013484	28.049	246	142	10	555	783	2	229	1.66e-07	50.1
GHDOPBCE_00043	MER0000408	28.662	157	87	7	637	774	82	232	3.07e-07	49.3
GHDOPBCE_00043	MER0004923	26.616	263	158	11	538	783	36	280	6.29e-07	48.9
GHDOPBCE_00043	MER0016096	22.131	244	155	7	558	781	7	235	7.75e-07	48.1
GHDOPBCE_00043	MER0000401	28.873	142	86	6	652	784	114	249	1.54e-06	47.4
