JNKHOOFB_00033	MER0014137	34.177	79	44	1	136	214	182	252	3.92e-06	45.4
JNKHOOFB_00034	MER0014137	31.405	121	68	5	144	257	182	294	3.88e-06	45.8
JNKHOOFB_00060	MER0061102	35.897	234	131	6	664	882	2	231	3.68e-35	130
JNKHOOFB_00060	MER0061102	31.443	194	123	3	303	486	1	194	2.72e-26	105
JNKHOOFB_00080	MER0026494	32.777	479	296	7	1	461	4	474	4.93e-77	245
JNKHOOFB_00080	MER0015142	31.237	477	304	7	1	459	33	503	1.69e-73	237
JNKHOOFB_00080	MER0026471	31.458	480	303	9	1	460	5	478	7.84e-72	232
JNKHOOFB_00080	MER0026485	34.123	211	119	7	1	198	4	207	4.23e-26	104
JNKHOOFB_00080	MER0026485	33.663	101	67	0	360	460	210	310	2.21e-13	67.8
JNKHOOFB_00080	MER0003397	33.333	210	122	6	1	198	5	208	2.14e-23	97.1
JNKHOOFB_00080	MER0003397	28.723	94	67	0	367	460	218	311	2.39e-10	58.5
JNKHOOFB_00080	MER0052470	25.393	382	241	10	80	440	85	443	1.03e-22	97.4
JNKHOOFB_00080	MER0057434	31.220	205	121	8	7	198	2	199	6.94e-18	80.9
JNKHOOFB_00080	MER0057434	31.395	86	59	0	361	446	203	288	1.14e-07	50.1
JNKHOOFB_00080	MER0001272	31.293	147	81	6	22	166	12	140	1.56e-10	58.5
JNKHOOFB_00081	MER0013541	39.286	56	32	1	223	278	32	85	1.37e-06	42.7
JNKHOOFB_00081	MER0003423	37.736	53	30	2	237	288	79	129	8.77e-06	42.0
JNKHOOFB_00116	MER0033186	38.125	320	190	3	67	381	1	317	1.36e-62	201
JNKHOOFB_00150	MER0031562	27.727	220	143	8	55	270	33	240	9.11e-16	72.0
JNKHOOFB_00167	MER0195774	36.723	177	112	0	30	206	1	177	3.55e-40	139
JNKHOOFB_00167	MER0001233	28.448	232	138	7	30	243	2	223	2.79e-20	86.7
JNKHOOFB_00167	MER0003543	25.123	203	150	2	30	232	2	202	4.40e-15	71.2
JNKHOOFB_00167	MER0003448	24.272	206	155	1	30	235	2	206	5.05e-15	71.2
JNKHOOFB_00167	MER0001229	25.000	208	153	3	30	236	2	207	5.23e-13	65.1
JNKHOOFB_00167	MER0043985	23.671	207	157	1	30	236	2	207	9.78e-13	64.3
JNKHOOFB_00167	MER0188967	24.211	285	177	10	66	320	3	278	1.73e-12	65.5
JNKHOOFB_00167	MER0001214	26.744	172	124	2	24	194	20	190	2.10e-12	62.8
JNKHOOFB_00167	MER0004423	28.947	152	102	3	66	217	33	178	2.73e-12	63.2
JNKHOOFB_00167	MER0003386	27.083	192	129	5	24	206	20	209	5.85e-12	61.6
JNKHOOFB_00167	MER0122186	26.486	185	132	3	24	206	16	198	5.97e-12	61.6
JNKHOOFB_00167	MER0015259	24.479	192	134	4	24	206	20	209	6.55e-12	61.6
JNKHOOFB_00167	MER0001218	28.571	168	116	3	22	187	18	183	7.91e-12	61.2
JNKHOOFB_00167	MER0015090	23.039	204	153	3	30	232	2	202	1.41e-11	60.8
JNKHOOFB_00167	MER0001222	25.128	195	126	4	24	206	20	206	3.00e-11	59.7
JNKHOOFB_00167	MER0011096	25.904	166	119	3	24	187	20	183	4.48e-11	59.3
JNKHOOFB_00167	MER0011744	26.506	166	118	3	24	187	20	183	8.91e-11	58.2
JNKHOOFB_00167	MER0169735	25.789	190	131	3	25	206	11	198	4.76e-10	55.8
JNKHOOFB_00167	MER0011192	34.118	85	55	1	66	149	17	101	4.63e-09	52.4
JNKHOOFB_00167	MER0011292	24.706	170	121	5	46	209	64	232	1.70e-08	52.0
JNKHOOFB_00167	MER0002008	24.880	209	142	5	30	230	2	203	1.83e-08	52.0
JNKHOOFB_00167	MER0001220	24.468	188	117	5	55	228	9	185	3.56e-08	50.4
JNKHOOFB_00167	MER0001413	27.273	121	86	2	30	149	30	149	5.74e-08	48.9
JNKHOOFB_00167	MER0003823	26.866	134	97	1	24	156	20	153	5.91e-08	50.1
JNKHOOFB_00167	MER0390687	24.242	165	122	2	41	203	3	166	7.65e-08	48.9
JNKHOOFB_00167	MER0002283	34.483	87	56	1	24	109	20	106	7.66e-08	49.7
JNKHOOFB_00167	MER0002423	28.571	147	103	2	18	163	14	159	1.25e-07	48.9
JNKHOOFB_00167	MER0142407	22.846	267	173	8	66	305	4	264	2.08e-07	49.3
JNKHOOFB_00167	MER0092828	26.613	124	82	3	30	149	2	120	3.50e-07	46.6
JNKHOOFB_00167	MER0002345	25.000	140	104	1	18	156	14	153	1.59e-06	45.8
JNKHOOFB_00167	MER0021876	22.727	198	118	5	30	210	1	180	4.13e-06	44.3
JNKHOOFB_00167	MER0170820	38.889	54	32	1	66	118	33	86	8.47e-06	43.5
