LPMAEJAA_00198	MER0034582	22.785	316	220	8	615	915	14	320	4.03e-18	84.0
LPMAEJAA_00218	MER0006087	39.074	691	397	11	3	672	12	699	1.54e-162	481
LPMAEJAA_00218	MER0001161	36.672	679	421	6	1	671	1	678	1.78e-160	475
LPMAEJAA_00218	MER0001158	39.028	679	402	9	2	671	2	677	9.27e-158	468
LPMAEJAA_00218	MER0015119	36.579	719	398	14	3	672	8	717	7.55e-152	454
LPMAEJAA_00218	MER0001149	34.604	656	400	13	28	671	38	676	9.91e-112	349
LPMAEJAA_00218	MER0108144	31.790	648	409	13	44	671	28	662	1.48e-100	319
LPMAEJAA_00218	MER0001942	33.993	606	370	13	78	671	89	676	9.10e-100	317
LPMAEJAA_00218	MER0003110	28.854	707	422	18	27	671	28	715	3.92e-82	271
LPMAEJAA_00218	MER0001153	30.154	650	420	15	45	671	54	692	2.81e-80	266
LPMAEJAA_00218	MER0079465	28.000	650	425	18	48	671	2	634	8.17e-76	252
LPMAEJAA_00218	MER0015170	27.046	562	376	11	109	666	94	625	8.56e-64	219
LPMAEJAA_00218	MER0001156	26.518	626	407	17	63	648	72	684	3.15e-49	180
LPMAEJAA_00218	MER0021317	39.189	74	41	1	431	500	14	87	9.01e-11	55.8
LPMAEJAA_00237	MER0015475	34.254	181	105	5	30	199	17	194	4.18e-19	79.7
LPMAEJAA_00279	MER0078640	39.286	364	191	9	11	361	1	347	6.97e-74	230
LPMAEJAA_00279	MER0060647	36.915	363	206	8	11	362	1	351	1.47e-68	216
LPMAEJAA_00279	MER0044812	40.969	227	118	3	156	369	18	241	2.81e-55	179
LPMAEJAA_00279	MER0045945	42.723	213	117	4	162	374	15	222	6.16e-53	172
LPMAEJAA_00279	MER0043540	41.414	198	112	2	166	362	27	221	3.32e-51	167
LPMAEJAA_00279	MER0115185	55.797	138	59	1	222	359	7	142	1.06e-45	150
LPMAEJAA_00279	MER0046161	37.500	232	126	4	150	367	21	247	2.85e-44	151
LPMAEJAA_00279	MER0436691	32.143	280	144	6	91	365	6	244	1.26e-42	146
LPMAEJAA_00279	MER0044882	28.221	163	90	8	203	347	3	156	2.73e-09	53.1
LPMAEJAA_00279	MER0043537	27.957	186	107	7	193	367	14	183	2.45e-08	50.4
LPMAEJAA_00279	MER0044619	28.302	159	93	6	214	363	49	195	3.25e-07	47.8
LPMAEJAA_00279	MER0043195	25.166	151	91	6	230	361	59	206	1.33e-06	45.8
LPMAEJAA_00279	MER0045094	26.708	161	110	4	193	347	26	184	4.00e-06	44.3
LPMAEJAA_00279	MER0043394	23.973	146	91	5	213	347	12	148	4.73e-06	43.1
LPMAEJAA_00296	MER0001289	28.440	218	138	7	242	456	47	249	6.39e-12	62.8
LPMAEJAA_00296	MER0194228	30.645	186	113	6	274	456	1	173	8.49e-12	61.2
LPMAEJAA_00296	MER0100667	28.037	214	124	8	251	458	18	207	1.61e-09	55.1
LPMAEJAA_00296	MER0001911	27.711	166	99	4	236	394	20	171	3.33e-08	51.2
LPMAEJAA_00360	MER0001400	44.557	395	191	11	258	638	3	383	3.53e-87	287
LPMAEJAA_00387	MER0031234	31.304	230	123	9	41	259	31	236	5.28e-12	63.2
LPMAEJAA_00387	MER0023167	24.444	225	123	7	63	264	46	246	3.13e-09	54.7
LPMAEJAA_00387	MER0364556	25.980	204	131	7	64	264	21	207	2.09e-08	51.6
LPMAEJAA_00387	MER0158582	25.121	207	131	9	63	262	21	210	3.09e-08	51.2
LPMAEJAA_00387	MER0003659	23.529	204	124	6	63	260	19	196	1.11e-06	46.6
LPMAEJAA_00387	MER0118868	24.528	212	127	8	57	260	13	199	2.31e-06	45.4
LPMAEJAA_00419	MER0005900	35.511	352	203	7	67	410	42	377	1.78e-50	172
LPMAEJAA_00446	MER0000474	54.211	190	87	0	32	221	14	203	8.78e-75	222
LPMAEJAA_00446	MER0005687	48.131	214	100	3	10	221	3	207	5.51e-68	205
LPMAEJAA_00446	MER0006046	49.468	188	95	0	34	221	16	203	1.15e-64	196
LPMAEJAA_00446	MER0004857	52.907	172	80	1	51	222	34	204	8.92e-62	189
LPMAEJAA_00446	MER0002211	48.936	188	96	0	34	221	16	203	1.69e-61	188
LPMAEJAA_00446	MER0002299	49.730	185	93	0	36	220	12	196	5.13e-61	187
LPMAEJAA_00446	MER0004855	47.977	173	90	0	49	221	33	205	8.43e-59	181
LPMAEJAA_00446	MER0006063	45.055	182	100	0	40	221	23	204	3.06e-57	177
LPMAEJAA_00446	MER0004847	49.733	187	93	1	36	221	18	204	1.28e-55	173
LPMAEJAA_00446	MER0006056	48.256	172	88	1	50	221	37	207	1.53e-53	168
LPMAEJAA_00446	MER0004182	42.246	187	108	0	35	221	13	199	2.55e-49	157
LPMAEJAA_00446	MER0006308	37.427	171	106	1	49	218	21	191	2.46e-45	147
LPMAEJAA_00446	MER0011666	40.237	169	99	2	55	221	17	185	9.88e-41	134
LPMAEJAA_00446	MER0001369	41.975	81	45	1	76	156	52	130	1.86e-07	45.8
LPMAEJAA_00451	MER0031610	34.959	246	152	4	15	253	56	300	3.01e-43	145
LPMAEJAA_00451	MER0017193	32.323	99	66	1	1	98	13	111	2.14e-11	59.3
LPMAEJAA_00451	MER0044900	25.641	273	150	11	15	247	96	355	4.16e-11	58.9
LPMAEJAA_00451	MER0011509	36.207	116	64	6	12	121	37	148	1.37e-09	54.3
LPMAEJAA_00451	MER0036115	29.204	113	74	3	2	109	22	133	5.77e-09	52.4
LPMAEJAA_00451	MER0044350	23.897	272	170	7	13	253	1	266	1.93e-08	50.8
LPMAEJAA_00451	MER0031617	23.358	274	156	10	9	247	30	284	2.41e-08	50.4
LPMAEJAA_00451	MER0031616	31.818	110	67	3	12	116	38	144	8.02e-08	48.9
LPMAEJAA_00451	MER0017142	26.036	169	102	6	14	173	15	169	1.47e-07	47.8
LPMAEJAA_00451	MER0014065	29.524	105	69	3	11	111	31	134	2.39e-07	47.8
LPMAEJAA_00451	MER0037236	24.809	262	167	10	3	245	9	259	3.59e-07	47.0
LPMAEJAA_00451	MER0000436	30.657	137	83	6	2	126	9	145	3.93e-07	47.0
LPMAEJAA_00451	MER0017177	20.588	136	103	2	1	131	22	157	5.33e-07	46.6
LPMAEJAA_00451	MER0044858	24.382	283	153	12	15	249	57	326	6.75e-07	46.2
LPMAEJAA_00451	MER0036072	27.027	111	71	3	11	112	78	187	7.78e-07	46.2
LPMAEJAA_00451	MER0004146	28.448	116	71	4	1	107	6	118	1.06e-06	45.4
LPMAEJAA_00451	MER0000431	29.808	104	67	3	11	110	31	132	1.31e-06	45.4
LPMAEJAA_00451	MER0025512	23.509	285	155	9	1	245	37	298	3.36e-06	43.9
LPMAEJAA_00451	MER0011785	34.783	92	49	2	26	111	52	138	3.81e-06	43.9
LPMAEJAA_00451	MER0026339	34.259	108	62	4	11	112	22	126	4.74e-06	43.5
LPMAEJAA_00558	MER0003336	65.891	129	41	1	193	318	1	129	3.80e-57	179
LPMAEJAA_00558	MER0011465	45.455	110	56	1	193	302	1	106	6.95e-25	95.1
LPMAEJAA_00558	MER0017622	32.569	218	125	8	57	254	24	239	3.83e-22	90.9
LPMAEJAA_00558	MER0003299	39.706	136	74	2	193	324	1	132	7.68e-20	81.6
LPMAEJAA_00558	MER0003338	37.209	86	53	1	193	277	1	86	2.08e-14	66.6
LPMAEJAA_00558	MER0034967	26.064	188	108	7	91	252	1	183	3.11e-12	62.0
LPMAEJAA_00558	MER0003303	33.696	92	59	2	193	283	1	91	8.91e-12	58.9
LPMAEJAA_00558	MER0013976	32.432	111	66	3	193	302	1	103	4.50e-11	56.6
LPMAEJAA_00558	MER0016969	32.353	68	40	1	193	254	1	68	3.43e-07	46.6
LPMAEJAA_00604	MER0056047	33.784	74	49	0	148	221	7	80	2.91e-07	44.3
LPMAEJAA_00612	MER0003514	43.226	155	86	2	202	356	3	155	4.04e-34	124
LPMAEJAA_00612	MER0001425	45.342	161	76	4	203	355	4	160	3.56e-32	119
LPMAEJAA_00612	MER0004195	39.103	156	90	2	203	356	4	156	1.80e-30	114
LPMAEJAA_00612	MER0001297	38.710	155	91	2	203	356	4	155	8.54e-30	112
LPMAEJAA_00612	MER0003413	41.290	155	90	1	202	356	3	156	1.91e-29	110
LPMAEJAA_00612	MER0004196	36.774	155	96	2	203	356	4	157	4.00e-28	107
LPMAEJAA_00612	MER0003065	38.065	155	94	1	202	356	3	155	4.27e-28	107
LPMAEJAA_00612	MER0005714	35.185	162	98	1	202	356	3	164	1.85e-27	105
LPMAEJAA_00612	MER0015684	37.333	150	94	0	200	349	1	150	1.11e-26	103
LPMAEJAA_00612	MER0001295	30.994	171	99	4	201	356	2	168	1.37e-13	66.2
LPMAEJAA_00612	MER0030244	27.632	152	88	6	193	326	2	149	3.31e-08	50.8
LPMAEJAA_00612	MER0030235	27.857	140	82	5	202	326	3	138	1.14e-07	48.9
LPMAEJAA_00657	MER0016191	27.431	288	192	5	13	288	4	286	3.34e-30	112
LPMAEJAA_00657	MER0016172	26.953	256	158	8	53	291	45	288	5.32e-16	73.9
LPMAEJAA_00657	MER0016185	23.885	314	191	9	10	283	1	306	1.21e-15	73.2
LPMAEJAA_00683	MER0036072	29.825	114	66	4	76	177	82	193	8.15e-07	46.6
LPMAEJAA_00687	MER0059846	32.107	299	194	5	6	298	16	311	5.73e-44	150
LPMAEJAA_00687	MER0199690	25.796	314	207	9	10	299	1	312	4.71e-22	91.7
LPMAEJAA_00687	MER0214074	25.806	186	115	4	134	300	2	183	4.55e-15	69.3
LPMAEJAA_00687	MER0031569	24.719	178	126	4	39	211	5	179	2.63e-11	59.7
LPMAEJAA_00687	MER0045479	26.667	120	87	1	31	150	1	119	1.80e-06	45.4
LPMAEJAA_00751	MER0281397	28.365	208	118	5	262	448	4	201	1.67e-16	75.1
LPMAEJAA_00810	MER0015472	33.094	139	90	1	43	178	41	179	6.13e-17	73.2
LPMAEJAA_00810	MER0015473	34.014	147	81	5	47	179	37	181	5.92e-16	70.5
LPMAEJAA_00810	MER0048181	31.469	143	82	2	47	174	1	142	3.40e-15	67.0
LPMAEJAA_00810	MER0015459	34.667	150	87	4	39	187	42	181	3.23e-12	60.8
LPMAEJAA_00810	MER0015462	40.244	82	47	1	39	120	40	119	1.46e-11	58.2
LPMAEJAA_00810	MER0015632	28.723	188	118	5	8	187	5	184	1.83e-10	55.5
LPMAEJAA_00810	MER0035036	31.343	134	90	2	47	178	88	221	4.79e-09	51.6
LPMAEJAA_00810	MER0030047	30.370	135	84	3	50	178	1	131	5.14e-09	50.1
LPMAEJAA_00810	MER0015659	40.964	83	46	1	39	121	42	121	1.75e-08	50.1
LPMAEJAA_00810	MER0017194	33.163	196	113	6	7	185	16	210	4.06e-08	48.9
LPMAEJAA_00810	MER0015630	42.105	76	41	1	46	121	52	124	5.02e-07	45.8
LPMAEJAA_00810	MER0015458	27.717	184	103	6	42	201	47	224	8.67e-07	45.1
LPMAEJAA_00810	MER0015470	35.802	81	49	1	46	126	11	88	1.18e-06	43.9
LPMAEJAA_00810	MER0015686	37.647	85	50	1	39	123	42	123	1.52e-06	44.3
LPMAEJAA_00810	MER0094384	32.237	152	94	4	39	189	28	171	1.88e-06	43.9
LPMAEJAA_00810	MER0015460	38.554	83	48	1	39	121	71	150	2.45e-06	43.9
LPMAEJAA_00810	MER0015633	32.530	83	53	1	39	121	42	121	4.60e-06	42.7
LPMAEJAA_00816	MER0001978	45.856	543	281	6	34	571	21	555	9.29e-166	480
LPMAEJAA_00816	MER0011800	32.882	517	316	11	34	534	21	522	3.65e-80	259
LPMAEJAA_00816	MER0011811	33.465	505	294	11	29	515	16	496	8.63e-74	243
LPMAEJAA_00816	MER0011211	31.309	527	330	13	33	542	20	531	1.06e-67	226
LPMAEJAA_00816	MER0001629	31.627	547	344	15	37	571	24	552	7.11e-67	224
LPMAEJAA_00816	MER0006124	32.174	575	334	21	23	568	11	558	1.39e-66	223
LPMAEJAA_00816	MER0011143	33.988	509	287	20	46	534	33	512	4.85e-66	221
LPMAEJAA_00816	MER0005029	32.558	516	287	21	47	529	1	488	5.82e-66	221
LPMAEJAA_00816	MER0011215	33.462	517	299	16	39	534	3	495	1.17e-65	219
LPMAEJAA_00816	MER0003580	31.361	507	320	11	39	534	26	515	5.13e-63	213
LPMAEJAA_00816	MER0005831	29.710	552	342	18	35	563	22	550	1.49e-56	196
LPMAEJAA_00816	MER0002728	30.784	536	323	19	33	534	20	541	2.17e-54	191
LPMAEJAA_00816	MER0004194	31.263	499	308	16	48	529	1	481	1.84e-53	187
LPMAEJAA_00816	MER0002720	30.129	541	304	19	30	563	1	474	1.27e-51	181
LPMAEJAA_00816	MER0004202	25.497	553	337	16	36	563	6	508	3.10e-44	161
LPMAEJAA_00816	MER0011193	25.758	528	334	19	37	535	21	519	4.89e-43	158
LPMAEJAA_00816	MER0001977	27.466	517	323	18	46	531	33	528	1.18e-38	146
LPMAEJAA_00816	MER0016970	27.831	521	329	20	33	535	19	510	2.91e-32	127
LPMAEJAA_00816	MER0094876	24.772	549	355	17	38	565	2	513	5.22e-28	114
LPMAEJAA_00816	MER0002718	34.848	198	112	4	325	515	3	190	9.33e-27	104
LPMAEJAA_00816	MER0006132	23.871	620	357	18	38	564	25	622	1.01e-25	108
LPMAEJAA_00816	MER0026204	30.047	213	137	4	36	244	23	227	2.16e-22	93.2
LPMAEJAA_00816	MER0003440	27.525	396	234	13	37	426	24	372	3.04e-22	96.3
LPMAEJAA_00816	MER0002721	29.577	213	119	6	380	564	37	246	2.10e-19	85.1
LPMAEJAA_00816	MER0026205	32.474	194	124	7	380	571	37	225	4.73e-19	83.2
LPMAEJAA_00816	MER0001976	31.443	194	116	9	380	571	37	215	1.65e-13	67.0
LPMAEJAA_00816	MER0037241	31.897	116	76	1	129	241	111	226	4.28e-11	60.1
LPMAEJAA_00816	MER0026207	26.984	189	110	7	380	568	37	197	1.50e-10	57.8
LPMAEJAA_00816	MER0016605	26.087	138	79	2	35	171	5	120	1.97e-06	47.0
LPMAEJAA_00823	MER0034539	57.282	206	88	0	2	207	1	206	7.57e-85	259
LPMAEJAA_00823	MER0033254	30.992	242	133	10	15	226	11	248	3.32e-23	95.9
LPMAEJAA_00823	MER0004101	33.051	118	64	5	61	166	86	200	4.45e-06	45.1
LPMAEJAA_00823	MER0011781	32.479	117	66	6	61	166	85	199	4.49e-06	45.1
LPMAEJAA_00830	MER0095620	42.582	364	177	6	34	371	3	360	1.37e-96	289
LPMAEJAA_00830	MER0000728	24.533	375	228	16	29	363	52	411	7.01e-13	66.2
LPMAEJAA_00830	MER0000727	24.570	407	239	15	15	370	42	431	4.54e-11	60.8
LPMAEJAA_00830	MER0000622	45.098	51	28	0	34	84	15	65	1.31e-08	51.6
LPMAEJAA_00830	MER0003469	38.710	93	46	3	34	125	15	97	2.09e-08	51.2
LPMAEJAA_00830	MER0030145	54.054	37	17	0	34	70	14	50	5.49e-08	47.4
LPMAEJAA_00830	MER0003535	21.485	377	241	13	30	365	54	416	6.04e-08	50.8
LPMAEJAA_00830	MER0004437	44.681	47	26	0	34	80	15	61	1.14e-07	48.9
LPMAEJAA_00830	MER0002789	44.000	50	28	0	34	83	15	64	2.42e-07	48.1
LPMAEJAA_00830	MER0026801	44.444	45	25	0	34	78	15	59	2.73e-07	47.8
LPMAEJAA_00830	MER0026802	44.444	45	25	0	34	78	15	59	3.58e-07	47.4
LPMAEJAA_00830	MER0102838	44.681	47	26	0	34	80	16	62	4.38e-07	47.0
LPMAEJAA_00830	MER0000644	50.000	36	18	0	34	69	14	49	7.86e-07	46.2
LPMAEJAA_00830	MER0016115	34.524	84	45	2	34	117	15	88	1.43e-06	45.4
LPMAEJAA_00830	MER0000629	48.780	41	21	0	34	74	16	56	2.27e-06	45.1
LPMAEJAA_00830	MER0001692	42.593	54	28	1	34	84	15	68	3.61e-06	44.7
LPMAEJAA_00830	MER0012032	50.000	36	18	0	34	69	15	50	5.16e-06	43.9
LPMAEJAA_00830	MER0010980	42.553	47	27	0	34	80	15	61	5.28e-06	43.9
LPMAEJAA_00830	MER0045758	51.220	41	20	0	34	74	15	55	6.27e-06	43.5
LPMAEJAA_00830	MER0000657	51.220	41	20	0	34	74	14	54	6.75e-06	43.5
LPMAEJAA_00830	MER0000659	46.341	41	22	0	34	74	14	54	6.87e-06	43.5
LPMAEJAA_00830	MER0002332	29.808	104	60	2	34	136	15	106	8.20e-06	43.1
LPMAEJAA_00882	MER0195774	39.444	180	106	2	51	230	1	177	2.86e-35	129
LPMAEJAA_00882	MER0195774	23.464	179	133	3	525	701	1	177	6.20e-10	56.2
LPMAEJAA_00882	MER0390687	22.388	134	103	1	560	693	29	161	1.71e-13	66.2
LPMAEJAA_00882	MER0390687	24.375	160	117	3	68	227	11	166	6.16e-07	47.4
LPMAEJAA_00882	MER0015259	28.646	192	125	5	45	230	20	205	3.33e-13	66.6
LPMAEJAA_00882	MER0188967	24.702	336	220	13	87	398	3	329	5.43e-13	68.9
LPMAEJAA_00882	MER0039456	28.293	205	133	6	525	720	2	201	1.20e-12	65.1
LPMAEJAA_00882	MER0001229	22.374	219	160	3	50	265	1	212	4.65e-12	63.5
LPMAEJAA_00882	MER0001229	23.034	178	136	1	541	718	18	194	6.64e-12	63.2
LPMAEJAA_00882	MER0043985	22.807	228	162	4	50	270	1	221	6.37e-12	63.5
LPMAEJAA_00882	MER0043985	23.034	178	136	1	541	718	18	194	8.84e-12	63.2
LPMAEJAA_00882	MER0003448	20.106	189	148	2	525	712	2	188	9.34e-12	62.8
LPMAEJAA_00882	MER0003448	23.077	208	156	3	50	257	1	204	1.24e-07	50.4
LPMAEJAA_00882	MER0122186	31.795	195	102	10	50	230	21	198	1.06e-11	62.0
LPMAEJAA_00882	MER0011096	27.041	196	127	6	45	230	20	209	1.75e-11	61.6
LPMAEJAA_00882	MER0011744	29.255	188	121	4	51	230	26	209	3.26e-11	60.8
LPMAEJAA_00882	MER0015090	19.588	194	154	2	525	718	2	193	5.83e-11	60.5
LPMAEJAA_00882	MER0015090	22.535	213	146	4	51	256	2	202	2.44e-06	46.6
LPMAEJAA_00882	MER0001233	25.909	220	129	8	50	250	1	205	7.74e-11	60.5
LPMAEJAA_00882	MER0001233	24.638	207	135	7	525	717	2	201	3.87e-06	46.2
LPMAEJAA_00882	MER0003543	19.072	194	155	2	525	718	2	193	2.20e-10	58.5
LPMAEJAA_00882	MER0003543	24.413	213	142	4	51	256	2	202	4.76e-08	51.6
LPMAEJAA_00882	MER0001218	25.654	191	126	6	50	230	25	209	6.70e-08	51.2
LPMAEJAA_00882	MER0014333	24.686	239	163	7	51	278	2	234	7.58e-08	51.2
LPMAEJAA_00882	MER0014333	19.672	244	174	7	525	752	2	239	1.43e-07	50.4
LPMAEJAA_00882	MER0014056	22.727	330	222	10	86	386	5	330	9.18e-08	52.4
LPMAEJAA_00882	MER0003386	27.513	189	125	7	50	230	25	209	1.15e-07	50.4
LPMAEJAA_00882	MER0001222	27.320	194	124	8	46	230	21	206	6.16e-07	48.1
LPMAEJAA_00882	MER0169735	26.020	196	132	4	43	230	8	198	8.88e-07	47.4
LPMAEJAA_00882	MER0237414	19.731	223	163	5	527	741	3	217	3.68e-06	46.2
LPMAEJAA_00882	MER0001214	28.829	111	74	2	45	154	20	126	5.58e-06	45.1
LPMAEJAA_00882	MER0002423	32.584	89	58	2	50	136	25	113	6.36e-06	45.1
LPMAEJAA_00891	MER0002031	35.714	126	74	2	3	128	5	123	2.21e-21	87.8
LPMAEJAA_00891	MER0014664	32.308	130	78	3	2	128	1	123	8.51e-19	80.5
LPMAEJAA_00891	MER0002036	30.000	130	78	5	8	130	10	133	2.65e-11	59.3
LPMAEJAA_00891	MER0014665	25.806	124	83	2	6	126	1	118	8.32e-09	51.6
LPMAEJAA_00891	MER0042832	25.833	120	79	2	11	126	6	119	3.46e-08	50.1
LPMAEJAA_00891	MER0002884	27.869	122	78	3	11	128	6	121	3.70e-08	50.1
LPMAEJAA_00891	MER0014666	26.230	122	81	2	8	126	3	118	4.24e-06	43.9
LPMAEJAA_00955	MER0005139	38.182	110	58	3	107	214	62	163	1.48e-14	69.7
LPMAEJAA_00955	MER0004514	33.058	121	71	5	78	191	1	118	6.25e-13	64.7
LPMAEJAA_00955	MER0002161	28.000	250	138	10	43	291	14	222	1.79e-12	63.5
LPMAEJAA_00955	MER0015336	27.861	201	125	6	108	303	62	247	2.55e-12	63.2
LPMAEJAA_00955	MER0001289	25.287	261	162	8	78	330	33	268	1.12e-11	61.2
LPMAEJAA_00955	MER0001284	38.532	109	60	4	107	212	35	139	4.32e-11	59.3
LPMAEJAA_00955	MER0194228	25.926	216	129	6	122	330	1	192	8.02e-11	57.8
LPMAEJAA_00955	MER0005239	33.945	109	62	3	106	212	67	167	1.20e-10	58.2
LPMAEJAA_00955	MER0005238	32.381	105	62	2	108	211	67	163	1.22e-10	58.2
LPMAEJAA_00955	MER0005149	34.862	109	61	3	107	213	64	164	1.66e-10	58.2
LPMAEJAA_00955	MER0005131	24.312	218	146	6	108	318	38	243	2.45e-10	57.0
LPMAEJAA_00955	MER0015691	34.831	89	50	1	107	195	52	132	5.45e-10	55.8
LPMAEJAA_00955	MER0100667	26.087	230	128	11	106	325	22	219	3.53e-09	53.1
LPMAEJAA_00955	MER0005152	30.208	96	59	1	101	196	53	140	5.21e-09	53.1
LPMAEJAA_00955	MER0002104	32.381	105	62	3	108	211	67	163	6.39e-09	53.1
LPMAEJAA_00955	MER0005241	35.556	90	50	2	106	193	3	86	7.77e-09	52.4
LPMAEJAA_00955	MER0001290	27.273	220	124	10	10	214	11	209	2.54e-08	51.6
LPMAEJAA_00955	MER0001288	28.700	223	126	10	106	317	21	221	2.85e-08	50.8
LPMAEJAA_00955	MER0002105	26.875	160	93	5	108	263	58	197	2.12e-07	48.1
LPMAEJAA_00955	MER0001911	33.010	103	58	3	106	208	39	130	2.36e-07	48.1
LPMAEJAA_00955	MER0032443	27.111	225	147	7	108	325	39	253	4.08e-07	47.4
LPMAEJAA_00955	MER0002961	29.032	124	69	4	25	146	4	110	1.20e-06	46.6
LPMAEJAA_00959	MER0033186	37.500	320	192	3	67	381	1	317	3.39e-60	195
LPMAEJAA_00978	MER0000589	32.000	150	47	5	140	279	1	105	3.17e-12	63.5
LPMAEJAA_00978	MER0000589	41.538	65	34	1	409	469	164	228	7.41e-10	56.6
LPMAEJAA_00978	MER0013626	42.553	47	27	0	423	469	99	145	1.33e-08	51.2
LPMAEJAA_00978	MER0001510	31.765	85	48	3	245	329	49	123	6.53e-06	43.1
LPMAEJAA_00981	MER0048181	34.266	143	81	4	64	194	1	142	7.54e-13	62.0
LPMAEJAA_00981	MER0035036	27.097	155	94	3	62	207	86	230	1.07e-09	54.7
LPMAEJAA_00981	MER0030047	28.777	139	88	3	68	201	2	134	7.10e-09	50.4
LPMAEJAA_00981	MER0015632	29.333	150	96	4	60	204	41	185	6.01e-07	46.2
LPMAEJAA_00981	MER0015449	36.471	85	46	2	59	143	48	124	6.73e-07	46.2
LPMAEJAA_00981	MER0015472	28.276	145	100	3	65	207	46	188	7.32e-07	45.8
LPMAEJAA_00981	MER0015473	30.128	156	97	4	57	202	31	184	1.12e-06	45.4
LPMAEJAA_00981	MER0015465	28.205	195	112	8	13	202	2	173	2.32e-06	43.9
LPMAEJAA_00981	MER0015468	25.490	102	67	3	12	112	1	94	2.53e-06	43.9
LPMAEJAA_00982	MER0015473	28.899	218	100	7	31	243	19	186	4.09e-10	55.1
LPMAEJAA_00982	MER0035036	24.171	211	100	5	36	243	74	227	4.49e-08	49.7
LPMAEJAA_00982	MER0030047	25.269	186	81	4	53	237	3	131	6.56e-08	47.4
LPMAEJAA_00982	MER0047976	32.394	71	48	0	42	112	7	77	1.22e-07	47.4
LPMAEJAA_00982	MER0015459	38.000	50	31	0	44	93	46	95	1.30e-07	48.1
LPMAEJAA_00982	MER0015631	33.333	60	40	0	44	103	48	107	3.42e-07	46.6
LPMAEJAA_00982	MER0015458	23.077	208	97	6	44	241	48	202	3.67e-07	47.0
LPMAEJAA_00982	MER0015462	30.275	109	73	1	4	109	4	112	6.98e-07	45.4
LPMAEJAA_00982	MER0015472	23.109	238	124	5	8	243	5	185	8.41e-07	45.4
LPMAEJAA_00982	MER0015633	27.586	87	62	1	44	130	46	131	3.29e-06	43.9
LPMAEJAA_00982	MER0017194	33.945	109	65	2	2	103	11	119	5.30e-06	43.1
LPMAEJAA_00995	MER0047723	45.378	476	254	4	8	479	2	475	2.32e-140	409
LPMAEJAA_00995	MER0001283	42.008	488	270	4	5	485	3	484	1.51e-138	405
LPMAEJAA_00995	MER0028941	28.824	170	97	5	15	172	4	161	8.36e-11	60.5
LPMAEJAA_00995	MER0369336	28.571	112	66	3	65	172	8	109	1.98e-07	49.7
LPMAEJAA_00997	MER0001495	33.636	110	56	5	560	666	2	97	2.10e-06	47.8
LPMAEJAA_01000	MER0013541	35.556	90	42	3	175	263	11	85	5.28e-09	49.7
LPMAEJAA_01000	MER0387040	40.984	61	35	1	204	264	28	87	2.86e-07	45.1
LPMAEJAA_01000	MER0066182	43.860	57	31	1	208	264	123	178	1.04e-06	45.4
LPMAEJAA_01000	MER0003380	31.683	101	52	4	175	272	148	234	2.65e-06	44.7
LPMAEJAA_01043	MER0013623	52.564	156	71	2	102	257	1	153	6.86e-53	172
LPMAEJAA_01043	MER0003850	49.162	179	82	4	102	276	3	176	3.71e-52	171
LPMAEJAA_01043	MER0000266	54.430	158	68	3	102	257	1	156	4.76e-51	167
LPMAEJAA_01043	MER0000268	53.503	157	69	3	102	257	1	154	1.33e-50	166
LPMAEJAA_01043	MER0004111	50.314	159	72	2	102	257	1	155	1.36e-48	160
LPMAEJAA_01043	MER0001372	51.266	158	73	3	102	257	1	156	3.82e-46	154
LPMAEJAA_01043	MER0004149	48.466	163	77	2	102	257	1	163	1.94e-45	152
LPMAEJAA_01043	MER0005468	49.057	159	77	3	102	257	1	158	2.56e-43	147
LPMAEJAA_01043	MER0001373	50.625	160	73	3	102	257	1	158	3.29e-42	144
LPMAEJAA_01043	MER0003290	47.500	160	76	4	102	257	1	156	2.90e-40	139
LPMAEJAA_01043	MER0002577	48.101	158	75	3	102	257	1	153	4.73e-39	135
LPMAEJAA_01043	MER0001945	46.541	159	82	2	102	257	1	159	4.94e-39	135
LPMAEJAA_01043	MER0004673	38.835	206	103	5	102	285	2	206	3.70e-38	137
LPMAEJAA_01043	MER0003293	48.000	150	76	2	102	251	1	148	4.65e-37	130
LPMAEJAA_01043	MER0028330	44.937	158	80	2	102	257	1	153	5.99e-37	130
LPMAEJAA_01043	MER0016351	43.671	158	82	2	102	257	1	153	1.33e-36	129
LPMAEJAA_01043	MER0010944	42.197	173	81	5	102	257	1	171	1.13e-35	127
LPMAEJAA_01043	MER0004093	46.541	159	76	3	102	257	1	153	1.36e-34	124
LPMAEJAA_01043	MER0014795	44.512	164	78	3	102	257	1	159	5.22e-34	122
LPMAEJAA_01043	MER0022668	39.766	171	88	5	102	257	1	171	8.26e-32	117
LPMAEJAA_01043	MER0011375	41.875	160	83	5	102	257	1	154	1.29e-31	115
LPMAEJAA_01043	MER0016031	42.857	168	82	5	102	257	1	166	1.87e-31	115
LPMAEJAA_01043	MER0004086	43.558	163	83	4	103	257	1	162	2.20e-31	115
LPMAEJAA_01043	MER0015583	46.000	150	69	5	102	240	1	149	9.01e-28	105
LPMAEJAA_01043	MER0006096	42.963	135	70	3	126	257	1	131	1.93e-26	100
LPMAEJAA_01043	MER0005093	36.250	160	89	4	102	248	1	160	1.66e-24	96.7
LPMAEJAA_01043	MER0063616	34.014	147	82	4	105	241	5	146	1.53e-15	70.9
LPMAEJAA_01043	MER0005094	31.613	155	101	5	102	252	1	154	8.28e-11	57.4
LPMAEJAA_01043	MER0014317	29.932	147	93	7	113	252	10	153	1.56e-08	50.8
LPMAEJAA_01043	MER0005089	33.083	133	81	5	102	229	1	130	3.03e-08	49.7
LPMAEJAA_01043	MER0014318	35.075	134	77	7	102	229	1	130	1.00e-07	48.5
LPMAEJAA_01043	MER0005090	33.333	132	82	5	102	229	1	130	3.92e-07	46.6
LPMAEJAA_01043	MER0004696	30.769	143	88	7	102	238	1	138	8.67e-07	45.4
LPMAEJAA_01072	MER0056047	32.927	82	44	3	89	170	10	80	2.79e-06	41.2
LPMAEJAA_01096	MER0472834	31.061	132	70	3	49	178	3	115	1.53e-14	64.7
LPMAEJAA_01098	MER0002007	31.807	393	236	12	17	402	6	373	7.66e-48	165
LPMAEJAA_01098	MER0002655	27.603	413	236	12	24	417	5	373	8.85e-39	140
LPMAEJAA_01098	MER0005163	43.312	157	85	3	29	184	9	162	2.68e-37	133
LPMAEJAA_01098	MER0005163	40.351	57	34	0	359	415	203	259	8.00e-08	50.1
LPMAEJAA_01098	MER0003770	29.949	394	230	13	27	409	4	362	2.45e-36	134
LPMAEJAA_01098	MER0002013	29.777	403	239	14	32	420	21	393	5.29e-35	130
LPMAEJAA_01098	MER0002014	25.990	404	264	10	25	420	14	390	1.83e-34	129
LPMAEJAA_01098	MER0005155	27.229	415	245	9	22	414	2	381	1.70e-33	126
LPMAEJAA_01098	MER0005173	26.221	389	244	13	29	406	2	358	1.38e-32	123
LPMAEJAA_01098	MER0002659	25.666	413	258	12	25	422	14	392	1.13e-30	118
LPMAEJAA_01098	MER0015354	35.714	154	96	2	27	180	16	166	2.11e-26	104
LPMAEJAA_01098	MER0015354	33.333	63	42	0	358	420	226	288	7.20e-07	47.4
LPMAEJAA_01098	MER0003815	33.766	154	99	2	27	180	16	166	1.23e-24	100
LPMAEJAA_01098	MER0003815	28.696	115	81	1	309	422	182	296	2.06e-08	52.0
LPMAEJAA_01098	MER0002664	36.709	158	89	4	25	182	4	150	8.34e-22	91.7
LPMAEJAA_01098	MER0003581	42.105	95	48	1	73	160	3	97	7.12e-17	78.2
LPMAEJAA_01098	MER0014418	29.496	139	72	5	28	159	17	136	7.55e-07	47.8
LPMAEJAA_01187	MER0005244	38.043	184	108	2	270	450	3	183	2.52e-35	127
LPMAEJAA_01187	MER0005241	30.000	210	126	6	268	460	1	206	3.63e-18	80.9
LPMAEJAA_01187	MER0001284	32.432	148	87	3	272	406	36	183	1.03e-15	73.9
LPMAEJAA_01187	MER0002104	37.607	117	64	4	264	373	59	173	5.72e-14	69.3
LPMAEJAA_01187	MER0005238	38.182	110	59	4	271	373	66	173	7.98e-14	68.6
LPMAEJAA_01187	MER0005131	33.051	118	66	4	265	370	31	147	6.61e-12	62.4
LPMAEJAA_01187	MER0004514	33.010	103	61	1	272	366	36	138	2.99e-11	60.5
LPMAEJAA_01187	MER0005239	33.945	109	63	3	261	362	55	161	1.84e-09	55.5
LPMAEJAA_01187	MER0015691	34.118	85	51	2	272	353	53	135	5.63e-09	53.9
LPMAEJAA_01187	MER0005139	32.353	102	63	2	266	363	57	156	1.06e-08	53.1
LPMAEJAA_01187	MER0100667	30.841	107	58	4	268	364	20	120	3.77e-08	50.8
LPMAEJAA_01187	MER0002161	24.670	227	122	9	271	464	65	275	1.76e-07	49.3
LPMAEJAA_01187	MER0005149	36.905	84	47	3	272	351	65	146	2.44e-07	49.3
LPMAEJAA_01187	MER0015336	31.034	87	55	2	272	355	62	146	1.71e-06	46.2
LPMAEJAA_01187	MER0001288	30.088	113	71	5	247	359	1	105	6.52e-06	44.3
LPMAEJAA_01210	MER0028047	60.335	179	68	2	468	646	1	176	8.09e-67	214
LPMAEJAA_01210	MER0003564	25.676	222	129	7	451	636	4	225	4.76e-07	48.5
LPMAEJAA_01245	MER0066178	30.769	156	90	5	45	196	1	142	2.58e-07	47.4
LPMAEJAA_01246	MER0036617	48.571	35	18	0	39	73	3	37	6.21e-06	36.2
LPMAEJAA_01253	MER0004914	34.343	297	147	14	2	287	6	265	2.09e-37	130
LPMAEJAA_01275	MER0056525	50.593	253	117	3	407	653	1	251	8.03e-85	264
LPMAEJAA_01275	MER0011748	49.237	262	128	3	407	667	1	258	7.85e-81	254
LPMAEJAA_01275	MER0005496	48.617	253	126	2	407	659	1	249	9.57e-79	249
LPMAEJAA_01275	MER0015609	50.862	232	109	2	407	637	1	228	2.01e-78	248
LPMAEJAA_01275	MER0011224	45.059	253	135	2	407	659	1	249	1.43e-74	238
LPMAEJAA_01275	MER0015195	43.284	268	140	3	407	664	1	266	6.50e-71	228
LPMAEJAA_01275	MER0023544	43.307	254	140	2	407	660	1	250	7.07e-71	228
LPMAEJAA_01275	MER0002605	44.589	231	124	2	407	636	1	228	6.65e-67	218
LPMAEJAA_01275	MER0002600	43.220	236	131	2	407	641	1	234	3.08e-65	213
LPMAEJAA_01275	MER0015194	43.723	231	125	2	408	636	2	229	6.86e-65	212
LPMAEJAA_01275	MER0171760	39.405	269	154	4	372	636	1	264	1.62e-62	206
LPMAEJAA_01275	MER0014306	39.600	250	150	1	407	656	1	249	1.20e-60	201
LPMAEJAA_01275	MER0024898	41.250	240	138	3	407	644	1	239	2.87e-58	195
LPMAEJAA_01275	MER0004454	40.000	235	140	1	407	640	1	235	3.66e-54	184
LPMAEJAA_01275	MER0015199	42.017	238	128	4	407	635	1	237	7.23e-52	177
LPMAEJAA_01275	MER0002602	37.643	263	156	3	408	662	2	264	9.76e-52	177
LPMAEJAA_01275	MER0005466	37.975	237	140	4	408	638	2	237	2.68e-50	172
LPMAEJAA_01275	MER0002563	36.325	234	139	4	408	631	2	235	7.06e-47	163
LPMAEJAA_01275	MER0002408	36.752	234	139	6	407	633	1	232	6.87e-44	155
LPMAEJAA_01275	MER0001620	37.021	235	141	3	407	634	1	235	2.85e-43	154
LPMAEJAA_01275	MER0017637	36.596	235	137	5	408	631	2	235	7.92e-43	152
LPMAEJAA_01275	MER0015197	36.364	220	137	2	419	636	13	231	1.63e-42	151
LPMAEJAA_01275	MER0011745	33.476	233	144	6	407	631	1	230	3.95e-40	144
LPMAEJAA_01275	MER0002608	37.849	251	144	5	408	646	2	252	7.96e-40	144
LPMAEJAA_01275	MER0015193	37.339	233	136	6	407	631	1	231	1.00e-39	143
LPMAEJAA_01275	MER0015137	33.047	233	145	6	407	631	1	230	4.03e-38	139
LPMAEJAA_01275	MER0014324	36.842	228	130	4	407	631	1	217	3.75e-37	135
LPMAEJAA_01275	MER0190577	32.489	237	143	4	407	637	1	226	4.83e-36	132
LPMAEJAA_01275	MER0190705	34.632	231	140	3	408	636	1	222	1.69e-35	130
LPMAEJAA_01275	MER0005755	36.697	218	126	3	408	622	2	210	5.90e-35	129
LPMAEJAA_01275	MER0002197	33.333	237	147	3	407	640	1	229	7.09e-35	130
LPMAEJAA_01275	MER0015690	35.586	222	131	6	407	616	1	222	1.01e-34	129
LPMAEJAA_01275	MER0011120	36.036	222	130	7	407	616	1	222	1.39e-30	118
LPMAEJAA_01275	MER0024900	31.557	244	156	4	408	648	2	237	1.87e-30	117
LPMAEJAA_01275	MER0001246	30.899	178	111	3	422	596	5	173	2.66e-21	88.6
LPMAEJAA_01275	MER0015204	28.049	246	146	7	408	622	2	247	1.23e-20	90.1
LPMAEJAA_01312	MER0004085	29.268	287	176	10	220	497	50	318	1.98e-18	83.2
LPMAEJAA_01312	MER0014744	30.576	278	165	9	218	485	48	307	3.43e-18	82.8
LPMAEJAA_01312	MER0081072	27.336	289	165	9	202	485	1	249	2.92e-16	75.5
LPMAEJAA_01312	MER0000313	27.451	306	181	11	206	506	6	275	3.95e-15	72.4
LPMAEJAA_01312	MER0001523	27.124	306	182	11	206	506	6	275	5.17e-15	72.4
LPMAEJAA_01312	MER0000312	27.124	306	182	11	206	506	6	275	5.17e-15	72.4
LPMAEJAA_01312	MER0001521	27.451	306	181	11	206	506	6	275	5.89e-15	72.0
LPMAEJAA_01312	MER0001755	27.451	306	181	11	206	506	6	275	3.35e-14	69.7
LPMAEJAA_01312	MER0000332	26.333	300	173	11	212	505	13	270	4.10e-13	66.6
LPMAEJAA_01312	MER0000310	28.713	303	162	13	213	506	17	274	9.40e-13	65.5
LPMAEJAA_01312	MER0001520	28.720	289	164	12	219	506	22	269	2.62e-12	63.9
LPMAEJAA_01312	MER0000315	29.213	267	148	11	219	484	22	248	4.05e-12	63.5
LPMAEJAA_01312	MER0001725	25.733	307	179	11	215	505	45	318	4.36e-12	63.9
LPMAEJAA_01312	MER0002575	27.974	311	175	16	206	505	6	278	4.54e-12	63.5
LPMAEJAA_01312	MER0000319	26.214	309	167	13	204	499	13	273	1.15e-11	62.4
LPMAEJAA_01312	MER0000316	29.642	307	173	15	202	506	3	268	1.72e-11	61.6
LPMAEJAA_01312	MER0001906	28.839	267	149	11	219	484	22	248	2.19e-11	61.2
LPMAEJAA_01312	MER0077555	27.018	285	167	11	204	484	6	253	2.48e-11	61.2
LPMAEJAA_01312	MER0001928	28.155	309	171	15	204	506	6	269	2.49e-10	58.2
LPMAEJAA_01312	MER0013656	29.412	289	160	13	220	506	22	268	1.20e-09	55.8
LPMAEJAA_01312	MER0001699	26.165	279	168	12	220	498	23	263	6.96e-09	53.9
LPMAEJAA_01312	MER0000333	25.667	300	180	11	210	506	12	271	1.58e-08	52.8
LPMAEJAA_01312	MER0000320	29.016	193	114	7	213	401	15	188	1.96e-08	52.4
LPMAEJAA_01312	MER0047718	32.653	147	59	9	219	347	12	136	3.77e-08	52.0
LPMAEJAA_01312	MER0000309	27.037	270	157	9	220	486	23	255	5.03e-08	51.2
LPMAEJAA_01312	MER0000389	25.287	348	189	15	205	506	15	337	5.49e-08	51.6
LPMAEJAA_01312	MER0016697	26.266	316	181	14	214	488	20	324	2.95e-07	49.3
LPMAEJAA_01312	MER0004690	22.360	322	200	9	207	500	30	329	5.20e-07	48.5
LPMAEJAA_01312	MER0002267	26.891	238	144	9	275	504	67	282	6.39e-07	47.8
LPMAEJAA_01312	MER0016978	26.183	317	189	16	212	506	23	316	7.30e-07	47.8
LPMAEJAA_01312	MER0002562	24.620	329	199	10	215	506	36	352	1.41e-06	47.0
LPMAEJAA_01312	MER0017009	23.939	330	177	12	204	488	29	329	1.86e-06	46.6
LPMAEJAA_01312	MER0002565	25.000	260	143	9	275	505	103	339	2.71e-06	46.2
LPMAEJAA_01312	MER0000326	27.652	264	138	12	220	476	30	247	4.87e-06	45.1
LPMAEJAA_01312	MER0000361	26.786	280	157	12	219	466	29	292	6.61e-06	45.1
LPMAEJAA_01319	MER0002251	46.396	222	113	4	2	220	1	219	2.37e-65	199
LPMAEJAA_01319	MER0001335	39.130	230	133	4	4	230	3	228	7.48e-47	152
LPMAEJAA_01320	MER0005742	26.056	142	64	4	53	194	1	101	4.76e-08	47.0
LPMAEJAA_01320	MER0014983	27.966	118	59	5	79	194	20	113	1.14e-06	43.9
LPMAEJAA_01320	MER0001333	28.667	150	71	8	53	200	87	202	1.65e-06	45.1
LPMAEJAA_01321	MER0042387	34.783	184	110	6	74	251	1	180	2.75e-27	100
LPMAEJAA_01321	MER0031491	30.055	183	110	4	74	242	1	179	2.30e-23	90.9
LPMAEJAA_01321	MER0026545	30.588	170	101	4	94	251	103	267	7.78e-18	77.8
LPMAEJAA_01321	MER0026496	26.449	276	166	11	1	249	3	268	1.72e-16	73.9
LPMAEJAA_01321	MER0026552	31.944	144	95	3	99	241	17	158	5.95e-16	70.5
LPMAEJAA_01321	MER0002642	27.381	168	105	7	91	249	12	171	1.25e-08	50.1
LPMAEJAA_01321	MER0006292	26.708	161	100	7	100	248	21	175	3.39e-08	48.9
LPMAEJAA_01324	MER0001243	38.934	244	147	2	5	246	6	249	4.61e-57	181
LPMAEJAA_01324	MER0005690	37.975	237	146	1	10	246	11	246	1.80e-53	171
LPMAEJAA_01324	MER0001342	37.344	241	151	0	6	246	7	247	4.95e-52	167
LPMAEJAA_01324	MER0015127	37.238	239	149	1	8	246	9	246	6.57e-49	159
LPMAEJAA_01324	MER0015128	36.170	235	148	2	13	246	14	247	7.17e-48	156
LPMAEJAA_01324	MER0013589	34.298	242	158	1	5	246	2	242	4.78e-45	149
LPMAEJAA_01324	MER0013929	34.426	244	159	1	5	248	6	248	3.52e-43	144
LPMAEJAA_01324	MER0013450	30.769	247	169	2	2	246	1	247	5.52e-38	131
LPMAEJAA_01324	MER0004931	29.268	205	131	5	3	204	4	197	1.86e-20	84.3
LPMAEJAA_01324	MER0010972	26.860	242	155	4	7	246	8	229	2.60e-18	79.0
LPMAEJAA_01324	MER0003880	28.780	205	131	5	11	211	4	197	4.57e-16	73.6
LPMAEJAA_01324	MER0004532	26.368	201	137	3	5	204	6	196	3.63e-14	67.0
LPMAEJAA_01324	MER0011746	27.103	214	137	6	13	213	14	221	4.47e-13	65.1
LPMAEJAA_01324	MER0024896	26.718	131	89	2	122	246	337	466	4.13e-11	59.7
LPMAEJAA_01324	MER0024896	24.528	106	80	0	5	110	6	111	4.47e-09	53.5
LPMAEJAA_01324	MER0005462	24.725	182	129	4	1	180	2	177	6.33e-11	57.8
LPMAEJAA_01324	MER0001728	29.148	223	130	9	3	207	3	215	6.38e-11	58.5
LPMAEJAA_01324	MER0002038	27.329	161	110	4	72	230	69	224	2.13e-09	53.5
LPMAEJAA_01324	MER0001244	24.324	148	104	3	1	146	2	143	1.55e-07	48.1
LPMAEJAA_01335	MER0045094	43.011	186	101	3	2	184	13	196	2.98e-52	164
LPMAEJAA_01335	MER0043394	43.210	162	88	2	27	186	3	162	7.28e-47	148
LPMAEJAA_01335	MER0044622	38.947	190	109	4	3	187	28	215	1.73e-44	145
LPMAEJAA_01335	MER0044882	42.105	171	89	6	25	187	3	171	7.19e-40	131
LPMAEJAA_01335	MER0043392	42.958	142	76	3	46	187	23	159	7.97e-35	117
LPMAEJAA_01335	MER0044619	27.778	198	122	7	1	187	8	195	3.80e-19	79.0
LPMAEJAA_01335	MER0045095	30.180	222	107	9	1	186	15	224	5.88e-19	79.0
LPMAEJAA_01335	MER0043195	29.000	200	123	7	4	185	8	206	2.79e-17	73.9
LPMAEJAA_01335	MER0044812	28.485	165	106	4	15	176	68	223	5.10e-16	70.5
LPMAEJAA_01335	MER0043537	24.194	186	132	6	3	185	2	181	5.92e-15	66.6
LPMAEJAA_01335	MER0045945	29.189	185	115	7	2	182	33	205	7.96e-11	55.8
LPMAEJAA_01335	MER0044889	31.624	117	74	3	71	186	88	199	1.24e-10	55.8
LPMAEJAA_01335	MER0045886	29.060	117	73	3	72	185	83	192	4.81e-10	53.9
LPMAEJAA_01335	MER0043387	29.012	162	91	9	34	186	19	165	1.76e-09	51.6
LPMAEJAA_01335	MER0436691	29.851	134	82	4	42	171	100	225	2.15e-09	52.4
LPMAEJAA_01335	MER0038086	28.926	121	76	3	72	186	107	223	2.77e-09	52.0
LPMAEJAA_01335	MER0436735	27.586	174	90	9	46	185	48	219	8.94e-08	47.8
LPMAEJAA_01335	MER0043540	26.429	140	86	6	42	176	83	210	9.76e-08	47.4
LPMAEJAA_01335	MER0046161	26.351	148	90	5	42	182	102	237	1.57e-07	47.0
LPMAEJAA_01335	MER0042974	25.203	123	84	3	67	186	63	180	2.83e-07	45.8
LPMAEJAA_01335	MER0060647	25.714	175	112	7	14	182	184	346	3.90e-06	43.1
LPMAEJAA_01337	MER0492485	31.111	90	58	1	50	139	28	113	1.90e-06	43.1
LPMAEJAA_01371	MER0000310	25.714	280	142	10	152	416	28	256	9.38e-13	65.5
LPMAEJAA_01371	MER0000332	29.947	187	102	6	129	299	9	182	1.95e-12	64.7
LPMAEJAA_01371	MER0000319	33.333	120	68	4	180	292	67	181	1.73e-11	62.0
LPMAEJAA_01371	MER0077555	22.887	284	151	9	153	418	25	258	1.23e-10	59.3
LPMAEJAA_01371	MER0002565	25.172	290	145	10	152	423	68	303	4.39e-09	55.1
LPMAEJAA_01371	MER0042897	28.931	159	93	5	153	292	25	182	9.70e-09	53.5
LPMAEJAA_01371	MER0081072	23.891	293	149	11	139	413	12	248	1.52e-08	52.8
LPMAEJAA_01371	MER0017009	23.651	241	143	9	182	413	117	325	1.61e-06	47.0
LPMAEJAA_01371	MER0002267	25.430	291	142	13	162	439	54	282	1.67e-06	46.6
LPMAEJAA_01371	MER0002575	22.297	296	160	10	140	416	16	260	8.71e-06	44.3
LPMAEJAA_01417	MER0004925	56.489	262	113	1	541	801	1	262	2.01e-104	319
LPMAEJAA_01417	MER0014827	54.962	262	117	1	541	801	1	262	2.56e-100	308
LPMAEJAA_01417	MER0017401	33.588	131	76	5	661	783	96	223	9.34e-14	68.6
LPMAEJAA_01417	MER0015682	26.271	236	150	7	566	793	81	300	6.03e-13	67.4
LPMAEJAA_01417	MER0034615	25.620	242	150	7	552	778	2	228	3.06e-12	64.3
LPMAEJAA_01417	MER0126485	29.268	164	89	4	644	790	74	227	2.81e-11	61.2
LPMAEJAA_01417	MER0005196	27.000	200	111	9	560	744	22	201	9.37e-11	60.1
LPMAEJAA_01417	MER0140224	27.805	205	113	8	611	790	35	229	3.07e-10	58.2
LPMAEJAA_01417	MER0003558	23.735	257	155	11	550	786	12	247	5.77e-10	57.8
LPMAEJAA_01417	MER0011583	28.105	153	82	6	649	778	77	224	4.78e-08	51.6
LPMAEJAA_01417	MER0013484	31.915	141	85	5	659	790	97	235	1.81e-07	50.1
LPMAEJAA_01417	MER0011413	29.032	155	95	5	640	785	78	226	3.88e-07	48.9
LPMAEJAA_01417	MER0016096	23.611	144	92	4	658	787	97	236	8.95e-07	47.8
LPMAEJAA_01417	MER1137425	22.776	281	162	10	558	805	4	262	9.53e-07	48.1
LPMAEJAA_01417	MER0001423	31.429	105	59	4	651	746	83	183	1.75e-06	47.0
LPMAEJAA_01417	MER0000408	27.389	157	89	7	642	779	82	232	7.99e-06	45.1
LPMAEJAA_01441	MER0011251	30.252	119	57	3	41	155	17	113	5.92e-06	45.8
LPMAEJAA_01445	MER0045886	43.723	231	121	4	1	226	10	236	6.15e-56	184
LPMAEJAA_01445	MER0044889	34.348	230	144	5	2	227	16	242	2.86e-37	134
LPMAEJAA_01445	MER0038086	36.538	208	113	5	5	195	29	234	2.75e-35	129
LPMAEJAA_01445	MER0436735	26.641	259	153	4	5	226	4	262	2.09e-30	116
LPMAEJAA_01445	MER0042974	35.079	191	115	4	12	194	1	190	3.95e-29	110
LPMAEJAA_01445	MER0043387	35.393	178	111	3	20	195	1	176	2.73e-28	107
LPMAEJAA_01445	MER0043537	34.737	190	114	5	5	189	2	186	3.00e-22	91.3
LPMAEJAA_01445	MER0044622	28.481	158	102	5	39	190	68	220	5.05e-08	50.8
LPMAEJAA_01445	MER0043392	27.746	173	118	5	27	197	1	168	3.00e-07	47.4
LPMAEJAA_01445	MER0043475	26.846	149	82	5	39	169	55	194	1.64e-06	46.2
LPMAEJAA_01445	MER0045094	29.268	123	82	3	71	190	84	204	3.43e-06	45.4
LPMAEJAA_01451	MER0065554	50.196	255	115	3	289	532	9	262	1.34e-82	255
LPMAEJAA_01451	MER0437468	38.395	349	199	6	197	530	1	348	1.92e-76	242
LPMAEJAA_01451	MER0436717	36.090	399	185	9	197	530	1	394	1.39e-62	207
LPMAEJAA_01455	MER0019280	31.310	313	176	13	276	575	19	305	1.82e-25	104
LPMAEJAA_01455	MER0004123	29.766	299	162	11	287	555	34	314	3.39e-25	103
LPMAEJAA_01455	MER0175622	29.452	292	158	11	284	555	21	284	1.13e-20	90.1
LPMAEJAA_01455	MER0004988	30.033	303	175	12	279	571	19	294	3.41e-20	88.6
LPMAEJAA_01455	MER0001699	30.592	304	162	12	276	570	8	271	7.26e-19	84.0
LPMAEJAA_01455	MER0001520	27.946	297	175	11	276	570	8	267	1.16e-17	80.5
LPMAEJAA_01455	MER0000313	28.873	284	166	9	276	555	8	259	1.55e-17	80.1
LPMAEJAA_01455	MER0003536	29.537	281	142	11	286	542	25	273	2.09e-17	80.5
LPMAEJAA_01455	MER0001521	28.873	284	166	9	276	555	8	259	2.34e-17	79.7
LPMAEJAA_01455	MER0016688	25.959	339	193	16	263	570	5	316	6.33e-17	79.3
LPMAEJAA_01455	MER0000315	28.188	298	173	12	276	570	8	267	1.20e-16	77.4
LPMAEJAA_01455	MER0001906	28.188	298	173	12	276	570	8	267	1.36e-16	77.4
LPMAEJAA_01455	MER0001523	28.521	284	167	9	276	555	8	259	3.69e-16	76.3
LPMAEJAA_01455	MER0000312	28.521	284	167	9	276	555	8	259	3.69e-16	76.3
LPMAEJAA_01455	MER0000316	26.599	297	179	11	276	570	7	266	4.05e-16	75.9
LPMAEJAA_01455	MER0001755	27.090	299	181	10	276	570	8	273	4.88e-16	75.9
LPMAEJAA_01455	MER0013656	28.223	287	162	10	276	557	7	254	3.28e-15	73.2
LPMAEJAA_01455	MER0002267	30.097	309	164	15	276	572	16	284	4.56e-15	73.2
LPMAEJAA_01455	MER0001928	27.703	296	177	9	276	570	8	267	4.92e-15	72.8
LPMAEJAA_01455	MER0000311	28.912	294	158	11	276	561	8	258	1.23e-14	71.6
LPMAEJAA_01455	MER0000349	27.381	336	171	16	284	565	65	381	1.24e-14	72.8
LPMAEJAA_01455	MER0000332	28.571	280	150	10	293	563	24	262	4.22e-14	70.1
LPMAEJAA_01455	MER0067924	29.431	299	142	15	285	546	6	272	5.94e-14	69.7
LPMAEJAA_01455	MER0000310	27.491	291	173	9	276	563	8	263	6.85e-14	69.3
LPMAEJAA_01455	MER0016991	29.213	267	147	11	289	530	29	278	3.03e-13	68.2
LPMAEJAA_01455	MER0030016	31.086	267	130	13	289	535	30	262	4.78e-13	67.0
LPMAEJAA_01455	MER0077555	28.896	308	167	14	276	572	8	274	2.06e-12	65.1
LPMAEJAA_01455	MER0002565	25.000	256	163	6	295	550	67	293	5.59e-12	64.7
LPMAEJAA_01455	MER0000319	26.820	261	156	7	289	548	28	254	9.58e-12	63.2
LPMAEJAA_01455	MER0000321	29.391	279	144	15	290	546	101	348	7.69e-11	60.8
LPMAEJAA_01455	MER0013641	26.074	349	192	17	261	570	6	327	9.83e-11	60.8
LPMAEJAA_01455	MER0050309	29.524	210	131	6	339	548	46	238	2.65e-10	59.7
LPMAEJAA_01455	MER0004085	26.523	279	162	11	291	548	50	306	9.28e-10	57.4
LPMAEJAA_01455	MER0042897	29.242	277	163	8	276	548	8	255	1.27e-09	56.6
LPMAEJAA_01455	MER0161312	26.453	344	168	16	286	562	17	342	1.61e-09	57.0
LPMAEJAA_01455	MER0014446	27.027	259	149	9	304	547	161	394	2.31e-09	56.6
LPMAEJAA_01455	MER0003020	29.714	175	84	5	385	530	300	464	2.36e-09	57.0
LPMAEJAA_01455	MER0005859	27.407	270	152	9	333	570	238	495	2.67e-09	56.6
LPMAEJAA_01455	MER0002500	24.370	357	200	16	247	556	48	381	3.02e-09	56.2
LPMAEJAA_01455	MER0114485	26.708	322	158	15	278	532	17	327	3.68e-09	55.8
LPMAEJAA_01455	MER0000351	27.174	276	146	11	291	533	33	286	6.52e-09	54.3
LPMAEJAA_01455	MER0000309	25.338	296	189	9	276	570	8	272	7.40e-09	54.3
LPMAEJAA_01455	MER0000361	32.653	147	88	5	432	570	192	335	3.38e-08	52.8
LPMAEJAA_01455	MER0000347	28.261	276	156	13	322	574	101	357	3.38e-08	53.1
LPMAEJAA_01455	MER0002562	28.188	149	96	2	432	570	203	350	8.07e-08	51.6
LPMAEJAA_01455	MER0002057	25.155	322	173	11	276	546	35	339	1.33e-07	50.8
LPMAEJAA_01455	MER0000353	26.119	268	141	11	291	525	84	327	3.88e-07	49.3
LPMAEJAA_01455	MER0014315	25.234	321	143	12	340	585	79	377	4.04e-07	49.3
LPMAEJAA_01455	MER0000320	22.807	285	181	11	276	548	8	265	4.58e-07	48.9
LPMAEJAA_01455	MER0015424	30.405	148	79	6	451	574	241	388	4.66e-07	49.7
LPMAEJAA_01455	MER0005699	27.437	277	129	8	329	546	104	367	5.89e-07	48.9
LPMAEJAA_01455	MER0006074	28.395	243	127	11	318	546	62	271	1.15e-06	47.8
LPMAEJAA_01455	MER0016978	25.949	316	174	14	287	570	27	314	1.18e-06	47.8
LPMAEJAA_01455	MER0001725	29.252	147	88	4	434	570	177	317	2.54e-06	46.6
LPMAEJAA_01455	MER0005757	26.556	241	107	8	350	530	107	337	3.94e-06	46.2
LPMAEJAA_01455	MER0001709	32.484	157	98	5	421	570	174	329	4.74e-06	45.8
LPMAEJAA_01455	MER0005700	26.154	260	117	10	350	546	107	354	4.86e-06	46.2
LPMAEJAA_01455	MER0006297	29.240	171	94	5	396	549	323	483	4.98e-06	46.2
LPMAEJAA_01455	MER0000344	28.095	210	116	10	318	521	68	248	7.90e-06	45.1
LPMAEJAA_01455	MER0002575	28.671	143	78	4	385	526	115	234	8.52e-06	44.7
LPMAEJAA_01455	MER0014089	28.571	140	80	4	340	469	88	217	9.59e-06	45.4
LPMAEJAA_01505	MER0002635	38.078	281	158	3	144	408	3	283	5.50e-52	173
LPMAEJAA_01505	MER0173063	38.868	265	155	4	144	404	2	263	1.31e-49	166
LPMAEJAA_01505	MER0002646	35.252	278	141	3	171	409	30	307	9.02e-48	162
LPMAEJAA_01505	MER0003824	35.766	274	157	8	142	408	1	262	2.09e-41	144
LPMAEJAA_01505	MER0049282	36.260	262	150	8	157	410	21	273	6.54e-41	143
LPMAEJAA_01505	MER0120615	29.323	266	177	5	144	406	1	258	2.33e-33	122
LPMAEJAA_01505	MER0011469	29.317	249	153	3	181	409	43	288	2.59e-28	109
LPMAEJAA_01505	MER0003772	27.481	262	170	7	162	410	18	272	1.90e-25	101
LPMAEJAA_01505	MER0011470	27.106	273	175	6	160	410	13	283	1.44e-23	96.7
LPMAEJAA_01505	MER0006292	27.638	199	117	7	212	409	1	173	1.17e-15	71.6
LPMAEJAA_01505	MER0142760	31.387	137	92	1	243	379	301	435	7.51e-15	72.8
LPMAEJAA_01509	MER0061102	22.472	178	110	4	37	192	1	172	8.01e-08	48.9
LPMAEJAA_01509	MER0043126	25.000	196	122	6	35	215	21	206	1.08e-07	48.9
LPMAEJAA_01509	MER0061059	24.000	175	111	5	51	211	29	195	9.19e-06	43.1
LPMAEJAA_01531	MER0011583	33.466	251	149	5	434	674	7	249	5.76e-39	141
LPMAEJAA_01531	MER0017401	33.036	224	147	3	434	656	2	223	6.46e-36	132
LPMAEJAA_01531	MER0000263	29.098	244	163	6	434	670	1	241	4.52e-28	110
LPMAEJAA_01531	MER0034615	28.270	237	163	3	431	661	2	237	1.68e-25	102
LPMAEJAA_01531	MER0015682	26.014	296	202	7	389	673	17	306	3.42e-22	94.7
LPMAEJAA_01531	MER0003558	26.400	250	169	5	431	671	14	257	6.28e-22	92.8
LPMAEJAA_01531	MER0000408	27.273	220	150	4	442	654	18	234	3.94e-21	90.5
LPMAEJAA_01531	MER0126485	28.230	209	143	3	449	653	12	217	2.62e-18	81.6
LPMAEJAA_01531	MER0058228	27.984	243	158	6	439	673	7	240	4.20e-18	81.3
LPMAEJAA_01531	MER0140224	26.360	239	145	7	453	673	13	238	6.81e-18	80.5
LPMAEJAA_01531	MER0016096	27.193	228	156	4	435	653	2	228	1.67e-17	79.3
LPMAEJAA_01531	MER0005807	28.938	273	178	6	382	653	2	259	2.21e-14	70.9
LPMAEJAA_01531	MER0006027	24.370	238	163	8	445	671	24	255	4.50e-14	69.7
LPMAEJAA_01531	MER0018170	25.116	215	154	3	452	659	25	239	4.57e-13	66.6
LPMAEJAA_01531	MER0005196	29.348	184	117	4	442	619	25	201	3.62e-12	63.9
LPMAEJAA_01531	MER0001920	25.877	228	161	5	453	673	20	246	8.15e-12	62.8
LPMAEJAA_01531	MER0005694	24.400	250	175	8	421	661	20	264	2.90e-11	61.6
LPMAEJAA_01531	MER0195666	23.923	209	136	8	439	634	1	199	5.78e-11	60.1
LPMAEJAA_01531	MER0002490	24.549	277	174	10	416	665	15	283	9.96e-11	60.5
LPMAEJAA_01531	MER0001423	23.894	226	151	5	438	653	1	215	1.28e-10	58.9
LPMAEJAA_01531	MER0015621	24.670	227	142	7	429	635	27	244	3.15e-10	58.5
LPMAEJAA_01531	MER0004199	25.541	231	153	6	446	668	1	220	3.85e-10	57.4
LPMAEJAA_01531	MER0981959	25.110	227	147	6	426	635	13	233	5.58e-10	57.8
LPMAEJAA_01531	MER0000399	23.077	260	184	8	417	668	4	255	5.61e-10	57.4
LPMAEJAA_01531	MER0000404	24.893	233	158	7	431	653	18	243	5.63e-10	57.4
LPMAEJAA_01531	MER0005994	25.541	231	154	6	431	651	19	241	1.85e-09	55.8
LPMAEJAA_01531	MER0000401	22.041	245	163	7	439	668	26	257	2.82e-09	55.5
LPMAEJAA_01531	MER0011413	25.214	234	152	8	439	659	4	227	8.03e-09	53.5
LPMAEJAA_01531	MER0004921	27.211	147	101	4	439	579	4	150	9.36e-09	53.5
LPMAEJAA_01531	MER0000392	21.481	270	182	11	426	673	14	275	1.12e-08	53.9
LPMAEJAA_01531	MER0014827	26.277	274	161	13	424	674	6	261	1.54e-08	53.1
LPMAEJAA_01531	MER0013484	26.946	167	108	6	437	596	2	161	2.29e-08	52.4
LPMAEJAA_01531	MER0192427	23.789	227	161	6	432	653	59	278	2.98e-08	52.4
LPMAEJAA_01531	MER0022823	24.255	235	161	9	452	673	42	272	3.43e-08	52.4
LPMAEJAA_01531	MER0011450	27.801	241	150	12	452	673	39	274	4.24e-08	52.0
LPMAEJAA_01531	MER0011305	28.049	246	143	12	442	671	23	250	4.52e-07	48.5
LPMAEJAA_01531	MER0000398	22.619	252	174	9	426	670	11	248	1.15e-06	47.4
LPMAEJAA_01531	MER0004923	26.797	153	105	4	423	568	39	191	1.57e-06	47.4
LPMAEJAA_01531	MER0000405	22.822	241	162	8	435	662	28	257	5.14e-06	45.4
LPMAEJAA_01542	MER0004682	27.027	222	133	8	64	267	24	234	3.30e-12	65.1
LPMAEJAA_01542	MER0004683	27.684	177	109	6	66	234	26	191	1.02e-10	60.5
LPMAEJAA_01542	MER0004684	25.543	184	119	6	59	234	18	191	5.91e-10	57.8
LPMAEJAA_01542	MER0005764	28.177	181	111	8	59	234	18	184	2.03e-09	56.2
LPMAEJAA_01542	MER0011747	29.508	183	107	8	61	234	21	190	2.10e-09	56.2
LPMAEJAA_01542	MER0006012	32.143	140	79	6	65	202	18	143	2.86e-09	52.8
LPMAEJAA_01542	MER0010960	29.944	177	100	10	41	212	5	162	4.25e-09	55.1
LPMAEJAA_01542	MER0005778	30.481	187	106	9	65	241	24	196	6.15e-09	54.7
LPMAEJAA_01542	MER0004653	27.717	184	110	8	61	235	21	190	2.78e-08	52.8
LPMAEJAA_01542	MER0015654	29.545	176	102	8	61	226	21	184	4.05e-08	52.0
LPMAEJAA_01542	MER0022863	33.333	156	82	7	62	213	26	163	5.49e-08	51.6
LPMAEJAA_01542	MER0016609	30.137	146	90	6	66	209	26	161	1.49e-07	50.4
LPMAEJAA_01542	MER0013916	24.413	213	131	8	61	262	21	214	1.58e-07	50.1
LPMAEJAA_01542	MER0015618	25.630	238	139	11	61	279	21	239	1.93e-07	50.1
LPMAEJAA_01542	MER0013918	25.131	191	119	7	61	240	21	198	1.99e-07	50.1
LPMAEJAA_01542	MER0005701	27.749	191	117	9	42	226	5	180	5.42e-07	48.5
LPMAEJAA_01542	MER0015617	23.944	213	132	8	61	262	21	214	5.60e-07	48.5
LPMAEJAA_01542	MER0013917	26.506	166	104	6	61	221	21	173	1.04e-06	47.8
LPMAEJAA_01542	MER0000413	28.378	148	93	5	64	206	33	172	1.08e-06	47.8
LPMAEJAA_01542	MER0010959	30.405	148	91	6	64	209	24	161	1.66e-06	47.0
LPMAEJAA_01542	MER0011762	30.178	169	94	8	43	206	6	155	1.83e-06	47.0
LPMAEJAA_01542	MER0015614	27.879	165	103	7	61	221	21	173	1.89e-06	47.0
LPMAEJAA_01542	MER0015656	23.913	184	120	7	66	240	26	198	2.59e-06	46.2
LPMAEJAA_01542	MER0001944	26.627	169	98	6	64	226	23	171	3.03e-06	46.2
LPMAEJAA_01542	MER0011182	31.579	152	84	7	64	212	28	162	3.70e-06	45.8
LPMAEJAA_01542	MER0023481	27.451	153	89	7	64	212	28	162	4.40e-06	45.8
LPMAEJAA_01542	MER0000428	25.166	151	97	6	64	213	20	155	6.64e-06	45.1
LPMAEJAA_01542	MER0004615	26.506	166	104	7	43	206	6	155	7.14e-06	45.1
LPMAEJAA_01542	MER0011751	28.834	163	94	8	65	221	24	170	8.50e-06	44.7
LPMAEJAA_01564	MER0011720	30.137	219	136	5	202	412	1	210	2.23e-24	98.6
LPMAEJAA_01564	MER0019759	31.818	220	120	6	228	426	22	232	3.76e-24	98.6
LPMAEJAA_01564	MER0011183	30.660	212	132	5	226	423	12	222	1.86e-23	96.3
LPMAEJAA_01564	MER0002355	29.817	218	140	4	202	410	1	214	7.52e-22	91.7
LPMAEJAA_01564	MER0001701	32.683	205	104	5	224	404	6	200	5.53e-21	89.4
LPMAEJAA_01564	MER0015166	30.435	230	131	7	199	403	5	230	6.77e-21	89.0
LPMAEJAA_01564	MER0005046	33.690	187	112	4	229	403	11	197	1.21e-20	87.4
LPMAEJAA_01564	MER0002968	28.571	224	138	6	202	408	1	219	1.33e-20	87.8
LPMAEJAA_01564	MER0005331	31.053	190	119	4	227	404	21	210	3.64e-20	86.3
LPMAEJAA_01564	MER0002746	32.701	211	127	7	230	426	24	233	5.86e-20	86.3
LPMAEJAA_01564	MER0091680	31.280	211	120	8	229	421	14	217	1.27e-19	85.1
LPMAEJAA_01564	MER0001012	27.826	230	125	4	202	404	1	216	1.53e-19	84.7
LPMAEJAA_01564	MER0011440	29.224	219	128	5	210	408	3	214	9.53e-19	82.4
LPMAEJAA_01564	MER0002060	27.397	219	145	4	202	407	1	218	1.24e-18	82.0
LPMAEJAA_01564	MER0028449	29.808	208	115	5	225	408	25	225	2.73e-18	81.3
LPMAEJAA_01564	MER0011370	31.383	188	102	5	237	404	30	210	2.91e-18	80.9
LPMAEJAA_01564	MER0011345	31.122	196	104	5	233	408	37	221	1.47e-17	79.7
LPMAEJAA_01564	MER0011369	28.111	217	135	6	205	404	13	225	1.54e-17	79.3
LPMAEJAA_01564	MER0002003	28.636	220	143	4	202	407	1	220	3.35e-17	78.2
LPMAEJAA_01564	MER0006264	29.474	190	104	4	236	404	2	182	7.45e-17	76.3
LPMAEJAA_01564	MER0011423	27.232	224	127	6	207	404	1	214	1.15e-16	76.3
LPMAEJAA_01564	MER0001010	29.268	205	124	6	230	417	3	203	1.29e-16	75.9
LPMAEJAA_01564	MER0002422	29.050	179	118	4	236	405	29	207	1.58e-16	75.9
LPMAEJAA_01564	MER0036308	31.731	208	124	6	217	413	20	220	2.02e-16	76.3
LPMAEJAA_01564	MER0005045	31.088	193	119	5	225	404	7	198	2.39e-16	75.1
LPMAEJAA_01564	MER0001013	29.596	223	135	9	216	423	22	237	2.43e-16	76.3
LPMAEJAA_01564	MER0002281	31.905	210	118	7	234	424	39	242	2.99e-16	75.9
LPMAEJAA_01564	MER0001003	33.514	185	106	6	234	403	2	184	6.71e-16	73.2
LPMAEJAA_01564	MER0004243	29.870	231	114	7	207	404	1	216	7.39e-16	73.9
LPMAEJAA_01564	MER0168983	31.429	175	98	5	239	405	3	163	9.63e-16	72.4
LPMAEJAA_01564	MER0000997	31.472	197	107	6	224	398	21	211	1.01e-15	73.6
LPMAEJAA_01564	MER0011438	37.864	103	60	1	226	324	19	121	2.18e-15	72.4
LPMAEJAA_01564	MER0001009	32.051	156	95	3	284	429	20	174	2.38e-15	72.4
LPMAEJAA_01564	MER0011175	28.646	192	122	4	226	403	19	209	2.88e-15	72.0
LPMAEJAA_01564	MER0005328	29.756	205	123	7	207	396	1	199	7.28e-15	70.9
LPMAEJAA_01564	MER0001017	28.947	228	115	9	207	406	12	220	8.46e-15	71.6
LPMAEJAA_01564	MER0012283	31.325	166	98	5	252	406	57	217	1.01e-14	70.9
LPMAEJAA_01564	MER0012271	31.361	169	98	4	252	407	58	221	1.07e-14	71.2
LPMAEJAA_01564	MER0011399	23.894	226	150	4	207	415	1	221	1.11e-14	70.9
LPMAEJAA_01564	MER0011371	30.208	192	113	6	227	401	21	208	2.65e-14	69.3
LPMAEJAA_01564	MER0001185	28.718	195	120	4	224	403	24	214	4.15e-14	68.9
LPMAEJAA_01564	MER0052595	27.354	223	137	6	202	403	1	219	2.13e-13	67.0
LPMAEJAA_01564	MER0019754	27.363	201	117	7	227	405	3	196	5.31e-13	65.1
LPMAEJAA_01564	MER0011401	28.659	164	100	3	252	398	38	201	8.05e-13	65.1
LPMAEJAA_01564	MER0016308	30.556	180	106	5	239	403	7	182	8.62e-13	64.3
LPMAEJAA_01564	MER0002078	25.207	242	150	6	207	426	1	233	1.45e-12	64.7
LPMAEJAA_01564	MER0168177	34.559	136	68	5	282	406	40	165	7.95e-12	61.2
LPMAEJAA_01564	MER0026830	29.412	119	75	2	223	338	19	131	3.47e-11	59.7
LPMAEJAA_01564	MER0002210	29.032	155	96	3	251	391	2	156	9.86e-11	57.8
LPMAEJAA_01564	MER0011400	26.136	176	117	3	246	408	40	215	1.32e-10	58.9
LPMAEJAA_01564	MER0002755	28.571	161	97	5	252	399	47	202	2.31e-10	57.8
LPMAEJAA_01564	MER0001005	29.379	177	101	7	251	408	10	181	5.49e-10	56.2
LPMAEJAA_01564	MER0003500	25.397	189	127	4	239	415	20	206	6.19e-10	56.6
LPMAEJAA_01564	MER0003916	34.343	99	61	2	226	320	8	106	1.14e-09	55.5
LPMAEJAA_01564	MER0002658	29.365	126	76	2	287	399	1	126	3.42e-09	53.1
LPMAEJAA_01564	MER0026493	29.268	123	75	4	216	332	11	127	1.12e-08	52.0
LPMAEJAA_01564	MER0116688	24.747	198	116	5	235	409	29	216	5.81e-08	51.2
LPMAEJAA_01567	MER0002007	42.338	385	202	8	24	405	6	373	3.08e-96	291
LPMAEJAA_01567	MER0002655	36.709	395	221	9	35	425	9	378	1.28e-74	235
LPMAEJAA_01567	MER0002659	36.364	396	225	10	34	423	16	390	3.10e-74	234
LPMAEJAA_01567	MER0002013	35.930	398	227	9	37	424	15	394	3.30e-74	234
LPMAEJAA_01567	MER0002014	36.203	395	227	9	34	423	16	390	2.04e-73	232
LPMAEJAA_01567	MER0005155	36.082	388	221	9	38	415	9	379	2.16e-65	211
LPMAEJAA_01567	MER0003770	35.519	366	213	8	34	397	4	348	1.59e-60	198
LPMAEJAA_01567	MER0005173	30.946	391	241	10	40	424	6	373	3.10e-52	176
LPMAEJAA_01567	MER0005163	50.296	169	67	5	36	203	9	161	6.20e-43	149
LPMAEJAA_01567	MER0005163	35.870	92	56	2	332	423	176	264	2.16e-08	52.0
LPMAEJAA_01567	MER0003815	40.541	185	93	5	34	217	16	184	1.42e-33	124
LPMAEJAA_01567	MER0003815	29.565	115	77	2	313	423	180	294	1.11e-08	53.1
LPMAEJAA_01567	MER0015354	38.624	189	99	5	34	221	16	188	1.29e-32	122
LPMAEJAA_01567	MER0003581	26.724	348	239	8	78	422	1	335	2.53e-28	111
LPMAEJAA_01567	MER0002664	34.896	192	100	6	32	222	4	171	6.56e-25	100
LPMAEJAA_01567	MER0014418	23.208	293	166	12	37	316	19	265	8.86e-08	50.4
LPMAEJAA_01568	MER0002007	42.408	382	201	7	30	409	10	374	6.15e-93	283
LPMAEJAA_01568	MER0002655	37.437	398	221	9	32	426	4	376	1.31e-81	253
LPMAEJAA_01568	MER0002013	36.500	400	227	8	37	427	13	394	2.48e-70	224
LPMAEJAA_01568	MER0005155	35.864	382	223	7	38	414	11	375	2.62e-66	213
LPMAEJAA_01568	MER0002659	33.750	400	235	10	37	427	13	391	2.21e-65	211
LPMAEJAA_01568	MER0002014	33.586	396	235	9	37	426	17	390	4.58e-64	208
LPMAEJAA_01568	MER0003770	34.606	393	232	9	37	427	5	374	5.11e-60	197
LPMAEJAA_01568	MER0005173	31.407	398	231	11	42	427	6	373	2.63e-51	174
LPMAEJAA_01568	MER0005163	49.133	173	72	4	34	206	5	161	6.73e-47	159
LPMAEJAA_01568	MER0005163	33.333	63	42	0	364	426	202	264	3.85e-08	51.2
LPMAEJAA_01568	MER0003815	40.933	193	94	5	33	221	9	185	1.66e-37	135
LPMAEJAA_01568	MER0015354	38.860	193	98	5	37	225	13	189	4.50e-35	128
LPMAEJAA_01568	MER0003581	27.920	351	232	8	80	425	1	335	6.98e-31	118
LPMAEJAA_01568	MER0002664	38.596	171	81	5	32	202	2	148	1.39e-26	105
LPMAEJAA_01568	MER0014418	26.578	301	171	11	27	319	7	265	7.08e-14	69.3
LPMAEJAA_01568	MER0369336	25.989	177	106	7	158	331	73	227	8.89e-06	44.3
LPMAEJAA_01571	MER0033237	27.027	185	112	7	39	212	3	175	1.47e-09	55.1
LPMAEJAA_01571	MER0031570	24.167	240	159	8	54	277	2	234	5.81e-06	43.5
LPMAEJAA_01574	MER0017193	48.387	279	140	4	2	278	1	277	1.33e-91	270
LPMAEJAA_01574	MER0026339	39.062	256	153	2	17	269	12	267	4.38e-65	201
LPMAEJAA_01574	MER0004146	27.437	277	169	11	10	270	1	261	8.89e-15	69.3
LPMAEJAA_01574	MER0017177	22.727	308	182	11	15	277	22	318	2.18e-12	63.2
LPMAEJAA_01574	MER0037236	26.199	271	171	11	14	270	6	261	1.19e-11	60.5
LPMAEJAA_01574	MER0031617	22.826	276	190	12	11	270	16	284	9.48e-10	55.1
LPMAEJAA_01574	MER0014065	27.642	123	83	5	11	129	16	136	1.36e-09	54.7
LPMAEJAA_01574	MER0045479	24.910	277	162	13	8	277	14	251	2.09e-09	53.9
LPMAEJAA_01574	MER0033259	25.090	279	175	9	6	277	9	260	2.68e-09	53.5
LPMAEJAA_01574	MER0031565	25.091	275	159	12	11	277	16	251	7.83e-09	52.0
LPMAEJAA_01574	MER0036080	26.357	258	145	11	52	276	90	335	1.22e-07	48.9
LPMAEJAA_01574	MER0036038	23.636	275	162	12	11	277	17	251	2.23e-06	44.7
LPMAEJAA_01574	MER0003537	34.286	70	44	1	209	278	217	284	2.87e-06	44.7
LPMAEJAA_01585	MER0001400	42.965	398	205	11	250	637	3	388	8.94e-84	275
LPMAEJAA_01626	MER0005900	19.437	391	241	12	18	356	3	371	1.71e-07	49.3
LPMAEJAA_01631	MER0036038	28.205	234	159	5	4	233	8	236	1.42e-23	95.9
LPMAEJAA_01631	MER0031565	29.362	235	157	6	4	234	8	237	1.99e-23	95.5
LPMAEJAA_01631	MER0045479	27.234	235	162	6	4	234	8	237	3.03e-21	89.4
LPMAEJAA_01631	MER0036036	29.536	237	154	7	4	233	8	238	2.37e-18	81.3
LPMAEJAA_01631	MER0031569	27.160	243	159	7	1	233	1	235	3.59e-16	74.7
LPMAEJAA_01631	MER0033245	37.662	77	41	2	58	130	17	90	3.59e-08	50.4
LPMAEJAA_01631	MER0036049	27.473	273	147	14	5	235	1	264	6.08e-08	50.4
LPMAEJAA_01631	MER0017248	20.426	235	153	6	4	231	47	254	2.09e-07	48.9
LPMAEJAA_01631	MER0031558	25.263	190	126	6	32	216	54	232	4.72e-07	47.8
LPMAEJAA_01631	MER0037863	27.273	165	95	8	43	199	78	225	4.86e-07	47.8
LPMAEJAA_01631	MER0045469	31.731	104	68	3	33	134	43	145	7.96e-06	43.5
LPMAEJAA_01640	MER0168983	27.429	175	107	7	275	445	1	159	4.73e-13	64.3
LPMAEJAA_01640	MER0012271	24.883	213	127	8	267	457	34	235	2.44e-10	57.8
LPMAEJAA_01640	MER0168177	28.387	155	89	6	275	422	1	140	2.66e-09	53.5
LPMAEJAA_01640	MER0001017	24.670	227	131	8	247	450	13	222	3.29e-09	54.7
LPMAEJAA_01640	MER0002755	26.442	208	119	8	254	441	9	202	5.69e-09	53.1
LPMAEJAA_01640	MER0005331	24.757	206	141	4	247	440	2	205	1.30e-08	52.4
LPMAEJAA_01640	MER0019754	25.654	191	120	7	266	439	3	188	6.76e-08	50.1
LPMAEJAA_01640	MER0001013	23.874	222	137	6	247	450	14	221	1.27e-07	49.7
LPMAEJAA_01640	MER0002968	26.613	124	81	2	327	440	87	210	3.05e-07	48.1
LPMAEJAA_01640	MER0036308	41.379	58	33	1	327	383	82	139	3.42e-07	48.5
LPMAEJAA_01640	MER0000997	26.630	184	115	5	272	439	31	210	7.67e-07	47.0
LPMAEJAA_01640	MER0002746	28.571	119	70	4	326	433	81	195	8.32e-07	47.0
LPMAEJAA_01640	MER0002060	28.302	106	66	2	327	422	87	192	2.81e-06	45.4
LPMAEJAA_01640	MER0001701	33.000	100	53	3	279	366	12	109	3.73e-06	45.1
LPMAEJAA_01640	MER0002003	26.154	130	84	4	327	444	87	216	6.14e-06	44.3
LPMAEJAA_01640	MER0012283	29.630	135	77	5	254	383	20	141	6.86e-06	44.3
LPMAEJAA_01640	MER0011401	27.891	147	85	5	290	419	39	181	8.26e-06	43.9
LPMAEJAA_01641	MER0001284	31.818	154	90	4	65	216	4	144	1.59e-15	73.2
LPMAEJAA_01641	MER0004514	28.333	120	84	1	109	226	36	155	2.64e-11	60.5
LPMAEJAA_01641	MER0100667	33.621	116	65	3	102	213	17	124	4.93e-10	56.2
LPMAEJAA_01641	MER0194228	37.143	70	43	1	144	212	14	83	1.09e-06	45.8
LPMAEJAA_01641	MER0001289	37.143	70	43	1	144	212	90	159	1.65e-06	46.2
LPMAEJAA_01641	MER0005239	24.268	239	146	6	109	341	69	278	4.85e-06	45.1
LPMAEJAA_01642	MER0003376	39.000	100	50	3	78	171	40	134	2.53e-13	62.4
LPMAEJAA_01642	MER0001419	40.000	90	48	3	83	171	32	116	1.16e-11	57.4
LPMAEJAA_01642	MER0003423	40.659	91	48	3	82	171	31	116	2.20e-11	56.6
LPMAEJAA_01642	MER0387040	34.066	91	55	2	87	177	5	90	1.29e-10	53.5
LPMAEJAA_01642	MER0066182	34.066	91	55	2	87	177	96	181	1.95e-10	55.1
LPMAEJAA_01642	MER0003380	27.586	174	112	6	7	173	56	222	3.67e-09	52.0
LPMAEJAA_01642	MER0013541	35.294	85	49	2	87	171	5	83	1.45e-08	47.8
LPMAEJAA_01642	MER0015415	33.721	86	52	2	86	171	67	147	1.72e-08	49.3
LPMAEJAA_01642	MER0069741	34.483	87	50	2	85	171	72	151	2.30e-07	45.8
LPMAEJAA_01642	MER0003906	31.579	95	61	2	83	177	1	91	8.01e-07	43.1
LPMAEJAA_01652	MER0001212	35.514	321	150	14	125	421	10	297	1.50e-33	128
LPMAEJAA_01652	MER0021822	27.937	315	168	10	123	407	9	294	1.63e-28	114
LPMAEJAA_01652	MER0011257	30.218	321	170	13	121	424	6	289	1.04e-27	111
LPMAEJAA_01652	MER0011153	30.686	277	150	11	135	397	14	262	2.79e-25	103
LPMAEJAA_01652	MER0013421	28.125	320	177	14	117	420	6	288	1.53e-24	102
LPMAEJAA_01652	MER0001196	29.667	300	161	11	144	427	27	292	2.08e-24	101
LPMAEJAA_01652	MER0011155	31.544	298	152	14	126	409	12	271	3.97e-24	100
LPMAEJAA_01652	MER0001608	27.673	318	179	12	117	420	3	283	1.30e-23	99.0
LPMAEJAA_01652	MER0001191	28.155	309	175	11	126	420	12	287	1.38e-22	96.3
LPMAEJAA_01652	MER0005813	26.646	319	182	11	126	420	12	302	1.43e-22	96.3
LPMAEJAA_01652	MER0003004	27.000	300	164	10	123	395	3	274	3.03e-22	95.5
LPMAEJAA_01652	MER0011253	27.389	314	184	9	122	423	8	289	4.34e-22	94.7
LPMAEJAA_01652	MER0001190	28.037	321	184	11	126	432	12	299	5.26e-22	94.4
LPMAEJAA_01652	MER0011311	29.316	307	167	14	135	420	14	291	1.01e-21	93.6
LPMAEJAA_01652	MER0001189	27.241	290	173	10	157	427	25	295	2.86e-21	92.4
LPMAEJAA_01652	MER0011312	30.293	307	166	12	135	420	14	293	1.07e-20	90.9
LPMAEJAA_01652	MER0011256	33.191	235	118	10	191	408	50	262	1.14e-20	90.5
LPMAEJAA_01652	MER0045266	31.513	238	112	11	126	347	3	205	2.93e-20	89.4
LPMAEJAA_01652	MER0005814	31.884	207	111	6	201	391	71	263	3.07e-20	89.4
LPMAEJAA_01652	MER0016044	35.443	158	82	5	201	351	70	214	5.91e-20	88.6
LPMAEJAA_01652	MER0011258	29.876	241	127	9	201	422	130	347	6.75e-19	86.3
LPMAEJAA_01652	MER0003006	30.882	272	144	13	172	424	26	272	1.67e-17	80.9
LPMAEJAA_01652	MER0013456	32.075	212	104	10	201	392	69	260	1.73e-17	80.9
LPMAEJAA_01652	MER0003908	29.167	216	124	8	191	390	60	262	1.74e-17	81.3
LPMAEJAA_01652	MER0003003	29.907	214	117	6	201	390	70	274	2.53e-17	80.9
LPMAEJAA_01652	MER0011308	29.603	277	154	11	136	397	15	265	3.93e-17	80.1
LPMAEJAA_01652	MER0011506	27.599	279	162	11	135	396	6	261	6.10e-17	79.3
LPMAEJAA_01652	MER0001193	29.502	261	139	11	156	392	24	263	1.83e-16	78.2
LPMAEJAA_01652	MER0011254	30.165	242	131	10	201	424	71	292	3.19e-16	77.4
LPMAEJAA_01652	MER0023950	29.412	187	106	5	201	371	68	244	4.41e-16	77.0
LPMAEJAA_01652	MER0017121	28.755	233	139	7	201	420	69	287	4.59e-16	76.6
LPMAEJAA_01652	MER0004975	28.767	219	121	8	137	346	16	208	1.48e-15	75.5
LPMAEJAA_01652	MER0011681	27.103	214	122	6	201	390	69	272	1.51e-15	75.5
LPMAEJAA_01652	MER0011307	27.532	316	173	13	135	427	14	296	2.03e-15	74.7
LPMAEJAA_01652	MER0002357	30.357	168	91	3	201	350	71	230	2.73e-15	74.7
LPMAEJAA_01652	MER0013471	25.000	304	176	11	125	419	10	270	3.68e-15	75.1
LPMAEJAA_01652	MER0011255	28.936	235	136	9	201	419	71	290	5.66e-15	73.6
LPMAEJAA_01652	MER0011412	27.885	208	122	7	201	395	63	255	1.48e-14	72.0
LPMAEJAA_01652	MER0011260	25.751	233	129	8	126	348	12	210	1.19e-13	69.7
LPMAEJAA_01652	MER0004959	26.636	214	119	7	178	382	49	233	3.30e-13	68.9
LPMAEJAA_01652	MER0037222	25.738	237	135	8	126	353	12	216	2.35e-12	65.5
LPMAEJAA_01652	MER0003428	26.761	284	154	16	172	419	43	308	1.56e-11	63.5
LPMAEJAA_01652	MER0003889	27.313	227	139	6	134	345	5	220	3.34e-11	63.2
LPMAEJAA_01652	MER0001198	22.623	305	202	8	140	419	11	306	5.38e-11	61.6
LPMAEJAA_01652	MER0011251	26.724	232	133	8	123	347	8	209	8.10e-11	60.8
LPMAEJAA_01652	MER0011485	28.659	164	89	7	201	351	67	215	1.40e-10	60.1
LPMAEJAA_01652	MER0004607	22.936	327	195	11	134	419	5	315	2.37e-10	60.1
LPMAEJAA_01652	MER0001202	33.636	110	67	3	172	278	43	149	2.60e-10	60.1
LPMAEJAA_01652	MER0002356	27.545	167	97	4	112	278	3	145	2.97e-10	59.3
LPMAEJAA_01652	MER0015121	23.292	322	176	11	137	437	15	286	5.77e-10	58.9
LPMAEJAA_01652	MER0005410	26.570	207	121	9	178	363	49	245	6.20e-10	58.9
LPMAEJAA_01652	MER0026952	22.936	327	195	11	134	419	5	315	1.16e-09	58.2
LPMAEJAA_01652	MER0015694	30.303	165	92	6	193	352	116	262	2.27e-09	57.0
LPMAEJAA_01652	MER0001207	33.981	103	63	2	177	278	47	145	2.40e-09	57.0
LPMAEJAA_01652	MER0013404	25.243	206	125	8	178	363	49	245	1.44e-08	54.7
LPMAEJAA_01652	MER0030212	22.993	274	161	8	170	419	41	288	1.81e-08	54.3
LPMAEJAA_01652	MER0003495	27.895	190	103	8	177	361	47	207	7.69e-08	52.0
LPMAEJAA_01652	MER0003817	28.346	127	85	3	157	278	24	149	4.77e-07	49.3
LPMAEJAA_01652	MER0001625	29.825	114	72	3	597	710	358	463	5.77e-07	49.7
LPMAEJAA_01652	MER0001205	22.383	277	151	9	170	413	41	286	1.47e-06	47.8
LPMAEJAA_01652	MER0107602	26.857	175	83	7	201	363	70	211	4.90e-06	46.2
LPMAEJAA_01655	MER0042827	56.566	99	43	0	983	1081	1	99	2.67e-31	115
LPMAEJAA_01685	MER0195376	33.503	197	103	6	217	401	1	181	1.22e-20	86.3
LPMAEJAA_01685	MER0001297	26.705	176	106	6	215	383	1	160	5.03e-06	43.5
LPMAEJAA_01760	MER0000410	65.591	279	94	1	425	703	1	277	2.78e-133	392
LPMAEJAA_01760	MER0082498	42.756	283	138	7	444	702	1	283	8.41e-71	229
LPMAEJAA_01760	MER0011872	41.199	267	154	2	444	707	18	284	2.89e-65	214
LPMAEJAA_01760	MER0005694	36.803	269	163	3	443	707	17	282	1.02e-50	175
LPMAEJAA_01760	MER0000392	34.783	276	163	5	439	702	3	273	7.48e-50	173
LPMAEJAA_01760	MER0015621	31.525	295	178	5	427	702	1	290	3.40e-44	157
LPMAEJAA_01760	MER0079308	33.585	265	165	6	443	702	7	265	2.48e-42	152
LPMAEJAA_01760	MER0004227	36.555	238	142	2	436	664	8	245	2.86e-40	147
LPMAEJAA_01760	MER0002490	29.897	291	172	6	439	702	13	298	3.46e-40	147
LPMAEJAA_01760	MER0022823	32.472	271	173	7	439	702	3	270	2.44e-39	143
LPMAEJAA_01760	MER0981959	30.249	281	175	5	439	702	2	278	1.16e-38	141
LPMAEJAA_01760	MER0082653	33.591	259	151	8	444	682	7	264	2.53e-38	140
LPMAEJAA_01760	MER0325901	32.727	275	177	7	439	708	1	272	3.52e-38	140
LPMAEJAA_01760	MER0011450	30.502	259	162	7	439	685	3	255	2.96e-33	126
LPMAEJAA_01760	MER0003229	31.835	267	170	6	439	702	11	268	2.07e-30	117
LPMAEJAA_01760	MER0000398	29.545	264	170	7	441	703	2	250	4.03e-27	107
LPMAEJAA_01785	MER0066178	30.303	66	46	0	111	176	112	177	1.20e-06	44.7
LPMAEJAA_01785	MER0209507	27.711	83	60	0	109	191	14	96	1.40e-06	42.7
LPMAEJAA_01788	MER0005767	23.462	260	168	6	56	314	29	258	1.53e-09	55.5
LPMAEJAA_01807	MER0017256	27.715	267	158	10	28	274	12	263	1.78e-22	90.9
LPMAEJAA_01807	MER0017250	29.439	214	138	7	49	256	6	212	8.46e-21	85.5
LPMAEJAA_01807	MER0017378	29.437	231	139	7	49	256	6	235	9.05e-21	85.9
LPMAEJAA_01807	MER0017244	27.490	251	147	9	30	256	14	253	2.43e-20	85.1
LPMAEJAA_01807	MER0017353	29.897	194	127	6	75	264	32	220	2.93e-20	84.0
LPMAEJAA_01807	MER0035185	28.713	202	135	4	54	252	12	207	8.99e-20	82.8
LPMAEJAA_01807	MER0017367	29.082	196	130	6	76	267	33	223	3.75e-19	80.9
LPMAEJAA_01807	MER0017377	29.167	216	136	7	49	256	6	212	3.95e-19	80.9
LPMAEJAA_01807	MER0031568	27.650	217	144	7	46	256	3	212	9.32e-19	80.1
LPMAEJAA_01807	MER0031566	27.778	216	139	8	49	256	6	212	1.25e-18	79.7
LPMAEJAA_01807	MER0017368	28.571	189	101	7	75	236	32	213	1.40e-18	80.1
LPMAEJAA_01807	MER0017248	24.906	265	175	8	8	257	6	261	3.86e-18	79.3
LPMAEJAA_01807	MER0017243	25.965	285	158	8	7	238	1	285	7.80e-18	79.0
LPMAEJAA_01807	MER0017375	28.788	198	132	6	71	264	28	220	9.46e-18	77.0
LPMAEJAA_01807	MER0035184	27.602	221	139	8	44	255	2	210	1.20e-17	77.0
LPMAEJAA_01807	MER0017371	25.333	225	158	7	45	264	1	220	1.63e-17	76.6
LPMAEJAA_01807	MER0017373	28.351	194	112	5	49	229	6	185	2.40e-17	75.5
LPMAEJAA_01807	MER0017374	25.726	241	149	8	37	256	2	233	4.23e-17	75.9
LPMAEJAA_01807	MER0031564	27.143	210	138	6	54	256	11	212	4.61e-17	75.5
LPMAEJAA_01807	MER0033244	30.769	156	90	3	101	238	60	215	1.54e-15	71.6
LPMAEJAA_01807	MER0017246	25.381	197	127	5	46	222	51	247	3.33e-14	68.2
LPMAEJAA_01807	MER0017240	28.402	169	108	5	107	264	13	179	3.91e-13	63.5
LPMAEJAA_01807	MER0031558	32.258	186	98	10	72	232	49	231	5.97e-12	61.6
LPMAEJAA_01807	MER0017239	24.014	279	169	10	17	264	40	306	1.38e-11	60.8
LPMAEJAA_01807	MER0031556	27.160	162	109	5	75	229	60	219	4.37e-11	58.9
LPMAEJAA_01807	MER0017355	27.536	138	96	3	49	182	4	141	4.22e-10	54.7
LPMAEJAA_01807	MER0017242	25.217	230	151	10	50	264	55	278	1.69e-09	54.3
LPMAEJAA_01807	MER0034962	29.286	140	92	3	100	236	61	196	7.70e-09	51.6
LPMAEJAA_01807	MER0031557	25.714	175	103	6	69	229	51	212	2.93e-08	50.4
LPMAEJAA_01807	MER0031140	26.154	130	86	5	101	221	44	172	1.75e-06	45.4
LPMAEJAA_01808	MER0017250	31.959	194	111	7	47	230	5	187	1.06e-23	92.8
LPMAEJAA_01808	MER0017375	29.902	204	123	7	70	264	28	220	2.52e-23	91.7
LPMAEJAA_01808	MER0017256	31.443	194	112	7	47	230	44	226	8.88e-23	91.3
LPMAEJAA_01808	MER0017244	29.524	210	133	6	53	256	53	253	1.95e-21	87.8
LPMAEJAA_01808	MER0017368	30.337	178	102	5	74	230	32	208	1.06e-18	79.7
LPMAEJAA_01808	MER0017371	30.198	202	125	7	70	264	28	220	1.66e-18	79.0
LPMAEJAA_01808	MER0017367	28.934	197	124	7	75	264	33	220	2.81e-18	78.2
LPMAEJAA_01808	MER0035184	27.979	193	120	6	47	231	6	187	3.14e-18	78.2
LPMAEJAA_01808	MER0017243	28.311	219	122	8	74	261	100	314	3.22e-18	79.7
LPMAEJAA_01808	MER0017353	28.061	196	127	6	75	264	33	220	4.05e-18	77.8
LPMAEJAA_01808	MER0017378	26.068	234	150	6	53	264	11	243	1.28e-17	77.0
LPMAEJAA_01808	MER0035185	27.225	191	114	6	52	231	11	187	6.82e-17	74.3
LPMAEJAA_01808	MER0017242	25.651	269	188	6	8	264	10	278	1.83e-16	74.3
LPMAEJAA_01808	MER0031566	28.342	187	119	6	51	230	9	187	2.20e-16	73.2
LPMAEJAA_01808	MER0017377	25.221	226	139	7	53	264	11	220	2.89e-16	72.8
LPMAEJAA_01808	MER0031564	25.688	218	144	7	47	256	5	212	1.35e-15	70.9
LPMAEJAA_01808	MER0031568	26.267	217	148	6	53	264	11	220	2.61e-15	70.1
LPMAEJAA_01808	MER0017373	27.749	191	123	6	47	230	5	187	5.23e-15	68.6
LPMAEJAA_01808	MER0017374	25.862	232	154	8	40	264	21	241	1.12e-14	68.9
LPMAEJAA_01808	MER0033244	27.513	189	107	6	66	230	26	208	5.69e-13	63.9
LPMAEJAA_01808	MER0017246	25.969	258	162	10	19	248	20	276	6.65e-13	64.3
LPMAEJAA_01808	MER0017355	29.927	137	84	5	46	174	2	134	7.20e-13	62.4
LPMAEJAA_01808	MER0031556	28.736	174	103	7	74	234	60	225	1.89e-12	62.8
LPMAEJAA_01808	MER0017248	21.901	242	166	8	1	230	7	237	1.40e-11	60.1
LPMAEJAA_01808	MER0017240	27.097	155	95	4	106	247	13	162	1.62e-11	58.5
LPMAEJAA_01808	MER0034962	30.657	137	88	3	101	234	63	195	1.82e-11	59.3
LPMAEJAA_01808	MER0031557	32.117	137	80	4	101	234	92	218	3.42e-11	58.9
LPMAEJAA_01808	MER0066184	23.858	197	127	5	58	231	16	212	1.55e-10	57.0
LPMAEJAA_01808	MER0017239	29.189	185	117	7	75	247	107	289	9.81e-09	52.0
LPMAEJAA_01817	MER0033227	33.073	384	198	15	115	456	10	376	1.32e-44	159
LPMAEJAA_01817	MER0034730	36.610	295	163	10	106	390	2	282	2.43e-44	157
LPMAEJAA_01817	MER0034745	32.609	368	208	13	113	458	9	358	2.12e-43	155
LPMAEJAA_01817	MER0033188	43.777	233	107	8	113	328	10	235	1.67e-42	153
LPMAEJAA_01817	MER0030934	35.014	357	195	12	114	458	12	343	2.42e-42	152
LPMAEJAA_01817	MER0033241	35.833	360	204	12	112	456	11	358	2.98e-42	152
LPMAEJAA_01817	MER0078701	35.971	278	149	10	113	377	9	270	5.08e-42	151
LPMAEJAA_01817	MER0034728	36.491	285	163	8	113	390	9	282	5.59e-42	151
LPMAEJAA_01817	MER0034744	32.425	367	209	12	113	458	9	357	2.75e-41	149
LPMAEJAA_01817	MER0033213	34.936	312	161	10	113	402	9	300	5.21e-41	149
LPMAEJAA_01817	MER0033220	38.868	265	131	7	113	356	9	263	6.06e-41	149
LPMAEJAA_01817	MER0033226	39.024	246	133	7	105	344	2	236	9.18e-41	148
LPMAEJAA_01817	MER0034726	35.789	285	165	9	113	390	9	282	1.91e-40	147
LPMAEJAA_01817	MER0037850	40.476	252	120	8	113	344	9	250	2.76e-40	147
LPMAEJAA_01817	MER0033224	38.400	250	128	6	113	344	8	249	4.39e-40	146
LPMAEJAA_01817	MER0077885	40.084	237	127	6	113	344	18	244	1.49e-39	145
LPMAEJAA_01817	MER0034727	39.916	238	126	7	113	344	9	235	1.52e-39	144
LPMAEJAA_01817	MER0037861	33.420	383	201	17	113	457	9	375	2.29e-39	144
LPMAEJAA_01817	MER0034723	38.075	239	133	6	113	344	9	239	2.41e-39	144
LPMAEJAA_01817	MER0033198	39.437	284	142	12	104	367	1	274	3.42e-39	144
LPMAEJAA_01817	MER0032203	39.130	253	122	8	113	344	9	250	7.39e-39	143
LPMAEJAA_01817	MER0077889	37.295	244	124	7	113	344	8	234	3.55e-38	140
LPMAEJAA_01817	MER0033240	47.590	166	76	6	113	275	9	166	4.26e-37	138
LPMAEJAA_01817	MER0034741	39.841	251	123	9	113	344	8	249	5.14e-36	135
LPMAEJAA_01817	MER0078925	33.684	285	151	10	114	371	10	283	6.36e-35	132
LPMAEJAA_01817	MER0037852	31.707	369	217	15	113	462	9	361	2.66e-32	124
LPMAEJAA_01817	MER0033235	31.379	290	171	10	114	389	7	282	1.62e-31	122
LPMAEJAA_01817	MER0033212	36.250	240	133	9	113	344	9	236	6.17e-31	120
LPMAEJAA_01817	MER0033231	50.000	132	57	4	128	258	3	126	7.14e-31	113
LPMAEJAA_01817	MER0033236	30.690	290	173	10	114	389	7	282	3.40e-30	118
LPMAEJAA_01817	MER0034742	29.539	369	225	13	113	462	9	361	2.15e-29	116
LPMAEJAA_01817	MER0033232	27.606	355	202	13	134	456	31	362	1.61e-25	105
LPMAEJAA_01817	MER0043138	42.466	146	72	4	114	255	12	149	4.31e-25	103
LPMAEJAA_01817	MER0033283	28.986	276	173	9	125	389	19	282	4.85e-25	103
LPMAEJAA_01817	MER0077199	29.275	345	201	14	136	457	1	325	1.55e-24	101
LPMAEJAA_01817	MER0043147	28.382	377	205	12	131	456	5	367	3.34e-24	101
LPMAEJAA_01817	MER0034664	27.336	289	186	11	114	381	12	297	1.03e-23	100
LPMAEJAA_01817	MER0043201	26.496	351	207	11	115	425	12	351	1.30e-23	99.8
LPMAEJAA_01817	MER0033280	26.810	373	213	15	125	456	18	371	8.71e-23	97.1
LPMAEJAA_01817	MER0029616	38.732	142	77	3	122	258	1	137	2.50e-22	96.7
LPMAEJAA_01817	MER0011604	30.279	251	139	9	110	339	8	243	3.89e-22	94.4
LPMAEJAA_01817	MER0044819	32.759	232	137	10	115	340	15	233	2.28e-19	86.7
LPMAEJAA_01817	MER0045467	33.333	210	123	7	145	345	1	202	1.63e-18	84.0
LPMAEJAA_01817	MER0045935	39.041	146	74	5	113	251	9	146	5.47e-18	82.4
LPMAEJAA_01817	MER0043139	35.211	142	64	3	114	255	12	125	5.04e-16	76.6
LPMAEJAA_01817	MER0037862	37.500	96	53	4	415	506	1	93	1.06e-10	55.8
LPMAEJAA_01817	MER0043003	31.159	138	63	6	121	241	5	127	2.83e-08	52.0
LPMAEJAA_01817	MER0031570	23.316	193	131	4	120	312	12	187	1.94e-06	46.2
LPMAEJAA_01817	MER0036030	27.933	179	96	9	118	280	10	171	2.79e-06	45.8
LPMAEJAA_01817	MER0036046	28.485	165	80	8	118	260	3	151	3.83e-06	45.4
LPMAEJAA_01817	MER0036039	32.394	142	64	9	113	239	2	126	5.58e-06	45.1
LPMAEJAA_01822	MER0001205	26.984	189	103	6	30	191	26	206	1.02e-07	49.7
LPMAEJAA_01822	MER0013471	30.769	130	73	4	19	134	17	143	1.24e-07	50.1
LPMAEJAA_01822	MER0015121	29.032	124	78	2	19	132	11	134	1.98e-07	49.3
LPMAEJAA_01822	MER0002356	26.705	176	97	6	19	165	14	186	7.07e-06	44.3
LPMAEJAA_01825	MER0002455	52.941	136	59	2	29	164	1	131	7.11e-41	132
LPMAEJAA_01825	MER0002601	50.000	138	65	3	29	165	1	135	8.61e-40	129
LPMAEJAA_01825	MER0014721	32.787	122	77	2	52	169	36	156	7.02e-20	79.0
LPMAEJAA_01825	MER0019092	33.663	101	63	2	60	157	45	144	1.37e-16	70.1
LPMAEJAA_01825	MER0010992	37.234	94	49	5	57	145	26	114	3.10e-09	49.7
LPMAEJAA_01825	MER0014802	29.268	82	57	1	64	145	34	114	4.76e-08	46.6
LPMAEJAA_01854	MER0065588	45.641	195	103	3	3	194	2	196	1.13e-55	172
LPMAEJAA_01854	MER0038086	26.174	149	78	5	59	192	92	223	2.06e-07	46.6
LPMAEJAA_01854	MER0044889	30.469	128	71	5	69	192	86	199	8.85e-07	44.7
LPMAEJAA_01854	MER0043387	28.676	136	80	5	60	192	44	165	1.10e-06	43.9
LPMAEJAA_01854	MER0043537	26.768	198	117	9	4	191	2	181	1.64e-06	43.5
LPMAEJAA_01874	MER0027775	33.333	120	74	3	65	182	1	116	1.60e-16	69.7
LPMAEJAA_01874	MER0001602	30.147	136	77	4	65	182	1	136	2.39e-13	61.6
LPMAEJAA_01895	MER0006319	34.729	406	232	10	36	434	3	382	2.31e-59	196
LPMAEJAA_01895	MER0011422	38.506	174	105	2	113	285	93	265	2.78e-37	136
LPMAEJAA_01895	MER0011422	38.554	83	49	2	352	432	269	351	9.24e-08	50.4
LPMAEJAA_01895	MER0001260	32.143	224	142	4	65	285	41	257	5.83e-36	133
LPMAEJAA_01895	MER0001260	33.721	86	56	1	352	436	261	346	8.58e-09	53.9
LPMAEJAA_01895	MER0011343	33.175	211	135	3	76	285	54	259	6.49e-35	130
LPMAEJAA_01895	MER0011343	41.333	75	43	1	355	428	266	340	1.13e-08	53.5
LPMAEJAA_01895	MER0013499	31.858	226	129	5	54	275	37	241	6.09e-31	119
LPMAEJAA_01895	MER0013499	35.714	84	53	1	351	433	254	337	3.37e-10	58.2
LPMAEJAA_01895	MER0013496	35.928	167	101	3	110	275	23	184	1.01e-29	115
LPMAEJAA_01895	MER0013496	33.333	87	55	3	354	438	200	285	3.37e-08	52.0
LPMAEJAA_01895	MER0015155	30.045	223	137	4	54	275	37	241	4.21e-29	114
LPMAEJAA_01895	MER0015155	35.802	81	51	1	354	433	257	337	6.32e-09	54.3
LPMAEJAA_01895	MER0032370	35.204	196	115	4	102	291	66	255	6.54e-28	110
LPMAEJAA_01895	MER0013479	27.962	211	135	4	79	289	24	217	2.05e-20	88.6
LPMAEJAA_01895	MER0013425	24.597	248	156	6	49	286	4	230	2.19e-18	82.4
LPMAEJAA_01895	MER0001265	25.000	216	154	4	99	308	77	290	4.32e-13	66.6
LPMAEJAA_01895	MER0026963	35.443	79	50	1	351	428	13	91	3.30e-10	53.9
LPMAEJAA_01904	MER0000569	37.931	116	66	3	94	206	1	113	9.73e-17	70.1
LPMAEJAA_01904	MER0000576	33.043	115	72	3	94	206	1	112	3.94e-12	57.8
LPMAEJAA_01904	MER0006172	34.483	58	38	0	121	178	7	64	2.76e-06	41.2
LPMAEJAA_01951	MER0004090	29.825	399	222	13	580	949	1	370	1.63e-36	139
LPMAEJAA_01951	MER0003800	26.854	391	239	12	578	945	6	372	1.90e-30	122
LPMAEJAA_01951	MER0035017	24.814	403	241	15	588	950	1	381	8.07e-28	114
LPMAEJAA_01951	MER0026262	23.269	361	218	14	603	948	16	332	2.37e-13	69.3
LPMAEJAA_01951	MER0122661	21.875	352	215	11	606	941	17	324	1.63e-11	63.5
LPMAEJAA_01951	MER0354941	23.963	217	124	6	600	801	7	197	1.30e-10	58.9
LPMAEJAA_01951	MER0006204	24.080	299	173	13	605	880	22	289	1.75e-10	60.8
LPMAEJAA_01951	MER0034963	30.088	113	74	2	591	703	9	116	1.02e-07	52.0
LPMAEJAA_01951	MER1143079	26.733	202	98	8	609	803	16	174	3.07e-07	50.1
LPMAEJAA_01951	MER0011700	22.951	305	200	11	588	881	1	281	3.97e-07	50.1
LPMAEJAA_01951	MER0011726	31.579	114	75	2	585	698	5	115	2.03e-06	47.8
