KFHKFGBK_00034	MER0025070	38.053	113	58	4	192	293	1	112	2.27e-15	68.9
KFHKFGBK_00034	MER0069741	44.828	87	45	2	195	281	68	151	5.63e-14	66.6
KFHKFGBK_00034	MER0388771	36.111	108	57	4	197	293	2	108	9.25e-13	61.2
KFHKFGBK_00034	MER0003380	36.000	100	57	5	197	294	138	232	1.76e-09	54.7
KFHKFGBK_00034	MER0003423	36.667	90	49	4	196	281	31	116	3.67e-09	52.0
KFHKFGBK_00034	MER0001419	36.782	87	51	3	197	281	32	116	2.31e-08	49.7
KFHKFGBK_00034	MER0003376	28.676	136	79	5	187	306	33	166	2.10e-07	47.4
KFHKFGBK_00034	MER0387040	34.444	90	52	3	197	283	1	86	4.35e-07	45.1
KFHKFGBK_00034	MER0066182	32.743	113	68	4	175	283	69	177	4.58e-07	47.0
KFHKFGBK_00034	MER0003906	30.841	107	65	5	197	297	1	104	4.64e-07	45.1
KFHKFGBK_00034	MER0015415	33.333	102	63	4	181	281	50	147	8.78e-07	45.4
KFHKFGBK_00034	MER0013541	32.967	91	57	3	197	286	1	88	2.79e-06	42.4
KFHKFGBK_00034	MER0005300	34.109	129	75	6	170	297	43	162	6.78e-06	42.7
KFHKFGBK_00035	MER0014135	44.944	267	145	2	185	450	1	266	1.52e-78	242
KFHKFGBK_00042	MER0003327	47.511	221	109	5	2	220	1	216	1.32e-60	198
KFHKFGBK_00042	MER0012158	38.053	339	136	10	2	268	1	337	1.75e-58	196
KFHKFGBK_00042	MER0185695	42.342	222	122	4	2	218	1	221	2.22e-51	173
KFHKFGBK_00042	MER0003350	42.995	207	94	6	2	185	1	206	1.97e-44	154
KFHKFGBK_00042	MER0003322	40.291	206	98	5	2	182	1	206	4.18e-41	145
KFHKFGBK_00042	MER0011781	33.088	136	86	3	2	134	1	134	8.86e-15	71.2
KFHKFGBK_00042	MER0011806	31.214	173	108	6	2	169	1	167	1.10e-13	67.8
KFHKFGBK_00042	MER0004101	30.058	173	110	6	2	169	1	167	2.52e-12	63.9
KFHKFGBK_00042	MER0003314	30.345	145	88	4	2	134	1	144	3.91e-11	60.8
KFHKFGBK_00045	MER0073084	27.347	490	313	12	18	475	1	479	1.41e-54	189
KFHKFGBK_00045	MER0014496	22.874	341	231	11	236	550	257	591	1.79e-11	63.5
