IGKNOGPA_00038	MER0005900	29.714	350	220	8	64	404	38	370	4.63e-38	139
IGKNOGPA_00040	MER0003380	48.000	50	24	1	2	51	183	230	7.69e-11	52.8
IGKNOGPA_00040	MER0013541	59.524	42	15	1	2	43	46	85	8.60e-11	50.1
IGKNOGPA_00040	MER0003423	45.614	57	29	1	3	59	80	134	8.92e-10	48.5
IGKNOGPA_00040	MER0001419	43.860	57	30	1	3	59	80	134	1.31e-08	45.4
IGKNOGPA_00040	MER0003906	38.596	57	33	1	3	59	49	103	3.50e-07	41.2
IGKNOGPA_00040	MER0003376	40.426	47	26	1	3	49	98	142	4.39e-06	39.3
IGKNOGPA_00040	MER0387040	50.000	42	20	1	2	43	46	86	8.40e-06	37.7
IGKNOGPA_00040	MER0066182	50.000	42	20	1	2	43	137	177	8.77e-06	38.5
IGKNOGPA_00081	MER0014333	41.250	160	94	0	73	232	2	161	1.69e-45	149
IGKNOGPA_00081	MER0001233	40.741	162	96	0	73	234	2	163	4.65e-43	142
IGKNOGPA_00081	MER0002008	33.136	169	88	6	73	232	2	154	1.96e-16	72.8
IGKNOGPA_00081	MER0001229	36.765	136	64	6	73	201	2	122	1.55e-12	61.6
IGKNOGPA_00081	MER0043985	36.765	136	64	6	73	201	2	122	2.04e-12	61.6
IGKNOGPA_00081	MER0015090	32.800	125	74	3	97	221	24	138	2.69e-11	58.2
IGKNOGPA_00081	MER0003448	29.688	128	82	3	73	200	2	121	1.96e-10	55.8
IGKNOGPA_00081	MER0003543	28.947	152	96	4	72	223	1	140	4.63e-10	54.7
IGKNOGPA_00081	MER0026957	34.127	126	73	4	98	223	21	136	1.17e-09	53.5
IGKNOGPA_00081	MER0011292	31.429	105	64	3	97	200	71	168	4.83e-08	48.9
IGKNOGPA_00081	MER0195774	26.708	161	106	6	73	231	1	151	5.28e-08	48.1
IGKNOGPA_00081	MER0035181	22.599	177	107	5	89	235	8	184	1.66e-07	47.4
IGKNOGPA_00081	MER0390687	25.191	131	86	3	91	216	11	134	8.44e-07	44.7
IGKNOGPA_00081	MER0011192	28.155	103	68	2	95	197	2	98	1.58e-06	43.9
IGKNOGPA_00081	MER0001222	29.457	129	78	5	95	219	47	166	3.88e-06	43.1
IGKNOGPA_00081	MER0122186	29.091	110	70	3	89	197	37	139	4.55e-06	42.7
IGKNOGPA_00114	MER0000485	47.899	238	123	1	53	289	1	238	9.90e-77	231
IGKNOGPA_00114	MER0000495	40.964	249	138	1	53	292	1	249	1.29e-62	196
IGKNOGPA_00114	MER0003442	45.933	209	110	1	85	290	17	225	5.33e-61	191
IGKNOGPA_00114	MER0011056	45.366	205	109	1	85	286	17	221	1.66e-58	184
IGKNOGPA_00114	MER0014970	36.201	279	133	3	53	286	1	279	3.77e-57	183
IGKNOGPA_00114	MER0003443	46.500	200	101	3	85	278	21	220	3.91e-57	181
IGKNOGPA_00114	MER0011057	45.960	198	104	1	92	286	24	221	1.02e-56	179
IGKNOGPA_00114	MER0000488	39.738	229	138	0	53	281	1	229	1.42e-54	174
IGKNOGPA_00114	MER0004236	44.886	176	95	1	108	283	85	258	5.10e-49	160
IGKNOGPA_00114	MER0000496	40.099	202	116	1	74	270	76	277	4.00e-46	155
IGKNOGPA_00114	MER0108906	37.553	237	139	4	53	286	1	231	4.90e-43	144
IGKNOGPA_00114	MER0005837	39.224	232	113	6	54	268	2	222	1.46e-42	144
IGKNOGPA_00114	MER0026213	33.333	153	97	3	139	290	111	259	3.71e-23	92.8
IGKNOGPA_00114	MER0017402	32.418	182	111	4	111	287	28	202	8.11e-20	82.8
IGKNOGPA_00114	MER0003859	33.117	154	96	4	133	286	79	225	3.85e-17	76.3
IGKNOGPA_00114	MER0003359	31.677	161	97	6	111	261	45	202	1.54e-12	62.8
IGKNOGPA_00114	MER0017403	37.349	83	52	0	174	256	94	176	1.17e-08	51.6
IGKNOGPA_00114	MER0003017	25.410	122	81	2	143	261	22	136	1.42e-06	44.3
IGKNOGPA_00114	MER0003018	30.702	114	56	3	191	287	113	220	2.61e-06	44.3
IGKNOGPA_00130	MER0026262	26.074	349	227	9	14	349	16	346	6.10e-31	119
IGKNOGPA_00130	MER1143079	30.104	289	161	10	9	283	6	267	3.37e-23	96.3
IGKNOGPA_00130	MER0028284	24.779	339	204	9	7	328	9	313	5.60e-20	87.8
IGKNOGPA_00130	MER0000459	28.571	336	187	13	13	328	22	324	2.68e-18	83.2
IGKNOGPA_00130	MER0017069	25.231	325	205	10	14	328	10	306	3.94e-18	82.4
IGKNOGPA_00130	MER0002489	26.496	234	157	5	13	236	22	250	1.01e-17	81.3
IGKNOGPA_00130	MER0011700	25.714	315	187	11	6	293	8	302	2.47e-17	80.5
IGKNOGPA_00130	MER0000457	24.620	329	195	11	15	328	22	312	5.50e-17	79.0
IGKNOGPA_00130	MER0004090	24.390	369	210	14	12	333	21	367	3.29e-16	77.0
IGKNOGPA_00130	MER0140154	23.876	356	215	11	14	332	1	337	4.40e-16	76.3
IGKNOGPA_00130	MER0003802	30.460	174	108	5	9	181	11	172	7.72e-15	72.0
IGKNOGPA_00130	MER0122661	29.688	192	123	4	5	190	5	190	2.55e-14	70.9
IGKNOGPA_00130	MER0003800	23.546	361	223	14	12	333	28	374	3.88e-14	70.9
IGKNOGPA_00130	MER0005925	27.568	185	120	4	14	187	17	198	7.57e-14	69.3
IGKNOGPA_00130	MER0354941	27.749	191	119	6	12	185	8	196	2.04e-13	65.9
IGKNOGPA_00130	MER0006204	28.249	177	113	4	21	184	27	202	4.58e-13	67.4
IGKNOGPA_00130	MER0004154	23.636	330	220	10	13	330	15	324	5.42e-13	67.0
IGKNOGPA_00130	MER0356183	27.731	238	144	10	21	238	3	232	7.39e-13	65.1
IGKNOGPA_00130	MER0005964	26.172	256	155	10	13	257	19	251	1.42e-12	65.9
IGKNOGPA_00130	MER0219770	24.590	244	150	7	9	237	9	233	4.09e-12	63.9
IGKNOGPA_00130	MER0005836	24.211	190	129	4	6	185	17	201	4.82e-11	60.1
IGKNOGPA_00130	MER0005923	31.250	144	89	4	13	149	22	162	1.08e-09	57.0
IGKNOGPA_00130	MER0015683	27.429	175	120	4	11	182	35	205	7.61e-08	50.4
IGKNOGPA_00130	MER0192873	26.699	206	127	7	52	238	2	202	1.63e-07	48.9
IGKNOGPA_00130	MER0034963	32.323	99	64	1	16	114	23	118	1.42e-06	47.0
IGKNOGPA_00130	MER0011718	35.714	84	49	2	32	115	41	119	2.54e-06	46.2
IGKNOGPA_00130	MER0011726	34.066	91	54	3	23	112	31	116	4.89e-06	45.4
IGKNOGPA_00221	MER0015166	32.569	218	120	5	231	424	16	230	2.25e-23	96.3
IGKNOGPA_00221	MER0002968	29.493	217	133	5	225	425	3	215	2.61e-21	90.1
IGKNOGPA_00221	MER0002746	29.717	212	134	4	247	444	20	230	2.03e-19	85.1
IGKNOGPA_00221	MER0019759	28.774	212	135	4	247	444	20	229	2.62e-19	84.7
IGKNOGPA_00221	MER0002003	29.091	220	130	3	225	424	3	216	1.23e-18	82.4
IGKNOGPA_00221	MER0001012	27.727	220	136	4	224	425	2	216	1.93e-17	78.6
IGKNOGPA_00221	MER0011440	26.606	218	145	4	232	435	4	220	5.46e-17	77.4
IGKNOGPA_00221	MER0091680	26.570	207	139	4	246	440	10	215	2.85e-16	75.5
IGKNOGPA_00221	MER0005331	27.014	211	140	4	228	425	1	210	4.00e-16	74.7
IGKNOGPA_00221	MER0011720	25.000	212	152	2	225	433	3	210	4.58e-16	74.7
IGKNOGPA_00221	MER0002060	25.822	213	144	5	226	425	4	215	8.65e-16	73.9
IGKNOGPA_00221	MER0011183	25.943	212	142	4	247	444	12	222	1.02e-15	73.9
IGKNOGPA_00221	MER0002422	31.694	183	106	6	252	419	24	202	5.16e-15	71.2
IGKNOGPA_00221	MER0011423	27.619	210	136	4	232	425	5	214	6.53e-15	71.2
IGKNOGPA_00221	MER0036308	29.493	217	137	5	221	427	3	213	9.89e-15	71.2
IGKNOGPA_00221	MER0168983	31.395	172	102	5	260	426	3	163	1.39e-14	68.9
IGKNOGPA_00221	MER0001009	31.056	161	92	3	305	451	20	175	1.63e-14	70.1
IGKNOGPA_00221	MER0005328	32.967	182	94	9	254	416	26	198	4.33e-14	68.6
IGKNOGPA_00221	MER0011438	37.383	107	57	2	247	346	19	122	4.48e-14	68.9
IGKNOGPA_00221	MER0001017	28.141	199	99	7	254	425	37	218	5.17e-14	69.3
IGKNOGPA_00221	MER0011401	28.750	160	97	2	273	415	38	197	7.79e-14	68.2
IGKNOGPA_00221	MER0028449	29.268	205	118	6	247	429	26	225	9.54e-14	68.2
IGKNOGPA_00221	MER0002355	30.168	179	110	6	252	420	30	203	1.13e-13	67.8
IGKNOGPA_00221	MER0002281	27.700	213	135	6	228	426	12	219	2.23e-13	67.4
IGKNOGPA_00221	MER0005046	28.846	208	123	5	231	424	1	197	2.66e-13	66.2
IGKNOGPA_00221	MER0004243	28.155	206	130	4	237	425	12	216	3.07e-13	66.6
IGKNOGPA_00221	MER0011399	32.283	127	79	3	228	349	1	125	3.53e-13	66.6
IGKNOGPA_00221	MER0011345	30.270	185	110	6	255	425	38	217	3.91e-13	66.6
IGKNOGPA_00221	MER0001010	27.143	210	130	4	251	442	3	207	6.33e-13	65.5
IGKNOGPA_00221	MER0011369	25.764	229	147	5	215	425	2	225	6.34e-13	65.9
IGKNOGPA_00221	MER0002078	23.810	231	161	3	228	444	1	230	9.04e-13	65.5
IGKNOGPA_00221	MER0168177	32.609	138	82	2	296	427	33	165	3.88e-12	62.0
IGKNOGPA_00221	MER0001013	26.699	206	132	7	233	425	18	217	3.96e-12	63.5
IGKNOGPA_00221	MER0001701	25.991	227	133	6	245	444	6	224	1.46e-11	61.6
IGKNOGPA_00221	MER0000997	37.624	101	59	2	245	341	21	121	1.88e-11	61.2
IGKNOGPA_00221	MER0001185	26.389	216	136	6	230	427	7	217	4.68e-11	60.1
IGKNOGPA_00221	MER0012283	25.137	183	120	4	259	429	42	219	4.87e-11	60.1
IGKNOGPA_00221	MER0011175	26.471	204	113	7	247	425	19	210	1.09e-10	58.9
IGKNOGPA_00221	MER0026830	33.333	99	63	1	244	339	19	117	1.10e-10	58.2
IGKNOGPA_00221	MER0001003	29.609	179	111	4	260	424	7	184	8.00e-10	55.8
IGKNOGPA_00221	MER0011370	26.882	186	113	4	258	425	30	210	1.99e-09	55.1
IGKNOGPA_00221	MER0052595	26.131	199	130	4	245	427	25	222	2.32e-09	55.1
IGKNOGPA_00221	MER0003916	27.559	127	88	2	247	369	8	134	2.51e-09	54.7
IGKNOGPA_00221	MER0001001	24.490	196	115	7	253	426	26	210	2.93e-09	54.7
IGKNOGPA_00221	MER0006264	26.519	181	121	4	257	425	2	182	4.58e-09	53.5
IGKNOGPA_00221	MER0019754	35.294	102	54	3	248	341	3	100	4.61e-09	53.9
IGKNOGPA_00221	MER0012271	27.545	167	103	5	273	426	58	219	5.44e-09	54.3
IGKNOGPA_00221	MER0002755	32.075	106	66	2	232	336	5	105	1.11e-08	52.8
IGKNOGPA_00221	MER0005045	26.425	193	126	4	247	425	8	198	2.21e-08	52.0
IGKNOGPA_00221	MER0011371	32.941	85	53	1	268	348	41	125	2.61e-08	51.6
IGKNOGPA_00221	MER0001005	28.814	177	104	6	267	425	5	177	2.65e-08	51.2
IGKNOGPA_00221	MER0011400	34.884	86	52	1	267	348	40	125	4.44e-08	51.6
IGKNOGPA_00221	MER0002210	36.232	69	40	1	272	336	2	70	9.29e-07	46.2
IGKNOGPA_00221	MER0116688	31.868	91	58	2	252	338	25	115	1.07e-06	47.4
IGKNOGPA_00221	MER0016308	28.108	185	104	6	260	424	7	182	1.19e-06	46.2
IGKNOGPA_00221	MER0019096	23.022	139	103	1	307	445	62	196	4.05e-06	45.1
IGKNOGPA_00241	MER0065554	44.848	165	80	2	1	154	97	261	4.02e-48	154
IGKNOGPA_00241	MER0437468	44.231	156	83	3	2	154	195	349	8.80e-41	137
IGKNOGPA_00241	MER0436717	41.401	157	84	5	1	153	242	394	7.61e-28	103
IGKNOGPA_00241	MER0031278	25.949	158	91	5	1	153	108	244	5.22e-06	41.6
IGKNOGPA_00242	MER0436717	33.775	151	92	2	208	350	1	151	4.14e-19	84.7
IGKNOGPA_00242	MER0437468	32.639	144	95	1	208	349	1	144	5.30e-19	84.0
IGKNOGPA_00242	MER0065554	50.794	63	30	1	300	362	9	70	1.46e-12	63.9
IGKNOGPA_00246	MER0045886	41.593	226	129	3	4	227	12	236	1.01e-51	173
IGKNOGPA_00246	MER0044889	36.797	231	141	4	1	228	14	242	1.05e-44	154
IGKNOGPA_00246	MER0038086	34.071	226	130	6	6	214	29	252	2.96e-34	126
IGKNOGPA_00246	MER0436735	29.588	267	141	8	3	227	1	262	1.92e-31	119
IGKNOGPA_00246	MER0042974	35.233	193	112	5	13	195	1	190	1.27e-28	109
IGKNOGPA_00246	MER0043537	36.413	184	108	4	6	184	2	181	4.36e-27	104
IGKNOGPA_00246	MER0043387	34.270	178	113	3	21	196	1	176	1.06e-24	97.8
IGKNOGPA_00246	MER0043394	30.345	145	92	4	46	185	22	162	4.43e-11	58.5
IGKNOGPA_00246	MER0043392	31.293	147	81	5	48	185	23	158	5.47e-11	58.2
IGKNOGPA_00246	MER0043475	26.950	141	92	4	40	170	55	194	9.83e-09	53.1
IGKNOGPA_00246	MER0044622	30.769	169	103	6	42	204	70	230	2.11e-08	52.0
IGKNOGPA_00246	MER0043195	23.333	150	92	3	52	184	63	206	3.78e-07	48.1
IGKNOGPA_00246	MER0045094	26.667	150	90	7	47	185	58	198	3.03e-06	45.4
IGKNOGPA_00246	MER0044619	27.193	114	78	4	75	185	83	194	3.67e-06	45.1
IGKNOGPA_00246	MER0044882	28.814	118	77	3	75	185	53	170	8.94e-06	43.1
IGKNOGPA_00392	MER0026545	37.288	177	91	5	93	261	104	268	4.93e-31	113
IGKNOGPA_00392	MER0026552	35.882	170	96	2	87	256	8	164	6.37e-29	105
IGKNOGPA_00392	MER0026496	34.091	176	105	5	93	261	100	271	2.64e-25	98.6
IGKNOGPA_00392	MER0042387	31.034	174	108	4	90	260	17	181	1.51e-24	94.4
IGKNOGPA_00392	MER0031491	28.070	171	102	4	93	252	20	180	1.02e-18	79.0
IGKNOGPA_00392	MER0002642	26.380	163	94	6	103	256	24	169	2.29e-07	46.6
IGKNOGPA_00392	MER0002639	26.923	182	113	7	80	256	3	169	2.89e-06	43.5
IGKNOGPA_00400	MER0013829	35.061	328	194	8	14	333	6	322	4.96e-54	179
IGKNOGPA_00400	MER0005169	31.356	354	221	7	14	359	6	345	2.88e-51	171
IGKNOGPA_00400	MER0005472	34.211	342	205	8	14	353	6	329	6.77e-46	157
IGKNOGPA_00400	MER0004410	29.745	353	232	9	13	359	5	347	4.69e-43	150
IGKNOGPA_00400	MER0002046	29.032	341	221	9	12	349	4	326	1.33e-38	137
IGKNOGPA_00400	MER0002043	27.327	333	210	11	27	345	31	345	2.91e-31	118
IGKNOGPA_00400	MER0005160	28.955	335	217	11	15	345	7	324	3.74e-30	115
IGKNOGPA_00400	MER0002040	27.273	297	193	9	65	349	59	344	6.22e-24	98.2
IGKNOGPA_00400	MER0022215	23.729	354	235	8	12	351	3	335	1.37e-18	82.8
IGKNOGPA_00400	MER0025084	18.895	344	263	8	9	346	1	334	7.39e-06	44.3
IGKNOGPA_00451	MER0002635	39.223	283	156	3	103	369	1	283	9.08e-60	192
IGKNOGPA_00451	MER0173063	40.377	265	151	4	105	365	2	263	5.13e-54	176
IGKNOGPA_00451	MER0002646	32.459	305	167	2	105	370	3	307	2.96e-51	170
IGKNOGPA_00451	MER0003824	35.498	231	143	4	140	369	37	262	3.35e-38	135
IGKNOGPA_00451	MER0120615	31.298	262	175	4	105	366	1	257	1.23e-37	133
IGKNOGPA_00451	MER0049282	32.308	260	161	7	122	372	21	274	2.70e-36	130
IGKNOGPA_00451	MER0011469	27.931	290	185	4	102	371	4	289	8.09e-33	121
IGKNOGPA_00451	MER0011470	28.235	255	162	4	132	366	25	278	1.42e-24	99.0
IGKNOGPA_00451	MER0003772	25.292	257	181	6	120	367	14	268	7.77e-21	88.2
IGKNOGPA_00451	MER0142760	28.758	153	109	0	213	365	308	460	2.49e-17	80.1
IGKNOGPA_00451	MER0142760	25.625	160	95	6	27	177	69	213	2.23e-06	46.2
IGKNOGPA_00451	MER0006292	27.000	200	115	9	173	369	1	172	1.17e-12	62.8
IGKNOGPA_00561	MER0004090	26.786	392	231	13	537	901	1	363	2.61e-28	115
IGKNOGPA_00561	MER0035017	24.279	416	258	14	545	924	1	395	7.50e-24	102
IGKNOGPA_00561	MER0003800	25.258	388	238	12	539	901	10	370	2.06e-21	94.7
IGKNOGPA_00561	MER0026262	24.107	336	201	11	560	885	16	307	7.72e-12	64.7
IGKNOGPA_00561	MER0011700	25.893	224	133	9	559	772	15	215	2.90e-08	53.5
IGKNOGPA_00561	MER0122661	19.828	348	222	7	566	899	20	324	7.87e-06	45.8
IGKNOGPA_00570	MER0000410	60.211	284	110	2	400	683	1	281	2.40e-119	355
IGKNOGPA_00570	MER0011872	41.045	268	154	3	417	681	16	282	1.24e-67	221
IGKNOGPA_00570	MER0082498	42.751	269	131	6	432	678	16	283	9.16e-64	210
IGKNOGPA_00570	MER0005694	33.935	277	178	2	411	686	10	282	2.06e-47	166
IGKNOGPA_00570	MER0000392	30.935	278	178	4	418	685	7	280	1.09e-39	144
IGKNOGPA_00570	MER0079308	32.463	268	167	7	417	678	6	265	2.46e-39	143
IGKNOGPA_00570	MER0015621	29.966	297	187	6	402	681	1	293	4.80e-38	140
IGKNOGPA_00570	MER0022823	32.721	272	172	7	414	678	3	270	1.33e-37	138
IGKNOGPA_00570	MER0082653	32.911	237	145	5	419	642	7	242	1.38e-35	132
IGKNOGPA_00570	MER0004227	33.790	219	143	2	423	640	28	245	3.38e-33	126
IGKNOGPA_00570	MER0002490	27.758	281	178	6	402	664	1	274	6.64e-33	125
IGKNOGPA_00570	MER0011450	31.034	261	159	7	414	661	3	255	2.81e-32	123
IGKNOGPA_00570	MER0325901	32.000	275	178	8	416	685	3	273	1.28e-31	121
IGKNOGPA_00570	MER0981959	26.950	282	184	5	414	678	2	278	2.84e-30	117
IGKNOGPA_00570	MER0000398	30.038	263	167	6	418	679	4	250	3.04e-26	105
IGKNOGPA_00570	MER0003229	28.731	268	178	6	414	678	11	268	3.64e-26	105
IGKNOGPA_00592	MER0005767	23.759	282	180	10	55	334	29	277	1.77e-08	52.4
IGKNOGPA_00643	MER0217243	33.871	62	41	0	22	83	184	245	1.91e-08	46.2
IGKNOGPA_00661	MER0031565	30.542	203	134	5	32	229	33	233	2.02e-20	87.0
IGKNOGPA_00661	MER0036038	28.571	203	138	5	32	229	33	233	3.63e-19	83.2
IGKNOGPA_00661	MER0045479	25.616	203	144	5	32	229	33	233	3.62e-17	77.8
IGKNOGPA_00661	MER0036036	26.496	234	158	7	4	229	8	235	5.66e-15	71.2
IGKNOGPA_00661	MER0031569	27.083	240	156	7	1	229	1	232	4.76e-13	65.5
IGKNOGPA_00661	MER0036063	32.143	140	86	4	1	134	8	144	4.66e-11	60.1
IGKNOGPA_00661	MER0037863	25.000	188	131	5	56	236	93	277	3.32e-10	57.4
IGKNOGPA_00661	MER0036049	24.453	274	162	11	10	244	7	274	1.75e-09	55.1
IGKNOGPA_00661	MER0033244	26.627	169	112	4	50	215	51	210	2.56e-09	54.3
IGKNOGPA_00661	MER0033245	36.145	83	49	2	56	137	15	94	2.57e-09	53.9
IGKNOGPA_00661	MER0017243	22.460	187	131	4	34	215	103	280	7.00e-09	53.5
IGKNOGPA_00661	MER0036047	30.000	140	89	4	1	134	8	144	3.66e-08	51.2
IGKNOGPA_00661	MER0031558	22.680	194	141	3	32	223	54	240	1.35e-07	49.3
IGKNOGPA_00668	MER0195376	34.872	195	110	5	221	410	1	183	6.46e-21	87.0
IGKNOGPA_00668	MER0003514	26.056	142	84	3	221	362	3	123	2.55e-06	44.7
IGKNOGPA_00668	MER0003065	29.677	155	86	4	221	373	3	136	3.11e-06	44.3
IGKNOGPA_00689	MER0015121	28.916	166	89	6	101	239	37	200	4.44e-08	51.6
IGKNOGPA_00689	MER0107602	29.126	103	54	2	101	184	32	134	4.93e-06	45.1
IGKNOGPA_00689	MER0013471	31.818	132	68	5	74	184	11	141	7.45e-06	44.7
IGKNOGPA_00692	MER0002601	48.649	111	55	2	56	165	26	135	4.11e-32	109
IGKNOGPA_00692	MER0002455	40.164	122	72	1	48	169	16	136	5.55e-27	96.7
IGKNOGPA_00692	MER0019092	33.333	135	74	4	29	150	1	132	1.03e-18	75.9
IGKNOGPA_00692	MER0014721	36.634	101	62	2	53	153	37	135	3.70e-18	74.3
IGKNOGPA_00695	MER0015424	27.413	259	118	10	116	306	29	285	4.86e-10	57.0
IGKNOGPA_00695	MER0026564	27.128	188	113	8	126	305	51	222	4.59e-08	50.8
IGKNOGPA_00695	MER0016991	27.513	189	96	8	116	285	29	195	5.19e-07	47.4
IGKNOGPA_00695	MER0016507	26.573	143	83	6	151	284	84	213	2.28e-06	45.8
IGKNOGPA_00696	MER0015424	38.889	72	43	1	3	74	307	377	9.56e-08	44.3
IGKNOGPA_00696	MER0005498	36.986	73	35	3	5	75	254	317	1.68e-06	40.4
IGKNOGPA_00697	MER0015424	38.129	139	78	5	3	133	377	515	1.23e-18	81.3
IGKNOGPA_00794	MER0013623	53.205	156	70	2	105	260	1	153	6.41e-54	173
IGKNOGPA_00794	MER0003850	48.864	176	87	3	105	279	3	176	2.41e-51	167
IGKNOGPA_00794	MER0000268	51.923	156	73	2	105	260	1	154	1.21e-49	162
IGKNOGPA_00794	MER0004111	48.077	156	80	1	105	260	1	155	2.51e-48	158
IGKNOGPA_00794	MER0005468	49.686	159	76	3	105	260	1	158	7.42e-46	152
IGKNOGPA_00794	MER0000266	50.318	157	76	2	105	260	1	156	2.47e-45	150
IGKNOGPA_00794	MER0001372	48.750	160	74	3	105	260	1	156	2.80e-44	148
IGKNOGPA_00794	MER0004149	47.904	167	72	4	105	260	1	163	1.34e-42	144
IGKNOGPA_00794	MER0003290	48.125	160	75	4	105	260	1	156	3.81e-42	142
IGKNOGPA_00794	MER0004673	34.926	272	144	6	105	354	2	262	8.56e-41	142
IGKNOGPA_00794	MER0001945	44.654	159	85	2	105	260	1	159	1.45e-40	138
IGKNOGPA_00794	MER0002577	47.799	159	74	3	105	260	1	153	6.60e-40	136
IGKNOGPA_00794	MER0001373	48.428	159	78	3	105	260	1	158	1.37e-39	135
IGKNOGPA_00794	MER0028330	45.912	159	77	3	105	260	1	153	3.41e-38	132
IGKNOGPA_00794	MER0010944	42.690	171	83	4	105	260	1	171	4.24e-37	129
IGKNOGPA_00794	MER0016351	42.767	159	82	3	105	260	1	153	2.49e-36	127
IGKNOGPA_00794	MER0003293	44.667	150	81	2	105	254	1	148	7.77e-36	125
IGKNOGPA_00794	MER0014795	45.455	165	75	4	105	260	1	159	7.03e-35	123
IGKNOGPA_00794	MER0016031	41.916	167	85	4	105	260	1	166	1.08e-32	118
IGKNOGPA_00794	MER0022668	39.181	171	89	5	105	260	1	171	3.90e-32	116
IGKNOGPA_00794	MER0004093	42.767	159	82	3	105	260	1	153	4.33e-32	115
IGKNOGPA_00794	MER0004086	41.104	163	87	4	106	260	1	162	1.53e-31	114
IGKNOGPA_00794	MER0011375	41.615	161	82	5	105	260	1	154	1.13e-30	112
IGKNOGPA_00794	MER0015583	42.667	150	74	4	105	243	1	149	2.26e-25	97.8
IGKNOGPA_00794	MER0006096	41.912	136	70	3	129	260	1	131	5.25e-25	96.3
IGKNOGPA_00794	MER0005093	35.000	160	91	3	105	251	1	160	3.29e-24	95.1
IGKNOGPA_00794	MER0063616	36.364	165	83	6	108	260	5	159	5.85e-18	77.4
IGKNOGPA_00794	MER0005094	29.932	147	99	4	113	255	8	154	6.10e-12	60.5
IGKNOGPA_00794	MER0005090	33.588	131	83	4	105	232	1	130	2.02e-10	55.8
IGKNOGPA_00794	MER0014318	35.971	139	69	8	105	232	1	130	4.27e-10	55.1
IGKNOGPA_00794	MER0014317	32.468	154	90	6	114	255	2	153	7.37e-10	54.3
IGKNOGPA_00794	MER0005089	33.835	133	80	5	105	232	1	130	1.77e-09	53.1
IGKNOGPA_00794	MER0024901	34.247	146	79	10	105	241	1	138	1.21e-07	47.4
IGKNOGPA_00794	MER0014314	31.538	130	81	5	105	229	1	127	6.77e-07	45.8
IGKNOGPA_00794	MER0004696	28.873	142	92	6	105	241	1	138	1.21e-06	44.7
IGKNOGPA_00794	MER0014064	32.000	125	75	5	116	232	11	133	1.26e-06	45.1
IGKNOGPA_00794	MER0005954	28.111	217	96	12	53	242	1	184	3.34e-06	44.7
IGKNOGPA_00794	MER0016541	35.106	94	44	4	116	199	10	96	4.60e-06	42.7
IGKNOGPA_00794	MER0145078	29.104	134	74	8	146	261	110	240	5.99e-06	44.3
IGKNOGPA_00806	MER0026262	26.357	258	152	8	36	285	14	241	4.50e-16	75.9
IGKNOGPA_00806	MER0140154	25.496	353	210	11	40	368	3	326	3.10e-15	73.2
IGKNOGPA_00806	MER0011700	23.986	296	201	9	29	316	7	286	9.76e-15	72.0
IGKNOGPA_00806	MER0002489	28.743	167	89	4	76	242	60	196	8.75e-10	56.6
IGKNOGPA_00806	MER0005925	21.927	301	187	10	25	311	4	270	1.31e-09	55.8
IGKNOGPA_00806	MER0005923	24.105	419	221	18	25	365	7	406	2.31e-09	55.5
IGKNOGPA_00806	MER0000459	26.633	199	112	6	46	242	30	196	8.69e-09	53.5
IGKNOGPA_00806	MER0006204	24.255	235	138	11	25	248	3	208	1.18e-08	53.1
IGKNOGPA_00806	MER0017069	27.500	200	107	8	46	242	17	181	3.65e-08	51.6
IGKNOGPA_00806	MER1143079	24.111	253	130	8	42	285	13	212	5.83e-08	50.4
IGKNOGPA_00817	MER0017142	27.642	123	70	4	60	170	7	122	9.25e-06	42.7
IGKNOGPA_00821	MER0250299	27.638	199	128	4	7	205	34	216	8.82e-16	71.2
IGKNOGPA_00821	MER0200437	30.102	196	121	6	13	207	1	181	1.04e-15	71.2
IGKNOGPA_00821	MER0250360	25.616	203	129	6	7	205	38	222	4.90e-15	69.3
IGKNOGPA_00821	MER0199442	26.531	245	162	7	13	257	1	227	4.44e-14	66.6
IGKNOGPA_00821	MER0212825	25.701	214	137	7	46	257	1	194	2.50e-13	63.9
IGKNOGPA_00821	MER0250335	25.128	195	132	6	13	207	1	181	3.74e-12	61.2
IGKNOGPA_00821	MER0250357	26.368	201	126	6	7	205	38	218	1.27e-11	59.7
IGKNOGPA_00821	MER0250303	28.205	195	126	6	13	207	1	181	1.15e-10	57.0
IGKNOGPA_00821	MER0250412	26.126	222	141	7	38	255	24	226	5.37e-09	52.0
IGKNOGPA_00821	MER0250336	23.474	213	141	8	46	257	1	192	8.43e-08	48.1
IGKNOGPA_00821	MER0250332	26.368	201	128	6	57	257	10	190	3.53e-07	46.2
IGKNOGPA_00871	MER0042827	56.566	99	43	0	975	1073	1	99	1.12e-31	116
IGKNOGPA_00953	MER0195774	38.122	181	108	3	42	222	1	177	5.18e-33	122
IGKNOGPA_00953	MER0188967	26.515	264	172	7	78	322	3	263	3.15e-19	88.6
IGKNOGPA_00953	MER0001229	27.650	217	152	4	42	258	2	213	9.34e-17	77.0
IGKNOGPA_00953	MER0001229	21.176	170	130	4	541	709	25	191	2.38e-06	46.6
IGKNOGPA_00953	MER0043985	27.650	217	152	4	42	258	2	213	1.54e-16	77.0
IGKNOGPA_00953	MER0043985	21.176	170	130	4	541	709	25	191	2.74e-06	46.6
IGKNOGPA_00953	MER0001233	26.549	226	139	9	42	252	2	215	1.27e-13	68.6
IGKNOGPA_00953	MER0001233	24.038	208	146	6	517	715	1	205	9.58e-08	50.8
IGKNOGPA_00953	MER0122186	26.087	184	126	5	42	222	22	198	3.31e-13	66.2
IGKNOGPA_00953	MER0015259	28.000	175	108	5	37	204	21	184	1.19e-11	62.0
IGKNOGPA_00953	MER0014333	30.348	201	123	7	42	232	2	195	5.32e-11	60.8
IGKNOGPA_00953	MER0001222	27.692	195	123	6	37	222	21	206	1.30e-10	58.9
IGKNOGPA_00953	MER0011096	26.500	200	122	7	37	222	21	209	1.78e-10	58.5
IGKNOGPA_00953	MER0024891	27.230	213	127	10	78	274	3	203	2.83e-10	59.7
IGKNOGPA_00953	MER0001218	26.667	195	122	7	40	222	24	209	6.63e-10	57.0
IGKNOGPA_00953	MER0011744	26.000	200	123	7	37	222	21	209	8.87e-10	56.6
IGKNOGPA_00953	MER0039456	24.390	205	148	5	517	716	1	203	2.01e-09	55.5
IGKNOGPA_00953	MER0003543	27.230	213	139	6	42	249	2	203	3.08e-09	55.1
IGKNOGPA_00953	MER0390687	23.913	138	103	2	554	691	30	165	3.42e-09	53.9
IGKNOGPA_00953	MER0001220	27.053	207	122	9	59	249	1	194	5.07e-09	54.3
IGKNOGPA_00953	MER0237414	21.586	227	163	5	520	738	3	222	1.01e-08	53.9
IGKNOGPA_00953	MER0237414	25.221	226	144	9	44	257	3	215	2.02e-07	50.1
IGKNOGPA_00953	MER0003448	27.273	198	135	5	42	238	2	191	1.07e-08	53.5
IGKNOGPA_00953	MER0003448	21.229	179	135	2	517	695	1	173	1.77e-08	53.1
IGKNOGPA_00953	MER0003386	29.577	142	80	5	34	170	18	144	2.44e-08	52.4
IGKNOGPA_00953	MER0002008	24.887	221	133	9	42	247	2	204	6.61e-08	51.6
IGKNOGPA_00953	MER0023436	25.668	187	101	7	67	229	34	206	7.11e-08	50.8
IGKNOGPA_00953	MER0004423	29.814	161	97	6	78	235	33	180	7.25e-08	51.2
IGKNOGPA_00953	MER0001214	31.250	96	66	0	37	132	21	116	9.71e-08	50.1
IGKNOGPA_00953	MER0002283	27.919	197	123	7	37	222	21	209	1.16e-07	50.4
IGKNOGPA_00953	MER0011292	24.457	184	108	7	58	225	64	232	8.52e-07	48.1
IGKNOGPA_00953	MER0003823	27.778	198	118	8	37	220	21	207	1.12e-06	47.4
IGKNOGPA_00953	MER0003909	20.117	343	213	13	77	381	5	324	1.55e-06	48.5
IGKNOGPA_00953	MER0002345	24.883	213	141	6	19	222	7	209	2.02e-06	46.6
IGKNOGPA_01006	MER0037236	24.324	259	174	6	6	243	4	261	5.87e-18	77.8
IGKNOGPA_01006	MER0004146	25.681	257	166	10	10	243	7	261	2.40e-16	73.2
IGKNOGPA_01006	MER0031611	22.179	257	175	6	17	249	35	290	1.38e-12	63.2
IGKNOGPA_01006	MER0036057	19.342	243	168	7	22	243	63	298	1.77e-09	53.9
IGKNOGPA_01006	MER0036068	22.407	241	165	7	22	241	54	293	2.77e-09	53.5
IGKNOGPA_01006	MER0036076	22.083	240	156	10	22	241	63	291	4.29e-09	52.8
IGKNOGPA_01006	MER0017193	21.786	280	179	8	3	251	7	277	1.65e-08	50.8
IGKNOGPA_01006	MER0003537	25.243	206	112	5	80	251	87	284	2.65e-08	50.4
IGKNOGPA_01006	MER0036054	20.463	259	168	7	22	243	17	274	1.02e-07	48.5
IGKNOGPA_01006	MER0036067	21.250	240	165	8	22	240	52	288	1.78e-07	47.8
IGKNOGPA_01006	MER0035973	25.150	167	109	5	87	242	125	286	3.25e-07	47.0
IGKNOGPA_01006	MER0017033	20.442	181	121	4	80	243	126	300	4.38e-07	46.6
IGKNOGPA_01006	MER0035038	28.302	106	70	2	12	112	21	125	4.47e-07	46.6
IGKNOGPA_01006	MER0213280	26.415	106	72	3	12	112	21	125	7.19e-06	43.1
IGKNOGPA_01006	MER0036115	18.182	132	90	3	8	128	22	146	7.58e-06	43.1
IGKNOGPA_01045	MER0036038	26.027	219	129	8	17	225	42	237	7.28e-08	48.9
IGKNOGPA_01077	MER0000474	49.398	166	83	1	16	180	38	203	2.70e-52	163
IGKNOGPA_01077	MER0005687	48.193	166	85	1	16	180	42	207	2.02e-49	156
IGKNOGPA_01077	MER0004857	43.103	174	99	0	7	180	30	203	3.24e-47	150
IGKNOGPA_01077	MER0006056	43.902	164	92	0	17	180	44	207	3.33e-47	150
IGKNOGPA_01077	MER0006046	43.976	166	92	1	16	180	38	203	2.57e-45	145
IGKNOGPA_01077	MER0011666	42.135	178	100	2	6	180	8	185	4.62e-45	144
IGKNOGPA_01077	MER0002211	43.976	166	92	1	16	180	38	203	5.25e-44	142
IGKNOGPA_01077	MER0006063	39.759	166	99	1	16	180	39	204	7.80e-44	141
IGKNOGPA_01077	MER0002299	44.848	165	90	1	16	179	32	196	1.95e-42	138
IGKNOGPA_01077	MER0004855	40.828	169	99	1	13	180	37	205	2.88e-41	135
IGKNOGPA_01077	MER0004182	38.012	171	105	1	11	180	29	199	2.54e-35	119
IGKNOGPA_01077	MER0004847	40.361	166	97	2	17	180	39	204	3.65e-33	114
IGKNOGPA_01077	MER0006308	36.686	169	105	2	11	177	23	191	4.64e-33	114
IGKNOGPA_01080	MER0031617	27.966	118	75	4	73	184	29	142	2.53e-07	47.8
IGKNOGPA_01130	MER0003428	27.602	221	112	11	50	248	1	195	5.04e-07	47.8
IGKNOGPA_01130	MER0001202	28.571	147	67	5	83	226	38	149	1.40e-06	46.6
IGKNOGPA_01130	MER0003817	29.412	153	68	5	78	226	33	149	1.75e-06	45.8
IGKNOGPA_01144	MER0001421	53.299	394	182	2	16	408	1	393	8.50e-154	437
IGKNOGPA_01144	MER0028941	26.329	414	244	12	7	408	2	366	3.30e-24	99.8
IGKNOGPA_01144	MER0369336	28.472	288	183	7	132	408	39	314	2.71e-21	90.9
IGKNOGPA_01184	MER0069741	31.333	150	69	6	19	163	41	161	4.51e-12	58.2
IGKNOGPA_01184	MER0003380	27.815	151	75	6	11	154	99	222	9.33e-09	49.7
IGKNOGPA_01184	MER0015415	27.536	138	73	4	18	155	40	150	1.71e-08	48.5
IGKNOGPA_01184	MER0013541	29.730	111	52	4	44	154	1	85	2.45e-06	40.8
IGKNOGPA_01302	MER0065588	44.444	198	105	3	2	198	3	196	6.07e-55	170
IGKNOGPA_01302	MER0066916	23.626	182	113	7	11	182	16	181	4.06e-06	42.4
IGKNOGPA_01316	MER0045094	42.021	188	106	2	2	186	12	199	7.16e-51	161
IGKNOGPA_01316	MER0044622	41.579	190	106	3	2	186	26	215	1.36e-47	153
IGKNOGPA_01316	MER0043394	38.750	160	96	1	28	185	3	162	3.09e-41	134
IGKNOGPA_01316	MER0044882	43.275	171	87	7	24	185	1	170	3.52e-36	121
IGKNOGPA_01316	MER0043392	40.876	137	78	2	47	183	23	156	1.05e-33	115
IGKNOGPA_01316	MER0043195	35.500	200	108	8	5	184	8	206	2.87e-29	105
IGKNOGPA_01316	MER0044619	34.921	189	114	5	4	186	10	195	8.71e-29	104
IGKNOGPA_01316	MER0043537	30.055	183	123	4	4	184	2	181	1.72e-23	89.4
IGKNOGPA_01316	MER0045095	31.731	208	116	6	4	185	17	224	6.58e-19	78.6
IGKNOGPA_01316	MER0045886	27.568	185	126	4	3	184	13	192	1.20e-15	69.3
IGKNOGPA_01316	MER0044812	26.136	176	121	5	16	188	68	237	1.16e-14	67.0
IGKNOGPA_01316	MER0044889	30.556	144	94	3	44	185	60	199	1.66e-13	63.5
IGKNOGPA_01316	MER0042974	28.829	111	79	0	75	185	70	180	6.38e-13	61.2
IGKNOGPA_01316	MER0045945	31.250	176	111	4	2	175	32	199	7.98e-13	61.6
IGKNOGPA_01316	MER0060647	26.374	182	120	5	4	181	175	346	1.12e-11	59.3
IGKNOGPA_01316	MER0436735	27.624	181	89	6	42	184	43	219	4.44e-11	57.0
IGKNOGPA_01316	MER0115185	26.812	138	89	4	42	175	5	134	1.04e-10	54.3
IGKNOGPA_01316	MER0046161	30.653	199	104	10	4	188	67	245	1.99e-10	55.5
IGKNOGPA_01316	MER0038086	24.845	161	107	6	35	185	67	223	1.07e-09	53.1
IGKNOGPA_01316	MER0043387	26.897	145	99	4	43	185	26	165	1.41e-09	52.0
IGKNOGPA_01316	MER0436691	26.846	149	98	4	42	185	99	241	1.79e-09	52.4
IGKNOGPA_01316	MER0043540	26.000	150	99	4	43	188	83	224	9.37e-09	50.1
IGKNOGPA_01319	MER0034539	61.275	204	79	0	2	205	1	204	8.89e-88	267
IGKNOGPA_01319	MER0033254	36.126	191	103	8	2	180	1	184	2.93e-23	95.9
IGKNOGPA_01347	MER0056525	52.381	231	107	2	418	647	1	229	1.16e-83	261
IGKNOGPA_01347	MER0011748	51.948	231	108	2	418	647	1	229	3.56e-78	248
IGKNOGPA_01347	MER0015609	50.649	231	109	2	418	647	1	227	4.63e-78	247
IGKNOGPA_01347	MER0005496	50.435	230	113	1	418	647	1	229	5.96e-78	247
IGKNOGPA_01347	MER0011224	46.522	230	122	1	418	647	1	229	3.31e-73	234
IGKNOGPA_01347	MER0015195	47.186	231	119	3	418	647	1	229	3.60e-71	229
IGKNOGPA_01347	MER0023544	45.259	232	126	1	418	649	1	231	1.47e-70	228
IGKNOGPA_01347	MER0002605	44.156	231	125	2	418	647	1	228	3.96e-67	218
IGKNOGPA_01347	MER0015194	43.723	231	125	2	419	647	2	229	1.58e-63	208
IGKNOGPA_01347	MER0014306	42.174	230	132	1	418	647	1	229	1.63e-62	206
IGKNOGPA_01347	MER0171760	39.033	269	156	4	382	647	1	264	4.84e-62	204
IGKNOGPA_01347	MER0002600	40.693	231	134	2	418	647	1	229	2.06e-60	200
IGKNOGPA_01347	MER0005466	40.948	232	131	3	419	644	2	233	1.11e-56	189
IGKNOGPA_01347	MER0024898	41.379	232	133	3	418	647	1	231	1.68e-56	190
IGKNOGPA_01347	MER0004454	39.419	241	139	3	418	654	1	238	8.00e-55	186
IGKNOGPA_01347	MER0002602	41.304	230	129	2	419	642	2	231	1.73e-54	184
IGKNOGPA_01347	MER0015199	43.038	237	127	3	418	646	1	237	4.43e-54	184
IGKNOGPA_01347	MER0001620	39.149	235	136	3	418	645	1	235	5.58e-49	170
IGKNOGPA_01347	MER0002563	36.325	234	139	3	419	642	2	235	1.07e-47	165
IGKNOGPA_01347	MER0015193	39.485	233	131	5	418	642	1	231	8.64e-45	157
IGKNOGPA_01347	MER0002408	37.607	234	137	6	418	644	1	232	6.92e-44	155
IGKNOGPA_01347	MER0017637	36.325	234	139	3	419	642	2	235	1.05e-43	154
IGKNOGPA_01347	MER0011745	35.193	233	140	6	418	642	1	230	1.46e-43	154
IGKNOGPA_01347	MER0015137	35.622	233	139	6	418	642	1	230	5.87e-43	152
IGKNOGPA_01347	MER0015197	34.685	222	138	4	430	647	13	231	9.21e-43	152
IGKNOGPA_01347	MER0002608	37.097	248	150	4	419	661	2	248	3.38e-39	142
IGKNOGPA_01347	MER0005755	39.450	218	120	3	419	633	2	210	6.78e-39	140
IGKNOGPA_01347	MER0024900	35.714	224	133	4	419	639	2	217	9.16e-37	135
IGKNOGPA_01347	MER0014324	35.965	228	132	4	418	642	1	217	2.16e-36	134
IGKNOGPA_01347	MER0190577	33.772	228	137	3	418	642	1	217	2.63e-36	133
IGKNOGPA_01347	MER0002197	33.333	261	154	5	418	673	1	246	3.46e-36	134
IGKNOGPA_01347	MER0190705	34.632	231	140	3	419	647	1	222	5.31e-36	132
IGKNOGPA_01347	MER0015690	36.036	222	130	6	418	627	1	222	8.09e-35	130
IGKNOGPA_01347	MER0011120	35.321	218	129	7	418	623	1	218	3.90e-31	119
IGKNOGPA_01347	MER0001246	32.967	182	110	3	429	607	1	173	2.09e-23	94.7
IGKNOGPA_01347	MER0015204	26.829	246	149	7	419	633	2	247	1.19e-18	84.0
IGKNOGPA_01366	MER0015475	30.542	203	122	7	18	209	5	199	2.46e-18	77.0
IGKNOGPA_01407	MER0078640	38.462	130	70	1	11	130	1	130	3.36e-26	99.8
IGKNOGPA_01407	MER0060647	34.615	130	76	1	11	131	1	130	2.53e-22	89.0
IGKNOGPA_01408	MER0115185	51.064	141	67	1	4	144	5	143	1.19e-46	145
IGKNOGPA_01408	MER0044812	44.079	152	82	2	4	155	95	243	7.33e-45	144
IGKNOGPA_01408	MER0043540	42.568	148	82	1	3	150	81	225	9.75e-44	141
IGKNOGPA_01408	MER0045945	43.137	153	85	2	5	157	71	221	8.44e-41	133
IGKNOGPA_01408	MER0046161	47.586	145	73	2	7	150	104	246	3.09e-39	130
IGKNOGPA_01408	MER0436691	40.000	140	84	0	7	146	102	241	3.84e-38	127
IGKNOGPA_01408	MER0060647	43.662	142	76	2	7	146	212	351	1.37e-33	118
IGKNOGPA_01408	MER0078640	41.135	141	78	2	7	145	210	347	1.86e-31	112
IGKNOGPA_01408	MER0044882	29.197	137	85	5	5	131	22	156	1.03e-07	46.2
IGKNOGPA_01408	MER0043195	27.273	154	96	5	7	145	54	206	7.89e-07	44.3
IGKNOGPA_01408	MER0045094	25.735	136	94	3	1	131	51	184	1.93e-06	43.1
IGKNOGPA_01419	MER0002968	24.299	214	138	8	850	1049	1	204	3.44e-07	49.3
IGKNOGPA_01460	MER0028025	57.895	76	32	0	131	206	168	243	1.44e-24	94.4
IGKNOGPA_01460	MER0003798	23.894	226	137	8	9	201	188	411	9.49e-06	42.4
IGKNOGPA_01522	MER0048181	32.168	143	83	4	61	190	1	142	3.87e-08	48.5
IGKNOGPA_01522	MER0015473	31.818	110	73	2	60	168	36	144	6.64e-08	48.9
IGKNOGPA_01522	MER0035036	26.389	144	98	3	59	198	86	225	1.19e-07	48.5
IGKNOGPA_01522	MER0015449	37.349	83	45	2	56	138	48	123	1.24e-06	45.4
IGKNOGPA_01522	MER0015452	37.500	80	43	2	59	138	49	121	1.71e-06	45.1
IGKNOGPA_01522	MER0015451	38.272	81	43	2	56	136	37	110	7.05e-06	43.1
IGKNOGPA_01524	MER0015632	27.586	116	78	4	12	126	8	118	2.34e-06	42.7
IGKNOGPA_01524	MER0015462	32.500	80	45	2	47	126	46	116	3.07e-06	42.0
IGKNOGPA_01524	MER0015449	30.000	80	54	1	41	120	45	122	4.69e-06	42.0
IGKNOGPA_01527	MER0015424	28.390	236	140	9	408	621	282	510	2.09e-19	90.1
IGKNOGPA_01527	MER0019280	30.952	294	163	13	239	509	29	305	1.41e-13	69.7
IGKNOGPA_01527	MER0016991	28.873	284	148	9	256	501	53	320	2.16e-13	69.7
IGKNOGPA_01527	MER0003536	27.530	247	140	8	238	458	28	261	1.82e-08	54.3
IGKNOGPA_01527	MER0161312	28.623	276	140	9	272	506	91	350	2.44e-08	54.3
IGKNOGPA_01527	MER0000349	29.876	241	125	12	273	484	142	367	5.27e-08	53.1
IGKNOGPA_01527	MER0002267	37.037	108	56	3	392	499	180	275	2.10e-07	50.8
IGKNOGPA_01527	MER0004988	26.122	245	143	8	238	463	29	254	3.31e-07	50.1
IGKNOGPA_01527	MER0005498	25.938	320	190	14	226	509	17	325	5.20e-07	49.7
IGKNOGPA_01527	MER0016983	32.653	98	58	2	419	509	216	312	2.87e-06	47.4
IGKNOGPA_01527	MER0077555	33.086	269	138	11	236	490	19	259	3.87e-06	46.6
IGKNOGPA_01686	MER0033186	35.938	320	197	3	67	381	1	317	1.90e-58	191
IGKNOGPA_01825	MER0005767	28.438	320	184	9	54	369	27	305	2.28e-34	127
IGKNOGPA_01825	MER0030136	22.444	401	284	13	5	385	2	395	1.63e-14	71.6
IGKNOGPA_01825	MER0030151	21.914	397	291	10	5	385	2	395	3.66e-11	61.2
IGKNOGPA_01825	MER0030143	21.303	399	291	13	5	385	2	395	3.00e-09	55.5
IGKNOGPA_01825	MER0030155	20.948	401	290	14	5	385	2	395	8.23e-09	53.9
IGKNOGPA_01825	MER0015112	23.984	246	171	9	5	238	2	243	5.13e-08	51.6
IGKNOGPA_01833	MER0001400	44.898	196	94	6	1	188	194	383	1.69e-46	157
IGKNOGPA_01836	MER0001400	38.150	173	103	2	238	409	1	170	1.74e-27	110
IGKNOGPA_01927	MER0026494	34.969	326	196	7	8	323	147	466	1.32e-50	172
IGKNOGPA_01927	MER0015142	32.722	327	204	6	8	324	178	498	3.51e-48	166
IGKNOGPA_01927	MER0026471	32.432	333	205	6	8	328	152	476	6.43e-48	164
IGKNOGPA_01927	MER0052470	23.588	301	210	8	21	310	152	443	2.44e-11	61.2
IGKNOGPA_01927	MER0026485	31.633	98	67	0	232	329	212	309	2.58e-10	57.4
IGKNOGPA_01927	MER0003397	35.556	90	56	2	232	320	213	301	7.56e-10	55.8
IGKNOGPA_01927	MER0057434	32.184	87	59	0	230	316	202	288	4.97e-07	47.4
IGKNOGPA_01927	MER0057434	38.710	62	35	2	8	67	139	199	7.02e-06	43.9
IGKNOGPA_01952	MER0168983	27.879	165	92	7	285	441	1	146	5.15e-11	58.5
IGKNOGPA_01952	MER0002755	24.490	196	119	5	263	441	8	191	6.46e-09	53.1
IGKNOGPA_01952	MER0168177	25.325	154	96	5	285	433	1	140	4.46e-08	50.1
IGKNOGPA_01952	MER0002746	22.785	237	150	9	264	479	9	233	6.00e-08	50.4
IGKNOGPA_01952	MER0011345	20.930	215	142	6	263	461	19	221	6.46e-08	50.8
IGKNOGPA_01952	MER0001013	22.581	217	141	4	260	461	17	221	7.56e-08	50.4
IGKNOGPA_01952	MER0002078	24.434	221	146	8	264	469	9	223	7.84e-08	50.4
IGKNOGPA_01952	MER0019754	26.368	201	121	10	276	457	3	195	1.14e-07	49.3
IGKNOGPA_01952	MER0012271	24.460	139	90	2	339	462	86	224	2.37e-07	48.9
IGKNOGPA_01952	MER0019759	22.273	220	151	8	274	479	19	232	8.15e-07	47.4
IGKNOGPA_01952	MER0001009	21.084	166	119	5	338	492	20	184	1.23e-06	46.6
IGKNOGPA_01952	MER0001017	23.810	147	89	3	338	465	84	226	1.78e-06	46.2
IGKNOGPA_01952	MER0036308	26.316	133	83	4	263	392	17	137	2.67e-06	45.8
IGKNOGPA_01952	MER0011438	25.234	107	69	3	338	433	81	187	4.60e-06	44.7
IGKNOGPA_01952	MER0015166	25.600	125	82	2	338	451	102	226	6.88e-06	44.3
IGKNOGPA_01952	MER0000997	31.959	97	62	2	282	377	31	124	8.45e-06	43.9
IGKNOGPA_01997	MER0003336	71.910	89	25	0	187	275	1	89	1.26e-43	142
IGKNOGPA_01997	MER0011465	48.864	88	45	0	187	274	1	88	3.56e-22	87.0
IGKNOGPA_01997	MER0017622	31.193	218	128	7	50	247	23	238	2.13e-20	85.1
IGKNOGPA_01997	MER0003299	45.455	88	48	0	187	274	1	88	2.31e-16	71.2
IGKNOGPA_01997	MER0003338	37.931	87	53	1	187	272	1	87	3.50e-14	65.5
IGKNOGPA_01997	MER0003303	34.783	92	58	2	187	277	1	91	1.74e-10	54.7
IGKNOGPA_01997	MER0013976	35.227	88	55	2	187	273	1	87	4.68e-09	50.4
IGKNOGPA_02004	MER0001243	40.870	115	68	0	1	115	135	249	2.01e-28	102
IGKNOGPA_02004	MER0001342	35.965	114	73	0	2	115	134	247	9.87e-20	79.3
IGKNOGPA_02004	MER0015127	35.965	114	72	1	2	115	134	246	4.90e-18	74.3
IGKNOGPA_02004	MER0005690	35.644	101	64	1	15	115	147	246	2.30e-17	72.8
IGKNOGPA_02004	MER0015128	31.304	115	77	2	2	115	134	247	7.72e-16	68.6
IGKNOGPA_02004	MER0013589	33.645	107	70	1	9	115	137	242	1.43e-14	65.1
IGKNOGPA_02004	MER0013450	27.119	118	85	1	2	118	133	250	2.16e-13	62.0
IGKNOGPA_02004	MER0013929	31.429	105	71	1	2	106	134	237	1.67e-11	56.6
IGKNOGPA_02004	MER0024896	28.333	120	79	2	2	115	348	466	2.51e-11	57.0
IGKNOGPA_02005	MER0013450	35.417	96	62	0	2	97	1	96	3.86e-16	67.8
IGKNOGPA_02005	MER0001243	37.895	95	57	2	2	94	3	97	9.75e-16	67.0
IGKNOGPA_02005	MER0005690	30.682	88	61	0	7	94	8	95	1.84e-12	57.8
IGKNOGPA_02005	MER0015127	31.034	87	60	0	8	94	9	95	5.69e-11	53.9
IGKNOGPA_02005	MER0001342	31.461	89	61	0	6	94	7	95	2.00e-10	52.4
IGKNOGPA_02005	MER0015128	28.049	82	59	0	13	94	14	95	1.11e-09	50.4
IGKNOGPA_02005	MER0013929	26.882	93	68	0	2	94	3	95	9.60e-09	47.8
IGKNOGPA_02005	MER0013589	27.778	90	65	0	5	94	2	91	1.04e-08	47.4
IGKNOGPA_02110	MER0002161	34.320	169	90	7	60	227	15	163	3.02e-16	72.8
IGKNOGPA_02110	MER0005139	35.780	109	61	3	121	227	62	163	1.16e-15	71.2
IGKNOGPA_02110	MER0001284	31.757	148	87	5	81	225	3	139	4.49e-14	66.2
IGKNOGPA_02110	MER0015691	32.609	138	78	5	95	224	19	149	4.38e-13	63.5
IGKNOGPA_02110	MER0005238	37.500	104	57	3	122	224	67	163	6.97e-13	63.5
IGKNOGPA_02110	MER0004514	34.259	108	65	2	121	225	35	139	1.89e-12	61.6
IGKNOGPA_02110	MER0005239	33.051	118	69	4	111	225	57	167	4.00e-11	58.2
IGKNOGPA_02110	MER0037181	30.000	170	98	6	59	227	14	163	5.45e-11	57.8
IGKNOGPA_02110	MER0002104	32.692	104	62	3	122	224	67	163	1.71e-10	56.6
IGKNOGPA_02110	MER0005241	37.363	91	50	2	118	206	1	86	1.72e-10	56.2
IGKNOGPA_02110	MER0005149	32.407	108	64	4	121	226	64	164	6.35e-10	54.7
IGKNOGPA_02110	MER0001289	32.143	112	62	5	119	227	59	159	1.49e-09	53.5
IGKNOGPA_02110	MER0015336	31.731	104	63	2	122	224	62	158	1.49e-09	53.5
IGKNOGPA_02110	MER0005152	29.060	117	70	2	98	208	30	139	1.59e-09	53.5
IGKNOGPA_02110	MER0002105	31.818	88	52	2	122	208	58	138	9.50e-08	48.1
IGKNOGPA_02110	MER0194228	31.915	94	51	4	136	227	1	83	1.02e-07	47.8
IGKNOGPA_02110	MER0001290	24.828	145	91	6	71	204	46	183	1.86e-07	47.8
IGKNOGPA_02110	MER0001911	30.392	102	61	2	120	221	39	130	1.35e-06	44.7
IGKNOGPA_02110	MER0005131	27.000	100	70	2	107	203	23	122	1.49e-06	44.7
IGKNOGPA_02110	MER0100667	30.579	121	62	5	118	230	20	126	2.04e-06	43.9
IGKNOGPA_02110	MER0005244	36.559	93	50	4	120	211	3	87	6.25e-06	42.4
IGKNOGPA_02149	MER0024252	41.837	98	48	4	138	229	14	108	1.12e-13	63.2
IGKNOGPA_02149	MER0014188	38.043	92	50	4	126	216	1	86	6.64e-13	60.5
IGKNOGPA_02149	MER0377310	33.333	108	59	4	126	228	1	100	8.63e-11	54.7
IGKNOGPA_02149	MER0377307	33.333	108	59	4	126	228	1	100	8.63e-11	54.7
IGKNOGPA_02149	MER0002450	33.333	108	59	4	126	228	1	100	1.14e-10	54.7
IGKNOGPA_02149	MER0001322	33.645	107	57	5	126	227	1	98	1.68e-10	54.3
IGKNOGPA_02149	MER0003807	35.106	94	58	3	126	217	1	93	1.72e-10	54.3
IGKNOGPA_02149	MER0377178	32.407	108	60	4	126	228	1	100	5.30e-09	49.7
IGKNOGPA_02149	MER0003805	30.556	108	62	4	126	228	1	100	2.88e-08	47.8
IGKNOGPA_02149	MER0003986	31.183	93	61	3	126	216	1	92	5.17e-08	47.4
IGKNOGPA_02149	MER0376722	30.769	91	59	2	126	216	1	87	5.47e-08	46.6
IGKNOGPA_02149	MER0003808	30.769	104	67	3	126	228	1	100	5.48e-08	47.0
IGKNOGPA_02149	MER0377450	31.250	96	54	3	126	217	1	88	8.65e-08	45.8
IGKNOGPA_02149	MER0004035	36.842	76	45	3	142	216	13	86	2.84e-07	45.1
IGKNOGPA_02149	MER0002443	38.554	83	47	4	136	216	11	91	3.13e-07	45.1
IGKNOGPA_02149	MER0014672	28.333	120	68	5	126	230	1	117	1.08e-06	43.5
IGKNOGPA_02149	MER0004054	27.957	93	64	3	127	216	2	94	2.22e-06	42.7
IGKNOGPA_02189	MER0002489	26.754	228	119	11	97	295	50	258	9.31e-06	43.9
IGKNOGPA_02219	MER0001284	31.875	160	82	5	68	219	4	144	2.25e-13	66.2
IGKNOGPA_02219	MER0004514	27.778	216	120	8	102	313	25	208	5.67e-13	65.1
IGKNOGPA_02219	MER0100667	33.858	127	69	4	112	231	24	142	1.75e-11	60.1
IGKNOGPA_02219	MER0005131	31.579	114	69	5	112	218	38	149	3.31e-07	47.8
IGKNOGPA_02219	MER0194228	38.028	71	41	2	147	215	14	83	6.33e-07	46.2
IGKNOGPA_02219	MER0001289	36.709	79	44	3	139	215	85	159	1.46e-06	45.8
IGKNOGPA_02219	MER0002161	28.767	146	86	5	112	248	66	202	5.12e-06	44.3
IGKNOGPA_02237	MER0031431	37.363	91	56	1	113	202	36	126	4.81e-14	65.1
IGKNOGPA_02237	MER0031432	34.091	88	57	1	128	214	51	138	3.16e-12	60.1
IGKNOGPA_02237	MER0031433	34.091	88	57	1	128	214	51	138	3.61e-12	60.1
IGKNOGPA_02237	MER0034659	33.750	80	50	1	129	205	52	131	3.54e-10	54.7
IGKNOGPA_02237	MER0014721	26.590	173	99	7	94	261	7	156	1.24e-09	52.8
IGKNOGPA_02237	MER0002601	30.137	73	44	2	127	199	30	95	2.58e-08	48.9
IGKNOGPA_02237	MER0038141	32.000	75	49	2	131	205	55	127	6.30e-08	48.1
IGKNOGPA_02237	MER0044553	24.806	129	96	1	105	233	10	137	1.38e-07	46.6
IGKNOGPA_02237	MER0019092	22.917	144	99	3	94	232	7	143	8.69e-07	44.7
IGKNOGPA_02237	MER0002455	25.000	84	56	2	125	208	26	102	7.46e-06	41.6
IGKNOGPA_02248	MER0047723	41.814	452	260	2	26	474	3	454	4.05e-128	378
IGKNOGPA_02248	MER0001283	42.105	456	262	1	21	474	2	457	3.34e-126	373
IGKNOGPA_02248	MER0028941	31.977	172	93	5	30	189	2	161	1.88e-10	59.3
IGKNOGPA_02248	MER0369336	22.672	247	153	8	82	318	8	226	1.05e-08	53.5
IGKNOGPA_02278	MER0017193	33.088	136	89	2	8	142	141	275	1.33e-19	79.3
IGKNOGPA_02278	MER0026339	28.682	129	91	1	8	135	139	267	1.28e-16	71.2
IGKNOGPA_02278	MER0045479	36.111	72	42	3	74	143	182	251	3.93e-08	47.4
IGKNOGPA_02278	MER0033259	32.836	67	44	1	77	143	195	260	6.79e-07	43.9
IGKNOGPA_02278	MER0031569	36.111	72	42	3	74	143	181	250	3.01e-06	42.0
IGKNOGPA_02279	MER0017193	57.576	132	56	0	10	141	8	139	3.86e-57	176
IGKNOGPA_02279	MER0026339	40.000	130	76	1	15	142	10	139	8.25e-33	113
IGKNOGPA_02279	MER0017177	31.868	91	60	1	15	103	22	112	2.87e-13	62.4
IGKNOGPA_02279	MER0036053	36.585	82	51	1	22	103	3	83	8.25e-12	57.8
IGKNOGPA_02279	MER0004146	33.043	115	71	4	15	124	6	119	2.25e-10	53.9
IGKNOGPA_02279	MER0014065	29.167	96	63	4	12	103	17	111	2.80e-08	48.1
IGKNOGPA_02279	MER0003280	30.392	102	68	2	28	127	30	130	4.39e-08	47.4
IGKNOGPA_02279	MER0214939	32.407	108	60	4	26	126	2	103	7.99e-08	46.6
IGKNOGPA_02279	MER0037236	29.310	116	77	3	13	124	5	119	1.19e-07	46.2
IGKNOGPA_02279	MER0000436	29.907	107	70	2	27	128	23	129	1.63e-07	45.8
IGKNOGPA_02279	MER0031614	30.108	93	52	2	12	102	79	160	4.72e-07	44.7
IGKNOGPA_02279	MER0011509	29.592	98	64	2	16	109	27	123	6.19e-07	44.3
IGKNOGPA_02279	MER0031617	27.358	106	73	3	22	125	29	132	9.78e-07	43.5
IGKNOGPA_02279	MER0031610	40.741	54	31	1	50	103	78	130	1.82e-06	42.7
IGKNOGPA_02279	MER0036072	30.088	113	69	3	21	125	74	184	2.30e-06	42.7
IGKNOGPA_02279	MER0036080	40.351	57	32	2	48	103	86	141	2.45e-06	42.4
IGKNOGPA_02279	MER0017142	25.000	128	87	6	16	142	2	121	7.97e-06	40.8
IGKNOGPA_02298	MER0066178	27.660	94	62	2	36	129	86	173	4.67e-08	48.1
IGKNOGPA_02303	MER0028047	50.833	120	53	3	367	483	1	117	2.67e-31	115
IGKNOGPA_02304	MER0028047	62.667	75	28	0	6	80	102	176	1.17e-26	95.1
IGKNOGPA_02342	MER0048181	30.986	142	77	3	49	170	2	142	3.35e-11	56.2
IGKNOGPA_02342	MER0015462	28.667	150	88	4	39	180	39	177	9.75e-10	52.8
IGKNOGPA_02342	MER0015633	30.822	146	82	4	40	177	42	176	6.11e-09	51.2
IGKNOGPA_02342	MER0015630	33.333	135	79	3	47	177	52	179	1.14e-08	50.4
IGKNOGPA_02342	MER0015686	36.782	87	52	1	40	126	42	125	3.59e-08	48.9
IGKNOGPA_02342	MER0015659	37.975	79	46	1	44	122	46	121	4.25e-08	48.9
IGKNOGPA_02342	MER0015459	36.145	83	49	1	40	122	42	120	1.11e-07	47.8
IGKNOGPA_02342	MER0015473	28.276	145	87	3	49	176	38	182	1.20e-07	47.4
IGKNOGPA_02342	MER0015632	27.647	170	89	6	40	190	37	191	2.89e-07	46.2
IGKNOGPA_02342	MER0015458	26.842	190	110	5	43	209	47	230	4.01e-07	46.2
IGKNOGPA_02342	MER0026214	26.842	190	117	6	36	208	17	201	9.21e-07	44.7
IGKNOGPA_02342	MER0003940	31.325	83	55	1	47	129	41	121	9.79e-07	44.7
IGKNOGPA_02342	MER0015472	25.333	150	100	5	44	185	41	186	1.52e-06	43.9
IGKNOGPA_02342	MER0030047	30.534	131	84	3	51	174	1	131	1.72e-06	43.1
IGKNOGPA_02342	MER0015631	29.078	141	89	4	40	175	44	178	1.84e-06	43.9
IGKNOGPA_02356	MER0000589	46.154	65	33	2	427	489	179	243	1.89e-11	61.2
IGKNOGPA_02356	MER0000589	30.579	121	40	4	140	260	1	77	9.50e-08	50.1
IGKNOGPA_02356	MER0013626	46.512	43	23	0	434	476	103	145	5.43e-08	49.3
IGKNOGPA_02356	MER0055964	35.616	73	44	2	401	472	73	143	1.39e-07	48.1
IGKNOGPA_02472	MER0036308	56.303	238	99	3	40	274	1	236	4.94e-91	272
IGKNOGPA_02472	MER0001013	43.852	244	130	3	38	276	2	243	3.95e-65	206
IGKNOGPA_02472	MER0012283	45.662	219	116	1	41	256	1	219	7.99e-65	204
IGKNOGPA_02472	MER0011345	44.493	227	124	2	41	265	4	230	5.93e-64	203
IGKNOGPA_02472	MER0001017	42.798	243	124	3	38	271	1	237	1.34e-62	199
IGKNOGPA_02472	MER0002281	42.017	238	133	4	43	275	6	243	8.44e-58	187
IGKNOGPA_02472	MER0005328	45.960	198	104	2	49	243	1	198	3.11e-57	184
IGKNOGPA_02472	MER0002755	42.786	201	112	3	49	246	1	201	3.40e-55	179
IGKNOGPA_02472	MER0012271	37.850	214	130	3	43	253	6	219	2.58e-44	152
IGKNOGPA_02472	MER0002658	41.135	141	77	3	124	258	1	141	1.06e-27	104
IGKNOGPA_02472	MER0019730	24.444	225	149	4	72	276	33	256	7.53e-24	97.1
IGKNOGPA_02472	MER0019759	29.474	190	113	5	80	256	33	214	1.52e-17	78.6
IGKNOGPA_02472	MER0011370	30.460	174	102	4	92	252	43	210	1.75e-17	77.8
IGKNOGPA_02472	MER0168983	28.652	178	114	4	78	255	1	165	6.21e-17	75.1
IGKNOGPA_02472	MER0005331	30.939	181	91	5	92	252	44	210	8.02e-17	75.9
IGKNOGPA_02472	MER0011720	28.638	213	131	7	46	251	3	201	8.98e-17	75.9
IGKNOGPA_02472	MER0002968	26.432	227	141	6	46	256	3	219	1.38e-16	75.5
IGKNOGPA_02472	MER0011440	31.285	179	90	6	92	251	43	207	1.83e-16	75.1
IGKNOGPA_02472	MER0011371	29.834	181	113	4	79	249	32	208	3.03e-16	74.3
IGKNOGPA_02472	MER0028449	30.366	191	92	7	88	252	46	221	4.82e-16	73.9
IGKNOGPA_02472	MER0019754	28.796	191	107	7	74	243	8	190	8.73e-16	72.4
IGKNOGPA_02472	MER0002060	25.909	220	141	7	47	252	4	215	1.17e-15	72.8
IGKNOGPA_02472	MER0011183	28.796	191	118	4	80	258	25	209	1.97e-15	72.0
IGKNOGPA_02472	MER0006264	29.310	174	111	4	88	252	12	182	2.23e-15	70.9
IGKNOGPA_02472	MER0001012	29.947	187	111	5	79	252	37	216	2.28e-15	71.6
IGKNOGPA_02472	MER0002355	29.167	216	130	9	46	251	3	205	2.73e-15	71.6
IGKNOGPA_02472	MER0002422	30.058	173	102	3	92	253	43	207	9.79e-15	69.7
IGKNOGPA_02472	MER0011423	29.348	184	102	6	88	252	40	214	1.32e-14	69.7
IGKNOGPA_02472	MER0001701	28.272	191	124	4	92	272	32	219	1.42e-14	69.7
IGKNOGPA_02472	MER0091680	28.324	173	111	5	89	252	32	200	2.13e-14	68.9
IGKNOGPA_02472	MER0005046	27.273	176	112	5	88	252	28	198	2.25e-14	68.6
IGKNOGPA_02472	MER0011369	29.944	177	99	5	92	252	58	225	3.39e-14	68.6
IGKNOGPA_02472	MER0002865	30.769	182	109	7	89	264	10	180	4.06e-14	67.4
IGKNOGPA_02472	MER0011401	26.882	186	89	6	92	249	36	202	6.33e-14	67.4
IGKNOGPA_02472	MER0168177	31.655	139	81	4	119	255	40	166	8.16e-14	66.2
IGKNOGPA_02472	MER0011438	29.032	186	105	7	68	236	19	194	1.13e-13	66.6
IGKNOGPA_02472	MER0002078	30.729	192	113	5	80	258	33	217	2.56e-13	66.2
IGKNOGPA_02472	MER0001005	28.090	178	92	4	92	247	9	172	4.50e-13	64.3
IGKNOGPA_02472	MER0002003	29.444	180	108	5	86	252	44	217	5.82e-13	64.7
IGKNOGPA_02472	MER0000997	32.143	168	100	5	92	247	47	212	5.91e-13	64.7
IGKNOGPA_02472	MER0001003	28.571	182	116	5	80	251	7	184	6.05e-13	63.9
IGKNOGPA_02472	MER0005045	26.966	178	110	7	88	252	28	198	8.11e-13	63.9
IGKNOGPA_02472	MER0001185	28.415	183	105	5	80	247	39	210	2.39e-12	63.2
IGKNOGPA_02472	MER0015166	27.568	185	95	7	94	251	58	230	2.52e-12	63.2
IGKNOGPA_02472	MER0002746	28.889	180	106	6	80	243	33	206	3.27e-12	62.8
IGKNOGPA_02472	MER0004243	32.203	177	98	4	92	252	46	216	5.23e-12	62.0
IGKNOGPA_02472	MER0052595	30.412	194	112	7	74	251	33	219	6.24e-12	62.0
IGKNOGPA_02472	MER0026830	36.207	116	59	4	86	187	41	155	1.57e-11	60.1
IGKNOGPA_02472	MER0011175	30.597	134	85	3	122	252	82	210	1.95e-11	60.1
IGKNOGPA_02472	MER0016308	26.519	181	96	6	92	251	18	182	3.50e-10	55.8
IGKNOGPA_02472	MER0002210	26.875	160	101	4	92	239	1	156	6.45e-10	54.7
IGKNOGPA_02472	MER0001009	27.778	144	88	4	116	252	15	149	8.85e-10	55.5
IGKNOGPA_02472	MER0001010	26.241	141	94	3	116	252	56	190	3.14e-09	53.5
IGKNOGPA_02472	MER0001001	25.225	222	137	9	49	253	1	210	1.34e-08	52.0
IGKNOGPA_02472	MER0001525	24.800	125	89	1	121	240	90	214	3.25e-08	50.8
IGKNOGPA_02472	MER0011399	32.407	108	63	5	68	166	20	126	5.55e-08	50.1
IGKNOGPA_02472	MER0040779	28.000	150	91	4	106	253	64	198	9.98e-08	48.9
IGKNOGPA_02472	MER0003500	23.889	180	121	3	92	260	31	205	5.34e-07	47.0
IGKNOGPA_02515	MER0019280	33.106	293	160	10	169	448	25	294	9.47e-29	113
IGKNOGPA_02515	MER0000321	32.450	302	137	15	162	435	90	352	1.42e-19	87.0
IGKNOGPA_02515	MER0001521	29.452	292	169	9	159	448	8	264	1.77e-19	85.5
IGKNOGPA_02515	MER0003536	30.820	305	164	16	159	444	15	291	2.09e-19	85.9
IGKNOGPA_02515	MER0000310	27.835	291	174	9	159	448	8	263	6.50e-19	84.0
IGKNOGPA_02515	MER0000313	29.452	292	169	9	159	448	8	264	7.46e-19	83.6
IGKNOGPA_02515	MER0030016	30.743	296	145	13	162	435	20	277	2.13e-18	82.4
IGKNOGPA_02515	MER0016688	27.797	295	163	14	168	435	24	295	3.37e-18	82.4
IGKNOGPA_02515	MER0001755	28.239	301	181	9	159	457	8	275	4.76e-18	81.3
IGKNOGPA_02515	MER0001523	28.767	292	171	9	159	448	8	264	1.30e-16	77.0
IGKNOGPA_02515	MER0000312	28.767	292	171	9	159	448	8	264	1.30e-16	77.0
IGKNOGPA_02515	MER0000319	26.644	289	171	8	170	454	26	277	1.97e-16	76.6
IGKNOGPA_02515	MER0000315	28.622	283	163	9	168	449	17	261	2.55e-16	76.3
IGKNOGPA_02515	MER0001906	28.622	283	163	9	168	449	17	261	4.34e-16	75.5
IGKNOGPA_02515	MER0175622	26.911	327	173	13	132	438	2	282	1.49e-15	74.3
IGKNOGPA_02515	MER0000349	27.673	318	170	12	155	424	47	352	2.17e-15	74.7
IGKNOGPA_02515	MER0001520	28.269	283	164	9	168	449	17	261	2.56e-15	73.2
IGKNOGPA_02515	MER0001699	26.838	272	161	8	167	435	16	252	2.71e-15	73.2
IGKNOGPA_02515	MER0000311	29.630	270	156	10	167	434	16	253	1.09e-14	71.2
IGKNOGPA_02515	MER0000332	29.964	277	154	9	175	448	23	262	3.51e-14	69.7
IGKNOGPA_02515	MER0001928	27.857	280	163	9	171	449	20	261	8.27e-14	68.6
IGKNOGPA_02515	MER0081072	27.444	266	157	10	174	437	19	250	1.21e-13	67.8
IGKNOGPA_02515	MER0004123	25.407	307	178	13	173	448	37	323	1.41e-13	68.9
IGKNOGPA_02515	MER0000348	26.690	281	162	9	178	419	38	313	1.76e-13	68.6
IGKNOGPA_02515	MER0000351	31.401	207	111	7	220	418	103	286	1.11e-12	65.5
IGKNOGPA_02515	MER0000347	26.923	312	174	14	171	449	60	350	3.89e-12	65.1
IGKNOGPA_02515	MER0000309	27.000	300	185	9	159	457	8	274	4.43e-12	63.5
IGKNOGPA_02515	MER0077555	27.972	286	170	10	166	449	15	266	5.74e-12	63.2
IGKNOGPA_02515	MER0013656	26.667	300	181	9	159	457	7	268	6.24e-12	63.2
IGKNOGPA_02515	MER0042897	25.524	286	181	8	166	449	15	270	9.38e-12	62.8
IGKNOGPA_02515	MER0004988	25.083	303	184	12	167	457	24	295	2.22e-11	61.6
IGKNOGPA_02515	MER0000316	26.027	292	177	8	159	449	7	260	2.58e-11	61.2
IGKNOGPA_02515	MER0005790	29.442	197	112	5	223	414	94	268	3.08e-11	60.8
IGKNOGPA_02515	MER0016978	26.488	336	185	14	154	457	11	316	4.92e-11	60.8
IGKNOGPA_02515	MER0002500	28.372	215	122	7	221	418	155	354	6.44e-11	61.2
IGKNOGPA_02515	MER0114485	26.266	316	171	14	160	417	16	327	6.68e-11	60.8
IGKNOGPA_02515	MER0002267	26.904	197	105	7	268	456	118	283	2.42e-10	58.5
IGKNOGPA_02515	MER0000353	29.756	205	99	7	220	410	154	327	3.66e-10	58.2
IGKNOGPA_02515	MER0161312	25.797	345	171	15	169	447	17	342	4.21e-10	58.2
IGKNOGPA_02515	MER0002575	26.241	282	167	9	177	451	26	273	8.64e-10	56.6
IGKNOGPA_02515	MER0002565	23.077	260	169	5	179	438	68	296	1.50e-09	56.6
IGKNOGPA_02515	MER0000320	27.239	268	157	13	159	419	8	244	1.58e-09	55.8
IGKNOGPA_02515	MER0014446	27.350	234	132	8	223	445	197	403	1.94e-09	56.6
IGKNOGPA_02515	MER0002516	31.746	126	75	4	317	442	156	270	1.54e-08	53.1
IGKNOGPA_02515	MER0067924	23.934	305	171	11	163	435	1	276	1.61e-08	52.8
IGKNOGPA_02515	MER0013641	27.010	311	188	12	170	453	27	325	2.68e-08	52.8
IGKNOGPA_02515	MER0015431	31.658	199	86	9	278	435	154	343	6.20e-08	51.6
IGKNOGPA_02515	MER0000361	27.011	348	168	17	165	457	21	337	2.23e-07	49.7
IGKNOGPA_02515	MER0005859	29.018	224	116	10	241	435	266	475	2.30e-07	50.1
IGKNOGPA_02515	MER0050309	23.980	196	126	5	223	416	47	221	3.91e-07	49.3
IGKNOGPA_02515	MER0003688	28.571	322	156	14	162	435	39	334	4.74e-07	48.9
IGKNOGPA_02515	MER0004085	24.667	300	170	13	174	448	50	318	7.53e-07	48.1
IGKNOGPA_02515	MER0000326	26.255	259	147	7	174	428	30	248	7.71e-07	47.8
IGKNOGPA_02515	MER0006023	30.625	160	92	5	281	438	169	311	3.37e-06	45.8
IGKNOGPA_02515	MER0028258	26.377	345	171	16	145	424	5	331	8.03e-06	45.1
IGKNOGPA_02515	MER0003020	27.500	240	105	12	240	435	274	488	8.82e-06	45.1
IGKNOGPA_02542	MER0069741	43.333	120	63	2	7	126	50	164	4.00e-28	99.4
IGKNOGPA_02542	MER0003380	45.536	112	55	3	16	126	127	233	9.25e-26	95.1
IGKNOGPA_02542	MER0003423	40.157	127	68	3	6	127	11	134	7.08e-20	77.4
IGKNOGPA_02542	MER0001419	38.760	129	71	3	4	127	9	134	2.43e-19	76.3
IGKNOGPA_02542	MER0013541	46.667	90	44	2	27	116	1	86	7.20e-19	73.2
IGKNOGPA_02542	MER0015415	37.755	98	53	2	29	121	66	160	6.95e-18	73.2
IGKNOGPA_02542	MER0003376	37.705	122	60	4	7	116	20	137	8.67e-15	64.7
IGKNOGPA_02542	MER0003906	38.636	88	52	1	27	114	1	86	9.22e-15	63.2
IGKNOGPA_02542	MER0387040	38.462	104	61	3	27	130	1	101	2.44e-14	62.0
IGKNOGPA_02542	MER0066182	34.375	128	79	4	3	130	70	192	6.06e-14	63.2
IGKNOGPA_02542	MER0005300	34.343	99	61	2	29	127	67	161	3.09e-09	50.1
IGKNOGPA_02542	MER0025070	36.190	105	58	3	24	121	3	105	6.68e-08	45.4
IGKNOGPA_02542	MER0388771	35.922	103	57	3	26	121	1	101	5.48e-07	43.1
IGKNOGPA_02616	MER0001161	39.797	691	389	9	6	684	3	678	3.54e-172	505
IGKNOGPA_02616	MER0001158	36.337	688	420	11	4	684	1	677	3.54e-139	420
IGKNOGPA_02616	MER0006087	34.040	708	429	14	2	686	8	700	4.86e-126	387
IGKNOGPA_02616	MER0015119	32.329	730	434	17	2	686	4	718	2.49e-116	362
IGKNOGPA_02616	MER0001149	30.866	635	417	13	55	684	59	676	9.74e-94	302
IGKNOGPA_02616	MER0108144	30.109	641	427	11	55	684	32	662	5.65e-93	299
IGKNOGPA_02616	MER0001942	30.267	674	414	16	28	684	42	676	3.18e-84	276
IGKNOGPA_02616	MER0003110	30.453	706	414	23	37	685	31	716	2.60e-81	270
IGKNOGPA_02616	MER0001153	30.354	649	424	13	53	684	55	692	6.01e-77	257
IGKNOGPA_02616	MER0079465	26.227	652	440	17	55	684	2	634	4.05e-61	213
IGKNOGPA_02616	MER0015170	25.949	632	421	19	55	679	34	625	1.71e-50	183
IGKNOGPA_02616	MER0001156	26.316	703	433	25	5	661	21	684	1.90e-48	178
IGKNOGPA_02616	MER0021317	32.877	73	49	0	441	513	15	87	5.33e-09	50.8
IGKNOGPA_02792	MER0031610	35.743	249	150	7	13	253	55	301	2.70e-50	164
IGKNOGPA_02792	MER0036053	23.320	253	137	11	5	254	1	199	2.03e-09	53.5
IGKNOGPA_02792	MER0031611	23.372	261	183	9	8	254	35	292	5.24e-09	52.4
IGKNOGPA_02792	MER0014065	30.702	114	73	4	2	110	22	134	5.92e-09	52.4
IGKNOGPA_02792	MER0044900	21.561	269	174	10	14	250	96	359	1.28e-08	51.6
IGKNOGPA_02792	MER0011509	31.356	118	73	3	12	124	38	152	6.63e-08	49.3
IGKNOGPA_02792	MER0017193	23.256	258	161	11	8	240	21	266	1.28e-07	48.1
IGKNOGPA_02792	MER0036115	27.857	140	88	5	10	142	33	166	1.37e-07	48.1
IGKNOGPA_02792	MER0026339	29.630	135	92	3	9	141	21	154	4.02e-07	46.6
IGKNOGPA_02792	MER0025512	22.394	259	178	7	6	244	43	298	4.61e-07	46.6
IGKNOGPA_02792	MER0036072	24.342	152	100	4	8	150	76	221	3.00e-06	44.3
IGKNOGPA_02792	MER0044350	30.909	110	63	4	12	113	1	105	4.09e-06	43.9
IGKNOGPA_02792	MER0031619	28.155	103	70	2	12	111	28	129	7.18e-06	43.1
IGKNOGPA_02798	MER0000474	54.497	189	86	0	34	222	16	204	4.78e-74	220
IGKNOGPA_02798	MER0004857	51.813	193	91	2	30	221	12	203	3.92e-65	197
IGKNOGPA_02798	MER0005687	52.151	186	84	1	36	221	27	207	1.35e-64	196
IGKNOGPA_02798	MER0002211	48.936	188	96	0	34	221	16	203	2.03e-64	196
IGKNOGPA_02798	MER0006046	46.561	189	101	0	33	221	15	203	3.97e-61	187
IGKNOGPA_02798	MER0002299	47.090	189	100	0	36	224	12	200	5.52e-60	184
IGKNOGPA_02798	MER0006063	46.857	175	93	0	50	224	33	207	2.84e-56	175
IGKNOGPA_02798	MER0004847	47.872	188	97	1	36	222	18	205	6.08e-56	174
IGKNOGPA_02798	MER0004855	43.931	173	97	0	49	221	33	205	1.27e-52	166
IGKNOGPA_02798	MER0006056	47.239	163	85	1	59	221	46	207	1.56e-51	163
IGKNOGPA_02798	MER0004182	43.353	173	98	0	49	221	27	199	1.35e-46	150
IGKNOGPA_02798	MER0006308	40.116	172	102	1	50	220	22	193	7.91e-46	148
IGKNOGPA_02798	MER0011666	40.828	169	98	1	55	221	17	185	2.22e-41	136
IGKNOGPA_02798	MER0001369	40.000	80	46	1	76	155	52	129	2.24e-06	42.7
IGKNOGPA_02872	MER0195774	42.718	103	59	0	29	131	1	103	1.36e-24	90.1
IGKNOGPA_02872	MER0001218	34.409	93	59	2	20	110	17	109	2.86e-10	52.8
IGKNOGPA_02872	MER0003543	37.079	89	55	1	29	117	2	89	5.30e-09	49.7
IGKNOGPA_02872	MER0001214	30.682	88	60	1	23	109	20	107	6.50e-09	48.9
IGKNOGPA_02872	MER0122186	35.714	84	53	1	29	111	22	105	6.59e-09	48.9
IGKNOGPA_02872	MER0002283	35.417	96	59	2	15	108	12	106	1.22e-08	48.5
IGKNOGPA_02872	MER0001229	35.366	82	51	2	29	109	2	82	1.56e-08	48.1
IGKNOGPA_02872	MER0043985	35.366	82	51	2	29	109	2	82	1.98e-08	48.1
IGKNOGPA_02872	MER0002423	33.333	96	63	1	15	109	12	107	4.88e-08	46.6
IGKNOGPA_02872	MER0170820	38.333	60	36	1	59	117	27	86	6.24e-08	46.2
IGKNOGPA_02872	MER0169735	30.769	91	60	2	19	108	8	96	8.33e-08	45.8
IGKNOGPA_02872	MER0015259	30.097	103	67	3	13	110	7	109	1.11e-07	45.8
IGKNOGPA_02872	MER0003823	30.612	98	67	1	13	109	10	107	1.37e-07	45.4
IGKNOGPA_02872	MER0011096	31.818	88	59	1	23	109	20	107	2.00e-07	45.1
IGKNOGPA_02872	MER0003448	30.682	88	61	0	29	116	2	89	2.71e-07	44.7
IGKNOGPA_02872	MER0011744	31.818	88	59	1	23	109	20	107	4.35e-07	43.9
IGKNOGPA_02872	MER0002345	30.208	96	66	1	15	109	12	107	1.05e-06	43.1
IGKNOGPA_02872	MER0001413	28.037	107	75	2	29	134	30	135	1.89e-06	41.6
IGKNOGPA_02872	MER0003386	29.545	88	61	1	23	109	20	107	1.92e-06	42.4
IGKNOGPA_02872	MER0015090	32.000	100	67	1	29	128	2	100	3.72e-06	41.6
IGKNOGPA_02872	MER0011292	34.848	66	42	1	45	109	64	129	4.89e-06	41.2
IGKNOGPA_02872	MER0390687	34.722	72	45	1	40	109	3	74	5.01e-06	40.8
IGKNOGPA_02872	MER0001222	27.273	88	63	1	23	109	20	107	5.35e-06	40.8
IGKNOGPA_02873	MER0001233	28.571	112	70	3	11	118	114	219	8.95e-07	47.0
IGKNOGPA_02873	MER0188967	45.455	44	24	0	55	98	126	169	2.37e-06	46.6
IGKNOGPA_02873	MER0195774	26.966	89	55	2	1	85	95	177	9.71e-06	42.7
IGKNOGPA_02874	MER0237414	25.676	222	145	7	68	276	3	217	3.00e-16	75.5
IGKNOGPA_02874	MER0001233	21.429	210	151	4	65	260	1	210	5.45e-07	48.1
IGKNOGPA_02897	MER0003327	47.685	216	108	4	2	216	1	212	4.68e-60	196
IGKNOGPA_02897	MER0012158	37.168	339	139	11	2	268	1	337	2.99e-56	189
IGKNOGPA_02897	MER0185695	41.892	222	123	4	2	218	1	221	3.00e-48	164
IGKNOGPA_02897	MER0003350	40.580	207	99	6	2	185	1	206	1.14e-41	145
IGKNOGPA_02897	MER0003322	35.922	206	107	5	2	182	1	206	9.28e-36	129
IGKNOGPA_02897	MER0011781	31.624	234	137	12	2	223	1	223	1.36e-17	79.3
IGKNOGPA_02897	MER0011806	32.639	144	89	4	2	140	1	141	3.11e-13	66.2
IGKNOGPA_02897	MER0004101	31.944	144	90	4	2	140	1	141	7.15e-13	65.5
IGKNOGPA_02897	MER0003314	29.677	155	92	6	2	142	1	152	2.57e-10	58.2
IGKNOGPA_02905	MER0014135	42.023	257	148	1	187	443	1	256	9.35e-71	222
IGKNOGPA_02908	MER0387040	45.000	40	20	1	2	41	62	99	4.86e-06	39.3
IGKNOGPA_02916	MER0003338	57.778	135	57	0	185	319	1	135	1.51e-51	164
IGKNOGPA_02916	MER0013976	54.032	124	54	2	185	308	1	121	6.54e-39	130
IGKNOGPA_02916	MER0003303	51.613	124	57	2	185	308	1	121	2.41e-38	129
IGKNOGPA_02916	MER0017622	31.481	270	147	8	1	255	2	248	4.31e-27	103
IGKNOGPA_02916	MER0003336	37.500	88	54	1	185	272	1	87	1.44e-15	69.7
IGKNOGPA_02916	MER0034967	27.230	213	112	7	61	252	1	191	1.43e-11	59.7
IGKNOGPA_02916	MER0016969	35.897	78	44	1	185	256	1	78	1.19e-10	56.6
IGKNOGPA_02916	MER0011465	34.711	121	75	3	185	303	1	119	6.84e-10	53.5
IGKNOGPA_02916	MER0003299	38.776	98	56	2	185	279	1	97	1.50e-09	52.8
IGKNOGPA_02928	MER0003380	27.211	147	93	5	253	394	94	231	4.61e-07	47.4
IGKNOGPA_02940	MER0017142	23.684	190	134	5	37	222	15	197	2.00e-08	50.8
IGKNOGPA_02940	MER0031616	29.703	101	66	2	36	131	39	139	3.31e-06	44.3
IGKNOGPA_02963	MER0069741	38.144	97	48	6	82	178	69	153	8.31e-08	47.4
IGKNOGPA_02995	MER0005694	53.571	280	127	3	428	707	1	277	1.61e-98	302
IGKNOGPA_02995	MER0000392	51.943	283	125	5	440	713	3	283	8.67e-97	298
IGKNOGPA_02995	MER0015621	50.859	291	124	6	429	702	1	289	1.21e-92	287
IGKNOGPA_02995	MER0022823	52.416	269	120	7	440	702	3	269	1.27e-87	273
IGKNOGPA_02995	MER0079308	51.685	267	124	5	443	707	6	269	2.62e-87	273
IGKNOGPA_02995	MER0981959	48.746	279	124	6	440	702	2	277	6.55e-85	266
IGKNOGPA_02995	MER0002490	47.038	287	126	6	440	702	13	297	2.27e-82	261
IGKNOGPA_02995	MER0011450	49.632	272	125	6	440	702	3	271	1.28e-81	258
IGKNOGPA_02995	MER0325901	43.273	275	150	6	440	710	1	273	1.13e-64	213
IGKNOGPA_02995	MER0000398	45.211	261	129	8	444	704	4	250	8.66e-60	199
IGKNOGPA_02995	MER0003229	37.500	264	157	5	440	702	11	267	1.33e-46	164
IGKNOGPA_02995	MER0000410	32.197	264	171	6	429	688	1	260	7.86e-41	148
IGKNOGPA_02995	MER0011872	29.893	281	188	6	434	708	7	284	2.11e-29	115
IGKNOGPA_02995	MER0082498	30.952	252	152	8	454	683	12	263	3.11e-25	103
IGKNOGPA_02995	MER0082653	27.376	263	168	8	454	695	16	276	3.94e-21	90.9
IGKNOGPA_02995	MER0004227	28.358	201	139	3	454	651	33	231	1.63e-18	84.0
IGKNOGPA_03022	MER0062058	55.556	54	24	0	86	139	1	54	1.06e-12	65.1
IGKNOGPA_03022	MER0028365	47.887	71	35	2	66	136	47	115	3.33e-10	57.4
IGKNOGPA_03022	MER0004690	28.750	160	107	4	75	227	27	186	8.54e-10	55.8
IGKNOGPA_03022	MER0017009	40.278	72	39	3	67	134	34	105	2.80e-06	45.1
IGKNOGPA_03023	MER0028365	33.184	223	116	10	1	214	152	350	9.22e-22	89.0
IGKNOGPA_03023	MER0000332	46.259	147	59	6	15	160	107	234	3.56e-21	85.9
IGKNOGPA_03023	MER0002565	39.535	172	83	6	2	173	139	289	8.63e-20	83.2
IGKNOGPA_03023	MER0000310	38.462	156	82	5	16	171	106	247	2.24e-18	78.2
IGKNOGPA_03023	MER0062058	40.268	149	77	4	29	177	123	259	2.50e-18	79.3
IGKNOGPA_03023	MER0002575	34.409	186	97	7	4	183	101	267	7.13e-16	71.2
IGKNOGPA_03023	MER0077555	33.728	169	87	5	16	178	105	254	1.22e-15	70.9
IGKNOGPA_03023	MER0005821	34.014	147	77	6	19	159	132	264	3.95e-15	70.5
IGKNOGPA_03023	MER0004085	36.111	180	85	8	9	170	134	301	9.03e-15	68.9
IGKNOGPA_03023	MER0081072	35.976	164	84	7	15	176	103	247	9.33e-15	67.8
IGKNOGPA_03023	MER0017009	32.558	172	99	6	9	170	154	318	2.69e-14	67.4
IGKNOGPA_03023	MER0001699	34.194	155	88	5	16	170	105	245	2.71e-14	67.0
IGKNOGPA_03023	MER0001520	33.951	162	87	6	16	176	105	247	3.12e-14	66.6
IGKNOGPA_03023	MER0004123	30.481	187	92	5	16	173	128	305	6.80e-14	66.2
IGKNOGPA_03023	MER0001928	33.742	163	90	5	14	176	103	247	8.37e-14	65.5
IGKNOGPA_03023	MER0000315	32.558	172	95	7	16	186	105	256	1.07e-13	65.1
IGKNOGPA_03023	MER0001906	32.558	172	95	7	16	186	105	256	1.18e-13	65.1
IGKNOGPA_03023	MER0000309	39.490	157	79	6	16	171	106	247	1.28e-13	65.1
IGKNOGPA_03023	MER0000349	30.769	182	107	6	11	176	188	366	2.13e-13	65.1
IGKNOGPA_03023	MER0000316	32.911	158	86	6	20	176	108	246	2.31e-13	64.3
IGKNOGPA_03023	MER0004690	31.016	187	85	8	15	176	142	309	4.84e-13	63.9
IGKNOGPA_03023	MER0003536	31.551	187	94	6	2	170	104	274	2.41e-12	61.6
IGKNOGPA_03023	MER0002057	30.918	207	90	9	12	173	141	339	4.41e-12	61.2
IGKNOGPA_03023	MER0000320	35.849	159	84	7	16	169	113	258	5.09e-12	60.5
IGKNOGPA_03023	MER0014744	33.333	180	90	6	9	170	132	299	1.08e-11	60.1
IGKNOGPA_03023	MER0000333	35.802	162	82	6	16	176	108	248	1.31e-11	59.3
IGKNOGPA_03023	MER0000359	35.519	183	94	8	2	178	115	279	1.39e-11	59.3
IGKNOGPA_03023	MER0006074	34.911	169	84	8	16	174	120	272	1.45e-11	59.3
IGKNOGPA_03023	MER0054318	38.571	140	77	5	19	157	113	244	1.68e-11	59.3
IGKNOGPA_03023	MER0016688	29.439	214	106	10	5	188	104	302	7.67e-11	57.4
IGKNOGPA_03023	MER0001521	35.256	156	85	6	16	170	107	247	8.25e-11	57.0
IGKNOGPA_03023	MER0001755	35.526	152	82	6	20	170	111	247	1.08e-10	56.6
IGKNOGPA_03023	MER0000313	35.256	156	85	6	16	170	107	247	1.13e-10	56.6
IGKNOGPA_03023	MER0002267	31.515	165	95	7	14	178	115	261	1.13e-10	56.6
IGKNOGPA_03023	MER0013656	32.075	159	90	5	15	173	103	243	1.41e-10	56.2
IGKNOGPA_03023	MER0000326	34.568	162	84	7	16	174	110	252	2.54e-10	55.8
IGKNOGPA_03023	MER0000358	31.288	163	88	9	16	172	117	261	3.31e-10	55.8
IGKNOGPA_03023	MER0001709	34.184	196	86	11	3	174	129	305	3.43e-10	55.5
IGKNOGPA_03023	MER0000321	29.444	180	95	8	14	179	193	354	5.68e-10	55.1
IGKNOGPA_03023	MER0016978	31.217	189	91	8	8	176	122	291	1.33e-09	53.9
IGKNOGPA_03023	MER0001523	35.256	156	85	6	16	170	107	247	1.40e-09	53.5
IGKNOGPA_03023	MER0000312	35.256	156	85	6	16	170	107	247	1.40e-09	53.5
IGKNOGPA_03023	MER0050309	30.233	172	97	7	15	178	89	245	2.29e-09	53.1
IGKNOGPA_03023	MER0002500	31.220	205	118	7	12	200	196	393	2.47e-09	53.1
IGKNOGPA_03023	MER0004869	27.632	228	105	11	9	179	129	353	2.85e-09	53.1
IGKNOGPA_03023	MER0000311	39.103	156	79	7	16	170	107	247	3.35e-09	52.4
IGKNOGPA_03023	MER0014446	33.533	167	77	7	19	175	249	391	5.64e-09	52.0
IGKNOGPA_03023	MER0019280	32.184	174	95	7	16	176	117	280	6.73e-09	51.6
IGKNOGPA_03023	MER0006023	32.961	179	90	7	14	176	143	307	7.72e-09	51.6
IGKNOGPA_03023	MER0000335	38.655	119	58	7	54	172	149	252	8.08e-09	51.2
IGKNOGPA_03023	MER0002516	31.977	172	91	7	9	174	113	264	8.52e-09	51.2
IGKNOGPA_03023	MER0042897	37.267	161	88	5	16	176	109	256	8.59e-09	51.2
IGKNOGPA_03023	MER0000325	40.385	104	52	5	93	193	174	270	1.09e-08	51.2
IGKNOGPA_03023	MER0002562	34.132	167	78	8	26	176	179	329	1.17e-08	51.2
IGKNOGPA_03023	MER0000338	34.454	119	63	4	58	176	156	259	1.32e-08	50.8
IGKNOGPA_03023	MER0016983	32.609	138	71	6	25	161	143	259	1.35e-08	50.8
IGKNOGPA_03023	MER0002764	41.414	99	43	4	58	155	169	253	1.40e-08	50.8
IGKNOGPA_03023	MER0005790	32.667	150	68	6	16	156	143	268	1.45e-08	50.4
IGKNOGPA_03023	MER0000362	30.693	202	103	9	3	185	129	312	1.48e-08	50.8
IGKNOGPA_03023	MER0000351	31.579	152	72	5	16	158	156	284	1.56e-08	50.4
IGKNOGPA_03023	MER0005078	35.398	113	58	4	48	160	154	251	1.95e-08	50.1
IGKNOGPA_03023	MER0002790	32.642	193	99	6	9	185	38	215	2.34e-08	49.7
IGKNOGPA_03023	MER0003122	28.037	214	109	7	16	187	143	353	2.42e-08	50.1
IGKNOGPA_03023	MER0161312	33.493	209	106	9	15	192	138	344	2.67e-08	50.1
IGKNOGPA_03023	MER0005931	47.458	59	30	1	118	176	164	221	2.75e-08	49.7
IGKNOGPA_03023	MER0004720	30.667	150	86	5	27	176	129	260	3.12e-08	49.7
IGKNOGPA_03023	MER0067924	31.746	126	78	4	50	174	155	273	5.61e-08	48.9
IGKNOGPA_03023	MER0155676	29.858	211	103	11	1	177	153	352	6.78e-08	48.9
IGKNOGPA_03023	MER0024902	25.773	194	132	6	1	185	126	316	7.71e-08	48.5
IGKNOGPA_03023	MER0000329	32.407	108	53	3	86	173	227	334	1.04e-07	48.1
IGKNOGPA_03023	MER0003117	36.111	144	74	5	28	170	132	258	1.19e-07	47.8
IGKNOGPA_03023	MER0050310	28.105	153	84	6	15	159	148	282	1.52e-07	47.8
IGKNOGPA_03023	MER0000357	39.655	116	53	5	49	162	157	257	1.61e-07	47.8
IGKNOGPA_03023	MER0016986	27.451	204	103	7	16	175	129	331	1.68e-07	47.8
IGKNOGPA_03023	MER0030016	29.586	169	98	5	14	176	123	276	3.07e-07	46.6
IGKNOGPA_03023	MER0001725	31.613	155	85	6	9	159	135	272	3.23e-07	46.6
IGKNOGPA_03023	MER0000356	42.056	107	45	5	58	162	178	269	3.53e-07	46.6
IGKNOGPA_03023	MER0000344	32.308	130	69	5	48	172	161	276	5.91e-07	45.8
IGKNOGPA_03023	MER0000328	37.179	156	81	7	31	184	131	271	6.46e-07	45.8
IGKNOGPA_03023	MER0016697	33.333	189	83	9	1	161	126	299	6.47e-07	45.8
IGKNOGPA_03023	MER0000348	25.946	185	90	5	16	156	127	308	6.51e-07	45.8
IGKNOGPA_03023	MER0013641	26.857	175	102	5	18	174	133	299	1.42e-06	45.1
IGKNOGPA_03023	MER0014085	27.869	244	121	13	9	208	131	363	1.44e-06	45.1
IGKNOGPA_03023	MER0016991	30.882	136	61	5	52	163	158	284	1.83e-06	44.7
IGKNOGPA_03023	MER0080418	26.667	135	83	5	49	174	207	334	2.31e-06	44.3
IGKNOGPA_03023	MER0022415	27.481	131	76	5	49	174	157	273	2.73e-06	44.3
IGKNOGPA_03023	MER0006036	48.980	49	25	0	141	189	405	453	2.77e-06	44.3
IGKNOGPA_03023	MER0014300	28.163	245	125	9	15	217	117	352	3.76e-06	43.5
IGKNOGPA_03023	MER0000350	25.373	201	105	7	16	174	129	326	4.07e-06	43.5
IGKNOGPA_03023	MER0001454	33.333	93	45	2	108	183	242	334	6.10e-06	43.1
IGKNOGPA_03023	MER0002739	33.562	146	77	8	31	173	190	318	6.19e-06	43.1
IGKNOGPA_03023	MER0114485	35.227	88	50	3	81	163	246	331	6.98e-06	42.7
IGKNOGPA_03023	MER0003020	31.088	193	85	8	2	159	287	466	7.82e-06	42.7
IGKNOGPA_03023	MER0014309	29.891	184	78	7	52	188	156	335	7.89e-06	42.7
IGKNOGPA_03023	MER0037258	27.219	169	107	5	22	176	129	295	8.25e-06	42.4
IGKNOGPA_03023	MER0003256	29.412	119	69	6	14	125	93	203	8.53e-06	42.4
IGKNOGPA_03023	MER0000361	36.275	102	45	6	86	174	217	311	8.56e-06	42.4
IGKNOGPA_03024	MER0012283	28.342	187	123	4	311	486	29	215	1.16e-16	76.3
IGKNOGPA_03024	MER0011345	29.843	191	121	5	310	487	28	218	6.31e-15	71.6
IGKNOGPA_03024	MER0036308	25.521	192	124	4	311	488	27	213	2.26e-13	67.0
IGKNOGPA_03024	MER0002755	28.477	151	99	4	338	479	50	200	2.59e-12	63.2
IGKNOGPA_03024	MER0005328	28.571	196	102	8	310	480	17	199	3.22e-11	60.1
IGKNOGPA_03024	MER0001017	26.425	193	128	5	310	488	28	220	4.57e-11	60.5
IGKNOGPA_03024	MER0002281	28.824	170	98	7	322	473	41	205	5.61e-11	60.1
IGKNOGPA_03024	MER0001013	26.842	190	127	5	310	487	29	218	1.82e-08	52.4
IGKNOGPA_03024	MER0019096	24.537	216	127	8	311	508	1	198	3.17e-08	51.2
IGKNOGPA_03024	MER0002355	28.000	125	84	3	360	482	84	204	2.32e-07	48.9
IGKNOGPA_03024	MER0001010	26.389	144	99	3	360	498	61	202	2.34e-07	48.5
IGKNOGPA_03024	MER0019759	26.452	155	100	3	360	506	82	230	4.36e-07	48.1
IGKNOGPA_03024	MER0011720	23.913	138	80	3	360	486	79	202	5.04e-07	47.8
IGKNOGPA_03024	MER0028449	24.627	134	94	3	360	486	88	221	8.68e-07	47.4
IGKNOGPA_03024	MER0002746	23.780	164	116	3	348	506	72	231	9.94e-07	47.0
IGKNOGPA_03024	MER0002003	21.762	193	132	6	313	486	25	217	1.01e-06	47.0
IGKNOGPA_03024	MER0011369	23.704	135	96	3	357	486	93	225	1.12e-06	47.0
IGKNOGPA_03024	MER0011440	23.308	133	95	2	359	486	80	210	1.65e-06	46.2
IGKNOGPA_03024	MER0011423	27.027	111	70	3	359	462	84	190	2.51e-06	45.8
IGKNOGPA_03024	MER0019754	23.134	134	94	3	360	486	64	195	2.61e-06	45.4
IGKNOGPA_03024	MER0005046	27.451	153	99	4	340	486	52	198	2.73e-06	45.4
IGKNOGPA_03024	MER0091680	24.432	176	119	6	338	503	46	217	7.51e-06	44.3
IGKNOGPA_03024	MER0006264	23.611	144	99	3	338	472	27	168	7.74e-06	43.9
IGKNOGPA_03026	MER0003514	40.127	157	83	3	195	347	4	153	1.61e-32	119
IGKNOGPA_03026	MER0001425	41.615	161	89	2	194	350	3	162	1.64e-30	114
IGKNOGPA_03026	MER0001297	37.179	156	95	1	195	350	4	156	6.12e-29	109
IGKNOGPA_03026	MER0003065	34.667	150	95	1	195	344	4	150	3.59e-28	107
IGKNOGPA_03026	MER0003413	35.099	151	96	1	194	344	3	151	7.79e-28	106
IGKNOGPA_03026	MER0015684	35.099	151	95	2	194	343	3	151	1.25e-24	97.8
IGKNOGPA_03026	MER0004195	34.395	157	95	3	195	348	4	155	3.68e-23	93.6
IGKNOGPA_03026	MER0004196	37.342	158	96	3	194	350	3	158	5.30e-23	93.2
IGKNOGPA_03026	MER0005714	31.847	157	99	2	194	343	3	158	6.47e-21	87.4
IGKNOGPA_03026	MER0001295	30.233	172	96	4	194	348	3	167	7.11e-16	72.8
IGKNOGPA_03059	MER0192051	26.389	216	147	6	19	225	95	307	8.16e-14	68.6
IGKNOGPA_03076	MER0003376	38.583	127	62	4	174	285	32	157	1.59e-22	88.6
IGKNOGPA_03076	MER0069741	42.268	97	54	2	187	283	70	164	5.81e-22	87.4
IGKNOGPA_03076	MER0015415	35.185	108	65	3	169	272	43	149	7.31e-15	68.2
IGKNOGPA_03076	MER0003380	32.727	110	66	2	172	281	130	231	4.24e-14	67.4
IGKNOGPA_03076	MER0013541	34.884	86	55	1	187	272	1	85	1.43e-13	62.4
IGKNOGPA_03076	MER0005300	32.231	121	77	2	169	285	43	162	3.47e-13	63.2
IGKNOGPA_03076	MER0003423	37.143	105	59	4	187	285	32	135	5.30e-13	62.4
IGKNOGPA_03076	MER0387040	35.000	100	63	2	187	285	1	99	6.33e-13	60.8
IGKNOGPA_03076	MER0003906	38.095	105	58	4	187	285	1	104	1.16e-12	60.1
IGKNOGPA_03076	MER0066182	35.000	100	63	2	187	285	92	190	2.15e-12	61.6
IGKNOGPA_03076	MER0001419	38.095	105	58	4	187	285	32	135	2.35e-12	60.5
IGKNOGPA_03076	MER0025070	28.431	102	65	2	182	275	1	102	4.98e-06	42.0
IGKNOGPA_03076	MER0388771	29.897	97	60	2	187	275	2	98	6.62e-06	41.6
IGKNOGPA_03117	MER0034541	22.211	1031	689	34	62	1022	394	1381	6.63e-52	196
IGKNOGPA_03118	MER0034541	28.689	244	152	11	176	410	36	266	3.54e-16	78.2
IGKNOGPA_03140	MER0001244	42.586	263	136	6	175	425	2	261	1.10e-60	195
IGKNOGPA_03140	MER0013463	38.868	265	143	5	174	425	1	259	4.93e-55	180
IGKNOGPA_03140	MER0028601	33.091	275	148	10	176	425	3	266	1.35e-41	145
IGKNOGPA_03140	MER0001733	28.966	290	164	4	176	423	3	292	1.33e-39	140
IGKNOGPA_03140	MER0004532	30.992	242	130	6	175	407	2	215	3.50e-32	119
IGKNOGPA_03140	MER0005462	31.799	239	137	5	174	408	1	217	5.69e-32	118
IGKNOGPA_03140	MER0004931	30.672	238	139	5	175	408	2	217	4.43e-31	116
IGKNOGPA_03140	MER0001248	32.780	241	112	7	231	425	16	252	3.45e-30	114
IGKNOGPA_03140	MER0005715	29.644	253	138	7	175	419	2	222	3.90e-26	102
IGKNOGPA_03140	MER0002038	25.714	245	152	7	175	412	2	223	5.59e-18	79.7
IGKNOGPA_03140	MER0001250	25.418	299	153	11	176	419	3	286	1.62e-17	79.3
IGKNOGPA_03140	MER0004321	27.465	284	143	16	176	425	3	257	1.16e-13	67.4
IGKNOGPA_03140	MER0016544	29.524	210	110	10	229	424	82	267	2.79e-13	66.6
IGKNOGPA_03140	MER0003105	24.809	262	153	11	175	415	2	240	1.23e-10	58.5
IGKNOGPA_03140	MER0014518	23.394	218	122	10	230	425	64	258	4.57e-06	44.7
IGKNOGPA_03176	MER0031611	36.111	108	59	3	9	109	33	137	1.52e-15	71.2
IGKNOGPA_03176	MER0036115	25.862	232	150	8	8	233	28	243	5.02e-12	61.2
IGKNOGPA_03176	MER0004146	25.238	210	135	7	15	206	19	224	3.67e-11	58.5
IGKNOGPA_03176	MER0213829	35.455	110	60	5	11	109	43	152	4.49e-11	58.5
IGKNOGPA_03176	MER0034563	22.689	238	166	7	14	241	15	244	6.63e-11	57.8
IGKNOGPA_03176	MER0035044	30.000	100	67	1	7	103	25	124	5.18e-10	55.5
IGKNOGPA_03176	MER0044350	24.176	182	126	7	16	191	2	177	5.29e-10	55.1
IGKNOGPA_03176	MER0017177	24.242	132	95	3	6	132	25	156	1.16e-09	54.7
IGKNOGPA_03176	MER0035032	27.027	111	77	2	6	113	23	132	2.16e-09	53.5
IGKNOGPA_03176	MER0014065	27.907	129	86	2	12	133	31	159	2.44e-09	53.5
IGKNOGPA_03176	MER0031619	29.310	116	61	3	8	111	21	127	2.49e-09	53.5
IGKNOGPA_03176	MER0036065	23.500	200	127	5	14	198	1	189	3.22e-09	52.8
IGKNOGPA_03176	MER0031610	30.000	90	61	1	14	101	53	142	3.52e-09	53.1
IGKNOGPA_03176	MER0213280	23.214	112	83	1	7	115	22	133	7.63e-09	52.0
IGKNOGPA_03176	MER0036072	22.642	212	132	7	17	203	82	286	7.64e-09	52.0
IGKNOGPA_03176	MER0035038	25.000	100	72	1	7	103	22	121	8.53e-09	52.0
IGKNOGPA_03176	MER0017142	20.238	252	173	8	6	240	5	245	3.10e-08	49.7
IGKNOGPA_03176	MER0017193	23.938	259	165	9	6	239	16	267	3.31e-08	50.1
IGKNOGPA_03176	MER0037236	22.843	197	133	4	6	196	10	193	1.89e-07	47.8
IGKNOGPA_03176	MER0035043	24.571	175	123	4	7	172	27	201	2.45e-07	47.4
IGKNOGPA_03176	MER0036075	28.800	125	82	4	1	118	54	178	3.62e-07	47.0
IGKNOGPA_03176	MER0026339	25.311	241	158	11	16	236	25	263	3.91e-07	46.6
IGKNOGPA_03176	MER0031617	20.463	259	170	7	11	239	30	282	3.96e-07	46.6
IGKNOGPA_03176	MER0035042	24.444	135	93	3	7	137	27	156	7.69e-07	45.8
IGKNOGPA_03176	MER0035035	27.000	100	70	1	7	103	27	126	1.08e-06	45.4
IGKNOGPA_03176	MER0044900	29.070	86	55	2	12	91	91	176	2.36e-06	44.7
IGKNOGPA_03176	MER0044581	30.556	108	57	5	15	109	71	173	2.69e-06	44.3
IGKNOGPA_03204	MER0016191	25.200	250	172	6	36	274	25	270	1.19e-23	94.4
IGKNOGPA_03204	MER0016172	26.378	254	169	9	26	268	17	263	5.52e-16	73.2
IGKNOGPA_03204	MER0016185	24.908	273	164	9	34	271	26	292	1.58e-12	63.5
IGKNOGPA_03212	MER0100667	29.032	186	112	5	121	302	42	211	2.29e-13	65.9
IGKNOGPA_03212	MER0194228	30.412	194	107	6	121	302	2	179	6.23e-13	64.3
IGKNOGPA_03212	MER0001289	30.412	194	107	6	121	302	78	255	8.57e-13	65.1
IGKNOGPA_03212	MER0001290	27.230	213	137	6	2	212	8	204	4.12e-11	60.8
IGKNOGPA_03212	MER0002161	29.444	180	97	7	105	275	63	221	1.16e-07	49.7
IGKNOGPA_03212	MER0001288	26.540	211	123	7	103	295	18	214	2.12e-07	48.5
IGKNOGPA_03212	MER0037181	28.947	190	122	6	107	290	52	234	2.24e-07	48.9
IGKNOGPA_03212	MER0029965	25.333	225	134	10	107	316	49	254	3.78e-07	47.8
IGKNOGPA_03212	MER0044627	32.110	109	52	4	120	216	16	114	8.68e-07	46.2
IGKNOGPA_03212	MER0004514	23.669	169	117	4	119	281	49	211	1.62e-06	45.8
IGKNOGPA_03212	MER0001284	23.494	166	117	4	121	281	51	211	2.36e-06	45.4
IGKNOGPA_03256	MER0004480	38.261	115	65	3	12	126	1	109	1.53e-14	66.2
IGKNOGPA_03256	MER0004469	30.556	108	67	3	11	117	10	110	1.64e-12	60.5
IGKNOGPA_03256	MER0004474	32.743	113	66	4	15	127	89	191	9.48e-12	58.5
IGKNOGPA_03256	MER0004471	32.143	112	66	4	15	126	95	196	6.88e-10	53.1
IGKNOGPA_03256	MER0004468	38.806	67	39	1	9	75	5	69	2.15e-06	43.1
IGKNOGPA_03256	MER0897124	38.806	67	39	1	9	75	5	69	2.53e-06	42.7
IGKNOGPA_03258	MER0004468	24.885	217	144	5	25	234	213	417	2.07e-09	53.9
IGKNOGPA_03258	MER0897124	40.278	72	41	2	164	234	347	417	1.05e-08	51.6
IGKNOGPA_03268	MER0004775	52.155	232	110	1	7	238	428	658	9.65e-80	249
IGKNOGPA_03268	MER0013406	45.455	231	120	3	12	238	468	696	5.69e-61	200
IGKNOGPA_03268	MER0001058	43.304	224	115	3	15	238	415	626	5.58e-59	193
IGKNOGPA_03268	MER0001050	41.739	230	128	3	13	238	472	699	5.46e-56	186
IGKNOGPA_03268	MER0019831	42.424	231	123	4	15	238	424	651	2.61e-54	181
IGKNOGPA_03268	MER0011141	38.115	244	137	4	2	238	453	689	1.14e-53	180
IGKNOGPA_03268	MER0011159	38.174	241	144	3	1	238	444	682	1.16e-52	177
IGKNOGPA_03268	MER0002997	37.449	243	144	5	2	238	449	689	1.78e-52	177
IGKNOGPA_03268	MER0002988	38.397	237	138	4	7	238	460	693	1.68e-51	174
IGKNOGPA_03268	MER0004762	39.485	233	134	4	10	238	460	689	4.61e-51	173
IGKNOGPA_03268	MER0001056	38.034	234	140	3	7	238	447	677	5.07e-51	173
IGKNOGPA_03268	MER0019832	38.298	235	132	2	4	238	427	648	9.75e-51	172
IGKNOGPA_03268	MER0005528	40.086	232	132	4	12	238	456	685	3.69e-49	168
IGKNOGPA_03268	MER0001991	39.367	221	131	2	1	219	441	660	3.96e-49	167
IGKNOGPA_03268	MER0011838	34.498	229	145	3	12	238	456	681	7.12e-48	164
IGKNOGPA_03268	MER0002350	36.885	244	145	4	2	238	455	696	6.13e-47	162
IGKNOGPA_03268	MER0001365	38.197	233	131	5	17	238	501	731	3.63e-45	157
IGKNOGPA_03268	MER0002285	37.500	232	139	3	11	238	420	649	4.52e-45	156
IGKNOGPA_03268	MER0002062	38.356	219	128	4	16	227	473	691	8.50e-45	156
IGKNOGPA_03268	MER0015175	35.714	252	144	6	4	238	500	750	1.43e-44	155
IGKNOGPA_03268	MER0038668	34.413	247	143	5	10	238	358	603	2.05e-42	148
IGKNOGPA_03268	MER0162857	34.274	248	147	6	4	238	502	746	5.83e-41	145
IGKNOGPA_03268	MER0001059	47.692	130	67	1	14	143	418	546	2.31e-36	131
IGKNOGPA_03268	MER0024834	34.783	184	109	6	62	238	2	181	3.43e-33	115
IGKNOGPA_03268	MER0026946	31.797	217	131	6	24	238	53	254	2.16e-26	100
IGKNOGPA_03268	MER0011430	28.862	246	159	7	1	238	420	657	2.97e-26	103
IGKNOGPA_03268	MER0011427	30.531	226	131	7	32	238	465	683	1.50e-25	101
IGKNOGPA_03268	MER0011433	32.338	201	119	6	41	227	470	667	1.08e-24	99.0
IGKNOGPA_03268	MER0011432	32.338	201	119	6	41	227	470	667	1.59e-24	98.6
IGKNOGPA_03268	MER0001054	29.817	218	134	6	24	238	460	661	2.45e-23	95.1
IGKNOGPA_03268	MER0011355	30.392	204	128	7	35	227	456	656	8.55e-23	93.6
IGKNOGPA_03268	MER0011429	26.848	257	161	9	2	238	410	659	9.39e-22	90.5
IGKNOGPA_03268	MER0004778	25.097	259	162	8	1	238	479	726	1.03e-17	78.6
IGKNOGPA_03268	MER0002991	29.577	213	140	6	32	238	472	680	4.84e-17	76.6
IGKNOGPA_03268	MER0002990	26.636	214	139	7	33	238	444	647	2.26e-14	68.9
IGKNOGPA_03268	MER0004761	26.190	210	150	4	32	238	451	658	5.75e-14	67.8
IGKNOGPA_03268	MER0011195	27.982	218	121	9	29	238	466	655	6.49e-14	67.4
IGKNOGPA_03268	MER0011306	25.882	170	106	4	13	177	441	595	3.32e-12	62.4
IGKNOGPA_03268	MER0011486	29.104	134	77	4	19	147	409	529	3.63e-11	59.3
IGKNOGPA_03268	MER0011151	35.000	60	39	0	32	91	187	246	4.62e-11	58.5
IGKNOGPA_03268	MER0002987	26.220	164	114	4	23	180	361	523	6.48e-11	58.5
IGKNOGPA_03268	MER0002993	28.099	121	81	3	36	151	459	578	4.57e-10	55.8
IGKNOGPA_03268	MER0002989	23.223	211	147	6	32	238	441	640	5.43e-09	52.8
IGKNOGPA_03268	MER0004763	28.926	121	85	1	32	151	304	424	2.06e-07	47.8
IGKNOGPA_03268	MER0002998	37.288	59	36	1	35	93	480	537	3.53e-07	47.4
IGKNOGPA_03269	MER0004775	33.976	415	267	5	38	451	6	414	8.35e-73	239
IGKNOGPA_03269	MER0001056	25.424	413	289	8	49	449	19	424	4.90e-40	149
IGKNOGPA_03269	MER0019832	28.429	401	269	7	48	441	12	401	4.65e-39	146
IGKNOGPA_03269	MER0011141	25.000	424	292	8	49	451	19	437	2.88e-38	144
IGKNOGPA_03269	MER0011159	25.180	417	288	8	49	449	19	427	5.22e-38	143
IGKNOGPA_03269	MER0001059	26.823	384	277	4	59	441	5	385	2.43e-37	140
IGKNOGPA_03269	MER0002350	26.683	416	272	9	51	440	21	429	6.39e-36	137
IGKNOGPA_03269	MER0001991	24.163	418	298	7	35	440	5	415	1.22e-34	134
IGKNOGPA_03269	MER0013406	25.537	419	277	11	49	440	19	429	5.25e-33	129
IGKNOGPA_03269	MER0002988	24.590	427	287	10	49	449	19	436	9.45e-33	128
IGKNOGPA_03269	MER0011838	23.704	405	286	9	52	440	23	420	4.72e-32	126
IGKNOGPA_03269	MER0019831	26.667	375	239	8	103	451	31	395	2.57e-31	124
IGKNOGPA_03269	MER0002062	24.065	428	275	13	49	440	19	432	8.94e-31	122
IGKNOGPA_03269	MER0001050	24.113	423	276	12	52	440	22	433	2.96e-26	108
IGKNOGPA_03269	MER0004762	25.995	427	269	16	49	444	19	429	3.54e-25	105
IGKNOGPA_03269	MER0001058	24.297	391	276	10	59	441	4	382	7.92e-25	104
IGKNOGPA_03269	MER0005528	22.276	413	296	7	49	444	19	423	9.48e-25	104
IGKNOGPA_03269	MER0002285	23.529	408	286	10	49	437	19	419	3.97e-22	96.3
IGKNOGPA_03269	MER0001054	22.816	412	274	13	49	437	19	409	1.13e-17	82.4
IGKNOGPA_03269	MER0002997	21.749	423	285	12	46	439	16	421	1.44e-14	72.8
IGKNOGPA_03269	MER0015175	21.315	441	287	14	49	439	26	456	6.14e-12	64.7
IGKNOGPA_03269	MER0038668	24.483	290	175	12	187	440	30	311	9.17e-10	57.4
IGKNOGPA_03269	MER0011429	23.404	423	232	18	52	437	29	396	1.80e-07	50.4
IGKNOGPA_03269	MER0002993	33.750	80	53	0	364	443	308	387	2.21e-06	46.6
IGKNOGPA_03269	MER0004761	25.381	197	121	6	258	442	214	396	8.95e-06	44.7
IGKNOGPA_03327	MER0031565	25.551	227	137	8	31	249	31	233	3.13e-14	67.8
IGKNOGPA_03327	MER0045479	24.779	226	138	9	32	249	32	233	5.92e-12	61.2
IGKNOGPA_03327	MER0036038	20.982	224	151	7	31	249	31	233	1.05e-10	57.4
IGKNOGPA_03327	MER0036036	23.849	239	157	9	31	263	31	250	1.17e-10	57.4
IGKNOGPA_03345	MER0011781	25.874	286	144	15	38	320	17	237	8.42e-09	53.5
IGKNOGPA_03367	MER0029965	29.688	128	86	3	1	126	127	252	3.19e-16	75.5
IGKNOGPA_03367	MER0011462	30.400	125	83	2	1	123	126	248	1.12e-15	73.6
IGKNOGPA_03367	MER0015338	32.231	121	76	4	1	118	130	247	8.76e-15	71.2
IGKNOGPA_03367	MER0038832	28.889	135	89	3	1	133	126	255	3.93e-14	68.9
IGKNOGPA_03367	MER0030257	29.600	125	84	2	1	123	126	248	1.58e-13	67.4
IGKNOGPA_03367	MER0011461	30.216	139	84	4	1	137	125	252	2.86e-13	66.6
IGKNOGPA_03367	MER0011464	26.400	125	88	2	1	123	123	245	2.22e-12	63.9
IGKNOGPA_03367	MER0038831	29.167	120	81	2	1	118	126	243	9.60e-12	62.0
IGKNOGPA_03367	MER0011487	28.346	127	87	2	1	125	126	250	1.04e-11	62.0
IGKNOGPA_03367	MER0038822	27.200	125	87	2	1	123	88	210	1.83e-11	60.5
IGKNOGPA_03367	MER0005158	31.579	133	84	4	1	132	133	259	3.30e-10	57.4
IGKNOGPA_03367	MER0015688	28.333	120	81	3	1	118	133	249	4.19e-10	57.0
IGKNOGPA_03367	MER0038833	28.689	122	83	2	4	123	129	248	5.94e-10	56.6
IGKNOGPA_03368	MER0005139	40.260	77	39	2	106	178	62	135	2.50e-08	49.3
IGKNOGPA_03368	MER0011464	41.667	72	38	4	106	175	44	113	5.57e-07	45.1
IGKNOGPA_03368	MER0015336	33.333	75	44	2	107	178	62	133	1.27e-06	44.3
IGKNOGPA_03368	MER0005238	37.333	75	41	2	107	178	67	138	1.91e-06	43.9
IGKNOGPA_03368	MER0015691	33.750	80	47	2	102	178	48	124	2.67e-06	43.1
IGKNOGPA_03368	MER0001911	31.944	72	46	2	107	178	41	109	2.76e-06	43.1
IGKNOGPA_03368	MER0011487	29.630	108	73	3	70	175	10	116	5.51e-06	42.4
IGKNOGPA_03368	MER0004514	33.750	80	46	2	106	178	35	114	6.41e-06	42.0
IGKNOGPA_03396	MER0003380	30.453	243	160	3	138	379	6	240	8.37e-39	137
IGKNOGPA_03396	MER0069741	39.884	173	98	5	210	379	2	171	4.93e-32	116
IGKNOGPA_03396	MER0013541	48.276	87	45	0	277	363	1	87	4.79e-23	89.7
IGKNOGPA_03396	MER0066182	42.735	117	63	2	257	372	75	188	1.73e-20	85.9
IGKNOGPA_03396	MER0387040	47.423	97	50	1	277	372	1	97	1.78e-20	82.8
IGKNOGPA_03396	MER0003423	35.652	115	66	4	277	389	32	140	4.98e-16	71.6
IGKNOGPA_03396	MER0001419	34.783	115	67	4	277	389	32	140	7.70e-15	68.2
IGKNOGPA_03396	MER0003376	36.667	120	59	4	274	376	42	161	8.62e-15	68.9
IGKNOGPA_03396	MER0025070	38.182	110	55	5	275	371	4	113	1.64e-12	60.8
IGKNOGPA_03396	MER0388771	38.889	108	53	5	277	371	2	109	2.35e-12	60.5
IGKNOGPA_03396	MER0003906	38.372	86	51	2	277	360	1	86	9.47e-12	58.5
IGKNOGPA_03396	MER0015415	38.095	84	51	1	279	361	66	149	1.21e-11	59.7
IGKNOGPA_03396	MER0005300	39.796	98	56	1	273	370	64	158	7.35e-10	54.7
IGKNOGPA_03423	MER0015215	25.131	191	117	6	78	248	12	196	2.57e-07	47.8
IGKNOGPA_03469	MER0001297	38.462	156	94	2	190	345	2	155	2.16e-34	124
IGKNOGPA_03469	MER0001425	43.396	159	84	3	191	344	3	160	1.50e-31	117
IGKNOGPA_03469	MER0004196	40.881	159	90	3	189	345	1	157	3.67e-30	112
IGKNOGPA_03469	MER0015684	36.486	148	94	0	191	338	3	150	7.62e-29	109
IGKNOGPA_03469	MER0003514	38.312	154	93	2	192	345	4	155	8.06e-29	108
IGKNOGPA_03469	MER0003413	37.342	158	94	2	190	345	2	156	7.60e-28	106
IGKNOGPA_03469	MER0003065	35.714	154	97	1	192	345	4	155	1.96e-27	105
IGKNOGPA_03469	MER0004195	33.974	156	102	1	190	345	2	156	5.46e-27	103
IGKNOGPA_03469	MER0005714	31.875	160	102	1	193	345	5	164	5.15e-25	99.0
IGKNOGPA_03469	MER0001295	28.235	170	107	3	189	345	1	168	3.44e-15	70.9
IGKNOGPA_03469	MER0030244	29.577	142	85	6	187	315	10	149	1.82e-07	48.5
IGKNOGPA_03515	MER0044357	28.649	185	108	4	39	199	67	251	1.19e-13	68.2
IGKNOGPA_03515	MER0044357	30.435	115	77	2	203	317	338	449	3.06e-09	54.7
IGKNOGPA_03540	MER0000277	34.239	184	111	5	187	365	4	182	2.68e-18	80.1
IGKNOGPA_03540	MER0054461	30.120	166	103	5	165	325	1	158	9.86e-17	76.3
IGKNOGPA_03540	MER0005081	34.706	170	93	6	197	363	6	160	7.19e-16	72.4
IGKNOGPA_03579	MER0042387	33.696	184	111	6	75	252	2	180	2.98e-29	106
IGKNOGPA_03579	MER0031491	29.282	181	113	4	75	243	2	179	3.66e-21	85.1
IGKNOGPA_03579	MER0026545	32.335	167	103	5	94	252	103	267	4.12e-20	84.0
IGKNOGPA_03579	MER0026552	28.477	151	106	2	99	249	17	165	3.51e-17	73.9
IGKNOGPA_03579	MER0026496	29.091	165	103	3	100	250	104	268	4.43e-15	70.1
IGKNOGPA_03579	MER0002642	27.528	178	117	7	78	250	1	171	2.08e-11	58.2
IGKNOGPA_03579	MER0006292	27.439	164	96	9	100	249	21	175	4.10e-08	48.9
IGKNOGPA_03580	MER0005742	30.986	142	57	6	35	176	1	101	3.47e-10	52.8
IGKNOGPA_03580	MER0013458	30.882	136	73	8	46	179	46	162	6.52e-08	48.1
IGKNOGPA_03580	MER0001333	27.097	155	76	7	43	195	95	214	1.65e-07	47.8
IGKNOGPA_03584	MER0002251	43.590	234	126	4	2	233	1	230	5.15e-63	193
IGKNOGPA_03584	MER0001335	38.197	233	135	5	4	233	3	229	4.98e-48	155
IGKNOGPA_03613	MER0001295	44.809	183	89	3	370	549	5	178	1.81e-48	166
IGKNOGPA_03613	MER0001425	38.272	162	86	4	387	547	21	169	7.80e-22	90.1
IGKNOGPA_03613	MER0003413	34.463	177	98	4	370	546	5	163	8.74e-22	90.1
IGKNOGPA_03613	MER0003065	36.076	158	90	3	389	546	16	162	1.10e-21	89.7
IGKNOGPA_03613	MER0001297	40.171	117	68	2	392	508	19	133	2.15e-21	89.0
IGKNOGPA_03613	MER0003514	31.361	169	104	4	378	546	6	162	7.18e-20	84.3
IGKNOGPA_03613	MER0004196	32.515	163	95	5	392	550	19	170	2.48e-17	77.0
IGKNOGPA_03613	MER0015684	38.462	117	70	2	392	507	19	134	1.25e-16	75.1
IGKNOGPA_03613	MER0005714	34.586	133	72	3	387	508	14	142	7.56e-16	73.2
IGKNOGPA_03613	MER0004195	32.500	160	94	5	389	546	16	163	1.40e-14	69.3
IGKNOGPA_03618	MER0004035	35.965	114	65	3	101	213	5	111	1.35e-20	80.5
IGKNOGPA_03618	MER0002443	32.800	125	75	3	91	214	1	117	1.63e-19	77.8
IGKNOGPA_03618	MER0003807	33.607	122	75	2	95	215	2	118	2.45e-19	77.4
IGKNOGPA_03618	MER0004054	32.540	126	75	6	94	214	1	121	7.41e-17	70.9
IGKNOGPA_03618	MER0003805	35.000	120	67	6	95	213	2	111	1.70e-13	61.6
IGKNOGPA_03618	MER0002450	37.500	112	61	5	103	214	10	112	2.03e-13	61.2
IGKNOGPA_03618	MER0003986	29.464	112	72	4	95	204	2	108	2.86e-13	61.2
IGKNOGPA_03618	MER0377310	37.255	102	55	5	103	204	10	102	8.42e-12	57.0
IGKNOGPA_03618	MER0377307	37.255	102	55	5	103	204	10	102	8.42e-12	57.0
IGKNOGPA_03618	MER0003808	32.203	118	69	6	95	211	2	109	4.10e-11	55.1
IGKNOGPA_03618	MER0377178	37.255	102	55	5	103	204	10	102	9.02e-11	54.3
IGKNOGPA_03618	MER0014672	31.765	85	45	1	95	166	2	86	9.79e-10	51.6
IGKNOGPA_03618	MER0001322	32.110	109	60	4	95	201	2	98	2.89e-09	50.4
IGKNOGPA_03618	MER0014188	32.099	81	48	2	95	174	2	76	7.62e-09	48.9
IGKNOGPA_03618	MER0024252	32.143	84	50	2	106	189	14	90	2.50e-08	47.8
IGKNOGPA_03618	MER0031199	38.462	52	32	0	110	161	1	52	7.04e-08	45.4
IGKNOGPA_03618	MER0377450	35.802	81	46	4	95	174	2	77	2.56e-07	44.3
IGKNOGPA_03618	MER0376722	31.731	104	60	6	95	197	2	95	2.65e-07	44.3
IGKNOGPA_03618	MER0038100	27.434	113	65	4	106	208	14	119	8.48e-07	43.5
IGKNOGPA_03624	MER0001423	61.628	86	33	0	1	86	111	196	1.34e-35	119
IGKNOGPA_03624	MER0000405	53.750	80	34	2	9	86	150	228	9.65e-24	89.0
IGKNOGPA_03624	MER0000401	47.191	89	44	2	1	86	133	221	2.96e-22	85.1
IGKNOGPA_03624	MER0000404	47.561	82	41	1	7	86	142	223	6.07e-22	84.3
IGKNOGPA_03624	MER0011231	52.564	78	36	1	12	88	148	225	2.00e-21	82.8
IGKNOGPA_03624	MER0000399	44.944	89	46	2	1	86	132	220	1.04e-20	80.9
IGKNOGPA_03624	MER0011305	44.565	92	47	3	1	88	128	219	1.54e-20	80.5
IGKNOGPA_03624	MER0004504	41.573	89	48	2	1	86	109	196	1.02e-19	77.8
IGKNOGPA_03624	MER0058228	45.000	80	43	1	10	88	126	205	1.96e-19	77.4
IGKNOGPA_03624	MER0005987	45.455	77	39	2	13	86	148	224	4.67e-19	76.6
IGKNOGPA_03624	MER0011413	44.048	84	44	1	6	86	119	202	1.23e-18	75.1
IGKNOGPA_03624	MER0004193	44.186	86	47	1	2	86	113	198	1.48e-18	74.7
IGKNOGPA_03624	MER0013484	42.857	91	49	1	1	88	114	204	4.17e-18	73.6
IGKNOGPA_03624	MER0005196	38.554	83	51	0	1	83	131	213	4.44e-17	71.2
IGKNOGPA_03624	MER0004923	40.659	91	51	1	1	88	165	255	2.05e-16	69.7
IGKNOGPA_03624	MER0005994	42.045	88	48	2	1	86	138	224	2.32e-16	69.3
IGKNOGPA_03624	MER0192427	40.964	83	48	1	5	86	177	259	7.86e-16	68.2
IGKNOGPA_03624	MER0195666	36.782	87	50	1	1	82	109	195	1.67e-14	63.9
IGKNOGPA_03624	MER0005988	34.043	94	60	2	3	94	7	100	2.62e-13	58.5
IGKNOGPA_03624	MER0003361	35.714	84	50	2	6	86	127	209	5.34e-13	60.1
IGKNOGPA_03624	MER0004199	42.105	76	37	3	13	86	116	186	2.52e-11	55.5
IGKNOGPA_03624	MER0004921	38.462	78	44	2	1	75	112	188	1.81e-10	53.1
IGKNOGPA_03624	MER0000403	30.233	86	58	2	8	92	144	228	6.42e-09	48.9
IGKNOGPA_03625	MER0001423	66.346	104	35	0	482	585	1	104	2.58e-45	157
IGKNOGPA_03625	MER0004504	42.718	103	54	2	486	585	2	102	6.24e-22	92.0
IGKNOGPA_03625	MER0000399	39.231	130	71	5	459	585	1	125	1.01e-21	92.0
IGKNOGPA_03625	MER0000405	37.500	136	73	5	459	585	2	134	2.51e-21	90.9
IGKNOGPA_03625	MER0000401	39.062	128	74	3	459	585	2	126	5.47e-21	90.1
IGKNOGPA_03625	MER0058228	38.835	103	62	1	484	585	8	110	4.06e-20	87.0
IGKNOGPA_03625	MER0005196	37.000	100	63	0	486	585	25	124	3.73e-19	84.3
IGKNOGPA_03625	MER0000403	31.250	128	84	2	459	585	1	125	1.67e-18	82.8
IGKNOGPA_03625	MER0013484	36.275	102	64	1	485	585	6	107	1.04e-17	79.7
IGKNOGPA_03625	MER0011413	35.577	104	66	1	483	585	4	107	7.12e-17	77.4
IGKNOGPA_03625	MER0000404	33.846	130	81	3	459	585	1	128	1.69e-16	76.6
IGKNOGPA_03625	MER0004923	36.522	115	64	3	477	585	47	158	4.21e-16	75.9
IGKNOGPA_03625	MER0004921	35.780	109	55	5	484	585	5	105	6.33e-16	74.3
IGKNOGPA_03625	MER0011305	39.604	101	58	2	486	585	23	121	1.07e-14	71.2
IGKNOGPA_03625	MER0011231	32.824	131	82	4	459	585	1	129	1.51e-14	70.9
IGKNOGPA_03625	MER0005987	37.755	98	56	3	490	585	35	129	4.72e-14	69.3
IGKNOGPA_03625	MER0192427	29.412	102	66	2	486	585	69	166	5.02e-09	54.7
IGKNOGPA_03625	MER0034615	27.928	111	71	2	475	582	2	106	1.19e-07	50.1
IGKNOGPA_03625	MER0004193	32.381	105	64	3	484	585	4	104	1.35e-07	49.7
IGKNOGPA_03625	MER0005994	27.481	131	90	3	459	585	2	131	6.09e-07	48.1
IGKNOGPA_03625	MER0000263	28.155	103	68	3	478	578	1	99	8.15e-07	47.4
IGKNOGPA_03643	MER0034582	26.522	230	149	7	330	549	14	233	1.77e-18	83.6
IGKNOGPA_03650	MER0037181	25.926	297	177	10	43	321	4	275	2.08e-19	83.6
IGKNOGPA_03650	MER0002161	29.412	187	112	6	43	227	4	172	3.33e-17	77.4
IGKNOGPA_03650	MER0100667	28.497	193	117	8	123	314	39	211	1.46e-14	68.9
IGKNOGPA_03650	MER0001284	34.884	129	77	5	109	235	36	159	6.85e-14	67.4
IGKNOGPA_03650	MER0194228	27.751	209	126	8	125	326	1	191	4.74e-13	63.9
IGKNOGPA_03650	MER0001289	27.619	210	127	8	124	326	76	267	1.53e-12	63.9
IGKNOGPA_03650	MER0004514	38.710	93	55	2	123	214	48	139	6.05e-11	58.9
IGKNOGPA_03650	MER0032443	31.469	143	83	6	80	216	12	145	1.36e-10	57.8
IGKNOGPA_03650	MER0001288	34.021	97	53	3	123	218	34	120	3.95e-10	56.2
IGKNOGPA_03650	MER0005131	32.000	125	74	4	98	216	27	146	5.72e-10	55.8
IGKNOGPA_03650	MER0005139	29.825	114	61	4	109	216	63	163	1.73e-09	54.7
IGKNOGPA_03650	MER0005238	33.333	114	58	4	103	211	61	161	1.79e-08	51.6
IGKNOGPA_03650	MER0005239	32.143	112	57	4	109	214	69	167	2.40e-07	48.1
IGKNOGPA_03650	MER0002104	33.929	112	56	5	105	211	63	161	4.24e-07	47.4
IGKNOGPA_03650	MER0015691	30.702	114	61	4	105	213	49	149	2.18e-06	45.1
