KFOEIPKB_00027	MER0013471	39.877	163	90	4	14	171	228	387	6.55e-30	118
KFOEIPKB_00027	MER0030212	37.143	140	82	2	12	150	244	378	4.52e-22	95.5
KFOEIPKB_00027	MER0001202	41.732	127	63	4	14	137	270	388	1.02e-19	88.6
KFOEIPKB_00027	MER0004961	35.897	156	86	4	14	164	286	432	2.21e-19	87.8
KFOEIPKB_00027	MER0004959	40.310	129	71	3	14	140	240	364	5.75e-17	79.7
KFOEIPKB_00027	MER0015121	33.333	153	93	5	14	163	224	370	6.82e-17	79.7
KFOEIPKB_00027	MER0107602	34.247	146	87	3	14	158	230	367	6.67e-15	73.2
KFOEIPKB_00027	MER0003889	35.338	133	75	4	4	135	285	407	1.48e-14	72.8
KFOEIPKB_00027	MER0013404	37.984	129	72	2	15	141	274	396	1.65e-14	72.4
KFOEIPKB_00027	MER0001207	35.043	117	69	4	14	129	255	365	2.62e-13	68.6
KFOEIPKB_00027	MER0005410	37.398	123	69	2	15	135	274	390	4.52e-13	68.2
KFOEIPKB_00027	MER0026952	31.333	150	92	3	14	160	273	414	8.52e-13	67.0
KFOEIPKB_00027	MER0004607	30.405	148	96	3	14	160	273	414	9.56e-13	67.0
KFOEIPKB_00027	MER0001205	44.262	61	34	0	14	74	240	300	4.73e-10	57.8
KFOEIPKB_00027	MER0003817	43.103	58	33	0	14	71	270	327	1.66e-09	56.2
KFOEIPKB_00027	MER0003428	34.247	73	48	0	15	87	267	339	7.54e-08	51.2
KFOEIPKB_00027	MER0002356	38.235	68	42	0	4	71	237	304	1.16e-07	50.4
KFOEIPKB_00027	MER0001198	37.705	61	38	0	14	74	264	324	1.46e-07	50.1
KFOEIPKB_00027	MER0003495	32.787	61	41	0	14	74	247	307	8.81e-06	44.7
KFOEIPKB_00166	MER0001266	28.804	368	249	8	5	363	25	388	6.47e-30	115
KFOEIPKB_00166	MER0003798	27.761	335	190	13	66	363	99	418	2.94e-14	70.5
KFOEIPKB_00166	MER0028941	22.396	384	259	15	1	365	2	365	7.62e-09	53.5
KFOEIPKB_00166	MER0369336	22.263	274	194	8	99	364	50	312	5.83e-08	50.4
KFOEIPKB_00199	MER0036115	26.280	293	171	11	8	263	15	299	2.28e-17	77.0
KFOEIPKB_00199	MER0004146	34.694	147	81	6	16	148	8	153	1.42e-15	71.2
KFOEIPKB_00199	MER0014065	33.607	122	74	4	12	127	16	136	5.89e-15	70.5
KFOEIPKB_00199	MER0017142	28.070	228	143	8	16	232	3	220	1.56e-13	65.5
KFOEIPKB_00199	MER0031619	30.328	122	79	3	9	126	11	130	1.61e-13	66.2
KFOEIPKB_00199	MER0036053	31.429	140	91	1	20	159	2	136	3.19e-13	64.7
KFOEIPKB_00199	MER0031617	22.467	227	158	5	22	231	30	255	4.98e-13	64.3
KFOEIPKB_00199	MER0017177	27.737	137	93	4	16	147	24	159	6.57e-12	61.6
KFOEIPKB_00199	MER0035044	30.216	139	85	4	8	134	13	151	8.83e-12	60.8
KFOEIPKB_00199	MER0036072	28.346	127	77	2	13	125	61	187	9.00e-12	61.2
KFOEIPKB_00199	MER0035038	23.129	294	187	11	8	264	10	301	2.02e-11	60.1
KFOEIPKB_00199	MER0036084	23.954	263	176	8	19	264	11	266	2.12e-11	59.7
KFOEIPKB_00199	MER0035035	28.440	109	71	3	26	127	35	143	4.48e-11	58.9
KFOEIPKB_00199	MER0035043	32.222	90	59	1	26	113	35	124	5.61e-11	58.5
KFOEIPKB_00199	MER0031611	26.038	265	152	12	17	249	25	277	1.17e-10	57.8
KFOEIPKB_00199	MER0035032	24.232	293	180	10	9	264	12	299	2.26e-10	56.6
KFOEIPKB_00199	MER0037236	26.415	265	167	11	11	255	4	260	2.45e-10	56.2
KFOEIPKB_00199	MER0011509	27.193	114	79	1	26	135	38	151	3.57e-10	56.2
KFOEIPKB_00199	MER0213280	24.503	151	91	4	8	147	10	148	3.96e-10	56.2
KFOEIPKB_00199	MER0011785	27.820	133	88	3	16	140	25	157	8.21e-10	55.1
KFOEIPKB_00199	MER0031616	29.245	106	71	3	26	127	39	144	2.31e-09	53.9
KFOEIPKB_00199	MER0025512	23.616	271	154	8	16	249	39	293	3.77e-09	53.1
KFOEIPKB_00199	MER0044578	29.358	109	69	4	25	126	72	179	4.74e-09	53.1
KFOEIPKB_00199	MER0044581	28.972	107	68	4	27	126	72	177	6.35e-09	52.8
KFOEIPKB_00199	MER0036075	25.397	126	89	4	17	137	61	186	6.67e-09	52.4
KFOEIPKB_00199	MER0044350	26.667	90	63	1	26	112	1	90	9.85e-09	51.6
KFOEIPKB_00199	MER0031614	23.554	242	176	6	27	262	84	322	1.05e-08	52.0
KFOEIPKB_00199	MER0036074	40.351	57	34	0	70	126	166	222	2.15e-08	51.2
KFOEIPKB_00199	MER0034563	27.434	113	80	2	27	139	17	127	2.33e-08	50.4
KFOEIPKB_00199	MER0017193	30.233	86	59	1	16	100	15	100	2.91e-08	50.4
KFOEIPKB_00199	MER0026339	31.731	104	69	2	24	125	22	125	5.29e-08	49.7
KFOEIPKB_00199	MER0031610	29.703	101	68	2	27	125	55	154	8.74e-08	48.9
KFOEIPKB_00199	MER0000431	27.815	151	91	6	8	143	5	152	1.54e-07	48.1
KFOEIPKB_00199	MER0035042	27.273	110	74	3	9	113	16	124	1.63e-07	48.1
KFOEIPKB_00199	MER0036054	28.704	108	75	2	19	124	9	116	1.77e-07	48.1
KFOEIPKB_00199	MER0036057	23.237	241	155	10	27	249	63	291	2.75e-07	47.4
KFOEIPKB_00199	MER0044633	23.913	138	96	4	15	143	59	196	3.81e-07	47.4
KFOEIPKB_00199	MER0037853	30.000	130	82	5	1	122	1	129	5.79e-07	46.6
KFOEIPKB_00199	MER0036067	26.141	241	142	10	27	244	52	279	1.37e-06	45.4
KFOEIPKB_00199	MER0035973	28.571	98	69	1	27	123	57	154	2.14e-06	44.7
KFOEIPKB_00199	MER0044900	32.184	87	54	2	28	109	96	182	2.15e-06	45.1
KFOEIPKB_00199	MER0017033	30.612	98	67	1	27	123	65	162	2.74e-06	44.7
KFOEIPKB_00199	MER0043008	24.348	115	82	2	16	125	10	124	2.74e-06	44.3
KFOEIPKB_00199	MER0036069	32.673	101	63	3	13	108	66	166	3.07e-06	44.3
KFOEIPKB_00199	MER0030163	29.167	96	64	3	40	131	43	138	3.60e-06	44.3
KFOEIPKB_00199	MER0210990	31.915	94	57	2	49	135	54	147	4.72e-06	43.9
KFOEIPKB_00199	MER0042914	31.325	83	53	2	47	125	69	151	7.73e-06	43.1
KFOEIPKB_00209	MER0066178	24.339	189	127	8	145	332	5	178	4.81e-07	48.9
KFOEIPKB_00236	MER0000332	40.891	247	112	9	231	476	21	234	4.41e-36	132
KFOEIPKB_00236	MER0017009	33.452	281	163	10	230	492	50	324	4.78e-33	126
KFOEIPKB_00236	MER0077555	39.286	224	117	9	275	496	50	256	2.65e-30	116
KFOEIPKB_00236	MER0028365	33.448	290	156	9	252	531	88	350	1.06e-29	117
KFOEIPKB_00236	MER0028365	50.000	68	32	2	64	131	47	112	6.90e-12	63.9
KFOEIPKB_00236	MER0002565	37.838	222	117	7	286	505	103	305	8.74e-29	114
KFOEIPKB_00236	MER0000310	40.000	205	108	7	286	489	59	249	2.27e-28	111
KFOEIPKB_00236	MER0002575	34.066	273	141	13	230	494	21	262	2.19e-27	108
KFOEIPKB_00236	MER0001709	34.630	257	131	8	265	500	75	315	4.76e-27	108
KFOEIPKB_00236	MER0001699	35.909	220	124	7	286	503	58	262	5.33e-27	107
KFOEIPKB_00236	MER0001928	35.514	214	117	7	285	496	57	251	9.31e-27	106
KFOEIPKB_00236	MER0002057	30.464	302	158	9	230	489	48	339	2.80e-25	104
KFOEIPKB_00236	MER0004690	32.990	291	148	12	233	492	35	309	7.81e-25	102
KFOEIPKB_00236	MER0004690	42.188	64	36	1	73	135	27	90	6.41e-08	51.6
KFOEIPKB_00236	MER0016978	33.083	266	131	9	265	497	45	296	8.12e-25	102
KFOEIPKB_00236	MER0000362	34.630	257	131	8	265	500	75	315	8.63e-25	102
KFOEIPKB_00236	MER0006023	34.351	262	135	8	258	496	64	311	1.07e-24	102
KFOEIPKB_00236	MER0000316	35.616	219	119	8	272	489	46	243	2.55e-24	99.4
KFOEIPKB_00236	MER0001521	37.321	209	114	7	283	489	57	250	5.44e-24	98.6
KFOEIPKB_00236	MER0000313	37.321	209	114	7	283	489	57	250	5.66e-24	98.6
KFOEIPKB_00236	MER0000333	38.889	216	109	7	266	476	37	234	9.15e-24	97.8
KFOEIPKB_00236	MER0000315	35.437	206	114	7	285	489	57	244	9.15e-24	97.8
KFOEIPKB_00236	MER0001520	35.437	206	114	7	285	489	57	244	1.24e-23	97.4
KFOEIPKB_00236	MER0005821	38.119	202	104	10	281	475	77	264	1.29e-23	100
KFOEIPKB_00236	MER0013656	35.000	220	124	6	285	503	56	257	1.93e-23	97.1
KFOEIPKB_00236	MER0001755	36.842	209	115	7	283	489	57	250	3.39e-23	96.3
KFOEIPKB_00236	MER0001906	34.951	206	115	7	285	489	57	244	3.96e-23	95.9
KFOEIPKB_00236	MER0001523	36.364	209	116	7	283	489	57	250	1.03e-22	95.1
KFOEIPKB_00236	MER0000312	36.364	209	116	7	283	489	57	250	1.03e-22	95.1
KFOEIPKB_00236	MER0000320	33.480	227	131	7	286	505	65	278	1.23e-22	95.1
KFOEIPKB_00236	MER0004085	34.298	242	126	9	270	491	78	306	2.28e-22	95.1
KFOEIPKB_00236	MER0000361	35.652	230	112	10	284	492	99	313	3.68e-22	94.7
KFOEIPKB_00236	MER0002562	36.481	233	108	8	282	489	109	326	6.15e-22	94.4
KFOEIPKB_00236	MER0081072	34.123	211	117	7	285	492	56	247	1.18e-21	91.3
KFOEIPKB_00236	MER0000349	32.468	231	132	9	288	496	142	370	1.21e-21	94.0
KFOEIPKB_00236	MER0000309	36.073	219	125	6	286	503	59	263	1.54e-21	91.7
KFOEIPKB_00236	MER0001725	29.078	282	159	9	221	492	44	294	2.17e-21	92.0
KFOEIPKB_00236	MER0000311	38.498	213	106	7	283	489	57	250	1.95e-20	88.2
KFOEIPKB_00236	MER0062058	35.470	234	129	6	280	503	51	272	2.10e-20	90.5
KFOEIPKB_00236	MER0062058	45.763	59	29	1	84	139	1	59	2.29e-09	56.2
KFOEIPKB_00236	MER0016697	31.200	250	123	9	285	500	93	327	9.39e-20	87.4
KFOEIPKB_00236	MER0005931	36.449	214	119	5	285	496	27	225	2.35e-19	84.3
KFOEIPKB_00236	MER0002267	34.722	216	113	8	286	494	67	261	1.09e-18	83.6
KFOEIPKB_00236	MER0016983	31.119	286	137	13	224	477	2	259	1.32e-18	83.6
KFOEIPKB_00236	MER0000321	29.588	267	157	9	240	496	110	355	2.53e-18	83.6
KFOEIPKB_00236	MER0155676	33.065	248	129	11	275	493	113	352	2.69e-18	84.0
KFOEIPKB_00236	MER0000319	30.962	239	144	7	264	498	40	261	2.94e-18	82.0
KFOEIPKB_00236	MER0014744	32.735	223	120	6	286	489	91	302	3.81e-18	82.8
KFOEIPKB_00236	MER0054318	36.190	210	122	8	267	473	44	244	1.25e-17	80.9
KFOEIPKB_00236	MER0006074	34.404	218	112	10	286	492	78	275	1.92e-17	80.1
KFOEIPKB_00236	MER0003536	31.579	228	121	8	286	492	67	280	2.15e-17	79.7
KFOEIPKB_00236	MER0002500	30.894	246	130	10	245	473	129	351	9.89e-17	79.0
KFOEIPKB_00236	MER0000326	34.286	210	112	8	285	491	67	253	1.61e-16	77.4
KFOEIPKB_00236	MER0002516	32.870	216	117	8	285	495	77	269	5.75e-16	75.5
KFOEIPKB_00236	MER0042897	38.863	211	115	7	280	489	56	253	7.68e-16	74.7
KFOEIPKB_00236	MER0000356	33.191	235	103	10	286	491	85	294	1.44e-15	75.1
KFOEIPKB_00236	MER0004123	31.250	240	120	8	286	489	75	305	1.76e-15	74.7
KFOEIPKB_00236	MER0002790	32.407	216	122	5	290	489	1	208	2.03e-15	72.8
KFOEIPKB_00236	MER0030016	28.996	269	149	10	237	492	37	276	2.45e-15	73.2
KFOEIPKB_00236	MER0024902	30.252	238	151	7	280	504	87	322	4.27e-15	73.2
KFOEIPKB_00236	MER0000359	31.489	235	134	9	285	512	84	298	1.88e-14	71.2
KFOEIPKB_00236	MER0014446	33.032	221	107	9	288	489	195	393	3.12e-14	71.6
KFOEIPKB_00236	MER0004720	29.439	214	119	8	286	491	69	258	4.09e-14	69.7
KFOEIPKB_00236	MER0013641	29.583	240	129	11	286	497	79	306	4.18e-14	71.2
KFOEIPKB_00236	MER0014085	25.475	263	143	8	282	492	79	340	4.42e-14	70.9
KFOEIPKB_00236	MER0000358	26.217	267	150	11	247	488	17	261	5.24e-14	70.5
KFOEIPKB_00236	MER0050309	29.864	221	125	9	289	497	46	248	5.97e-14	70.9
KFOEIPKB_00236	MER0161312	29.078	282	151	10	286	536	90	353	6.16e-14	70.1
KFOEIPKB_00236	MER0016688	29.600	250	132	10	279	497	63	299	8.83e-14	69.3
KFOEIPKB_00236	MER0003117	30.213	235	122	10	256	480	50	252	9.84e-14	68.6
KFOEIPKB_00236	MER0005078	28.926	242	127	12	258	488	58	265	1.50e-13	68.2
KFOEIPKB_00236	MER0000335	31.925	213	114	9	284	488	63	252	3.04e-13	67.0
KFOEIPKB_00236	MER0005859	31.250	256	125	11	286	503	238	480	3.21e-13	68.6
KFOEIPKB_00236	MER0002764	34.419	215	107	11	269	471	61	253	5.97e-13	66.6
KFOEIPKB_00236	MER0000357	30.370	270	132	12	256	503	52	287	9.69e-13	65.9
KFOEIPKB_00236	MER0000338	29.572	257	131	12	258	498	50	272	1.08e-12	65.5
KFOEIPKB_00236	MER0019280	30.263	228	136	7	279	492	62	280	2.02e-12	65.1
KFOEIPKB_00236	MER0022415	28.632	234	135	9	270	491	61	274	2.85e-12	65.5
KFOEIPKB_00236	MER0114485	30.045	223	120	7	290	476	106	328	6.48e-12	63.9
KFOEIPKB_00236	MER0000364	29.818	275	148	11	240	496	31	278	6.63e-12	63.2
KFOEIPKB_00236	MER0050310	28.947	228	129	11	290	501	102	312	6.95e-12	64.3
KFOEIPKB_00236	MER0080418	33.125	160	87	7	355	501	193	345	9.75e-12	63.5
KFOEIPKB_00236	MER0006037	30.837	227	114	10	256	473	56	248	9.84e-12	62.8
KFOEIPKB_00236	MER0000350	26.923	260	140	7	286	502	86	338	1.19e-11	63.2
KFOEIPKB_00236	MER0014300	28.617	311	161	12	268	534	59	352	1.21e-11	63.2
KFOEIPKB_00236	MER0025143	28.512	242	110	8	278	476	52	273	1.27e-11	62.8
KFOEIPKB_00236	MER0000389	29.365	252	126	9	280	492	67	305	1.54e-11	62.8
KFOEIPKB_00236	MER0037258	29.583	240	135	9	278	492	65	295	1.85e-11	62.0
KFOEIPKB_00236	MER0000351	27.559	254	133	9	235	474	68	284	2.46e-11	61.6
KFOEIPKB_00236	MER0087792	26.199	271	159	10	275	507	79	346	2.61e-11	62.0
KFOEIPKB_00236	MER0016991	29.091	275	147	9	248	494	45	299	3.18e-11	61.6
KFOEIPKB_00236	MER0000336	28.185	259	144	10	244	494	44	268	3.23e-11	61.2
KFOEIPKB_00236	MER0000328	33.000	200	105	10	286	475	68	248	3.41e-11	61.2
KFOEIPKB_00236	MER0000347	24.464	233	140	7	286	496	115	333	3.90e-11	62.0
KFOEIPKB_00236	MER0068994	27.239	268	129	11	290	498	109	369	3.98e-11	61.6
KFOEIPKB_00236	MER0006297	28.384	229	134	8	287	490	262	485	4.25e-11	62.0
KFOEIPKB_00236	MER0003020	29.572	257	102	9	286	475	222	466	5.76e-11	61.6
KFOEIPKB_00236	MER0000325	33.019	212	112	9	285	490	65	252	5.79e-11	60.8
KFOEIPKB_00236	MER0006048	24.088	274	145	7	282	492	77	350	7.87e-11	60.8
KFOEIPKB_00236	MER0000374	26.280	293	158	13	229	497	20	278	1.20e-10	59.3
KFOEIPKB_00236	MER0000344	29.493	217	115	10	286	488	84	276	1.53e-10	59.3
KFOEIPKB_00236	MER0028258	29.084	251	135	9	289	496	103	353	2.43e-10	59.3
KFOEIPKB_00236	MER0000353	28.163	245	129	8	235	468	119	327	3.72e-10	58.2
KFOEIPKB_00236	MER0005712	25.969	258	141	9	285	492	83	340	6.40e-10	57.8
KFOEIPKB_00236	MER0005790	29.648	199	106	6	287	472	91	268	1.15e-09	56.2
KFOEIPKB_00236	MER0000348	27.731	238	118	7	286	477	84	313	3.18e-09	55.5
KFOEIPKB_00236	MER0016986	27.907	258	132	11	280	490	80	330	5.67e-09	54.7
KFOEIPKB_00236	MER0001451	23.926	326	180	10	234	497	4	323	8.18e-09	54.3
KFOEIPKB_00236	MER0001603	24.832	298	180	11	222	499	4	277	2.01e-08	52.8
KFOEIPKB_00236	MER0004113	25.532	282	181	9	222	490	27	292	2.63e-08	52.8
KFOEIPKB_00236	MER0047718	27.016	248	121	10	283	473	65	309	2.77e-08	52.4
KFOEIPKB_00236	MER0055027	31.481	162	87	8	286	444	69	209	2.77e-08	52.8
KFOEIPKB_00236	MER0067924	32.800	125	65	4	373	490	161	273	3.47e-08	51.6
KFOEIPKB_00236	MER0015431	25.191	262	142	10	285	492	81	342	5.97e-08	51.6
KFOEIPKB_00236	MER0011484	29.614	233	136	11	269	475	243	473	8.22e-08	51.6
KFOEIPKB_00236	MER0013893	40.580	69	31	1	436	494	443	511	8.75e-08	51.6
KFOEIPKB_00236	MER0001454	22.152	316	174	10	256	499	19	334	1.02e-07	50.8
KFOEIPKB_00236	MER0003122	25.000	292	134	12	280	497	70	350	1.17e-07	50.8
KFOEIPKB_00236	MER0004516	26.538	260	143	9	285	499	78	334	1.35e-07	50.4
KFOEIPKB_00236	MER0004988	25.439	228	138	8	280	492	61	271	1.77e-07	49.7
KFOEIPKB_00236	MER0015436	34.177	79	44	2	424	494	354	432	2.29e-07	50.1
KFOEIPKB_00236	MER0005610	33.333	93	44	2	423	497	247	339	2.35e-07	49.7
KFOEIPKB_00236	MER0005756	23.881	268	144	10	285	492	107	374	2.50e-07	49.7
KFOEIPKB_00236	MER0006036	35.802	81	39	1	436	503	371	451	2.97e-07	49.7
KFOEIPKB_00236	MER0000373	26.087	230	142	6	286	499	62	279	4.99e-07	48.5
KFOEIPKB_00236	MER0005760	32.407	108	52	4	423	512	248	352	8.66e-07	47.8
KFOEIPKB_00236	MER0077856	24.055	291	183	9	222	495	13	282	9.85e-07	47.4
KFOEIPKB_00236	MER0001467	30.526	95	46	2	423	497	247	341	1.03e-06	47.8
KFOEIPKB_00236	MER0003688	26.613	248	129	10	285	485	85	326	1.51e-06	47.0
KFOEIPKB_00236	MER0005710	33.735	83	42	3	424	493	352	434	1.61e-06	47.4
KFOEIPKB_00236	MER0000329	29.487	156	63	7	367	489	193	334	1.72e-06	47.0
KFOEIPKB_00236	MER0014325	34.694	98	42	3	424	499	245	342	2.00e-06	46.6
KFOEIPKB_00236	MER0001604	28.017	232	136	12	283	498	63	279	2.39e-06	46.2
KFOEIPKB_00236	MER0015437	38.596	57	34	1	436	492	373	428	2.50e-06	46.6
KFOEIPKB_00236	MER0014465	38.710	62	32	1	436	491	384	445	4.58e-06	45.8
KFOEIPKB_00236	MER0000375	27.064	218	139	7	290	495	64	273	5.05e-06	45.1
KFOEIPKB_00236	MER0004652	34.328	67	34	1	436	492	441	507	5.57e-06	45.8
KFOEIPKB_00236	MER0005699	22.887	284	146	10	278	492	91	370	7.31e-06	45.1
KFOEIPKB_00236	MER0001368	21.374	262	152	9	282	492	77	335	8.68e-06	44.7
KFOEIPKB_00236	MER0000383	26.446	242	145	10	278	499	50	278	9.80e-06	44.3
KFOEIPKB_00237	MER0002755	27.485	171	111	5	328	485	30	200	6.90e-11	58.9
KFOEIPKB_00237	MER0036308	28.931	159	102	5	344	494	58	213	1.57e-10	58.5
KFOEIPKB_00237	MER0011345	24.500	200	138	5	306	492	18	217	1.65e-10	58.5
KFOEIPKB_00237	MER0012283	25.478	157	110	3	344	493	60	216	1.72e-09	55.1
KFOEIPKB_00237	MER0001009	23.602	161	104	4	366	515	20	172	6.92e-09	53.1
KFOEIPKB_00237	MER0002746	24.138	203	137	5	330	515	32	234	7.02e-09	53.5
KFOEIPKB_00237	MER0001013	25.543	184	109	6	329	492	42	217	9.99e-09	53.1
KFOEIPKB_00237	MER0019759	24.434	221	135	9	316	513	20	231	1.25e-08	52.8
KFOEIPKB_00237	MER0011440	23.834	193	132	5	315	492	18	210	2.00e-08	52.0
KFOEIPKB_00237	MER0001010	25.170	147	91	4	366	501	61	199	2.44e-08	51.6
KFOEIPKB_00237	MER0002003	24.832	149	96	4	354	492	75	217	3.09e-08	51.6
KFOEIPKB_00237	MER0005328	28.667	150	87	6	344	478	49	193	8.82e-08	49.7
KFOEIPKB_00237	MER0006264	22.414	174	107	6	330	481	4	171	1.03e-07	49.3
KFOEIPKB_00237	MER0011720	25.000	140	101	2	366	505	79	214	1.60e-07	49.3
KFOEIPKB_00237	MER0001017	25.000	164	110	4	329	479	41	204	1.78e-07	49.7
KFOEIPKB_00237	MER0019096	24.260	169	102	5	354	514	48	198	1.97e-07	48.9
KFOEIPKB_00237	MER0002281	24.390	164	100	4	327	479	54	204	4.60e-07	48.1
KFOEIPKB_00237	MER0091680	23.590	195	126	6	330	505	23	213	4.64e-07	48.1
KFOEIPKB_00237	MER0028449	24.627	134	94	3	366	492	88	221	6.32e-07	47.8
KFOEIPKB_00237	MER0000997	24.227	194	114	8	320	486	24	211	8.44e-07	47.0
KFOEIPKB_00237	MER0011370	23.077	143	95	3	359	492	74	210	2.19e-06	45.8
KFOEIPKB_00237	MER0002078	21.302	169	122	3	354	515	70	234	4.51e-06	45.1
KFOEIPKB_00237	MER0011438	23.333	180	123	5	312	476	15	194	5.99e-06	44.7
KFOEIPKB_00237	MER0052595	23.741	139	91	3	366	494	89	222	9.73e-06	43.9
KFOEIPKB_00247	MER0004231	26.357	129	84	3	15	136	83	207	3.87e-07	48.5
KFOEIPKB_00277	MER0002746	32.886	149	91	3	28	167	82	230	1.70e-17	78.2
KFOEIPKB_00277	MER0019759	30.000	180	112	5	1	167	51	229	6.37e-17	76.3
KFOEIPKB_00277	MER0011183	27.322	183	114	4	1	167	43	222	1.25e-16	75.1
KFOEIPKB_00277	MER0011401	31.875	160	92	3	1	143	43	202	1.41e-16	74.7
KFOEIPKB_00277	MER0002968	31.298	131	82	1	26	148	85	215	6.32e-15	70.5
KFOEIPKB_00277	MER0002355	31.928	166	100	4	1	157	56	217	6.79e-15	70.1
KFOEIPKB_00277	MER0001012	30.675	163	96	5	1	148	56	216	8.24e-15	70.1
KFOEIPKB_00277	MER0005046	34.356	163	87	6	1	147	39	197	2.17e-14	68.2
KFOEIPKB_00277	MER0011440	27.907	172	105	4	1	156	50	218	4.48e-14	67.8
KFOEIPKB_00277	MER0005331	32.298	161	95	6	1	148	51	210	1.20e-13	66.6
KFOEIPKB_00277	MER0001017	30.488	164	95	5	1	150	62	220	1.22e-13	67.0
KFOEIPKB_00277	MER0011720	33.333	132	83	3	31	158	82	212	1.41e-13	66.2
KFOEIPKB_00277	MER0091680	28.758	153	93	4	26	166	70	218	2.03e-13	65.9
KFOEIPKB_00277	MER0011369	31.481	162	96	6	1	148	65	225	2.24e-13	65.9
KFOEIPKB_00277	MER0001009	27.215	158	104	3	28	175	20	176	2.42e-13	65.5
KFOEIPKB_00277	MER0036308	33.562	146	88	3	13	149	67	212	2.63e-13	65.9
KFOEIPKB_00277	MER0015166	33.071	127	76	2	30	147	104	230	2.69e-13	65.9
KFOEIPKB_00277	MER0001701	27.439	164	101	3	1	148	39	200	3.86e-13	65.1
KFOEIPKB_00277	MER0001013	31.707	164	95	5	1	152	63	221	1.09e-12	64.3
KFOEIPKB_00277	MER0000997	32.500	160	90	5	1	143	54	212	1.12e-12	63.5
KFOEIPKB_00277	MER0011423	29.878	164	97	5	1	147	51	213	1.46e-12	63.5
KFOEIPKB_00277	MER0001185	31.013	158	90	4	1	143	57	210	1.62e-12	63.2
KFOEIPKB_00277	MER0011345	30.636	173	101	5	1	159	62	229	1.82e-12	63.5
KFOEIPKB_00277	MER0002003	31.902	163	93	5	1	147	56	216	2.50e-12	62.8
KFOEIPKB_00277	MER0028449	30.137	146	87	4	21	152	81	225	2.57e-12	62.8
KFOEIPKB_00277	MER0052595	29.448	163	98	5	1	147	58	219	2.74e-12	62.8
KFOEIPKB_00277	MER0011370	33.577	137	82	3	21	148	74	210	2.76e-12	62.4
KFOEIPKB_00277	MER0001010	28.387	155	80	3	28	162	61	204	3.37e-12	62.0
KFOEIPKB_00277	MER0004243	31.515	165	95	4	1	148	53	216	4.14e-12	62.0
KFOEIPKB_00277	MER0012271	30.675	163	95	5	1	150	63	220	5.57e-12	62.0
KFOEIPKB_00277	MER0002060	26.994	163	105	4	1	150	56	217	6.15e-12	61.6
KFOEIPKB_00277	MER0002422	28.846	156	94	4	1	143	50	201	6.43e-12	61.2
KFOEIPKB_00277	MER0168983	32.000	125	74	4	30	149	45	163	6.43e-12	60.5
KFOEIPKB_00277	MER0012283	27.152	151	99	3	13	152	69	219	1.15e-11	60.8
KFOEIPKB_00277	MER0002755	30.128	156	91	5	1	143	52	202	1.34e-11	60.5
KFOEIPKB_00277	MER0011175	33.077	130	72	4	30	147	83	209	1.43e-11	60.5
KFOEIPKB_00277	MER0019754	30.882	136	75	3	28	148	64	195	2.15e-11	59.7
KFOEIPKB_00277	MER0002281	30.380	158	87	4	13	152	70	222	6.22e-11	58.9
KFOEIPKB_00277	MER0005328	31.410	156	80	6	1	138	51	197	1.40e-10	57.4
KFOEIPKB_00277	MER0006264	28.571	133	80	3	28	148	53	182	2.28e-10	56.2
KFOEIPKB_00277	MER0011438	27.333	150	96	4	1	137	50	199	4.74e-10	55.8
KFOEIPKB_00277	MER0011371	31.447	159	94	6	1	145	51	208	4.89e-10	55.8
KFOEIPKB_00277	MER0168177	29.545	132	92	1	19	149	33	164	5.71e-10	54.7
KFOEIPKB_00277	MER0019096	27.211	147	91	2	30	170	62	198	4.91e-09	52.8
KFOEIPKB_00277	MER0001005	28.070	171	95	6	1	150	16	179	6.89e-09	52.0
KFOEIPKB_00277	MER0005045	31.098	164	91	7	1	147	39	197	7.74e-09	52.0
KFOEIPKB_00277	MER0116688	26.744	172	109	6	1	157	51	220	8.68e-08	49.7
KFOEIPKB_00277	MER0002210	29.530	149	91	5	1	135	8	156	1.16e-07	47.8
KFOEIPKB_00277	MER0002078	28.025	157	88	6	28	167	82	230	7.05e-07	46.6
KFOEIPKB_00277	MER0003916	28.571	126	80	3	30	148	72	194	7.86e-07	46.2
KFOEIPKB_00277	MER0011399	23.567	157	98	5	1	140	51	202	8.15e-07	46.6
KFOEIPKB_00277	MER0171631	28.333	120	80	2	30	143	85	204	9.98e-07	46.2
KFOEIPKB_00277	MER0026830	42.105	57	27	2	26	82	81	131	1.11e-06	45.4
KFOEIPKB_00277	MER0011400	24.419	172	111	5	1	156	51	219	2.58e-06	45.1
KFOEIPKB_00283	MER0001602	40.741	135	78	1	77	211	8	140	2.41e-33	114
KFOEIPKB_00283	MER0027775	31.496	127	57	6	86	207	15	116	1.45e-09	51.2
KFOEIPKB_00286	MER0056525	53.448	232	105	2	405	635	1	230	2.03e-85	265
KFOEIPKB_00286	MER0011748	52.500	240	111	2	405	643	1	238	9.69e-81	253
KFOEIPKB_00286	MER0015609	51.250	240	112	2	405	643	1	236	9.09e-80	251
KFOEIPKB_00286	MER0005496	47.791	249	121	2	405	645	1	248	4.56e-75	238
KFOEIPKB_00286	MER0023544	46.087	230	123	1	405	634	1	229	1.12e-70	227
KFOEIPKB_00286	MER0015195	46.154	234	123	2	405	637	1	232	1.56e-69	224
KFOEIPKB_00286	MER0011224	43.966	232	129	1	405	636	1	231	2.56e-69	224
KFOEIPKB_00286	MER0171760	41.418	268	150	3	370	634	1	264	9.75e-68	219
KFOEIPKB_00286	MER0002605	45.022	231	123	2	405	634	1	228	1.90e-66	216
KFOEIPKB_00286	MER0015194	45.455	231	121	2	406	634	2	229	7.81e-66	214
KFOEIPKB_00286	MER0002600	43.723	231	127	2	405	634	1	229	5.35e-63	206
KFOEIPKB_00286	MER0014306	40.161	249	140	2	405	645	1	248	2.90e-58	194
KFOEIPKB_00286	MER0024898	41.379	232	133	3	405	634	1	231	1.08e-55	187
KFOEIPKB_00286	MER0015199	45.690	232	119	3	405	630	1	231	3.32e-55	186
KFOEIPKB_00286	MER0004454	41.379	232	133	3	405	634	1	231	1.34e-53	182
KFOEIPKB_00286	MER0002602	42.986	221	120	2	406	620	2	222	3.45e-53	180
KFOEIPKB_00286	MER0005466	39.655	232	134	3	406	631	2	233	4.51e-53	179
KFOEIPKB_00286	MER0001620	39.113	248	140	4	405	641	1	248	5.59e-48	167
KFOEIPKB_00286	MER0002563	38.462	234	134	4	406	629	2	235	3.35e-47	163
KFOEIPKB_00286	MER0002408	38.034	234	136	5	405	631	1	232	2.38e-44	155
KFOEIPKB_00286	MER0015193	40.773	233	128	6	405	629	1	231	4.18e-44	155
KFOEIPKB_00286	MER0017637	39.149	235	131	5	406	629	2	235	5.46e-44	154
KFOEIPKB_00286	MER0011745	37.069	232	137	5	405	629	1	230	1.11e-43	154
KFOEIPKB_00286	MER0015197	36.073	219	139	1	417	634	13	231	1.07e-41	149
KFOEIPKB_00286	MER0015137	35.470	234	142	5	405	631	1	232	2.44e-41	147
KFOEIPKB_00286	MER0002608	40.693	231	129	5	406	630	2	230	1.02e-40	146
KFOEIPKB_00286	MER0002197	34.468	235	143	3	405	636	1	227	2.21e-36	134
KFOEIPKB_00286	MER0190705	34.632	231	140	3	406	634	1	222	8.73e-36	131
KFOEIPKB_00286	MER0005755	38.073	218	123	3	406	620	2	210	8.95e-36	131
KFOEIPKB_00286	MER0014324	35.965	228	132	4	405	629	1	217	2.46e-34	127
KFOEIPKB_00286	MER0190577	33.333	228	138	4	405	629	1	217	3.43e-34	127
KFOEIPKB_00286	MER0015690	35.780	218	122	6	405	607	1	215	3.94e-33	125
KFOEIPKB_00286	MER0024900	34.821	224	135	4	406	626	2	217	1.76e-32	122
KFOEIPKB_00286	MER0011120	37.209	215	123	6	405	607	1	215	3.14e-31	119
KFOEIPKB_00286	MER0001246	32.768	177	107	3	420	593	5	172	3.32e-22	91.3
KFOEIPKB_00286	MER0015204	28.049	246	146	7	406	620	2	247	1.42e-19	86.7
KFOEIPKB_00308	MER0281397	22.277	202	133	4	39	220	4	201	1.49e-13	65.1
KFOEIPKB_00308	MER1143079	25.532	235	146	9	33	253	42	261	1.40e-08	51.6
KFOEIPKB_00308	MER0004090	22.063	349	178	13	10	275	26	363	1.77e-06	45.8
KFOEIPKB_00335	MER0001322	38.679	106	52	4	127	227	1	98	2.19e-16	70.1
KFOEIPKB_00335	MER0014188	42.857	91	46	3	127	216	1	86	5.09e-16	68.9
KFOEIPKB_00335	MER0002443	43.373	83	42	4	137	216	11	91	2.43e-11	56.6
KFOEIPKB_00335	MER0003808	33.333	105	62	4	127	228	1	100	4.42e-11	55.8
KFOEIPKB_00335	MER0377310	36.190	105	59	4	127	228	1	100	4.57e-11	55.5
KFOEIPKB_00335	MER0377307	36.190	105	59	4	127	228	1	100	4.57e-11	55.5
KFOEIPKB_00335	MER0024252	38.144	97	52	3	139	229	14	108	4.60e-11	55.8
KFOEIPKB_00335	MER0002450	36.190	105	59	4	127	228	1	100	5.73e-11	55.5
KFOEIPKB_00335	MER0003805	33.010	103	65	3	127	228	1	100	8.34e-11	55.1
KFOEIPKB_00335	MER0003807	37.234	94	55	4	127	217	1	93	8.58e-11	55.1
KFOEIPKB_00335	MER0376722	33.696	92	54	3	127	216	1	87	9.15e-11	54.3
KFOEIPKB_00335	MER0003986	35.849	106	62	5	127	227	1	105	1.90e-10	53.9
KFOEIPKB_00335	MER0377450	34.066	91	57	2	127	217	1	88	2.26e-10	53.1
KFOEIPKB_00335	MER0377178	34.951	103	63	3	127	228	1	100	2.43e-09	50.8
KFOEIPKB_00335	MER0004035	37.500	80	45	4	139	216	10	86	5.76e-08	47.0
KFOEIPKB_00353	MER0195774	25.439	228	116	5	54	278	1	177	7.74e-18	79.3
KFOEIPKB_00353	MER0001233	23.372	261	145	8	54	307	2	214	8.98e-10	57.0
KFOEIPKB_00353	MER0014333	23.600	250	120	10	54	288	2	195	1.10e-08	53.9
KFOEIPKB_00353	MER0002423	42.029	69	37	1	39	104	8	76	1.29e-07	50.1
KFOEIPKB_00353	MER0122186	40.000	60	36	0	44	103	12	71	1.24e-06	47.0
KFOEIPKB_00353	MER0003543	22.826	276	135	11	54	314	2	214	6.41e-06	45.4
KFOEIPKB_00360	MER0001297	39.355	155	92	2	202	356	3	155	2.20e-33	122
KFOEIPKB_00360	MER0001425	42.767	159	85	3	202	355	3	160	1.86e-31	116
KFOEIPKB_00360	MER0003514	39.610	154	91	2	203	356	4	155	2.19e-30	113
KFOEIPKB_00360	MER0015684	38.514	148	91	0	202	349	3	150	1.28e-29	111
KFOEIPKB_00360	MER0004196	39.623	159	92	4	200	356	1	157	2.09e-28	108
KFOEIPKB_00360	MER0003065	39.610	154	91	2	203	356	4	155	1.15e-27	105
KFOEIPKB_00360	MER0004195	38.065	155	95	1	202	356	3	156	5.53e-27	104
KFOEIPKB_00360	MER0003413	35.669	157	96	2	202	356	3	156	1.03e-25	100
KFOEIPKB_00360	MER0005714	31.875	160	102	1	204	356	5	164	4.67e-25	99.0
KFOEIPKB_00360	MER0001295	29.167	168	106	2	201	356	2	168	2.52e-13	65.5
KFOEIPKB_00364	MER0069741	30.147	136	67	4	43	178	64	171	6.26e-11	58.2
KFOEIPKB_00364	MER0003380	27.922	154	78	5	23	170	106	232	4.49e-07	48.1
KFOEIPKB_00375	MER0003817	26.923	182	83	7	50	223	9	148	5.73e-06	46.2
KFOEIPKB_00384	MER0028047	58.659	179	71	2	447	625	1	176	1.78e-66	213
KFOEIPKB_00384	MER0003564	26.368	201	112	7	447	611	21	221	2.15e-07	49.3
KFOEIPKB_00417	MER0004090	27.136	398	232	15	579	947	1	369	4.82e-29	117
KFOEIPKB_00417	MER0035017	24.292	424	247	15	587	965	1	395	9.47e-28	113
KFOEIPKB_00417	MER0003800	27.638	398	232	16	577	946	6	375	2.24e-23	100
KFOEIPKB_00417	MER0011700	24.074	270	177	10	600	862	14	262	6.75e-09	55.8
KFOEIPKB_00417	MER0006204	26.446	121	84	2	583	699	1	120	9.00e-09	55.5
KFOEIPKB_00417	MER0026262	19.740	385	228	12	587	945	1	330	1.60e-07	51.2
KFOEIPKB_00417	MER0354941	24.645	211	122	7	603	800	11	197	5.80e-07	48.1
KFOEIPKB_00417	MER0192873	26.360	239	124	10	640	861	2	205	6.83e-06	45.4
KFOEIPKB_00423	MER0026262	28.940	349	224	11	37	366	7	350	4.77e-32	123
KFOEIPKB_00423	MER0017069	28.620	297	208	3	48	342	12	306	1.56e-28	113
KFOEIPKB_00423	MER0000457	26.923	338	233	10	26	360	4	330	2.30e-23	98.2
KFOEIPKB_00423	MER1143079	25.926	297	181	10	53	340	17	283	1.20e-20	89.4
KFOEIPKB_00423	MER0003802	27.273	264	156	8	53	306	22	259	1.88e-20	89.4
KFOEIPKB_00423	MER0004090	28.079	203	125	7	33	218	10	208	2.92e-18	83.6
KFOEIPKB_00423	MER0002489	30.682	176	115	4	47	218	24	196	8.22e-17	79.0
KFOEIPKB_00423	MER0028284	25.333	300	184	11	65	343	34	314	5.30e-15	73.2
KFOEIPKB_00423	MER0005925	27.807	187	115	4	47	220	18	197	5.57e-15	73.2
KFOEIPKB_00423	MER0219770	28.897	263	148	12	81	325	49	290	5.71e-14	69.7
KFOEIPKB_00423	MER0006204	27.619	210	125	8	28	218	1	202	1.91e-13	68.9
KFOEIPKB_00423	MER0004154	23.962	313	207	11	48	340	18	319	1.97e-13	68.6
KFOEIPKB_00423	MER0140154	22.798	193	132	5	47	223	2	193	1.09e-12	66.2
KFOEIPKB_00423	MER0005923	36.735	98	57	1	46	138	23	120	1.35e-12	66.6
KFOEIPKB_00423	MER0354941	24.000	200	129	7	37	218	1	195	2.04e-12	63.2
KFOEIPKB_00423	MER0000463	22.286	350	208	14	35	342	5	332	9.56e-12	63.5
KFOEIPKB_00423	MER0003800	22.727	264	163	8	33	279	17	256	1.13e-11	63.5
KFOEIPKB_00423	MER0011700	25.128	195	125	5	47	222	17	209	1.43e-11	62.8
KFOEIPKB_00423	MER0000459	24.365	197	132	4	31	218	8	196	1.58e-11	62.8
KFOEIPKB_00423	MER0005964	21.074	242	183	4	27	268	1	234	4.19e-11	61.6
KFOEIPKB_00423	MER0356183	27.404	208	126	10	53	242	3	203	1.31e-08	52.8
KFOEIPKB_00423	MER0122661	23.846	260	171	9	78	319	48	298	1.39e-08	53.5
KFOEIPKB_00423	MER0005836	24.590	183	119	6	47	218	26	200	5.13e-07	48.1
KFOEIPKB_00471	MER0001295	47.568	185	81	6	384	563	5	178	1.20e-48	166
KFOEIPKB_00471	MER0003065	37.870	169	93	4	392	560	6	162	4.44e-24	96.7
KFOEIPKB_00471	MER0001425	35.326	184	91	5	399	581	19	175	3.72e-23	94.0
KFOEIPKB_00471	MER0003413	40.458	131	76	2	392	522	6	134	9.09e-23	92.8
KFOEIPKB_00471	MER0001297	38.462	143	76	4	381	522	2	133	1.34e-22	92.4
KFOEIPKB_00471	MER0003514	34.302	172	99	5	392	562	6	164	3.63e-21	88.2
KFOEIPKB_00471	MER0015684	32.515	163	101	5	392	552	6	161	7.01e-20	84.7
KFOEIPKB_00471	MER0005714	38.636	132	70	4	400	522	13	142	2.03e-18	80.5
KFOEIPKB_00471	MER0004196	30.675	163	98	4	406	564	19	170	1.87e-17	77.4
KFOEIPKB_00471	MER0004195	30.178	169	102	6	400	564	13	169	2.41e-14	68.6
KFOEIPKB_00475	MER0002443	44.348	115	58	3	58	171	8	117	4.73e-30	103
KFOEIPKB_00475	MER0004035	40.351	114	60	3	58	170	5	111	1.46e-24	89.4
KFOEIPKB_00475	MER0004054	40.157	127	66	6	51	172	1	122	3.84e-23	85.9
KFOEIPKB_00475	MER0003807	36.885	122	71	3	51	171	1	117	1.08e-19	77.0
KFOEIPKB_00475	MER0003986	33.333	123	75	4	51	171	1	118	7.77e-16	67.0
KFOEIPKB_00475	MER0002450	36.752	117	63	5	55	171	7	112	2.38e-14	62.8
KFOEIPKB_00475	MER0003805	37.391	115	59	6	60	172	10	113	4.31e-14	62.4
KFOEIPKB_00475	MER0003808	36.364	121	64	6	51	169	1	110	2.22e-13	60.5
KFOEIPKB_00475	MER0024252	39.286	84	44	2	63	146	14	90	4.66e-13	59.7
KFOEIPKB_00475	MER0377310	36.937	111	59	5	55	165	7	106	1.71e-12	57.8
KFOEIPKB_00475	MER0377307	36.937	111	59	5	55	165	7	106	1.71e-12	57.8
KFOEIPKB_00475	MER0377178	35.849	106	59	4	60	165	10	106	7.24e-11	53.5
KFOEIPKB_00475	MER0014672	31.183	93	51	1	51	130	1	93	2.33e-10	52.8
KFOEIPKB_00475	MER0038100	30.973	113	61	4	63	165	14	119	8.11e-10	51.2
KFOEIPKB_00475	MER0001322	29.825	114	62	5	51	160	1	100	9.88e-10	50.8
KFOEIPKB_00475	MER0376722	35.000	100	53	5	51	148	1	90	1.80e-08	47.0
KFOEIPKB_00475	MER0377450	40.541	74	36	3	60	131	10	77	2.60e-08	46.2
KFOEIPKB_00475	MER0014188	35.065	77	39	3	58	131	8	76	1.61e-07	44.7
KFOEIPKB_00475	MER0031199	28.125	64	46	0	67	130	1	64	1.77e-06	40.8
KFOEIPKB_00518	MER0281397	52.083	48	23	0	35	82	154	201	6.32e-14	63.5
KFOEIPKB_00529	MER0001421	54.500	400	171	4	17	411	2	395	2.16e-153	436
KFOEIPKB_00529	MER0028941	27.273	418	238	12	6	409	1	366	5.33e-24	99.4
KFOEIPKB_00529	MER0369336	28.873	284	187	7	133	409	39	314	8.43e-23	95.1
KFOEIPKB_00540	MER0001978	42.463	544	291	6	41	572	22	555	1.07e-152	447
KFOEIPKB_00540	MER0011811	34.875	519	301	12	36	532	17	520	9.41e-77	250
KFOEIPKB_00540	MER0011800	32.927	492	298	12	40	516	21	495	5.78e-76	249
KFOEIPKB_00540	MER0011211	31.317	562	333	17	39	572	20	556	5.07e-70	232
KFOEIPKB_00540	MER0005029	31.413	538	327	17	53	564	1	522	1.17e-69	231
KFOEIPKB_00540	MER0005831	32.855	557	313	20	41	564	22	550	6.52e-67	224
KFOEIPKB_00540	MER0001629	32.099	567	332	21	31	572	14	552	3.76e-65	219
KFOEIPKB_00540	MER0011143	30.853	551	309	19	14	535	5	512	1.28e-63	215
KFOEIPKB_00540	MER0011215	32.233	515	307	16	45	537	3	497	1.04e-62	211
KFOEIPKB_00540	MER0006124	32.240	549	318	20	52	569	33	558	2.12e-62	212
KFOEIPKB_00540	MER0003580	29.942	521	320	13	52	549	33	531	7.39e-57	197
KFOEIPKB_00540	MER0004194	31.048	496	306	18	54	529	1	480	8.10e-55	191
KFOEIPKB_00540	MER0004202	24.682	551	339	11	42	564	6	508	1.35e-49	176
KFOEIPKB_00540	MER0002728	30.512	508	309	18	63	537	47	543	2.17e-48	174
KFOEIPKB_00540	MER0002720	29.981	517	295	19	56	564	17	474	4.87e-46	166
KFOEIPKB_00540	MER0001977	26.923	520	329	16	52	538	33	534	1.46e-44	163
KFOEIPKB_00540	MER0011193	28.689	488	308	16	52	516	30	500	8.00e-41	152
KFOEIPKB_00540	MER0016970	28.107	523	318	21	39	535	19	509	8.97e-35	135
KFOEIPKB_00540	MER0094876	26.007	546	347	19	44	566	2	513	5.03e-29	117
KFOEIPKB_00540	MER0002718	38.021	192	109	4	331	516	3	190	3.21e-28	108
KFOEIPKB_00540	MER0006132	23.435	623	351	19	44	565	25	622	6.14e-26	108
KFOEIPKB_00540	MER0003440	26.835	395	233	12	43	427	24	372	9.99e-25	103
KFOEIPKB_00540	MER0002721	33.962	212	108	6	381	564	37	244	4.06e-24	98.6
KFOEIPKB_00540	MER0026205	34.197	193	122	5	381	572	37	225	1.00e-22	94.0
KFOEIPKB_00540	MER0001976	32.124	193	116	7	381	572	37	215	6.84e-16	73.9
KFOEIPKB_00540	MER0026204	28.634	227	142	8	31	250	14	227	1.02e-15	73.6
KFOEIPKB_00540	MER0026207	29.891	184	100	7	381	564	37	191	5.25e-14	67.8
KFOEIPKB_00540	MER0037241	27.160	162	99	5	94	249	80	228	2.78e-08	51.6
KFOEIPKB_00545	MER0015472	31.655	139	92	1	43	178	41	179	1.16e-14	67.0
KFOEIPKB_00545	MER0015473	30.137	146	90	4	47	180	37	182	2.90e-13	63.2
KFOEIPKB_00545	MER0048181	30.070	143	84	2	47	174	1	142	3.35e-13	61.6
KFOEIPKB_00545	MER0030047	31.111	135	83	3	50	178	1	131	1.86e-11	56.6
KFOEIPKB_00545	MER0035036	29.851	134	92	2	47	178	88	221	1.27e-10	56.2
KFOEIPKB_00545	MER0015462	33.051	118	74	2	6	120	4	119	7.44e-10	53.1
KFOEIPKB_00545	MER0015632	28.313	166	93	6	39	191	37	189	2.63e-09	52.4
KFOEIPKB_00545	MER0015459	32.624	141	85	3	39	179	42	172	4.86e-08	48.9
KFOEIPKB_00545	MER0017405	29.054	148	76	2	42	181	41	167	5.30e-07	45.1
KFOEIPKB_00551	MER0004466	37.500	56	35	0	71	126	207	262	3.48e-09	50.4
KFOEIPKB_00579	MER0002251	49.327	223	103	6	2	219	1	218	1.77e-67	205
KFOEIPKB_00579	MER0001335	38.158	228	138	3	4	230	3	228	2.15e-46	151
KFOEIPKB_00580	MER0001333	24.309	181	91	6	44	214	80	224	3.09e-06	43.9
KFOEIPKB_00581	MER0042387	36.957	184	108	6	74	253	1	180	7.97e-30	107
KFOEIPKB_00581	MER0031491	31.551	187	112	6	74	248	1	183	3.27e-22	87.8
KFOEIPKB_00581	MER0026496	26.692	266	172	9	6	251	6	268	2.73e-19	81.6
KFOEIPKB_00581	MER0026545	30.409	171	102	4	94	253	103	267	1.51e-17	77.0
KFOEIPKB_00581	MER0026552	30.065	153	102	4	99	250	17	165	1.81e-17	74.7
KFOEIPKB_00581	MER0002642	28.191	188	112	7	78	255	1	175	1.23e-15	69.7
KFOEIPKB_00581	MER0006292	27.976	168	93	8	100	251	21	176	1.93e-07	47.0
KFOEIPKB_00591	MER0057728	37.069	116	72	1	29	143	53	168	7.61e-19	77.0
KFOEIPKB_00593	MER0001244	40.684	263	141	6	175	425	2	261	7.28e-59	190
KFOEIPKB_00593	MER0013463	35.361	263	155	4	174	425	1	259	3.22e-48	162
KFOEIPKB_00593	MER0001733	30.241	291	160	4	176	425	3	291	2.16e-43	150
KFOEIPKB_00593	MER0028601	31.111	270	160	9	176	425	3	266	7.34e-39	138
KFOEIPKB_00593	MER0004931	32.773	238	134	5	175	408	2	217	2.00e-35	127
KFOEIPKB_00593	MER0001248	34.661	251	112	8	222	425	7	252	1.47e-33	123
KFOEIPKB_00593	MER0005462	30.962	239	139	5	174	408	1	217	5.29e-33	121
KFOEIPKB_00593	MER0004532	33.755	237	130	6	175	407	2	215	4.50e-30	113
KFOEIPKB_00593	MER0005715	29.583	240	139	6	175	406	2	219	2.14e-26	103
KFOEIPKB_00593	MER0002038	26.122	245	151	7	175	412	2	223	2.16e-18	80.9
KFOEIPKB_00593	MER0001250	25.589	297	155	12	176	419	3	286	1.88e-16	76.3
KFOEIPKB_00593	MER0027437	25.806	248	137	10	174	400	1	222	6.09e-13	65.5
KFOEIPKB_00593	MER0004321	28.241	216	117	12	203	404	35	226	5.78e-12	62.4
KFOEIPKB_00593	MER0014518	25.439	228	119	12	223	425	57	258	7.11e-09	53.1
KFOEIPKB_00599	MER0013471	36.471	85	41	2	62	133	60	144	8.37e-08	50.4
KFOEIPKB_00599	MER0015694	24.194	186	95	7	25	164	67	252	1.03e-06	47.0
KFOEIPKB_00599	MER0015121	27.358	106	62	2	69	159	68	173	1.97e-06	46.2
KFOEIPKB_00618	MER0034582	23.567	314	218	9	604	904	12	316	4.57e-24	101
KFOEIPKB_00625	MER0037181	28.649	185	99	9	72	249	50	208	1.30e-10	57.8
KFOEIPKB_00625	MER0001284	31.579	133	77	6	99	223	45	171	6.40e-10	55.5
KFOEIPKB_00625	MER0004514	27.778	144	94	7	54	194	3	139	8.39e-08	49.3
KFOEIPKB_00625	MER0100667	28.689	122	68	6	80	196	16	123	8.53e-06	42.7
KFOEIPKB_00660	MER0005767	28.488	344	206	9	17	359	1	305	6.72e-38	136
KFOEIPKB_00660	MER0030136	23.367	398	270	14	1	374	8	394	1.34e-14	72.0
KFOEIPKB_00660	MER0030143	22.843	394	277	14	1	374	8	394	2.16e-12	65.1
KFOEIPKB_00660	MER0015112	21.772	395	284	12	1	374	8	398	3.16e-12	64.7
KFOEIPKB_00660	MER0030151	23.232	396	273	14	1	374	8	394	1.15e-11	62.8
KFOEIPKB_00660	MER0030155	23.155	393	277	12	1	374	8	394	6.48e-11	60.5
KFOEIPKB_00660	MER0030149	23.858	394	273	14	1	374	8	394	7.96e-11	60.1
KFOEIPKB_00685	MER0035017	24.372	398	259	8	42	411	1	384	4.73e-33	125
KFOEIPKB_00685	MER0004090	28.272	382	217	14	48	401	11	363	2.19e-31	120
KFOEIPKB_00685	MER0003800	26.247	381	234	14	42	401	16	370	6.32e-27	108
KFOEIPKB_00685	MER0026262	23.876	356	206	13	43	384	2	306	2.18e-18	82.8
KFOEIPKB_00685	MER0006204	22.449	343	197	13	39	349	2	307	6.41e-12	63.5
KFOEIPKB_00685	MER1143079	25.965	285	150	12	48	326	2	231	2.13e-11	61.2
KFOEIPKB_00685	MER0011700	20.952	315	225	11	42	349	1	298	1.76e-09	55.8
KFOEIPKB_00685	MER0140154	22.654	309	181	11	58	339	2	279	3.47e-09	54.7
KFOEIPKB_00685	MER0122661	22.289	332	188	11	86	399	45	324	4.48e-09	54.7
KFOEIPKB_00685	MER0354941	25.980	204	117	6	56	247	9	190	3.98e-08	50.1
KFOEIPKB_00685	MER0005923	31.000	100	65	2	58	154	24	122	7.49e-08	51.2
KFOEIPKB_00685	MER0000459	23.744	219	131	8	32	247	6	191	1.90e-07	49.7
KFOEIPKB_00724	MER0192051	25.143	175	128	2	18	189	96	270	1.76e-11	60.1
KFOEIPKB_00724	MER0191412	20.000	230	132	5	16	193	17	246	1.97e-08	50.8
KFOEIPKB_00726	MER0006198	38.012	513	312	4	175	681	1	513	1.28e-129	390
KFOEIPKB_00726	MER0035254	26.134	551	352	17	175	682	1	539	2.41e-48	175
KFOEIPKB_00726	MER0030255	23.826	575	351	20	175	686	1	551	2.76e-30	122
KFOEIPKB_00726	MER0003339	23.209	349	242	10	175	515	1	331	6.61e-18	84.3
KFOEIPKB_00726	MER0003306	25.591	254	171	9	175	420	1	244	2.76e-12	66.6
KFOEIPKB_00727	MER0492485	27.619	105	70	2	29	131	14	114	1.40e-08	48.9
KFOEIPKB_00728	MER0492485	30.464	151	96	3	23	168	3	149	1.28e-16	70.9
KFOEIPKB_00730	MER0005244	38.674	181	111	0	258	438	3	183	2.72e-37	132
KFOEIPKB_00730	MER0005241	31.441	229	133	7	256	464	1	225	5.00e-23	94.7
KFOEIPKB_00730	MER0001284	33.784	148	85	3	260	394	36	183	5.50e-18	80.5
KFOEIPKB_00730	MER0004514	34.951	103	59	1	260	354	36	138	1.89e-13	67.0
KFOEIPKB_00730	MER0005131	35.593	118	61	5	254	358	32	147	8.38e-12	62.0
KFOEIPKB_00730	MER0002104	34.188	117	65	4	259	368	66	177	4.17e-11	60.5
KFOEIPKB_00730	MER0100667	34.000	100	61	2	241	337	5	102	3.28e-10	57.0
KFOEIPKB_00730	MER0005238	35.246	122	67	5	254	368	61	177	8.33e-10	56.6
KFOEIPKB_00730	MER0002161	31.250	80	54	1	259	338	65	143	3.65e-08	51.6
KFOEIPKB_00730	MER0001289	25.949	158	102	5	186	343	2	144	1.27e-07	49.7
KFOEIPKB_00730	MER0015691	34.146	82	49	2	260	338	53	132	4.00e-07	48.1
KFOEIPKB_00730	MER0001288	29.000	100	67	3	238	337	2	97	7.69e-07	47.0
KFOEIPKB_00730	MER0037181	30.000	80	55	1	259	338	65	143	1.06e-06	47.0
KFOEIPKB_00730	MER0005139	32.530	83	50	2	260	338	63	143	1.18e-06	47.0
KFOEIPKB_00730	MER0015336	34.146	82	49	2	260	338	62	141	1.54e-06	46.2
KFOEIPKB_00730	MER0001911	31.683	101	67	1	257	357	38	136	2.37e-06	45.8
KFOEIPKB_00730	MER0005149	30.864	81	54	1	260	338	65	145	3.05e-06	45.8
KFOEIPKB_00786	MER0001244	42.146	261	139	3	228	476	1	261	1.81e-64	207
KFOEIPKB_00786	MER0013463	37.692	260	150	4	229	477	2	260	6.45e-51	171
KFOEIPKB_00786	MER0028601	39.326	267	143	7	228	476	1	266	3.34e-47	161
KFOEIPKB_00786	MER0001733	31.560	282	150	5	228	466	1	282	5.70e-36	132
KFOEIPKB_00786	MER0004931	34.836	244	131	6	228	465	1	222	5.90e-35	127
KFOEIPKB_00786	MER0001248	32.800	250	121	7	273	476	4	252	6.34e-35	128
KFOEIPKB_00786	MER0005462	28.400	250	150	7	228	471	1	227	5.00e-28	108
KFOEIPKB_00786	MER0004532	32.353	238	132	6	228	459	1	215	1.88e-26	104
KFOEIPKB_00786	MER0005715	33.333	240	128	12	229	458	2	219	1.93e-21	90.1
KFOEIPKB_00786	MER0002038	32.636	239	132	7	229	460	2	218	1.84e-20	87.0
KFOEIPKB_00786	MER0001250	25.795	283	163	10	230	467	3	283	1.63e-16	76.6
KFOEIPKB_00786	MER0004321	32.258	186	87	10	286	456	65	226	6.43e-13	65.5
KFOEIPKB_00786	MER0027437	30.097	206	103	9	263	452	42	222	1.93e-11	61.2
KFOEIPKB_00786	MER0016544	29.448	163	84	7	286	432	85	232	1.56e-08	52.8
KFOEIPKB_00786	MER0003105	30.808	198	86	11	286	460	67	236	3.93e-08	51.2
KFOEIPKB_00786	MER0002039	27.869	183	100	9	286	458	65	225	3.56e-07	48.1
KFOEIPKB_00786	MER0014518	30.233	172	78	9	286	435	66	217	5.53e-07	47.8
KFOEIPKB_00821	MER0003338	60.741	135	53	0	221	355	1	135	4.51e-52	166
KFOEIPKB_00821	MER0003303	54.478	134	58	2	221	354	1	131	1.45e-39	134
KFOEIPKB_00821	MER0013976	50.794	126	59	2	221	346	1	123	7.38e-34	118
KFOEIPKB_00821	MER0017622	27.170	265	160	5	43	291	1	248	5.47e-25	99.0
KFOEIPKB_00821	MER0003336	46.479	71	38	0	221	291	1	71	2.50e-14	66.6
KFOEIPKB_00821	MER0034967	25.373	201	110	6	104	281	1	184	8.64e-11	57.8
KFOEIPKB_00821	MER0016969	37.179	78	43	1	221	292	1	78	1.55e-10	56.6
KFOEIPKB_00821	MER0011465	41.667	60	35	0	221	280	1	60	1.39e-08	50.1
KFOEIPKB_00821	MER0003299	38.372	86	52	1	221	306	1	85	1.39e-08	50.1
KFOEIPKB_00835	MER0011781	23.158	285	153	12	38	320	17	237	9.46e-08	50.4
KFOEIPKB_00835	MER0004101	22.535	284	156	11	38	320	17	237	1.69e-06	46.6
KFOEIPKB_00909	MER0065588	43.367	196	108	3	1	193	1	196	2.58e-50	158
KFOEIPKB_00909	MER0001429	27.219	169	79	7	50	183	104	263	7.42e-06	42.4
KFOEIPKB_00928	MER0061102	31.395	172	86	5	66	227	10	159	3.00e-18	80.1
KFOEIPKB_00943	MER0002161	28.627	255	127	10	57	303	14	221	2.35e-14	69.3
KFOEIPKB_00943	MER0015691	38.983	118	62	3	108	223	41	150	1.91e-13	66.2
KFOEIPKB_00943	MER0004514	27.451	204	123	8	118	314	35	220	1.51e-12	63.5
KFOEIPKB_00943	MER0005139	37.273	110	59	3	118	225	62	163	1.54e-12	63.9
KFOEIPKB_00943	MER0037181	26.531	294	147	10	70	338	27	276	1.17e-10	58.5
KFOEIPKB_00943	MER0100667	27.004	237	119	9	117	338	22	219	1.76e-10	57.0
KFOEIPKB_00943	MER0001284	26.471	204	130	7	118	318	35	221	2.81e-10	57.0
KFOEIPKB_00943	MER0005238	31.298	131	80	3	94	222	41	163	1.50e-09	55.1
KFOEIPKB_00943	MER0001289	31.429	140	77	5	92	225	33	159	9.18e-09	52.8
KFOEIPKB_00943	MER0194228	38.356	73	39	2	154	225	16	83	3.38e-08	50.1
KFOEIPKB_00943	MER0005239	33.028	109	63	3	117	223	67	167	3.61e-08	50.8
KFOEIPKB_00943	MER0005149	34.862	109	61	4	118	224	64	164	4.44e-08	50.8
KFOEIPKB_00943	MER0015336	31.429	105	63	2	119	222	62	158	1.47e-07	48.9
KFOEIPKB_00943	MER0005241	35.165	91	49	3	117	204	3	86	1.52e-07	48.5
KFOEIPKB_00943	MER0005152	31.461	89	53	1	119	207	60	140	2.08e-07	48.5
KFOEIPKB_00943	MER0002104	31.429	105	63	3	119	222	67	163	2.67e-07	48.1
KFOEIPKB_00955	MER0000392	52.128	282	125	4	438	710	3	283	7.06e-103	313
KFOEIPKB_00955	MER0005694	52.190	274	130	1	426	699	1	273	8.01e-99	303
KFOEIPKB_00955	MER0015621	51.439	278	118	4	438	699	13	289	5.04e-95	293
KFOEIPKB_00955	MER0022823	54.478	268	115	6	438	699	3	269	1.44e-94	291
KFOEIPKB_00955	MER0011450	51.292	271	121	5	438	699	3	271	5.60e-89	277
KFOEIPKB_00955	MER0981959	48.387	279	126	5	437	699	1	277	8.48e-88	274
KFOEIPKB_00955	MER0002490	48.264	288	120	6	438	699	13	297	9.00e-88	275
KFOEIPKB_00955	MER0079308	50.752	266	127	4	441	704	6	269	1.59e-87	273
KFOEIPKB_00955	MER0325901	44.161	274	148	5	438	707	1	273	1.60e-71	231
KFOEIPKB_00955	MER0000398	45.247	263	131	8	442	704	4	253	5.52e-62	205
KFOEIPKB_00955	MER0003229	35.821	268	164	5	438	704	11	271	8.21e-51	175
KFOEIPKB_00955	MER0000410	30.686	277	186	4	438	711	13	286	1.75e-40	147
KFOEIPKB_00955	MER0011872	29.496	278	188	5	434	705	9	284	1.98e-30	118
KFOEIPKB_00955	MER0082498	30.180	222	145	4	452	663	12	233	3.18e-26	105
KFOEIPKB_00955	MER0082653	27.200	250	160	7	452	680	16	264	8.02e-24	99.0
KFOEIPKB_00955	MER0004227	30.500	200	135	2	452	648	33	231	1.70e-22	95.5
KFOEIPKB_00955	MER0005807	24.364	275	194	7	410	684	1	261	1.52e-09	56.6
KFOEIPKB_00955	MER0001920	25.541	231	156	9	477	699	21	243	6.66e-07	48.1
KFOEIPKB_00955	MER0003558	23.333	180	127	4	475	650	39	211	8.37e-06	44.7
KFOEIPKB_00986	MER0000441	21.709	433	299	15	48	457	16	431	2.69e-12	65.5
KFOEIPKB_00986	MER0004231	22.595	447	291	19	44	450	7	438	7.12e-12	63.9
KFOEIPKB_00986	MER0000439	25.131	191	129	5	47	226	14	201	1.87e-10	59.7
KFOEIPKB_00986	MER0000440	19.274	441	304	14	45	450	14	437	3.90e-10	58.5
KFOEIPKB_00994	MER0281397	29.858	211	115	6	120	308	2	201	1.21e-19	83.6
KFOEIPKB_00994	MER0028284	22.727	308	184	13	115	393	48	330	3.33e-08	51.6
KFOEIPKB_00994	MER0011700	24.378	201	129	7	78	265	20	210	9.78e-07	47.0
KFOEIPKB_00994	MER0122661	22.222	270	163	8	66	309	7	255	8.00e-06	44.3
KFOEIPKB_00995	MER0011700	28.417	278	157	8	8	246	73	347	9.88e-27	103
KFOEIPKB_00995	MER1143079	29.845	258	135	7	1	244	58	283	3.10e-22	90.1
KFOEIPKB_00995	MER0140154	25.436	287	165	9	4	247	54	334	3.78e-22	90.9
KFOEIPKB_00995	MER0002489	29.545	264	142	11	1	232	72	323	1.43e-20	86.7
KFOEIPKB_00995	MER0003802	29.101	189	124	4	1	188	65	244	6.45e-17	75.9
KFOEIPKB_00995	MER0026262	25.725	276	175	12	1	254	66	333	3.60e-16	74.3
KFOEIPKB_00995	MER0028284	25.882	255	168	8	4	246	68	313	3.40e-13	65.5
KFOEIPKB_00995	MER0000459	25.373	201	132	6	1	187	72	268	4.37e-13	65.1
KFOEIPKB_00995	MER0122661	25.532	235	146	5	1	214	66	292	4.45e-13	65.1
KFOEIPKB_00995	MER0005923	35.345	116	69	3	57	169	203	315	5.68e-13	65.1
KFOEIPKB_00995	MER0005964	23.358	274	176	9	4	251	73	338	1.94e-12	63.2
KFOEIPKB_00995	MER0006204	34.783	138	66	6	1	119	70	202	1.65e-10	57.4
KFOEIPKB_00995	MER0004154	22.951	244	163	9	1	226	65	301	2.62e-10	57.0
KFOEIPKB_00995	MER0005925	23.581	229	152	8	31	247	106	323	2.99e-10	56.6
KFOEIPKB_00995	MER0017069	31.746	126	75	4	1	119	60	181	3.49e-10	56.6
KFOEIPKB_00995	MER0004090	23.810	126	87	2	3	119	83	208	4.09e-08	50.4
KFOEIPKB_00995	MER0354941	28.972	107	67	3	3	100	70	176	1.73e-07	47.4
KFOEIPKB_00995	MER0005836	30.693	101	60	2	31	126	112	207	5.77e-07	46.2
KFOEIPKB_00995	MER0017074	32.143	84	53	2	8	90	78	158	3.44e-06	44.3
KFOEIPKB_00995	MER0219770	24.775	222	138	9	3	208	66	274	4.30e-06	43.9
KFOEIPKB_00995	MER0000457	44.000	50	25	1	70	116	137	186	4.43e-06	43.9
KFOEIPKB_01013	MER0014418	28.706	425	242	9	18	434	4	375	2.38e-44	156
KFOEIPKB_01013	MER0002013	30.201	298	184	11	35	317	21	309	6.22e-19	85.5
KFOEIPKB_01013	MER0005155	26.882	279	180	11	29	293	8	276	5.31e-14	70.1
KFOEIPKB_01013	MER0002664	32.237	152	90	5	26	177	2	140	2.08e-13	67.4
KFOEIPKB_01013	MER0003581	29.218	243	156	6	76	305	1	240	1.40e-12	65.5
KFOEIPKB_01013	MER0002655	25.180	278	183	10	31	293	9	276	2.42e-12	65.1
KFOEIPKB_01013	MER0002007	22.000	300	207	10	32	314	18	307	9.31e-10	57.0
KFOEIPKB_01013	MER0005163	28.387	155	106	3	44	198	21	170	1.57e-09	55.5
KFOEIPKB_01013	MER0021873	31.959	97	47	2	92	185	3	83	7.53e-08	49.7
KFOEIPKB_01013	MER0005173	29.677	155	102	4	32	185	2	150	9.08e-08	50.8
KFOEIPKB_01021	MER0001423	65.517	232	80	0	489	720	1	232	1.14e-113	340
KFOEIPKB_01021	MER0000399	43.411	258	134	8	473	724	8	259	2.47e-64	212
KFOEIPKB_01021	MER0058228	41.079	241	139	3	486	724	3	242	6.49e-60	199
KFOEIPKB_01021	MER0000401	41.365	249	133	6	484	724	18	261	1.00e-59	199
KFOEIPKB_01021	MER0000405	39.098	266	145	9	466	718	2	263	1.97e-56	191
KFOEIPKB_01021	MER0005196	38.261	230	141	1	490	719	22	250	3.10e-56	189
KFOEIPKB_01021	MER0011413	41.284	218	124	2	490	703	4	221	8.47e-55	185
KFOEIPKB_01021	MER0011305	43.460	237	125	6	493	724	23	255	1.34e-53	182
KFOEIPKB_01021	MER0004504	39.224	232	133	4	493	717	2	232	5.41e-53	180
KFOEIPKB_01021	MER0013484	39.827	231	131	3	490	712	4	234	1.15e-51	176
KFOEIPKB_01021	MER0004923	39.316	234	138	2	492	721	57	290	5.60e-51	176
KFOEIPKB_01021	MER0000404	38.683	243	137	6	482	716	18	256	9.78e-50	172
KFOEIPKB_01021	MER0005987	36.576	257	153	6	474	724	10	262	3.34e-49	171
KFOEIPKB_01021	MER0004921	35.833	240	141	5	490	722	4	237	2.00e-48	167
KFOEIPKB_01021	MER0011231	37.500	256	146	8	478	725	13	262	9.15e-47	164
KFOEIPKB_01021	MER0005994	33.858	254	160	5	475	722	11	262	5.24e-44	156
KFOEIPKB_01021	MER0000403	30.739	257	171	4	473	724	8	262	2.59e-42	151
KFOEIPKB_01021	MER0004193	36.752	234	141	5	490	720	3	232	5.05e-42	150
KFOEIPKB_01021	MER0192427	36.916	214	128	3	493	703	69	278	7.71e-40	145
KFOEIPKB_01021	MER0004199	34.335	233	139	8	497	724	1	224	2.98e-36	133
KFOEIPKB_01021	MER0195666	32.653	245	151	6	490	725	1	240	8.19e-36	132
KFOEIPKB_01021	MER0003361	29.060	234	147	6	476	701	5	227	3.21e-27	107
KFOEIPKB_01021	MER0005988	33.636	110	72	1	595	703	2	111	3.47e-18	77.8
KFOEIPKB_01021	MER0003558	23.944	213	150	2	503	708	39	246	2.03e-17	79.7
KFOEIPKB_01021	MER0034615	27.234	235	152	4	482	703	2	230	9.87e-16	74.3
KFOEIPKB_01021	MER0005807	28.155	206	135	6	503	703	62	259	3.38e-14	70.5
KFOEIPKB_01021	MER0018170	24.091	220	145	5	498	702	20	232	2.50e-13	67.4
KFOEIPKB_01021	MER0140224	25.822	213	139	4	504	703	13	219	2.41e-12	64.3
KFOEIPKB_01021	MER0000408	21.757	239	167	6	479	703	1	233	6.65e-11	60.1
KFOEIPKB_01021	MER0030932	31.293	147	82	4	568	701	84	224	2.41e-10	58.5
KFOEIPKB_01021	MER0017401	25.600	250	159	10	485	719	2	239	7.75e-10	57.0
KFOEIPKB_01021	MER0006027	22.523	222	151	5	496	703	24	238	6.32e-09	54.3
KFOEIPKB_01021	MER0015682	24.324	222	156	6	503	719	90	304	1.40e-08	53.9
KFOEIPKB_01021	MER0004925	24.797	246	163	6	482	712	12	250	1.02e-07	50.8
KFOEIPKB_01021	MER0000263	21.849	238	154	7	485	703	1	225	1.44e-07	50.1
KFOEIPKB_01021	MER0014827	25.610	246	161	7	482	712	12	250	1.77e-07	50.1
KFOEIPKB_01021	MER0126485	23.952	167	117	4	544	702	52	216	8.05e-07	47.8
KFOEIPKB_01021	MER0001920	19.608	204	151	1	532	722	43	246	1.10e-06	47.4
KFOEIPKB_01024	MER0004893	36.000	100	63	1	254	353	1	99	4.56e-15	68.2
KFOEIPKB_01024	MER0079705	34.821	112	68	2	254	363	1	109	1.23e-14	66.6
KFOEIPKB_01024	MER0013629	41.667	108	59	2	254	357	1	108	7.56e-14	65.1
KFOEIPKB_01034	MER0003338	62.406	133	50	0	194	326	1	133	3.64e-53	168
KFOEIPKB_01034	MER0003303	57.895	133	53	2	194	326	1	130	4.56e-42	139
KFOEIPKB_01034	MER0013976	53.719	121	53	2	194	314	1	118	4.15e-34	118
KFOEIPKB_01034	MER0017622	28.340	247	146	6	24	251	1	235	1.33e-22	92.0
KFOEIPKB_01034	MER0003336	39.167	120	70	2	194	313	1	117	7.97e-18	75.9
KFOEIPKB_01034	MER0016969	41.892	74	37	1	194	261	1	74	4.62e-11	57.8
KFOEIPKB_01034	MER0034967	27.094	203	105	6	85	256	1	191	2.61e-09	53.1
KFOEIPKB_01034	MER0011465	29.752	121	81	3	194	312	1	119	3.69e-08	48.9
KFOEIPKB_01034	MER0003299	40.909	66	39	0	194	259	1	66	1.15e-07	47.4
KFOEIPKB_01035	MER0005768	35.391	243	151	2	18	260	13	249	3.89e-45	150
KFOEIPKB_01084	MER0000474	55.155	194	86	1	32	224	14	207	2.35e-74	221
KFOEIPKB_01084	MER0005687	49.065	214	98	3	10	221	3	207	8.13e-66	199
KFOEIPKB_01084	MER0002299	49.206	189	96	0	36	224	12	200	1.08e-61	189
KFOEIPKB_01084	MER0002211	48.404	188	97	0	34	221	16	203	1.50e-60	186
KFOEIPKB_01084	MER0006046	47.340	188	99	0	34	221	16	203	2.24e-60	185
KFOEIPKB_01084	MER0006063	49.419	172	87	0	50	221	33	204	1.12e-58	181
KFOEIPKB_01084	MER0004857	48.454	194	98	2	30	222	12	204	2.87e-58	180
KFOEIPKB_01084	MER0004847	48.936	188	95	1	36	222	18	205	1.53e-54	171
KFOEIPKB_01084	MER0004855	45.665	173	94	0	49	221	33	205	5.27e-54	169
KFOEIPKB_01084	MER0006056	48.256	172	88	1	50	221	37	207	8.89e-52	164
KFOEIPKB_01084	MER0004182	42.775	173	99	0	49	221	27	199	4.36e-45	146
KFOEIPKB_01084	MER0006308	37.059	170	106	1	50	218	22	191	3.20e-42	139
KFOEIPKB_01084	MER0011666	40.588	170	97	4	55	221	17	185	7.50e-38	127
KFOEIPKB_01084	MER0001369	41.975	81	45	1	76	156	52	130	4.99e-07	44.7
KFOEIPKB_01088	MER0031610	34.749	259	159	6	4	253	43	300	1.15e-40	139
KFOEIPKB_01088	MER0014065	34.821	112	67	4	1	107	20	130	6.93e-11	58.2
KFOEIPKB_01088	MER0017193	31.313	99	66	2	9	105	21	119	2.94e-10	56.2
KFOEIPKB_01088	MER0031617	25.095	263	157	11	9	243	30	280	8.51e-08	48.9
KFOEIPKB_01088	MER0044858	24.719	267	160	13	15	243	57	320	1.05e-07	48.9
KFOEIPKB_01088	MER0036115	24.096	166	108	5	11	166	33	190	1.48e-07	48.1
KFOEIPKB_01088	MER0026339	31.818	88	59	1	10	96	21	108	3.16e-07	47.0
KFOEIPKB_01088	MER0000437	21.951	287	183	10	3	255	16	295	1.73e-06	45.1
KFOEIPKB_01088	MER0017177	22.857	105	78	1	1	102	22	126	2.49e-06	44.7
KFOEIPKB_01088	MER0031619	26.744	172	112	5	10	172	25	191	2.63e-06	44.3
KFOEIPKB_01088	MER0031614	30.097	103	68	2	14	112	84	186	3.75e-06	43.9
KFOEIPKB_01088	MER0034563	29.126	103	70	2	11	112	13	113	4.97e-06	43.5
KFOEIPKB_01088	MER0011509	24.468	282	161	13	13	255	38	306	7.31e-06	43.1
KFOEIPKB_01107	MER0033186	38.125	320	190	4	67	381	1	317	2.41e-65	208
KFOEIPKB_01127	MER0065554	45.660	265	133	2	282	536	2	265	6.47e-82	254
KFOEIPKB_01127	MER0437468	38.395	349	199	7	198	531	1	348	1.40e-72	232
KFOEIPKB_01127	MER0436717	34.586	399	191	9	198	531	1	394	6.78e-61	203
KFOEIPKB_01127	MER0031278	26.357	258	139	12	305	541	27	254	1.08e-07	50.1
KFOEIPKB_01145	MER0033254	33.333	147	91	5	20	161	14	158	1.38e-17	79.7
KFOEIPKB_01145	MER0034539	33.835	133	85	3	24	155	23	153	7.62e-17	76.6
KFOEIPKB_01147	MER0001284	32.468	154	89	4	65	216	4	144	2.31e-14	69.7
KFOEIPKB_01147	MER0004514	31.731	104	69	1	109	210	36	139	2.62e-11	60.5
KFOEIPKB_01147	MER0100667	32.836	134	75	4	102	228	17	142	8.59e-10	55.5
KFOEIPKB_01147	MER0005239	25.105	239	144	7	109	341	69	278	6.09e-06	44.7
KFOEIPKB_01156	MER0021822	28.228	333	179	10	126	424	8	314	3.74e-28	113
KFOEIPKB_01156	MER0001212	30.565	301	157	12	129	407	10	280	4.15e-27	109
KFOEIPKB_01156	MER0001608	30.603	232	122	6	126	350	5	204	1.84e-26	107
KFOEIPKB_01156	MER0011153	29.167	240	128	8	140	371	22	227	2.30e-25	104
KFOEIPKB_01156	MER0011257	28.972	321	171	14	127	426	8	292	7.55e-25	102
KFOEIPKB_01156	MER0013421	25.795	283	163	8	126	391	8	260	5.96e-24	100
KFOEIPKB_01156	MER0011253	27.410	332	188	13	126	438	8	305	2.11e-23	98.6
KFOEIPKB_01156	MER0001196	28.070	285	166	9	165	427	26	293	2.66e-22	95.1
KFOEIPKB_01156	MER0011155	31.010	287	143	12	140	408	22	271	6.95e-22	94.0
KFOEIPKB_01156	MER0003004	26.846	298	162	10	127	394	3	274	2.22e-21	92.8
KFOEIPKB_01156	MER0003908	28.731	268	145	10	124	375	5	242	2.49e-20	89.7
KFOEIPKB_01156	MER0004975	28.333	240	129	8	126	355	8	214	8.37e-20	88.2
KFOEIPKB_01156	MER0011254	27.893	337	170	15	130	436	12	305	8.89e-20	87.8
KFOEIPKB_01156	MER0005813	31.138	167	89	3	205	358	72	225	9.13e-20	88.2
KFOEIPKB_01156	MER0016044	29.388	245	132	10	205	426	70	296	1.30e-19	87.4
KFOEIPKB_01156	MER0001190	27.917	240	135	7	126	358	8	216	1.46e-19	87.0
KFOEIPKB_01156	MER0001191	28.333	240	134	7	126	358	8	216	1.99e-19	86.7
KFOEIPKB_01156	MER0003003	28.800	250	134	8	127	358	9	232	4.03e-19	86.3
KFOEIPKB_01156	MER0001189	26.481	287	169	12	184	446	42	310	4.25e-19	85.9
KFOEIPKB_01156	MER0011258	28.980	245	125	9	205	424	130	350	6.47e-19	86.3
KFOEIPKB_01156	MER0011256	27.928	333	183	15	130	439	1	299	2.17e-18	83.6
KFOEIPKB_01156	MER0005814	30.097	206	111	6	205	390	71	263	4.76e-18	82.8
KFOEIPKB_01156	MER0045266	33.333	189	97	8	173	350	35	205	7.14e-18	82.4
KFOEIPKB_01156	MER0023950	28.395	243	127	9	126	350	7	220	3.42e-17	80.5
KFOEIPKB_01156	MER0011311	28.000	300	172	13	131	412	7	280	8.55e-17	79.0
KFOEIPKB_01156	MER0003006	25.161	310	173	12	137	424	1	273	2.00e-16	77.8
KFOEIPKB_01156	MER0011312	30.508	236	130	11	176	393	44	263	2.16e-16	77.8
KFOEIPKB_01156	MER0011506	29.870	231	116	9	130	350	12	206	3.92e-16	77.0
KFOEIPKB_01156	MER0011260	25.385	260	144	9	130	373	12	237	1.82e-15	75.1
KFOEIPKB_01156	MER0011308	30.043	233	118	9	134	356	16	213	1.24e-14	72.4
KFOEIPKB_01156	MER0011307	26.298	289	159	13	124	396	4	254	2.16e-14	71.6
KFOEIPKB_01156	MER0011412	27.679	224	123	7	192	394	50	255	4.84e-14	70.5
KFOEIPKB_01156	MER0011681	29.825	171	90	6	205	356	69	228	6.81e-14	70.5
KFOEIPKB_01156	MER0011485	30.500	200	101	10	173	356	40	217	7.61e-14	70.1
KFOEIPKB_01156	MER0002357	31.868	182	92	7	205	367	71	239	1.29e-13	69.7
KFOEIPKB_01156	MER0013471	27.111	225	118	7	127	348	8	189	1.96e-13	69.7
KFOEIPKB_01156	MER0037222	25.652	230	129	7	130	349	12	209	4.23e-13	67.8
KFOEIPKB_01156	MER0017121	25.957	235	142	7	131	358	7	216	6.13e-13	67.4
KFOEIPKB_01156	MER0001198	26.577	222	132	5	173	374	40	250	8.98e-13	67.0
KFOEIPKB_01156	MER0004959	26.724	232	124	8	140	365	21	212	1.49e-12	67.0
KFOEIPKB_01156	MER0011255	24.576	236	137	9	130	354	12	217	1.63e-12	66.2
KFOEIPKB_01156	MER0001193	28.910	211	123	7	160	358	24	219	2.18e-12	65.9
KFOEIPKB_01156	MER0003428	22.741	321	191	13	131	418	12	308	9.37e-12	63.9
KFOEIPKB_01156	MER0013456	28.571	161	94	5	205	357	69	216	1.91e-11	62.8
KFOEIPKB_01156	MER0003889	30.151	199	112	7	176	358	43	230	3.10e-11	63.2
KFOEIPKB_01156	MER0001202	26.016	369	229	15	145	486	12	363	6.53e-10	58.9
KFOEIPKB_01156	MER0003495	24.315	292	167	9	173	435	40	306	8.18e-10	58.2
KFOEIPKB_01156	MER0005410	24.727	275	161	12	182	418	49	315	1.80e-09	57.4
KFOEIPKB_01156	MER0001207	33.028	109	70	2	173	281	40	145	3.03e-09	56.6
KFOEIPKB_01156	MER0015121	27.660	141	82	3	141	281	15	135	4.69e-09	55.8
KFOEIPKB_01156	MER0013404	23.723	274	165	11	182	418	49	315	4.86e-09	56.2
KFOEIPKB_01156	MER0030212	22.344	273	161	7	173	418	40	288	4.94e-09	55.8
KFOEIPKB_01156	MER0001625	29.600	125	80	2	595	719	358	474	3.70e-08	53.5
KFOEIPKB_01156	MER0002356	27.111	225	120	8	133	355	14	196	1.43e-07	50.8
KFOEIPKB_01156	MER0001205	21.661	277	158	8	173	421	40	285	2.51e-07	50.1
KFOEIPKB_01156	MER0004964	29.508	122	72	2	130	251	11	118	4.32e-07	48.1
KFOEIPKB_01156	MER0011251	22.656	256	156	10	130	373	11	236	7.37e-07	48.5
KFOEIPKB_01156	MER0001505	26.394	269	141	12	131	378	10	242	1.55e-06	47.4
KFOEIPKB_01157	MER0042827	54.167	96	44	0	983	1078	1	96	1.34e-28	107
KFOEIPKB_01172	MER0017374	34.199	231	132	8	53	273	21	241	1.19e-29	109
KFOEIPKB_01172	MER0017244	32.895	228	140	6	51	273	42	261	1.43e-29	109
KFOEIPKB_01172	MER0017250	33.486	218	127	7	62	271	11	218	1.22e-27	103
KFOEIPKB_01172	MER0031566	31.674	221	139	6	58	273	7	220	7.63e-27	101
KFOEIPKB_01172	MER0017256	32.273	220	131	7	62	273	50	259	1.52e-26	101
KFOEIPKB_01172	MER0017377	32.751	229	134	8	55	273	2	220	1.98e-25	97.8
KFOEIPKB_01172	MER0035184	31.651	218	129	9	49	259	1	205	1.52e-24	95.1
KFOEIPKB_01172	MER0031568	31.364	220	133	7	62	273	11	220	8.25e-24	93.2
KFOEIPKB_01172	MER0035185	29.952	207	125	6	61	259	11	205	1.41e-23	92.8
KFOEIPKB_01172	MER0017371	31.858	226	132	10	59	273	6	220	3.34e-23	91.7
KFOEIPKB_01172	MER0017353	31.313	198	118	7	84	273	33	220	1.20e-22	90.1
KFOEIPKB_01172	MER0017367	31.472	197	119	7	84	273	33	220	4.93e-22	88.6
KFOEIPKB_01172	MER0017375	29.952	207	124	7	74	274	30	221	1.12e-21	87.8
KFOEIPKB_01172	MER0017373	33.333	186	105	7	62	238	11	186	1.29e-21	86.7
KFOEIPKB_01172	MER0017248	25.769	260	164	8	15	256	5	253	1.56e-21	88.2
KFOEIPKB_01172	MER0017368	30.270	185	107	5	83	246	32	215	2.18e-21	87.4
KFOEIPKB_01172	MER0017378	27.984	243	134	7	62	273	11	243	1.47e-20	85.1
KFOEIPKB_01172	MER0017243	26.866	201	123	4	78	255	95	294	1.63e-20	86.3
KFOEIPKB_01172	MER0017240	28.571	168	112	3	115	274	13	180	3.87e-20	82.4
KFOEIPKB_01172	MER0031564	30.870	230	139	8	54	274	3	221	4.06e-20	83.6
KFOEIPKB_01172	MER0017246	28.517	263	157	13	26	258	16	277	2.05e-19	82.8
KFOEIPKB_01172	MER0017242	27.407	270	182	7	17	273	10	278	4.54e-19	81.6
KFOEIPKB_01172	MER0017239	28.873	284	163	14	20	272	34	309	7.70e-19	81.3
KFOEIPKB_01172	MER0033244	28.962	183	108	6	83	244	32	213	3.77e-17	75.9
KFOEIPKB_01172	MER0031557	28.191	188	118	6	83	263	60	237	2.46e-15	70.9
KFOEIPKB_01172	MER0031558	31.868	182	93	8	83	238	53	229	3.71e-15	70.5
KFOEIPKB_01172	MER0017355	29.310	174	105	6	56	216	3	171	1.35e-14	67.0
KFOEIPKB_01172	MER0031556	26.486	185	126	5	83	260	60	241	4.90e-14	67.4
KFOEIPKB_01172	MER0034962	26.442	208	124	6	69	259	14	209	2.88e-12	61.6
KFOEIPKB_01172	MER0031551	25.926	162	103	5	58	203	2	162	2.33e-08	50.4
KFOEIPKB_01172	MER0066184	22.535	213	141	6	67	256	16	227	3.74e-08	50.1
KFOEIPKB_01172	MER0031552	26.738	187	103	10	74	233	19	198	1.54e-07	48.1
KFOEIPKB_01172	MER0031618	28.467	137	85	4	80	207	32	164	3.40e-07	47.4
KFOEIPKB_01172	MER0031614	30.337	89	59	2	83	169	83	170	1.12e-06	45.8
KFOEIPKB_01173	MER0017256	28.959	221	129	6	54	261	50	255	8.28e-21	86.7
KFOEIPKB_01173	MER0017375	29.082	196	130	5	65	257	23	212	3.46e-20	84.0
KFOEIPKB_01173	MER0035185	28.037	214	143	6	43	253	2	207	6.50e-20	83.2
KFOEIPKB_01173	MER0017250	27.650	217	129	6	54	257	11	212	1.57e-19	82.0
KFOEIPKB_01173	MER0017353	26.442	208	144	5	65	269	23	224	3.56e-19	81.3
KFOEIPKB_01173	MER0017367	26.442	208	144	5	65	269	23	224	1.57e-18	79.3
KFOEIPKB_01173	MER0031566	27.835	194	113	5	77	257	33	212	3.51e-18	78.6
KFOEIPKB_01173	MER0017248	26.038	265	167	10	8	258	12	261	4.13e-18	79.3
KFOEIPKB_01173	MER0017243	28.796	191	110	4	101	265	127	317	6.05e-18	79.3
KFOEIPKB_01173	MER0017377	28.372	215	138	6	54	261	11	216	6.16e-18	77.8
KFOEIPKB_01173	MER0017368	25.000	188	111	5	71	233	27	209	1.04e-17	77.8
KFOEIPKB_01173	MER0017244	28.796	191	122	5	73	257	71	253	2.13e-17	77.0
KFOEIPKB_01173	MER0035184	26.776	183	126	3	77	256	33	210	1.47e-16	73.9
KFOEIPKB_01173	MER0017374	25.630	238	147	7	54	278	32	252	2.23e-16	73.9
KFOEIPKB_01173	MER0017373	27.168	173	99	5	77	236	33	191	3.79e-15	69.3
KFOEIPKB_01173	MER0017371	24.519	208	148	5	65	269	23	224	4.18e-15	70.1
KFOEIPKB_01173	MER0031568	25.789	190	130	5	73	257	29	212	4.66e-15	69.7
KFOEIPKB_01173	MER0017378	25.604	207	132	5	73	257	29	235	7.67e-15	69.7
KFOEIPKB_01173	MER0017246	24.891	229	135	10	54	248	59	284	1.21e-14	69.7
KFOEIPKB_01173	MER0031564	26.977	215	141	6	54	261	11	216	9.57e-14	66.2
KFOEIPKB_01173	MER0017240	31.169	154	92	5	108	250	13	163	1.28e-13	65.1
KFOEIPKB_01173	MER0031558	31.016	187	100	10	76	237	53	235	1.84e-13	66.2
KFOEIPKB_01173	MER0033244	26.816	179	109	5	76	233	32	209	4.37e-13	64.7
KFOEIPKB_01173	MER0017239	24.731	279	170	11	18	267	41	308	3.39e-12	62.8
KFOEIPKB_01173	MER0031557	25.366	205	126	7	53	246	48	236	3.72e-10	56.2
KFOEIPKB_01173	MER0017355	26.515	132	94	2	55	183	10	141	4.48e-09	51.6
KFOEIPKB_01173	MER0031556	21.586	227	155	7	41	246	19	243	7.93e-09	52.4
KFOEIPKB_01173	MER0034962	23.810	189	121	6	69	251	38	209	1.90e-08	50.8
KFOEIPKB_01173	MER0017242	24.757	206	144	6	73	268	77	281	1.10e-07	48.9
KFOEIPKB_01203	MER0032370	31.599	269	107	7	1	262	140	338	5.67e-29	109
KFOEIPKB_01203	MER0006319	28.996	269	140	5	5	261	153	382	8.07e-26	101
KFOEIPKB_01203	MER0001260	24.254	268	131	5	1	264	148	347	8.66e-23	92.8
KFOEIPKB_01203	MER0013499	52.703	74	35	0	26	99	168	241	1.14e-21	89.7
KFOEIPKB_01203	MER0013499	37.500	80	49	1	182	260	258	337	4.37e-10	56.2
KFOEIPKB_01203	MER0011343	39.655	116	69	1	1	115	150	265	2.75e-21	89.0
KFOEIPKB_01203	MER0011422	28.409	264	120	7	1	261	156	353	2.96e-21	88.6
KFOEIPKB_01203	MER0015155	47.297	74	39	0	26	99	168	241	2.92e-20	85.9
KFOEIPKB_01203	MER0015155	37.662	77	47	1	182	257	258	334	1.71e-09	54.3
KFOEIPKB_01203	MER0013496	47.297	74	39	0	26	99	111	184	9.75e-20	84.3
KFOEIPKB_01203	MER0013496	36.250	80	50	1	182	260	201	280	6.49e-09	52.8
KFOEIPKB_01203	MER0013425	39.175	97	58	1	27	123	148	243	7.52e-17	75.5
KFOEIPKB_01203	MER0013425	33.333	72	46	2	179	249	233	303	9.36e-06	42.7
KFOEIPKB_01203	MER0013479	26.293	232	122	5	27	254	131	317	1.80e-16	74.7
KFOEIPKB_01203	MER0001265	34.783	92	57	1	27	115	182	273	6.93e-12	61.2
KFOEIPKB_01203	MER0026963	37.333	75	46	1	182	255	17	91	7.70e-10	52.0
KFOEIPKB_01233	MER0036036	27.099	262	160	9	2	257	5	241	6.97e-19	80.9
KFOEIPKB_01233	MER0045479	25.175	286	169	10	2	280	5	252	4.45e-18	78.6
KFOEIPKB_01233	MER0036038	24.151	265	160	9	22	280	23	252	2.03e-16	73.9
KFOEIPKB_01233	MER0031565	24.895	237	148	7	22	252	23	235	3.13e-16	73.6
KFOEIPKB_01233	MER0031569	24.364	275	170	10	12	280	9	251	1.17e-12	63.2
KFOEIPKB_01275	MER0195774	32.044	181	119	1	30	210	1	177	3.56e-30	112
KFOEIPKB_01275	MER0001233	27.354	223	141	7	30	240	2	215	4.87e-16	74.3
KFOEIPKB_01275	MER0001229	28.372	215	141	5	30	240	2	207	7.85e-16	73.2
KFOEIPKB_01275	MER0004423	33.987	153	93	4	70	221	33	178	1.20e-15	72.8
KFOEIPKB_01275	MER0043985	28.372	215	141	5	30	240	2	207	1.71e-15	72.8
KFOEIPKB_01275	MER0003543	25.837	209	147	4	30	237	2	203	9.01e-13	64.3
KFOEIPKB_01275	MER0122186	33.600	125	78	2	30	153	22	142	9.90e-11	58.2
KFOEIPKB_01275	MER0003448	23.113	212	158	2	30	241	2	208	2.87e-10	57.0
KFOEIPKB_01275	MER0015090	24.038	208	150	4	30	236	2	202	3.88e-09	53.5
KFOEIPKB_01275	MER0002283	38.889	90	49	3	29	116	25	110	1.57e-08	51.6
KFOEIPKB_01275	MER0002423	39.130	92	50	3	29	118	25	112	2.19e-08	51.2
KFOEIPKB_01275	MER0001214	31.206	141	90	5	15	153	11	146	8.03e-08	49.3
KFOEIPKB_01275	MER0390687	24.561	171	124	2	37	207	1	166	8.63e-08	48.5
KFOEIPKB_01275	MER0001220	25.112	223	128	9	43	246	1	203	1.25e-07	48.9
KFOEIPKB_01275	MER0003823	36.792	106	46	5	24	118	17	112	2.42e-07	48.1
KFOEIPKB_01275	MER0188967	23.664	262	174	8	70	308	3	261	2.81e-07	49.3
KFOEIPKB_01275	MER0001222	23.958	192	134	5	25	210	21	206	3.53e-07	47.8
KFOEIPKB_01275	MER0003386	35.955	89	51	3	30	116	26	110	3.96e-07	47.4
KFOEIPKB_01275	MER0001218	25.654	191	127	5	29	210	25	209	9.46e-07	46.2
KFOEIPKB_01275	MER0002345	28.079	203	117	8	24	210	20	209	1.77e-06	45.4
KFOEIPKB_01275	MER0169735	25.000	160	88	6	70	210	52	198	2.62e-06	45.1
KFOEIPKB_01275	MER0011192	31.395	86	56	3	70	153	17	101	4.80e-06	43.5
KFOEIPKB_01276	MER0237414	28.042	189	124	5	50	227	3	190	2.44e-13	67.0
KFOEIPKB_01276	MER0003448	25.121	207	147	4	47	246	1	206	9.53e-08	50.4
KFOEIPKB_01276	MER0003543	25.114	219	152	7	48	258	2	216	1.33e-07	50.1
KFOEIPKB_01276	MER0390687	28.704	108	73	1	83	186	30	137	2.07e-06	45.4
KFOEIPKB_01296	MER0073084	21.075	465	325	9	63	502	33	480	5.74e-24	102
KFOEIPKB_01296	MER0014496	22.192	365	223	16	270	596	260	601	5.67e-07	49.3
KFOEIPKB_01298	MER0005764	30.636	173	102	8	57	225	18	176	6.35e-11	60.8
KFOEIPKB_01298	MER0005778	28.834	163	99	6	68	225	27	177	2.83e-10	58.9
KFOEIPKB_01298	MER0006012	30.000	140	83	5	63	201	18	143	1.10e-09	53.9
KFOEIPKB_01298	MER0004615	29.050	179	105	9	39	212	2	163	2.99e-09	55.8
KFOEIPKB_01298	MER0000428	28.289	152	92	6	62	212	20	155	2.77e-08	52.8
KFOEIPKB_01298	MER0011754	28.000	175	100	7	62	225	22	181	9.05e-08	50.8
KFOEIPKB_01298	MER0004682	27.011	174	103	7	64	227	26	185	2.19e-07	49.7
KFOEIPKB_01298	MER0005701	28.655	171	103	7	62	225	22	180	2.80e-07	49.3
KFOEIPKB_01298	MER0016609	26.064	188	116	8	64	244	26	197	8.26e-07	48.1
KFOEIPKB_01298	MER0010960	26.994	163	95	8	51	208	16	159	8.73e-07	47.8
KFOEIPKB_01298	MER0005833	31.081	148	81	6	61	205	21	150	1.20e-06	47.4
KFOEIPKB_01298	MER0004128	31.395	172	96	7	81	245	603	759	1.28e-06	48.1
KFOEIPKB_01298	MER0004684	27.097	155	101	6	64	217	26	169	1.40e-06	47.4
KFOEIPKB_01298	MER0011762	26.667	180	108	9	60	228	20	186	5.12e-06	45.4
KFOEIPKB_01298	MER0006018	29.333	150	81	8	63	205	24	155	9.50e-06	44.7
KFOEIPKB_01318	MER0015142	26.698	427	269	9	81	499	110	500	2.11e-35	135
KFOEIPKB_01318	MER0026471	26.168	428	268	11	81	497	82	472	4.65e-35	134
KFOEIPKB_01318	MER0026494	25.581	430	270	13	81	499	79	469	3.05e-34	131
KFOEIPKB_01318	MER0003397	29.237	236	115	10	32	251	20	219	7.64e-12	63.2
KFOEIPKB_01330	MER0003018	45.872	218	116	2	90	305	1	218	1.70e-64	201
KFOEIPKB_01330	MER0041647	42.105	228	131	1	80	307	5	231	3.77e-54	176
KFOEIPKB_01330	MER0003859	31.381	239	118	10	81	303	14	222	4.00e-18	79.7
KFOEIPKB_01330	MER0017402	33.939	165	80	6	142	304	62	199	1.26e-16	75.1
KFOEIPKB_01330	MER0003359	34.211	114	59	2	192	305	124	221	1.53e-14	69.3
KFOEIPKB_01330	MER0000495	42.553	47	27	0	200	246	148	194	5.73e-06	43.9
KFOEIPKB_01398	MER0078640	37.293	362	200	7	11	360	1	347	7.35e-72	225
KFOEIPKB_01398	MER0060647	35.440	364	209	7	11	361	1	351	1.74e-65	209
KFOEIPKB_01398	MER0044812	42.742	248	124	5	138	371	1	244	4.29e-60	191
KFOEIPKB_01398	MER0043540	40.704	199	114	2	165	362	27	222	5.41e-53	172
KFOEIPKB_01398	MER0045945	41.827	208	116	4	161	368	15	217	9.45e-47	156
KFOEIPKB_01398	MER0046161	38.428	229	120	5	154	368	28	249	1.83e-44	152
KFOEIPKB_01398	MER0115185	53.191	141	64	1	219	359	5	143	6.75e-44	146
KFOEIPKB_01398	MER0436691	30.370	270	143	5	101	364	14	244	3.11e-39	137
KFOEIPKB_01398	MER0044882	28.846	156	98	6	202	346	3	156	1.61e-08	50.8
KFOEIPKB_01398	MER0045886	31.461	89	57	3	182	268	14	100	5.69e-06	43.9
KFOEIPKB_01398	MER0043394	24.113	141	97	4	212	346	12	148	6.58e-06	42.7
KFOEIPKB_01398	MER0045094	25.926	162	110	5	192	346	26	184	9.35e-06	43.5
KFOEIPKB_01403	MER0015475	34.286	175	82	8	52	208	40	199	7.36e-17	73.6
KFOEIPKB_01472	MER0054444	39.683	126	75	1	8	132	3	128	7.76e-31	105
KFOEIPKB_01500	MER0209507	32.051	78	53	0	103	180	9	86	2.31e-08	47.8
KFOEIPKB_01500	MER0200434	32.258	93	61	2	89	180	1	92	5.57e-07	43.9
KFOEIPKB_01500	MER0066178	31.250	80	54	1	90	169	93	171	1.84e-06	43.9
KFOEIPKB_01500	MER0213229	35.714	42	27	0	101	142	9	50	5.85e-06	41.2
KFOEIPKB_01502	MER0005767	24.335	263	164	8	56	315	28	258	7.56e-10	56.6
KFOEIPKB_01514	MER0003514	42.949	156	78	3	189	340	5	153	1.57e-34	125
KFOEIPKB_01514	MER0001297	39.873	158	92	1	186	343	2	156	8.85e-33	120
KFOEIPKB_01514	MER0001425	38.994	159	92	2	189	343	5	162	7.48e-28	106
KFOEIPKB_01514	MER0003413	34.899	149	95	1	189	337	5	151	8.31e-27	103
KFOEIPKB_01514	MER0015684	36.000	150	95	1	187	336	3	151	1.50e-25	100
KFOEIPKB_01514	MER0003065	34.868	152	96	1	189	340	5	153	3.08e-25	99.4
KFOEIPKB_01514	MER0005714	33.333	162	88	3	188	336	4	158	1.02e-24	98.2
KFOEIPKB_01514	MER0004195	35.000	160	96	2	185	341	1	155	1.47e-24	97.4
KFOEIPKB_01514	MER0004196	37.500	160	97	3	185	343	1	158	9.90e-24	95.1
KFOEIPKB_01514	MER0001295	30.058	173	97	4	186	341	2	167	4.01e-16	73.6
KFOEIPKB_01514	MER0195376	26.144	153	90	3	189	318	3	155	4.72e-06	44.3
KFOEIPKB_01556	MER0069741	44.444	117	63	2	181	297	50	164	8.41e-28	103
KFOEIPKB_01556	MER0003380	45.378	119	59	4	182	297	118	233	4.80e-25	98.2
KFOEIPKB_01556	MER0013541	48.837	86	43	1	201	286	1	85	1.28e-20	82.0
KFOEIPKB_01556	MER0015415	30.345	145	84	3	143	286	21	149	5.59e-17	74.3
KFOEIPKB_01556	MER0003423	36.290	124	74	2	180	298	11	134	3.14e-15	68.9
KFOEIPKB_01556	MER0003376	35.088	114	66	2	201	308	45	156	6.18e-15	68.6
KFOEIPKB_01556	MER0001419	36.290	124	74	2	180	298	11	134	2.43e-14	66.2
KFOEIPKB_01556	MER0003906	37.209	86	53	1	201	285	1	86	1.27e-12	60.5
KFOEIPKB_01556	MER0387040	36.275	102	63	2	201	301	1	101	5.21e-12	58.5
KFOEIPKB_01556	MER0066182	36.275	102	63	2	201	301	92	192	8.42e-11	57.4
KFOEIPKB_01556	MER0005300	32.292	96	64	1	203	298	67	161	1.47e-06	44.7
KFOEIPKB_01604	MER0011583	30.573	157	95	3	13	160	98	249	8.88e-20	80.1
KFOEIPKB_01604	MER0017401	26.573	143	103	2	1	142	82	223	2.90e-14	65.1
KFOEIPKB_01604	MER0000408	25.676	148	99	3	3	141	90	235	1.44e-13	63.2
KFOEIPKB_01604	MER0126485	27.737	137	92	3	7	139	84	217	4.92e-13	61.6
KFOEIPKB_01604	MER0015682	28.358	134	92	2	6	139	158	287	1.50e-12	60.8
KFOEIPKB_01604	MER0003558	25.316	158	115	2	1	157	102	257	3.32e-12	59.7
KFOEIPKB_01604	MER0140224	25.610	164	107	5	6	159	80	238	2.34e-11	57.0
KFOEIPKB_01604	MER0006027	24.342	152	106	4	14	157	105	255	4.61e-11	56.2
KFOEIPKB_01604	MER0034615	25.000	152	108	3	1	147	88	238	3.59e-10	53.9
KFOEIPKB_01604	MER0058228	26.087	161	108	5	1	159	89	240	1.94e-09	51.6
KFOEIPKB_01604	MER0000263	23.741	139	100	3	13	147	97	233	2.26e-09	51.6
KFOEIPKB_01604	MER0014827	27.500	160	104	6	4	160	111	261	5.18e-09	50.4
KFOEIPKB_01604	MER0016096	24.286	140	91	2	9	139	95	228	2.45e-08	48.5
KFOEIPKB_01604	MER0004925	25.000	160	108	6	4	160	111	261	5.90e-07	44.7
KFOEIPKB_01604	MER0005994	29.710	138	86	4	3	137	112	241	1.02e-06	43.9
KFOEIPKB_01604	MER0004199	26.712	146	93	4	12	154	86	220	3.12e-06	42.4
KFOEIPKB_01604	MER0001920	21.387	173	114	3	1	159	82	246	4.58e-06	42.0
KFOEIPKB_01638	MER0000436	26.990	289	190	9	39	317	8	285	2.48e-21	89.0
KFOEIPKB_01638	MER0003537	24.727	275	190	8	48	317	20	282	2.40e-16	74.7
KFOEIPKB_01638	MER0025512	23.985	271	185	6	45	309	43	298	5.07e-14	68.2
KFOEIPKB_01638	MER0000437	24.013	304	186	13	37	317	12	293	4.07e-12	62.8
KFOEIPKB_01638	MER0033259	25.589	297	160	12	33	317	12	259	9.05e-11	58.2
KFOEIPKB_01638	MER0017123	25.000	308	197	13	15	309	1	287	4.11e-10	56.6
KFOEIPKB_01638	MER0030163	38.554	83	49	2	69	149	46	128	1.30e-08	52.0
KFOEIPKB_01638	MER0031617	30.189	106	73	1	46	151	29	133	1.74e-08	51.6
KFOEIPKB_01638	MER0031645	24.900	249	136	9	105	318	180	412	2.06e-08	52.0
KFOEIPKB_01638	MER0001380	23.887	247	163	8	37	271	10	243	4.17e-08	50.4
KFOEIPKB_01638	MER0000431	22.776	281	178	12	39	295	19	284	1.02e-07	49.3
KFOEIPKB_01638	MER0011785	26.119	134	91	3	48	178	31	159	1.46e-06	45.8
KFOEIPKB_01638	MER0031653	40.984	61	33	1	93	150	147	207	2.22e-06	45.4
KFOEIPKB_01638	MER0031614	27.407	135	96	2	34	166	64	198	9.43e-06	43.5
KFOEIPKB_01673	MER0011175	23.005	213	132	9	201	396	13	210	5.94e-08	50.4
KFOEIPKB_01685	MER0001161	38.201	678	412	4	4	674	1	678	3.42e-165	487
KFOEIPKB_01685	MER0006087	35.116	692	425	11	5	675	11	699	4.57e-136	412
KFOEIPKB_01685	MER0001158	33.628	678	444	5	1	674	2	677	2.18e-133	405
KFOEIPKB_01685	MER0015119	31.793	714	441	14	5	675	7	717	6.56e-123	379
KFOEIPKB_01685	MER0108144	30.841	642	415	12	51	674	32	662	4.38e-94	302
KFOEIPKB_01685	MER0001149	31.291	604	387	12	82	674	90	676	6.98e-89	289
KFOEIPKB_01685	MER0001942	31.052	599	389	10	85	674	93	676	3.98e-88	286
KFOEIPKB_01685	MER0003110	29.268	738	430	19	2	674	5	715	3.33e-82	271
KFOEIPKB_01685	MER0001153	30.177	623	403	13	76	676	82	694	1.93e-75	253
KFOEIPKB_01685	MER0079465	28.154	650	424	20	51	674	2	634	5.62e-67	228
KFOEIPKB_01685	MER0015170	26.847	555	364	14	126	669	102	625	2.43e-55	196
KFOEIPKB_01685	MER0001156	24.855	692	445	22	8	651	20	684	9.12e-45	167
KFOEIPKB_01685	MER0021317	37.879	66	41	0	438	503	22	87	5.03e-10	53.5
KFOEIPKB_01718	MER0026545	36.464	181	93	5	89	258	99	268	1.41e-31	115
KFOEIPKB_01718	MER0026552	35.329	167	99	3	81	247	1	158	1.00e-28	104
KFOEIPKB_01718	MER0042387	30.928	194	110	5	65	253	2	176	2.72e-27	101
KFOEIPKB_01718	MER0026496	27.376	263	162	8	12	258	22	271	6.08e-22	89.4
KFOEIPKB_01718	MER0031491	26.966	178	111	7	94	259	20	190	2.35e-16	72.4
KFOEIPKB_01718	MER0002642	23.377	154	109	4	95	245	15	162	3.28e-08	49.3
KFOEIPKB_01725	MER0000485	50.000	238	118	1	572	808	1	238	5.79e-75	241
KFOEIPKB_01725	MER0000495	43.320	247	131	1	572	809	1	247	4.84e-62	206
KFOEIPKB_01725	MER0003442	47.343	207	102	3	604	805	17	221	1.35e-55	188
KFOEIPKB_01725	MER0011056	46.860	207	103	3	604	805	17	221	8.21e-55	186
KFOEIPKB_01725	MER0014970	36.786	280	130	3	572	805	1	279	2.06e-53	184
KFOEIPKB_01725	MER0011057	45.411	207	106	3	604	805	17	221	2.23e-52	179
KFOEIPKB_01725	MER0000488	41.810	232	129	2	572	800	1	229	2.62e-51	176
KFOEIPKB_01725	MER0003443	45.274	201	105	2	602	797	20	220	1.32e-50	174
KFOEIPKB_01725	MER0000496	42.132	197	109	1	598	789	81	277	7.03e-44	158
KFOEIPKB_01725	MER0004236	46.067	178	86	3	629	802	87	258	1.24e-43	155
KFOEIPKB_01725	MER0108906	39.662	237	134	4	572	805	1	231	3.05e-40	145
KFOEIPKB_01725	MER0005837	36.986	219	117	5	573	774	2	216	5.66e-37	136
KFOEIPKB_01725	MER0026213	33.333	156	93	2	658	809	111	259	2.67e-23	97.1
KFOEIPKB_01725	MER0017402	33.333	183	110	4	630	807	28	203	1.11e-18	82.8
KFOEIPKB_01725	MER0003859	29.870	154	101	3	652	805	79	225	4.99e-14	69.7
KFOEIPKB_01725	MER0003359	30.108	186	112	7	630	805	45	222	8.64e-12	62.8
KFOEIPKB_01725	MER0017403	37.037	81	51	0	695	775	96	176	5.51e-07	48.5
KFOEIPKB_01757	MER0002007	42.010	388	200	9	22	405	7	373	3.73e-95	288
KFOEIPKB_01757	MER0002655	35.623	393	227	7	32	423	9	376	7.90e-75	235
KFOEIPKB_01757	MER0002013	34.739	403	236	8	30	424	11	394	4.83e-72	229
KFOEIPKB_01757	MER0002659	34.165	401	234	9	31	423	12	390	4.26e-69	221
KFOEIPKB_01757	MER0002014	33.750	400	239	8	28	423	13	390	1.09e-67	217
KFOEIPKB_01757	MER0005155	34.278	388	231	8	33	415	11	379	9.17e-66	212
KFOEIPKB_01757	MER0003770	34.278	353	214	6	32	383	5	340	2.81e-56	187
KFOEIPKB_01757	MER0005173	27.660	376	244	8	37	408	6	357	4.13e-45	157
KFOEIPKB_01757	MER0005163	48.538	171	72	4	28	198	4	158	3.37e-44	152
KFOEIPKB_01757	MER0005163	32.407	108	65	4	318	423	163	264	1.94e-07	48.9
KFOEIPKB_01757	MER0003815	37.766	188	97	5	34	217	15	186	3.82e-33	123
KFOEIPKB_01757	MER0003815	28.226	124	86	2	301	423	173	294	1.73e-08	52.4
KFOEIPKB_01757	MER0015354	36.842	190	100	5	34	219	15	188	7.63e-33	122
KFOEIPKB_01757	MER0003581	26.761	355	233	9	75	422	1	335	8.12e-28	109
KFOEIPKB_01757	MER0002664	34.197	193	103	5	28	220	3	171	3.42e-26	103
KFOEIPKB_01757	MER0014418	24.573	293	163	12	34	314	19	265	8.85e-10	57.0
KFOEIPKB_01757	MER0369336	27.660	188	110	9	152	335	72	237	5.20e-07	47.8
KFOEIPKB_01776	MER0001158	33.819	686	437	13	41	718	3	679	9.67e-125	384
KFOEIPKB_01776	MER0001161	30.159	693	450	15	41	716	3	678	2.24e-93	301
KFOEIPKB_01776	MER0006087	30.223	718	450	23	30	716	1	698	5.26e-88	288
KFOEIPKB_01776	MER0015119	28.571	742	445	26	34	716	1	716	1.28e-76	258
KFOEIPKB_01776	MER0001149	26.176	680	448	22	61	718	31	678	2.44e-57	204
KFOEIPKB_01776	MER0108144	25.367	682	461	21	62	716	2	662	1.86e-52	189
KFOEIPKB_01776	MER0001153	26.807	664	428	20	87	716	53	692	7.59e-50	182
KFOEIPKB_01776	MER0001942	24.382	607	429	13	121	716	89	676	4.19e-47	174
KFOEIPKB_01776	MER0079465	23.717	565	375	17	179	715	97	633	2.39e-41	157
KFOEIPKB_01776	MER0003110	25.295	593	369	21	62	602	24	594	5.08e-40	154
KFOEIPKB_01776	MER0015170	22.136	646	451	19	81	714	23	628	5.24e-37	144
KFOEIPKB_01776	MER0001156	21.596	639	444	16	96	693	62	684	7.43e-32	129
KFOEIPKB_01776	MER0059435	24.038	208	121	8	365	544	337	535	1.86e-06	48.1
KFOEIPKB_01796	MER0003380	33.333	240	144	6	150	385	14	241	2.23e-36	130
KFOEIPKB_01796	MER0069741	35.256	156	82	4	238	384	26	171	7.89e-23	91.7
KFOEIPKB_01796	MER0013541	44.706	85	47	0	282	366	1	85	3.10e-19	79.0
KFOEIPKB_01796	MER0066182	37.209	129	76	2	261	388	75	199	2.45e-17	77.0
KFOEIPKB_01796	MER0387040	39.175	97	58	1	282	377	1	97	1.83e-16	71.6
KFOEIPKB_01796	MER0003376	38.462	117	54	5	276	375	38	153	9.17e-15	68.9
KFOEIPKB_01796	MER0001419	36.449	107	59	3	268	365	11	117	5.57e-14	65.9
KFOEIPKB_01796	MER0003423	36.066	122	65	4	268	376	11	132	9.04e-13	62.4
KFOEIPKB_01796	MER0003906	35.000	100	59	3	282	375	1	100	6.78e-12	58.9
KFOEIPKB_01796	MER0015415	31.373	102	59	3	272	366	52	149	3.71e-08	49.7
KFOEIPKB_01796	MER0025070	31.532	111	63	4	279	376	3	113	3.31e-06	43.1
KFOEIPKB_01838	MER0036054	35.577	104	57	4	73	169	15	115	2.43e-06	44.7
KFOEIPKB_01845	MER0034539	59.903	207	83	0	2	208	1	207	1.57e-88	269
KFOEIPKB_01845	MER0033254	31.890	254	138	10	2	226	1	248	1.65e-24	99.8
KFOEIPKB_01853	MER0026494	33.264	478	293	7	1	460	4	473	2.82e-74	238
KFOEIPKB_01853	MER0015142	30.544	478	308	7	1	460	33	504	1.86e-68	224
KFOEIPKB_01853	MER0026471	30.271	479	308	7	1	459	5	477	8.08e-68	221
KFOEIPKB_01853	MER0003397	34.500	200	104	6	16	198	19	208	3.02e-22	94.0
KFOEIPKB_01853	MER0003397	29.293	99	67	1	364	462	215	310	7.24e-10	57.0
KFOEIPKB_01853	MER0052470	25.316	395	255	11	66	440	69	443	3.11e-21	92.8
KFOEIPKB_01853	MER0026485	29.524	210	130	5	1	198	4	207	1.32e-20	89.0
KFOEIPKB_01853	MER0026485	31.373	102	67	1	360	461	210	308	9.11e-10	56.6
KFOEIPKB_01853	MER0057434	29.126	206	126	8	6	198	1	199	9.26e-17	77.8
KFOEIPKB_01853	MER0057434	34.568	81	50	1	381	461	223	300	6.40e-08	50.8
KFOEIPKB_01853	MER0001272	35.714	84	47	2	80	162	60	137	4.88e-09	53.9
KFOEIPKB_01853	MER0369972	30.682	176	105	8	19	188	1	165	1.02e-07	50.8
KFOEIPKB_01860	MER0000410	57.194	278	117	1	428	705	4	279	3.40e-113	340
KFOEIPKB_01860	MER0011872	39.068	279	167	2	432	707	6	284	7.75e-66	216
KFOEIPKB_01860	MER0082498	39.223	283	148	6	444	702	1	283	2.53e-61	204
KFOEIPKB_01860	MER0005694	32.143	280	175	4	436	707	10	282	4.67e-47	165
KFOEIPKB_01860	MER0004227	38.532	218	133	1	448	664	28	245	1.28e-41	150
KFOEIPKB_01860	MER0079308	33.460	263	168	5	443	702	7	265	2.60e-41	149
KFOEIPKB_01860	MER0022823	33.210	271	171	6	439	702	3	270	5.05e-38	140
KFOEIPKB_01860	MER0015621	28.041	296	193	4	427	705	1	293	2.52e-37	138
KFOEIPKB_01860	MER0000392	28.832	274	182	4	439	702	3	273	4.46e-37	137
KFOEIPKB_01860	MER0082653	32.046	259	155	8	444	682	7	264	1.28e-35	133
KFOEIPKB_01860	MER0002490	26.471	306	193	6	427	705	1	301	7.60e-35	131
KFOEIPKB_01860	MER0981959	26.335	281	186	5	439	702	2	278	1.14e-31	121
KFOEIPKB_01860	MER0011450	28.794	257	169	5	439	685	3	255	2.67e-30	117
KFOEIPKB_01860	MER0325901	27.037	270	191	5	443	708	5	272	2.89e-28	111
KFOEIPKB_01860	MER0000398	30.973	226	144	5	479	703	36	250	1.18e-27	109
KFOEIPKB_01860	MER0003229	27.820	266	182	5	439	702	11	268	3.42e-26	105
KFOEIPKB_01876	MER0016191	27.491	291	193	7	17	296	4	287	6.07e-33	120
KFOEIPKB_01876	MER0016172	26.241	282	191	6	19	290	6	280	2.13e-20	86.3
KFOEIPKB_01876	MER0016185	23.457	324	209	10	14	304	1	318	2.47e-10	57.4
KFOEIPKB_01885	MER0195376	34.228	149	86	3	228	367	2	147	7.36e-16	72.8
KFOEIPKB_01885	MER0078760	23.864	176	105	7	215	379	5	162	1.37e-07	48.9
KFOEIPKB_01885	MER0003514	24.615	195	112	5	227	419	3	164	2.96e-06	44.3
KFOEIPKB_01898	MER0002489	26.974	304	180	9	39	301	9	311	3.99e-27	106
KFOEIPKB_01898	MER0005964	23.699	346	204	7	34	323	1	342	9.42e-24	97.4
KFOEIPKB_01898	MER0026262	31.776	214	123	7	73	266	36	246	1.23e-22	94.0
KFOEIPKB_01898	MER0000459	24.620	329	198	8	36	319	4	327	9.38e-20	85.9
KFOEIPKB_01898	MER1143079	31.915	141	85	3	84	223	39	169	5.62e-16	73.9
KFOEIPKB_01898	MER0005925	25.641	156	108	3	73	220	37	192	5.10e-14	68.9
KFOEIPKB_01898	MER0003802	25.589	297	175	12	73	342	35	312	1.66e-13	67.0
KFOEIPKB_01898	MER0017069	27.222	180	113	5	73	244	30	199	3.83e-12	63.2
KFOEIPKB_01898	MER0004090	28.105	153	102	4	79	223	56	208	1.66e-11	61.6
KFOEIPKB_01898	MER0005836	26.316	228	144	7	51	261	23	243	1.96e-11	60.5
KFOEIPKB_01898	MER0028284	26.380	163	104	3	88	243	50	203	3.22e-11	60.5
KFOEIPKB_01898	MER0006204	26.590	173	99	5	71	223	38	202	4.06e-11	60.5
KFOEIPKB_01898	MER0354941	28.025	157	92	6	84	223	43	195	5.01e-11	58.2
KFOEIPKB_01898	MER0000463	24.590	183	119	5	67	245	29	196	2.25e-10	58.2
KFOEIPKB_01898	MER0219770	23.404	188	139	4	57	243	19	202	7.12e-10	56.2
KFOEIPKB_01898	MER0005923	35.000	80	50	1	73	150	43	122	7.20e-10	56.6
KFOEIPKB_01898	MER0011700	24.561	171	108	5	73	223	36	205	5.40e-09	53.9
KFOEIPKB_01898	MER0034964	24.862	181	113	8	72	236	40	213	3.29e-08	51.6
KFOEIPKB_01898	MER0004154	26.582	158	105	5	74	223	34	188	5.00e-08	50.8
KFOEIPKB_01898	MER0003800	22.047	254	147	9	78	284	62	311	5.60e-08	50.8
KFOEIPKB_01898	MER0140154	22.353	170	115	4	71	223	19	188	7.63e-08	50.1
KFOEIPKB_01898	MER0192873	23.423	222	141	7	90	286	1	218	6.13e-07	46.6
KFOEIPKB_01898	MER0122661	22.642	159	121	1	78	236	41	197	7.89e-07	47.0
KFOEIPKB_01898	MER0000457	22.458	236	149	10	55	276	24	239	9.84e-06	43.5
KFOEIPKB_01903	MER0000589	59.459	37	15	0	441	477	192	228	3.75e-09	54.3
KFOEIPKB_01903	MER0013626	31.034	87	42	2	405	473	55	141	1.49e-08	50.8
KFOEIPKB_01903	MER0055964	29.114	79	42	2	406	471	64	141	6.08e-07	46.2
KFOEIPKB_01927	MER0037236	27.407	135	83	4	13	146	82	202	9.39e-06	41.2
KFOEIPKB_01930	MER0001313	26.351	148	106	3	9	156	13	157	3.26e-08	47.4
KFOEIPKB_01931	MER0005900	31.956	363	218	11	57	408	26	370	9.88e-41	146
KFOEIPKB_01948	MER0025086	56.911	123	44	2	231	344	1	123	1.30e-42	141
KFOEIPKB_01948	MER0029657	41.732	127	55	4	230	345	28	146	2.20e-20	83.6
KFOEIPKB_01948	MER0002084	29.381	194	111	10	130	302	6	194	2.77e-08	50.4
KFOEIPKB_01948	MER0011122	36.667	90	44	5	267	344	58	146	5.59e-08	48.5
KFOEIPKB_01948	MER0002217	26.347	167	85	7	218	359	71	224	2.13e-06	45.8
KFOEIPKB_01948	MER0014521	30.075	133	49	6	246	349	101	218	3.38e-06	45.1
KFOEIPKB_01953	MER0387040	32.143	84	43	3	214	296	31	101	4.45e-06	41.6
KFOEIPKB_01953	MER0066182	32.051	78	48	3	214	287	122	198	5.82e-06	43.1
KFOEIPKB_01953	MER0003376	41.379	58	31	2	213	269	81	136	7.74e-06	42.4
KFOEIPKB_01979	MER0047723	46.526	475	253	1	7	480	1	475	3.01e-150	434
KFOEIPKB_01979	MER0001283	42.917	480	274	0	5	484	3	482	5.53e-140	408
KFOEIPKB_01979	MER0028941	30.323	155	84	5	15	157	4	146	2.19e-08	52.8
KFOEIPKB_01979	MER0369336	25.000	272	150	13	65	310	8	251	3.18e-08	52.0
KFOEIPKB_02017	MER0003817	26.667	180	87	8	49	220	6	148	1.70e-07	50.8
KFOEIPKB_02061	MER0013541	40.260	77	28	3	299	374	9	68	8.83e-07	43.9
KFOEIPKB_02086	MER0069741	39.175	97	57	2	188	284	70	164	7.58e-21	84.3
KFOEIPKB_02086	MER0003380	31.429	175	97	6	132	284	60	233	1.44e-20	85.5
KFOEIPKB_02086	MER0003376	37.008	127	64	5	175	286	32	157	5.17e-20	82.0
KFOEIPKB_02086	MER0003906	39.048	105	57	3	188	286	1	104	1.94e-18	75.9
KFOEIPKB_02086	MER0005300	33.051	118	74	2	173	286	46	162	4.65e-17	73.9
KFOEIPKB_02086	MER0013541	36.047	86	54	1	188	273	1	85	1.59e-14	64.7
KFOEIPKB_02086	MER0003423	36.364	88	53	2	187	272	31	117	2.57e-12	60.5
KFOEIPKB_02086	MER0001419	36.782	87	52	2	188	272	32	117	1.82e-11	57.8
KFOEIPKB_02086	MER0387040	31.683	101	65	3	188	286	1	99	5.62e-10	52.8
KFOEIPKB_02086	MER0066182	31.373	102	66	3	188	287	92	191	8.35e-10	54.3
KFOEIPKB_02086	MER0015415	32.941	85	55	2	190	273	66	149	1.35e-08	50.4
KFOEIPKB_02086	MER0025070	27.835	97	62	2	188	276	6	102	2.44e-06	42.7
KFOEIPKB_02086	MER0388771	27.835	97	62	2	188	276	2	98	2.86e-06	42.4
KFOEIPKB_02122	MER0037236	27.381	252	161	6	12	242	11	261	1.16e-21	87.8
KFOEIPKB_02122	MER0004146	27.273	264	147	11	12	242	10	261	1.81e-18	79.3
KFOEIPKB_02122	MER0031611	22.008	259	173	6	16	248	35	290	3.95e-11	58.9
KFOEIPKB_02122	MER0036068	24.481	241	160	8	21	240	54	293	4.17e-11	58.5
KFOEIPKB_02122	MER0036066	22.500	240	167	5	21	241	1	240	8.76e-10	54.3
KFOEIPKB_02122	MER0036067	23.529	238	162	7	21	239	52	288	3.46e-09	53.1
KFOEIPKB_02122	MER0036053	22.932	266	160	8	16	242	4	263	1.23e-08	51.2
KFOEIPKB_02122	MER0036076	22.269	238	158	9	21	240	63	291	1.29e-08	51.2
KFOEIPKB_02122	MER0025512	22.549	204	132	4	64	241	96	299	3.19e-08	50.1
KFOEIPKB_02122	MER0036057	22.083	240	165	9	21	242	63	298	1.37e-07	48.1
KFOEIPKB_02122	MER0017033	21.910	178	116	5	82	242	129	300	5.35e-07	46.6
KFOEIPKB_02122	MER0000436	23.843	281	157	11	15	248	15	285	6.28e-07	46.2
KFOEIPKB_02122	MER0035973	23.333	210	142	8	46	241	82	286	1.28e-06	45.4
KFOEIPKB_02122	MER0003537	25.128	195	108	7	82	244	90	278	1.80e-06	44.7
KFOEIPKB_02128	MER0028025	55.263	76	34	0	53	128	168	243	1.34e-24	91.7
KFOEIPKB_02161	MER0004925	56.489	262	111	2	541	799	1	262	3.51e-104	318
KFOEIPKB_02161	MER0014827	54.580	262	116	2	541	799	1	262	4.29e-100	308
KFOEIPKB_02161	MER0034615	25.200	250	139	7	552	776	2	228	7.81e-15	72.0
KFOEIPKB_02161	MER0017401	31.915	141	79	5	659	788	96	230	5.47e-13	66.2
KFOEIPKB_02161	MER0126485	26.104	249	125	7	568	788	10	227	1.42e-11	62.0
KFOEIPKB_02161	MER0005196	27.094	203	105	8	560	742	22	201	1.55e-11	62.4
KFOEIPKB_02161	MER0140224	26.471	204	117	7	609	788	35	229	3.32e-11	61.2
KFOEIPKB_02161	MER0015682	26.316	190	131	4	609	791	113	300	6.49e-11	61.2
KFOEIPKB_02161	MER0003558	24.125	257	152	10	550	784	12	247	9.93e-11	60.1
KFOEIPKB_02161	MER0058228	26.506	249	137	12	559	786	6	229	1.78e-10	58.9
KFOEIPKB_02161	MER0013484	28.745	247	139	10	558	786	2	229	7.00e-10	57.0
KFOEIPKB_02161	MER0004923	26.923	260	155	10	544	786	39	280	7.88e-10	57.8
KFOEIPKB_02161	MER0011583	28.249	177	96	7	647	797	77	248	1.47e-09	56.2
KFOEIPKB_02161	MER0011413	25.207	242	144	10	560	783	4	226	2.66e-08	52.4
KFOEIPKB_02161	MER0000401	24.706	255	154	11	560	797	26	259	6.00e-08	51.6
KFOEIPKB_02161	MER0016096	21.633	245	157	7	561	785	7	236	6.44e-08	51.2
KFOEIPKB_02161	MER0000263	23.166	259	154	12	555	791	1	236	6.73e-08	51.2
KFOEIPKB_02161	MER0000408	28.481	158	88	7	639	777	81	232	4.20e-07	48.9
KFOEIPKB_02161	MER0004921	27.972	143	83	4	656	787	94	227	1.19e-06	47.4
KFOEIPKB_02161	MER0000399	26.872	227	129	10	535	744	1	207	1.98e-06	47.0
KFOEIPKB_02161	MER0001920	23.188	207	138	7	610	797	42	246	9.94e-06	44.7
KFOEIPKB_02208	MER0198917	41.910	377	210	5	18	390	1	372	8.90e-103	330
KFOEIPKB_02208	MER1054487	37.859	383	221	6	18	390	1	376	1.35e-81	270
KFOEIPKB_02208	MER0037955	26.389	216	114	9	141	336	77	267	1.92e-06	48.1
KFOEIPKB_02226	MER0039457	28.477	151	84	7	9	146	3	142	7.34e-07	46.6
KFOEIPKB_02226	MER0039461	29.412	153	80	8	9	146	5	144	7.25e-06	45.4
KFOEIPKB_02229	MER0039457	29.012	162	85	8	9	150	3	154	8.63e-10	55.1
KFOEIPKB_02229	MER0039469	29.231	130	74	5	39	155	45	169	2.15e-09	55.1
KFOEIPKB_02229	MER0039464	28.395	162	86	8	9	150	3	154	2.93e-08	50.8
KFOEIPKB_02229	MER0039458	27.673	159	91	8	9	150	5	156	2.26e-07	50.4
KFOEIPKB_02229	MER0163432	24.828	145	85	4	17	139	4	146	1.79e-06	45.4
KFOEIPKB_02229	MER0039482	28.378	148	80	7	9	136	4	145	1.86e-06	46.2
KFOEIPKB_02229	MER0039461	28.000	150	84	7	9	141	5	147	2.23e-06	47.0
KFOEIPKB_02229	MER0039490	24.413	213	123	8	18	206	54	252	7.04e-06	45.4
KFOEIPKB_02246	MER0044620	34.783	138	72	4	42	172	57	183	7.49e-16	75.5
KFOEIPKB_02246	MER0039464	31.429	175	96	7	21	188	1	158	2.41e-13	65.5
KFOEIPKB_02246	MER0044996	31.159	138	77	4	42	172	57	183	2.96e-13	67.8
KFOEIPKB_02246	MER0039490	31.677	161	90	6	18	171	35	182	7.41e-13	66.6
KFOEIPKB_02246	MER0039485	32.941	170	92	6	12	172	6	162	3.00e-12	62.4
KFOEIPKB_02246	MER0039458	30.526	190	103	9	21	203	3	170	6.66e-12	64.3
KFOEIPKB_02246	MER0039457	30.201	149	82	5	43	184	21	154	1.77e-10	57.0
KFOEIPKB_02246	MER0163432	36.111	108	56	4	74	178	54	151	7.17e-10	55.1
KFOEIPKB_02246	MER0114503	34.286	140	72	5	42	172	63	191	7.31e-10	57.8
KFOEIPKB_02246	MER0039476	28.125	160	87	6	23	171	41	183	1.78e-09	56.2
KFOEIPKB_02246	MER0039461	28.655	171	98	6	21	184	3	156	2.36e-09	55.8
KFOEIPKB_02246	MER0040529	31.250	112	61	3	63	174	42	137	4.31e-09	52.4
KFOEIPKB_02246	MER0039462	30.872	149	81	5	43	184	21	154	8.24e-09	52.4
KFOEIPKB_02246	MER0039469	29.448	163	91	6	16	170	4	150	2.24e-08	52.0
KFOEIPKB_02246	MER0039482	30.625	160	91	5	20	172	1	147	1.44e-07	49.3
KFOEIPKB_02246	MER0039468	27.517	149	85	5	43	183	18	151	9.11e-07	45.8
KFOEIPKB_02259	MER0001161	44.398	241	132	2	15	253	438	678	1.29e-69	223
KFOEIPKB_02259	MER0006087	43.426	251	136	3	10	254	449	699	3.37e-67	217
KFOEIPKB_02259	MER0015119	41.065	263	137	4	10	254	455	717	1.39e-63	208
KFOEIPKB_02259	MER0001158	38.589	241	146	2	15	253	437	677	9.71e-52	175
KFOEIPKB_02259	MER0001149	38.655	238	137	4	19	253	445	676	2.38e-48	166
KFOEIPKB_02259	MER0108144	37.450	251	153	4	6	253	413	662	2.87e-48	166
KFOEIPKB_02259	MER0001153	35.802	243	154	2	15	255	452	694	7.83e-43	151
KFOEIPKB_02259	MER0001942	37.872	235	141	3	20	253	446	676	1.17e-42	150
KFOEIPKB_02259	MER0003110	32.180	289	149	7	3	253	436	715	3.12e-38	138
KFOEIPKB_02259	MER0079465	33.463	257	160	6	6	253	380	634	3.09e-35	129
KFOEIPKB_02259	MER0001156	32.579	221	138	4	17	230	468	684	1.90e-34	127
KFOEIPKB_02259	MER0015170	28.205	234	148	4	17	248	410	625	3.77e-22	92.0
KFOEIPKB_02259	MER0021317	37.879	66	41	0	17	82	22	87	3.09e-10	52.8
KFOEIPKB_02262	MER0044357	27.184	206	120	6	22	201	50	251	3.65e-14	69.7
KFOEIPKB_02262	MER0044357	25.984	127	89	2	209	334	340	462	3.18e-06	45.4
KFOEIPKB_02275	MER0013623	51.299	154	74	1	103	256	1	153	1.26e-50	166
KFOEIPKB_02275	MER0000268	53.548	155	70	2	103	256	1	154	3.26e-50	165
KFOEIPKB_02275	MER0000266	51.923	156	73	2	103	256	1	156	7.73e-49	161
KFOEIPKB_02275	MER0001372	54.487	156	69	2	103	256	1	156	2.74e-48	160
KFOEIPKB_02275	MER0003850	47.701	174	88	3	103	274	3	175	9.90e-47	157
KFOEIPKB_02275	MER0004111	49.032	155	78	1	103	256	1	155	3.05e-44	149
KFOEIPKB_02275	MER0005468	49.375	160	73	4	103	256	1	158	2.39e-42	144
KFOEIPKB_02275	MER0004149	48.503	167	69	5	103	256	1	163	2.67e-41	142
KFOEIPKB_02275	MER0003290	45.283	159	79	3	103	256	1	156	4.37e-37	130
KFOEIPKB_02275	MER0001373	48.734	158	77	2	103	256	1	158	8.99e-37	129
KFOEIPKB_02275	MER0002577	44.304	158	79	3	103	256	1	153	5.98e-36	127
KFOEIPKB_02275	MER0003293	47.333	150	75	3	103	250	1	148	9.87e-36	126
KFOEIPKB_02275	MER0004673	32.971	276	150	6	103	354	2	266	1.14e-35	130
KFOEIPKB_02275	MER0001945	43.396	159	85	2	103	256	1	159	5.25e-35	125
KFOEIPKB_02275	MER0028330	43.750	160	77	3	103	256	1	153	1.06e-34	124
KFOEIPKB_02275	MER0016351	40.625	160	82	3	103	256	1	153	9.88e-33	119
KFOEIPKB_02275	MER0010944	43.275	171	80	4	103	256	1	171	3.10e-32	118
KFOEIPKB_02275	MER0014795	42.771	166	76	4	103	256	1	159	6.85e-32	116
KFOEIPKB_02275	MER0004086	42.331	163	83	4	104	256	1	162	3.01e-31	115
KFOEIPKB_02275	MER0004093	39.241	158	87	2	103	256	1	153	4.77e-29	108
KFOEIPKB_02275	MER0016031	41.916	167	83	5	103	256	1	166	2.48e-28	107
KFOEIPKB_02275	MER0022668	36.842	171	91	4	103	256	1	171	4.44e-27	103
KFOEIPKB_02275	MER0011375	38.750	160	86	5	103	256	1	154	2.55e-26	101
KFOEIPKB_02275	MER0006096	41.045	134	72	3	127	256	1	131	3.62e-25	97.4
KFOEIPKB_02275	MER0005093	35.625	160	88	4	103	247	1	160	1.36e-24	97.1
KFOEIPKB_02275	MER0015583	39.597	149	78	4	103	239	1	149	2.79e-21	87.0
KFOEIPKB_02275	MER0063616	34.615	156	87	4	106	249	5	157	9.97e-17	74.3
KFOEIPKB_02275	MER0004696	31.469	143	85	6	103	237	1	138	1.85e-11	58.5
KFOEIPKB_02275	MER0005094	30.994	171	79	8	103	251	1	154	2.89e-08	50.1
KFOEIPKB_02275	MER0014317	29.252	147	92	7	114	251	10	153	1.47e-06	45.1
KFOEIPKB_02275	MER0014314	31.206	141	71	6	103	228	1	130	3.52e-06	43.9
KFOEIPKB_02303	MER0043394	45.122	164	84	4	22	181	2	163	2.49e-45	144
KFOEIPKB_02303	MER0044622	40.741	189	101	6	1	181	30	215	1.47e-43	142
KFOEIPKB_02303	MER0045094	37.838	185	110	4	1	181	16	199	1.12e-41	137
KFOEIPKB_02303	MER0044882	41.520	171	92	6	19	181	1	171	7.02e-39	128
KFOEIPKB_02303	MER0043392	37.410	139	84	3	42	180	23	158	1.22e-29	104
KFOEIPKB_02303	MER0044619	33.854	192	108	11	1	181	12	195	1.11e-20	82.8
KFOEIPKB_02303	MER0043195	28.500	200	124	5	1	181	9	208	2.66e-19	79.3
KFOEIPKB_02303	MER0043537	28.571	182	123	6	1	179	4	181	3.29e-19	77.8
KFOEIPKB_02303	MER0045945	34.320	169	87	7	20	180	53	205	1.13e-15	68.9
KFOEIPKB_02303	MER0045095	32.057	209	110	7	1	180	19	224	2.50e-14	66.2
KFOEIPKB_02303	MER0044812	26.667	165	107	6	11	170	68	223	1.00e-12	61.2
KFOEIPKB_02303	MER0045886	28.947	114	71	2	70	179	85	192	4.47e-10	53.9
KFOEIPKB_02303	MER0038086	26.797	153	86	4	34	180	91	223	2.07e-09	52.0
KFOEIPKB_02303	MER0043387	29.730	148	89	5	39	180	27	165	6.41e-09	50.1
KFOEIPKB_02303	MER0044889	30.631	111	75	2	70	180	91	199	1.05e-08	50.1
KFOEIPKB_02303	MER0060647	25.000	172	115	5	10	176	184	346	7.93e-08	47.8
KFOEIPKB_02303	MER0043540	24.088	137	87	5	40	171	85	209	3.68e-07	45.4
KFOEIPKB_02303	MER0436691	27.692	130	86	3	39	165	101	225	1.41e-06	43.9
KFOEIPKB_02303	MER0042974	24.138	116	80	4	69	180	69	180	8.86e-06	41.2
KFOEIPKB_02306	MER0057728	38.953	172	96	2	17	186	4	168	3.86e-33	115
KFOEIPKB_02308	MER0005169	32.362	343	221	5	14	353	6	340	1.33e-51	172
KFOEIPKB_02308	MER0013829	34.639	332	200	8	14	338	6	327	9.11e-51	170
KFOEIPKB_02308	MER0004410	31.124	347	218	9	13	349	5	340	2.37e-42	148
KFOEIPKB_02308	MER0005472	32.635	334	207	7	14	345	6	323	3.78e-42	147
KFOEIPKB_02308	MER0002046	30.029	343	213	10	13	349	5	326	2.09e-36	131
KFOEIPKB_02308	MER0005160	31.157	337	207	12	15	345	7	324	1.85e-33	124
KFOEIPKB_02308	MER0002043	26.220	328	220	7	27	345	31	345	1.11e-30	117
KFOEIPKB_02308	MER0022215	24.062	320	221	7	49	362	40	343	5.00e-22	92.4
KFOEIPKB_02308	MER0002040	27.852	298	190	10	65	349	59	344	8.71e-22	92.0
KFOEIPKB_02308	MER0025084	20.282	355	245	12	9	346	1	334	6.85e-06	44.3
KFOEIPKB_02317	MER0014135	40.000	265	159	0	184	448	1	265	2.74e-74	231
KFOEIPKB_02317	MER0005837	24.306	144	95	4	294	428	79	217	9.59e-06	43.9
KFOEIPKB_02324	MER0012158	38.938	339	133	10	2	268	1	337	1.56e-64	213
KFOEIPKB_02324	MER0003327	47.964	221	108	5	2	220	1	216	3.02e-60	197
KFOEIPKB_02324	MER0003350	44.928	207	90	6	2	185	1	206	2.72e-49	167
KFOEIPKB_02324	MER0185695	41.892	222	123	4	2	218	1	221	3.01e-49	167
KFOEIPKB_02324	MER0003322	42.718	206	93	5	2	182	1	206	3.63e-44	153
KFOEIPKB_02324	MER0011781	32.515	163	104	3	2	162	1	159	4.58e-17	77.8
KFOEIPKB_02324	MER0011806	29.825	171	113	4	2	169	1	167	3.25e-14	69.7
KFOEIPKB_02324	MER0004101	29.825	171	113	4	2	169	1	167	1.71e-13	67.4
KFOEIPKB_02324	MER0003314	32.192	146	84	5	2	134	1	144	6.55e-11	60.1
KFOEIPKB_02365	MER0031614	26.613	248	162	9	18	256	86	322	1.45e-13	66.2
KFOEIPKB_02365	MER0014065	30.631	111	74	1	4	114	23	130	5.16e-10	55.8
KFOEIPKB_02365	MER0031617	22.814	263	178	8	4	246	23	280	8.63e-10	55.1
KFOEIPKB_02365	MER0183709	24.382	283	161	11	12	261	33	295	4.96e-08	49.7
KFOEIPKB_02365	MER0044578	35.514	107	59	4	14	114	72	174	6.55e-08	49.7
KFOEIPKB_02365	MER0044581	34.286	105	59	4	16	114	72	172	1.94e-07	48.1
KFOEIPKB_02365	MER0017033	22.619	252	156	10	18	249	67	299	7.17e-07	46.2
KFOEIPKB_02365	MER0017177	27.000	100	65	3	16	112	35	129	1.34e-06	45.4
KFOEIPKB_02365	MER0036076	24.255	235	155	10	24	248	70	291	1.95e-06	45.1
KFOEIPKB_02365	MER0036057	22.800	250	162	10	16	249	63	297	5.80e-06	43.5
KFOEIPKB_02365	MER0004146	23.506	251	165	10	16	249	20	260	8.58e-06	42.7
KFOEIPKB_02365	MER0210990	34.667	75	44	2	41	114	57	127	9.57e-06	43.1
KFOEIPKB_02367	MER0195774	37.931	174	103	4	1	173	8	177	4.29e-31	117
KFOEIPKB_02367	MER0001233	29.412	204	131	5	6	201	15	213	8.05e-16	75.1
KFOEIPKB_02367	MER0001233	21.277	188	138	4	481	661	20	204	2.51e-06	46.6
KFOEIPKB_02367	MER0001229	25.628	199	138	4	13	208	21	212	2.16e-14	70.1
KFOEIPKB_02367	MER0043985	25.628	199	138	4	13	208	21	212	3.97e-14	69.7
KFOEIPKB_02367	MER0237414	26.396	197	134	5	466	656	3	194	1.44e-12	65.1
KFOEIPKB_02367	MER0237414	22.581	217	144	7	4	208	11	215	1.86e-06	47.0
KFOEIPKB_02367	MER0003543	24.413	213	151	3	4	210	11	219	1.12e-11	62.4
KFOEIPKB_02367	MER0003543	19.388	196	152	4	464	658	2	192	1.97e-06	46.6
KFOEIPKB_02367	MER0122186	32.317	164	98	7	15	173	43	198	2.24e-11	60.8
KFOEIPKB_02367	MER0188967	27.179	195	122	7	30	209	3	192	2.03e-09	57.4
KFOEIPKB_02367	MER0003448	22.613	199	143	5	9	202	14	206	2.14e-09	55.8
KFOEIPKB_02367	MER0011292	31.902	163	97	8	19	173	73	229	3.99e-09	55.1
KFOEIPKB_02367	MER0002345	30.952	168	100	8	19	176	51	212	5.44e-09	54.3
KFOEIPKB_02367	MER0015090	23.005	213	154	3	4	210	11	219	8.46e-09	53.9
KFOEIPKB_02367	MER0390687	22.013	159	121	2	481	639	11	166	1.29e-08	52.0
KFOEIPKB_02367	MER0390687	23.684	152	112	3	19	170	19	166	7.48e-06	44.3
KFOEIPKB_02367	MER0003823	30.357	168	101	8	19	176	51	212	2.31e-08	52.4
KFOEIPKB_02367	MER0015259	33.333	129	63	5	19	128	51	175	6.25e-08	51.2
KFOEIPKB_02367	MER0011744	29.412	170	94	8	19	173	51	209	7.60e-08	50.8
KFOEIPKB_02367	MER0014333	25.000	184	130	4	19	196	28	209	7.67e-08	51.2
KFOEIPKB_02367	MER0002283	31.361	169	98	7	19	176	51	212	8.26e-08	50.8
KFOEIPKB_02367	MER0004423	28.333	180	102	6	30	200	33	194	1.46e-07	50.1
KFOEIPKB_02367	MER0001214	31.618	136	82	7	18	149	50	178	2.00e-07	49.3
KFOEIPKB_02367	MER0001220	26.601	203	111	8	19	200	9	194	3.37e-07	48.9
KFOEIPKB_02367	MER0001218	27.879	165	103	7	19	173	51	209	3.82e-07	48.5
KFOEIPKB_02367	MER0003386	28.994	169	104	8	15	173	47	209	6.59e-07	48.1
KFOEIPKB_02367	MER0002423	28.161	174	109	7	13	176	45	212	7.94e-07	47.8
KFOEIPKB_02367	MER0011096	42.105	57	32	1	19	74	51	107	3.71e-06	45.8
KFOEIPKB_02367	MER0011192	28.477	151	98	5	20	166	7	151	4.70e-06	44.7
KFOEIPKB_02367	MER0039456	25.926	162	113	3	499	655	36	195	6.53e-06	45.1
KFOEIPKB_02367	MER0169735	28.221	163	104	5	19	173	41	198	8.06e-06	44.7
KFOEIPKB_02484	MER0043537	31.126	151	82	6	46	193	37	168	7.00e-11	56.6
KFOEIPKB_02484	MER0045886	30.000	150	75	7	54	196	56	182	1.61e-07	47.8
KFOEIPKB_02484	MER0044889	26.554	177	106	6	25	194	27	186	6.75e-07	45.8
KFOEIPKB_02484	MER0043387	26.056	142	88	3	52	193	27	151	8.84e-07	44.7
KFOEIPKB_02484	MER0038086	29.655	145	86	7	54	194	78	210	7.24e-06	42.7
KFOEIPKB_02487	MER0003376	34.021	97	59	2	73	166	40	134	4.60e-11	56.2
KFOEIPKB_02487	MER0001419	33.708	89	55	2	78	166	32	116	1.23e-10	54.7
KFOEIPKB_02487	MER0003423	34.444	90	55	2	77	166	31	116	2.07e-09	51.2
KFOEIPKB_02487	MER0387040	31.765	85	53	2	82	166	5	84	1.52e-08	47.8
KFOEIPKB_02487	MER0066182	31.765	85	53	2	82	166	96	175	6.28e-08	47.8
KFOEIPKB_02487	MER0013541	35.294	85	49	2	82	166	5	83	6.42e-08	45.8
KFOEIPKB_02487	MER0003906	29.213	89	59	2	78	166	1	85	2.29e-07	44.7
KFOEIPKB_02487	MER0015415	34.177	79	47	2	88	166	74	147	3.39e-07	45.4
KFOEIPKB_02487	MER0003380	32.222	90	49	3	80	166	140	220	1.54e-06	44.3
KFOEIPKB_02513	MER0069741	40.179	112	60	2	95	200	52	162	5.18e-19	79.7
KFOEIPKB_02513	MER0066182	34.821	112	68	2	95	201	76	187	9.17e-16	71.2
KFOEIPKB_02513	MER0003376	33.913	115	63	3	95	202	35	143	1.98e-15	69.7
KFOEIPKB_02513	MER0387040	36.458	96	60	1	107	201	1	96	2.76e-14	64.7
KFOEIPKB_02513	MER0003380	34.167	120	72	2	88	200	112	231	1.22e-11	60.5
KFOEIPKB_02513	MER0015415	35.644	101	63	2	95	193	51	151	1.82e-11	58.5
KFOEIPKB_02513	MER0013541	36.364	88	54	1	107	192	1	88	3.59e-09	50.1
KFOEIPKB_02513	MER0003423	32.584	89	58	2	103	189	28	116	1.17e-07	47.4
KFOEIPKB_02513	MER0001419	32.584	89	58	2	103	189	28	116	2.12e-07	46.6
KFOEIPKB_02513	MER0005300	30.108	93	65	0	108	200	66	158	2.76e-06	43.5
KFOEIPKB_02513	MER0003906	30.000	100	64	3	107	200	1	100	5.88e-06	41.6
KFOEIPKB_02529	MER0002635	38.488	291	147	5	142	408	1	283	1.63e-52	174
KFOEIPKB_02529	MER0173063	39.033	269	157	4	144	408	2	267	3.61e-50	167
KFOEIPKB_02529	MER0002646	31.475	305	170	2	144	409	3	307	7.46e-48	162
KFOEIPKB_02529	MER0049282	37.344	241	142	5	174	410	38	273	8.89e-42	145
KFOEIPKB_02529	MER0003824	36.681	229	133	6	181	405	39	259	1.61e-39	139
KFOEIPKB_02529	MER0120615	32.331	266	167	6	144	405	1	257	7.55e-38	135
KFOEIPKB_02529	MER0011469	26.027	292	188	5	141	410	4	289	2.80e-29	112
KFOEIPKB_02529	MER0003772	26.506	249	180	2	165	410	24	272	3.40e-27	106
KFOEIPKB_02529	MER0011470	25.385	260	173	4	171	410	25	283	3.07e-23	95.9
KFOEIPKB_02529	MER0142760	23.592	373	219	8	67	381	73	437	3.18e-18	83.2
KFOEIPKB_02529	MER0006292	27.638	199	115	9	212	408	1	172	6.40e-13	63.5
