HOBODCOO_00012	MER0002646	33.766	308	165	3	144	412	3	310	9.58e-50	167
HOBODCOO_00012	MER0002635	38.062	289	153	4	144	411	3	286	1.88e-48	164
HOBODCOO_00012	MER0173063	37.778	270	159	5	144	408	2	267	5.59e-46	156
HOBODCOO_00012	MER0003824	35.926	270	162	6	142	408	1	262	5.24e-42	146
HOBODCOO_00012	MER0049282	34.630	257	159	5	157	409	21	272	1.88e-36	131
HOBODCOO_00012	MER0120615	27.881	269	189	4	144	412	1	264	2.80e-30	114
HOBODCOO_00012	MER0011469	26.389	288	187	3	150	412	4	291	3.32e-28	109
HOBODCOO_00012	MER0003772	26.744	258	162	4	165	407	24	269	1.25e-27	107
HOBODCOO_00012	MER0011470	27.341	267	171	5	159	404	13	277	3.08e-25	101
HOBODCOO_00012	MER0006292	27.638	199	117	7	212	409	1	173	2.86e-15	70.5
HOBODCOO_00012	MER0142760	30.935	139	94	1	243	381	301	437	1.42e-14	72.0
HOBODCOO_00012	MER0015215	42.857	63	35	1	237	298	22	84	1.28e-06	45.8
HOBODCOO_00023	MER0001400	43.445	389	195	9	252	626	3	380	1.17e-90	294
HOBODCOO_00026	MER0036038	23.171	246	178	7	4	244	8	247	1.44e-13	67.0
HOBODCOO_00026	MER0045479	23.171	246	178	7	4	244	8	247	1.90e-13	66.6
HOBODCOO_00026	MER0031565	23.932	234	168	6	4	232	8	236	6.14e-13	65.1
HOBODCOO_00026	MER0036036	24.895	237	164	7	4	232	8	238	3.01e-10	57.4
HOBODCOO_00026	MER0031569	26.400	125	85	3	1	121	1	122	4.49e-06	44.7
