LPLBEGGG_00002	MER0015475	33.158	190	110	6	20	195	5	191	4.83e-21	84.7
LPLBEGGG_00004	MER0015424	32.252	493	258	15	115	538	30	515	6.69e-53	187
LPLBEGGG_00004	MER0016991	25.725	276	158	8	152	407	72	320	5.27e-12	64.3
LPLBEGGG_00004	MER0001725	27.937	315	164	13	116	413	50	318	1.68e-11	62.8
LPLBEGGG_00004	MER0000321	28.866	291	140	14	116	382	102	349	2.95e-11	62.4
LPLBEGGG_00004	MER0019280	30.137	219	120	8	154	365	69	261	3.56e-10	58.5
LPLBEGGG_00004	MER0030016	28.862	246	114	11	135	367	62	259	4.16e-10	58.2
LPLBEGGG_00004	MER0016983	34.343	99	55	2	324	414	216	312	7.68e-10	57.4
LPLBEGGG_00004	MER0014446	43.284	67	36	1	309	375	319	383	1.65e-09	57.0
LPLBEGGG_00004	MER0000349	30.380	237	122	13	148	369	135	343	3.97e-09	55.8
LPLBEGGG_00004	MER0161312	28.374	289	155	13	136	397	78	341	8.32e-09	54.7
LPLBEGGG_00004	MER0000320	27.239	268	144	11	114	371	21	247	1.37e-07	50.4
LPLBEGGG_00004	MER0002500	27.391	230	116	7	157	367	156	353	4.90e-07	49.3
LPLBEGGG_00004	MER0003536	25.887	282	141	12	115	371	29	267	1.42e-06	47.4
LPLBEGGG_00004	MER0002267	33.333	87	51	2	326	412	203	282	1.53e-06	47.0
LPLBEGGG_00004	MER0000351	45.455	55	28	1	313	367	233	285	1.58e-06	47.0
LPLBEGGG_00004	MER0114485	45.763	59	29	2	313	370	275	331	2.03e-06	47.4
LPLBEGGG_00004	MER0001520	28.115	313	149	14	114	414	21	269	2.57e-06	46.2
LPLBEGGG_00004	MER0028258	28.270	237	131	8	156	367	102	324	3.08e-06	46.6
LPLBEGGG_00004	MER0001906	27.476	313	151	13	114	414	21	269	4.07e-06	45.8
LPLBEGGG_00004	MER0000315	27.476	313	151	13	114	414	21	269	4.82e-06	45.4
LPLBEGGG_00004	MER0000329	37.500	72	40	1	342	413	295	361	6.32e-06	45.4
LPLBEGGG_00004	MER0005859	35.526	76	41	1	309	376	387	462	7.80e-06	45.4
LPLBEGGG_00004	MER0016688	27.174	276	149	14	116	367	30	277	8.01e-06	45.1
LPLBEGGG_00004	MER0005824	43.860	57	30	1	312	366	423	479	8.02e-06	45.4
LPLBEGGG_00004	MER0080418	35.938	64	36	1	350	413	302	360	8.78e-06	45.1
LPLBEGGG_00004	MER0005712	24.710	259	157	10	143	369	73	325	9.96e-06	45.1
LPLBEGGG_00041	MER0078640	39.669	363	191	8	11	361	1	347	1.45e-74	232
LPLBEGGG_00041	MER0060647	38.251	366	197	8	11	362	1	351	6.83e-74	230
LPLBEGGG_00041	MER0044812	44.130	247	122	4	139	372	1	244	2.45e-63	199
LPLBEGGG_00041	MER0043540	41.463	205	116	2	166	369	27	228	2.28e-55	178
LPLBEGGG_00041	MER0045945	44.608	204	108	4	162	365	15	213	5.54e-54	174
LPLBEGGG_00041	MER0115185	54.483	145	64	1	216	360	1	143	4.38e-50	162
LPLBEGGG_00041	MER0046161	39.485	233	122	4	151	369	22	249	6.60e-49	163
LPLBEGGG_00041	MER0436691	32.857	280	142	6	91	365	6	244	4.09e-45	152
LPLBEGGG_00041	MER0044882	31.646	158	91	7	203	347	3	156	8.31e-12	60.5
LPLBEGGG_00041	MER0043195	27.500	160	96	7	223	367	54	208	8.89e-08	49.7
LPLBEGGG_00041	MER0042974	25.275	182	114	5	194	359	7	182	2.26e-06	44.7
LPLBEGGG_00060	MER0036052	29.293	99	61	2	76	165	79	177	5.64e-08	49.7
LPLBEGGG_00060	MER0036115	23.913	138	91	6	59	184	15	150	6.78e-08	49.7
LPLBEGGG_00060	MER0036050	27.820	133	69	4	31	154	53	167	2.39e-07	47.8
LPLBEGGG_00060	MER0036049	23.577	123	76	4	57	161	1	123	1.47e-06	45.4
LPLBEGGG_00060	MER0033249	23.232	198	110	7	73	264	29	190	1.47e-06	44.7
LPLBEGGG_00060	MER0044900	29.630	108	61	5	70	162	81	188	1.86e-06	45.4
LPLBEGGG_00060	MER0031618	27.132	129	80	6	45	161	1	127	2.92e-06	44.7
LPLBEGGG_00060	MER0033259	22.727	264	162	7	50	277	3	260	3.96e-06	43.9
LPLBEGGG_00060	MER0036051	32.584	89	49	4	75	154	78	164	5.77e-06	43.5
LPLBEGGG_00060	MER0036038	23.431	239	149	11	52	262	2	234	8.33e-06	43.1
LPLBEGGG_00060	MER0036054	29.348	92	55	4	76	160	14	102	9.96e-06	42.7
LPLBEGGG_00074	MER0217243	23.077	195	126	6	92	264	44	236	1.07e-06	45.8
LPLBEGGG_00075	MER0000436	27.305	282	180	9	36	299	11	285	1.41e-20	86.7
LPLBEGGG_00075	MER0003537	28.421	285	176	10	35	301	10	284	1.49e-18	80.9
LPLBEGGG_00075	MER0000437	22.968	283	191	7	41	303	22	297	8.71e-16	73.2
LPLBEGGG_00075	MER0001380	34.286	105	64	2	46	145	26	130	7.25e-11	58.5
LPLBEGGG_00075	MER0000431	24.088	274	169	9	30	273	16	280	8.36e-11	58.5
LPLBEGGG_00075	MER0011785	22.261	283	184	7	42	295	31	306	4.05e-10	56.6
LPLBEGGG_00075	MER0030163	35.897	78	49	1	66	142	49	126	2.02e-09	54.3
LPLBEGGG_00075	MER0025512	24.632	272	172	11	35	288	39	295	2.82e-09	53.9
LPLBEGGG_00075	MER0001367	30.909	110	59	4	46	138	34	143	9.15e-09	52.8
LPLBEGGG_00075	MER0004146	21.071	280	170	10	35	291	8	259	1.02e-08	52.0
LPLBEGGG_00075	MER0014065	30.833	120	78	5	26	142	12	129	5.77e-08	50.1
LPLBEGGG_00075	MER0031610	22.957	257	168	9	55	299	62	300	6.20e-08	50.1
LPLBEGGG_00075	MER0037236	22.022	277	158	12	32	282	6	250	4.99e-07	47.0
LPLBEGGG_00075	MER0017142	20.741	270	175	8	34	291	2	244	3.04e-06	44.3
LPLBEGGG_00075	MER0033259	26.667	120	82	2	27	142	12	129	5.68e-06	43.5
LPLBEGGG_00129	MER0100667	31.553	206	126	6	60	259	4	200	1.31e-16	73.9
LPLBEGGG_00129	MER0001288	30.986	213	116	9	73	268	19	217	5.96e-16	72.4
LPLBEGGG_00129	MER0002161	27.778	270	152	10	31	279	30	277	3.83e-14	68.2
LPLBEGGG_00129	MER0001289	31.308	214	126	10	57	259	41	244	5.32e-14	67.4
LPLBEGGG_00129	MER0037181	28.636	220	124	9	32	243	27	221	7.57e-12	61.2
LPLBEGGG_00129	MER0015691	31.220	205	99	11	74	253	50	237	1.20e-11	60.5
LPLBEGGG_00129	MER0005239	28.507	221	107	9	77	259	69	276	1.25e-11	60.8
LPLBEGGG_00129	MER0194228	31.638	177	102	8	93	259	1	168	1.26e-11	59.3
LPLBEGGG_00129	MER0005139	31.496	127	73	4	60	181	46	163	4.17e-11	59.3
LPLBEGGG_00129	MER0013618	34.731	167	88	8	18	178	1	152	4.73e-11	58.9
LPLBEGGG_00129	MER0005149	35.965	114	59	5	72	180	60	164	1.58e-10	57.4
LPLBEGGG_00129	MER0001284	33.621	116	72	3	77	189	36	149	1.69e-10	57.0
LPLBEGGG_00129	MER0015336	30.357	112	62	4	54	162	43	141	4.11e-09	53.1
LPLBEGGG_00129	MER0004514	29.508	122	81	2	62	180	21	140	7.59e-09	52.0
LPLBEGGG_00129	MER0002104	29.560	159	93	7	27	178	17	163	9.89e-09	52.0
LPLBEGGG_00129	MER0032443	31.496	127	77	3	61	181	23	145	9.24e-08	48.9
LPLBEGGG_00130	MER0005694	53.191	282	131	1	438	719	1	281	2.18e-102	312
LPLBEGGG_00130	MER0000392	52.482	282	124	4	450	722	3	283	1.83e-101	310
LPLBEGGG_00130	MER0015621	52.265	287	119	5	442	711	4	289	1.04e-97	301
LPLBEGGG_00130	MER0022823	53.160	269	117	7	450	711	3	269	1.32e-93	289
LPLBEGGG_00130	MER0981959	50.538	279	120	5	449	711	1	277	7.11e-92	285
LPLBEGGG_00130	MER0079308	51.894	264	123	4	455	716	8	269	7.29e-90	279
LPLBEGGG_00130	MER0002490	47.297	296	130	6	441	711	3	297	3.93e-89	279
LPLBEGGG_00130	MER0011450	49.077	271	127	5	450	711	3	271	2.93e-84	265
LPLBEGGG_00130	MER0325901	44.161	274	148	5	450	719	1	273	4.05e-70	227
LPLBEGGG_00130	MER0000398	45.000	260	130	7	454	713	4	250	1.79e-62	206
LPLBEGGG_00130	MER0003229	38.060	268	158	5	450	716	11	271	2.83e-53	182
LPLBEGGG_00130	MER0000410	33.209	268	172	5	450	713	13	277	1.68e-42	152
LPLBEGGG_00130	MER0011872	32.971	276	175	6	451	720	16	287	2.03e-34	130
LPLBEGGG_00130	MER0082498	31.081	222	143	4	464	675	12	233	1.43e-29	115
LPLBEGGG_00130	MER0004227	30.500	200	135	2	464	660	33	231	8.90e-24	99.4
LPLBEGGG_00130	MER0082653	27.200	250	160	7	464	692	16	264	1.22e-23	98.6
LPLBEGGG_00130	MER0001920	25.463	216	145	8	504	711	36	243	9.32e-07	47.8
LPLBEGGG_00202	MER0897124	24.834	451	276	15	9	434	5	417	9.97e-17	78.6
LPLBEGGG_00202	MER0004468	25.974	231	145	6	219	434	198	417	7.84e-15	72.8
LPLBEGGG_00202	MER0004468	38.806	67	39	1	9	75	5	69	2.35e-06	46.2
LPLBEGGG_00202	MER0004469	30.000	130	80	5	4	130	2	123	3.70e-11	61.2
LPLBEGGG_00202	MER0004480	34.783	115	67	4	12	125	1	108	2.62e-09	55.1
LPLBEGGG_00202	MER0004474	31.897	116	68	4	15	130	89	193	1.19e-08	53.5
LPLBEGGG_00202	MER0004471	30.233	129	80	4	5	133	85	203	1.17e-07	50.4
LPLBEGGG_00215	MER0069741	33.088	136	63	4	44	179	64	171	1.17e-13	66.2
LPLBEGGG_00215	MER0015415	29.530	149	73	5	27	170	43	164	2.04e-09	53.9
LPLBEGGG_00215	MER0003376	33.333	93	39	1	84	176	83	152	1.13e-08	51.6
LPLBEGGG_00215	MER0003380	30.345	145	69	5	22	160	104	222	7.88e-07	47.4
LPLBEGGG_00220	MER0000576	32.174	115	61	2	25	122	1	115	3.10e-16	66.2
LPLBEGGG_00240	MER0168983	27.152	151	95	4	284	431	1	139	1.88e-12	62.4
LPLBEGGG_00240	MER0036308	27.778	144	86	4	256	397	11	138	8.08e-09	53.1
LPLBEGGG_00240	MER0168177	26.316	114	70	3	336	441	42	149	1.61e-08	51.2
LPLBEGGG_00240	MER0019754	26.705	176	106	9	274	431	2	172	1.75e-08	51.6
LPLBEGGG_00240	MER0019730	22.807	228	131	9	272	465	27	243	4.33e-08	51.2
LPLBEGGG_00240	MER0000997	27.429	175	107	8	274	431	23	194	5.28e-08	50.4
LPLBEGGG_00240	MER0002755	27.559	127	78	3	336	448	74	200	6.25e-08	50.1
LPLBEGGG_00240	MER0001701	26.087	161	102	5	279	424	12	170	1.23e-07	49.7
LPLBEGGG_00240	MER0011183	27.333	150	91	6	339	474	77	222	2.43e-07	48.5
LPLBEGGG_00240	MER0006264	29.091	110	61	4	336	431	53	159	3.44e-07	47.8
LPLBEGGG_00240	MER0011440	26.168	107	68	3	336	431	81	187	3.74e-07	48.1
LPLBEGGG_00240	MER0012283	30.328	122	72	3	263	382	20	130	4.80e-07	47.8
LPLBEGGG_00240	MER0011438	26.168	107	68	3	336	431	81	187	5.52e-07	47.4
LPLBEGGG_00240	MER0011720	30.303	99	59	3	273	370	24	113	1.18e-06	46.6
LPLBEGGG_00240	MER0005331	26.496	117	72	2	325	431	75	187	1.46e-06	46.2
LPLBEGGG_00240	MER0002746	28.440	109	67	2	335	432	81	189	2.39e-06	45.8
LPLBEGGG_00240	MER0012271	23.490	149	96	5	337	467	86	234	2.45e-06	45.8
LPLBEGGG_00240	MER0002060	28.037	107	65	4	336	431	87	192	3.23e-06	45.1
LPLBEGGG_00240	MER0004243	26.702	191	113	9	274	442	22	207	3.61e-06	45.1
LPLBEGGG_00240	MER0015166	23.148	108	68	3	336	430	102	207	4.11e-06	45.1
LPLBEGGG_00240	MER0001017	24.823	141	77	5	336	454	84	217	4.41e-06	45.1
LPLBEGGG_00240	MER0002968	23.364	107	72	2	336	432	87	193	5.07e-06	44.7
LPLBEGGG_00278	MER0045886	43.860	228	125	3	1	226	10	236	9.71e-57	186
LPLBEGGG_00278	MER0044889	36.245	229	141	4	2	227	16	242	4.52e-41	144
LPLBEGGG_00278	MER0038086	35.922	206	117	4	5	195	29	234	2.10e-36	132
LPLBEGGG_00278	MER0436735	28.958	259	147	4	5	226	4	262	4.10e-35	129
LPLBEGGG_00278	MER0042974	34.031	191	117	4	12	194	1	190	4.25e-28	107
LPLBEGGG_00278	MER0043387	32.022	178	117	3	20	195	1	176	1.64e-24	97.4
LPLBEGGG_00278	MER0043537	30.387	181	123	2	5	183	2	181	4.10e-22	90.9
LPLBEGGG_00278	MER0043392	28.750	160	110	4	27	184	1	158	1.09e-10	57.4
LPLBEGGG_00278	MER0044622	29.936	157	89	5	39	184	68	214	1.79e-10	58.5
LPLBEGGG_00278	MER0043394	30.894	123	78	4	66	184	43	162	2.06e-09	53.5
LPLBEGGG_00278	MER0043195	26.016	123	78	4	73	183	85	206	3.08e-07	48.5
LPLBEGGG_00278	MER0044619	25.161	155	97	7	39	184	50	194	5.21e-06	44.7
LPLBEGGG_00278	MER0044882	29.365	126	82	5	73	191	52	177	7.17e-06	43.5
LPLBEGGG_00316	MER0030932	23.404	235	163	7	55	280	1	227	6.19e-14	67.0
LPLBEGGG_00316	MER0058228	28.899	218	118	10	77	273	14	215	4.93e-12	61.6
LPLBEGGG_00316	MER0126485	25.217	230	140	10	83	292	13	230	1.55e-07	48.1
LPLBEGGG_00316	MER0017401	32.877	146	78	7	70	199	2	143	1.63e-07	48.1
LPLBEGGG_00316	MER0005987	25.000	188	124	8	113	295	84	259	1.75e-07	48.1
LPLBEGGG_00316	MER0013484	31.111	135	66	7	73	184	2	132	8.60e-07	45.8
LPLBEGGG_00316	MER0001423	26.887	212	128	9	77	273	9	208	1.75e-06	45.1
LPLBEGGG_00316	MER0011231	24.201	219	143	7	83	286	39	249	4.53e-06	43.9
LPLBEGGG_00316	MER0034615	24.352	193	122	7	80	254	18	204	5.26e-06	43.5
LPLBEGGG_00316	MER0011413	24.057	212	124	9	83	271	15	212	8.01e-06	43.1
LPLBEGGG_00329	MER0003514	24.865	185	101	3	242	425	18	165	1.07e-12	63.2
LPLBEGGG_00329	MER0004196	28.495	186	95	5	241	426	21	168	1.16e-11	60.1
LPLBEGGG_00329	MER0001297	27.174	184	98	3	242	425	18	165	7.74e-11	57.8
LPLBEGGG_00329	MER0030235	27.273	187	105	8	247	429	25	184	8.29e-10	55.1
LPLBEGGG_00329	MER0030244	24.590	183	105	7	247	424	36	190	5.40e-09	52.8
LPLBEGGG_00329	MER0003413	21.714	175	102	3	251	425	27	166	1.01e-08	51.6
LPLBEGGG_00329	MER0015684	23.457	162	90	2	260	421	36	163	2.92e-08	50.1
LPLBEGGG_00329	MER0078760	24.725	182	103	5	254	429	45	198	1.49e-07	48.5
LPLBEGGG_00329	MER0005714	22.549	204	116	3	229	424	4	173	2.47e-06	44.7
LPLBEGGG_00375	MER0034582	28.364	275	181	7	642	907	53	320	1.02e-28	115
LPLBEGGG_00381	MER0002161	34.132	167	91	6	31	194	15	165	2.95e-17	77.4
LPLBEGGG_00381	MER0037181	28.571	231	135	10	30	256	14	218	4.01e-17	76.6
LPLBEGGG_00381	MER0100667	28.505	214	132	8	83	293	20	215	8.51e-16	72.0
LPLBEGGG_00381	MER0001284	32.759	116	75	2	101	214	48	162	6.82e-15	70.1
LPLBEGGG_00381	MER0001289	27.670	206	122	9	87	283	62	249	1.58e-13	66.2
LPLBEGGG_00381	MER0001290	32.768	177	94	6	29	189	37	204	4.04e-13	65.9
LPLBEGGG_00381	MER0194228	26.984	189	114	7	103	283	1	173	4.22e-13	63.9
LPLBEGGG_00381	MER0004514	30.108	93	63	1	101	191	48	140	3.64e-12	62.0
LPLBEGGG_00381	MER0001288	32.632	95	55	3	101	194	34	120	9.99e-10	54.7
LPLBEGGG_00381	MER0005131	31.858	113	68	3	86	192	37	146	9.15e-09	52.0
LPLBEGGG_00381	MER0002104	24.775	222	124	8	86	278	66	273	2.79e-07	47.8
LPLBEGGG_00381	MER0013618	28.099	121	77	4	70	189	41	152	4.83e-07	47.4
LPLBEGGG_00381	MER0005139	28.070	114	61	5	87	192	63	163	8.65e-07	46.2
LPLBEGGG_00381	MER0005239	25.907	193	103	10	120	278	90	276	4.17e-06	44.3
LPLBEGGG_00381	MER0032443	29.474	95	60	2	104	192	52	145	5.27e-06	43.9
LPLBEGGG_00402	MER0005778	30.247	162	96	7	68	224	27	176	1.74e-10	59.7
LPLBEGGG_00402	MER0005764	28.977	176	108	7	62	233	22	184	7.47e-10	57.4
LPLBEGGG_00402	MER0004682	26.667	180	109	7	58	227	19	185	1.91e-08	53.1
LPLBEGGG_00402	MER0006012	28.148	135	84	5	68	201	21	143	3.00e-07	47.0
LPLBEGGG_00402	MER0005701	28.177	181	96	8	59	225	20	180	3.19e-07	49.3
LPLBEGGG_00402	MER0016609	27.660	188	117	8	64	242	26	203	3.24e-07	49.3
LPLBEGGG_00402	MER0011754	27.660	188	107	8	59	234	20	190	3.65e-07	49.3
LPLBEGGG_00402	MER0000413	29.605	152	89	5	65	210	38	177	4.00e-07	48.9
LPLBEGGG_00402	MER0004684	25.275	182	118	7	58	237	19	184	4.56e-07	48.9
LPLBEGGG_00402	MER0015654	24.762	210	133	8	59	260	21	213	5.63e-07	48.5
LPLBEGGG_00402	MER0022863	32.680	153	80	8	60	208	26	159	6.52e-07	48.5
LPLBEGGG_00402	MER0010960	31.293	147	81	10	64	208	31	159	1.08e-06	47.8
LPLBEGGG_00402	MER0005833	29.333	150	87	6	61	208	21	153	2.52e-06	46.6
LPLBEGGG_00402	MER0015657	27.128	188	108	8	58	231	19	191	4.15e-06	45.8
LPLBEGGG_00402	MER0011751	28.378	222	126	11	63	275	24	221	4.60e-06	45.8
LPLBEGGG_00402	MER0000426	28.777	139	78	5	78	212	36	157	6.82e-06	45.1
LPLBEGGG_00402	MER0000428	26.316	152	95	6	62	212	20	155	8.60e-06	44.7
LPLBEGGG_00402	MER0013916	25.000	180	115	8	59	229	21	189	9.69e-06	44.7
LPLBEGGG_00403	MER0001161	40.976	676	392	4	5	673	3	678	1.48e-178	521
LPLBEGGG_00403	MER0001158	36.858	662	412	5	16	673	18	677	4.32e-151	451
LPLBEGGG_00403	MER0006087	36.351	696	413	13	3	674	10	699	5.22e-145	436
LPLBEGGG_00403	MER0015119	34.406	715	423	15	3	674	6	717	4.42e-133	405
LPLBEGGG_00403	MER0108144	31.346	654	412	11	42	673	24	662	1.26e-104	329
LPLBEGGG_00403	MER0001149	31.287	684	424	15	14	673	15	676	3.55e-102	324
LPLBEGGG_00403	MER0001942	31.240	605	388	10	80	673	89	676	4.09e-91	294
LPLBEGGG_00403	MER0003110	28.612	713	416	18	29	673	28	715	6.11e-87	284
LPLBEGGG_00403	MER0001153	31.498	654	406	17	47	673	54	692	8.28e-87	283
LPLBEGGG_00403	MER0079465	27.077	650	431	19	50	673	2	634	3.62e-71	240
LPLBEGGG_00403	MER0015170	27.580	562	373	12	111	668	94	625	8.42e-62	214
LPLBEGGG_00403	MER0001156	25.688	654	397	23	55	650	62	684	2.48e-47	175
LPLBEGGG_00403	MER0021317	32.500	80	54	0	423	502	8	87	8.50e-10	53.1
LPLBEGGG_00411	MER0023251	25.818	275	139	11	565	800	129	377	5.87e-07	51.6
LPLBEGGG_00664	MER0065588	43.299	194	107	3	11	201	3	196	1.76e-51	161
LPLBEGGG_00664	MER0045886	27.094	203	113	10	9	198	12	192	2.16e-09	52.4
LPLBEGGG_00664	MER0038086	27.206	136	69	5	77	199	105	223	1.39e-08	50.1
LPLBEGGG_00664	MER0043387	27.068	133	72	4	74	199	51	165	1.60e-06	43.5
LPLBEGGG_00664	MER0044619	28.736	174	89	10	39	201	47	196	4.52e-06	42.7
LPLBEGGG_00664	MER0045095	29.545	132	71	6	80	201	107	226	6.56e-06	42.4
LPLBEGGG_00671	MER0065554	47.191	267	130	3	282	538	2	267	2.73e-85	262
LPLBEGGG_00671	MER0437468	38.395	349	200	5	197	531	1	348	2.32e-76	242
LPLBEGGG_00671	MER0436717	35.411	401	190	10	197	533	1	396	7.78e-63	208
LPLBEGGG_00678	MER0091680	31.731	208	129	6	239	434	11	217	1.90e-23	96.3
LPLBEGGG_00678	MER0011183	27.700	213	141	5	237	436	10	222	8.89e-23	94.4
LPLBEGGG_00678	MER0019759	28.879	232	153	5	220	439	1	232	4.47e-22	92.4
LPLBEGGG_00678	MER0015166	28.634	227	133	5	215	416	8	230	1.27e-21	91.3
LPLBEGGG_00678	MER0002968	28.767	219	144	4	215	421	1	219	1.29e-21	90.9
LPLBEGGG_00678	MER0002746	27.468	233	156	6	220	439	1	233	1.72e-21	90.9
LPLBEGGG_00678	MER0011720	28.436	211	134	5	215	417	1	202	9.76e-21	88.2
LPLBEGGG_00678	MER0002422	30.726	179	115	5	249	418	29	207	1.63e-20	87.4
LPLBEGGG_00678	MER0028449	31.925	213	122	7	227	417	10	221	7.29e-20	85.9
LPLBEGGG_00678	MER0001701	28.505	214	123	4	237	428	6	211	8.32e-20	85.9
LPLBEGGG_00678	MER0005046	31.088	193	121	4	237	417	6	198	1.79e-19	84.0
LPLBEGGG_00678	MER0001012	27.149	221	138	4	215	417	1	216	2.21e-19	84.3
LPLBEGGG_00678	MER0011440	29.911	224	131	6	221	426	1	216	2.25e-19	84.3
LPLBEGGG_00678	MER0002003	28.444	225	135	7	215	419	1	219	1.14e-18	82.4
LPLBEGGG_00678	MER0002355	28.502	207	135	5	215	412	1	203	1.35e-18	82.0
LPLBEGGG_00678	MER0001017	28.241	216	128	7	220	417	12	218	2.23e-18	82.0
LPLBEGGG_00678	MER0005331	29.474	190	122	4	240	417	21	210	2.64e-18	81.3
LPLBEGGG_00678	MER0001013	28.704	216	135	7	215	417	8	217	1.30e-17	79.7
LPLBEGGG_00678	MER0036308	33.742	163	94	3	265	418	55	212	1.42e-17	79.7
LPLBEGGG_00678	MER0011345	31.633	196	95	7	246	417	37	217	1.08e-16	77.0
LPLBEGGG_00678	MER0006264	29.121	182	115	4	249	417	2	182	1.93e-16	75.1
LPLBEGGG_00678	MER0011423	26.244	221	133	4	220	417	1	214	2.24e-16	75.5
LPLBEGGG_00678	MER0001009	33.974	156	92	3	297	442	20	174	3.85e-16	74.7
LPLBEGGG_00678	MER0001010	29.353	201	129	3	243	430	3	203	4.86e-16	74.3
LPLBEGGG_00678	MER0005328	30.055	183	100	6	247	410	27	200	6.73e-16	73.9
LPLBEGGG_00678	MER0000997	28.846	208	118	7	227	411	11	211	1.05e-15	73.6
LPLBEGGG_00678	MER0011438	27.751	209	116	6	221	405	1	198	1.69e-15	72.8
LPLBEGGG_00678	MER0005045	29.897	194	122	5	237	417	6	198	4.16e-15	71.6
LPLBEGGG_00678	MER0002060	25.000	216	148	5	215	417	1	215	7.14e-15	71.2
LPLBEGGG_00678	MER0011401	27.879	165	102	4	265	412	38	202	1.93e-14	69.7
LPLBEGGG_00678	MER0011175	24.645	211	144	4	221	417	1	210	6.48e-14	68.2
LPLBEGGG_00678	MER0001003	31.492	181	105	5	252	416	7	184	7.09e-14	67.4
LPLBEGGG_00678	MER0002078	25.630	238	154	7	220	439	1	233	8.23e-14	68.6
LPLBEGGG_00678	MER0001185	28.877	187	118	5	239	412	26	210	1.10e-13	67.8
LPLBEGGG_00678	MER0011399	25.123	203	138	4	220	409	1	202	1.52e-13	67.4
LPLBEGGG_00678	MER0019754	26.425	193	127	5	240	417	3	195	1.91e-13	66.6
LPLBEGGG_00678	MER0011369	25.592	211	144	5	220	417	15	225	3.30e-13	66.6
LPLBEGGG_00678	MER0012283	29.091	165	101	4	265	418	57	216	4.24e-13	66.2
LPLBEGGG_00678	MER0011370	27.072	181	119	3	250	417	30	210	4.87e-13	65.9
LPLBEGGG_00678	MER0012271	29.189	185	106	6	251	418	43	219	6.36e-13	66.2
LPLBEGGG_00678	MER0004243	29.744	195	119	6	240	417	23	216	7.64e-13	65.1
LPLBEGGG_00678	MER0168983	28.409	176	104	5	252	419	3	164	2.29e-12	62.8
LPLBEGGG_00678	MER0016308	27.624	181	112	5	251	416	6	182	2.05e-11	60.5
LPLBEGGG_00678	MER0002281	29.050	179	108	4	254	418	46	219	4.60e-11	60.5
LPLBEGGG_00678	MER0002755	27.273	176	109	4	251	412	32	202	5.02e-11	59.7
LPLBEGGG_00678	MER0052595	26.943	193	126	4	240	417	28	220	5.22e-11	60.1
LPLBEGGG_00678	MER0011371	25.481	208	142	4	220	414	1	208	6.45e-11	59.3
LPLBEGGG_00678	MER0003916	24.352	193	134	4	235	417	4	194	1.24e-10	58.2
LPLBEGGG_00678	MER0001001	24.865	185	128	3	245	418	26	210	1.41e-10	58.5
LPLBEGGG_00678	MER0011400	25.000	188	124	4	230	404	15	198	3.17e-10	57.8
LPLBEGGG_00678	MER0168177	33.077	130	76	4	295	418	40	164	5.73e-10	55.8
LPLBEGGG_00678	MER0116688	25.773	194	129	4	244	423	25	217	8.55e-10	56.6
LPLBEGGG_00678	MER0019096	27.338	139	97	1	299	437	62	196	9.05e-10	55.8
LPLBEGGG_00678	MER0026830	27.826	115	74	2	240	351	23	131	1.34e-09	55.1
LPLBEGGG_00678	MER0002210	27.742	155	98	3	264	404	2	156	1.62e-09	54.3
LPLBEGGG_00678	MER0001005	28.571	182	110	8	251	417	1	177	1.59e-08	52.0
LPLBEGGG_00678	MER0171631	29.348	184	118	6	242	413	22	205	3.63e-08	51.2
LPLBEGGG_00678	MER0003500	22.513	191	124	5	251	423	19	203	5.16e-08	50.8
LPLBEGGG_00678	MER0026493	25.166	151	103	3	224	369	4	149	1.48e-07	48.9
LPLBEGGG_00678	MER0002658	28.788	132	69	4	300	412	1	126	4.29e-07	47.0
LPLBEGGG_00685	MER0026545	34.807	181	100	4	105	278	99	268	1.11e-30	113
LPLBEGGG_00685	MER0026552	35.673	171	97	2	97	267	1	158	1.86e-29	107
LPLBEGGG_00685	MER0042387	32.184	174	101	5	108	276	18	179	1.21e-26	100
LPLBEGGG_00685	MER0031491	30.055	183	106	5	110	284	20	188	8.20e-21	84.7
LPLBEGGG_00685	MER0026496	28.137	263	164	7	24	272	14	265	1.51e-20	85.9
LPLBEGGG_00685	MER0002639	28.261	184	117	8	98	277	2	174	2.89e-09	52.4
LPLBEGGG_00685	MER0002642	23.602	161	116	3	105	265	9	162	7.04e-09	51.2
LPLBEGGG_00695	MER0047723	44.842	475	260	2	7	479	1	475	4.63e-146	424
LPLBEGGG_00695	MER0001283	40.994	483	284	1	4	485	2	484	4.11e-139	406
LPLBEGGG_00695	MER0028941	30.636	173	96	5	12	172	1	161	1.31e-10	59.7
LPLBEGGG_00695	MER0369336	33.036	112	61	3	65	172	8	109	3.06e-10	58.2
LPLBEGGG_00698	MER0002635	36.934	287	155	5	144	409	3	284	1.55e-51	172
LPLBEGGG_00698	MER0173063	37.546	269	161	4	144	408	2	267	1.61e-49	166
LPLBEGGG_00698	MER0002646	32.787	305	166	3	144	409	3	307	4.44e-49	166
LPLBEGGG_00698	MER0003824	35.185	270	166	6	142	409	1	263	6.77e-47	159
LPLBEGGG_00698	MER0120615	30.882	272	169	6	144	408	1	260	7.06e-39	137
LPLBEGGG_00698	MER0049282	34.109	258	161	5	157	410	21	273	2.32e-35	128
LPLBEGGG_00698	MER0003772	28.077	260	174	3	158	409	17	271	1.01e-32	121
LPLBEGGG_00698	MER0011469	26.855	283	181	5	150	409	9	288	1.07e-28	110
LPLBEGGG_00698	MER0011470	26.217	267	172	6	161	405	15	278	4.69e-22	92.4
LPLBEGGG_00698	MER0142760	30.247	162	111	1	243	404	301	460	1.25e-16	78.2
LPLBEGGG_00698	MER0006292	27.861	201	114	10	212	409	1	173	4.18e-14	67.0
LPLBEGGG_00714	MER0000485	47.899	238	123	1	572	808	1	238	3.79e-72	233
LPLBEGGG_00714	MER0000495	42.169	249	135	2	572	811	1	249	1.68e-58	197
LPLBEGGG_00714	MER0003442	44.749	219	115	2	594	809	10	225	1.38e-55	188
LPLBEGGG_00714	MER0014970	36.559	279	132	2	572	805	1	279	7.12e-55	188
LPLBEGGG_00714	MER0011056	44.928	207	111	1	602	805	15	221	2.91e-54	184
LPLBEGGG_00714	MER0003443	45.128	195	102	2	611	800	29	223	7.90e-53	180
LPLBEGGG_00714	MER0011057	43.415	205	113	1	604	805	17	221	3.56e-51	176
LPLBEGGG_00714	MER0000488	40.851	235	127	4	572	800	1	229	4.71e-51	176
LPLBEGGG_00714	MER0004236	44.068	177	97	1	627	803	85	259	1.52e-44	158
LPLBEGGG_00714	MER0000496	40.099	202	116	1	593	789	76	277	1.28e-43	157
LPLBEGGG_00714	MER0005837	36.585	246	135	4	573	801	2	243	3.84e-40	145
LPLBEGGG_00714	MER0108906	37.500	240	135	4	572	805	1	231	8.34e-39	140
LPLBEGGG_00714	MER0026213	31.579	152	101	1	658	809	111	259	2.43e-21	91.3
LPLBEGGG_00714	MER0003859	31.210	157	101	3	652	808	79	228	6.87e-18	80.9
LPLBEGGG_00714	MER0017402	34.416	154	90	3	630	778	28	175	5.61e-17	77.8
LPLBEGGG_00714	MER0003359	31.677	161	97	6	630	780	45	202	9.57e-12	62.8
LPLBEGGG_00714	MER0000491	26.667	120	85	1	668	787	5	121	6.90e-07	47.4
LPLBEGGG_00714	MER0017403	35.366	82	53	0	694	775	95	176	9.25e-07	47.8
LPLBEGGG_00720	MER0195376	32.323	198	104	7	218	400	1	183	1.65e-21	88.6
LPLBEGGG_00720	MER0003514	26.596	188	113	4	216	403	1	163	1.62e-07	48.1
LPLBEGGG_00720	MER0004195	26.429	140	82	4	216	350	1	124	1.38e-06	45.4
LPLBEGGG_00720	MER0003413	28.148	135	84	3	217	350	2	124	1.94e-06	45.1
LPLBEGGG_00720	MER0001297	27.737	137	83	3	216	350	1	123	2.29e-06	44.7
LPLBEGGG_00720	MER0003065	28.571	133	83	5	218	350	3	123	2.36e-06	44.7
LPLBEGGG_00737	MER0001421	52.393	397	186	3	16	411	1	395	3.44e-150	428
LPLBEGGG_00737	MER0028941	28.883	412	239	13	7	410	2	367	1.08e-30	118
LPLBEGGG_00737	MER0369336	28.571	343	205	8	71	410	10	315	4.20e-29	112
LPLBEGGG_00737	MER0001266	22.063	349	242	14	62	394	41	375	5.55e-07	48.1
LPLBEGGG_00789	MER0492485	41.935	93	36	4	80	166	34	114	1.38e-08	49.7
LPLBEGGG_00821	MER0073084	21.353	473	313	12	56	493	29	477	3.02e-25	106
LPLBEGGG_00821	MER0014496	24.277	346	219	12	274	587	264	598	9.33e-13	67.8
LPLBEGGG_00858	MER0026494	32.505	483	290	9	1	460	4	473	8.28e-74	237
LPLBEGGG_00858	MER0026471	32.218	478	286	11	12	463	16	481	7.27e-72	232
LPLBEGGG_00858	MER0015142	31.677	483	298	8	1	461	33	505	1.10e-71	232
LPLBEGGG_00858	MER0003397	32.547	212	121	6	1	198	5	208	6.08e-24	99.0
LPLBEGGG_00858	MER0003397	30.337	89	62	0	362	450	213	301	3.93e-10	57.8
LPLBEGGG_00858	MER0052470	24.450	409	260	11	57	440	59	443	9.07e-22	94.4
LPLBEGGG_00858	MER0026485	33.005	203	118	5	8	198	11	207	4.42e-21	90.5
LPLBEGGG_00858	MER0026485	35.106	94	61	0	360	453	210	303	2.62e-12	64.3
LPLBEGGG_00858	MER0057434	29.952	207	123	8	6	198	1	199	2.28e-16	76.6
LPLBEGGG_00858	MER0057434	31.818	66	45	0	381	446	223	288	6.27e-06	44.7
LPLBEGGG_00858	MER0001272	32.558	86	51	2	80	164	60	139	4.87e-08	50.8
LPLBEGGG_00858	MER0238460	24.194	248	154	10	5	236	6	235	8.38e-06	44.7
LPLBEGGG_00882	MER0028047	59.777	179	69	2	445	623	1	176	8.69e-68	217
LPLBEGGG_00882	MER0011350	29.148	223	120	9	428	614	8	228	2.75e-09	55.1
LPLBEGGG_00882	MER0003564	25.339	221	129	7	429	613	5	225	3.47e-09	54.7
LPLBEGGG_00887	MER0002489	31.532	333	187	7	41	341	23	346	1.42e-40	145
LPLBEGGG_00887	MER0000459	26.882	279	186	7	45	306	28	305	1.88e-28	112
LPLBEGGG_00887	MER0005964	25.786	318	198	6	60	344	40	352	3.87e-27	108
LPLBEGGG_00887	MER0026262	26.608	342	222	11	26	340	1	340	2.46e-26	105
LPLBEGGG_00887	MER1143079	27.211	294	178	9	28	310	2	270	3.71e-26	103
LPLBEGGG_00887	MER0003802	27.881	269	179	5	41	306	16	272	6.70e-26	103
LPLBEGGG_00887	MER0140154	25.225	333	194	10	44	325	5	333	1.73e-20	89.0
LPLBEGGG_00887	MER0011700	27.402	281	166	8	44	287	20	299	5.24e-19	85.1
LPLBEGGG_00887	MER0000457	22.186	311	219	10	24	319	4	306	1.40e-16	77.4
LPLBEGGG_00887	MER0017069	23.000	300	202	9	46	325	16	306	1.45e-16	77.4
LPLBEGGG_00887	MER0004154	22.150	307	198	10	42	318	19	314	3.03e-15	73.6
LPLBEGGG_00887	MER0000463	23.664	262	178	6	44	293	20	271	1.98e-14	71.2
LPLBEGGG_00887	MER0006204	23.618	199	135	5	26	208	5	202	4.18e-14	70.1
LPLBEGGG_00887	MER0219770	27.097	155	101	4	76	224	50	198	6.68e-13	65.9
LPLBEGGG_00887	MER0005925	23.625	309	202	14	44	325	21	322	6.72e-13	66.2
LPLBEGGG_00887	MER0028284	24.064	187	131	3	44	224	18	199	5.31e-12	63.5
LPLBEGGG_00887	MER0005923	31.633	98	61	1	45	136	28	125	1.49e-10	59.7
LPLBEGGG_00887	MER0122661	22.263	274	198	8	28	289	1	271	2.51e-10	58.5
LPLBEGGG_00887	MER0005836	24.670	227	147	6	44	256	29	245	5.50e-10	56.6
LPLBEGGG_00887	MER0015683	22.564	195	138	6	25	211	22	211	1.17e-08	52.8
LPLBEGGG_00887	MER0004090	23.729	177	112	5	52	208	35	208	2.11e-08	52.8
LPLBEGGG_00887	MER0192873	28.641	206	116	7	77	257	1	200	2.81e-08	51.2
LPLBEGGG_00887	MER0356183	24.876	201	128	5	76	257	34	230	1.59e-07	48.9
LPLBEGGG_00887	MER0034963	24.540	163	109	4	36	193	17	170	5.14e-06	45.1
LPLBEGGG_00921	MER0045094	41.176	187	103	5	6	187	14	198	5.62e-42	138
LPLBEGGG_00921	MER0044622	39.791	191	102	6	6	187	28	214	2.91e-40	134
LPLBEGGG_00921	MER0043394	42.169	166	90	3	28	189	1	164	2.04e-38	127
LPLBEGGG_00921	MER0043392	37.410	139	84	2	49	187	23	158	3.38e-28	100
LPLBEGGG_00921	MER0043537	34.054	185	113	5	6	186	2	181	9.76e-28	100
LPLBEGGG_00921	MER0044882	36.471	170	100	6	26	187	1	170	2.16e-27	99.4
LPLBEGGG_00921	MER0043195	31.068	206	119	8	3	186	2	206	1.18e-23	91.3
LPLBEGGG_00921	MER0044619	31.579	190	117	7	6	187	10	194	2.41e-23	90.1
LPLBEGGG_00921	MER0045095	28.837	215	113	8	6	187	17	224	4.33e-18	76.6
LPLBEGGG_00921	MER0043387	37.288	118	71	3	71	188	52	166	3.67e-16	69.7
LPLBEGGG_00921	MER0044889	30.994	171	96	4	26	190	48	202	7.62e-15	67.4
LPLBEGGG_00921	MER0038086	32.759	116	72	3	77	187	109	223	3.83e-13	62.8
LPLBEGGG_00921	MER0045886	31.897	116	77	2	71	186	79	192	5.89e-13	62.0
LPLBEGGG_00921	MER0045945	28.986	138	72	3	47	173	73	195	9.50e-11	55.8
LPLBEGGG_00921	MER0060647	29.775	178	103	9	3	172	172	335	1.70e-10	55.8
LPLBEGGG_00921	MER0044812	23.636	165	114	4	18	178	68	224	2.83e-10	54.7
LPLBEGGG_00921	MER0046161	30.345	145	64	6	46	173	103	227	5.04e-10	54.3
LPLBEGGG_00921	MER0043540	30.070	143	63	8	47	173	85	206	5.48e-10	53.9
LPLBEGGG_00921	MER0436735	27.429	175	93	5	49	189	48	222	6.58e-10	53.9
LPLBEGGG_00921	MER0436691	31.159	138	71	6	46	172	101	225	7.44e-09	50.8
LPLBEGGG_00921	MER0078640	27.068	133	84	4	45	172	208	332	2.78e-07	46.6
LPLBEGGG_00921	MER0115185	25.000	136	90	4	47	178	8	135	3.87e-07	44.7
LPLBEGGG_00921	MER0042974	24.561	114	84	2	76	188	69	181	4.53e-06	42.4
LPLBEGGG_00942	MER0002251	44.397	232	123	4	2	230	2	230	5.97e-61	188
LPLBEGGG_00942	MER0001335	37.447	235	136	5	1	230	1	229	7.03e-48	154
LPLBEGGG_00946	MER0013458	26.351	148	92	6	45	191	28	159	6.80e-09	51.2
LPLBEGGG_00950	MER0001243	40.964	249	144	3	1	246	1	249	3.51e-61	191
LPLBEGGG_00950	MER0001342	39.834	241	145	0	6	246	7	247	5.78e-57	180
LPLBEGGG_00950	MER0015127	37.657	239	148	1	8	246	9	246	1.73e-51	166
LPLBEGGG_00950	MER0005690	37.131	237	148	1	10	246	11	246	2.12e-51	165
LPLBEGGG_00950	MER0015128	34.454	238	154	2	10	246	11	247	3.99e-47	154
LPLBEGGG_00950	MER0013929	34.298	242	158	1	5	246	6	246	2.91e-43	144
LPLBEGGG_00950	MER0013589	33.884	242	159	1	5	246	2	242	2.59e-42	142
LPLBEGGG_00950	MER0013450	30.400	250	172	2	2	249	1	250	6.91e-40	136
LPLBEGGG_00950	MER0010972	26.068	234	155	2	13	246	14	229	2.06e-19	81.6
LPLBEGGG_00950	MER0003880	29.843	191	119	5	29	215	22	201	4.95e-13	64.7
LPLBEGGG_00950	MER0004931	25.581	215	145	5	3	212	4	208	4.65e-12	60.8
LPLBEGGG_00950	MER0024896	31.818	88	59	1	159	246	380	466	9.02e-11	58.5
LPLBEGGG_00950	MER0024896	23.423	111	85	0	5	115	6	116	9.84e-08	49.3
LPLBEGGG_00950	MER0011746	26.168	214	139	7	13	213	14	221	1.72e-10	57.4
LPLBEGGG_00950	MER0001244	24.832	149	102	4	1	146	2	143	8.22e-08	48.9
LPLBEGGG_00950	MER0004532	24.779	226	151	5	5	226	6	216	1.27e-07	48.1
LPLBEGGG_00950	MER0002038	26.708	161	111	4	72	230	69	224	1.33e-07	48.1
LPLBEGGG_00950	MER0005462	22.490	249	166	6	1	248	2	224	1.58e-07	47.8
LPLBEGGG_01018	MER0036052	22.535	284	164	9	47	291	32	298	1.01e-07	49.7
LPLBEGGG_01018	MER0031618	22.581	155	111	4	64	216	17	164	5.01e-06	44.3
LPLBEGGG_01052	MER0035017	28.640	419	233	16	588	963	2	397	4.57e-38	144
LPLBEGGG_01052	MER0004090	28.571	385	232	10	579	942	1	363	7.57e-31	122
LPLBEGGG_01052	MER0003800	27.763	389	234	13	577	942	6	370	3.17e-24	103
LPLBEGGG_01052	MER0006204	25.620	121	85	2	583	699	1	120	1.43e-11	64.3
LPLBEGGG_01052	MER0026262	22.689	357	226	14	597	943	11	327	2.25e-10	60.1
LPLBEGGG_01052	MER0011700	30.357	112	71	3	592	698	6	115	6.53e-10	58.9
LPLBEGGG_01052	MER0005923	26.562	128	80	4	574	696	2	120	1.18e-07	52.0
LPLBEGGG_01052	MER0011726	35.106	94	60	1	604	697	23	115	1.64e-07	51.2
LPLBEGGG_01052	MER0354941	30.973	113	65	3	603	702	11	123	2.12e-06	46.2
LPLBEGGG_01052	MER0140154	19.614	311	200	10	603	886	2	289	5.18e-06	46.6
LPLBEGGG_01068	MER0001233	27.572	243	141	10	46	268	1	228	5.10e-16	75.5
LPLBEGGG_01068	MER0002008	24.561	228	141	7	46	260	1	210	6.55e-10	57.4
LPLBEGGG_01068	MER0003448	23.902	205	130	6	46	240	1	189	3.86e-06	45.8
LPLBEGGG_01068	MER0014333	24.324	222	140	8	46	252	1	209	5.25e-06	45.8
LPLBEGGG_01091	MER0002601	48.921	139	67	3	33	170	1	136	9.96e-40	129
LPLBEGGG_01091	MER0002455	48.252	143	65	3	33	173	1	136	2.27e-39	128
LPLBEGGG_01091	MER0014721	36.364	110	65	2	56	161	36	144	1.49e-20	80.5
LPLBEGGG_01091	MER0019092	34.653	101	62	2	64	161	45	144	1.35e-17	72.8
LPLBEGGG_01091	MER0121992	35.802	81	50	2	56	135	36	115	5.78e-09	49.3
LPLBEGGG_01091	MER0010992	32.051	78	52	1	68	145	34	110	5.08e-06	40.8
LPLBEGGG_01137	MER0005139	35.652	115	65	3	99	211	56	163	2.34e-14	69.3
LPLBEGGG_01137	MER0002161	27.935	247	137	9	44	288	15	222	5.76e-14	68.2
LPLBEGGG_01137	MER0005238	33.835	133	79	3	78	208	38	163	6.89e-14	67.8
LPLBEGGG_01137	MER0015691	40.000	105	55	2	105	208	52	149	1.31e-13	66.6
LPLBEGGG_01137	MER0015336	28.761	226	129	10	100	316	56	258	4.23e-13	65.5
LPLBEGGG_01137	MER0001289	26.923	234	140	7	102	327	58	268	1.38e-11	60.8
LPLBEGGG_01137	MER0004514	28.431	204	118	10	105	298	35	220	3.13e-11	59.7
LPLBEGGG_01137	MER0005239	33.898	118	69	3	94	209	57	167	3.28e-11	60.1
LPLBEGGG_01137	MER0001284	28.378	148	92	5	65	209	3	139	4.43e-11	59.3
LPLBEGGG_01137	MER0037181	24.172	302	168	10	43	322	14	276	7.06e-11	58.9
LPLBEGGG_01137	MER0005149	35.106	94	53	3	100	192	59	145	1.53e-10	58.2
LPLBEGGG_01137	MER0194228	26.728	217	125	7	120	327	1	192	2.33e-10	56.2
LPLBEGGG_01137	MER0002104	34.615	104	60	3	106	208	67	163	2.74e-10	57.4
LPLBEGGG_01137	MER0100667	27.556	225	130	9	104	322	22	219	8.64e-10	55.1
LPLBEGGG_01137	MER0005131	24.686	239	154	7	96	319	28	255	9.67e-10	55.1
LPLBEGGG_01137	MER0005241	35.556	90	51	2	103	190	2	86	1.30e-09	54.7
LPLBEGGG_01137	MER0002105	32.174	115	67	3	106	216	58	165	1.39e-09	54.7
LPLBEGGG_01137	MER0005152	26.613	124	76	4	74	193	28	140	2.15e-09	54.3
LPLBEGGG_01137	MER0001911	31.452	124	68	4	82	205	24	130	8.35e-08	49.3
LPLBEGGG_01137	MER0013618	27.660	188	113	8	102	283	54	224	1.45e-07	48.9
LPLBEGGG_01137	MER0001288	35.556	90	47	4	104	193	21	99	4.22e-07	47.0
LPLBEGGG_01137	MER0032443	25.664	226	148	8	106	322	39	253	1.25e-06	45.8
LPLBEGGG_01137	MER0026971	30.337	89	56	3	99	187	49	131	1.26e-06	45.8
LPLBEGGG_01137	MER0026972	27.778	90	57	2	99	187	33	115	2.82e-06	44.7
LPLBEGGG_01137	MER0005244	31.765	85	50	2	103	187	2	78	3.00e-06	44.3
LPLBEGGG_01137	MER0001290	26.064	188	92	9	22	188	22	183	7.83e-06	43.9
LPLBEGGG_01174	MER0048181	32.624	141	80	1	48	173	2	142	4.30e-16	69.3
LPLBEGGG_01174	MER0015472	29.577	142	94	3	43	179	41	181	6.17e-11	56.6
LPLBEGGG_01174	MER0035036	31.343	134	83	3	50	177	91	221	3.49e-10	55.1
LPLBEGGG_01174	MER0015462	38.095	84	48	2	38	120	39	119	5.68e-10	53.5
LPLBEGGG_01174	MER0030047	29.104	134	86	3	50	177	1	131	1.18e-09	52.0
LPLBEGGG_01174	MER0015473	27.273	143	91	3	50	179	40	182	4.21e-08	48.5
LPLBEGGG_01174	MER0015632	27.273	198	104	9	39	214	37	216	2.33e-07	46.6
LPLBEGGG_01174	MER0015630	31.098	164	88	8	39	192	45	193	3.31e-06	43.1
LPLBEGGG_01174	MER0015459	32.530	83	52	1	39	121	42	120	5.32e-06	42.7
LPLBEGGG_01174	MER0015659	33.735	83	52	1	39	121	42	121	6.59e-06	42.4
LPLBEGGG_01174	MER0015631	28.125	160	94	5	37	187	42	189	8.00e-06	42.4
LPLBEGGG_01188	MER0013471	30.822	146	74	4	25	143	18	163	8.57e-12	62.8
LPLBEGGG_01188	MER0011681	33.333	105	63	4	26	124	20	123	1.25e-10	58.9
LPLBEGGG_01188	MER0001205	27.660	141	75	4	28	141	21	161	5.23e-10	57.0
LPLBEGGG_01188	MER0021822	30.657	137	82	5	25	152	19	151	9.48e-09	53.1
LPLBEGGG_01188	MER0003817	28.000	125	66	3	35	135	28	152	1.72e-08	52.4
LPLBEGGG_01188	MER0023950	27.778	126	82	4	28	146	21	144	8.24e-08	50.1
LPLBEGGG_01188	MER0001198	25.333	150	84	5	35	160	28	173	2.41e-07	48.9
LPLBEGGG_01188	MER0003006	27.723	101	69	3	25	122	1	100	2.72e-07	48.5
LPLBEGGG_01188	MER0034711	27.907	86	52	2	40	115	36	121	6.86e-07	45.8
LPLBEGGG_01188	MER0004959	24.503	151	87	4	36	159	29	179	7.67e-07	47.4
LPLBEGGG_01188	MER0011307	32.258	93	59	2	28	116	22	114	1.04e-06	46.6
LPLBEGGG_01188	MER0004964	28.467	137	75	5	26	140	19	154	1.17e-06	45.4
LPLBEGGG_01188	MER0001202	27.206	136	75	4	26	137	19	154	1.24e-06	47.0
LPLBEGGG_01188	MER0015121	27.350	117	65	3	44	140	37	153	1.75e-06	46.2
LPLBEGGG_01188	MER0011312	28.873	142	79	5	28	159	22	151	2.38e-06	45.8
LPLBEGGG_01251	MER0014188	41.758	91	47	3	127	216	1	86	1.47e-16	70.5
LPLBEGGG_01251	MER0001322	36.190	105	54	4	127	226	1	97	2.90e-14	64.3
LPLBEGGG_01251	MER0002443	42.683	82	44	3	137	216	11	91	3.25e-12	58.9
LPLBEGGG_01251	MER0003807	38.298	94	54	4	127	217	1	93	5.99e-12	58.2
LPLBEGGG_01251	MER0024252	39.506	81	47	2	139	219	14	92	1.24e-11	57.4
LPLBEGGG_01251	MER0003986	37.634	93	54	4	127	216	1	92	7.02e-11	55.1
LPLBEGGG_01251	MER0377310	33.645	107	59	4	127	228	1	100	1.87e-10	53.9
LPLBEGGG_01251	MER0377307	33.645	107	59	4	127	228	1	100	1.87e-10	53.9
LPLBEGGG_01251	MER0002450	32.710	107	60	4	127	228	1	100	2.12e-10	53.9
LPLBEGGG_01251	MER0003805	30.769	91	60	1	127	217	1	88	8.89e-10	52.0
LPLBEGGG_01251	MER0377450	30.769	91	60	1	127	217	1	88	1.81e-09	50.4
LPLBEGGG_01251	MER0377178	32.710	107	60	4	127	228	1	100	5.51e-09	49.7
LPLBEGGG_01251	MER0003808	30.000	90	60	1	127	216	1	87	8.44e-09	49.3
LPLBEGGG_01251	MER0376722	30.000	90	60	1	127	216	1	87	8.61e-09	48.9
LPLBEGGG_01251	MER0004035	39.241	79	45	3	139	216	10	86	3.92e-08	47.4
LPLBEGGG_01251	MER0004054	35.632	87	50	5	135	216	9	94	5.61e-07	44.3
LPLBEGGG_01254	MER0000410	62.950	278	101	1	436	713	4	279	6.34e-127	375
LPLBEGGG_01254	MER0011872	40.659	273	159	2	450	719	16	288	1.18e-69	226
LPLBEGGG_01254	MER0082498	39.223	283	148	6	452	710	1	283	2.33e-67	220
LPLBEGGG_01254	MER0005694	34.657	277	174	3	443	715	9	282	4.71e-51	176
LPLBEGGG_01254	MER0000392	32.000	275	174	4	446	710	2	273	7.32e-47	164
LPLBEGGG_01254	MER0015621	29.054	296	190	5	435	713	1	293	2.76e-43	155
LPLBEGGG_01254	MER0079308	32.331	266	169	6	450	710	6	265	5.74e-43	153
LPLBEGGG_01254	MER0004227	37.333	225	140	1	456	679	28	252	9.27e-43	154
LPLBEGGG_01254	MER0002490	26.797	306	192	6	435	713	1	301	1.57e-38	142
LPLBEGGG_01254	MER0022823	31.985	272	173	7	447	710	3	270	2.56e-38	140
LPLBEGGG_01254	MER0981959	28.369	282	181	5	446	710	1	278	1.67e-36	135
LPLBEGGG_01254	MER0082653	32.489	237	145	6	452	674	7	242	6.00e-36	134
LPLBEGGG_01254	MER0011450	31.624	234	146	5	447	672	3	230	1.88e-35	132
LPLBEGGG_01254	MER0325901	31.227	269	177	7	447	710	1	266	3.53e-33	125
LPLBEGGG_01254	MER0003229	31.071	280	177	7	434	710	2	268	1.48e-32	124
LPLBEGGG_01254	MER0000398	31.439	264	165	8	449	711	2	250	2.32e-30	117
LPLBEGGG_01267	MER0002455	26.923	78	53	2	82	157	19	94	8.61e-06	42.0
LPLBEGGG_01298	MER0033186	38.438	320	188	4	67	380	1	317	1.38e-64	206
LPLBEGGG_01374	MER0195774	37.430	179	110	1	30	208	1	177	7.81e-38	132
LPLBEGGG_01374	MER0001233	26.697	221	139	7	29	235	1	212	4.87e-16	74.3
LPLBEGGG_01374	MER0122186	27.717	184	123	4	29	208	21	198	9.27e-14	66.6
LPLBEGGG_01374	MER0001214	29.104	134	94	1	24	156	20	153	3.95e-13	64.7
LPLBEGGG_01374	MER0003448	24.402	209	155	2	29	237	1	206	5.22e-13	65.1
LPLBEGGG_01374	MER0001229	22.010	209	158	5	29	236	1	205	1.11e-11	61.2
LPLBEGGG_01374	MER0043985	22.010	209	158	5	29	236	1	205	1.81e-11	60.8
LPLBEGGG_01374	MER0001218	28.866	194	115	6	29	208	25	209	3.16e-11	59.7
LPLBEGGG_01374	MER0003543	23.301	206	154	3	30	235	2	203	5.06e-11	59.3
LPLBEGGG_01374	MER0001220	26.316	209	123	8	43	235	1	194	3.95e-10	56.2
LPLBEGGG_01374	MER0004423	27.461	193	114	7	66	248	33	209	4.02e-10	56.6
LPLBEGGG_01374	MER0002283	39.560	91	53	2	24	112	20	110	7.28e-10	55.5
LPLBEGGG_01374	MER0390687	24.260	169	125	3	37	205	1	166	1.79e-09	53.5
LPLBEGGG_01374	MER0015259	24.468	188	129	5	30	208	26	209	2.83e-09	53.9
LPLBEGGG_01374	MER0003823	36.559	93	57	2	24	114	20	112	3.42e-09	53.5
LPLBEGGG_01374	MER0002423	29.787	141	97	2	24	163	20	159	6.89e-09	52.8
LPLBEGGG_01374	MER0001413	30.769	104	70	2	30	132	30	132	4.09e-08	49.3
LPLBEGGG_01374	MER0188967	27.485	171	97	5	66	217	3	165	4.57e-08	51.6
LPLBEGGG_01374	MER0003386	32.967	91	59	2	24	112	20	110	1.17e-07	48.9
LPLBEGGG_01374	MER0011292	23.977	171	117	5	46	208	64	229	1.78e-07	48.9
LPLBEGGG_01374	MER0002345	34.409	93	59	2	24	114	20	112	2.53e-07	48.1
LPLBEGGG_01374	MER0001222	24.352	193	132	6	24	208	20	206	3.50e-07	47.8
LPLBEGGG_01374	MER0011096	21.925	187	135	3	30	208	26	209	6.71e-07	47.0
LPLBEGGG_01374	MER0169735	24.211	190	128	4	29	208	15	198	1.17e-06	45.8
LPLBEGGG_01374	MER0015090	20.773	207	160	3	30	236	2	204	1.99e-06	45.4
LPLBEGGG_01374	MER0170820	32.911	79	52	1	41	118	8	86	2.32e-06	45.1
LPLBEGGG_01374	MER0011192	27.344	128	74	5	56	165	7	133	2.85e-06	44.3
LPLBEGGG_01374	MER0011744	30.682	88	60	1	24	110	20	107	3.52e-06	44.7
LPLBEGGG_01375	MER0237414	25.571	219	147	5	41	248	3	216	3.27e-19	84.3
LPLBEGGG_01375	MER0390687	27.536	138	91	4	74	204	30	165	1.05e-07	49.3
LPLBEGGG_01375	MER0001233	24.519	208	131	6	39	226	2	203	1.49e-06	47.0
LPLBEGGG_01375	MER0003543	23.182	220	148	7	39	244	2	214	1.66e-06	46.6
LPLBEGGG_01375	MER0003448	22.275	211	146	6	39	237	2	206	5.45e-06	45.1
LPLBEGGG_01399	MER0012158	39.130	345	124	11	2	268	1	337	1.72e-63	209
LPLBEGGG_01399	MER0003327	46.218	238	114	5	2	229	1	234	1.36e-62	204
LPLBEGGG_01399	MER0185695	41.778	225	119	4	2	218	1	221	3.03e-48	165
LPLBEGGG_01399	MER0003350	45.070	213	81	7	2	185	1	206	6.05e-48	164
LPLBEGGG_01399	MER0003322	42.029	207	93	7	2	182	1	206	4.22e-41	145
LPLBEGGG_01399	MER0011781	32.353	170	108	5	2	168	1	166	1.07e-16	76.6
LPLBEGGG_01399	MER0011806	33.088	136	87	3	2	134	1	135	5.29e-14	68.9
LPLBEGGG_01399	MER0003314	31.724	145	86	4	2	134	1	144	9.30e-14	68.6
LPLBEGGG_01399	MER0004101	32.353	136	88	3	2	134	1	135	2.25e-13	67.0
LPLBEGGG_01408	MER0014135	40.672	268	159	0	186	453	1	268	3.12e-75	234
LPLBEGGG_01425	MER0016191	24.561	285	202	6	13	286	4	286	1.55e-28	108
LPLBEGGG_01425	MER0016185	24.845	322	204	9	10	295	1	320	8.11e-18	79.3
LPLBEGGG_01425	MER0016172	23.828	256	182	5	53	298	45	297	4.07e-17	77.0
LPLBEGGG_01469	MER0003338	60.000	120	48	0	214	333	1	120	2.50e-46	151
LPLBEGGG_01469	MER0003303	56.198	121	50	2	214	334	1	118	6.22e-40	134
LPLBEGGG_01469	MER0013976	51.240	121	56	2	214	334	1	118	3.00e-33	117
LPLBEGGG_01469	MER0017622	30.651	261	150	6	42	284	1	248	6.01e-27	104
LPLBEGGG_01469	MER0003336	43.182	88	49	1	214	301	1	87	1.45e-17	75.5
LPLBEGGG_01469	MER0034967	25.871	201	119	5	103	282	1	192	3.31e-15	70.5
LPLBEGGG_01469	MER0016969	35.897	78	44	1	214	285	1	78	2.90e-10	55.5
LPLBEGGG_01469	MER0003299	38.947	95	53	2	214	306	1	92	2.69e-09	52.0
LPLBEGGG_01469	MER0011465	29.167	120	83	2	214	332	1	119	1.32e-07	47.4
LPLBEGGG_01490	MER0011781	25.000	288	144	13	38	320	17	237	8.56e-09	53.5
LPLBEGGG_01490	MER0011806	25.773	291	138	14	38	320	17	237	3.47e-08	51.6
LPLBEGGG_01490	MER0004101	24.739	287	146	14	38	320	17	237	2.05e-07	49.3
LPLBEGGG_01497	MER0005300	30.081	123	79	3	282	403	46	162	5.95e-10	54.7
LPLBEGGG_01549	MER0003376	35.714	140	69	6	166	287	22	158	1.39e-20	83.6
LPLBEGGG_01549	MER0069741	40.000	95	55	2	188	282	70	162	5.23e-20	82.0
LPLBEGGG_01549	MER0003380	29.371	143	86	4	152	282	92	231	1.20e-18	80.1
LPLBEGGG_01549	MER0003906	39.623	106	57	3	188	287	1	105	3.43e-18	75.5
LPLBEGGG_01549	MER0005300	36.842	95	59	1	193	287	70	163	6.48e-16	70.9
LPLBEGGG_01549	MER0003423	34.579	107	63	3	187	287	31	136	1.89e-13	63.5
LPLBEGGG_01549	MER0013541	31.395	86	58	1	188	273	1	85	2.79e-12	58.5
LPLBEGGG_01549	MER0015415	30.435	115	75	3	163	273	36	149	7.05e-12	59.7
LPLBEGGG_01549	MER0001419	35.632	87	53	2	188	272	32	117	1.24e-11	58.5
LPLBEGGG_01549	MER0387040	28.431	102	69	3	188	287	1	100	6.16e-11	55.5
LPLBEGGG_01549	MER0066182	28.431	102	69	3	188	287	92	191	1.58e-10	56.6
LPLBEGGG_01549	MER0025070	27.835	97	62	2	188	276	6	102	7.28e-07	44.3
LPLBEGGG_01549	MER0388771	27.835	97	62	2	188	276	2	98	7.72e-07	44.3
LPLBEGGG_01578	MER0001425	41.358	162	90	2	187	344	2	162	4.33e-34	124
LPLBEGGG_01578	MER0003514	43.871	155	80	3	189	341	4	153	1.28e-33	122
LPLBEGGG_01578	MER0001297	41.667	156	88	1	189	344	4	156	4.98e-33	120
LPLBEGGG_01578	MER0004196	42.038	157	88	3	187	342	2	156	3.25e-31	116
LPLBEGGG_01578	MER0003413	36.667	150	93	1	189	338	4	151	4.43e-30	112
LPLBEGGG_01578	MER0003065	38.667	150	89	2	189	338	4	150	7.88e-29	109
LPLBEGGG_01578	MER0015684	36.970	165	93	2	189	353	4	157	8.07e-28	106
LPLBEGGG_01578	MER0005714	33.548	155	95	2	190	337	5	158	7.90e-23	92.8
LPLBEGGG_01578	MER0004195	31.492	181	110	3	186	363	1	170	6.35e-21	87.0
LPLBEGGG_01578	MER0001295	37.500	136	75	3	189	320	4	133	1.95e-19	83.2
LPLBEGGG_01578	MER0195376	23.973	146	88	2	189	311	2	147	2.62e-06	45.1
LPLBEGGG_01580	MER0011345	26.667	195	122	6	315	492	27	217	2.25e-11	61.2
LPLBEGGG_01580	MER0002755	25.414	181	122	5	318	485	20	200	9.22e-11	58.5
LPLBEGGG_01580	MER0001009	24.324	185	115	6	366	538	20	191	3.42e-10	57.0
LPLBEGGG_01580	MER0005328	27.869	183	108	7	315	478	16	193	3.45e-10	57.0
LPLBEGGG_01580	MER0036308	27.778	162	100	6	344	494	58	213	9.00e-10	56.2
LPLBEGGG_01580	MER0019759	25.234	214	128	9	315	505	19	223	1.87e-09	55.5
LPLBEGGG_01580	MER0001010	25.000	148	90	4	366	501	61	199	1.90e-09	55.1
LPLBEGGG_01580	MER0002003	22.901	131	97	2	366	492	87	217	2.53e-09	54.7
LPLBEGGG_01580	MER0002968	26.277	137	83	3	366	492	87	215	4.08e-09	54.3
LPLBEGGG_01580	MER0012283	23.858	197	125	7	315	493	27	216	4.28e-09	53.9
LPLBEGGG_01580	MER0006264	21.809	188	113	6	330	492	4	182	9.04e-09	52.4
LPLBEGGG_01580	MER0001013	26.562	192	125	6	315	492	28	217	1.59e-08	52.8
LPLBEGGG_01580	MER0001017	23.784	185	127	5	315	485	27	211	2.48e-08	52.0
LPLBEGGG_01580	MER0091680	23.810	210	130	8	323	511	19	219	6.34e-08	50.4
LPLBEGGG_01580	MER0019754	24.812	133	93	3	366	492	64	195	9.70e-08	49.7
LPLBEGGG_01580	MER0011440	20.942	191	133	7	320	492	20	210	1.21e-07	49.7
LPLBEGGG_01580	MER0011438	23.429	175	116	6	320	476	20	194	1.76e-07	49.3
LPLBEGGG_01580	MER0004243	24.242	198	129	7	316	492	19	216	3.84e-07	48.1
LPLBEGGG_01580	MER0168177	24.000	175	114	4	329	494	1	165	5.98e-07	46.6
LPLBEGGG_01580	MER0011369	22.556	133	100	2	363	492	93	225	6.72e-07	47.8
LPLBEGGG_01580	MER0000997	23.834	193	122	7	317	486	21	211	9.58e-07	47.0
LPLBEGGG_01580	MER0002078	22.619	168	117	4	354	513	70	232	1.79e-06	46.2
LPLBEGGG_01580	MER0002281	24.419	172	107	7	328	481	41	207	2.35e-06	46.2
LPLBEGGG_01580	MER0011370	24.510	204	118	8	314	492	18	210	2.65e-06	45.4
LPLBEGGG_01580	MER0001003	27.841	176	107	6	333	491	12	184	8.08e-06	43.9
LPLBEGGG_01581	MER0000332	41.176	238	106	10	288	522	49	255	3.49e-33	124
LPLBEGGG_01581	MER0002565	39.189	222	115	6	308	528	103	305	3.16e-32	124
LPLBEGGG_01581	MER0028365	35.102	245	120	10	288	519	110	328	2.10e-29	116
LPLBEGGG_01581	MER0028365	42.647	68	37	2	67	134	47	112	4.08e-07	49.3
LPLBEGGG_01581	MER0001709	35.849	265	124	13	286	523	70	315	2.67e-27	109
LPLBEGGG_01581	MER0017009	30.795	302	184	8	230	515	32	324	7.96e-27	108
LPLBEGGG_01581	MER0017009	43.396	53	29	1	84	135	53	105	1.51e-06	47.0
LPLBEGGG_01581	MER0002057	32.520	246	127	8	305	512	95	339	4.78e-26	107
LPLBEGGG_01581	MER0077555	37.037	243	132	9	299	538	49	273	7.76e-26	103
LPLBEGGG_01581	MER0000321	32.364	275	140	13	258	517	110	353	2.16e-24	101
LPLBEGGG_01581	MER0000310	35.681	213	117	8	300	509	51	246	2.68e-24	99.8
LPLBEGGG_01581	MER0004690	31.250	320	172	13	258	546	42	344	3.23e-24	101
LPLBEGGG_01581	MER0004690	40.260	77	42	2	76	148	27	103	4.25e-10	58.5
LPLBEGGG_01581	MER0005821	30.279	251	141	11	285	522	63	292	6.20e-24	101
LPLBEGGG_01581	MER0001699	33.028	218	126	7	312	526	62	262	6.59e-24	98.6
LPLBEGGG_01581	MER0016978	35.371	229	106	9	310	512	76	288	1.86e-23	98.2
LPLBEGGG_01581	MER0062058	34.628	309	161	12	258	554	5	284	7.03e-23	98.2
LPLBEGGG_01581	MER0062058	55.769	52	23	0	87	138	1	52	5.02e-13	67.8
LPLBEGGG_01581	MER0000362	33.721	258	125	12	285	515	69	307	7.38e-23	96.7
LPLBEGGG_01581	MER0002575	34.351	262	113	13	248	495	21	237	2.75e-22	94.0
LPLBEGGG_01581	MER0054318	36.364	209	114	9	312	515	67	261	3.86e-22	94.4
LPLBEGGG_01581	MER0000315	34.928	209	113	9	304	509	53	241	5.30e-22	92.8
LPLBEGGG_01581	MER0001928	35.238	210	113	9	304	510	53	242	5.77e-22	92.8
LPLBEGGG_01581	MER0001520	34.928	209	113	8	304	509	53	241	7.68e-22	92.4
LPLBEGGG_01581	MER0030016	30.449	312	163	13	222	515	1	276	8.29e-22	92.4
LPLBEGGG_01581	MER0001906	34.450	209	114	9	304	509	53	241	2.59e-21	90.9
LPLBEGGG_01581	MER0000320	35.000	240	126	10	304	529	56	279	4.85e-21	90.5
LPLBEGGG_01581	MER0001521	34.928	209	118	7	304	510	56	248	5.08e-21	90.1
LPLBEGGG_01581	MER0000313	34.928	209	118	7	304	510	56	248	5.97e-21	90.1
LPLBEGGG_01581	MER0000361	34.874	238	113	11	303	515	93	313	1.23e-20	90.1
LPLBEGGG_01581	MER0001755	34.450	209	119	7	304	510	56	248	3.46e-20	87.8
LPLBEGGG_01581	MER0016697	30.986	284	139	12	274	523	67	327	5.09e-20	88.6
LPLBEGGG_01581	MER0000333	36.139	202	108	5	312	512	64	245	5.44e-20	87.0
LPLBEGGG_01581	MER0001725	33.333	252	131	10	267	498	38	272	8.64e-20	87.4
LPLBEGGG_01581	MER0001523	33.971	209	120	7	304	510	56	248	2.22e-19	85.5
LPLBEGGG_01581	MER0000312	33.971	209	120	7	304	510	56	248	2.22e-19	85.5
LPLBEGGG_01581	MER0000309	37.313	201	106	8	312	509	63	246	4.86e-19	84.3
LPLBEGGG_01581	MER0006074	30.314	287	161	12	243	513	9	272	8.20e-19	84.3
LPLBEGGG_01581	MER0006023	30.000	260	146	9	280	519	68	311	9.33e-19	84.7
LPLBEGGG_01581	MER0155676	32.328	232	128	10	311	516	124	352	1.36e-18	84.7
LPLBEGGG_01581	MER0000349	30.769	234	129	8	309	516	141	367	1.99e-18	84.3
LPLBEGGG_01581	MER0000316	33.493	209	118	8	304	510	52	241	2.21e-18	82.4
LPLBEGGG_01581	MER0002562	35.443	237	111	10	303	514	108	327	5.28e-18	82.4
LPLBEGGG_01581	MER0000319	31.100	209	125	6	307	514	64	254	7.82e-18	80.9
LPLBEGGG_01581	MER0014744	36.058	208	120	6	312	509	95	299	8.76e-18	81.6
LPLBEGGG_01581	MER0004085	34.247	219	112	8	312	510	96	302	1.10e-17	81.3
LPLBEGGG_01581	MER0081072	32.489	237	136	9	283	515	31	247	1.22e-17	79.7
LPLBEGGG_01581	MER0013656	32.227	211	122	8	304	512	52	243	1.39e-17	79.7
LPLBEGGG_01581	MER0042897	38.756	209	109	8	304	509	58	250	2.15e-17	79.7
LPLBEGGG_01581	MER0000311	34.762	210	121	7	304	512	56	250	5.09e-17	78.2
LPLBEGGG_01581	MER0016983	35.211	213	95	9	312	502	71	262	5.12e-17	79.0
LPLBEGGG_01581	MER0003117	34.615	234	110	11	296	517	66	268	8.28e-17	78.2
LPLBEGGG_01581	MER0000359	33.865	251	125	12	297	536	79	299	1.26e-16	77.8
LPLBEGGG_01581	MER0002267	30.952	210	122	8	312	517	71	261	2.02e-16	76.6
LPLBEGGG_01581	MER0002790	32.710	214	119	6	312	509	1	205	2.12e-16	75.9
LPLBEGGG_01581	MER0161312	32.171	258	135	11	288	512	76	326	2.41e-16	77.8
LPLBEGGG_01581	MER0050309	28.788	264	145	12	278	519	5	247	4.37e-16	77.4
LPLBEGGG_01581	MER0003536	32.000	225	117	7	312	515	71	280	7.81e-16	75.5
LPLBEGGG_01581	MER0000358	32.035	231	109	12	294	509	62	259	9.11e-16	75.9
LPLBEGGG_01581	MER0002516	31.839	223	120	12	303	518	72	269	1.20e-14	71.6
LPLBEGGG_01581	MER0000326	30.901	233	119	9	288	514	57	253	2.45e-14	70.9
LPLBEGGG_01581	MER0002500	31.646	237	126	10	312	523	157	382	6.15e-14	70.5
LPLBEGGG_01581	MER0006037	32.314	229	107	10	278	496	58	248	1.08e-13	68.6
LPLBEGGG_01581	MER0000357	33.735	249	105	12	312	532	77	293	1.08e-13	68.9
LPLBEGGG_01581	MER0037258	31.897	232	135	11	303	515	68	295	1.21e-13	68.9
LPLBEGGG_01581	MER0004720	29.187	209	116	8	312	512	73	257	3.83e-13	67.0
LPLBEGGG_01581	MER0006297	28.125	224	136	8	312	513	265	485	8.87e-13	67.4
LPLBEGGG_01581	MER0000351	28.163	245	118	9	272	497	79	284	1.39e-12	65.5
LPLBEGGG_01581	MER0005931	27.309	249	133	7	303	534	23	240	1.46e-12	64.7
LPLBEGGG_01581	MER0005790	30.542	203	96	8	311	495	93	268	1.57e-12	64.7
LPLBEGGG_01581	MER0000356	33.981	206	95	9	312	501	89	269	1.91e-12	65.9
LPLBEGGG_01581	MER0050310	27.948	229	131	11	312	524	102	312	2.28e-12	65.9
LPLBEGGG_01581	MER0004123	28.163	245	129	10	308	516	75	308	3.57e-12	64.7
LPLBEGGG_01581	MER0047718	26.689	296	153	12	258	496	21	309	4.00e-12	64.7
LPLBEGGG_01581	MER0019280	29.630	216	140	5	308	515	69	280	5.98e-12	63.5
LPLBEGGG_01581	MER0068994	30.165	242	105	12	312	496	109	343	9.13e-12	63.9
LPLBEGGG_01581	MER0000347	26.522	230	148	5	308	523	115	337	9.50e-12	64.3
LPLBEGGG_01581	MER0024902	28.169	213	142	5	312	515	97	307	1.01e-11	63.2
LPLBEGGG_01581	MER0005078	31.004	229	110	11	278	496	58	248	1.16e-11	62.4
LPLBEGGG_01581	MER0014446	29.817	218	111	8	312	512	197	389	1.31e-11	63.5
LPLBEGGG_01581	MER0016688	28.800	250	121	11	300	512	62	291	1.79e-11	62.4
LPLBEGGG_01581	MER0014300	28.794	257	131	9	301	515	69	315	2.59e-11	62.0
LPLBEGGG_01581	MER0005859	31.008	258	116	12	312	526	242	480	3.36e-11	62.4
LPLBEGGG_01581	MER0055027	33.962	159	85	7	285	431	38	188	3.89e-11	62.0
LPLBEGGG_01581	MER0000353	28.452	239	111	10	272	491	130	327	4.00e-11	61.2
LPLBEGGG_01581	MER0028258	30.314	287	139	13	271	513	75	344	6.01e-11	61.2
LPLBEGGG_01581	MER0000350	25.296	253	146	6	312	525	90	338	6.10e-11	60.8
LPLBEGGG_01581	MER0000325	32.536	209	108	11	312	513	70	252	1.17e-10	59.7
LPLBEGGG_01581	MER0000335	27.442	215	123	8	306	512	63	252	1.39e-10	59.3
LPLBEGGG_01581	MER0067924	27.755	245	124	11	299	514	54	274	2.02e-10	58.5
LPLBEGGG_01581	MER0016986	28.626	262	131	12	298	513	79	330	2.84e-10	58.9
LPLBEGGG_01581	MER0001368	24.335	263	138	10	307	515	80	335	3.35e-10	58.9
LPLBEGGG_01581	MER0002764	34.392	189	94	10	312	494	89	253	5.31e-10	57.8
LPLBEGGG_01581	MER0000389	29.032	248	130	10	303	515	69	305	6.02e-10	57.8
LPLBEGGG_01581	MER0000338	28.571	210	116	9	312	512	72	256	7.69e-10	57.0
LPLBEGGG_01581	MER0016991	29.362	235	124	8	312	517	78	299	1.04e-09	57.0
LPLBEGGG_01581	MER0001467	26.316	285	133	12	307	522	67	343	1.07e-09	57.0
LPLBEGGG_01581	MER0014310	36.458	96	41	3	447	522	310	405	1.33e-09	57.0
LPLBEGGG_01581	MER0014085	27.376	263	133	10	307	515	82	340	1.50e-09	56.6
LPLBEGGG_01581	MER0114485	27.727	220	124	6	312	496	106	325	1.94e-09	56.6
LPLBEGGG_01581	MER0005712	25.969	258	142	9	307	515	83	340	2.82e-09	55.8
LPLBEGGG_01581	MER0015432	24.723	271	130	9	312	515	87	350	5.39e-09	55.1
LPLBEGGG_01581	MER0000328	32.161	199	101	11	312	498	72	248	6.64e-09	54.3
LPLBEGGG_01581	MER0003122	23.985	271	129	10	312	517	89	347	7.31e-09	54.7
LPLBEGGG_01581	MER0001454	32.292	96	47	2	444	521	238	333	8.79e-09	54.3
LPLBEGGG_01581	MER0000336	28.000	200	108	8	312	503	81	252	1.10e-08	53.5
LPLBEGGG_01581	MER0000340	31.963	219	115	10	312	515	74	273	1.16e-08	53.5
LPLBEGGG_01581	MER0001451	26.103	272	145	11	303	522	58	325	1.23e-08	53.9
LPLBEGGG_01581	MER0000329	25.833	360	154	17	226	512	15	334	1.26e-08	53.9
LPLBEGGG_01581	MER0004516	25.000	248	146	5	312	519	83	330	1.64e-08	53.5
LPLBEGGG_01581	MER0003020	28.063	253	104	11	312	498	226	466	3.23e-08	52.8
LPLBEGGG_01581	MER0014309	24.915	293	148	12	289	522	55	334	3.44e-08	52.4
LPLBEGGG_01581	MER0011813	36.082	97	42	2	447	523	347	443	6.56e-08	52.0
LPLBEGGG_01581	MER0013641	24.153	236	132	10	311	515	82	301	6.56e-08	51.6
LPLBEGGG_01581	MER0004988	25.455	220	129	9	312	515	71	271	8.14e-08	50.8
LPLBEGGG_01581	MER0006036	35.802	81	39	1	459	526	371	451	8.50e-08	51.6
LPLBEGGG_01581	MER0005757	24.199	281	135	9	307	515	82	356	1.20e-07	50.8
LPLBEGGG_01581	MER0014312	34.409	93	41	3	447	519	312	404	1.37e-07	50.8
LPLBEGGG_01581	MER0001603	25.726	241	137	7	303	519	52	274	1.60e-07	50.1
LPLBEGGG_01581	MER0015436	34.177	79	44	2	447	517	354	432	1.80e-07	50.4
LPLBEGGG_01581	MER0000348	25.498	251	135	8	312	517	88	331	1.94e-07	50.1
LPLBEGGG_01581	MER0087792	24.444	270	146	6	295	521	80	334	2.58e-07	49.7
LPLBEGGG_01581	MER0014313	33.333	96	44	3	447	522	286	381	2.69e-07	49.7
LPLBEGGG_01581	MER0005756	26.667	270	138	11	305	515	106	374	4.51e-07	48.9
LPLBEGGG_01581	MER0025143	27.803	223	104	10	312	498	71	272	5.82e-07	48.1
LPLBEGGG_01581	MER0015428	24.603	252	139	8	312	515	85	333	6.14e-07	48.5
LPLBEGGG_01581	MER0004652	31.250	80	38	2	459	521	441	520	7.31e-07	48.5
LPLBEGGG_01581	MER0022415	24.519	208	136	7	312	514	83	274	7.42e-07	48.5
LPLBEGGG_01581	MER0015431	26.070	257	137	9	312	515	86	342	1.09e-06	47.8
LPLBEGGG_01581	MER0014325	33.684	95	41	3	447	519	245	339	1.20e-06	47.4
LPLBEGGG_01581	MER0005760	31.959	97	48	2	444	522	246	342	1.38e-06	47.4
LPLBEGGG_01581	MER0015438	34.286	70	33	1	459	515	381	450	2.15e-06	47.0
LPLBEGGG_01581	MER0005710	33.735	83	42	3	447	516	352	434	2.63e-06	46.6
LPLBEGGG_01581	MER0014311	32.292	96	45	3	447	522	311	406	3.22e-06	46.2
LPLBEGGG_01581	MER0011791	43.750	48	27	0	475	522	380	427	4.00e-06	46.2
LPLBEGGG_01581	MER0015433	34.737	95	42	3	447	521	353	447	4.13e-06	46.2
LPLBEGGG_01581	MER0175622	25.446	224	128	11	312	515	74	278	7.06e-06	45.1
LPLBEGGG_01581	MER0005610	34.667	75	38	1	459	522	267	341	7.55e-06	45.1
LPLBEGGG_01581	MER0005034	32.222	90	41	3	446	515	344	433	9.28e-06	45.1
LPLBEGGG_01660	MER0014366	38.340	699	408	9	21	709	27	712	1.47e-167	496
LPLBEGGG_01660	MER0039993	39.377	706	400	14	22	709	1	696	2.53e-167	494
LPLBEGGG_01660	MER0217397	37.838	703	384	16	36	709	1	679	3.22e-157	468
LPLBEGGG_01660	MER0501051	41.245	257	146	4	21	275	3	256	3.98e-60	205
LPLBEGGG_01660	MER0501051	43.243	148	81	2	563	708	253	399	2.40e-32	126
LPLBEGGG_01687	MER0069741	43.056	144	73	3	155	298	30	164	1.64e-29	108
LPLBEGGG_01687	MER0003380	45.794	107	58	0	192	298	127	233	2.95e-23	93.2
LPLBEGGG_01687	MER0013541	49.412	85	43	0	203	287	1	85	1.11e-20	82.0
LPLBEGGG_01687	MER0387040	38.614	101	61	1	203	302	1	101	1.46e-16	71.2
LPLBEGGG_01687	MER0066182	35.385	130	71	3	179	302	70	192	3.91e-16	72.8
LPLBEGGG_01687	MER0003423	38.318	107	64	2	182	286	11	117	1.41e-14	67.0
LPLBEGGG_01687	MER0001419	36.697	109	67	2	180	286	9	117	1.16e-13	64.3
LPLBEGGG_01687	MER0015415	38.372	86	52	1	203	287	64	149	2.04e-13	64.3
LPLBEGGG_01687	MER0003376	38.043	92	50	1	203	287	45	136	6.55e-13	62.8
LPLBEGGG_01687	MER0005300	36.842	95	60	0	205	299	67	161	2.17e-11	58.5
LPLBEGGG_01687	MER0003906	34.884	86	54	2	203	286	1	86	2.41e-08	48.5
LPLBEGGG_01696	MER0011370	24.272	206	121	9	348	526	13	210	1.58e-06	46.2
LPLBEGGG_01696	MER0011345	26.220	164	99	6	379	526	60	217	2.30e-06	46.2
LPLBEGGG_01696	MER0005328	27.564	156	90	6	379	517	49	198	3.65e-06	45.1
LPLBEGGG_01696	MER0019096	25.701	214	124	8	352	547	1	197	7.56e-06	44.3
LPLBEGGG_01723	MER0000474	55.670	194	85	1	33	225	14	207	2.82e-76	226
LPLBEGGG_01723	MER0005687	51.075	186	86	1	37	222	27	207	4.18e-65	198
LPLBEGGG_01723	MER0006046	48.936	188	96	0	35	222	16	203	3.00e-63	193
LPLBEGGG_01723	MER0004857	52.047	171	81	1	52	222	34	203	4.39e-61	187
LPLBEGGG_01723	MER0002211	48.936	188	96	0	35	222	16	203	1.04e-60	186
LPLBEGGG_01723	MER0002299	48.677	189	97	0	37	225	12	200	5.40e-60	184
LPLBEGGG_01723	MER0006063	47.093	172	91	0	51	222	33	204	5.87e-57	177
LPLBEGGG_01723	MER0004855	45.665	173	94	0	50	222	33	205	1.27e-55	174
LPLBEGGG_01723	MER0004847	49.468	188	94	1	37	223	18	205	1.53e-54	171
LPLBEGGG_01723	MER0006056	49.080	163	82	1	60	222	46	207	3.42e-53	167
LPLBEGGG_01723	MER0006308	39.181	171	103	1	50	219	21	191	5.84e-46	148
LPLBEGGG_01723	MER0004182	41.618	173	101	0	50	222	27	199	1.74e-44	145
LPLBEGGG_01723	MER0011666	40.571	175	101	3	51	222	11	185	1.29e-42	140
LPLBEGGG_01723	MER0001369	41.975	81	45	1	77	157	52	130	3.80e-07	45.1
LPLBEGGG_01728	MER0031610	34.008	247	155	3	14	253	55	300	8.65e-48	157
LPLBEGGG_01728	MER0044858	25.830	271	164	12	15	249	57	326	8.51e-13	63.9
LPLBEGGG_01728	MER0014065	34.286	105	64	3	11	111	31	134	8.17e-12	60.8
LPLBEGGG_01728	MER0036072	28.455	123	78	3	9	122	76	197	2.96e-11	59.3
LPLBEGGG_01728	MER0036053	22.605	261	171	8	9	243	4	259	4.72e-11	58.2
LPLBEGGG_01728	MER0037236	30.534	131	80	4	9	131	15	142	1.46e-10	57.0
LPLBEGGG_01728	MER0031617	22.022	277	156	10	9	247	30	284	2.33e-10	56.6
LPLBEGGG_01728	MER0044900	21.377	276	170	10	16	254	97	362	2.36e-10	57.0
LPLBEGGG_01728	MER0017177	19.661	295	186	7	8	255	29	319	1.33e-09	54.3
LPLBEGGG_01728	MER0017193	27.273	99	71	1	1	98	13	111	2.53e-09	53.5
LPLBEGGG_01728	MER0036115	28.431	102	69	2	11	109	33	133	5.85e-09	52.4
LPLBEGGG_01728	MER0017142	29.126	103	68	2	14	116	15	112	6.85e-09	52.0
LPLBEGGG_01728	MER0011509	31.373	102	64	2	13	109	38	138	5.18e-08	49.7
LPLBEGGG_01728	MER0035044	31.731	104	63	3	12	110	32	132	6.18e-08	49.3
LPLBEGGG_01728	MER0000431	32.381	105	65	4	10	110	30	132	1.38e-07	48.5
LPLBEGGG_01728	MER0031619	21.528	288	182	10	6	254	19	301	1.80e-07	48.1
LPLBEGGG_01728	MER0044350	28.155	103	69	2	13	111	1	102	4.17e-07	46.6
LPLBEGGG_01728	MER0031616	29.412	102	66	2	13	109	39	139	5.83e-07	46.6
LPLBEGGG_01728	MER0036069	32.710	107	65	4	10	110	77	182	8.59e-07	46.2
LPLBEGGG_01728	MER0026339	28.972	107	72	3	10	113	21	126	8.72e-07	45.8
LPLBEGGG_01728	MER0033259	29.240	171	103	8	1	156	18	185	8.92e-07	45.8
LPLBEGGG_01728	MER0035032	29.808	104	65	3	12	110	30	130	1.00e-06	45.8
LPLBEGGG_01728	MER0210990	33.766	77	48	1	37	110	54	130	1.27e-06	45.4
LPLBEGGG_01728	MER0031653	36.170	47	30	0	63	109	161	207	1.32e-06	45.4
LPLBEGGG_01728	MER0031611	21.673	263	185	11	9	255	35	292	1.52e-06	45.1
LPLBEGGG_01728	MER0031645	44.186	43	24	0	67	109	183	225	1.62e-06	45.4
LPLBEGGG_01728	MER0044581	25.893	112	70	5	14	116	72	179	2.04e-06	45.1
LPLBEGGG_01728	MER0044578	27.027	111	68	5	14	115	74	180	2.08e-06	45.1
LPLBEGGG_01728	MER0035038	29.630	108	60	4	12	110	29	129	4.48e-06	43.9
LPLBEGGG_01728	MER0031614	30.303	99	66	2	14	109	84	182	5.34e-06	43.5
LPLBEGGG_01728	MER0034563	28.713	101	66	2	11	107	10	108	5.50e-06	43.1
LPLBEGGG_01728	MER0066189	25.000	148	101	3	9	149	13	157	6.37e-06	43.1
LPLBEGGG_01728	MER0011785	31.646	79	48	1	39	111	60	138	7.46e-06	43.1
LPLBEGGG_01844	MER0036115	33.333	102	66	1	33	132	33	134	8.41e-14	67.0
LPLBEGGG_01844	MER0004146	23.750	240	140	7	21	233	4	227	2.63e-13	65.1
LPLBEGGG_01844	MER0036053	28.481	158	101	5	31	180	4	157	2.66e-13	65.1
LPLBEGGG_01844	MER0014065	28.571	98	68	1	36	131	35	132	8.44e-13	64.3
LPLBEGGG_01844	MER0017193	22.594	239	158	5	22	241	12	242	2.47e-12	62.4
LPLBEGGG_01844	MER0044581	34.314	102	60	3	36	130	72	173	7.75e-12	61.6
LPLBEGGG_01844	MER0044578	33.333	102	61	3	36	130	74	175	1.36e-11	60.8
LPLBEGGG_01844	MER0036054	32.174	115	76	2	32	144	13	127	2.25e-11	59.7
LPLBEGGG_01844	MER0031619	26.316	114	80	2	25	134	16	129	2.84e-10	56.6
LPLBEGGG_01844	MER0044633	25.556	180	121	6	36	209	74	246	5.41e-10	55.8
LPLBEGGG_01844	MER0035973	22.018	218	140	5	35	238	56	257	5.49e-10	55.5
LPLBEGGG_01844	MER0036075	29.730	111	74	3	24	130	59	169	6.20e-10	55.8
LPLBEGGG_01844	MER0031617	26.786	112	80	1	31	140	30	141	1.18e-09	54.7
LPLBEGGG_01844	MER0037236	24.280	243	140	8	19	234	3	228	1.50e-09	54.3
LPLBEGGG_01844	MER0035044	26.000	100	72	1	34	131	32	131	1.61e-09	54.3
LPLBEGGG_01844	MER0035038	22.561	164	105	4	34	190	29	177	2.72e-09	53.5
LPLBEGGG_01844	MER0035043	29.000	100	69	1	34	131	34	133	5.62e-09	52.8
LPLBEGGG_01844	MER0035035	22.881	118	89	1	17	132	17	134	7.78e-09	52.4
LPLBEGGG_01844	MER0026339	24.444	225	135	8	33	234	22	234	8.97e-09	52.0
LPLBEGGG_01844	MER0035032	23.000	100	75	1	34	131	30	129	9.56e-09	52.0
LPLBEGGG_01844	MER0036076	22.358	246	168	7	32	265	59	293	2.28e-08	50.8
LPLBEGGG_01844	MER0011785	26.667	105	72	2	35	134	35	139	2.88e-08	50.8
LPLBEGGG_01844	MER0031611	26.496	117	75	3	31	140	35	147	4.60e-08	50.1
LPLBEGGG_01844	MER0036084	27.273	110	75	2	29	133	12	121	6.46e-08	49.3
LPLBEGGG_01844	MER0036064	32.432	111	69	5	35	141	27	135	7.30e-08	49.3
LPLBEGGG_01844	MER0213280	21.569	102	78	1	34	133	29	130	9.40e-08	48.9
LPLBEGGG_01844	MER0213829	29.464	112	71	4	36	139	50	161	1.27e-07	48.5
LPLBEGGG_01844	MER0017177	26.724	116	82	2	21	133	20	135	1.77e-07	48.1
LPLBEGGG_01844	MER0031616	24.510	102	73	1	35	132	39	140	3.78e-07	47.4
LPLBEGGG_01844	MER0017123	30.189	106	66	4	16	113	11	116	5.96e-07	46.6
LPLBEGGG_01844	MER0011509	27.358	106	65	3	35	132	38	139	8.15e-07	46.2
LPLBEGGG_01844	MER0044350	25.510	98	66	2	36	128	2	97	1.06e-06	45.8
LPLBEGGG_01844	MER0017033	25.101	247	153	9	36	263	65	298	1.49e-06	45.4
LPLBEGGG_01844	MER0036065	29.358	109	62	3	34	131	1	105	1.79e-06	45.1
LPLBEGGG_01844	MER0214730	28.244	131	85	5	34	156	2	131	4.23e-06	43.5
LPLBEGGG_01845	MER0001244	42.966	263	135	6	175	425	2	261	4.55e-62	199
LPLBEGGG_01845	MER0013463	36.882	263	151	4	174	425	1	259	1.35e-51	171
LPLBEGGG_01845	MER0001733	29.553	291	162	4	176	425	3	291	3.59e-41	145
LPLBEGGG_01845	MER0028601	32.364	275	150	10	176	425	3	266	2.76e-40	142
LPLBEGGG_01845	MER0004532	32.365	241	126	6	175	406	2	214	1.40e-33	122
LPLBEGGG_01845	MER0005462	30.924	249	144	6	174	418	1	225	6.91e-33	120
LPLBEGGG_01845	MER0004931	31.381	239	138	5	175	409	2	218	3.96e-31	116
LPLBEGGG_01845	MER0001248	31.200	250	122	7	222	425	7	252	6.81e-29	110
LPLBEGGG_01845	MER0005715	29.787	235	139	6	175	403	2	216	2.05e-24	97.8
LPLBEGGG_01845	MER0002038	30.319	188	102	7	231	412	59	223	1.24e-17	78.6
LPLBEGGG_01845	MER0001250	25.676	296	156	11	176	419	3	286	1.36e-15	73.6
LPLBEGGG_01845	MER0027437	26.800	250	132	11	174	400	1	222	7.22e-14	68.2
LPLBEGGG_01845	MER0016544	28.922	204	99	9	228	413	81	256	2.73e-13	66.6
LPLBEGGG_01845	MER0004321	28.571	224	118	13	206	413	38	235	1.78e-09	55.1
LPLBEGGG_01853	MER0004775	42.857	658	368	5	33	688	7	658	0.0	536
LPLBEGGG_01853	MER0011141	31.487	686	418	14	40	688	19	689	2.12e-108	340
LPLBEGGG_01853	MER0011159	30.861	674	431	13	40	688	19	682	2.19e-105	332
LPLBEGGG_01853	MER0001056	30.240	668	438	12	40	688	19	677	1.45e-104	330
LPLBEGGG_01853	MER0001991	30.060	662	439	10	34	677	13	668	1.89e-104	330
LPLBEGGG_01853	MER0011838	29.667	691	448	14	22	688	5	681	3.57e-103	327
LPLBEGGG_01853	MER0019832	31.873	662	414	12	39	688	12	648	6.36e-102	322
LPLBEGGG_01853	MER0002988	30.073	685	433	16	40	688	19	693	9.97e-93	299
LPLBEGGG_01853	MER0013406	29.078	705	447	16	28	688	1	696	5.60e-91	295
LPLBEGGG_01853	MER0001050	29.496	695	430	15	40	688	19	699	1.87e-90	293
LPLBEGGG_01853	MER0019831	32.022	534	336	10	173	688	127	651	2.20e-87	284
LPLBEGGG_01853	MER0001058	30.124	644	420	12	52	688	6	626	4.42e-84	275
LPLBEGGG_01853	MER0004762	28.963	694	437	16	34	688	13	689	2.75e-82	271
LPLBEGGG_01853	MER0002350	28.944	691	430	16	43	688	22	696	9.80e-80	265
LPLBEGGG_01853	MER0001059	30.387	543	374	4	52	593	7	546	2.07e-79	260
LPLBEGGG_01853	MER0002062	27.141	689	435	16	40	677	19	691	3.91e-74	250
LPLBEGGG_01853	MER0005528	26.254	678	460	15	40	688	19	685	5.62e-72	243
LPLBEGGG_01853	MER0002997	25.541	693	468	13	31	688	10	689	1.59e-70	239
LPLBEGGG_01853	MER0002285	26.432	681	437	14	31	688	10	649	5.50e-68	232
LPLBEGGG_01853	MER0001365	34.530	362	210	9	352	688	372	731	1.22e-57	205
LPLBEGGG_01853	MER0015175	26.451	741	437	26	40	688	26	750	4.60e-54	195
LPLBEGGG_01853	MER0038668	26.701	588	341	20	177	688	30	603	1.50e-48	177
LPLBEGGG_01853	MER0162857	30.836	347	208	10	369	688	405	746	1.33e-46	173
LPLBEGGG_01853	MER0001054	23.684	684	438	27	44	688	23	661	1.39e-41	157
LPLBEGGG_01853	MER0024834	37.158	183	106	5	512	688	2	181	2.71e-35	129
LPLBEGGG_01853	MER0011432	23.512	672	447	23	42	677	27	667	4.75e-32	129
LPLBEGGG_01853	MER0011433	21.720	686	471	23	27	677	13	667	6.56e-32	128
LPLBEGGG_01853	MER0004778	22.634	729	462	24	40	688	20	726	1.00e-28	119
LPLBEGGG_01853	MER0011427	26.496	351	222	8	358	678	330	674	1.93e-28	117
LPLBEGGG_01853	MER0011430	29.630	324	203	12	381	688	343	657	1.98e-28	117
LPLBEGGG_01853	MER0026946	26.923	260	165	7	434	688	15	254	1.88e-24	100
LPLBEGGG_01853	MER0011355	24.566	346	235	9	355	677	314	656	6.72e-24	103
LPLBEGGG_01853	MER0002987	23.889	360	253	8	341	688	228	578	5.89e-23	100
LPLBEGGG_01853	MER0002993	23.848	369	247	8	259	601	218	578	1.42e-20	93.2
LPLBEGGG_01853	MER0002990	21.525	446	311	12	262	688	222	647	4.55e-20	91.7
LPLBEGGG_01853	MER0002989	23.899	318	215	9	384	688	337	640	4.37e-19	88.2
LPLBEGGG_01853	MER0004761	23.193	332	238	7	369	688	332	658	9.30e-19	87.4
LPLBEGGG_01853	MER0011429	21.513	674	440	26	42	677	28	650	3.95e-18	85.5
LPLBEGGG_01853	MER0002991	21.168	685	477	21	42	688	21	680	6.38e-17	81.6
LPLBEGGG_01853	MER0011195	21.676	692	422	28	44	688	37	655	4.18e-16	79.0
LPLBEGGG_01853	MER0015181	22.630	327	229	10	374	688	330	644	7.54e-11	62.0
LPLBEGGG_01853	MER0011486	23.387	248	156	7	370	597	296	529	5.47e-10	58.9
LPLBEGGG_01853	MER0011151	27.273	154	91	7	485	630	186	326	1.02e-09	57.8
LPLBEGGG_01853	MER0004763	24.255	235	151	7	374	592	192	415	2.92e-09	56.6
LPLBEGGG_01853	MER0011306	24.873	197	121	6	444	630	419	598	5.89e-09	55.8
LPLBEGGG_01853	MER0002999	23.714	350	206	18	231	546	194	516	4.97e-08	52.8
LPLBEGGG_01855	MER0029965	33.010	206	133	4	100	303	50	252	2.37e-27	108
LPLBEGGG_01855	MER0011462	30.131	229	141	6	68	280	3	228	2.17e-23	97.1
LPLBEGGG_01855	MER0015338	32.022	178	115	5	100	274	52	226	1.29e-22	95.1
LPLBEGGG_01855	MER0011464	29.412	238	161	6	65	299	11	244	2.19e-22	94.4
LPLBEGGG_01855	MER0011487	29.167	240	154	7	65	295	11	243	2.28e-22	94.4
LPLBEGGG_01855	MER0011461	27.948	229	156	6	71	294	16	240	2.00e-21	91.3
LPLBEGGG_01855	MER0005158	32.367	207	128	7	100	299	51	252	6.32e-21	90.1
LPLBEGGG_01855	MER0038831	28.458	253	163	8	65	308	11	254	1.40e-20	89.0
LPLBEGGG_01855	MER0038832	32.402	179	115	4	99	274	47	222	1.97e-20	88.6
LPLBEGGG_01855	MER0030257	27.935	247	168	7	65	306	11	252	2.22e-20	88.2
LPLBEGGG_01855	MER0038822	30.806	211	139	5	99	305	9	216	4.34e-20	86.7
LPLBEGGG_01855	MER0001911	32.447	188	119	6	100	286	41	221	1.13e-19	86.3
LPLBEGGG_01855	MER0015688	32.609	184	118	5	114	295	70	249	1.93e-18	82.8
LPLBEGGG_01855	MER0038833	25.472	212	150	6	99	307	47	253	3.63e-12	64.3
LPLBEGGG_01855	MER0038830	30.714	140	93	3	64	200	10	148	4.20e-11	60.1
LPLBEGGG_01855	MER0002161	35.238	105	64	3	100	202	66	168	6.06e-09	54.7
LPLBEGGG_01855	MER0001284	27.200	125	82	2	64	181	2	124	7.87e-09	53.9
LPLBEGGG_01855	MER0015691	33.721	86	51	2	99	181	52	134	9.68e-08	50.8
LPLBEGGG_01855	MER0005131	34.118	85	46	2	100	174	38	122	7.55e-07	48.1
LPLBEGGG_01855	MER0005238	34.118	85	50	2	100	181	67	148	1.33e-06	47.8
LPLBEGGG_01855	MER0015336	28.235	85	55	2	100	181	62	143	1.45e-06	47.4
LPLBEGGG_01868	MER0003380	34.043	235	146	3	136	369	14	240	1.83e-44	151
LPLBEGGG_01868	MER0069741	41.781	146	81	3	226	369	28	171	1.78e-31	115
LPLBEGGG_01868	MER0013541	47.126	87	46	0	267	353	1	87	1.05e-22	88.6
LPLBEGGG_01868	MER0066182	41.026	117	65	2	247	362	75	188	1.11e-18	80.5
LPLBEGGG_01868	MER0387040	44.330	97	53	1	267	362	1	97	2.91e-18	76.6
LPLBEGGG_01868	MER0003376	38.843	121	55	5	264	366	42	161	6.49e-15	68.9
LPLBEGGG_01868	MER0003423	37.895	95	57	2	258	350	23	117	8.70e-14	65.1
LPLBEGGG_01868	MER0003906	38.372	86	51	2	267	350	1	86	1.87e-13	63.2
LPLBEGGG_01868	MER0001419	35.789	95	59	2	258	350	23	117	3.17e-12	60.8
LPLBEGGG_01868	MER0015415	37.209	86	53	1	267	351	64	149	9.37e-12	60.1
LPLBEGGG_01868	MER0005300	41.026	78	43	1	263	340	64	138	2.64e-08	50.1
LPLBEGGG_01868	MER0025070	33.333	78	50	1	265	340	4	81	1.48e-07	46.6
LPLBEGGG_01868	MER0388771	34.615	78	49	1	267	342	2	79	2.43e-06	43.1
LPLBEGGG_01879	MER0001313	28.108	185	85	6	9	191	15	153	9.89e-07	43.9
LPLBEGGG_01910	MER0001425	42.405	158	87	1	202	355	3	160	4.12e-34	124
LPLBEGGG_01910	MER0004196	41.509	159	89	3	200	356	1	157	6.63e-32	117
LPLBEGGG_01910	MER0001297	36.538	156	97	2	201	356	2	155	6.93e-31	115
LPLBEGGG_01910	MER0003413	38.217	157	94	2	201	356	2	156	3.15e-30	113
LPLBEGGG_01910	MER0003514	37.662	154	94	2	203	356	4	155	4.71e-30	112
LPLBEGGG_01910	MER0015684	37.162	148	93	0	202	349	3	150	2.87e-29	110
LPLBEGGG_01910	MER0004195	35.625	160	96	2	200	356	1	156	6.00e-29	109
LPLBEGGG_01910	MER0003065	35.714	154	97	1	203	356	4	155	8.39e-27	103
LPLBEGGG_01910	MER0005714	30.519	154	100	1	204	350	5	158	2.44e-24	97.1
LPLBEGGG_01910	MER0001295	27.811	169	107	3	201	356	2	168	6.54e-16	72.8
LPLBEGGG_01910	MER0195376	28.082	146	81	3	203	324	2	147	7.13e-09	52.4
LPLBEGGG_01918	MER0001400	43.318	217	109	6	565	773	173	383	8.66e-48	172
LPLBEGGG_01918	MER0001400	37.931	174	98	7	240	410	1	167	1.08e-17	82.8
LPLBEGGG_01970	MER0005767	26.415	265	154	8	56	314	29	258	6.50e-13	65.9
LPLBEGGG_02050	MER0000589	24.786	351	153	11	140	487	1	243	4.54e-20	86.7
LPLBEGGG_02050	MER0013626	46.154	52	28	0	426	477	99	150	4.06e-12	61.2
LPLBEGGG_02050	MER0004537	25.000	140	76	5	141	276	2	116	1.86e-06	45.4
LPLBEGGG_02050	MER0055964	42.308	52	28	1	423	474	98	147	4.49e-06	43.5
LPLBEGGG_02055	MER0017194	30.366	191	77	4	50	234	66	206	1.81e-10	56.2
LPLBEGGG_02055	MER0015472	27.179	195	91	5	47	240	44	188	7.45e-10	54.3
LPLBEGGG_02055	MER0048181	29.891	184	83	8	48	227	1	142	3.83e-09	50.8
LPLBEGGG_02055	MER0015462	39.583	48	29	0	46	93	46	93	1.97e-08	49.7
LPLBEGGG_02055	MER0015468	28.421	95	67	1	10	103	7	101	6.10e-08	48.1
LPLBEGGG_02055	MER0015458	29.474	190	95	5	46	234	50	201	5.22e-07	46.2
LPLBEGGG_02055	MER0015459	36.207	58	37	0	46	103	48	105	5.60e-07	46.2
LPLBEGGG_02055	MER0015632	23.176	233	114	6	10	236	7	180	6.87e-07	45.8
LPLBEGGG_02055	MER0015633	38.596	57	35	0	46	102	48	104	1.34e-06	44.7
LPLBEGGG_02055	MER0047976	32.143	56	38	0	38	93	3	58	3.96e-06	43.1
LPLBEGGG_02055	MER0035036	23.404	188	92	4	45	231	85	221	4.45e-06	43.5
LPLBEGGG_02055	MER0015465	33.962	53	35	0	39	91	37	89	9.53e-06	42.0
LPLBEGGG_02087	MER0011748	52.941	238	109	2	407	643	1	236	1.26e-83	261
LPLBEGGG_02087	MER0056525	50.847	236	113	2	407	641	1	234	5.19e-83	259
LPLBEGGG_02087	MER0015609	50.840	238	112	2	407	643	1	234	6.28e-82	257
LPLBEGGG_02087	MER0005496	50.644	233	114	1	407	639	1	232	1.28e-80	253
LPLBEGGG_02087	MER0011224	47.639	233	121	1	407	639	1	232	5.38e-77	244
LPLBEGGG_02087	MER0023544	43.426	251	141	1	407	657	1	250	6.82e-73	233
LPLBEGGG_02087	MER0015195	47.186	231	119	2	407	636	1	229	1.84e-71	229
LPLBEGGG_02087	MER0002605	42.917	240	133	2	407	645	1	237	3.02e-67	218
LPLBEGGG_02087	MER0015194	42.553	235	130	2	408	640	2	233	1.10e-63	209
LPLBEGGG_02087	MER0002600	40.833	240	139	2	407	645	1	238	1.26e-63	208
LPLBEGGG_02087	MER0171760	39.777	269	154	4	371	636	1	264	1.83e-62	205
LPLBEGGG_02087	MER0014306	41.631	233	135	1	407	639	1	232	2.78e-62	205
LPLBEGGG_02087	MER0024898	41.277	235	135	3	407	639	1	234	2.76e-58	194
LPLBEGGG_02087	MER0004454	39.574	235	141	1	407	640	1	235	1.43e-54	184
LPLBEGGG_02087	MER0005466	38.819	237	138	4	408	638	2	237	1.52e-54	183
LPLBEGGG_02087	MER0015199	42.918	233	126	3	407	633	1	232	1.50e-53	182
LPLBEGGG_02087	MER0002602	40.724	221	125	2	408	622	2	222	2.93e-51	175
LPLBEGGG_02087	MER0002563	35.169	236	143	4	408	633	2	237	2.50e-47	164
LPLBEGGG_02087	MER0001620	37.447	235	140	3	407	634	1	235	4.87e-45	159
LPLBEGGG_02087	MER0015197	36.364	220	137	2	419	636	13	231	5.19e-45	158
LPLBEGGG_02087	MER0017637	35.865	237	140	5	408	633	2	237	8.21e-44	154
LPLBEGGG_02087	MER0002408	35.470	234	142	5	407	633	1	232	5.80e-43	152
LPLBEGGG_02087	MER0015193	37.083	240	138	7	407	635	1	238	1.64e-42	150
LPLBEGGG_02087	MER0011745	32.766	235	147	6	407	633	1	232	1.60e-41	148
LPLBEGGG_02087	MER0015137	33.191	235	146	6	407	633	1	232	4.37e-41	147
LPLBEGGG_02087	MER0002608	36.596	235	145	3	408	638	2	236	7.52e-38	138
LPLBEGGG_02087	MER0005755	35.193	233	139	3	408	637	2	225	6.86e-37	134
LPLBEGGG_02087	MER0014324	35.526	228	133	4	407	631	1	217	1.42e-36	134
LPLBEGGG_02087	MER0190577	33.333	228	138	4	407	631	1	217	3.41e-36	133
LPLBEGGG_02087	MER0002197	33.617	235	145	3	407	638	1	227	9.52e-36	132
LPLBEGGG_02087	MER0190705	34.199	231	141	3	408	636	1	222	1.94e-35	130
LPLBEGGG_02087	MER0024900	33.482	224	138	4	408	628	2	217	1.01e-33	126
LPLBEGGG_02087	MER0015690	35.745	235	139	6	407	629	1	235	1.06e-33	127
LPLBEGGG_02087	MER0011120	37.021	235	136	7	407	629	1	235	6.10e-30	116
LPLBEGGG_02087	MER0001246	30.769	182	114	3	418	596	1	173	9.89e-22	89.7
LPLBEGGG_02087	MER0015204	28.455	246	145	7	408	622	2	247	1.83e-20	89.4
LPLBEGGG_02097	MER0037236	27.626	257	164	6	7	242	5	260	4.92e-20	83.6
LPLBEGGG_02097	MER0004146	26.953	256	162	11	10	242	7	260	1.29e-15	71.2
LPLBEGGG_02097	MER0031611	23.938	259	168	6	17	249	35	290	2.58e-13	65.1
LPLBEGGG_02097	MER0036066	21.138	246	163	8	22	242	1	240	1.60e-09	53.5
LPLBEGGG_02097	MER0036076	22.222	216	135	8	47	241	88	291	3.72e-08	50.1
LPLBEGGG_02097	MER0036067	21.577	241	163	8	22	240	52	288	5.61e-08	49.3
LPLBEGGG_02097	MER0036068	22.751	189	129	5	70	241	105	293	7.16e-08	49.3
LPLBEGGG_02097	MER0017033	21.788	179	117	4	81	242	127	299	7.77e-08	48.9
LPLBEGGG_02097	MER0036059	33.708	89	50	1	153	241	271	350	1.50e-07	48.5
LPLBEGGG_02097	MER0003537	25.381	197	109	6	81	245	88	278	1.93e-07	47.8
LPLBEGGG_02097	MER0036054	21.463	205	128	5	68	239	66	270	2.48e-07	47.4
LPLBEGGG_02097	MER0035973	20.930	215	147	6	45	243	80	287	3.34e-07	47.0
LPLBEGGG_02097	MER0036057	19.512	246	162	6	22	242	63	297	6.05e-07	46.2
LPLBEGGG_02097	MER0033259	22.519	262	162	8	10	250	19	260	1.35e-06	45.1
LPLBEGGG_02097	MER0036073	27.381	168	100	6	91	242	154	315	1.37e-06	45.4
LPLBEGGG_02097	MER0011509	28.099	121	75	4	20	129	37	156	2.47e-06	44.7
LPLBEGGG_02097	MER0035038	26.804	97	65	2	21	112	30	125	3.76e-06	43.9
LPLBEGGG_02097	MER0213280	26.804	97	65	2	21	112	30	125	6.27e-06	43.1
LPLBEGGG_02213	MER0005169	33.929	336	207	7	14	344	6	331	3.62e-57	186
LPLBEGGG_02213	MER0013829	33.333	333	205	8	13	338	5	327	1.83e-52	174
LPLBEGGG_02213	MER0005472	33.634	333	205	6	14	345	6	323	5.57e-46	157
LPLBEGGG_02213	MER0004410	31.232	349	219	9	14	352	6	343	1.45e-45	156
LPLBEGGG_02213	MER0002046	34.516	310	182	10	43	349	35	326	2.21e-44	152
LPLBEGGG_02213	MER0002043	26.000	350	237	7	5	345	9	345	2.50e-35	129
LPLBEGGG_02213	MER0005160	32.056	287	172	8	65	345	55	324	5.32e-34	125
LPLBEGGG_02213	MER0002040	24.675	308	209	9	65	360	59	355	1.70e-20	88.2
LPLBEGGG_02213	MER0022215	23.446	354	239	7	12	354	3	335	6.69e-20	86.3
LPLBEGGG_02292	MER0013623	52.258	155	72	1	104	258	1	153	2.99e-51	167
LPLBEGGG_02292	MER0000268	56.410	156	65	2	104	258	1	154	4.97e-51	167
LPLBEGGG_02292	MER0003850	50.000	178	81	3	104	277	3	176	6.09e-49	162
LPLBEGGG_02292	MER0004111	50.641	156	75	2	104	258	1	155	7.43e-45	151
LPLBEGGG_02292	MER0000266	53.797	158	68	4	104	258	1	156	4.38e-44	149
LPLBEGGG_02292	MER0004149	49.080	163	75	2	104	258	1	163	2.09e-42	145
LPLBEGGG_02292	MER0005468	51.572	159	72	3	104	258	1	158	2.74e-42	144
LPLBEGGG_02292	MER0001372	52.201	159	69	5	104	258	1	156	1.21e-41	142
LPLBEGGG_02292	MER0001945	47.799	159	79	2	104	258	1	159	2.18e-41	142
LPLBEGGG_02292	MER0004673	35.036	274	146	8	104	354	2	266	3.18e-39	140
LPLBEGGG_02292	MER0003290	47.826	161	73	4	104	258	1	156	8.30e-39	135
LPLBEGGG_02292	MER0002577	47.799	159	73	4	104	258	1	153	3.02e-35	125
LPLBEGGG_02292	MER0003293	44.966	149	81	1	104	252	1	148	6.41e-33	119
LPLBEGGG_02292	MER0028330	46.541	159	75	4	104	258	1	153	6.97e-33	119
LPLBEGGG_02292	MER0001373	46.250	160	79	4	104	258	1	158	1.75e-32	118
LPLBEGGG_02292	MER0016351	43.396	159	80	4	104	258	1	153	2.80e-32	117
LPLBEGGG_02292	MER0004086	43.293	164	81	6	105	258	1	162	6.61e-32	116
LPLBEGGG_02292	MER0010944	39.766	171	87	4	104	258	1	171	1.47e-31	116
LPLBEGGG_02292	MER0022668	42.690	171	82	7	104	258	1	171	4.08e-31	115
LPLBEGGG_02292	MER0011375	39.521	167	76	4	104	258	1	154	3.87e-30	111
LPLBEGGG_02292	MER0004093	45.283	159	77	4	104	258	1	153	6.18e-30	111
LPLBEGGG_02292	MER0014795	43.636	165	77	5	104	258	1	159	1.84e-29	110
LPLBEGGG_02292	MER0016031	42.515	167	83	6	104	258	1	166	1.48e-28	107
LPLBEGGG_02292	MER0005093	36.364	165	91	4	104	254	1	165	9.46e-24	94.4
LPLBEGGG_02292	MER0006096	43.704	135	68	4	128	258	1	131	1.44e-23	92.8
LPLBEGGG_02292	MER0015583	41.333	150	75	5	104	241	1	149	2.69e-20	84.3
LPLBEGGG_02292	MER0063616	34.756	164	86	5	107	258	5	159	4.46e-17	75.5
LPLBEGGG_02292	MER0005094	34.969	163	84	8	104	253	1	154	4.79e-13	63.9
LPLBEGGG_02292	MER0014318	36.552	145	76	9	104	239	1	138	3.83e-10	55.5
LPLBEGGG_02292	MER0005090	36.296	135	79	6	104	233	1	133	6.25e-10	54.7
LPLBEGGG_02292	MER0005089	36.957	138	74	8	104	233	1	133	2.30e-09	53.1
LPLBEGGG_02292	MER0014314	35.036	137	78	7	104	233	1	133	2.02e-08	50.4
LPLBEGGG_02292	MER0014317	32.308	130	82	5	115	239	10	138	3.22e-08	49.7
LPLBEGGG_02292	MER0024901	33.566	143	83	7	104	239	1	138	3.58e-07	46.2
LPLBEGGG_02292	MER0145078	33.333	108	56	4	150	242	115	221	6.08e-07	47.4
LPLBEGGG_02292	MER0016543	32.812	128	71	7	115	233	11	132	5.90e-06	42.7
LPLBEGGG_02309	MER0042827	59.596	99	40	0	982	1080	1	99	3.84e-33	120
LPLBEGGG_02318	MER0001284	32.432	148	86	4	69	214	4	139	9.54e-15	70.9
LPLBEGGG_02318	MER0004514	33.043	115	74	2	103	214	25	139	5.66e-14	68.6
LPLBEGGG_02318	MER0100667	33.071	127	70	4	113	232	24	142	2.65e-10	57.0
LPLBEGGG_02318	MER0001290	27.389	157	97	6	72	217	60	210	9.53e-07	47.4
LPLBEGGG_02318	MER0194228	34.286	70	45	1	148	216	14	83	9.67e-06	43.1
LPLBEGGG_02383	MER0005767	27.907	344	198	10	32	369	6	305	1.82e-36	133
LPLBEGGG_02383	MER0030136	23.750	400	282	12	4	385	1	395	3.70e-21	91.7
LPLBEGGG_02383	MER0030143	22.500	400	287	12	4	385	1	395	4.54e-19	85.5
LPLBEGGG_02383	MER0030151	23.250	400	284	13	4	385	1	395	4.32e-18	82.4
LPLBEGGG_02383	MER0015112	23.284	408	278	17	4	385	1	399	3.20e-16	77.0
LPLBEGGG_02383	MER0030155	21.867	407	281	15	4	385	1	395	2.41e-14	71.2
LPLBEGGG_02383	MER0030149	21.642	402	288	12	4	385	1	395	2.32e-13	68.2
LPLBEGGG_02409	MER0001295	45.902	183	87	3	369	548	5	178	2.80e-48	165
LPLBEGGG_02409	MER0003413	40.496	121	71	1	387	507	15	134	1.83e-24	97.8
LPLBEGGG_02409	MER0003065	36.970	165	91	4	382	545	10	162	2.72e-22	91.3
LPLBEGGG_02409	MER0001297	41.322	121	69	2	387	507	15	133	4.50e-22	90.9
LPLBEGGG_02409	MER0001425	37.267	161	87	4	388	547	23	170	8.17e-22	90.1
LPLBEGGG_02409	MER0003514	35.625	160	92	3	388	547	16	164	3.58e-20	85.1
LPLBEGGG_02409	MER0005714	37.594	133	74	3	383	507	11	142	9.71e-19	81.3
LPLBEGGG_02409	MER0004196	30.435	161	99	4	387	545	15	164	1.54e-18	80.5
LPLBEGGG_02409	MER0015684	38.835	103	57	3	407	506	35	134	8.94e-16	72.8
LPLBEGGG_02409	MER0004195	32.335	167	97	6	387	549	15	169	1.40e-15	72.0
LPLBEGGG_02409	MER0030235	28.125	160	87	5	403	548	35	180	2.67e-06	45.4
LPLBEGGG_02409	MER0030244	26.786	168	95	5	395	548	38	191	7.21e-06	44.3
LPLBEGGG_02413	MER0004035	39.474	114	61	3	52	164	5	111	4.58e-26	92.8
LPLBEGGG_02413	MER0002443	36.885	122	71	2	45	165	1	117	1.92e-22	84.0
LPLBEGGG_02413	MER0003807	36.441	118	69	3	49	165	5	117	6.87e-18	72.0
LPLBEGGG_02413	MER0004054	36.885	122	67	6	50	166	6	122	2.51e-17	70.9
LPLBEGGG_02413	MER0003986	36.585	123	71	4	45	165	1	118	1.67e-16	68.6
LPLBEGGG_02413	MER0003808	37.069	116	62	6	49	163	5	110	2.24e-15	65.5
LPLBEGGG_02413	MER0003805	35.398	113	64	5	54	166	10	113	3.70e-15	64.7
LPLBEGGG_02413	MER0002450	36.607	112	62	5	54	165	10	112	4.76e-15	64.7
LPLBEGGG_02413	MER0377310	36.792	106	58	5	54	159	10	106	3.87e-13	59.3
LPLBEGGG_02413	MER0377307	36.792	106	58	5	54	159	10	106	3.87e-13	59.3
LPLBEGGG_02413	MER0377178	34.906	106	60	5	54	159	10	106	5.20e-12	56.6
LPLBEGGG_02413	MER0038100	30.328	122	67	5	56	166	13	127	1.47e-11	55.8
LPLBEGGG_02413	MER0376722	36.893	103	50	7	49	148	5	95	2.45e-10	51.6
LPLBEGGG_02413	MER0024252	36.471	85	47	2	57	141	14	91	1.29e-09	50.4
LPLBEGGG_02413	MER0377450	33.708	89	51	4	54	142	10	90	4.12e-08	45.8
LPLBEGGG_02413	MER0014672	29.703	101	63	2	61	161	30	122	4.91e-08	46.2
LPLBEGGG_02413	MER0014188	31.915	94	49	4	49	139	5	86	6.78e-08	45.4
LPLBEGGG_02413	MER0031199	34.483	58	38	0	61	118	1	58	8.70e-07	41.6
LPLBEGGG_02413	MER0001322	31.034	116	58	6	45	154	1	100	1.04e-06	42.4
LPLBEGGG_02418	MER0001423	65.086	232	81	0	492	723	1	232	6.54e-111	332
LPLBEGGG_02418	MER0000399	45.714	245	123	7	487	725	17	257	1.00e-67	221
LPLBEGGG_02418	MER0000401	42.041	245	133	6	487	725	18	259	2.91e-63	209
LPLBEGGG_02418	MER0000405	40.824	267	141	10	472	725	5	267	3.36e-59	198
LPLBEGGG_02418	MER0005196	38.696	230	140	1	493	722	22	250	1.68e-56	190
LPLBEGGG_02418	MER0011413	37.712	236	143	2	493	724	4	239	1.17e-55	187
LPLBEGGG_02418	MER0058228	37.344	241	148	3	489	727	3	242	3.34e-52	178
LPLBEGGG_02418	MER0000404	38.057	247	145	5	485	725	18	262	5.14e-51	176
LPLBEGGG_02418	MER0004504	40.789	228	125	5	496	714	2	228	6.42e-51	174
LPLBEGGG_02418	MER0004923	38.462	234	140	2	495	724	57	290	1.21e-50	175
LPLBEGGG_02418	MER0013484	39.394	231	132	3	493	715	4	234	1.33e-50	174
LPLBEGGG_02418	MER0011305	40.517	232	129	6	496	722	23	250	4.58e-50	172
LPLBEGGG_02418	MER0005987	37.447	235	129	6	500	725	35	260	2.89e-49	171
LPLBEGGG_02418	MER0011231	37.500	264	151	8	470	725	2	259	6.75e-48	167
LPLBEGGG_02418	MER0004921	35.833	240	141	5	493	725	4	237	8.12e-48	166
LPLBEGGG_02418	MER0192427	38.318	214	125	3	496	706	69	278	1.33e-43	155
LPLBEGGG_02418	MER0005994	34.529	223	143	2	505	725	41	262	4.34e-42	150
LPLBEGGG_02418	MER0000403	31.102	254	166	5	478	725	10	260	6.47e-42	150
LPLBEGGG_02418	MER0004193	34.615	234	146	5	493	723	3	232	1.55e-40	145
LPLBEGGG_02418	MER0004199	34.914	232	135	9	500	725	1	222	1.09e-37	137
LPLBEGGG_02418	MER0195666	36.538	208	120	5	493	692	1	204	5.39e-37	135
LPLBEGGG_02418	MER0003361	30.455	220	132	9	494	704	20	227	1.53e-28	111
LPLBEGGG_02418	MER0034615	25.820	244	144	7	485	706	2	230	7.12e-19	83.6
LPLBEGGG_02418	MER0005988	34.545	110	71	1	598	706	2	111	8.31e-19	79.7
LPLBEGGG_02418	MER0003558	25.701	214	145	4	506	711	39	246	2.05e-18	82.8
LPLBEGGG_02418	MER0140224	27.358	212	135	4	507	705	13	218	3.06e-15	72.8
LPLBEGGG_02418	MER0017401	27.876	226	147	8	488	705	2	219	4.24e-15	72.4
LPLBEGGG_02418	MER0005807	28.415	183	123	4	529	706	80	259	9.04e-14	69.3
LPLBEGGG_02418	MER0018170	24.064	187	129	1	532	705	46	232	1.03e-12	65.5
LPLBEGGG_02418	MER0016096	21.311	244	175	6	489	719	2	241	1.45e-12	65.1
LPLBEGGG_02418	MER0000408	22.128	235	163	5	486	706	5	233	2.26e-12	64.7
LPLBEGGG_02418	MER0006027	23.423	222	149	6	499	706	24	238	1.80e-10	58.9
LPLBEGGG_02418	MER0000263	22.553	235	156	6	488	706	1	225	3.16e-10	58.2
LPLBEGGG_02418	MER0015682	23.529	255	180	7	478	724	59	306	1.35e-09	57.0
LPLBEGGG_02418	MER0001920	21.888	233	162	5	507	725	20	246	1.65e-09	55.8
LPLBEGGG_02418	MER0011583	25.110	227	143	8	492	704	11	224	1.85e-07	49.7
LPLBEGGG_02418	MER0030932	25.287	174	105	6	535	695	54	215	2.01e-07	49.7
LPLBEGGG_02418	MER0126485	22.703	185	119	4	501	672	10	183	3.03e-07	48.9
LPLBEGGG_02418	MER0004925	25.874	143	101	3	576	715	110	250	2.19e-06	46.6
