AMKBEHAN_00056	MER0000589	23.442	337	149	10	140	474	1	230	2.18e-16	75.9
AMKBEHAN_00056	MER0013626	29.167	96	50	1	400	477	55	150	2.44e-10	56.2
AMKBEHAN_00056	MER0055964	34.884	86	41	2	402	474	64	147	2.54e-08	50.1
AMKBEHAN_00056	MER0003269	35.294	68	31	2	412	466	77	144	1.89e-06	44.7
AMKBEHAN_00080	MER0000410	56.228	281	121	1	397	677	1	279	2.07e-111	335
AMKBEHAN_00080	MER0011872	41.445	263	151	2	416	675	18	280	2.01e-66	217
AMKBEHAN_00080	MER0082498	42.803	264	127	7	421	660	6	269	6.22e-59	197
AMKBEHAN_00080	MER0005694	32.103	271	180	2	411	680	13	280	4.30e-45	159
AMKBEHAN_00080	MER0004227	38.991	218	132	1	420	636	28	245	5.18e-41	149
AMKBEHAN_00080	MER0015621	28.283	297	189	5	404	681	6	297	4.11e-37	137
AMKBEHAN_00080	MER0079308	30.189	265	174	6	415	674	7	265	8.39e-37	136
AMKBEHAN_00080	MER0000392	29.787	282	181	5	411	680	3	279	8.57e-37	136
AMKBEHAN_00080	MER0022823	30.686	277	182	6	411	680	3	276	6.44e-35	130
AMKBEHAN_00080	MER0082653	33.333	234	141	7	416	635	7	239	7.47e-34	127
AMKBEHAN_00080	MER0011450	31.250	256	158	6	411	654	3	252	3.07e-33	126
AMKBEHAN_00080	MER0981959	28.114	281	181	5	411	674	2	278	6.36e-33	125
AMKBEHAN_00080	MER0002490	27.575	301	180	9	411	681	13	305	1.12e-32	125
AMKBEHAN_00080	MER0325901	30.279	251	163	7	411	654	1	246	2.56e-31	120
AMKBEHAN_00080	MER0003229	29.213	267	177	6	411	674	11	268	1.20e-29	115
AMKBEHAN_00080	MER0000398	29.412	238	153	5	422	658	11	234	3.38e-26	105
AMKBEHAN_00093	MER0018170	43.750	48	27	0	139	186	94	141	2.28e-06	44.3
AMKBEHAN_00115	MER0011785	30.579	121	75	4	63	176	20	138	3.08e-10	57.0
AMKBEHAN_00115	MER0017033	30.172	116	80	1	66	181	54	168	6.58e-09	52.8
AMKBEHAN_00115	MER0036068	27.586	116	83	1	67	182	44	158	1.85e-08	51.2
AMKBEHAN_00115	MER0033259	25.000	208	134	8	76	263	31	236	2.08e-08	50.8
AMKBEHAN_00115	MER0031557	25.980	204	104	8	56	248	42	209	3.74e-08	50.1
AMKBEHAN_00115	MER0017142	29.630	108	67	5	77	182	15	115	7.08e-08	49.3
AMKBEHAN_00115	MER0037863	25.664	226	136	7	65	270	57	270	1.14e-07	48.9
AMKBEHAN_00115	MER0000436	28.440	109	73	3	77	180	24	132	1.67e-06	45.4
AMKBEHAN_00115	MER0031556	31.731	104	57	3	86	178	67	167	2.29e-06	45.1
AMKBEHAN_00115	MER0031566	22.727	198	124	6	76	270	32	203	2.87e-06	44.3
AMKBEHAN_00115	MER0017377	23.737	198	122	7	76	270	32	203	3.23e-06	43.9
AMKBEHAN_00121	MER0036036	26.068	234	142	7	31	256	31	241	2.52e-15	70.9
AMKBEHAN_00121	MER0045479	26.923	234	138	8	32	257	32	240	4.83e-15	70.1
AMKBEHAN_00121	MER0031565	29.876	241	124	11	31	257	31	240	5.07e-15	70.1
AMKBEHAN_00121	MER0036038	27.966	236	135	9	31	257	31	240	6.34e-14	67.0
AMKBEHAN_00121	MER0031569	27.897	233	142	9	30	256	26	238	3.43e-11	58.9
AMKBEHAN_00121	MER0031611	26.943	193	112	10	30	222	37	200	2.04e-08	51.2
AMKBEHAN_00173	MER0013541	38.462	78	41	2	312	388	2	73	6.99e-08	47.0
AMKBEHAN_00189	MER0000332	40.741	243	110	10	294	535	61	270	5.22e-33	124
AMKBEHAN_00189	MER0000310	38.496	226	116	9	281	499	43	252	1.54e-32	122
AMKBEHAN_00189	MER0077555	36.087	230	124	8	281	503	43	256	5.41e-32	121
AMKBEHAN_00189	MER0002565	39.409	203	104	5	295	496	105	289	2.76e-31	121
AMKBEHAN_00189	MER0028365	37.083	240	122	10	297	524	125	347	3.71e-29	115
AMKBEHAN_00189	MER0028365	43.333	60	32	2	71	130	55	112	9.19e-08	51.2
AMKBEHAN_00189	MER0000316	37.500	224	117	10	281	499	41	246	9.83e-29	112
AMKBEHAN_00189	MER0001521	39.604	202	103	8	295	493	62	247	4.10e-28	110
AMKBEHAN_00189	MER0000313	39.604	202	103	8	295	493	62	247	5.03e-28	110
AMKBEHAN_00189	MER0001699	36.842	209	115	8	297	503	62	255	8.56e-28	109
AMKBEHAN_00189	MER0001709	35.526	228	103	9	297	499	99	307	9.14e-28	110
AMKBEHAN_00189	MER0001755	39.109	202	104	8	295	493	62	247	1.80e-27	108
AMKBEHAN_00189	MER0000315	35.965	228	121	10	282	503	43	251	3.22e-27	107
AMKBEHAN_00189	MER0001928	34.921	252	131	11	254	503	31	251	4.53e-27	107
AMKBEHAN_00189	MER0001520	36.607	224	117	10	282	499	43	247	5.60e-27	107
AMKBEHAN_00189	MER0000333	40.517	232	108	10	281	504	44	253	8.53e-27	106
AMKBEHAN_00189	MER0001906	35.526	228	122	10	282	503	43	251	1.27e-26	106
AMKBEHAN_00189	MER0000309	36.404	228	116	10	285	499	41	252	3.80e-26	104
AMKBEHAN_00189	MER0002575	37.850	214	110	11	293	503	67	260	4.23e-26	104
AMKBEHAN_00189	MER0001523	39.109	202	104	8	295	493	62	247	6.78e-26	104
AMKBEHAN_00189	MER0000312	39.109	202	104	8	295	493	62	247	6.78e-26	104
AMKBEHAN_00189	MER0005821	35.023	217	118	9	297	503	86	289	9.71e-26	107
AMKBEHAN_00189	MER0000311	38.318	214	107	8	296	503	63	257	9.78e-26	103
AMKBEHAN_00189	MER0000362	35.398	226	106	9	297	499	99	307	5.23e-25	102
AMKBEHAN_00189	MER0000361	34.979	243	114	11	297	517	105	325	5.48e-25	102
AMKBEHAN_00189	MER0002562	35.745	235	109	9	291	499	111	329	1.42e-24	102
AMKBEHAN_00189	MER0017009	32.218	239	138	7	295	522	115	340	2.51e-24	101
AMKBEHAN_00189	MER0013656	35.000	260	129	12	236	493	19	240	1.46e-23	97.4
AMKBEHAN_00189	MER0000320	37.438	203	107	8	297	492	69	258	2.19e-23	97.4
AMKBEHAN_00189	MER0054318	39.894	188	99	8	297	480	67	244	2.55e-23	97.8
AMKBEHAN_00189	MER0062058	39.151	212	112	7	295	500	59	259	4.38e-23	98.6
AMKBEHAN_00189	MER0062058	55.102	49	22	0	83	131	1	49	2.72e-12	65.5
AMKBEHAN_00189	MER0081072	37.799	209	108	8	297	502	61	250	1.09e-22	94.4
AMKBEHAN_00189	MER0004690	34.562	217	122	6	297	499	99	309	1.12e-22	96.7
AMKBEHAN_00189	MER0004690	40.580	69	40	1	67	134	22	90	5.80e-09	54.7
AMKBEHAN_00189	MER0002057	33.195	241	117	8	297	496	102	339	2.48e-22	95.9
AMKBEHAN_00189	MER0016983	36.842	209	91	9	297	484	71	259	3.17e-22	94.4
AMKBEHAN_00189	MER0000321	33.484	221	113	8	297	503	155	355	3.28e-22	95.1
AMKBEHAN_00189	MER0001725	36.842	190	104	6	295	482	97	272	4.45e-22	94.0
AMKBEHAN_00189	MER0006023	33.624	229	119	9	289	499	94	307	1.07e-21	93.2
AMKBEHAN_00189	MER0016978	34.335	233	106	9	296	499	77	291	2.52e-21	91.7
AMKBEHAN_00189	MER0000319	34.848	198	111	6	297	493	69	249	3.41e-21	90.9
AMKBEHAN_00189	MER0014744	33.473	239	139	8	271	498	75	304	3.69e-21	91.7
AMKBEHAN_00189	MER0042897	41.748	206	96	9	297	496	66	253	4.95e-21	90.1
AMKBEHAN_00189	MER0030016	33.810	210	114	5	297	499	85	276	1.38e-20	89.0
AMKBEHAN_00189	MER0004085	34.222	225	107	10	297	496	96	304	1.69e-20	89.7
AMKBEHAN_00189	MER0006074	35.023	217	111	10	291	497	76	272	5.59e-20	87.4
AMKBEHAN_00189	MER0005931	38.208	212	112	6	295	503	30	225	1.10e-19	85.5
AMKBEHAN_00189	MER0000349	31.076	251	134	10	283	503	129	370	2.42e-19	87.0
AMKBEHAN_00189	MER0016697	34.112	214	99	7	297	482	98	297	5.30e-19	85.5
AMKBEHAN_00189	MER0002267	33.019	212	114	8	297	501	71	261	6.43e-19	84.0
AMKBEHAN_00189	MER0005859	33.735	249	115	11	273	483	218	454	1.40e-18	85.5
AMKBEHAN_00189	MER0002516	31.973	294	156	17	214	497	5	264	1.60e-18	83.2
AMKBEHAN_00189	MER0000359	37.220	223	103	13	297	509	89	284	2.03e-18	82.8
AMKBEHAN_00189	MER0161312	34.979	243	119	9	295	499	92	333	3.22e-18	83.2
AMKBEHAN_00189	MER0000326	30.935	278	153	12	225	498	11	253	7.13e-18	81.6
AMKBEHAN_00189	MER0003536	30.182	275	140	13	276	528	52	296	1.80e-17	80.1
AMKBEHAN_00189	MER0155676	32.911	237	123	11	294	500	122	352	2.21e-17	81.3
AMKBEHAN_00189	MER0019280	31.429	245	147	9	270	499	42	280	1.07e-16	77.8
AMKBEHAN_00189	MER0000356	34.322	236	108	11	297	517	89	292	1.56e-16	78.2
AMKBEHAN_00189	MER0050309	29.258	229	132	9	291	507	41	251	1.61e-16	79.0
AMKBEHAN_00189	MER0004720	29.032	248	133	10	265	503	51	264	5.66e-16	75.5
AMKBEHAN_00189	MER0005078	32.292	192	99	8	297	480	80	248	1.17e-15	74.3
AMKBEHAN_00189	MER0000344	29.804	255	138	10	256	495	48	276	1.25e-15	74.7
AMKBEHAN_00189	MER0000358	28.881	277	142	12	248	495	11	261	1.50e-15	75.1
AMKBEHAN_00189	MER0004123	28.102	274	144	10	261	498	51	307	1.56e-15	74.7
AMKBEHAN_00189	MER0003117	35.149	202	98	10	297	488	75	253	1.98e-15	73.9
AMKBEHAN_00189	MER0002790	32.877	219	121	5	297	498	1	210	7.92e-15	71.2
AMKBEHAN_00189	MER0002500	31.050	219	122	8	283	480	141	351	1.20e-14	72.8
AMKBEHAN_00189	MER0114485	29.545	220	119	7	297	480	106	325	2.42e-14	71.6
AMKBEHAN_00189	MER0000357	35.294	204	94	10	297	485	77	257	7.45e-14	69.3
AMKBEHAN_00189	MER0000328	32.857	210	106	9	287	482	60	248	7.71e-14	68.9
AMKBEHAN_00189	MER0000325	34.783	207	107	9	297	498	70	253	1.08e-13	68.9
AMKBEHAN_00189	MER0016688	29.832	238	127	11	297	505	74	300	1.30e-13	68.9
AMKBEHAN_00189	MER0000335	28.814	236	126	10	276	495	43	252	1.60e-13	68.2
AMKBEHAN_00189	MER0014446	30.081	246	133	8	291	518	191	415	1.60e-13	69.3
AMKBEHAN_00189	MER0016986	29.151	271	136	9	275	498	70	331	1.92e-13	68.6
AMKBEHAN_00189	MER0000338	30.233	215	117	9	297	502	72	262	2.02e-13	67.8
AMKBEHAN_00189	MER0005790	29.798	198	105	5	295	479	92	268	2.03e-13	67.4
AMKBEHAN_00189	MER0002764	36.500	200	94	11	297	491	89	260	4.51e-13	67.0
AMKBEHAN_00189	MER0000347	26.577	222	133	6	297	499	119	329	1.45e-12	66.6
AMKBEHAN_00189	MER0014085	27.985	268	134	12	292	504	82	345	1.46e-12	66.2
AMKBEHAN_00189	MER0003020	28.378	296	129	11	256	482	185	466	4.08e-12	65.1
AMKBEHAN_00189	MER0000351	29.358	218	112	8	283	481	90	284	8.76e-12	62.8
AMKBEHAN_00189	MER0067924	29.614	233	112	12	297	498	63	274	1.21e-11	62.4
AMKBEHAN_00189	MER0028258	27.458	295	155	11	248	499	71	349	1.29e-11	63.2
AMKBEHAN_00189	MER0055027	31.373	204	100	11	297	483	73	253	2.95e-11	62.0
AMKBEHAN_00189	MER0001454	25.418	299	150	14	272	504	41	332	3.63e-11	61.6
AMKBEHAN_00189	MER0003122	27.731	238	118	9	347	536	150	381	4.59e-11	61.6
AMKBEHAN_00189	MER0068994	27.574	272	131	12	297	506	109	376	4.79e-11	61.6
AMKBEHAN_00189	MER0006037	31.250	192	101	7	297	480	80	248	6.86e-11	60.1
AMKBEHAN_00189	MER0004641	26.259	278	131	11	292	499	81	354	8.79e-11	60.5
AMKBEHAN_00189	MER0000353	29.245	212	106	7	283	475	141	327	8.86e-11	60.1
AMKBEHAN_00189	MER0005712	23.718	312	164	12	247	504	54	345	9.06e-11	60.5
AMKBEHAN_00189	MER0037258	27.803	223	140	6	297	502	80	298	1.45e-10	59.3
AMKBEHAN_00189	MER0004869	26.877	253	114	13	332	520	128	373	2.17e-10	59.3
AMKBEHAN_00189	MER0000336	30.000	190	102	7	297	478	81	247	3.90e-10	57.8
AMKBEHAN_00189	MER0022415	26.147	218	133	9	294	502	80	278	4.73e-10	58.5
AMKBEHAN_00189	MER0000340	31.707	246	116	13	297	520	74	289	5.16e-10	57.8
AMKBEHAN_00189	MER0013641	25.941	239	135	10	295	504	81	306	5.21e-10	58.2
AMKBEHAN_00189	MER0001368	23.529	238	128	7	316	506	112	342	5.22e-10	58.2
AMKBEHAN_00189	MER0016991	30.594	219	111	9	297	486	78	284	8.41e-10	57.4
AMKBEHAN_00189	MER0000350	27.184	309	164	11	232	499	41	329	1.26e-09	56.6
AMKBEHAN_00189	MER0002739	28.745	247	119	10	297	504	98	326	1.49e-09	57.0
AMKBEHAN_00189	MER0050310	26.316	228	135	11	297	508	102	312	2.89e-09	55.8
AMKBEHAN_00189	MER0006297	26.339	224	136	10	282	482	249	466	3.07e-09	56.2
AMKBEHAN_00189	MER0001451	25.887	282	151	14	272	499	41	318	3.12e-09	55.5
AMKBEHAN_00189	MER0001467	27.881	269	124	13	297	499	72	336	3.86e-09	55.5
AMKBEHAN_00189	MER0000389	26.357	258	120	10	295	504	75	310	4.85e-09	55.1
AMKBEHAN_00189	MER0014312	37.500	96	38	4	426	499	305	400	2.15e-08	53.1
AMKBEHAN_00189	MER0000329	26.545	275	119	11	293	496	72	334	2.21e-08	53.1
AMKBEHAN_00189	MER0015438	36.250	80	38	1	433	499	371	450	2.70e-08	53.1
AMKBEHAN_00189	MER0014325	35.789	95	45	3	424	503	246	339	4.83e-08	52.0
AMKBEHAN_00189	MER0004988	25.225	222	134	7	297	503	71	275	5.76e-08	51.2
AMKBEHAN_00189	MER0000348	27.037	270	132	9	290	505	77	335	7.56e-08	51.2
AMKBEHAN_00189	MER0015437	33.333	81	52	2	424	504	355	433	8.06e-08	51.6
AMKBEHAN_00189	MER0015431	26.066	211	108	10	338	504	141	347	1.38e-07	50.4
AMKBEHAN_00189	MER0006036	34.615	78	38	1	440	504	368	445	1.42e-07	50.8
AMKBEHAN_00189	MER0014310	35.417	96	40	4	426	499	303	398	1.63e-07	50.4
AMKBEHAN_00189	MER0014309	26.027	292	147	14	272	499	41	327	1.91e-07	50.1
AMKBEHAN_00189	MER0080418	29.371	143	86	6	370	503	204	340	2.38e-07	49.7
AMKBEHAN_00189	MER0004652	32.530	83	46	1	433	505	431	513	2.53e-07	50.1
AMKBEHAN_00189	MER0000364	26.038	265	139	12	265	507	53	282	4.28e-07	48.5
AMKBEHAN_00189	MER0015436	30.864	81	48	2	432	504	355	435	4.90e-07	48.9
AMKBEHAN_00189	MER0011484	29.091	220	108	13	297	482	268	473	7.16e-07	48.5
AMKBEHAN_00189	MER0024902	26.554	177	120	3	336	504	138	312	7.97e-07	47.8
AMKBEHAN_00189	MER0003256	25.561	223	111	13	294	477	43	249	8.37e-07	47.4
AMKBEHAN_00189	MER0015432	23.270	318	164	14	261	504	44	355	8.38e-07	48.1
AMKBEHAN_00189	MER0014311	33.028	109	49	5	432	520	312	416	1.08e-06	47.8
AMKBEHAN_00189	MER0013896	32.258	93	50	3	426	506	361	452	1.25e-06	47.8
AMKBEHAN_00189	MER0002771	30.769	91	45	3	427	499	239	329	1.48e-06	47.4
AMKBEHAN_00189	MER0005710	31.707	82	43	2	432	500	353	434	2.55e-06	46.6
AMKBEHAN_00189	MER0005760	32.979	94	43	4	426	499	242	335	3.48e-06	46.2
AMKBEHAN_00189	MER0015428	24.454	229	121	10	316	499	112	333	3.66e-06	45.8
AMKBEHAN_00189	MER0002264	23.581	229	143	7	296	504	72	288	5.10e-06	45.4
AMKBEHAN_00189	MER0011813	30.208	96	47	2	432	507	348	443	5.50e-06	45.8
AMKBEHAN_00189	MER0017014	34.615	78	46	4	431	504	358	434	6.93e-06	45.4
AMKBEHAN_00189	MER0000383	23.853	218	142	7	296	499	64	271	8.00e-06	44.7
AMKBEHAN_00189	MER0001603	21.552	232	138	5	296	503	63	274	8.19e-06	44.7
AMKBEHAN_00189	MER0013893	32.143	112	55	4	400	501	411	511	8.71e-06	45.1
AMKBEHAN_00189	MER0175622	26.549	226	132	10	297	504	74	283	9.87e-06	44.3
AMKBEHAN_00190	MER0011345	26.623	154	97	5	323	462	40	191	1.69e-08	52.8
AMKBEHAN_00190	MER0001017	30.894	123	64	6	314	418	31	150	1.19e-06	47.0
AMKBEHAN_00190	MER0005328	46.667	60	24	4	339	393	49	105	6.47e-06	44.3
AMKBEHAN_00190	MER0002755	27.742	155	92	7	324	462	31	181	7.33e-06	44.3
AMKBEHAN_00196	MER0015657	26.543	162	103	7	89	242	35	188	2.11e-07	50.1
AMKBEHAN_00196	MER0013916	28.205	156	94	7	95	241	41	187	8.71e-07	47.8
AMKBEHAN_00196	MER0015651	32.308	130	69	8	86	209	32	148	1.65e-06	47.0
AMKBEHAN_00196	MER0013917	27.711	166	100	8	95	251	41	195	3.96e-06	45.8
AMKBEHAN_00196	MER0000426	28.906	128	72	7	86	209	30	142	8.31e-06	45.1
AMKBEHAN_00196	MER0015617	26.222	225	134	14	95	302	41	250	8.77e-06	44.7
AMKBEHAN_00278	MER0001161	46.212	132	66	3	4	132	549	678	1.06e-33	120
AMKBEHAN_00278	MER0006087	41.912	136	74	2	3	133	564	699	7.39e-30	109
AMKBEHAN_00278	MER0015119	36.486	148	77	3	3	133	570	717	3.70e-27	102
AMKBEHAN_00278	MER0001153	36.691	139	71	4	3	132	562	692	6.66e-17	72.8
AMKBEHAN_00278	MER0001149	33.333	132	81	4	3	132	550	676	3.10e-16	70.9
AMKBEHAN_00278	MER0108144	30.233	129	89	1	4	132	535	662	3.67e-16	70.5
AMKBEHAN_00278	MER0001158	35.938	128	80	2	7	132	550	677	1.47e-15	68.9
AMKBEHAN_00278	MER0079465	28.467	137	89	4	3	132	500	634	8.73e-09	49.3
AMKBEHAN_00278	MER0015170	38.235	68	42	0	60	127	558	625	2.74e-08	48.1
AMKBEHAN_00278	MER0001942	27.820	133	91	3	1	132	548	676	5.03e-08	47.4
AMKBEHAN_00299	MER0012158	35.799	338	147	9	2	270	1	337	3.48e-56	190
AMKBEHAN_00299	MER0003327	42.986	221	117	6	2	220	1	214	3.48e-50	171
AMKBEHAN_00299	MER0185695	42.411	224	121	5	2	220	1	221	7.59e-48	164
AMKBEHAN_00299	MER0003350	41.748	206	98	5	2	185	1	206	2.88e-43	151
AMKBEHAN_00299	MER0003322	39.806	206	99	5	2	182	1	206	6.83e-37	133
AMKBEHAN_00299	MER0011781	33.129	163	103	4	2	162	1	159	1.23e-16	76.6
AMKBEHAN_00299	MER0011806	29.240	171	114	4	2	169	1	167	3.65e-14	69.3
AMKBEHAN_00299	MER0004101	29.240	171	114	4	2	169	1	167	3.65e-14	69.3
AMKBEHAN_00299	MER0003314	29.452	146	88	5	2	134	1	144	3.50e-10	58.2
AMKBEHAN_00342	MER0069741	29.545	132	64	4	50	181	69	171	1.15e-10	57.8
AMKBEHAN_00342	MER0003376	27.439	164	83	5	4	161	3	136	3.79e-08	50.1
AMKBEHAN_00342	MER0015415	29.365	126	64	3	41	166	54	154	1.01e-07	48.9
AMKBEHAN_00351	MER0033186	38.125	320	190	4	67	381	1	317	5.11e-64	205
AMKBEHAN_00368	MER0031234	28.571	217	132	6	49	258	36	236	7.90e-16	74.3
AMKBEHAN_00368	MER0023167	26.630	184	100	6	106	263	72	246	2.00e-12	64.3
AMKBEHAN_00368	MER0364556	27.607	163	102	6	104	263	58	207	6.10e-12	62.0
AMKBEHAN_00368	MER0003659	26.712	146	81	4	124	258	65	195	2.17e-08	51.6
AMKBEHAN_00368	MER0000644	25.472	212	127	9	55	259	7	194	4.67e-08	50.4
AMKBEHAN_00368	MER0011796	28.767	146	81	6	124	259	61	193	7.39e-08	50.1
AMKBEHAN_00368	MER0013512	30.986	142	79	7	124	259	65	193	2.01e-07	48.5
AMKBEHAN_00368	MER0001693	29.577	142	81	7	124	259	65	193	2.83e-07	48.1
AMKBEHAN_00368	MER0037004	30.968	155	80	10	118	262	59	196	2.86e-07	48.1
AMKBEHAN_00368	MER0025190	25.352	142	89	6	124	261	64	192	3.91e-07	47.8
AMKBEHAN_00368	MER0005763	24.841	157	103	6	125	276	66	212	3.96e-07	47.8
AMKBEHAN_00368	MER0005594	27.389	157	99	7	124	276	65	210	9.33e-07	46.6
AMKBEHAN_00368	MER0014289	35.714	84	47	4	180	259	115	195	1.11e-06	46.6
AMKBEHAN_00368	MER0000697	26.471	204	117	8	96	275	54	248	2.29e-06	45.8
AMKBEHAN_00368	MER0081103	25.743	202	112	9	67	259	19	191	3.06e-06	44.7
AMKBEHAN_00368	MER0002269	28.462	130	77	5	134	259	76	193	4.07e-06	44.7
AMKBEHAN_00368	MER0000660	29.221	154	91	9	116	262	58	200	4.26e-06	44.7
AMKBEHAN_00368	MER0005897	34.568	81	47	3	182	259	114	191	5.28e-06	44.3
AMKBEHAN_00368	MER0014577	23.448	145	95	4	122	261	70	203	8.80e-06	43.9
AMKBEHAN_00398	MER0035254	23.035	547	346	15	192	677	1	533	1.66e-30	123
AMKBEHAN_00398	MER0006198	25.333	375	230	13	192	542	1	349	3.33e-24	103
AMKBEHAN_00398	MER0003306	27.805	205	135	5	255	448	63	265	4.06e-14	72.4
AMKBEHAN_00398	MER0030255	19.504	564	359	18	192	680	1	544	4.52e-08	52.8
AMKBEHAN_00414	MER0035036	28.235	170	111	5	67	229	86	251	2.53e-10	56.6
AMKBEHAN_00414	MER0015473	25.767	163	98	3	57	203	25	180	4.69e-09	52.4
AMKBEHAN_00414	MER0048181	28.169	142	91	2	69	199	1	142	7.41e-07	44.7
AMKBEHAN_00414	MER0030047	28.671	143	77	5	74	204	3	132	8.64e-07	44.3
AMKBEHAN_00414	MER0015455	30.872	149	90	5	65	208	56	196	3.36e-06	44.3
AMKBEHAN_00415	MER0030047	34.615	130	83	2	55	183	3	131	9.08e-14	62.8
AMKBEHAN_00415	MER0035036	33.103	145	91	3	47	190	85	224	2.40e-13	63.5
AMKBEHAN_00415	MER0015473	31.544	149	88	4	49	185	36	182	4.05e-13	62.4
AMKBEHAN_00415	MER0015631	28.571	161	107	4	30	188	32	186	1.26e-12	61.2
AMKBEHAN_00415	MER0015472	30.189	159	95	5	49	196	44	197	3.12e-12	60.1
AMKBEHAN_00415	MER0017194	35.570	149	83	4	52	190	66	211	5.54e-12	59.3
AMKBEHAN_00415	MER0015632	29.060	117	80	2	11	126	8	122	7.93e-12	58.9
AMKBEHAN_00415	MER0015462	28.105	153	96	4	48	198	46	186	1.11e-11	58.2
AMKBEHAN_00415	MER0047976	26.282	156	107	3	38	193	1	148	1.45e-11	57.8
AMKBEHAN_00415	MER0015630	29.814	161	102	5	27	186	29	179	1.65e-11	58.2
AMKBEHAN_00415	MER0015633	32.432	148	76	5	46	186	46	176	5.81e-11	56.6
AMKBEHAN_00415	MER0015686	26.111	180	118	6	18	196	22	187	1.31e-10	55.8
AMKBEHAN_00415	MER0015459	36.145	83	45	2	48	129	48	123	4.98e-10	54.3
AMKBEHAN_00415	MER0015468	27.363	201	117	7	6	197	3	183	2.17e-09	51.6
AMKBEHAN_00415	MER0047974	30.435	138	83	4	48	183	18	144	3.36e-09	50.4
AMKBEHAN_00415	MER0015659	28.767	146	84	5	46	186	46	176	9.95e-09	50.4
AMKBEHAN_00415	MER0015465	26.923	182	108	9	11	185	8	171	2.97e-08	48.5
AMKBEHAN_00415	MER0047975	29.252	147	83	6	44	185	23	153	3.91e-08	48.5
AMKBEHAN_00415	MER0015458	27.778	162	84	7	48	186	50	201	5.55e-08	48.5
AMKBEHAN_00415	MER0047977	31.298	131	73	4	49	173	28	147	7.64e-08	47.8
AMKBEHAN_00415	MER0017405	37.755	98	53	4	48	141	44	137	8.16e-08	47.4
AMKBEHAN_00415	MER0026215	28.058	139	78	5	54	184	29	153	1.31e-07	47.0
AMKBEHAN_00415	MER0026388	24.828	145	93	3	48	189	282	413	2.31e-07	47.0
AMKBEHAN_00415	MER0048181	27.273	143	90	2	50	179	1	142	2.41e-07	45.4
AMKBEHAN_00415	MER0015460	26.829	164	88	5	48	186	77	233	4.67e-07	45.8
AMKBEHAN_00415	MER0015667	32.927	82	50	2	48	129	48	124	8.32e-07	44.7
AMKBEHAN_00415	MER0015452	32.258	93	52	2	39	128	40	124	1.93e-06	43.9
AMKBEHAN_00415	MER0015449	25.556	180	105	6	37	200	40	206	2.05e-06	43.9
AMKBEHAN_00415	MER0020285	27.174	92	61	2	37	128	41	126	2.11e-06	43.9
AMKBEHAN_00415	MER0003940	27.778	144	85	4	48	180	40	175	2.58e-06	43.1
AMKBEHAN_00415	MER0015454	25.325	154	86	4	46	183	49	189	4.32e-06	42.7
AMKBEHAN_00415	MER0015453	27.273	121	58	4	28	126	12	124	5.87e-06	42.4
AMKBEHAN_00415	MER0020201	25.287	174	100	7	42	200	48	206	7.09e-06	42.0
AMKBEHAN_00415	MER0094384	30.392	102	62	2	27	126	13	107	7.65e-06	42.0
AMKBEHAN_00426	MER0005767	26.498	317	194	9	54	369	27	305	6.84e-28	109
AMKBEHAN_00426	MER0030136	24.265	408	270	14	4	385	1	395	1.65e-15	74.7
AMKBEHAN_00426	MER0015112	24.146	410	272	18	4	385	1	399	5.56e-13	67.0
AMKBEHAN_00426	MER0030151	23.096	407	276	15	4	385	1	395	1.68e-12	65.5
AMKBEHAN_00426	MER0030143	20.200	401	295	12	4	385	1	395	7.11e-11	60.5
AMKBEHAN_00426	MER0030155	23.101	316	216	14	4	302	1	306	8.20e-11	60.1
AMKBEHAN_00426	MER0030149	22.917	336	229	13	4	320	1	325	1.20e-10	59.7
AMKBEHAN_00451	MER0069741	46.316	95	49	2	189	283	70	162	8.38e-20	81.6
AMKBEHAN_00451	MER0005300	33.333	126	79	2	166	287	38	162	7.04e-18	76.3
AMKBEHAN_00451	MER0003380	33.043	115	67	2	178	283	118	231	1.31e-16	74.3
AMKBEHAN_00451	MER0003376	34.127	126	67	4	177	287	33	157	1.29e-15	70.1
AMKBEHAN_00451	MER0015415	34.091	132	76	5	166	287	38	168	2.09e-14	66.6
AMKBEHAN_00451	MER0013541	34.884	86	55	1	189	274	1	85	2.28e-12	58.9
AMKBEHAN_00451	MER0387040	32.673	101	64	3	189	287	1	99	4.96e-12	58.5
AMKBEHAN_00451	MER0066182	32.673	101	64	3	189	287	92	190	8.64e-12	60.1
AMKBEHAN_00451	MER0003423	37.500	88	52	3	188	273	31	117	2.47e-11	57.4
AMKBEHAN_00451	MER0001419	36.264	91	47	4	189	273	32	117	1.15e-10	55.8
AMKBEHAN_00451	MER0003906	31.132	106	64	4	189	287	1	104	2.51e-10	53.9
AMKBEHAN_00451	MER0025070	30.000	100	62	3	186	277	3	102	7.33e-08	47.0
AMKBEHAN_00451	MER0388771	30.928	97	59	3	189	277	2	98	8.14e-08	47.0
AMKBEHAN_00503	MER0198917	44.297	377	201	5	16	388	1	372	1.03e-101	327
AMKBEHAN_00503	MER1054487	39.050	379	222	4	16	388	1	376	5.32e-84	277
AMKBEHAN_00513	MER0065588	31.707	205	126	6	8	212	3	193	2.64e-29	105
AMKBEHAN_00518	MER0095620	38.162	359	197	5	33	367	3	360	1.35e-74	232
AMKBEHAN_00518	MER0000728	24.259	371	231	15	29	360	53	412	5.05e-13	66.6
AMKBEHAN_00518	MER0003535	22.006	309	182	10	95	367	137	422	9.46e-08	50.4
AMKBEHAN_00518	MER0000727	21.875	384	233	17	32	363	60	428	1.07e-06	47.0
AMKBEHAN_00518	MER0003534	21.410	383	233	13	35	368	60	423	1.21e-06	47.0
AMKBEHAN_00518	MER0000243	30.000	80	46	2	272	341	114	193	5.15e-06	43.9
AMKBEHAN_00525	MER0011748	49.296	142	70	1	1	142	94	233	4.66e-43	141
AMKBEHAN_00525	MER0015609	48.592	142	69	1	1	142	94	231	7.76e-43	140
AMKBEHAN_00525	MER0005496	46.429	140	74	1	6	145	98	236	1.30e-39	132
AMKBEHAN_00525	MER0011224	42.361	144	82	1	2	145	94	236	1.77e-39	132
AMKBEHAN_00525	MER0056525	47.368	133	68	1	6	138	99	229	2.00e-39	131
AMKBEHAN_00525	MER0015195	45.588	136	72	1	6	141	99	232	1.11e-37	127
AMKBEHAN_00525	MER0023544	41.429	140	81	1	6	145	98	236	5.20e-36	123
AMKBEHAN_00525	MER0024898	39.130	138	83	1	1	138	95	231	3.72e-31	110
AMKBEHAN_00525	MER0002600	34.783	161	100	2	2	162	95	250	5.77e-31	109
AMKBEHAN_00525	MER0015194	41.791	134	73	2	7	138	99	229	1.30e-30	108
AMKBEHAN_00525	MER0002605	37.143	140	85	1	1	140	94	230	1.73e-29	105
AMKBEHAN_00525	MER0015199	40.580	138	78	2	2	135	95	232	2.04e-27	100
AMKBEHAN_00525	MER0014306	35.714	140	89	1	6	145	98	236	6.79e-27	99.4
AMKBEHAN_00525	MER0005466	36.620	142	86	1	2	139	96	237	1.67e-26	97.4
AMKBEHAN_00525	MER0015197	38.017	121	72	2	6	124	98	217	1.18e-24	93.2
AMKBEHAN_00525	MER0004454	32.121	165	96	3	6	166	99	251	1.55e-24	93.2
AMKBEHAN_00525	MER0002602	36.054	147	84	2	7	143	100	246	3.35e-24	92.0
AMKBEHAN_00525	MER0171760	34.783	138	84	2	2	138	132	264	6.63e-24	91.3
AMKBEHAN_00525	MER0002563	34.615	130	79	2	10	133	106	235	2.29e-22	87.0
AMKBEHAN_00525	MER0011745	33.571	140	86	3	2	135	94	232	2.22e-20	82.0
AMKBEHAN_00525	MER0005755	37.500	120	64	2	7	124	100	210	2.14e-18	75.9
AMKBEHAN_00525	MER0002408	33.333	135	83	3	7	135	99	232	4.03e-18	75.5
AMKBEHAN_00525	MER0017637	34.351	131	78	3	10	133	106	235	1.08e-17	74.3
AMKBEHAN_00525	MER0002608	33.333	129	84	1	7	133	101	229	1.46e-17	74.3
AMKBEHAN_00525	MER0015137	30.714	140	90	3	2	135	94	232	1.56e-17	74.3
AMKBEHAN_00525	MER0001620	34.615	130	78	3	2	124	94	223	3.19e-17	73.6
AMKBEHAN_00525	MER0190705	30.882	136	83	3	3	136	94	220	1.59e-16	70.9
AMKBEHAN_00525	MER0015193	33.333	141	86	4	2	135	94	233	1.63e-15	68.6
AMKBEHAN_00525	MER0014324	32.331	133	77	3	3	133	96	217	2.17e-15	68.2
AMKBEHAN_00525	MER0190577	25.373	134	87	2	6	137	99	221	1.21e-13	63.5
AMKBEHAN_00525	MER0015690	31.356	118	76	3	6	118	105	222	2.33e-12	60.1
AMKBEHAN_00525	MER0024900	31.034	116	71	2	16	129	108	216	2.41e-11	57.0
AMKBEHAN_00525	MER0011120	36.000	100	61	3	6	103	105	203	2.96e-10	54.3
AMKBEHAN_00525	MER0001246	32.979	94	52	2	7	98	89	173	6.92e-10	52.4
AMKBEHAN_00525	MER0002197	26.562	128	83	3	15	139	108	227	9.17e-09	50.1
AMKBEHAN_00525	MER0015204	27.481	131	78	4	11	124	117	247	1.67e-06	43.5
AMKBEHAN_00552	MER0000474	55.556	189	84	0	28	216	15	203	1.82e-79	234
AMKBEHAN_00552	MER0005687	54.301	186	80	1	31	216	27	207	5.64e-72	215
AMKBEHAN_00552	MER0002211	50.532	188	93	0	29	216	16	203	5.51e-64	194
AMKBEHAN_00552	MER0002299	49.206	189	96	0	31	219	12	200	7.28e-64	194
AMKBEHAN_00552	MER0004857	53.801	171	78	1	46	216	34	203	3.83e-63	192
AMKBEHAN_00552	MER0006063	48.352	182	94	0	35	216	23	204	4.08e-63	192
AMKBEHAN_00552	MER0006046	47.090	189	100	0	28	216	15	203	1.57e-61	188
AMKBEHAN_00552	MER0004847	48.677	189	96	1	29	216	16	204	5.15e-58	179
AMKBEHAN_00552	MER0004855	43.333	180	102	0	37	216	26	205	5.81e-57	176
AMKBEHAN_00552	MER0006056	49.711	173	86	1	45	217	37	208	1.57e-56	176
AMKBEHAN_00552	MER0006308	37.143	175	109	1	40	213	17	191	7.13e-47	150
AMKBEHAN_00552	MER0004182	40.230	174	104	0	44	217	27	200	2.48e-45	147
AMKBEHAN_00552	MER0011666	42.604	169	95	2	50	216	17	185	5.36e-42	137
AMKBEHAN_00552	MER0001369	39.506	81	47	1	71	151	52	130	1.28e-07	46.2
AMKBEHAN_00556	MER0004469	25.000	196	122	6	1	179	1	188	5.06e-16	76.3
AMKBEHAN_00556	MER0004469	28.571	203	123	8	226	409	153	352	1.73e-10	59.3
AMKBEHAN_00556	MER0004480	30.409	171	106	6	11	180	1	159	1.87e-13	67.8
AMKBEHAN_00556	MER0897124	27.948	229	145	8	223	445	204	418	6.78e-11	60.5
AMKBEHAN_00556	MER0897124	43.478	69	36	1	7	75	4	69	2.87e-09	55.5
AMKBEHAN_00556	MER0897124	28.421	95	65	1	81	175	147	238	1.64e-08	53.1
AMKBEHAN_00556	MER0004468	29.004	231	142	10	222	445	203	418	5.30e-10	57.8
AMKBEHAN_00556	MER0004468	43.478	69	36	1	7	75	4	69	2.32e-09	55.8
AMKBEHAN_00556	MER0004468	23.770	122	86	2	81	198	147	265	3.24e-08	52.4
AMKBEHAN_00556	MER0004474	33.945	109	62	4	14	121	89	188	2.95e-09	55.5
AMKBEHAN_00556	MER0004474	29.630	135	76	7	287	414	208	330	5.46e-06	45.1
AMKBEHAN_00556	MER0004471	33.333	120	68	4	4	121	85	194	5.81e-09	54.3
AMKBEHAN_00576	MER0028047	60.335	179	68	2	436	614	1	176	5.44e-67	214
AMKBEHAN_00576	MER0011350	23.661	224	135	7	418	606	7	229	2.50e-07	49.3
AMKBEHAN_00576	MER1102827	29.167	144	84	6	462	605	28	153	4.64e-06	43.9
AMKBEHAN_00576	MER0118932	24.020	204	119	6	421	588	6	209	6.27e-06	45.1
AMKBEHAN_00593	MER0031610	36.546	249	149	4	12	252	53	300	6.26e-44	147
AMKBEHAN_00593	MER0044900	22.302	278	158	10	15	249	96	358	1.21e-12	63.5
AMKBEHAN_00593	MER0014065	32.039	103	66	2	10	108	30	132	1.52e-12	63.2
AMKBEHAN_00593	MER0036072	26.724	116	76	1	10	116	77	192	1.65e-11	60.1
AMKBEHAN_00593	MER0036115	19.435	283	190	7	3	253	23	299	1.20e-10	57.4
AMKBEHAN_00593	MER0031617	22.727	264	169	9	9	246	30	284	3.75e-10	55.8
AMKBEHAN_00593	MER0043008	29.661	118	75	3	3	113	10	126	4.55e-10	55.5
AMKBEHAN_00593	MER0036069	25.091	275	151	12	10	253	77	327	9.64e-10	55.1
AMKBEHAN_00593	MER0044858	24.739	287	148	13	15	249	57	327	3.66e-09	53.1
AMKBEHAN_00593	MER0017142	30.189	106	69	3	9	113	9	110	3.85e-09	52.8
AMKBEHAN_00593	MER0031619	26.733	101	71	1	14	111	29	129	3.23e-08	50.1
AMKBEHAN_00593	MER0044350	28.713	101	68	2	14	110	2	102	3.96e-08	49.7
AMKBEHAN_00593	MER0031611	20.818	269	179	7	9	254	35	292	4.18e-08	49.7
AMKBEHAN_00593	MER0025512	23.166	259	175	8	7	244	43	298	4.88e-08	49.7
AMKBEHAN_00593	MER0030163	23.887	247	145	11	34	244	50	289	2.43e-07	47.4
AMKBEHAN_00593	MER0036084	23.932	117	81	3	4	113	9	124	4.88e-07	46.6
AMKBEHAN_00593	MER0031616	29.703	101	66	2	13	108	39	139	6.22e-07	46.2
AMKBEHAN_00593	MER0004146	20.482	249	182	7	9	244	14	259	1.00e-06	45.4
AMKBEHAN_00593	MER0036053	25.455	110	79	2	6	113	1	109	1.41e-06	45.1
AMKBEHAN_00593	MER0035035	24.793	121	88	2	12	129	34	154	2.83e-06	44.3
AMKBEHAN_00593	MER0036065	24.299	107	73	2	12	110	1	107	4.74e-06	43.5
AMKBEHAN_00593	MER0034563	28.571	98	69	1	14	111	17	113	6.99e-06	42.7
AMKBEHAN_00605	MER0042827	56.566	99	43	0	981	1079	1	99	3.12e-31	115
AMKBEHAN_00628	MER0003339	23.766	547	370	17	243	773	1	516	3.95e-35	137
AMKBEHAN_00628	MER0006198	22.359	568	356	18	243	782	1	511	2.29e-21	95.5
AMKBEHAN_00628	MER0003306	20.548	584	386	13	243	784	1	548	4.50e-18	85.1
AMKBEHAN_00628	MER0035254	20.548	584	366	22	243	779	1	533	1.84e-12	67.4
AMKBEHAN_00636	MER0011781	23.793	290	144	12	38	319	17	237	6.20e-11	59.7
AMKBEHAN_00636	MER0011806	22.222	297	161	11	27	319	7	237	1.32e-09	55.8
AMKBEHAN_00643	MER0014135	41.603	262	153	0	184	445	2	263	1.49e-75	234
AMKBEHAN_00645	MER0001284	28.000	200	125	7	117	300	43	239	5.96e-13	65.5
AMKBEHAN_00645	MER0004514	25.000	208	120	7	110	313	36	211	4.99e-11	59.7
AMKBEHAN_00645	MER0100667	32.432	111	69	3	110	219	24	129	1.49e-08	52.0
AMKBEHAN_00645	MER0005239	24.312	218	134	5	110	321	69	261	5.99e-06	44.7
AMKBEHAN_00661	MER0002635	39.223	283	156	4	142	408	1	283	1.76e-58	190
AMKBEHAN_00661	MER0173063	38.462	273	155	6	143	408	1	267	2.88e-50	167
AMKBEHAN_00661	MER0002646	33.225	307	166	2	142	409	1	307	6.30e-50	168
AMKBEHAN_00661	MER0049282	35.521	259	158	5	157	411	21	274	1.05e-44	153
AMKBEHAN_00661	MER0120615	33.813	278	161	9	144	411	1	265	2.51e-39	139
AMKBEHAN_00661	MER0003824	31.502	273	176	7	143	412	2	266	1.03e-36	132
AMKBEHAN_00661	MER0003772	25.540	278	194	4	142	411	1	273	9.69e-28	108
AMKBEHAN_00661	MER0011470	28.571	252	159	5	174	405	28	278	8.58e-24	97.4
AMKBEHAN_00661	MER0011469	28.136	295	178	10	141	410	4	289	1.46e-23	96.7
AMKBEHAN_00661	MER0142760	30.719	153	106	0	252	404	308	460	1.05e-16	78.6
AMKBEHAN_00661	MER0006292	27.919	197	112	11	214	409	6	173	3.41e-10	55.8
AMKBEHAN_00661	MER0002637	27.419	186	105	9	243	405	28	206	2.30e-06	45.1
AMKBEHAN_00674	MER0003380	31.646	237	151	5	142	377	14	240	4.82e-37	132
AMKBEHAN_00674	MER0069741	39.869	153	84	4	228	377	24	171	1.65e-27	104
AMKBEHAN_00674	MER0066182	38.136	118	69	2	253	370	75	188	1.17e-17	77.8
AMKBEHAN_00674	MER0387040	39.583	96	57	1	273	368	1	95	1.01e-16	72.4
AMKBEHAN_00674	MER0003376	32.653	147	73	6	237	368	18	153	1.43e-15	70.9
AMKBEHAN_00674	MER0013541	41.379	87	49	1	273	359	1	85	1.85e-15	68.2
AMKBEHAN_00674	MER0003906	38.235	102	55	4	273	368	1	100	6.10e-14	64.7
AMKBEHAN_00674	MER0003423	35.577	104	63	3	273	374	32	133	4.83e-13	63.2
AMKBEHAN_00674	MER0001419	32.692	104	66	3	273	374	32	133	2.17e-12	61.2
AMKBEHAN_00674	MER0025070	38.614	101	52	4	273	364	6	105	4.17e-11	57.0
AMKBEHAN_00674	MER0388771	38.614	101	52	4	273	364	2	101	4.35e-09	51.2
AMKBEHAN_00674	MER0015415	29.070	86	58	2	275	359	66	149	5.72e-07	46.2
AMKBEHAN_00684	MER0005837	27.072	181	110	6	8	170	74	250	6.58e-07	47.8
AMKBEHAN_00721	MER0015472	29.605	152	98	2	45	190	46	194	2.06e-13	63.5
AMKBEHAN_00721	MER0048181	31.690	142	81	3	45	171	2	142	1.77e-10	54.3
AMKBEHAN_00721	MER0015473	31.469	143	86	4	47	177	40	182	9.19e-10	53.5
AMKBEHAN_00721	MER0015458	27.322	183	107	6	39	202	47	222	1.38e-08	50.4
AMKBEHAN_00721	MER0030047	29.630	135	85	3	47	175	1	131	2.67e-08	48.1
AMKBEHAN_00721	MER0026215	26.220	164	107	3	37	194	18	173	8.31e-08	47.8
AMKBEHAN_00721	MER0015631	31.765	85	57	1	36	120	44	127	1.33e-07	47.4
AMKBEHAN_00721	MER0035036	30.882	136	82	4	47	175	91	221	2.17e-06	43.9
AMKBEHAN_00721	MER0015633	30.588	85	56	1	36	120	42	123	5.88e-06	42.4
AMKBEHAN_00721	MER0015659	32.530	83	53	1	36	118	42	121	7.25e-06	42.4
AMKBEHAN_00721	MER0015632	31.111	90	51	2	36	118	37	122	7.27e-06	42.0
AMKBEHAN_00721	MER0015459	31.818	176	105	5	6	176	7	172	8.34e-06	42.0
AMKBEHAN_00844	MER0011175	23.350	197	136	6	362	544	16	211	1.26e-08	52.8
AMKBEHAN_00844	MER0001010	23.077	143	102	4	420	555	61	202	4.52e-07	48.1
AMKBEHAN_00844	MER0001012	25.758	132	90	2	420	544	87	217	4.61e-07	48.1
AMKBEHAN_00844	MER0002968	23.134	134	96	2	420	547	87	219	2.04e-06	46.2
AMKBEHAN_00844	MER0011401	25.532	141	94	4	414	544	69	208	3.29e-06	45.4
AMKBEHAN_00844	MER0011183	24.161	149	105	3	414	555	68	215	3.68e-06	45.4
AMKBEHAN_00844	MER0011720	22.378	143	93	4	420	553	79	212	3.98e-06	45.4
AMKBEHAN_00847	MER0002251	45.133	226	118	4	2	224	1	223	1.12e-65	200
AMKBEHAN_00847	MER0001335	36.667	210	126	4	3	209	2	207	1.52e-45	149
AMKBEHAN_00850	MER0059846	34.551	301	188	5	5	299	14	311	3.77e-50	167
AMKBEHAN_00850	MER0199690	21.673	263	183	8	55	299	54	311	2.29e-12	63.5
AMKBEHAN_00850	MER0214074	25.824	182	117	6	133	299	3	181	2.07e-11	58.9
AMKBEHAN_00864	MER0003242	49.169	301	149	2	110	410	2	298	8.21e-107	314
AMKBEHAN_00864	MER0013876	30.272	294	181	8	30	316	1	277	3.12e-37	135
AMKBEHAN_00864	MER0003855	30.822	292	178	7	30	310	1	279	2.43e-36	134
AMKBEHAN_00864	MER0004416	30.000	290	164	9	42	312	11	280	1.96e-26	104
AMKBEHAN_00868	MER0015475	33.962	159	87	7	51	197	38	190	3.90e-16	70.9
AMKBEHAN_00870	MER0002031	32.979	94	63	0	4	97	9	102	4.63e-18	70.9
AMKBEHAN_00870	MER0014664	36.782	87	52	1	13	96	15	101	3.56e-16	65.9
AMKBEHAN_00870	MER0002036	33.333	96	58	3	8	97	13	108	9.84e-15	62.4
AMKBEHAN_00870	MER0042832	29.167	96	63	1	7	97	5	100	1.22e-08	46.2
AMKBEHAN_00870	MER0014665	25.263	95	67	1	7	97	5	99	4.28e-07	42.4
AMKBEHAN_00870	MER0002884	29.412	102	58	4	7	98	5	102	1.16e-06	41.2
AMKBEHAN_00892	MER0002007	40.052	387	211	8	22	406	6	373	4.57e-87	268
AMKBEHAN_00892	MER0002655	36.224	392	220	8	33	421	9	373	2.14e-74	234
AMKBEHAN_00892	MER0002659	34.541	414	239	11	21	426	3	392	4.92e-74	234
AMKBEHAN_00892	MER0002014	35.236	403	227	10	32	424	12	390	1.45e-71	228
AMKBEHAN_00892	MER0002013	33.654	416	225	11	31	426	11	395	8.53e-70	223
AMKBEHAN_00892	MER0005155	34.625	387	223	9	34	412	11	375	1.16e-61	201
AMKBEHAN_00892	MER0005173	31.593	383	220	12	38	409	6	357	1.29e-52	177
AMKBEHAN_00892	MER0003770	32.648	389	229	10	33	416	5	365	7.22e-51	173
AMKBEHAN_00892	MER0005163	49.419	172	71	4	29	200	4	159	1.79e-47	160
AMKBEHAN_00892	MER0003815	41.711	187	88	6	35	217	15	184	5.07e-38	137
AMKBEHAN_00892	MER0003815	29.474	95	65	1	330	424	202	294	1.69e-07	49.3
AMKBEHAN_00892	MER0015354	41.176	187	89	6	35	217	15	184	3.91e-37	134
AMKBEHAN_00892	MER0003581	25.627	359	232	11	76	423	1	335	9.21e-27	106
AMKBEHAN_00892	MER0002664	32.474	194	107	5	28	221	2	171	1.25e-26	105
AMKBEHAN_00892	MER0014418	26.059	307	171	13	18	315	2	261	4.84e-14	70.1
AMKBEHAN_00901	MER0016191	29.252	294	187	8	13	292	4	290	8.98e-38	132
AMKBEHAN_00901	MER0016172	28.013	307	185	8	15	300	6	297	4.08e-26	102
AMKBEHAN_00901	MER0016185	23.620	326	207	10	10	298	1	321	3.33e-15	71.6
AMKBEHAN_00908	MER0002036	40.385	52	31	0	10	61	13	64	3.24e-07	43.5
AMKBEHAN_00908	MER0014664	38.000	50	31	0	1	50	1	50	1.41e-06	41.6
AMKBEHAN_00908	MER0002031	33.333	63	42	0	3	65	6	68	2.24e-06	41.2
AMKBEHAN_00942	MER0000485	47.660	235	122	1	573	806	1	235	8.35e-69	224
AMKBEHAN_00942	MER0000495	46.091	243	122	2	573	806	1	243	1.41e-64	213
AMKBEHAN_00942	MER0003443	45.876	194	100	2	610	798	27	220	3.08e-54	184
AMKBEHAN_00942	MER0014970	41.014	217	123	1	595	806	63	279	3.04e-52	181
AMKBEHAN_00942	MER0000488	41.379	232	130	2	573	801	1	229	3.06e-52	179
AMKBEHAN_00942	MER0003442	48.925	186	91	2	624	806	37	221	1.80e-51	176
AMKBEHAN_00942	MER0011056	46.000	200	92	4	616	806	29	221	2.20e-49	170
AMKBEHAN_00942	MER0011057	46.000	200	92	4	616	806	29	221	3.87e-49	170
AMKBEHAN_00942	MER0004236	46.591	176	92	1	628	803	85	258	1.22e-45	161
AMKBEHAN_00942	MER0005837	38.182	220	119	3	574	778	2	219	5.43e-41	148
AMKBEHAN_00942	MER0108906	37.712	236	140	2	573	806	1	231	8.19e-41	146
AMKBEHAN_00942	MER0000496	38.614	202	119	1	594	790	76	277	3.27e-40	147
AMKBEHAN_00942	MER0026213	32.886	149	97	1	659	807	111	256	3.68e-22	94.0
AMKBEHAN_00942	MER0017402	34.066	182	108	4	631	807	28	202	9.59e-20	85.9
AMKBEHAN_00942	MER0003859	30.519	154	100	2	653	806	79	225	9.91e-15	71.6
AMKBEHAN_00942	MER0003359	28.646	192	117	7	627	806	39	222	3.75e-12	63.9
AMKBEHAN_00942	MER0000491	27.737	137	84	3	669	805	5	126	3.98e-08	51.2
AMKBEHAN_00942	MER0017403	33.010	103	63	1	669	771	75	171	4.57e-07	48.5
AMKBEHAN_00945	MER0005767	28.144	334	196	10	37	359	5	305	1.84e-14	70.5
AMKBEHAN_00946	MER0209507	37.234	94	54	3	106	195	13	105	6.95e-11	54.7
AMKBEHAN_00946	MER0036076	25.000	140	86	5	12	151	52	172	6.42e-07	45.8
AMKBEHAN_00946	MER0200434	32.258	93	59	2	106	194	18	110	8.20e-07	43.5
AMKBEHAN_00946	MER0213229	30.120	83	51	2	106	184	15	94	1.05e-06	43.1
AMKBEHAN_00999	MER0001158	39.060	681	407	6	24	699	1	678	5.27e-168	495
AMKBEHAN_00999	MER0001161	31.004	687	449	13	26	698	3	678	3.18e-110	345
AMKBEHAN_00999	MER0006087	31.197	702	443	16	24	698	10	698	2.47e-107	338
AMKBEHAN_00999	MER0015119	30.178	729	437	19	24	698	6	716	6.36e-98	314
AMKBEHAN_00999	MER0001149	30.912	592	365	13	127	699	111	677	7.36e-83	273
AMKBEHAN_00999	MER0001942	29.027	658	426	15	65	699	38	677	4.94e-71	241
AMKBEHAN_00999	MER0108144	29.198	661	421	20	65	698	22	662	3.30e-64	222
AMKBEHAN_00999	MER0001153	28.593	654	425	17	72	698	54	692	5.43e-63	219
AMKBEHAN_00999	MER0003110	28.488	688	411	21	72	698	48	715	2.41e-61	215
AMKBEHAN_00999	MER0079465	26.462	650	435	17	75	698	2	634	1.34e-53	192
AMKBEHAN_00999	MER0015170	25.760	559	370	14	148	696	105	628	4.41e-47	173
AMKBEHAN_00999	MER0001156	23.223	633	417	18	89	673	71	682	2.63e-37	145
AMKBEHAN_00999	MER0021317	34.848	66	43	0	462	527	22	87	5.63e-11	56.2
AMKBEHAN_00999	MER0059435	32.075	106	72	0	422	527	429	534	3.48e-07	50.4
AMKBEHAN_01019	MER0035017	22.967	418	261	13	587	964	1	397	5.63e-24	102
AMKBEHAN_01019	MER0004090	27.273	396	235	14	582	950	1	370	9.38e-24	101
AMKBEHAN_01019	MER0003800	25.000	388	247	13	577	943	6	370	2.73e-18	85.1
AMKBEHAN_01019	MER0026262	22.343	367	230	16	588	942	2	325	3.41e-07	50.1
AMKBEHAN_01028	MER0034582	28.025	314	202	10	616	913	12	317	2.48e-34	131
AMKBEHAN_01038	MER0003380	41.905	105	46	4	131	235	135	224	1.75e-18	79.3
AMKBEHAN_01038	MER0013541	44.792	96	41	3	138	233	2	85	1.26e-17	72.8
AMKBEHAN_01038	MER0003376	36.585	123	67	5	111	233	25	136	1.42e-12	61.2
AMKBEHAN_01038	MER0003423	40.000	95	45	4	139	232	34	117	5.00e-11	56.6
AMKBEHAN_01038	MER0001419	38.947	95	46	4	139	232	34	117	2.66e-10	54.3
AMKBEHAN_01038	MER0069741	35.052	97	50	3	139	235	72	155	3.60e-10	54.7
AMKBEHAN_01038	MER0387040	34.409	93	50	2	141	233	5	86	4.86e-10	52.8
AMKBEHAN_01038	MER0066182	33.333	111	58	4	125	233	81	177	5.16e-10	54.7
AMKBEHAN_01038	MER0003906	31.633	98	49	3	139	232	3	86	5.24e-09	50.1
AMKBEHAN_01038	MER0015415	33.636	110	61	3	133	241	60	158	2.09e-08	49.7
AMKBEHAN_01039	MER0003376	26.316	133	83	4	112	242	26	145	2.01e-08	49.7
AMKBEHAN_01039	MER0013541	34.737	95	50	3	139	233	3	85	2.19e-08	47.8
AMKBEHAN_01039	MER0001419	32.979	94	53	3	139	232	34	117	2.09e-07	46.2
AMKBEHAN_01039	MER0003380	33.663	101	47	3	138	234	139	223	7.88e-07	45.8
AMKBEHAN_01039	MER0003423	30.928	97	57	3	136	232	31	117	5.24e-06	42.4
AMKBEHAN_01039	MER0066182	29.167	96	57	3	138	233	93	177	9.08e-06	42.4
AMKBEHAN_01044	MER0014418	31.657	338	172	8	2	332	42	327	2.78e-39	141
AMKBEHAN_01044	MER0002655	29.388	245	155	9	17	249	48	286	3.08e-15	73.6
AMKBEHAN_01044	MER0002013	27.240	279	177	12	1	263	41	309	6.78e-13	66.6
AMKBEHAN_01044	MER0021873	37.500	104	46	2	36	136	1	88	3.86e-11	59.3
AMKBEHAN_01044	MER0005155	24.561	285	191	10	22	291	53	328	2.09e-10	58.9
AMKBEHAN_01044	MER0003581	29.339	242	155	6	22	250	1	239	2.61e-10	58.2
AMKBEHAN_01044	MER0002664	33.981	103	55	4	22	123	50	140	5.81e-08	50.4
AMKBEHAN_01209	MER0002089	35.032	157	99	3	25	178	2	158	9.05e-23	86.3
AMKBEHAN_01209	MER0002106	35.052	97	59	2	24	119	1	94	3.90e-12	58.5
AMKBEHAN_01209	MER0017396	27.465	142	90	6	36	171	1	135	8.69e-07	43.5
AMKBEHAN_01221	MER0028025	46.061	165	88	1	2	166	5	168	8.12e-44	148
AMKBEHAN_01221	MER0028025	53.247	77	36	0	273	349	168	244	6.09e-22	90.5
AMKBEHAN_01221	MER0001272	26.601	203	129	8	10	200	6	200	1.01e-15	73.2
AMKBEHAN_01221	MER0001273	31.937	191	107	9	10	185	9	191	2.43e-11	60.5
AMKBEHAN_01221	MER0003798	22.922	397	244	14	2	339	14	407	3.67e-08	51.6
AMKBEHAN_01221	MER0238460	23.385	325	205	13	56	341	82	401	8.28e-08	50.4
AMKBEHAN_01221	MER0001271	26.442	208	126	11	64	248	74	277	3.57e-07	48.1
AMKBEHAN_01221	MER0001266	27.273	220	139	9	47	259	69	274	4.43e-07	48.1
AMKBEHAN_01221	MER0026485	24.064	187	110	8	2	159	11	194	7.71e-07	47.0
AMKBEHAN_01221	MER0026479	26.286	175	110	5	1	166	1	165	2.55e-06	45.1
AMKBEHAN_01225	MER0037236	25.000	252	167	6	12	242	10	260	4.01e-19	80.9
AMKBEHAN_01225	MER0004146	24.806	258	161	9	11	242	10	260	1.79e-14	68.2
AMKBEHAN_01225	MER0031611	22.989	261	168	8	17	249	35	290	1.12e-12	63.2
AMKBEHAN_01225	MER0036066	23.984	246	156	9	22	242	1	240	1.17e-12	62.8
AMKBEHAN_01225	MER0036074	25.328	229	128	9	56	250	166	385	1.76e-11	60.5
AMKBEHAN_01225	MER0036053	25.912	274	140	10	17	242	4	262	3.43e-11	58.5
AMKBEHAN_01225	MER0035973	26.630	184	119	4	70	242	108	286	2.96e-10	56.2
AMKBEHAN_01225	MER0011785	28.000	125	76	4	14	127	27	148	4.37e-09	52.8
AMKBEHAN_01225	MER0017033	23.034	178	114	3	82	242	128	299	2.92e-08	50.4
AMKBEHAN_01225	MER0036057	21.371	248	154	8	16	242	70	297	5.08e-07	46.6
AMKBEHAN_01225	MER0003537	24.138	203	112	6	83	251	90	284	6.27e-07	46.2
AMKBEHAN_01225	MER0036115	29.565	115	59	3	18	119	32	137	7.86e-07	46.2
AMKBEHAN_01225	MER0036068	21.229	179	124	4	80	241	115	293	3.64e-06	43.9
AMKBEHAN_01243	MER0004466	29.670	91	59	1	49	134	174	264	1.16e-07	46.2
AMKBEHAN_01277	MER0005472	41.216	148	80	2	21	168	189	329	1.25e-29	108
AMKBEHAN_01277	MER0005169	36.145	166	99	2	4	169	183	341	8.27e-29	106
AMKBEHAN_01277	MER0002046	35.404	161	96	4	7	164	171	326	5.25e-24	93.2
AMKBEHAN_01277	MER0004410	32.143	168	97	5	4	164	183	340	6.22e-19	79.3
AMKBEHAN_01277	MER0013829	35.821	134	78	2	24	153	198	327	1.21e-18	78.6
AMKBEHAN_01277	MER0002043	29.139	151	94	3	20	160	198	345	1.27e-13	64.7
AMKBEHAN_01277	MER0022215	26.875	160	109	4	4	160	172	326	3.61e-12	60.5
AMKBEHAN_01277	MER0002040	30.201	149	84	6	2	143	185	320	6.68e-12	59.7
AMKBEHAN_01277	MER0005160	33.333	138	72	7	29	160	201	324	1.42e-10	55.8
AMKBEHAN_01288	MER0001978	46.468	538	280	5	34	566	21	555	6.43e-166	480
AMKBEHAN_01288	MER0011800	32.305	486	309	10	34	510	21	495	1.06e-75	248
AMKBEHAN_01288	MER0011143	33.811	488	278	13	46	512	33	496	1.15e-75	247
AMKBEHAN_01288	MER0011811	33.663	505	313	9	9	505	1	491	4.62e-75	246
AMKBEHAN_01288	MER0001629	32.841	542	336	14	36	563	23	550	3.26e-74	243
AMKBEHAN_01288	MER0006124	33.575	551	328	20	36	563	23	558	2.03e-70	233
AMKBEHAN_01288	MER0011211	31.471	537	341	15	45	566	32	556	1.17e-69	231
AMKBEHAN_01288	MER0005831	32.496	557	313	20	36	558	23	550	1.15e-68	229
AMKBEHAN_01288	MER0004194	34.686	542	295	23	48	558	1	514	1.79e-65	219
AMKBEHAN_01288	MER0011215	33.002	503	297	15	46	527	10	493	5.32e-65	217
AMKBEHAN_01288	MER0005029	31.638	531	335	15	47	558	1	522	2.68e-64	216
AMKBEHAN_01288	MER0003580	30.185	540	318	18	36	545	23	533	5.10e-59	202
AMKBEHAN_01288	MER0004202	27.106	546	328	16	38	558	8	508	1.48e-48	173
AMKBEHAN_01288	MER0002728	29.391	558	331	19	40	557	32	566	2.16e-47	171
AMKBEHAN_01288	MER0002720	29.550	467	265	15	39	498	6	415	5.89e-47	168
AMKBEHAN_01288	MER0001977	27.135	527	319	16	46	532	33	534	1.08e-43	160
AMKBEHAN_01288	MER0011193	26.679	536	363	19	40	558	23	545	1.36e-39	149
AMKBEHAN_01288	MER0094876	26.519	543	344	16	38	558	2	511	4.85e-35	135
AMKBEHAN_01288	MER0016970	25.773	485	313	16	36	499	22	480	6.83e-30	120
AMKBEHAN_01288	MER0002718	35.450	189	118	3	325	510	3	190	1.31e-26	103
AMKBEHAN_01288	MER0002721	36.453	203	98	5	375	549	37	236	1.36e-26	105
AMKBEHAN_01288	MER0026205	36.316	190	117	4	375	563	37	223	1.76e-25	101
AMKBEHAN_01288	MER0003440	26.389	432	257	14	36	459	23	401	7.91e-25	103
AMKBEHAN_01288	MER0006132	22.186	613	355	17	46	559	33	622	1.94e-23	101
AMKBEHAN_01288	MER0026204	30.516	213	136	4	36	244	23	227	1.06e-22	94.0
AMKBEHAN_01288	MER0001976	35.795	176	99	6	375	549	37	199	3.06e-19	83.6
AMKBEHAN_01288	MER0026207	29.630	189	105	5	375	563	37	197	4.39e-15	70.9
AMKBEHAN_01288	MER0037241	34.677	124	76	2	124	243	106	228	1.86e-14	70.1
AMKBEHAN_01302	MER0192051	27.941	204	119	9	20	203	97	292	4.84e-11	59.7
AMKBEHAN_01358	MER0065554	48.249	257	122	2	289	535	9	264	6.17e-83	256
AMKBEHAN_01358	MER0437468	37.822	349	202	5	197	531	1	348	1.80e-78	247
AMKBEHAN_01358	MER0436717	34.673	398	193	9	197	531	1	394	4.37e-62	206
AMKBEHAN_01418	MER0003336	63.830	141	47	1	190	326	1	141	5.06e-61	189
AMKBEHAN_01418	MER0011465	39.640	111	64	1	190	300	1	108	1.92e-20	83.2
AMKBEHAN_01418	MER0003299	34.507	142	86	2	190	327	1	139	1.11e-17	75.5
AMKBEHAN_01418	MER0017622	31.771	192	116	6	55	233	25	214	3.97e-17	77.0
AMKBEHAN_01418	MER0003338	38.182	110	63	2	190	298	1	106	6.50e-17	73.6
AMKBEHAN_01418	MER0003303	36.036	111	63	3	190	299	1	104	1.97e-13	63.5
AMKBEHAN_01418	MER0013976	36.066	122	65	6	190	310	1	110	1.90e-12	60.5
AMKBEHAN_01418	MER0034967	26.344	186	106	8	90	249	3	183	2.78e-09	53.1
AMKBEHAN_01423	MER0237414	24.091	220	155	5	48	256	3	221	1.64e-15	73.6
AMKBEHAN_01423	MER0039456	25.000	208	141	5	46	240	2	207	4.60e-08	50.8
AMKBEHAN_01423	MER0188967	22.917	144	97	3	123	253	52	194	2.98e-06	47.0
AMKBEHAN_01424	MER0195774	36.723	177	112	0	30	206	1	177	1.12e-37	132
AMKBEHAN_01424	MER0001233	28.571	217	136	6	30	233	2	212	1.09e-12	64.3
AMKBEHAN_01424	MER0001229	23.077	208	153	2	30	234	2	205	1.63e-12	63.5
AMKBEHAN_01424	MER0003448	25.243	206	153	1	30	235	2	206	1.67e-12	63.5
AMKBEHAN_01424	MER0043985	23.077	208	153	2	30	234	2	205	2.83e-12	63.2
AMKBEHAN_01424	MER0001218	29.630	189	118	6	29	206	25	209	2.89e-11	59.7
AMKBEHAN_01424	MER0122186	25.405	185	134	3	24	206	16	198	6.83e-11	58.5
AMKBEHAN_01424	MER0001214	27.273	132	95	1	29	159	25	156	1.54e-10	57.4
AMKBEHAN_01424	MER0015259	26.901	171	119	5	30	197	26	193	2.23e-09	54.3
AMKBEHAN_01424	MER0003823	38.636	88	52	2	29	114	25	112	2.43e-09	53.9
AMKBEHAN_01424	MER0003386	36.471	85	52	2	30	112	26	110	6.43e-09	52.8
AMKBEHAN_01424	MER0002283	40.000	90	52	2	24	111	20	109	1.26e-08	52.0
AMKBEHAN_01424	MER0002423	37.805	82	50	1	29	109	25	106	1.27e-08	52.0
AMKBEHAN_01424	MER0002345	37.500	88	53	2	29	114	25	112	1.67e-08	51.6
AMKBEHAN_01424	MER0002008	24.651	215	135	6	30	230	2	203	2.68e-08	51.2
AMKBEHAN_01424	MER0003543	37.037	81	50	1	30	110	2	81	3.49e-08	50.8
AMKBEHAN_01424	MER0011744	25.263	190	123	5	30	206	26	209	7.55e-07	46.6
AMKBEHAN_01424	MER0169735	24.468	188	128	4	29	206	15	198	9.66e-07	46.2
AMKBEHAN_01424	MER0004423	23.034	178	130	4	57	233	23	194	1.73e-06	45.8
AMKBEHAN_01424	MER0011096	26.667	150	93	3	30	162	26	175	2.01e-06	45.4
AMKBEHAN_01424	MER0011292	23.810	105	79	1	46	149	64	168	2.06e-06	45.4
AMKBEHAN_01424	MER0015090	35.802	81	51	1	30	110	2	81	2.21e-06	45.4
AMKBEHAN_01424	MER0188967	28.272	191	110	6	66	233	3	189	2.24e-06	46.6
AMKBEHAN_01424	MER0001222	22.222	189	139	5	24	206	20	206	3.81e-06	44.7
AMKBEHAN_01424	MER0025036	22.794	272	173	11	63	304	3	267	6.70e-06	45.1
AMKBEHAN_01424	MER0390687	22.156	167	129	1	37	203	1	166	7.90e-06	43.1
AMKBEHAN_01424	MER0001413	26.667	120	84	3	16	132	14	132	8.19e-06	42.7
AMKBEHAN_01435	MER0069741	44.828	116	62	2	182	297	51	164	6.49e-29	106
AMKBEHAN_01435	MER0003380	43.200	125	67	3	174	297	112	233	2.65e-25	99.0
AMKBEHAN_01435	MER0013541	50.000	86	42	1	201	286	1	85	5.64e-24	90.9
AMKBEHAN_01435	MER0015415	35.955	89	57	0	199	287	62	150	9.04e-17	73.9
AMKBEHAN_01435	MER0387040	41.176	102	58	2	201	301	1	101	1.81e-16	70.9
AMKBEHAN_01435	MER0003423	35.200	125	74	3	180	298	11	134	4.38e-16	71.2
AMKBEHAN_01435	MER0001419	35.433	127	75	3	178	298	9	134	5.41e-16	70.9
AMKBEHAN_01435	MER0066182	40.952	105	60	2	198	301	89	192	7.81e-16	72.0
AMKBEHAN_01435	MER0003376	33.562	146	75	5	167	298	19	156	1.24e-15	70.5
AMKBEHAN_01435	MER0003906	30.097	103	67	2	201	298	1	103	3.64e-11	56.2
AMKBEHAN_01435	MER0005300	31.959	97	65	1	202	298	66	161	2.12e-09	52.8
AMKBEHAN_01435	MER0388771	36.036	111	51	8	201	295	2	108	6.67e-06	41.6
AMKBEHAN_01460	MER0011345	27.219	169	97	5	380	529	60	221	9.81e-09	53.5
AMKBEHAN_01460	MER0019759	28.947	152	95	5	402	544	82	229	5.42e-08	50.8
AMKBEHAN_01460	MER0019096	30.872	149	82	8	405	546	63	197	1.32e-07	49.3
AMKBEHAN_01460	MER0001017	27.673	159	88	6	380	518	60	211	2.81e-07	48.9
AMKBEHAN_01460	MER0001013	26.596	188	111	6	380	546	61	242	3.08e-07	48.9
AMKBEHAN_01460	MER0002281	26.147	218	133	8	353	546	30	243	1.48e-06	47.0
AMKBEHAN_01461	MER0005778	28.042	189	112	8	44	226	6	176	7.10e-09	54.7
AMKBEHAN_01461	MER0016609	26.738	187	115	9	66	245	26	197	1.78e-07	50.1
AMKBEHAN_01461	MER0005764	27.545	167	104	5	64	226	22	175	5.84e-07	48.5
AMKBEHAN_01461	MER0004615	27.703	148	91	6	65	210	25	158	1.02e-06	47.8
AMKBEHAN_01461	MER0004684	27.381	168	105	7	67	230	26	180	1.55e-06	47.0
AMKBEHAN_01461	MER0006012	27.206	136	82	6	65	198	18	138	2.21e-06	44.3
AMKBEHAN_01461	MER0010960	27.703	148	85	7	66	210	31	159	4.42e-06	45.8
AMKBEHAN_01461	MER0015619	26.702	191	113	10	44	227	6	176	8.86e-06	44.7
AMKBEHAN_01466	MER0034539	59.420	207	84	0	2	208	1	207	3.62e-85	260
AMKBEHAN_01466	MER0033254	38.421	190	100	7	2	180	1	184	1.09e-26	105
AMKBEHAN_01480	MER0006198	25.139	541	357	16	205	723	1	515	1.35e-36	141
AMKBEHAN_01480	MER0035254	21.701	576	344	25	205	716	1	533	7.52e-15	74.7
AMKBEHAN_01480	MER0003306	24.079	353	222	13	205	537	1	327	3.69e-12	66.2
AMKBEHAN_01480	MER0003339	21.777	349	245	12	205	544	1	330	1.08e-08	55.1
AMKBEHAN_01483	MER0013471	35.000	80	43	2	59	129	62	141	5.39e-07	47.8
AMKBEHAN_01486	MER0002746	33.023	215	124	5	268	468	22	230	1.03e-27	109
AMKBEHAN_01486	MER0019759	31.628	215	126	5	268	468	22	229	2.19e-26	105
AMKBEHAN_01486	MER0011183	29.032	217	134	4	266	468	12	222	4.07e-25	101
AMKBEHAN_01486	MER0005045	33.503	197	108	7	268	449	10	198	1.55e-24	99.0
AMKBEHAN_01486	MER0011440	33.333	204	117	7	256	448	12	207	2.07e-24	99.4
AMKBEHAN_01486	MER0000997	34.715	193	103	4	263	438	20	206	7.90e-24	97.4
AMKBEHAN_01486	MER0001010	33.816	207	119	6	268	461	1	202	2.55e-23	95.9
AMKBEHAN_01486	MER0005046	31.818	198	110	6	268	449	10	198	2.72e-23	95.5
AMKBEHAN_01486	MER0011438	31.551	187	114	4	263	438	16	199	4.50e-23	95.1
AMKBEHAN_01486	MER0005331	32.086	187	110	4	267	441	21	202	2.44e-22	93.2
AMKBEHAN_01486	MER0002003	31.373	204	117	5	266	453	25	221	3.55e-21	90.1
AMKBEHAN_01486	MER0006264	30.481	187	99	5	275	442	1	175	7.30e-21	87.8
AMKBEHAN_01486	MER0004243	33.163	196	96	5	264	436	20	203	8.68e-21	88.6
AMKBEHAN_01486	MER0002968	31.844	179	115	3	266	437	25	203	1.11e-20	88.6
AMKBEHAN_01486	MER0001701	28.788	198	128	3	263	449	5	200	2.26e-20	87.8
AMKBEHAN_01486	MER0001012	28.972	214	132	6	242	441	1	208	2.37e-20	87.4
AMKBEHAN_01486	MER0002060	27.679	224	145	4	242	453	1	219	2.57e-20	87.4
AMKBEHAN_01486	MER0011369	29.412	187	124	3	267	445	35	221	4.24e-20	87.0
AMKBEHAN_01486	MER0028449	32.143	196	113	6	270	449	30	221	1.69e-19	85.1
AMKBEHAN_01486	MER0091680	30.392	204	134	3	268	464	13	215	2.28e-19	84.7
AMKBEHAN_01486	MER0002422	32.323	198	123	6	250	441	6	198	2.92e-19	84.0
AMKBEHAN_01486	MER0001185	29.167	216	125	8	250	446	4	210	1.65e-18	82.0
AMKBEHAN_01486	MER0001009	33.333	165	99	5	324	480	19	180	3.07e-18	81.3
AMKBEHAN_01486	MER0002078	28.571	217	141	4	263	468	17	230	3.82e-18	81.3
AMKBEHAN_01486	MER0011371	27.957	186	126	4	267	444	21	206	4.81e-18	80.5
AMKBEHAN_01486	MER0001005	33.533	167	90	6	291	442	10	170	8.96e-18	79.0
AMKBEHAN_01486	MER0052595	28.182	220	146	5	242	449	1	220	1.35e-17	79.7
AMKBEHAN_01486	MER0001003	32.778	180	109	6	273	442	1	178	4.01e-17	77.0
AMKBEHAN_01486	MER0011423	28.205	195	125	4	261	442	15	207	1.62e-16	76.3
AMKBEHAN_01486	MER0168177	31.544	149	88	4	296	442	20	156	1.11e-15	72.4
AMKBEHAN_01486	MER0168983	32.743	113	71	3	323	435	41	148	3.28e-15	71.2
AMKBEHAN_01486	MER0002355	29.064	203	124	6	267	459	26	218	5.02e-15	72.0
AMKBEHAN_01486	MER0040779	28.125	160	103	4	287	442	39	190	1.48e-14	70.1
AMKBEHAN_01486	MER0011720	29.949	197	120	6	267	457	26	210	1.54e-14	70.5
AMKBEHAN_01486	MER0011400	31.163	215	125	8	258	457	10	216	4.17e-14	69.7
AMKBEHAN_01486	MER0016308	29.891	184	107	6	273	442	1	176	1.03e-13	67.4
AMKBEHAN_01486	MER0116688	28.723	188	126	3	275	454	29	216	1.13e-13	68.6
AMKBEHAN_01486	MER0003500	27.869	183	125	3	279	454	20	202	1.13e-13	67.8
AMKBEHAN_01486	MER0002210	29.560	159	95	4	291	436	2	156	1.79e-13	65.9
AMKBEHAN_01486	MER0011370	27.604	192	119	5	262	441	19	202	8.48e-13	65.1
AMKBEHAN_01486	MER0036308	29.412	170	108	5	278	441	40	203	1.03e-12	65.5
AMKBEHAN_01486	MER0011399	27.411	197	122	5	273	455	27	216	1.39e-12	65.1
AMKBEHAN_01486	MER0003916	26.178	191	124	5	263	443	5	188	1.77e-12	63.9
AMKBEHAN_01486	MER0011175	26.131	199	117	6	263	442	16	203	1.80e-12	64.3
AMKBEHAN_01486	MER0015166	28.205	195	120	7	265	441	31	223	3.89e-12	63.5
AMKBEHAN_01486	MER0019754	25.946	185	121	7	267	438	3	184	7.06e-12	62.4
AMKBEHAN_01486	MER0019096	27.607	163	95	6	318	471	50	198	1.14e-11	61.6
AMKBEHAN_01486	MER0001017	28.205	195	120	7	261	443	26	212	2.75e-11	61.2
AMKBEHAN_01486	MER0002281	29.379	177	102	7	272	435	37	203	1.15e-10	59.7
AMKBEHAN_01486	MER0012283	28.947	190	118	7	261	441	26	207	2.34e-10	58.2
AMKBEHAN_01486	MER0002755	26.816	179	115	5	273	441	27	199	2.58e-10	57.8
AMKBEHAN_01486	MER0001013	29.032	186	116	6	261	437	27	205	2.75e-10	58.5
AMKBEHAN_01486	MER0026830	30.400	125	85	1	264	386	20	144	4.81e-10	56.6
AMKBEHAN_01486	MER0011401	30.488	164	90	7	292	437	38	195	5.53e-10	57.0
AMKBEHAN_01486	MER0005328	26.519	181	110	6	272	438	25	196	5.43e-09	53.9
AMKBEHAN_01486	MER0005037	25.989	177	121	4	268	436	10	184	9.18e-09	52.8
AMKBEHAN_01486	MER0001001	26.705	176	113	7	273	437	27	197	3.33e-08	51.6
AMKBEHAN_01486	MER0011345	25.121	207	130	9	261	453	26	221	5.81e-07	48.5
AMKBEHAN_01486	MER0171631	29.333	150	97	4	294	436	49	196	1.15e-06	47.0
AMKBEHAN_01486	MER0001525	24.645	211	133	7	253	440	10	217	2.08e-06	46.6
AMKBEHAN_01486	MER0019730	25.352	142	74	4	326	438	84	222	3.38e-06	46.2
AMKBEHAN_01486	MER0002658	27.273	132	87	1	328	450	1	132	6.26e-06	43.9
AMKBEHAN_01500	MER1143079	30.363	303	177	12	85	379	7	283	3.38e-36	132
AMKBEHAN_01500	MER0017069	29.022	317	193	10	98	398	20	320	8.27e-30	115
AMKBEHAN_01500	MER0026262	24.702	336	219	10	92	403	20	345	2.88e-26	106
AMKBEHAN_01500	MER0000457	26.901	342	221	13	70	399	2	326	2.86e-25	103
AMKBEHAN_01500	MER0003802	26.205	332	213	12	74	399	5	310	4.70e-25	102
AMKBEHAN_01500	MER0002489	28.249	177	120	2	88	258	22	197	3.78e-20	88.6
AMKBEHAN_01500	MER0005925	25.472	318	209	11	74	372	6	314	1.31e-18	84.0
AMKBEHAN_01500	MER0005964	27.647	170	118	3	108	276	40	205	2.18e-17	80.5
AMKBEHAN_01500	MER0140154	23.404	329	213	7	92	381	5	333	4.65e-17	79.0
AMKBEHAN_01500	MER0028284	24.252	301	177	12	122	394	49	326	1.41e-14	71.6
AMKBEHAN_01500	MER0000459	23.028	317	219	8	86	385	20	328	3.20e-14	70.5
AMKBEHAN_01500	MER0219770	24.088	274	176	10	107	364	33	290	8.72e-14	68.9
AMKBEHAN_01500	MER0000463	22.254	355	234	15	74	416	1	325	1.07e-13	68.9
AMKBEHAN_01500	MER0011700	24.706	340	194	14	92	381	20	347	3.71e-13	67.4
AMKBEHAN_01500	MER0354941	28.646	192	114	6	86	257	7	195	4.30e-13	65.1
AMKBEHAN_01500	MER0004090	23.140	363	200	15	79	392	38	370	2.37e-12	65.1
AMKBEHAN_01500	MER0006204	23.164	354	199	16	93	388	25	363	3.23e-12	64.7
AMKBEHAN_01500	MER0003800	23.592	284	173	10	63	305	2	282	7.55e-12	63.5
AMKBEHAN_01500	MER0122661	23.466	277	182	10	92	347	18	285	2.15e-11	62.0
AMKBEHAN_01500	MER0004154	24.880	209	136	5	125	324	52	248	5.48e-11	60.8
AMKBEHAN_01500	MER0005923	28.696	115	74	2	74	180	8	122	1.71e-09	56.6
AMKBEHAN_01500	MER0005836	24.121	199	126	8	92	276	29	216	2.29e-09	55.1
AMKBEHAN_01500	MER0015683	25.000	168	116	5	93	255	43	205	3.92e-07	48.5
AMKBEHAN_01500	MER0281397	28.986	138	84	5	125	254	1	132	5.27e-06	44.3
AMKBEHAN_01504	MER0003798	26.667	360	223	12	40	380	79	416	4.58e-27	108
AMKBEHAN_01504	MER0001273	40.260	154	83	5	20	171	30	176	1.17e-25	101
AMKBEHAN_01504	MER0001273	25.773	97	70	2	287	383	172	266	2.86e-07	48.1
AMKBEHAN_01504	MER0001271	26.786	224	152	6	66	280	76	296	5.03e-18	81.6
AMKBEHAN_01504	MER0369972	33.333	174	106	5	7	175	4	172	1.37e-15	74.7
AMKBEHAN_01504	MER0001361	28.293	205	121	7	69	255	86	282	6.01e-12	63.5
AMKBEHAN_01504	MER0003397	32.331	133	81	5	65	193	94	221	1.72e-11	61.2
AMKBEHAN_01504	MER0238460	25.387	323	209	11	70	377	100	405	2.66e-11	61.2
AMKBEHAN_01504	MER0015142	30.303	132	80	5	63	191	123	245	1.71e-10	59.3
AMKBEHAN_01504	MER0001272	33.636	110	68	4	67	173	63	170	8.01e-10	55.8
AMKBEHAN_01504	MER0026494	28.571	245	130	12	69	294	98	316	1.05e-09	56.6
AMKBEHAN_01504	MER0003775	40.000	80	44	3	65	141	84	162	4.77e-08	50.8
AMKBEHAN_01504	MER0033183	30.000	90	60	2	65	152	82	170	1.70e-07	49.3
AMKBEHAN_01504	MER0026485	39.706	68	39	2	65	131	94	160	3.82e-07	48.1
AMKBEHAN_01504	MER0028025	31.944	144	73	7	66	207	69	189	4.92e-07	47.4
AMKBEHAN_01504	MER0038758	21.818	330	207	12	66	384	63	352	9.09e-07	47.0
AMKBEHAN_01508	MER0026545	31.783	258	150	7	12	255	23	268	3.18e-36	127
AMKBEHAN_01508	MER0042387	36.207	174	103	3	86	257	14	181	1.22e-29	107
AMKBEHAN_01508	MER0026496	29.278	263	173	6	1	255	14	271	4.60e-26	100
AMKBEHAN_01508	MER0031491	29.282	181	115	4	78	249	7	183	5.50e-23	90.1
AMKBEHAN_01508	MER0026552	31.176	170	101	4	79	244	1	158	1.89e-21	85.5
AMKBEHAN_01508	MER0002639	25.731	171	122	4	80	249	2	168	5.35e-12	60.1
AMKBEHAN_01508	MER0002642	27.044	159	107	5	101	256	23	175	2.28e-10	55.5
AMKBEHAN_01533	MER0005900	29.917	361	226	12	72	417	45	393	8.12e-31	119
AMKBEHAN_01538	MER1102827	40.789	152	86	2	376	523	3	154	4.83e-32	117
AMKBEHAN_01539	MER0000392	52.128	282	125	4	182	454	3	283	1.45e-103	307
AMKBEHAN_01539	MER0022823	55.224	268	113	6	182	443	3	269	3.16e-100	298
AMKBEHAN_01539	MER0005694	52.190	274	130	1	170	443	1	273	4.56e-97	290
AMKBEHAN_01539	MER0015621	51.799	278	117	4	182	443	13	289	6.57e-97	290
AMKBEHAN_01539	MER0981959	49.110	281	121	6	181	443	1	277	8.57e-91	274
AMKBEHAN_01539	MER0002490	46.309	298	134	6	171	443	1	297	4.57e-90	273
AMKBEHAN_01539	MER0079308	50.752	266	127	4	185	448	6	269	8.27e-89	269
AMKBEHAN_01539	MER0011450	50.923	271	122	5	182	443	3	271	4.82e-88	267
AMKBEHAN_01539	MER0325901	45.588	272	143	5	182	449	1	271	5.18e-73	228
AMKBEHAN_01539	MER0000398	45.038	262	131	7	187	448	5	253	2.61e-65	207
AMKBEHAN_01539	MER0003229	38.060	268	158	5	182	448	11	271	9.70e-54	178
AMKBEHAN_01539	MER0000410	29.963	267	182	3	182	445	13	277	2.82e-40	143
AMKBEHAN_01539	MER0011872	30.142	282	189	5	176	451	7	286	5.01e-34	126
AMKBEHAN_01539	MER0082498	29.658	263	160	7	187	424	1	263	1.50e-27	108
AMKBEHAN_01539	MER0082653	28.000	250	158	8	196	424	16	264	1.43e-23	97.1
AMKBEHAN_01539	MER0004227	27.000	200	142	2	196	392	33	231	3.83e-19	84.7
AMKBEHAN_01539	MER0005807	24.000	275	195	7	154	428	1	261	2.29e-09	55.1
AMKBEHAN_01540	MER0001283	43.388	484	273	1	3	485	1	484	3.70e-148	429
AMKBEHAN_01540	MER0047723	45.570	474	256	2	8	479	2	475	7.23e-148	428
AMKBEHAN_01540	MER0028941	32.000	125	69	4	52	172	49	161	2.73e-09	55.5
AMKBEHAN_01540	MER0369336	30.973	113	64	3	64	172	7	109	4.31e-09	54.7
AMKBEHAN_01595	MER0013623	55.414	157	66	1	105	261	1	153	2.16e-56	181
AMKBEHAN_01595	MER0003850	50.562	178	82	3	105	280	3	176	3.79e-54	176
AMKBEHAN_01595	MER0000268	51.592	157	73	1	105	261	1	154	6.11e-53	172
AMKBEHAN_01595	MER0000266	52.830	159	70	4	105	261	1	156	9.56e-48	159
AMKBEHAN_01595	MER0004111	49.057	159	75	3	105	261	1	155	5.70e-46	154
AMKBEHAN_01595	MER0001372	51.572	159	72	3	105	261	1	156	1.98e-45	152
AMKBEHAN_01595	MER0004673	38.406	276	138	7	105	359	2	266	2.10e-45	156
AMKBEHAN_01595	MER0004149	47.273	165	77	3	105	261	1	163	7.99e-43	146
AMKBEHAN_01595	MER0003290	50.000	160	73	4	105	261	1	156	1.60e-42	145
AMKBEHAN_01595	MER0001945	46.541	159	83	1	105	261	1	159	4.07e-41	141
AMKBEHAN_01595	MER0005468	47.222	144	74	1	105	246	1	144	2.70e-40	139
AMKBEHAN_01595	MER0001373	53.901	141	61	3	105	244	1	138	1.79e-39	137
AMKBEHAN_01595	MER0003293	46.358	151	78	1	105	255	1	148	1.28e-36	129
AMKBEHAN_01595	MER0010944	43.023	172	82	3	105	261	1	171	2.87e-35	126
AMKBEHAN_01595	MER0028330	42.857	161	80	5	105	261	1	153	1.84e-34	123
AMKBEHAN_01595	MER0022668	43.275	171	83	7	105	261	1	171	5.61e-33	120
AMKBEHAN_01595	MER0016031	43.114	167	84	5	105	261	1	166	5.80e-33	120
AMKBEHAN_01595	MER0011375	44.375	160	80	6	105	261	1	154	1.32e-32	118
AMKBEHAN_01595	MER0004086	41.718	163	87	5	106	261	1	162	3.01e-32	117
AMKBEHAN_01595	MER0016351	40.373	161	84	5	105	261	1	153	7.75e-32	116
AMKBEHAN_01595	MER0002577	40.994	161	83	5	105	261	1	153	4.82e-31	114
AMKBEHAN_01595	MER0014795	40.719	167	81	6	105	261	1	159	5.60e-29	108
AMKBEHAN_01595	MER0004093	39.130	161	86	6	105	261	1	153	2.99e-28	106
AMKBEHAN_01595	MER0005093	38.037	163	87	5	105	254	1	162	1.04e-26	102
AMKBEHAN_01595	MER0006096	42.336	137	69	5	129	261	1	131	2.00e-26	100
AMKBEHAN_01595	MER0015583	38.255	149	83	4	105	244	1	149	4.02e-21	86.7
AMKBEHAN_01595	MER0063616	34.320	169	82	7	108	261	5	159	1.26e-16	74.3
AMKBEHAN_01595	MER0005094	30.556	144	89	6	105	242	1	139	2.93e-11	58.5
AMKBEHAN_01595	MER0014318	30.986	142	73	7	105	233	1	130	3.92e-06	43.9
AMKBEHAN_01595	MER0014317	26.866	134	86	6	116	242	10	138	5.64e-06	43.5
AMKBEHAN_01595	MER0145078	30.189	106	58	5	151	242	115	218	7.11e-06	44.3
AMKBEHAN_01612	MER0066178	27.841	176	102	7	153	321	12	169	3.93e-08	50.4
AMKBEHAN_01616	MER0001421	53.652	397	181	3	14	409	1	395	2.81e-151	431
AMKBEHAN_01616	MER0369336	26.962	293	183	8	131	408	39	315	7.80e-19	83.6
AMKBEHAN_01616	MER0028941	24.292	424	245	13	4	408	1	367	1.58e-18	83.2
AMKBEHAN_01636	MER0016191	27.570	214	138	6	2	204	79	286	1.09e-14	68.2
AMKBEHAN_01636	MER0016172	26.108	203	142	4	2	199	81	280	1.23e-10	56.6
AMKBEHAN_01636	MER0016185	26.016	246	129	9	3	208	83	315	1.19e-09	53.9
AMKBEHAN_01643	MER0011343	31.330	233	146	4	164	384	106	336	8.94e-30	115
AMKBEHAN_01643	MER0013499	27.803	223	149	4	172	382	104	326	2.48e-26	105
AMKBEHAN_01643	MER0015155	25.909	220	151	4	175	382	107	326	1.63e-22	94.7
AMKBEHAN_01643	MER0011422	30.043	233	143	6	170	386	117	345	1.86e-22	94.4
AMKBEHAN_01643	MER0032370	24.633	341	208	11	68	386	16	329	1.20e-21	92.0
AMKBEHAN_01643	MER0013496	24.091	220	155	4	175	382	50	269	6.23e-21	90.1
AMKBEHAN_01643	MER0001260	24.031	258	179	6	137	382	80	332	2.61e-20	88.2
AMKBEHAN_01643	MER0013425	26.012	346	198	14	58	390	3	303	3.94e-20	87.0
AMKBEHAN_01643	MER0006319	30.709	127	85	1	182	305	121	247	1.23e-17	80.5
AMKBEHAN_01643	MER0013479	27.746	173	120	3	173	341	73	244	6.87e-17	77.8
AMKBEHAN_01643	MER0001265	28.571	154	102	3	160	307	107	258	1.01e-14	71.2
AMKBEHAN_01715	MER0002299	30.534	131	87	2	90	217	68	197	7.39e-12	61.2
AMKBEHAN_01715	MER0006063	28.788	132	86	3	90	216	75	203	6.81e-10	55.5
AMKBEHAN_01715	MER0005687	27.907	129	89	2	91	216	79	206	1.35e-09	54.7
AMKBEHAN_01715	MER0004855	30.769	130	84	3	91	216	77	204	1.40e-09	54.7
AMKBEHAN_01715	MER0006056	30.370	135	86	4	90	219	78	209	2.58e-09	53.9
AMKBEHAN_01715	MER0000474	30.769	130	84	3	91	216	75	202	6.46e-09	52.4
AMKBEHAN_01715	MER0004182	23.611	216	134	7	20	220	3	202	2.39e-08	50.8
AMKBEHAN_01715	MER0002211	27.692	130	90	2	90	216	74	202	1.31e-07	48.5
AMKBEHAN_01745	MER0026471	31.120	482	300	9	1	459	5	477	1.27e-67	221
AMKBEHAN_01745	MER0026494	30.149	471	305	7	7	460	10	473	1.18e-63	210
AMKBEHAN_01745	MER0015142	30.252	476	300	9	7	460	39	504	1.33e-62	208
AMKBEHAN_01745	MER0026485	31.034	203	122	6	8	198	11	207	4.81e-20	87.4
AMKBEHAN_01745	MER0026485	29.213	89	63	0	362	450	212	300	6.23e-08	50.8
AMKBEHAN_01745	MER0003397	32.258	186	108	6	25	198	29	208	7.04e-20	87.0
AMKBEHAN_01745	MER0003397	31.667	120	79	3	333	450	183	301	4.60e-07	48.1
AMKBEHAN_01745	MER0052470	23.831	449	307	14	13	440	9	443	1.52e-17	81.6
AMKBEHAN_01745	MER0057434	29.756	205	124	8	7	198	2	199	1.26e-15	74.3
AMKBEHAN_01745	MER0001272	36.782	87	48	2	77	162	57	137	3.73e-09	54.3
AMKBEHAN_01745	MER0238460	26.104	249	148	13	5	236	6	235	1.71e-06	47.0
AMKBEHAN_01745	MER0028025	25.517	145	89	5	16	160	13	138	3.65e-06	45.1
AMKBEHAN_01750	MER0044357	25.561	223	136	6	11	206	32	251	9.05e-19	83.6
AMKBEHAN_01750	MER0044357	29.126	103	68	2	215	316	340	438	2.40e-08	52.0
AMKBEHAN_01763	MER0001313	28.866	194	82	8	3	189	11	155	2.90e-08	48.1
AMKBEHAN_01785	MER0281397	28.019	207	111	10	191	368	4	201	3.51e-08	50.4
AMKBEHAN_01804	MER0019759	28.261	184	120	2	280	451	49	232	1.35e-20	87.8
AMKBEHAN_01804	MER0011183	27.027	222	147	5	242	448	1	222	1.86e-19	84.3
AMKBEHAN_01804	MER0002746	26.991	226	150	4	242	452	9	234	2.02e-19	84.3
AMKBEHAN_01804	MER0001017	26.778	239	150	7	232	450	10	243	4.15e-19	84.0
AMKBEHAN_01804	MER0011440	29.108	213	130	6	246	439	10	220	4.17e-19	83.2
AMKBEHAN_01804	MER0001009	30.994	171	94	4	303	459	19	179	4.81e-19	82.8
AMKBEHAN_01804	MER0168983	31.176	170	102	6	265	429	3	162	5.01e-19	81.3
AMKBEHAN_01804	MER0002968	30.556	216	134	6	229	429	1	215	5.55e-19	82.8
AMKBEHAN_01804	MER0001010	28.426	197	127	4	264	446	11	207	4.15e-18	80.1
AMKBEHAN_01804	MER0011720	32.759	174	99	6	264	428	37	201	5.31e-18	79.7
AMKBEHAN_01804	MER0000997	30.806	211	122	8	235	423	3	211	1.29e-17	79.0
AMKBEHAN_01804	MER0012283	27.000	200	130	4	242	429	20	215	1.39e-17	78.6
AMKBEHAN_01804	MER0011369	26.697	221	145	7	225	429	6	225	3.13e-17	77.8
AMKBEHAN_01804	MER0091680	29.148	223	123	9	247	444	3	215	3.41e-17	77.8
AMKBEHAN_01804	MER0011345	31.098	164	103	4	279	433	59	221	4.72e-17	77.8
AMKBEHAN_01804	MER0002355	31.579	171	84	5	278	429	52	208	5.59e-17	77.0
AMKBEHAN_01804	MER0002078	26.087	230	155	5	238	452	5	234	8.40e-17	76.6
AMKBEHAN_01804	MER0005328	28.571	196	129	4	235	419	2	197	3.96e-16	73.9
AMKBEHAN_01804	MER0002755	30.244	205	122	7	235	423	2	201	4.75e-16	73.9
AMKBEHAN_01804	MER0036308	30.573	157	101	2	279	429	57	211	5.76e-16	74.3
AMKBEHAN_01804	MER0001012	29.091	220	133	6	229	429	1	216	7.02e-16	73.6
AMKBEHAN_01804	MER0019754	31.293	147	85	5	294	429	54	195	8.71e-16	72.8
AMKBEHAN_01804	MER0011438	28.342	187	113	6	246	413	10	194	1.23e-15	72.8
AMKBEHAN_01804	MER0011175	27.619	210	137	6	235	429	1	210	1.38e-15	72.8
AMKBEHAN_01804	MER0019096	28.505	214	118	8	253	450	3	197	6.66e-15	70.5
AMKBEHAN_01804	MER0052595	31.343	134	80	3	304	428	89	219	1.45e-14	70.1
AMKBEHAN_01804	MER0011401	26.131	199	123	6	248	423	4	201	1.89e-14	69.3
AMKBEHAN_01804	MER0011423	25.893	224	126	5	235	429	2	214	6.48e-14	67.8
AMKBEHAN_01804	MER0002060	28.311	219	135	7	229	429	1	215	7.47e-14	67.8
AMKBEHAN_01804	MER0006264	26.842	190	106	6	263	429	3	182	8.21e-14	67.0
AMKBEHAN_01804	MER0011370	30.392	204	107	8	251	429	17	210	1.48e-13	66.6
AMKBEHAN_01804	MER0028449	28.139	231	125	10	229	429	2	221	1.63e-13	67.0
AMKBEHAN_01804	MER0001701	26.257	179	118	3	276	440	33	211	1.69e-13	67.0
AMKBEHAN_01804	MER0012271	27.568	185	118	5	281	449	62	246	2.22e-13	67.0
AMKBEHAN_01804	MER0168177	28.571	168	110	5	265	429	3	163	2.35e-13	65.1
AMKBEHAN_01804	MER0005046	31.056	161	99	4	280	428	37	197	3.98e-13	65.5
AMKBEHAN_01804	MER0001013	28.415	183	120	4	279	450	60	242	4.30e-13	66.2
AMKBEHAN_01804	MER0001005	31.250	160	92	4	280	423	14	171	5.81e-13	64.3
AMKBEHAN_01804	MER0002003	30.303	165	97	4	280	428	54	216	7.57e-13	65.1
AMKBEHAN_01804	MER0011399	26.136	176	113	6	265	425	33	206	1.21e-12	64.3
AMKBEHAN_01804	MER0011371	29.167	192	119	8	251	426	18	208	2.42e-12	63.2
AMKBEHAN_01804	MER0015166	26.522	230	132	9	229	428	8	230	2.46e-12	63.5
AMKBEHAN_01804	MER0002422	28.834	163	99	5	280	429	48	206	3.25e-12	62.8
AMKBEHAN_01804	MER0002281	29.609	179	101	6	267	429	49	218	4.92e-12	62.8
AMKBEHAN_01804	MER0001185	27.044	159	99	4	280	424	55	210	1.70e-11	60.8
AMKBEHAN_01804	MER0005045	30.247	162	101	4	280	429	37	198	3.24e-11	59.7
AMKBEHAN_01804	MER0004243	25.806	217	125	6	235	423	2	210	3.89e-11	59.7
AMKBEHAN_01804	MER0005331	27.976	168	97	4	280	429	49	210	5.91e-11	59.3
AMKBEHAN_01804	MER0003500	22.619	168	118	2	280	435	36	203	1.56e-10	57.8
AMKBEHAN_01804	MER0019730	23.232	198	122	4	261	429	37	233	9.41e-10	56.2
AMKBEHAN_01804	MER0002210	27.815	151	93	5	280	415	6	155	2.50e-09	53.1
AMKBEHAN_01804	MER0001003	27.807	187	103	7	265	428	7	184	1.64e-08	51.6
AMKBEHAN_01804	MER0116688	25.126	199	115	6	280	451	49	240	4.01e-08	51.2
AMKBEHAN_01804	MER0011400	26.230	183	109	5	280	442	49	225	4.44e-08	51.2
AMKBEHAN_01804	MER0016308	26.257	179	114	7	265	428	7	182	6.51e-08	49.7
AMKBEHAN_01804	MER0026830	54.545	33	15	0	304	336	83	115	1.42e-07	48.9
AMKBEHAN_01804	MER0001525	22.973	148	94	4	298	428	84	228	1.91e-07	48.9
AMKBEHAN_01804	MER0003916	27.083	144	81	5	281	408	38	173	2.79e-07	48.1
AMKBEHAN_01804	MER0040779	23.478	115	79	1	303	417	80	185	1.15e-06	46.2
AMKBEHAN_01804	MER0001001	23.926	163	111	3	279	429	48	209	2.01e-06	45.8
AMKBEHAN_01804	MER0171631	25.837	209	126	8	237	428	12	208	3.25e-06	45.1
AMKBEHAN_01819	MER0001521	31.773	299	168	8	152	447	8	273	2.09e-25	102
AMKBEHAN_01819	MER0000313	31.773	299	168	8	152	447	8	273	3.16e-25	102
AMKBEHAN_01819	MER0001755	31.104	299	170	8	152	447	8	273	1.67e-24	100
AMKBEHAN_01819	MER0001523	31.438	299	169	9	152	447	8	273	3.73e-22	93.2
AMKBEHAN_01819	MER0000312	31.438	299	169	9	152	447	8	273	3.73e-22	93.2
AMKBEHAN_01819	MER0019280	31.359	287	164	9	166	440	29	294	1.21e-21	92.4
AMKBEHAN_01819	MER0001699	30.000	270	154	8	152	419	8	244	3.12e-20	87.8
AMKBEHAN_01819	MER0000310	29.630	270	156	7	152	419	8	245	1.31e-19	85.9
AMKBEHAN_01819	MER0000311	30.132	302	169	13	152	447	8	273	6.62e-19	84.0
AMKBEHAN_01819	MER0000321	32.014	278	147	13	165	426	100	351	8.97e-19	84.7
AMKBEHAN_01819	MER0004123	29.010	293	159	11	163	425	34	307	4.22e-18	82.4
AMKBEHAN_01819	MER0000332	28.479	309	179	10	143	449	3	271	9.14e-17	77.4
AMKBEHAN_01819	MER0000319	27.875	287	169	10	166	449	29	280	1.36e-16	77.0
AMKBEHAN_01819	MER0000316	27.907	301	171	12	152	447	7	266	5.69e-16	75.1
AMKBEHAN_01819	MER0000315	27.723	303	169	11	152	447	8	267	2.28e-15	73.2
AMKBEHAN_01819	MER0001906	27.723	303	169	11	152	447	8	267	3.99e-15	72.4
AMKBEHAN_01819	MER0016688	27.119	295	158	11	165	428	28	296	5.44e-15	72.8
AMKBEHAN_01819	MER0001520	27.393	303	170	11	152	447	8	267	8.11e-15	71.6
AMKBEHAN_01819	MER0030016	29.137	278	150	10	165	426	30	276	1.01e-14	71.6
AMKBEHAN_01819	MER0004988	29.231	260	148	9	155	407	19	249	1.43e-14	71.2
AMKBEHAN_01819	MER0001928	29.452	292	156	13	163	447	19	267	3.07e-14	70.1
AMKBEHAN_01819	MER0003536	29.927	274	139	12	162	413	25	267	4.61e-14	69.7
AMKBEHAN_01819	MER0002267	27.586	261	148	8	172	426	34	259	5.85e-14	69.3
AMKBEHAN_01819	MER0175622	27.797	295	157	12	160	427	21	286	2.21e-13	67.8
AMKBEHAN_01819	MER0013656	25.694	288	169	9	152	434	7	254	2.94e-12	63.9
AMKBEHAN_01819	MER0161312	27.485	342	166	13	163	439	18	342	3.10e-12	65.1
AMKBEHAN_01819	MER0000309	28.523	298	178	8	152	447	8	272	7.39e-12	62.8
AMKBEHAN_01819	MER0000347	29.963	267	154	13	165	411	61	314	1.29e-11	63.5
AMKBEHAN_01819	MER0002500	27.178	287	168	11	158	410	75	354	6.01e-11	61.2
AMKBEHAN_01819	MER0042897	27.338	278	164	8	155	426	11	256	1.63e-10	58.9
AMKBEHAN_01819	MER0016991	29.841	315	170	12	167	452	31	323	2.56e-10	58.9
AMKBEHAN_01819	MER0067924	25.795	283	174	10	161	423	6	272	2.78e-10	58.2
AMKBEHAN_01819	MER0077555	28.358	268	154	11	163	426	19	252	3.40e-10	57.8
AMKBEHAN_01819	MER0050309	27.670	206	121	8	206	407	39	220	7.53e-10	57.8
AMKBEHAN_01819	MER0014446	30.317	221	123	7	215	425	196	395	1.33e-09	57.0
AMKBEHAN_01819	MER0000349	25.850	294	161	10	160	411	65	343	5.29e-09	55.1
AMKBEHAN_01819	MER0114485	25.466	322	173	12	149	409	12	327	6.67e-09	54.7
AMKBEHAN_01819	MER0002516	25.279	269	166	7	155	423	30	263	1.42e-08	53.1
AMKBEHAN_01819	MER0081072	25.101	247	152	8	167	412	19	233	3.59e-08	51.6
AMKBEHAN_01819	MER0016978	25.086	291	165	12	163	426	27	291	6.97e-08	51.2
AMKBEHAN_01819	MER0002565	25.287	261	155	10	171	426	67	292	8.82e-08	51.2
AMKBEHAN_01819	MER0002764	24.597	248	156	8	159	405	36	253	1.54e-07	50.1
AMKBEHAN_01819	MER0014744	26.923	312	179	13	162	446	45	334	2.22e-07	49.7
AMKBEHAN_01819	MER0005931	30.588	255	144	8	199	447	14	241	3.33e-07	48.5
AMKBEHAN_01819	MER0004085	25.092	271	165	11	167	419	50	300	1.07e-06	47.4
AMKBEHAN_01819	MER0006023	34.127	126	68	4	312	430	194	311	1.78e-06	47.0
AMKBEHAN_01819	MER0003020	27.011	348	191	13	151	458	186	510	2.59e-06	46.6
AMKBEHAN_01819	MER0000320	27.004	237	140	11	195	422	44	256	2.78e-06	45.8
AMKBEHAN_01819	MER0016983	32.353	102	58	3	310	411	169	259	2.78e-06	46.2
AMKBEHAN_01819	MER0000351	24.731	279	154	9	165	410	31	286	3.87e-06	45.4
AMKBEHAN_01819	MER0014089	30.128	156	85	8	309	449	305	451	6.58e-06	45.4
AMKBEHAN_01819	MER0002562	28.188	149	95	3	310	448	205	351	6.65e-06	45.1
AMKBEHAN_01819	MER0005859	34.188	117	53	5	314	407	336	451	6.81e-06	45.4
AMKBEHAN_01819	MER0005790	25.182	274	147	10	165	405	19	267	9.18e-06	44.3
AMKBEHAN_01860	MER0003280	33.668	199	117	6	23	211	13	206	2.07e-25	99.8
AMKBEHAN_01860	MER0017177	32.759	116	74	3	18	129	15	130	7.46e-14	67.8
AMKBEHAN_01860	MER0044578	35.577	104	60	4	35	131	72	175	5.64e-10	56.2
AMKBEHAN_01860	MER0044581	26.738	187	107	7	30	191	65	246	9.60e-10	55.5
AMKBEHAN_01860	MER0017123	36.190	105	59	4	18	114	12	116	9.67e-10	55.1
AMKBEHAN_01860	MER0017193	27.928	111	78	2	26	134	15	125	1.78e-09	54.3
AMKBEHAN_01860	MER0044633	34.951	103	61	4	35	131	72	174	3.73e-09	53.9
AMKBEHAN_01860	MER0014065	25.735	272	139	12	22	279	18	240	3.80e-09	53.5
AMKBEHAN_01860	MER0031617	30.769	104	68	2	19	118	15	118	6.13e-09	52.8
AMKBEHAN_01860	MER0026339	32.979	94	60	2	22	112	8	101	1.11e-07	48.9
AMKBEHAN_01860	MER0036053	26.846	149	84	5	32	161	4	146	2.02e-07	48.1
AMKBEHAN_01860	MER0000437	28.000	150	93	6	32	168	22	169	3.48e-06	44.7
AMKBEHAN_01860	MER0036115	23.256	129	94	3	7	133	9	134	7.83e-06	43.5
AMKBEHAN_01860	MER0044350	33.721	86	54	1	36	118	1	86	9.67e-06	43.1
AMKBEHAN_01925	MER0078640	38.462	364	193	8	11	360	1	347	1.24e-73	229
AMKBEHAN_01925	MER0060647	36.464	362	208	9	11	361	1	351	1.67e-68	216
AMKBEHAN_01925	MER0044812	42.553	235	119	3	149	370	12	243	8.51e-61	193
AMKBEHAN_01925	MER0043540	38.158	228	136	3	138	364	1	224	6.71e-55	177
AMKBEHAN_01925	MER0045945	42.308	208	115	4	161	368	15	217	4.43e-48	159
AMKBEHAN_01925	MER0046161	40.179	224	115	5	161	370	33	251	1.42e-46	157
AMKBEHAN_01925	MER0436691	34.799	273	135	5	101	368	14	248	1.45e-44	151
AMKBEHAN_01925	MER0115185	51.429	140	66	1	219	358	5	142	1.76e-42	142
AMKBEHAN_01925	MER0436735	26.201	229	124	9	181	368	3	227	1.34e-08	52.0
AMKBEHAN_01925	MER0045094	23.457	162	114	4	192	346	26	184	3.19e-06	44.7
AMKBEHAN_01925	MER0044882	26.115	157	103	6	201	346	2	156	8.15e-06	42.7
AMKBEHAN_01925	MER0043537	25.000	176	112	6	191	356	13	178	8.86e-06	42.7
AMKBEHAN_01937	MER0005139	29.577	213	124	9	104	298	62	266	7.91e-13	64.7
AMKBEHAN_01937	MER0100667	29.327	208	117	9	117	321	39	219	6.04e-12	61.2
AMKBEHAN_01937	MER0004514	33.333	108	66	3	104	208	35	139	1.79e-11	60.5
AMKBEHAN_01937	MER0005238	37.805	82	44	1	105	186	67	141	2.88e-11	60.1
AMKBEHAN_01937	MER0001284	32.727	110	64	3	104	208	35	139	4.80e-11	58.9
AMKBEHAN_01937	MER0015336	26.263	198	127	7	105	297	62	245	2.83e-10	57.0
AMKBEHAN_01937	MER0005131	26.506	249	155	8	88	322	17	251	7.10e-10	55.5
AMKBEHAN_01937	MER0005239	35.556	90	50	2	102	190	66	148	7.50e-10	55.8
AMKBEHAN_01937	MER0005244	37.234	94	50	3	102	194	2	87	8.85e-10	54.7
AMKBEHAN_01937	MER0015691	34.444	90	52	1	101	190	49	131	1.00e-09	55.1
AMKBEHAN_01937	MER0002104	34.146	82	47	2	105	186	67	141	2.00e-09	54.7
AMKBEHAN_01937	MER0005152	32.941	85	50	1	105	189	60	137	1.68e-08	51.6
AMKBEHAN_01937	MER0001289	25.893	224	120	9	120	328	78	270	3.35e-08	50.8
AMKBEHAN_01937	MER0194228	25.431	232	111	9	120	328	2	194	3.80e-08	49.7
AMKBEHAN_01937	MER0026972	31.707	82	50	2	105	186	40	115	6.67e-08	49.7
AMKBEHAN_01937	MER0005149	26.543	162	94	5	50	209	26	164	1.10e-07	49.3
AMKBEHAN_01937	MER0001288	26.852	216	121	8	116	317	33	225	4.89e-07	47.0
AMKBEHAN_01937	MER0001290	26.500	200	114	9	52	230	44	231	7.06e-07	47.0
AMKBEHAN_01937	MER0013618	26.038	265	154	13	54	298	2	244	8.06e-07	46.6
AMKBEHAN_01937	MER0005241	31.111	90	55	2	102	189	2	86	9.75e-07	46.2
AMKBEHAN_01937	MER0026971	30.488	82	51	2	105	186	56	131	2.78e-06	44.7
AMKBEHAN_01940	MER0017123	33.333	282	178	7	3	274	3	284	1.95e-43	147
AMKBEHAN_01940	MER0036053	23.396	265	172	9	30	275	7	259	3.96e-07	47.0
AMKBEHAN_01940	MER0011785	27.551	98	67	2	19	112	23	120	4.50e-07	47.4
AMKBEHAN_01940	MER0026339	23.958	192	132	7	9	192	1	186	1.83e-06	45.1
AMKBEHAN_01940	MER0000432	27.200	125	78	4	23	135	16	139	8.28e-06	43.5
AMKBEHAN_01940	MER0036054	20.144	278	176	9	27	276	12	271	8.81e-06	43.1
AMKBEHAN_01981	MER0002251	56.000	75	32	1	3	76	149	223	9.78e-22	81.6
AMKBEHAN_01981	MER0001335	40.625	64	32	3	1	61	147	207	1.60e-08	46.6
AMKBEHAN_01988	MER0064576	41.194	335	177	5	2	333	1	318	7.56e-75	237
AMKBEHAN_01988	MER0064573	40.549	328	170	7	2	322	1	310	4.08e-72	230
AMKBEHAN_01988	MER0045376	33.949	433	232	15	5	422	4	397	4.57e-58	193
AMKBEHAN_01988	MER0064383	26.455	189	120	7	5	187	2	177	4.36e-12	63.9
AMKBEHAN_02018	MER0001243	38.866	247	149	2	2	246	3	249	2.26e-64	199
AMKBEHAN_02018	MER0001342	37.143	245	154	0	2	246	3	247	4.63e-55	175
AMKBEHAN_02018	MER0005690	36.327	245	155	1	2	246	3	246	1.77e-54	173
AMKBEHAN_02018	MER0015127	37.131	237	148	1	10	246	11	246	5.64e-51	164
AMKBEHAN_02018	MER0013929	36.437	247	156	1	2	248	3	248	6.74e-51	164
AMKBEHAN_02018	MER0015128	32.766	235	156	2	13	246	14	247	1.32e-46	153
AMKBEHAN_02018	MER0013450	31.048	248	169	2	4	249	3	250	9.01e-46	151
AMKBEHAN_02018	MER0013589	33.333	243	161	1	4	246	1	242	4.22e-43	144
AMKBEHAN_02018	MER0010972	23.077	234	162	2	13	246	14	229	4.39e-18	78.2
AMKBEHAN_02018	MER0003880	30.811	185	111	5	32	211	25	197	9.40e-16	72.4
AMKBEHAN_02018	MER0004931	26.829	205	134	6	4	204	5	197	1.55e-15	70.9
AMKBEHAN_02018	MER0004532	27.228	202	136	3	4	204	5	196	1.40e-13	65.5
AMKBEHAN_02018	MER0011746	28.505	214	134	8	13	213	14	221	4.06e-13	65.1
AMKBEHAN_02018	MER0024896	28.319	113	81	0	3	115	4	116	5.93e-12	62.0
AMKBEHAN_02018	MER0024896	25.342	146	97	4	122	256	337	481	8.58e-10	55.8
AMKBEHAN_02018	MER0005462	22.490	249	166	4	1	248	2	224	2.28e-10	56.2
AMKBEHAN_02018	MER0001244	25.581	215	137	6	5	202	6	214	2.41e-10	56.6
AMKBEHAN_02018	MER0002038	24.561	171	122	4	62	230	59	224	1.72e-09	53.5
AMKBEHAN_02018	MER0005715	25.243	206	140	7	4	204	5	201	2.65e-08	50.1
AMKBEHAN_02018	MER0013463	22.642	265	164	9	4	247	5	249	4.27e-07	47.0
AMKBEHAN_02046	MER0045094	38.919	185	107	4	3	183	14	196	3.31e-44	144
AMKBEHAN_02046	MER0044622	41.361	191	102	6	3	186	28	215	3.18e-42	139
AMKBEHAN_02046	MER0043394	45.399	163	84	4	26	185	2	162	3.26e-40	131
AMKBEHAN_02046	MER0044882	38.824	170	97	6	23	185	1	170	1.28e-34	117
AMKBEHAN_02046	MER0043392	40.000	140	76	4	46	183	23	156	2.77e-28	100
AMKBEHAN_02046	MER0044619	31.156	199	113	10	1	186	8	195	1.22e-20	82.8
AMKBEHAN_02046	MER0043537	29.101	189	120	6	3	185	2	182	9.56e-19	76.6
AMKBEHAN_02046	MER0043195	30.000	200	120	7	4	184	8	206	3.08e-17	73.9
AMKBEHAN_02046	MER0045095	31.280	211	118	9	1	185	15	224	2.50e-16	71.6
AMKBEHAN_02046	MER0045945	28.655	171	103	4	12	175	41	199	2.18e-11	57.4
AMKBEHAN_02046	MER0436691	29.730	148	96	5	41	185	99	241	2.11e-10	55.1
AMKBEHAN_02046	MER0436735	24.713	174	96	5	46	185	48	220	1.65e-09	52.8
AMKBEHAN_02046	MER0044812	23.171	164	115	4	15	175	68	223	1.98e-09	52.4
AMKBEHAN_02046	MER0043540	25.517	145	76	5	44	175	85	210	2.27e-08	48.9
AMKBEHAN_02046	MER0043387	30.822	146	91	6	43	185	27	165	2.28e-08	48.5
AMKBEHAN_02046	MER0060647	25.967	181	115	7	2	176	174	341	4.66e-08	48.5
AMKBEHAN_02046	MER0038086	29.661	118	76	3	73	185	108	223	1.71e-07	46.6
AMKBEHAN_02046	MER0115185	27.407	135	87	4	44	175	8	134	6.06e-07	43.9
AMKBEHAN_02046	MER0046161	27.338	139	87	5	42	175	102	231	1.78e-06	43.9
AMKBEHAN_02046	MER0045886	25.641	117	76	3	73	185	84	193	4.64e-06	42.4
AMKBEHAN_02056	MER0065588	43.814	194	106	3	4	194	3	196	2.35e-50	158
AMKBEHAN_02056	MER0043387	31.429	140	71	6	60	192	44	165	1.52e-07	46.2
AMKBEHAN_02056	MER0044619	26.627	169	89	9	37	194	52	196	1.94e-07	46.6
AMKBEHAN_02056	MER0044889	28.141	199	115	9	4	192	19	199	4.91e-07	45.4
AMKBEHAN_02056	MER0038086	28.788	132	74	4	69	192	104	223	8.37e-07	44.7
AMKBEHAN_02056	MER0045095	31.818	132	68	7	73	194	107	226	2.57e-06	43.5
AMKBEHAN_02069	MER0003514	45.513	156	78	2	190	343	3	153	5.56e-38	134
AMKBEHAN_02069	MER0003065	42.949	156	82	2	190	343	3	153	1.09e-33	122
AMKBEHAN_02069	MER0001297	43.871	155	84	2	192	346	5	156	1.11e-33	122
AMKBEHAN_02069	MER0003413	38.710	155	93	1	192	346	5	157	9.25e-33	120
AMKBEHAN_02069	MER0001425	43.293	164	84	3	192	349	5	165	6.38e-32	118
AMKBEHAN_02069	MER0015684	41.104	163	91	2	192	350	5	166	2.43e-29	110
AMKBEHAN_02069	MER0004196	40.385	156	90	3	192	346	5	158	1.31e-26	103
AMKBEHAN_02069	MER0005714	35.088	171	89	3	190	346	3	165	8.66e-25	98.2
AMKBEHAN_02069	MER0001295	41.429	140	66	3	190	322	3	133	6.67e-23	93.2
AMKBEHAN_02069	MER0004195	32.468	154	102	1	192	345	5	156	1.64e-20	85.9
AMKBEHAN_02069	MER0195376	26.667	165	94	6	192	329	3	167	4.72e-07	47.4
AMKBEHAN_02182	MER0036115	35.294	102	64	1	25	124	33	134	1.88e-16	74.3
AMKBEHAN_02182	MER0004146	26.038	265	170	9	13	258	4	261	5.40e-16	72.8
AMKBEHAN_02182	MER0035035	31.250	128	81	3	26	147	34	160	7.71e-15	70.1
AMKBEHAN_02182	MER0213280	29.839	124	80	2	26	147	29	147	5.95e-14	67.4
AMKBEHAN_02182	MER0035032	32.773	119	77	2	26	142	30	147	1.04e-13	66.6
AMKBEHAN_02182	MER0035044	35.000	100	63	1	26	123	32	131	8.71e-13	63.9
AMKBEHAN_02182	MER0035038	33.929	112	71	2	26	135	29	139	1.03e-12	63.9
AMKBEHAN_02182	MER0031619	30.000	120	82	1	10	127	11	130	7.65e-12	61.2
AMKBEHAN_02182	MER0036072	24.818	274	176	11	7	256	64	331	1.77e-11	60.5
AMKBEHAN_02182	MER0035043	36.957	92	52	3	26	113	34	123	3.45e-11	59.3
AMKBEHAN_02182	MER0017177	28.030	132	89	4	17	143	24	154	1.02e-10	58.2
AMKBEHAN_02182	MER0011785	23.923	209	132	4	19	213	27	222	4.74e-10	55.8
AMKBEHAN_02182	MER0036053	28.302	106	76	0	20	125	1	106	9.23e-10	54.7
AMKBEHAN_02182	MER0031611	24.046	262	173	9	23	264	35	290	9.47e-10	55.1
AMKBEHAN_02182	MER0014065	28.829	111	75	3	17	123	22	132	1.01e-09	55.1
AMKBEHAN_02182	MER0044350	28.866	97	58	2	27	116	1	93	1.05e-09	54.7
AMKBEHAN_02182	MER0035042	29.457	129	78	5	6	122	8	135	2.89e-09	53.5
AMKBEHAN_02182	MER0031617	25.926	135	91	4	2	127	2	136	3.02e-09	53.5
AMKBEHAN_02182	MER0026339	33.333	105	68	2	24	126	21	125	4.76e-09	52.8
AMKBEHAN_02182	MER0044581	28.155	103	67	3	27	122	71	173	5.94e-09	52.8
AMKBEHAN_02182	MER0044578	27.184	103	68	3	27	122	73	175	4.24e-08	50.1
AMKBEHAN_02182	MER0036076	23.106	264	177	10	7	255	38	290	4.30e-08	50.1
AMKBEHAN_02182	MER0037236	26.357	129	82	3	11	130	3	127	4.47e-08	49.7
AMKBEHAN_02182	MER0044900	32.110	109	64	4	27	126	94	201	7.75e-08	49.3
AMKBEHAN_02182	MER0017142	27.027	111	75	3	17	126	3	108	1.35e-07	48.1
AMKBEHAN_02182	MER0036075	23.270	159	116	5	6	160	49	205	2.55e-07	47.8
AMKBEHAN_02182	MER0036069	30.476	105	68	3	10	109	62	166	3.05e-07	47.8
AMKBEHAN_02182	MER0035973	26.263	99	72	1	27	124	56	154	5.40e-07	46.6
AMKBEHAN_02182	MER0036054	32.000	100	66	2	26	123	15	114	5.68e-07	46.6
AMKBEHAN_02182	MER0017193	32.558	86	57	1	17	101	15	100	7.23e-07	46.2
AMKBEHAN_02182	MER0025512	24.427	131	92	3	5	129	23	152	1.39e-06	45.4
AMKBEHAN_02182	MER0210990	34.568	81	50	1	72	149	78	158	1.66e-06	45.4
AMKBEHAN_02182	MER0183709	32.174	115	64	4	28	128	36	150	3.17e-06	44.3
AMKBEHAN_02182	MER0037853	29.358	109	66	5	24	123	23	129	3.31e-06	44.3
AMKBEHAN_02182	MER0031653	46.154	39	19	1	89	127	173	209	4.52e-06	44.3
AMKBEHAN_02183	MER0001244	40.152	264	143	5	175	426	2	262	1.16e-58	190
AMKBEHAN_02183	MER0013463	38.403	263	147	5	174	425	1	259	1.37e-53	176
AMKBEHAN_02183	MER0001733	30.241	291	160	4	176	425	3	291	1.70e-40	143
AMKBEHAN_02183	MER0028601	32.963	270	155	10	176	425	3	266	5.04e-40	141
AMKBEHAN_02183	MER0004931	31.933	238	136	4	175	408	2	217	7.68e-34	123
AMKBEHAN_02183	MER0005462	31.799	239	137	5	174	408	1	217	2.59e-32	119
AMKBEHAN_02183	MER0004532	30.290	241	131	6	175	406	2	214	4.48e-32	119
AMKBEHAN_02183	MER0001248	30.992	242	117	6	231	426	16	253	1.14e-28	110
AMKBEHAN_02183	MER0005715	32.051	234	129	6	175	400	2	213	5.58e-26	102
AMKBEHAN_02183	MER0002038	25.926	243	152	6	175	411	2	222	3.08e-18	80.5
AMKBEHAN_02183	MER0001250	25.623	281	152	8	176	407	3	275	1.10e-15	73.9
AMKBEHAN_02183	MER0004321	29.187	209	110	12	206	400	38	222	4.10e-12	63.2
AMKBEHAN_02183	MER0016544	27.234	235	130	10	192	413	50	256	6.68e-11	59.7
AMKBEHAN_02183	MER0002039	28.877	187	101	8	229	406	62	225	4.77e-10	56.6
AMKBEHAN_02183	MER0003105	26.633	199	110	9	229	414	64	239	7.92e-10	56.2
AMKBEHAN_02183	MER0027437	26.047	215	123	11	205	406	38	229	1.30e-09	55.5
AMKBEHAN_02184	MER0001266	28.406	433	238	17	24	429	2	389	2.70e-24	100
AMKBEHAN_02184	MER0003798	25.524	286	167	13	23	275	2	274	1.48e-09	56.2
AMKBEHAN_02184	MER0003775	25.641	156	96	7	33	176	10	157	6.28e-06	44.7
AMKBEHAN_02224	MER0492485	38.095	147	82	3	26	168	8	149	1.01e-26	97.4
AMKBEHAN_02246	MER0001423	66.667	237	74	1	480	716	1	232	5.68e-117	348
AMKBEHAN_02246	MER0000399	41.288	264	139	7	461	718	4	257	7.86e-61	202
AMKBEHAN_02246	MER0000405	40.511	274	143	9	457	718	2	267	2.05e-59	198
AMKBEHAN_02246	MER0058228	42.202	218	124	2	481	696	7	224	2.50e-59	197
AMKBEHAN_02246	MER0004504	42.149	242	127	6	484	718	2	237	4.04e-57	191
AMKBEHAN_02246	MER0000401	40.083	242	133	5	481	718	26	259	7.07e-57	191
AMKBEHAN_02246	MER0011413	40.000	220	128	2	479	694	2	221	1.82e-56	189
AMKBEHAN_02246	MER0005196	37.339	233	138	3	484	715	25	250	3.74e-52	178
AMKBEHAN_02246	MER0013484	41.743	218	123	2	481	694	4	221	6.66e-52	177
AMKBEHAN_02246	MER0011231	40.343	233	127	5	486	715	33	256	3.93e-51	176
AMKBEHAN_02246	MER0004923	38.136	236	141	3	464	694	37	272	2.08e-49	172
AMKBEHAN_02246	MER0005987	37.719	228	129	5	492	715	39	257	1.12e-48	169
AMKBEHAN_02246	MER0000404	38.971	272	147	11	454	717	1	261	3.77e-48	167
AMKBEHAN_02246	MER0004921	36.323	223	129	5	479	694	2	218	7.85e-47	163
AMKBEHAN_02246	MER0011305	39.256	242	133	6	479	715	18	250	1.82e-46	162
AMKBEHAN_02246	MER0192427	39.252	214	123	3	484	694	69	278	9.99e-46	161
AMKBEHAN_02246	MER0005994	35.772	246	147	6	453	692	1	241	5.63e-43	153
AMKBEHAN_02246	MER0004193	35.023	217	136	4	481	694	3	217	5.22e-39	141
AMKBEHAN_02246	MER0000403	29.528	254	163	7	476	721	18	263	1.34e-36	135
AMKBEHAN_02246	MER0004199	33.191	235	140	7	488	718	1	222	6.57e-36	132
AMKBEHAN_02246	MER0195666	32.243	214	131	6	481	685	1	209	1.01e-33	126
AMKBEHAN_02246	MER0003361	30.380	237	147	6	464	692	1	227	1.16e-30	117
AMKBEHAN_02246	MER0005988	32.727	110	73	1	586	694	2	111	3.45e-19	80.5
AMKBEHAN_02246	MER0034615	24.034	233	164	3	472	694	1	230	1.88e-15	73.6
AMKBEHAN_02246	MER0003558	24.898	245	165	6	461	693	3	240	1.17e-14	71.6
AMKBEHAN_02246	MER0005807	25.854	205	141	5	494	694	62	259	2.28e-14	70.9
AMKBEHAN_02246	MER0017401	24.194	248	170	8	476	715	2	239	4.28e-13	66.6
AMKBEHAN_02246	MER0140224	26.887	212	136	4	495	693	13	218	4.80e-12	63.5
AMKBEHAN_02246	MER0000408	22.747	233	160	6	476	694	7	233	5.14e-12	63.5
AMKBEHAN_02246	MER0018170	23.853	218	148	3	489	693	20	232	6.02e-12	63.2
AMKBEHAN_02246	MER0006027	24.554	224	144	6	487	694	24	238	7.58e-12	63.2
AMKBEHAN_02246	MER0016096	22.609	230	163	6	478	695	3	229	4.48e-11	60.5
AMKBEHAN_02246	MER0015682	23.390	295	203	8	434	717	24	306	1.74e-09	56.6
AMKBEHAN_02246	MER0000263	27.966	118	77	3	476	590	1	113	4.01e-07	48.5
AMKBEHAN_02246	MER0001920	23.280	189	124	5	523	694	43	227	9.32e-07	47.8
AMKBEHAN_02254	MER0000576	39.823	113	67	1	35	147	1	112	2.69e-30	103
AMKBEHAN_02254	MER0000569	38.202	89	54	1	60	147	25	113	4.56e-14	61.6
AMKBEHAN_02254	MER0006172	38.028	71	44	0	57	127	2	72	1.66e-10	51.2
AMKBEHAN_02262	MER0006319	34.414	401	229	7	39	433	10	382	5.97e-54	181
AMKBEHAN_02262	MER0013499	28.537	410	209	9	32	432	3	337	7.06e-46	159
AMKBEHAN_02262	MER0015155	26.250	400	213	10	46	437	17	342	2.90e-38	139
AMKBEHAN_02262	MER0011343	25.773	388	210	9	49	429	26	342	3.58e-38	139
AMKBEHAN_02262	MER0011422	33.846	195	127	2	100	293	83	276	6.30e-36	132
AMKBEHAN_02262	MER0013496	26.979	341	169	8	103	437	19	285	3.46e-35	130
AMKBEHAN_02262	MER0001260	29.317	249	158	6	45	282	16	257	1.88e-33	126
AMKBEHAN_02262	MER0001260	30.952	84	57	1	353	435	263	346	1.22e-07	50.1
AMKBEHAN_02262	MER0032370	32.653	196	120	4	99	288	66	255	2.84e-28	111
AMKBEHAN_02262	MER0032370	39.286	84	50	1	353	435	256	339	3.63e-12	64.3
AMKBEHAN_02262	MER0013479	24.749	299	171	8	131	425	68	316	8.68e-19	83.6
AMKBEHAN_02262	MER0013425	32.215	149	95	2	146	294	99	241	2.96e-18	82.0
AMKBEHAN_02262	MER0001265	28.571	168	115	5	107	272	90	254	1.74e-12	64.7
AMKBEHAN_02262	MER0026963	34.831	89	56	2	350	436	13	101	1.49e-11	57.8
AMKBEHAN_02273	MER0015112	41.103	399	227	3	3	393	1	399	4.36e-100	302
AMKBEHAN_02273	MER0030149	38.734	395	238	3	3	393	1	395	1.28e-93	285
AMKBEHAN_02273	MER0030151	38.481	395	239	3	3	393	1	395	1.19e-92	283
AMKBEHAN_02273	MER0030143	38.987	395	237	3	3	393	1	395	2.96e-89	274
AMKBEHAN_02273	MER0030155	37.722	395	242	3	3	393	1	395	1.10e-87	270
AMKBEHAN_02273	MER0030136	36.203	395	248	3	3	393	1	395	3.32e-79	248
