MEFIDJNC_00024	MER0034558	39.572	187	113	0	87	273	1	187	1.97e-43	150
MEFIDJNC_00024	MER0036052	25.417	240	171	5	28	261	82	319	1.60e-13	68.6
MEFIDJNC_00024	MER0036050	23.750	240	175	5	28	261	83	320	2.54e-12	65.1
MEFIDJNC_00024	MER0031618	26.423	246	166	8	14	250	21	260	1.48e-10	59.3
MEFIDJNC_00024	MER0036047	22.263	274	189	10	5	261	14	280	4.16e-06	45.4
MEFIDJNC_00042	MER0065554	49.012	253	118	2	289	531	9	260	5.05e-81	251
MEFIDJNC_00042	MER0437468	37.536	349	203	6	197	531	1	348	2.27e-72	231
MEFIDJNC_00042	MER0436717	35.250	400	188	10	197	531	1	394	2.02e-59	199
MEFIDJNC_00042	MER0031278	27.811	169	91	6	370	531	100	244	6.34e-06	44.7
MEFIDJNC_00056	MER0195774	24.561	228	118	5	51	275	1	177	5.91e-17	76.6
MEFIDJNC_00056	MER0122186	34.375	96	52	2	41	133	12	99	2.57e-08	52.0
MEFIDJNC_00056	MER0024891	25.595	168	109	6	148	300	16	182	4.15e-08	53.1
MEFIDJNC_00056	MER0011744	26.923	182	82	3	47	226	22	154	9.44e-08	50.4
MEFIDJNC_00056	MER0003386	26.122	245	122	6	42	277	17	211	1.31e-07	50.1
MEFIDJNC_00056	MER0003448	19.291	254	152	4	51	302	2	204	1.34e-07	50.4
MEFIDJNC_00056	MER0092828	41.509	53	30	1	51	103	2	53	3.44e-07	47.8
MEFIDJNC_00056	MER0011096	26.596	188	87	3	42	227	17	155	5.92e-07	48.1
MEFIDJNC_00056	MER0001229	21.908	283	139	11	51	320	2	215	6.03e-07	48.1
MEFIDJNC_00056	MER0002423	42.857	63	36	0	41	103	16	78	8.42e-07	47.8
MEFIDJNC_00056	MER0043985	21.908	283	139	11	51	320	2	215	1.79e-06	47.0
MEFIDJNC_00056	MER0188967	20.794	428	252	16	85	479	1	374	2.21e-06	48.1
MEFIDJNC_00056	MER0003823	25.728	206	102	3	42	245	17	173	3.01e-06	46.2
MEFIDJNC_00056	MER0002283	40.909	66	39	0	40	105	15	80	3.10e-06	46.2
MEFIDJNC_00056	MER0001214	36.232	69	41	1	38	103	10	78	5.37e-06	45.1
MEFIDJNC_00084	MER0237414	25.571	219	150	7	29	236	2	218	4.44e-15	71.6
MEFIDJNC_00084	MER0003448	26.267	217	150	5	28	235	2	217	2.77e-11	60.1
MEFIDJNC_00084	MER0002008	23.590	195	117	7	28	207	11	188	7.56e-07	47.0
MEFIDJNC_00084	MER0015090	21.429	210	154	6	28	229	2	208	6.07e-06	44.3
MEFIDJNC_00085	MER0195774	35.196	179	114	1	12	190	1	177	5.07e-32	117
MEFIDJNC_00085	MER0003448	25.854	205	149	2	12	216	2	203	2.68e-16	74.7
MEFIDJNC_00085	MER0001229	22.115	208	159	3	12	219	2	206	4.26e-15	70.9
MEFIDJNC_00085	MER0043985	21.698	212	163	3	12	223	2	210	1.00e-14	70.1
MEFIDJNC_00085	MER0003543	25.472	212	146	4	12	219	2	205	1.78e-12	63.5
MEFIDJNC_00085	MER0001214	28.105	153	104	3	11	161	25	173	1.90e-12	62.8
MEFIDJNC_00085	MER0122186	27.322	183	123	4	12	190	22	198	6.67e-12	61.2
MEFIDJNC_00085	MER0004423	30.323	155	98	5	48	201	33	178	5.27e-11	59.3
MEFIDJNC_00085	MER0001233	24.215	223	156	6	12	225	2	220	6.89e-11	58.9
MEFIDJNC_00085	MER0002283	30.818	159	102	4	11	166	25	178	8.47e-11	58.2
MEFIDJNC_00085	MER0001218	27.749	191	121	7	11	190	25	209	3.25e-10	56.6
MEFIDJNC_00085	MER0390687	29.204	113	80	0	19	131	1	113	6.80e-10	54.7
MEFIDJNC_00085	MER0015259	23.497	183	133	3	12	190	26	205	1.39e-09	54.7
MEFIDJNC_00085	MER0003386	27.513	189	122	5	12	190	26	209	2.33e-09	53.9
MEFIDJNC_00085	MER0169735	27.711	166	107	4	11	171	15	172	3.24e-09	53.5
MEFIDJNC_00085	MER0002345	28.191	188	118	8	11	194	25	199	3.50e-08	50.4
MEFIDJNC_00085	MER0015090	20.976	205	158	3	12	216	2	202	8.82e-08	49.7
MEFIDJNC_00085	MER0011292	25.000	156	94	2	2	134	16	171	9.94e-08	49.3
MEFIDJNC_00085	MER0002423	26.344	186	130	4	11	190	25	209	1.03e-07	49.3
MEFIDJNC_00085	MER0003823	27.692	130	91	3	11	138	25	153	1.26e-07	48.9
MEFIDJNC_00085	MER0001220	24.880	209	132	8	25	220	1	197	2.43e-07	48.1
MEFIDJNC_00085	MER0015270	22.222	369	230	15	48	375	6	358	3.04e-07	49.3
MEFIDJNC_00085	MER0188967	26.178	191	115	6	48	223	3	182	3.59e-07	48.9
MEFIDJNC_00085	MER0001219	23.699	173	115	6	12	173	26	192	9.04e-07	46.6
MEFIDJNC_00085	MER0026957	20.482	166	123	3	38	200	23	182	2.92e-06	45.1
MEFIDJNC_00085	MER0170820	32.911	79	52	1	23	100	8	86	8.63e-06	43.1
MEFIDJNC_00100	MER0005767	31.061	132	86	3	204	334	150	277	2.30e-07	48.9
MEFIDJNC_00101	MER0209507	29.293	99	64	3	105	199	9	105	1.08e-06	43.1
MEFIDJNC_00110	MER0002251	49.115	226	109	4	2	224	1	223	1.04e-72	218
MEFIDJNC_00110	MER0001335	38.326	227	131	5	4	225	3	225	4.86e-47	152
MEFIDJNC_00121	MER0016067	26.829	205	111	5	151	317	3	206	1.52e-11	61.6
MEFIDJNC_00132	MER0011700	29.692	357	203	11	48	361	2	353	2.73e-42	149
MEFIDJNC_00132	MER0140154	29.341	334	195	10	62	355	1	333	1.96e-36	132
MEFIDJNC_00132	MER0017069	26.752	314	217	7	53	358	1	309	3.03e-22	93.2
MEFIDJNC_00132	MER0026262	25.460	326	205	14	57	355	11	325	2.40e-19	85.1
MEFIDJNC_00132	MER0005923	33.871	124	76	2	42	160	3	125	6.58e-18	81.6
MEFIDJNC_00132	MER0005923	30.348	201	113	7	172	346	208	407	9.79e-16	75.1
MEFIDJNC_00132	MER1143079	26.667	270	174	9	69	335	17	265	1.29e-17	79.3
MEFIDJNC_00132	MER0000459	24.847	326	210	10	59	363	20	331	4.17e-17	78.6
MEFIDJNC_00132	MER0028284	26.036	338	215	13	52	371	6	326	7.47e-17	77.8
MEFIDJNC_00132	MER0002489	25.175	286	190	10	63	331	24	302	2.42e-15	73.2
MEFIDJNC_00132	MER0354941	30.481	187	110	6	63	230	11	196	2.93e-14	67.8
MEFIDJNC_00132	MER0005925	24.865	185	126	5	51	223	6	189	2.95e-14	70.1
MEFIDJNC_00132	MER0005836	22.709	251	168	11	51	286	14	253	4.85e-11	59.3
MEFIDJNC_00132	MER0006204	21.649	194	133	5	50	226	8	199	4.98e-10	57.4
MEFIDJNC_00132	MER0219770	24.631	203	144	5	50	247	3	201	7.24e-10	56.6
MEFIDJNC_00132	MER0003802	26.906	223	145	9	50	268	5	213	7.41e-10	56.6
MEFIDJNC_00132	MER0004090	21.751	354	220	14	63	362	24	374	1.26e-09	56.2
MEFIDJNC_00132	MER0003800	25.688	218	135	9	38	230	1	216	1.31e-09	56.2
MEFIDJNC_00132	MER0000457	21.914	324	229	11	42	355	3	312	1.74e-09	55.5
MEFIDJNC_00132	MER0192873	26.316	209	120	8	100	281	1	202	2.36e-09	54.3
MEFIDJNC_00132	MER0000463	22.255	337	219	10	56	359	10	336	4.44e-09	54.3
MEFIDJNC_00132	MER0004154	20.192	208	144	6	83	278	34	231	2.98e-07	48.5
MEFIDJNC_00135	MER0000485	47.479	238	124	1	570	806	1	238	2.74e-67	220
MEFIDJNC_00135	MER0000495	42.915	247	130	4	570	806	1	246	1.65e-57	194
MEFIDJNC_00135	MER0003443	46.262	214	99	4	596	798	15	223	1.14e-55	188
MEFIDJNC_00135	MER0014970	36.918	279	131	4	570	803	1	279	2.44e-53	184
MEFIDJNC_00135	MER0000488	41.485	229	134	0	570	798	1	229	8.22e-53	180
MEFIDJNC_00135	MER0003442	44.749	219	111	2	595	803	3	221	7.82e-52	177
MEFIDJNC_00135	MER0011056	48.223	197	92	4	613	803	29	221	3.96e-49	170
MEFIDJNC_00135	MER0011057	47.423	194	98	2	613	803	29	221	1.51e-48	168
MEFIDJNC_00135	MER0004236	47.977	173	88	1	627	799	87	257	1.06e-46	164
MEFIDJNC_00135	MER0005837	38.618	246	118	5	571	801	2	229	4.47e-42	151
MEFIDJNC_00135	MER0000496	35.740	277	119	4	570	787	1	277	5.08e-41	150
MEFIDJNC_00135	MER0108906	37.447	235	140	2	570	802	1	230	5.15e-37	135
MEFIDJNC_00135	MER0026213	35.065	154	91	3	656	806	111	258	9.45e-22	92.4
MEFIDJNC_00135	MER0017402	33.673	196	108	7	628	814	28	210	7.76e-19	83.2
MEFIDJNC_00135	MER0003859	33.136	169	100	6	620	783	45	205	1.44e-14	71.2
MEFIDJNC_00135	MER0003359	29.101	189	116	4	623	801	40	220	1.30e-11	62.4
MEFIDJNC_00135	MER0017403	31.915	94	64	0	689	782	92	185	8.54e-07	47.8
MEFIDJNC_00151	MER0000389	34.232	371	188	13	203	545	3	345	9.00e-40	147
MEFIDJNC_00151	MER0014300	36.074	377	172	20	203	539	2	349	2.80e-37	140
MEFIDJNC_00151	MER0001755	36.688	308	124	11	214	506	7	258	5.50e-32	122
MEFIDJNC_00151	MER0000313	36.364	308	125	11	214	506	7	258	9.13e-32	122
MEFIDJNC_00151	MER0001521	36.364	308	125	11	214	506	7	258	1.53e-31	121
MEFIDJNC_00151	MER0000310	37.063	286	121	11	230	506	22	257	4.39e-31	120
MEFIDJNC_00151	MER0001523	36.039	308	126	11	214	506	7	258	1.38e-30	119
MEFIDJNC_00151	MER0000312	36.039	308	126	11	214	506	7	258	1.38e-30	119
MEFIDJNC_00151	MER0001699	34.936	312	137	12	231	537	23	273	4.00e-30	117
MEFIDJNC_00151	MER0000311	35.667	300	138	11	214	506	7	258	4.75e-28	111
MEFIDJNC_00151	MER0000309	34.276	283	133	10	230	506	22	257	2.26e-27	109
MEFIDJNC_00151	MER0016978	32.022	356	179	16	198	537	8	316	3.10e-27	110
MEFIDJNC_00151	MER0081072	32.441	299	132	12	220	504	8	250	1.53e-26	106
MEFIDJNC_00151	MER0000333	33.033	333	151	15	211	537	5	271	3.07e-25	103
MEFIDJNC_00151	MER0001520	32.056	287	133	12	231	509	23	255	4.11e-25	102
MEFIDJNC_00151	MER0001906	31.707	287	134	12	231	509	23	255	9.03e-25	101
MEFIDJNC_00151	MER0000315	31.707	287	134	12	231	509	23	255	9.84e-25	101
MEFIDJNC_00151	MER0000320	34.050	279	124	12	220	484	11	243	1.35e-24	101
MEFIDJNC_00151	MER0006093	28.429	401	200	16	208	537	2	386	3.32e-24	102
MEFIDJNC_00151	MER0077555	32.792	308	150	14	220	518	11	270	1.28e-23	98.6
MEFIDJNC_00151	MER0005821	30.547	311	149	14	220	505	21	289	4.50e-23	100
MEFIDJNC_00151	MER0001928	31.975	319	152	14	220	535	11	267	1.19e-22	95.5
MEFIDJNC_00151	MER0000316	32.353	306	145	12	231	535	22	266	4.56e-22	94.0
MEFIDJNC_00151	MER0028365	33.229	319	139	15	220	505	51	328	1.85e-21	94.4
MEFIDJNC_00151	MER0013656	31.183	279	140	12	231	506	22	251	5.91e-21	90.5
MEFIDJNC_00151	MER0000332	30.769	299	154	12	225	518	15	265	1.45e-20	89.4
MEFIDJNC_00151	MER0001725	31.405	363	162	16	197	536	20	318	2.03e-20	90.1
MEFIDJNC_00151	MER0004123	32.997	297	153	15	231	504	38	311	1.04e-18	85.1
MEFIDJNC_00151	MER0000361	28.989	376	161	17	216	537	14	337	1.16e-18	85.1
MEFIDJNC_00151	MER0042897	32.302	291	138	8	231	510	23	265	2.90e-18	82.8
MEFIDJNC_00151	MER0005931	31.970	269	135	7	242	506	2	226	3.00e-18	82.0
MEFIDJNC_00151	MER0004113	28.037	321	181	13	203	504	8	297	1.07e-17	82.4
MEFIDJNC_00151	MER0000319	29.141	326	155	16	220	535	18	277	3.85e-17	79.7
MEFIDJNC_00151	MER0002267	28.701	331	173	14	212	535	8	282	9.12e-17	78.6
MEFIDJNC_00151	MER0030016	32.450	302	141	14	220	502	20	277	1.02e-16	78.2
MEFIDJNC_00151	MER0002575	31.419	296	149	14	220	506	11	261	3.09e-16	77.0
MEFIDJNC_00151	MER0016983	28.338	367	149	18	220	537	11	312	6.48e-16	76.6
MEFIDJNC_00151	MER0001604	30.435	299	136	14	231	503	23	275	1.05e-15	75.5
MEFIDJNC_00151	MER0004690	26.100	341	177	14	197	501	8	309	1.35e-15	76.3
MEFIDJNC_00151	MER0002057	29.448	326	159	15	220	498	38	339	6.88e-15	74.3
MEFIDJNC_00151	MER0054318	29.097	299	149	15	222	501	7	261	6.95e-15	73.6
MEFIDJNC_00151	MER0000362	27.297	370	163	18	220	536	14	330	7.21e-15	73.6
MEFIDJNC_00151	MER0000374	29.508	305	156	14	218	502	9	274	7.67e-15	73.2
MEFIDJNC_00151	MER0003536	30.741	270	158	12	224	488	22	267	1.05e-14	72.8
MEFIDJNC_00151	MER0002516	31.295	278	131	12	229	498	38	263	2.41e-14	71.2
MEFIDJNC_00151	MER0002565	29.032	310	168	12	203	505	32	296	3.08e-14	72.0
MEFIDJNC_00151	MER0001709	28.226	372	159	20	220	537	14	331	4.03e-14	71.2
MEFIDJNC_00151	MER0017009	27.090	299	156	12	236	502	57	325	4.32e-14	71.2
MEFIDJNC_00151	MER0002562	28.729	362	163	18	226	537	36	352	7.46e-14	70.9
MEFIDJNC_00151	MER0000321	29.236	301	157	13	220	502	90	352	7.50e-14	70.9
MEFIDJNC_00151	MER0001603	28.525	305	169	14	219	505	1	274	1.55e-13	68.9
MEFIDJNC_00151	MER0016688	30.599	317	165	18	231	524	30	314	1.92e-13	68.9
MEFIDJNC_00151	MER0016697	27.604	384	184	19	203	536	5	344	4.37e-13	68.2
MEFIDJNC_00151	MER0000383	29.773	309	158	17	217	503	2	273	4.85e-13	67.4
MEFIDJNC_00151	MER0004085	29.043	303	155	16	231	508	50	317	6.56e-13	67.8
MEFIDJNC_00151	MER0000347	25.070	355	188	14	220	540	51	361	1.02e-12	68.2
MEFIDJNC_00151	MER0019280	29.375	320	169	15	231	537	30	305	1.66e-12	66.2
MEFIDJNC_00151	MER0000344	26.316	323	171	13	192	504	14	279	1.72e-12	65.9
MEFIDJNC_00151	MER0000329	26.829	369	170	16	201	506	11	342	3.29e-12	65.9
MEFIDJNC_00151	MER0192109	27.451	306	173	15	215	502	6	280	3.74e-12	65.1
MEFIDJNC_00151	MER0006023	31.579	247	113	12	274	503	102	309	4.25e-12	65.1
MEFIDJNC_00151	MER0001778	27.508	309	170	14	218	503	2	279	1.89e-11	62.8
MEFIDJNC_00151	MER0000376	26.250	320	157	16	217	503	1	274	4.21e-11	61.6
MEFIDJNC_00151	MER0000338	28.939	311	153	14	204	504	10	262	8.15e-11	60.8
MEFIDJNC_00151	MER0000381	25.237	317	160	14	219	503	1	272	1.10e-10	60.5
MEFIDJNC_00151	MER0001610	27.000	300	172	12	219	502	3	271	1.18e-10	60.5
MEFIDJNC_00151	MER0000335	27.273	286	143	11	229	504	28	258	1.32e-10	60.1
MEFIDJNC_00151	MER0001514	27.273	308	165	15	219	503	2	273	1.44e-10	60.1
MEFIDJNC_00151	MER0002764	26.059	307	144	13	200	486	16	259	1.53e-10	60.1
MEFIDJNC_00151	MER0077856	26.797	306	169	16	219	503	10	281	2.25e-10	59.7
MEFIDJNC_00151	MER0014744	30.769	273	146	12	229	487	48	291	3.61e-10	59.3
MEFIDJNC_00151	MER0000377	25.387	323	158	14	218	504	3	278	5.04e-10	58.5
MEFIDJNC_00151	MER0000364	28.475	295	155	14	219	494	10	267	6.88e-10	58.2
MEFIDJNC_00151	MER0000325	29.455	275	138	11	229	498	28	251	8.86e-10	57.8
MEFIDJNC_00151	MER0003118	36.601	153	75	10	234	371	14	159	8.96e-10	57.4
MEFIDJNC_00151	MER0000375	26.948	308	166	16	219	503	1	272	1.44e-09	57.0
MEFIDJNC_00151	MER0006074	28.947	266	134	12	238	494	48	267	3.02e-09	56.2
MEFIDJNC_00151	MER0005078	26.923	286	146	13	229	505	38	269	7.48e-09	54.7
MEFIDJNC_00151	MER0000340	28.213	319	155	17	203	501	9	273	1.24e-08	54.3
MEFIDJNC_00151	MER0000326	26.545	275	152	10	231	503	30	256	3.53e-08	52.8
MEFIDJNC_00151	MER0050309	26.641	259	140	10	234	484	6	222	3.64e-08	53.5
MEFIDJNC_00151	MER0000356	22.619	336	159	14	186	487	1	269	8.52e-08	52.0
MEFIDJNC_00151	MER0006297	28.750	240	136	9	259	485	250	467	2.31e-07	50.8
MEFIDJNC_00151	MER0025143	26.502	283	146	13	231	488	31	276	6.25e-07	48.9
MEFIDJNC_00151	MER0005859	26.000	300	142	14	274	537	242	497	6.44e-07	49.7
MEFIDJNC_00151	MER0055027	27.861	201	114	8	236	428	34	211	1.05e-06	48.5
MEFIDJNC_00151	MER0062058	27.000	300	116	18	236	488	2	245	1.39e-06	48.1
MEFIDJNC_00151	MER0003117	24.000	300	159	14	204	489	8	252	1.83e-06	47.4
MEFIDJNC_00151	MER0000358	23.944	284	142	14	230	494	30	258	3.19e-06	47.0
MEFIDJNC_00151	MER0011484	24.590	305	171	12	252	527	243	517	3.85e-06	47.0
MEFIDJNC_00151	MER0161312	24.576	354	166	13	230	514	21	342	4.23e-06	46.6
MEFIDJNC_00151	MER0015431	26.667	210	137	4	319	511	143	352	5.09e-06	46.6
MEFIDJNC_00151	MER0001368	25.118	211	125	7	319	504	136	338	9.60e-06	45.4
MEFIDJNC_00183	MER0001295	47.849	186	85	3	365	547	2	178	1.11e-51	174
MEFIDJNC_00183	MER0001297	34.973	183	100	4	364	546	1	164	3.88e-24	96.7
MEFIDJNC_00183	MER0003514	37.158	183	96	4	364	546	1	164	2.57e-23	94.4
MEFIDJNC_00183	MER0003065	36.313	179	95	4	366	544	3	162	2.84e-23	94.4
MEFIDJNC_00183	MER0003413	33.784	148	88	2	397	544	26	163	6.57e-22	90.1
MEFIDJNC_00183	MER0001425	37.654	162	70	6	396	546	29	170	2.01e-20	86.3
MEFIDJNC_00183	MER0004196	32.934	167	97	4	386	548	15	170	3.39e-17	76.6
MEFIDJNC_00183	MER0004195	34.132	167	94	6	386	548	15	169	1.32e-16	75.1
MEFIDJNC_00183	MER0015684	28.655	171	106	5	376	543	6	163	1.28e-14	69.3
MEFIDJNC_00183	MER0005714	29.651	172	98	5	385	548	14	170	8.46e-14	67.0
MEFIDJNC_00191	MER0015686	27.811	169	109	5	51	216	45	203	4.64e-06	43.5
MEFIDJNC_00191	MER0015631	27.273	176	104	6	52	216	48	210	7.67e-06	42.7
MEFIDJNC_00218	MER0036072	33.058	121	72	2	13	124	77	197	1.39e-13	66.2
MEFIDJNC_00218	MER0034563	24.597	248	165	7	8	245	8	243	1.12e-12	62.8
MEFIDJNC_00218	MER0031619	29.907	107	73	1	10	114	22	128	9.32e-12	60.8
MEFIDJNC_00218	MER0031617	24.658	146	98	3	6	149	24	159	1.10e-11	60.5
MEFIDJNC_00218	MER0031610	33.333	111	71	2	4	112	42	151	1.16e-11	60.5
MEFIDJNC_00218	MER0014065	27.928	111	74	2	6	112	24	132	1.26e-11	60.5
MEFIDJNC_00218	MER0004146	23.361	244	163	7	14	239	17	254	4.74e-11	58.2
MEFIDJNC_00218	MER0036053	30.657	137	91	2	17	149	9	145	5.19e-11	58.2
MEFIDJNC_00218	MER0036115	28.440	109	76	1	7	113	26	134	3.11e-10	56.2
MEFIDJNC_00218	MER0213280	22.162	185	119	5	10	185	24	192	2.82e-09	53.5
MEFIDJNC_00218	MER0017177	27.778	108	75	2	17	121	35	142	3.42e-09	53.1
MEFIDJNC_00218	MER0036076	24.904	261	153	9	8	246	54	293	9.55e-09	51.6
MEFIDJNC_00218	MER0035973	34.653	101	61	4	16	113	56	154	1.51e-08	51.2
MEFIDJNC_00218	MER0044578	27.434	113	71	3	8	111	65	175	1.68e-08	51.2
MEFIDJNC_00218	MER0017033	25.311	241	152	7	16	239	64	293	1.79e-08	50.8
MEFIDJNC_00218	MER0035035	20.079	254	185	6	10	255	29	272	2.41e-08	50.4
MEFIDJNC_00218	MER0036075	30.000	120	75	4	14	126	68	185	3.16e-08	50.4
MEFIDJNC_00218	MER0044581	27.193	114	72	3	7	111	62	173	3.57e-08	50.4
MEFIDJNC_00218	MER0044633	27.907	129	83	3	17	137	74	200	4.33e-08	50.1
MEFIDJNC_00218	MER0036068	27.215	158	105	6	17	169	54	206	5.64e-08	49.3
MEFIDJNC_00218	MER0036065	29.808	104	66	1	16	112	2	105	6.46e-08	48.9
MEFIDJNC_00218	MER0213829	30.088	113	67	4	17	119	50	160	7.64e-08	49.3
MEFIDJNC_00218	MER0035038	28.099	121	74	3	10	123	24	138	9.91e-08	48.9
MEFIDJNC_00218	MER0035044	25.714	105	76	1	10	112	27	131	1.20e-07	48.5
MEFIDJNC_00218	MER0017142	26.364	110	75	2	5	114	4	107	3.69e-07	46.6
MEFIDJNC_00218	MER0036074	28.472	144	70	3	6	116	79	222	5.89e-07	46.6
MEFIDJNC_00218	MER0011509	25.641	117	83	2	13	125	35	151	6.11e-07	46.6
MEFIDJNC_00218	MER0035032	23.810	105	78	1	10	112	25	129	1.12e-06	45.4
MEFIDJNC_00218	MER0026339	30.631	111	75	2	5	113	13	123	1.50e-06	45.1
MEFIDJNC_00218	MER0035043	24.528	106	76	2	10	112	29	133	1.85e-06	45.1
MEFIDJNC_00218	MER0031611	23.077	273	182	10	3	253	25	291	1.99e-06	44.7
MEFIDJNC_00218	MER0044350	22.759	145	84	2	17	133	2	146	2.91e-06	44.3
MEFIDJNC_00218	MER0011785	27.200	125	83	3	4	123	26	147	2.92e-06	44.3
MEFIDJNC_00218	MER0036066	30.303	99	67	2	17	113	1	99	4.72e-06	43.5
MEFIDJNC_00218	MER0036054	34.286	105	61	5	14	113	14	115	5.97e-06	43.1
MEFIDJNC_00218	MER0035042	26.786	112	76	3	10	117	29	138	6.90e-06	43.1
MEFIDJNC_00236	MER0015458	28.713	202	82	5	52	240	49	201	1.49e-12	62.8
MEFIDJNC_00236	MER0015472	28.079	203	96	6	56	258	46	198	1.84e-12	61.6
MEFIDJNC_00236	MER0030047	27.374	179	79	6	60	237	3	131	2.50e-10	54.3
MEFIDJNC_00236	MER0015459	36.000	50	32	0	51	100	46	95	1.99e-08	50.4
MEFIDJNC_00236	MER0015473	27.895	190	86	5	60	243	42	186	3.69e-08	49.3
MEFIDJNC_00236	MER0015462	40.000	50	30	0	51	100	44	93	7.61e-08	48.1
MEFIDJNC_00238	MER0195376	34.184	196	108	7	246	433	1	183	1.34e-21	89.4
MEFIDJNC_00238	MER0003413	27.273	154	91	3	245	397	2	135	1.79e-06	45.1
MEFIDJNC_00238	MER0004195	25.243	206	105	10	244	439	1	167	2.64e-06	44.7
MEFIDJNC_00247	MER0027775	36.134	119	71	2	66	182	1	116	8.70e-23	85.9
MEFIDJNC_00247	MER0001602	31.655	139	76	4	66	185	1	139	6.46e-16	68.6
MEFIDJNC_00251	MER0014135	43.396	265	150	0	185	449	1	265	1.55e-79	245
MEFIDJNC_00251	MER0017402	26.446	121	79	3	338	450	80	198	4.45e-06	44.7
MEFIDJNC_00251	MER0005837	25.000	80	59	1	351	429	138	217	4.90e-06	44.7
MEFIDJNC_00264	MER0003242	50.495	303	146	2	110	412	2	300	1.13e-105	311
MEFIDJNC_00264	MER0013876	31.650	297	173	9	30	316	1	277	5.15e-33	124
MEFIDJNC_00264	MER0003855	29.795	292	181	8	30	310	1	279	2.62e-32	123
MEFIDJNC_00264	MER0004416	29.655	290	165	9	42	312	11	280	1.07e-24	99.8
MEFIDJNC_00280	MER0002443	42.500	120	65	2	183	301	1	117	9.39e-28	101
MEFIDJNC_00280	MER0004035	38.393	112	63	3	190	300	5	111	2.74e-22	86.7
MEFIDJNC_00280	MER0003986	38.095	105	60	3	190	292	8	109	1.77e-18	76.6
MEFIDJNC_00280	MER0004054	37.607	117	65	5	191	302	9	122	5.70e-18	75.5
MEFIDJNC_00280	MER0003808	41.593	113	53	6	190	299	8	110	1.89e-16	70.9
MEFIDJNC_00280	MER0002450	42.342	111	55	6	191	300	9	111	3.90e-16	70.1
MEFIDJNC_00280	MER0003805	35.652	115	61	5	191	302	9	113	1.34e-15	68.6
MEFIDJNC_00280	MER0377310	42.718	103	50	6	191	292	9	103	9.25e-15	66.2
MEFIDJNC_00280	MER0377307	42.718	103	50	6	191	292	9	103	9.25e-15	66.2
MEFIDJNC_00280	MER0377178	39.806	103	53	5	191	292	9	103	1.50e-13	62.8
MEFIDJNC_00280	MER0014188	35.185	108	60	4	183	288	1	100	7.13e-13	61.2
MEFIDJNC_00280	MER0003807	33.036	112	69	4	183	292	1	108	1.09e-12	60.8
MEFIDJNC_00280	MER0376722	40.000	105	50	5	183	284	1	95	7.78e-12	57.8
MEFIDJNC_00280	MER0024252	34.711	121	58	7	195	302	14	126	3.42e-11	57.0
MEFIDJNC_00280	MER0038100	28.099	121	71	5	193	302	12	127	7.25e-10	53.1
MEFIDJNC_00280	MER0377450	34.021	97	52	4	183	276	1	88	1.91e-09	50.8
MEFIDJNC_00280	MER0001322	30.909	110	64	4	183	290	1	100	2.99e-08	48.1
MEFIDJNC_00282	MER0002642	43.713	167	90	1	82	248	8	170	4.68e-46	149
MEFIDJNC_00282	MER0002639	41.618	173	97	1	82	254	8	176	6.89e-44	144
MEFIDJNC_00282	MER0026552	27.673	159	102	5	88	243	12	160	9.94e-11	56.2
MEFIDJNC_00282	MER0042387	28.313	166	102	6	86	243	16	172	8.45e-10	53.9
MEFIDJNC_00282	MER0026496	23.780	164	116	4	89	243	99	262	1.15e-06	45.4
MEFIDJNC_00282	MER0017394	48.571	35	18	0	105	139	33	67	3.05e-06	43.9
MEFIDJNC_00287	MER0000268	54.140	157	69	2	108	264	1	154	7.77e-52	169
MEFIDJNC_00287	MER0003850	52.542	177	80	3	108	283	3	176	1.50e-51	169
MEFIDJNC_00287	MER0013623	52.229	157	71	2	108	264	1	153	5.18e-50	164
MEFIDJNC_00287	MER0000266	53.797	158	70	2	108	264	1	156	5.28e-49	162
MEFIDJNC_00287	MER0001372	53.797	158	70	2	108	264	1	156	2.27e-47	157
MEFIDJNC_00287	MER0004111	48.408	157	79	1	108	264	1	155	1.61e-46	155
MEFIDJNC_00287	MER0005468	48.125	160	78	4	108	264	1	158	1.94e-42	145
MEFIDJNC_00287	MER0004673	34.420	276	149	5	108	362	2	266	8.96e-41	144
MEFIDJNC_00287	MER0004149	46.951	164	79	3	108	264	1	163	2.21e-40	139
MEFIDJNC_00287	MER0002577	48.750	160	72	3	108	264	1	153	7.80e-40	137
MEFIDJNC_00287	MER0028330	47.468	158	77	2	108	264	1	153	2.03e-39	136
MEFIDJNC_00287	MER0003290	47.170	159	79	3	108	264	1	156	2.39e-38	134
MEFIDJNC_00287	MER0016351	44.937	158	81	3	108	264	1	153	1.39e-37	132
MEFIDJNC_00287	MER0001945	45.912	159	84	2	108	264	1	159	6.30e-37	130
MEFIDJNC_00287	MER0014795	44.512	164	79	3	108	264	1	159	2.47e-35	126
MEFIDJNC_00287	MER0001373	44.785	163	79	3	108	264	1	158	1.07e-33	121
MEFIDJNC_00287	MER0010944	41.860	172	84	3	108	264	1	171	2.21e-33	121
MEFIDJNC_00287	MER0004093	43.038	158	84	2	108	264	1	153	9.14e-33	119
MEFIDJNC_00287	MER0022668	42.690	171	84	6	108	264	1	171	4.18e-32	117
MEFIDJNC_00287	MER0016031	44.910	167	81	5	108	264	1	166	1.59e-31	115
MEFIDJNC_00287	MER0003293	45.695	151	79	3	108	258	1	148	1.62e-31	115
MEFIDJNC_00287	MER0011375	41.250	160	85	4	108	264	1	154	3.99e-31	114
MEFIDJNC_00287	MER0004086	43.046	151	81	3	118	264	13	162	4.61e-30	112
MEFIDJNC_00287	MER0015583	44.966	149	73	4	108	247	1	149	9.49e-28	105
MEFIDJNC_00287	MER0006096	43.966	116	64	1	132	246	1	116	4.09e-25	97.1
MEFIDJNC_00287	MER0005093	36.420	162	91	2	108	257	1	162	1.55e-23	94.0
MEFIDJNC_00287	MER0063616	33.784	148	82	5	111	248	5	146	7.17e-15	68.9
MEFIDJNC_00287	MER0005094	30.882	136	84	5	116	245	8	139	4.19e-10	55.5
MEFIDJNC_00287	MER0005089	33.333	135	79	7	108	236	1	130	2.05e-08	50.4
MEFIDJNC_00287	MER0014318	34.328	134	79	6	108	236	1	130	4.40e-08	49.3
MEFIDJNC_00287	MER0004696	29.577	142	92	5	108	245	1	138	7.62e-08	48.5
MEFIDJNC_00287	MER0014317	30.303	132	84	5	119	245	10	138	5.65e-07	46.2
MEFIDJNC_00287	MER0005090	30.303	132	87	5	108	236	1	130	2.24e-06	44.3
MEFIDJNC_00333	MER0001283	44.099	483	270	0	2	484	2	484	1.90e-147	427
MEFIDJNC_00333	MER0047723	44.726	474	261	1	6	478	2	475	1.59e-146	424
MEFIDJNC_00333	MER0028941	30.058	173	97	5	10	170	1	161	8.31e-14	69.7
MEFIDJNC_00333	MER0369336	31.250	112	63	3	63	170	8	109	1.34e-10	59.3
MEFIDJNC_00359	MER0001313	28.649	185	82	5	9	189	15	153	2.07e-08	48.5
MEFIDJNC_00384	MER0000474	51.042	192	94	0	28	219	15	206	4.35e-72	215
MEFIDJNC_00384	MER0005687	51.579	190	87	1	27	216	23	207	3.57e-66	200
MEFIDJNC_00384	MER0006046	46.354	192	103	0	28	219	15	206	1.07e-63	194
MEFIDJNC_00384	MER0004857	54.386	171	77	1	46	216	34	203	1.83e-63	193
MEFIDJNC_00384	MER0002211	49.468	188	95	0	29	216	16	203	3.75e-63	192
MEFIDJNC_00384	MER0006063	48.087	183	95	0	35	217	23	205	8.52e-60	184
MEFIDJNC_00384	MER0002299	47.568	185	97	0	31	215	12	196	1.29e-59	183
MEFIDJNC_00384	MER0004855	41.905	210	116	1	8	217	3	206	2.98e-58	180
MEFIDJNC_00384	MER0004847	50.802	187	91	1	31	216	18	204	2.52e-57	177
MEFIDJNC_00384	MER0006056	49.398	166	83	1	54	219	46	210	1.79e-54	170
MEFIDJNC_00384	MER0004182	42.246	187	108	0	31	217	14	200	1.22e-49	157
MEFIDJNC_00384	MER0006308	38.983	177	107	1	40	215	17	193	3.30e-47	151
MEFIDJNC_00384	MER0011666	40.237	169	99	1	50	216	17	185	1.60e-41	136
MEFIDJNC_00384	MER0001369	42.500	80	44	1	72	151	53	130	4.17e-08	47.4
MEFIDJNC_00398	MER0004775	39.816	653	383	7	40	687	11	658	3.88e-166	489
MEFIDJNC_00398	MER0001058	32.243	642	415	9	50	687	1	626	5.83e-101	319
MEFIDJNC_00398	MER0011141	31.295	687	414	18	43	687	19	689	9.65e-101	320
MEFIDJNC_00398	MER0002988	29.472	682	437	12	43	687	19	693	5.95e-97	310
MEFIDJNC_00398	MER0001056	30.689	668	431	14	43	687	19	677	4.74e-96	308
MEFIDJNC_00398	MER0001050	29.480	692	430	16	43	687	19	699	9.57e-90	291
MEFIDJNC_00398	MER0013406	28.488	688	439	13	43	687	19	696	1.93e-88	288
MEFIDJNC_00398	MER0011838	27.192	673	449	14	44	687	21	681	4.53e-87	284
MEFIDJNC_00398	MER0001991	28.144	668	434	13	40	676	16	668	4.65e-87	284
MEFIDJNC_00398	MER0019832	29.618	655	424	14	47	687	17	648	5.89e-85	278
MEFIDJNC_00398	MER0011159	27.300	674	451	14	43	687	19	682	1.44e-84	277
MEFIDJNC_00398	MER0019831	29.752	605	389	12	111	687	55	651	8.86e-84	275
MEFIDJNC_00398	MER0004762	28.134	686	443	17	40	687	16	689	5.73e-80	265
MEFIDJNC_00398	MER0005528	28.951	677	441	15	42	687	18	685	2.06e-79	264
MEFIDJNC_00398	MER0001059	32.130	554	356	11	50	592	2	546	3.75e-79	260
MEFIDJNC_00398	MER0002350	27.632	684	444	17	46	687	22	696	2.26e-77	258
MEFIDJNC_00398	MER0002062	27.429	700	436	18	43	687	19	701	1.91e-68	234
MEFIDJNC_00398	MER0002997	25.648	694	450	18	40	687	16	689	8.50e-68	232
MEFIDJNC_00398	MER0002285	25.298	672	434	12	43	687	19	649	8.25e-60	209
MEFIDJNC_00398	MER0038668	25.342	584	367	15	171	687	22	603	3.72e-50	181
MEFIDJNC_00398	MER0001365	31.831	355	214	8	357	687	381	731	2.82e-49	181
MEFIDJNC_00398	MER0015175	25.676	592	362	17	169	687	164	750	3.39e-47	175
MEFIDJNC_00398	MER0162857	29.683	347	214	7	366	687	405	746	3.01e-45	169
MEFIDJNC_00398	MER0011433	23.810	672	439	22	46	676	28	667	1.15e-37	146
MEFIDJNC_00398	MER0011432	23.838	667	445	20	46	676	28	667	2.93e-35	139
MEFIDJNC_00398	MER0024834	37.158	183	102	5	511	684	2	180	1.56e-33	124
MEFIDJNC_00398	MER0001054	21.324	680	463	20	43	687	19	661	2.71e-33	132
MEFIDJNC_00398	MER0011430	22.222	675	430	23	43	673	22	645	2.38e-31	127
MEFIDJNC_00398	MER0002990	27.083	336	225	9	363	687	321	647	5.58e-31	125
MEFIDJNC_00398	MER0011427	24.324	370	245	8	345	687	322	683	5.98e-30	122
MEFIDJNC_00398	MER0026946	29.502	261	159	7	431	687	15	254	5.93e-28	110
MEFIDJNC_00398	MER0002987	24.478	335	235	8	358	681	247	574	1.61e-26	111
MEFIDJNC_00398	MER0004761	26.625	323	226	6	363	676	329	649	7.22e-25	106
MEFIDJNC_00398	MER0004778	25.234	321	212	9	387	687	414	726	2.20e-24	105
MEFIDJNC_00398	MER0011355	25.287	348	223	12	367	687	329	666	4.20e-24	104
MEFIDJNC_00398	MER0002989	25.938	320	208	10	381	687	337	640	2.63e-21	95.5
MEFIDJNC_00398	MER0011429	27.500	320	195	13	378	676	347	650	8.77e-21	93.6
MEFIDJNC_00398	MER0002993	24.723	271	175	7	358	601	314	582	3.21e-20	92.0
MEFIDJNC_00398	MER0015181	21.646	328	243	7	363	681	318	640	1.33e-16	80.5
MEFIDJNC_00398	MER0011195	23.382	479	312	21	224	687	217	655	3.01e-15	76.3
MEFIDJNC_00398	MER0004763	26.577	222	150	4	387	598	204	422	4.07e-15	75.1
MEFIDJNC_00398	MER0002991	23.292	322	225	9	379	687	368	680	6.40e-13	68.6
MEFIDJNC_00398	MER0011151	24.516	155	96	4	481	629	187	326	2.08e-09	56.6
MEFIDJNC_00398	MER0011486	24.643	280	158	14	346	596	274	529	4.71e-09	56.2
MEFIDJNC_00398	MER0002999	34.286	70	44	1	478	545	447	516	1.03e-07	51.6
MEFIDJNC_00398	MER0011306	25.874	143	87	5	484	623	466	592	4.78e-07	49.7
MEFIDJNC_00466	MER0031570	23.622	254	150	10	128	364	11	237	6.07e-10	56.2
MEFIDJNC_00466	MER0034961	30.833	120	70	4	132	248	23	132	1.67e-08	52.4
MEFIDJNC_00466	MER0036044	25.660	265	161	12	112	364	46	286	3.44e-08	51.6
MEFIDJNC_00466	MER0036027	22.266	256	152	10	128	364	11	238	4.65e-08	50.8
MEFIDJNC_00466	MER0033220	31.677	161	85	7	105	252	1	149	1.60e-07	49.7
MEFIDJNC_00466	MER0033242	31.132	106	65	4	134	236	26	126	5.95e-07	47.8
MEFIDJNC_00466	MER0034665	25.424	236	152	11	143	371	33	251	1.35e-06	46.2
MEFIDJNC_00466	MER0033231	33.858	127	69	6	137	252	5	127	1.61e-06	43.9
MEFIDJNC_00466	MER0034959	28.169	142	88	5	116	254	7	137	1.82e-06	46.2
MEFIDJNC_00466	MER0043201	30.769	130	63	7	127	240	15	133	1.85e-06	46.2
MEFIDJNC_00466	MER0033224	26.068	234	136	9	127	326	13	243	2.71e-06	45.8
MEFIDJNC_00466	MER0034960	27.049	122	78	3	123	243	10	121	2.87e-06	45.4
MEFIDJNC_00466	MER0045469	28.472	144	85	7	109	244	3	136	4.25e-06	44.3
MEFIDJNC_00466	MER0033237	34.211	114	62	5	131	238	22	128	4.40e-06	45.1
MEFIDJNC_00466	MER0033212	32.653	147	83	6	127	260	14	157	4.63e-06	45.1
MEFIDJNC_00466	MER0033213	30.357	168	84	8	105	255	1	152	4.73e-06	45.1
MEFIDJNC_00466	MER0043147	26.000	200	118	6	142	337	9	182	4.77e-06	45.1
MEFIDJNC_00472	MER0026545	32.843	204	118	5	62	258	77	268	1.11e-30	112
MEFIDJNC_00472	MER0026552	40.237	169	85	4	85	251	8	162	3.05e-30	108
MEFIDJNC_00472	MER0026496	26.966	267	174	8	4	258	14	271	8.34e-25	97.1
MEFIDJNC_00472	MER0042387	29.851	201	114	6	62	257	2	180	4.44e-24	92.8
MEFIDJNC_00472	MER0031491	32.738	168	99	5	91	250	20	181	8.83e-21	84.3
MEFIDJNC_00472	MER0002639	24.691	162	109	4	93	251	16	167	3.98e-08	48.9
MEFIDJNC_00472	MER0002642	23.034	178	108	6	93	259	16	175	9.96e-08	47.8
MEFIDJNC_00498	MER0001505	29.592	98	56	2	15	99	19	116	3.05e-06	45.1
MEFIDJNC_00498	MER0013471	30.328	122	63	5	14	113	20	141	4.49e-06	44.7
MEFIDJNC_00518	MER0026213	26.667	120	80	3	57	170	142	259	4.49e-06	45.1
MEFIDJNC_00519	MER0001158	51.852	675	297	3	33	679	3	677	0.0	695
MEFIDJNC_00519	MER0001161	30.435	690	425	10	33	680	3	679	3.78e-106	334
MEFIDJNC_00519	MER0006087	28.977	704	436	14	28	679	7	698	1.43e-92	299
MEFIDJNC_00519	MER0015119	27.945	730	435	21	27	679	1	716	4.79e-79	263
MEFIDJNC_00519	MER0001149	28.527	638	412	15	75	680	52	677	1.79e-62	217
MEFIDJNC_00519	MER0001942	25.665	639	413	13	82	679	59	676	4.50e-51	185
MEFIDJNC_00519	MER0108144	25.926	648	419	19	79	679	29	662	2.64e-48	177
MEFIDJNC_00519	MER0003110	25.443	621	376	16	136	679	105	715	1.49e-46	172
MEFIDJNC_00519	MER0079465	28.388	546	337	18	175	679	102	634	6.05e-46	170
MEFIDJNC_00519	MER0001153	25.072	698	445	19	40	680	17	693	4.52e-45	168
MEFIDJNC_00519	MER0015170	23.906	594	393	15	113	677	65	628	1.24e-37	145
MEFIDJNC_00519	MER0001156	24.171	633	405	17	87	655	62	683	6.02e-36	141
MEFIDJNC_00519	MER0059435	34.177	79	51	1	429	507	458	535	6.33e-06	46.2
MEFIDJNC_00558	MER0045886	42.857	224	125	3	11	232	14	236	3.64e-52	174
MEFIDJNC_00558	MER0044889	33.607	244	149	5	1	233	1	242	5.50e-40	142
MEFIDJNC_00558	MER0038086	31.330	233	144	5	3	219	20	252	1.24e-31	119
MEFIDJNC_00558	MER0436735	28.846	260	148	6	10	232	3	262	1.88e-30	116
MEFIDJNC_00558	MER0042974	33.503	197	118	5	18	204	1	194	1.09e-27	106
MEFIDJNC_00558	MER0043387	32.584	178	116	3	26	201	1	176	1.00e-22	92.4
MEFIDJNC_00558	MER0043537	32.065	184	116	4	11	189	2	181	6.91e-21	87.4
MEFIDJNC_00558	MER0043392	28.662	157	103	5	41	190	4	158	1.27e-07	48.5
MEFIDJNC_00558	MER0043394	32.258	124	69	6	77	192	48	164	1.32e-07	48.5
MEFIDJNC_00558	MER0045094	27.966	118	82	2	75	190	82	198	3.71e-06	45.1
MEFIDJNC_00558	MER0044622	28.571	154	95	5	45	190	68	214	6.53e-06	44.7
MEFIDJNC_00599	MER0015473	31.788	151	74	5	44	172	37	180	2.44e-10	55.1
MEFIDJNC_00599	MER0048181	32.639	144	76	5	44	168	1	142	4.20e-10	53.1
MEFIDJNC_00599	MER0015462	36.364	88	51	3	31	117	36	119	6.13e-10	53.5
MEFIDJNC_00599	MER0035036	34.815	135	77	6	47	173	91	222	5.82e-08	48.5
MEFIDJNC_00599	MER0017194	30.476	105	72	1	24	128	44	147	4.01e-07	45.8
MEFIDJNC_00599	MER0047976	28.472	144	94	3	43	183	12	149	4.40e-07	45.4
MEFIDJNC_00599	MER0030047	33.333	135	79	5	47	173	1	132	5.21e-07	44.3
MEFIDJNC_00599	MER0015472	28.859	149	90	6	38	173	35	180	3.52e-06	42.7
MEFIDJNC_00599	MER0017405	25.517	145	98	5	39	183	41	175	7.54e-06	42.0
MEFIDJNC_00613	MER0034615	63.968	247	88	1	382	628	1	246	5.97e-120	353
MEFIDJNC_00613	MER0000263	41.057	246	135	5	387	628	2	241	5.13e-59	195
MEFIDJNC_00613	MER0016096	36.735	245	150	3	387	628	2	244	7.29e-53	178
MEFIDJNC_00613	MER0011583	31.452	248	156	8	389	631	10	248	3.90e-28	110
MEFIDJNC_00613	MER0000408	26.531	245	166	5	391	624	11	252	2.19e-22	94.0
MEFIDJNC_00613	MER0017401	27.064	218	148	5	395	610	10	218	5.91e-21	89.4
MEFIDJNC_00613	MER0140224	26.549	226	158	4	406	626	14	236	1.99e-18	82.0
MEFIDJNC_00613	MER0058228	28.448	232	144	7	387	610	3	220	1.39e-17	79.7
MEFIDJNC_00613	MER0001920	26.389	216	155	2	406	619	21	234	1.94e-17	79.3
MEFIDJNC_00613	MER0001423	27.706	231	145	6	390	613	1	216	1.46e-16	76.3
MEFIDJNC_00613	MER0005196	25.581	258	167	6	374	622	4	245	2.72e-16	75.9
MEFIDJNC_00613	MER0003558	25.926	243	162	5	376	610	7	239	8.36e-16	74.7
MEFIDJNC_00613	MER0011413	28.175	252	159	8	388	630	1	239	2.34e-15	72.8
MEFIDJNC_00613	MER0005807	24.800	250	173	6	379	626	39	275	5.26e-14	69.7
MEFIDJNC_00613	MER0000403	25.551	227	152	8	391	611	25	240	3.46e-13	67.0
MEFIDJNC_00613	MER0000401	26.244	221	154	2	391	610	26	238	1.56e-12	65.1
MEFIDJNC_00613	MER0005987	24.793	242	168	5	374	610	9	241	1.59e-12	65.1
MEFIDJNC_00613	MER0004921	25.000	228	158	7	388	612	1	218	4.67e-12	63.2
MEFIDJNC_00613	MER0013484	26.122	245	161	9	394	630	7	239	6.41e-12	62.8
MEFIDJNC_00613	MER0195666	25.103	243	169	7	391	627	1	236	7.69e-12	62.8
MEFIDJNC_00613	MER0004923	25.632	277	175	13	370	630	29	290	8.13e-12	63.2
MEFIDJNC_00613	MER0000399	25.000	236	164	4	379	610	11	237	1.16e-11	62.4
MEFIDJNC_00613	MER0018170	23.413	252	180	5	388	630	5	252	1.89e-11	61.6
MEFIDJNC_00613	MER0011305	26.778	239	160	7	379	612	8	236	9.03e-11	59.7
MEFIDJNC_00613	MER0015682	24.803	254	165	8	384	626	66	304	1.16e-10	60.1
MEFIDJNC_00613	MER0030932	27.273	187	109	4	402	581	29	195	1.71e-09	55.8
MEFIDJNC_00613	MER0003361	22.951	244	167	8	380	617	6	234	4.81e-09	54.3
MEFIDJNC_00613	MER0000404	24.138	261	174	12	383	633	18	264	7.09e-08	50.8
MEFIDJNC_00613	MER0004504	30.909	110	66	3	394	496	2	108	7.89e-08	50.4
MEFIDJNC_00613	MER0126485	22.374	219	148	6	400	610	11	215	1.46e-07	49.7
MEFIDJNC_00613	MER0000405	22.868	258	172	11	387	633	28	269	1.94e-07	49.7
MEFIDJNC_00613	MER0192427	27.465	142	94	4	380	517	55	191	6.85e-07	48.1
MEFIDJNC_00613	MER0017246	21.774	248	147	7	379	610	59	275	3.47e-06	46.2
MEFIDJNC_00613	MER0005994	22.689	238	167	6	379	610	15	241	4.52e-06	45.4
MEFIDJNC_00625	MER0001233	34.583	240	152	1	50	284	2	241	1.09e-45	161
MEFIDJNC_00625	MER0014333	32.701	211	130	3	50	251	2	209	7.81e-32	121
MEFIDJNC_00625	MER0002008	31.429	245	137	6	50	279	2	230	8.37e-26	103
MEFIDJNC_00625	MER0003448	29.907	214	133	5	50	256	2	205	6.13e-17	77.8
MEFIDJNC_00625	MER0004423	33.140	172	98	5	86	252	32	191	1.44e-14	70.9
MEFIDJNC_00625	MER0195774	30.270	185	113	8	50	227	1	176	5.78e-14	68.2
MEFIDJNC_00625	MER0001229	28.037	214	133	7	50	254	2	203	2.63e-12	63.9
MEFIDJNC_00625	MER0043985	28.037	214	133	7	50	254	2	203	5.77e-12	63.5
MEFIDJNC_00625	MER0003543	25.238	210	139	6	50	252	2	200	2.15e-11	61.6
MEFIDJNC_00625	MER0015090	25.837	209	133	6	77	274	27	224	2.90e-11	61.2
MEFIDJNC_00625	MER0001220	25.126	199	131	4	72	258	5	197	1.00e-10	59.3
MEFIDJNC_00625	MER0003909	24.889	225	145	6	85	292	4	221	4.08e-10	60.1
MEFIDJNC_00625	MER0390687	24.855	173	118	6	58	225	1	166	9.00e-10	55.5
MEFIDJNC_00625	MER0002283	26.804	194	113	7	50	226	26	207	1.06e-09	56.2
MEFIDJNC_00625	MER0011096	26.446	121	83	2	57	177	32	146	4.47e-09	54.3
MEFIDJNC_00625	MER0011744	25.620	121	84	2	57	177	32	146	2.29e-08	52.4
MEFIDJNC_00625	MER0001222	23.118	186	127	5	50	226	26	204	5.23e-08	51.2
MEFIDJNC_00625	MER0001218	25.758	132	84	4	54	177	21	146	8.03e-08	50.8
MEFIDJNC_00625	MER0092828	27.211	147	94	5	50	196	2	135	3.86e-07	47.8
MEFIDJNC_00625	MER0035181	21.461	219	117	6	74	247	16	224	4.86e-07	48.9
MEFIDJNC_00625	MER0122186	27.132	129	85	4	50	177	22	142	4.87e-07	48.1
MEFIDJNC_00625	MER0169735	25.743	202	111	10	51	226	8	196	9.27e-07	47.4
MEFIDJNC_00625	MER0011292	28.846	104	63	3	43	145	46	139	1.40e-06	47.4
MEFIDJNC_00625	MER0026957	30.476	105	60	4	76	177	22	116	1.50e-06	47.0
MEFIDJNC_00625	MER0021876	27.528	178	116	5	77	248	26	196	2.32e-06	46.2
MEFIDJNC_00625	MER0015259	27.869	122	78	4	57	177	34	146	3.08e-06	45.8
MEFIDJNC_00625	MER0142407	24.022	179	115	7	85	247	2	175	3.54e-06	46.6
MEFIDJNC_00625	MER0002423	25.641	195	114	8	50	226	26	207	4.76e-06	45.4
MEFIDJNC_00631	MER0003807	41.935	93	50	3	132	221	1	92	2.78e-14	64.7
MEFIDJNC_00631	MER0003986	36.559	93	55	4	132	221	1	92	4.35e-13	61.2
MEFIDJNC_00631	MER0001322	35.922	103	57	3	132	231	1	97	8.00e-13	60.8
MEFIDJNC_00631	MER0014188	34.066	91	54	3	132	221	1	86	2.65e-11	56.2
MEFIDJNC_00631	MER0024252	36.207	116	64	4	144	253	14	125	2.15e-10	54.3
MEFIDJNC_00631	MER0004035	35.294	85	52	3	138	221	4	86	1.87e-09	51.2
MEFIDJNC_00631	MER0002443	36.585	82	49	3	142	221	11	91	3.65e-09	50.4
MEFIDJNC_00631	MER0003808	28.261	92	59	2	132	221	1	87	2.48e-07	45.4
MEFIDJNC_00631	MER0003805	29.670	91	59	2	132	221	1	87	4.97e-07	44.3
MEFIDJNC_00631	MER0376722	28.261	92	59	2	132	221	1	87	5.62e-07	43.9
MEFIDJNC_00631	MER0377450	29.670	91	59	2	132	221	1	87	1.17e-06	42.7
MEFIDJNC_00631	MER0377310	25.962	104	69	3	132	232	1	99	2.27e-06	42.4
MEFIDJNC_00631	MER0377307	25.962	104	69	3	132	232	1	99	2.27e-06	42.4
MEFIDJNC_00631	MER0002450	26.087	92	61	2	132	221	1	87	2.38e-06	42.4
MEFIDJNC_00634	MER0000589	50.000	54	27	0	417	470	179	232	5.34e-13	65.9
MEFIDJNC_00634	MER0000589	28.099	121	43	3	137	257	1	77	1.08e-07	50.1
MEFIDJNC_00634	MER0013626	37.736	53	33	0	419	471	98	150	5.56e-09	52.0
MEFIDJNC_00634	MER0015994	28.448	116	46	2	388	467	46	160	1.16e-06	45.4
MEFIDJNC_00681	MER0039993	38.665	719	396	16	24	720	1	696	4.87e-159	473
MEFIDJNC_00681	MER0014366	36.402	717	418	11	17	720	21	712	2.33e-145	438
MEFIDJNC_00681	MER0217397	36.533	698	401	16	42	720	5	679	1.91e-129	396
MEFIDJNC_00681	MER0501051	40.078	257	145	6	22	274	2	253	1.34e-51	181
MEFIDJNC_00681	MER0501051	40.260	154	84	4	568	717	248	397	1.17e-26	109
MEFIDJNC_00720	MER0095620	40.169	356	196	7	47	387	3	356	2.62e-90	273
MEFIDJNC_00720	MER0000728	21.891	402	255	15	26	390	39	418	7.61e-09	53.9
MEFIDJNC_00720	MER0003534	21.707	410	247	12	26	388	37	419	1.05e-08	53.5
MEFIDJNC_00720	MER0002481	22.249	418	256	19	21	389	36	433	6.91e-08	50.8
MEFIDJNC_00720	MER0000727	19.949	396	256	11	38	389	52	430	1.56e-07	49.7
MEFIDJNC_00720	MER0002628	22.977	383	224	13	44	380	55	412	1.74e-06	46.6
MEFIDJNC_00720	MER0003535	20.930	387	238	10	44	386	55	417	3.05e-06	45.8
MEFIDJNC_00720	MER0001552	27.465	142	86	6	249	385	134	263	8.84e-06	43.5
MEFIDJNC_00725	MER0003380	34.545	165	69	9	14	175	104	232	1.88e-09	55.5
MEFIDJNC_00725	MER0013541	34.343	99	41	2	66	164	11	85	2.31e-08	48.5
MEFIDJNC_00725	MER0069741	30.894	123	57	4	53	175	69	163	6.87e-08	49.7
MEFIDJNC_00725	MER0015415	27.103	107	55	2	59	165	67	150	4.87e-07	47.0
MEFIDJNC_00797	MER0056525	53.448	232	106	2	405	635	1	231	7.63e-83	258
MEFIDJNC_00797	MER0005496	49.784	231	116	0	405	635	1	231	2.55e-79	250
MEFIDJNC_00797	MER0011748	51.515	231	110	2	405	634	1	230	6.37e-77	244
MEFIDJNC_00797	MER0015609	49.784	231	112	2	405	634	1	228	4.55e-76	241
MEFIDJNC_00797	MER0023544	47.598	229	120	0	405	633	1	229	7.10e-75	238
MEFIDJNC_00797	MER0011224	46.753	231	123	0	405	635	1	231	2.15e-74	237
MEFIDJNC_00797	MER0015195	48.261	230	117	2	405	633	1	229	1.21e-72	233
MEFIDJNC_00797	MER0002605	45.106	235	126	2	405	638	1	233	4.73e-68	220
MEFIDJNC_00797	MER0015194	44.309	246	131	3	406	648	2	244	4.32e-67	218
MEFIDJNC_00797	MER0002600	43.515	239	133	2	405	642	1	238	9.72e-67	216
MEFIDJNC_00797	MER0171760	41.948	267	149	3	370	633	1	264	2.39e-65	213
MEFIDJNC_00797	MER0014306	41.126	231	136	0	405	635	1	231	2.85e-62	205
MEFIDJNC_00797	MER0024898	41.558	231	133	2	405	633	1	231	5.58e-59	196
MEFIDJNC_00797	MER0004454	42.731	227	128	2	405	629	1	227	3.96e-58	194
MEFIDJNC_00797	MER0002602	39.669	242	134	3	406	635	2	243	3.70e-53	180
MEFIDJNC_00797	MER0015199	40.833	240	124	3	405	632	1	234	1.46e-52	179
MEFIDJNC_00797	MER0005466	37.931	232	137	3	406	630	2	233	2.47e-52	177
MEFIDJNC_00797	MER0001620	37.500	240	142	3	405	636	1	240	7.46e-47	164
MEFIDJNC_00797	MER0002563	36.752	234	137	3	406	628	2	235	7.59e-47	162
MEFIDJNC_00797	MER0015197	38.426	216	125	4	417	627	13	225	1.50e-45	159
MEFIDJNC_00797	MER0017637	37.179	234	136	3	406	628	2	235	1.52e-44	156
MEFIDJNC_00797	MER0002408	37.607	234	136	5	405	630	1	232	1.73e-44	156
MEFIDJNC_00797	MER0015193	39.485	233	130	6	405	628	1	231	8.62e-44	154
MEFIDJNC_00797	MER0011745	35.776	232	139	6	405	628	1	230	5.26e-42	150
MEFIDJNC_00797	MER0015137	35.043	234	142	6	405	630	1	232	1.87e-41	148
MEFIDJNC_00797	MER0002608	38.397	237	139	5	406	636	2	237	1.55e-39	143
MEFIDJNC_00797	MER0014324	37.445	227	129	4	405	628	1	217	4.84e-38	138
MEFIDJNC_00797	MER0190577	33.478	230	140	4	405	631	1	220	8.98e-38	137
MEFIDJNC_00797	MER0005755	34.483	232	141	3	406	634	2	225	1.61e-36	133
MEFIDJNC_00797	MER0002197	34.052	232	143	3	405	633	1	225	4.16e-36	133
MEFIDJNC_00797	MER0190705	33.478	230	143	3	406	633	1	222	7.29e-35	129
MEFIDJNC_00797	MER0015690	36.937	222	127	6	405	613	1	222	2.15e-34	129
MEFIDJNC_00797	MER0011120	36.697	218	125	6	405	609	1	218	2.99e-31	119
MEFIDJNC_00797	MER0024900	31.390	223	143	4	406	625	2	217	1.08e-30	117
MEFIDJNC_00797	MER0001246	30.387	181	115	3	416	593	1	173	1.25e-22	92.4
MEFIDJNC_00797	MER0015204	27.236	246	147	7	406	619	2	247	7.48e-20	87.4
MEFIDJNC_00832	MER0001421	54.293	396	177	4	14	407	2	395	9.45e-150	427
MEFIDJNC_00832	MER0028941	28.710	411	242	11	3	406	1	367	1.12e-33	126
MEFIDJNC_00832	MER0369336	29.021	286	191	7	127	406	36	315	1.62e-25	102
MEFIDJNC_00913	MER0001297	46.452	155	81	2	214	368	3	155	1.16e-40	142
MEFIDJNC_00913	MER0003514	49.351	154	76	2	215	368	4	155	5.12e-39	137
MEFIDJNC_00913	MER0001425	43.312	157	85	1	215	367	4	160	4.16e-36	129
MEFIDJNC_00913	MER0003413	41.935	155	87	2	215	368	4	156	7.37e-36	129
MEFIDJNC_00913	MER0004196	43.396	159	86	3	212	368	1	157	4.80e-34	124
MEFIDJNC_00913	MER0005714	39.375	160	90	1	216	368	5	164	2.03e-33	122
MEFIDJNC_00913	MER0003065	40.909	154	89	1	215	368	4	155	4.23e-32	118
MEFIDJNC_00913	MER0015684	39.865	148	89	0	214	361	3	150	1.68e-30	114
MEFIDJNC_00913	MER0004195	38.217	157	92	2	214	368	3	156	1.25e-28	108
MEFIDJNC_00913	MER0001295	34.524	168	97	3	213	368	2	168	8.85e-22	89.7
MEFIDJNC_00946	MER0036053	24.848	165	109	4	28	188	2	155	1.01e-10	57.8
MEFIDJNC_00946	MER0036054	37.255	102	53	6	35	129	17	114	1.61e-09	54.3
MEFIDJNC_00946	MER0031619	23.364	107	77	2	30	132	24	129	1.43e-07	48.5
MEFIDJNC_00946	MER0036084	23.729	118	85	1	20	132	5	122	4.70e-07	46.6
MEFIDJNC_00946	MER0044633	35.455	110	61	5	35	136	74	181	5.13e-07	47.0
MEFIDJNC_00946	MER0036074	22.549	204	105	5	35	205	92	275	5.67e-07	47.0
MEFIDJNC_00946	MER0036057	30.392	102	69	2	35	134	63	164	1.06e-06	45.8
MEFIDJNC_00946	MER0017033	28.283	99	69	2	35	131	65	163	2.10e-06	45.1
MEFIDJNC_00946	MER0036068	21.659	217	149	9	23	224	39	249	5.27e-06	43.9
MEFIDJNC_00946	MER0017142	27.358	106	73	1	29	134	9	110	5.97e-06	43.1
MEFIDJNC_00946	MER0043008	23.478	115	81	3	24	132	11	124	7.64e-06	43.1
MEFIDJNC_00946	MER0031616	25.455	110	75	2	33	135	38	147	8.27e-06	43.1
MEFIDJNC_00986	MER0004090	30.653	398	219	15	581	949	1	370	2.23e-33	130
MEFIDJNC_00986	MER0035017	23.571	420	258	14	589	968	1	397	4.74e-26	108
MEFIDJNC_00986	MER0003800	26.854	391	238	13	579	945	6	372	9.89e-22	95.9
MEFIDJNC_00986	MER0006204	25.000	116	82	3	590	701	6	120	2.70e-07	50.8
MEFIDJNC_00986	MER0026262	21.053	285	180	11	590	864	2	251	2.72e-06	47.4
MEFIDJNC_01078	MER0026496	30.319	188	112	6	72	240	77	264	4.02e-17	75.9
MEFIDJNC_01078	MER0042387	24.204	157	114	2	95	246	24	180	3.00e-16	72.0
MEFIDJNC_01078	MER0026552	27.922	154	104	2	92	242	15	164	1.54e-14	67.0
MEFIDJNC_01078	MER0031491	23.204	181	118	5	73	236	2	178	3.31e-14	66.2
MEFIDJNC_01078	MER0002639	26.786	168	107	6	83	240	6	167	6.66e-10	53.9
MEFIDJNC_01078	MER0002642	23.497	183	110	7	83	248	6	175	7.49e-08	48.1
MEFIDJNC_01078	MER0026545	25.234	107	75	2	102	205	117	221	1.81e-06	45.1
MEFIDJNC_01078	MER0006292	30.120	83	50	4	73	153	1	77	4.50e-06	43.1
MEFIDJNC_01081	MER0000410	62.676	284	104	1	1074	1357	1	282	1.15e-122	379
MEFIDJNC_01081	MER0011872	41.948	267	152	2	1091	1354	16	282	1.16e-69	232
MEFIDJNC_01081	MER0082498	44.030	268	128	6	1106	1351	16	283	4.75e-66	222
MEFIDJNC_01081	MER0005694	35.294	272	164	3	1088	1354	13	277	7.83e-50	175
MEFIDJNC_01081	MER0079308	34.091	264	167	5	1091	1351	6	265	3.31e-47	167
MEFIDJNC_01081	MER0015621	30.872	298	184	6	1074	1354	1	293	3.61e-45	162
MEFIDJNC_01081	MER0000392	30.545	275	178	4	1087	1351	2	273	2.92e-44	159
MEFIDJNC_01081	MER0004227	37.156	218	136	1	1097	1313	28	245	4.90e-42	153
MEFIDJNC_01081	MER0002490	29.126	309	183	8	1074	1354	1	301	7.94e-41	150
MEFIDJNC_01081	MER0082653	36.400	250	138	8	1102	1331	16	264	1.40e-40	148
MEFIDJNC_01081	MER0981959	29.787	282	177	5	1087	1351	1	278	3.45e-38	141
MEFIDJNC_01081	MER0022823	30.657	274	180	7	1088	1354	3	273	4.81e-38	141
MEFIDJNC_01081	MER0011450	30.620	258	163	6	1088	1334	3	255	9.40e-36	134
MEFIDJNC_01081	MER0325901	29.104	268	184	5	1088	1351	1	266	2.95e-33	127
MEFIDJNC_01081	MER0003229	30.258	271	175	6	1088	1354	11	271	4.96e-32	123
MEFIDJNC_01081	MER0000398	30.116	259	165	6	1096	1353	8	251	3.58e-29	114
MEFIDJNC_01105	MER0003327	44.037	218	115	6	2	216	1	214	4.57e-55	184
MEFIDJNC_01105	MER0012158	33.828	337	151	10	2	266	1	337	2.88e-50	174
MEFIDJNC_01105	MER0185695	37.838	222	130	4	2	216	1	221	2.32e-44	154
MEFIDJNC_01105	MER0003350	37.864	206	104	6	2	183	1	206	1.43e-37	135
MEFIDJNC_01105	MER0003322	36.408	206	104	5	2	180	1	206	8.87e-33	122
MEFIDJNC_01105	MER0011781	28.108	185	127	3	2	183	1	182	1.35e-11	61.6
MEFIDJNC_01105	MER0011806	24.731	186	133	3	2	183	1	183	5.99e-11	59.7
MEFIDJNC_01105	MER0003314	25.126	199	131	6	2	183	1	198	6.35e-11	60.1
MEFIDJNC_01105	MER0004101	26.344	186	130	4	2	183	1	183	2.31e-10	58.2
MEFIDJNC_01112	MER0002746	31.915	235	136	7	259	475	2	230	1.45e-28	111
MEFIDJNC_01112	MER0019759	31.797	217	130	4	271	475	19	229	3.00e-28	110
MEFIDJNC_01112	MER0011440	33.663	202	127	4	272	466	19	220	6.84e-26	103
MEFIDJNC_01112	MER0011183	28.899	218	136	4	271	475	11	222	9.12e-26	103
MEFIDJNC_01112	MER0002968	31.000	200	122	3	272	460	25	219	2.79e-25	101
MEFIDJNC_01112	MER0001009	32.768	177	104	4	331	498	20	190	5.79e-25	100
MEFIDJNC_01112	MER0001010	30.047	213	120	5	274	468	1	202	6.76e-25	100
MEFIDJNC_01112	MER0005045	34.359	195	110	5	274	456	10	198	9.30e-25	99.8
MEFIDJNC_01112	MER0002060	32.663	199	116	5	270	456	23	215	4.36e-24	98.2
MEFIDJNC_01112	MER0011438	35.417	192	95	6	272	445	19	199	4.51e-24	98.2
MEFIDJNC_01112	MER0001003	35.912	181	103	3	279	449	1	178	9.86e-24	96.3
MEFIDJNC_01112	MER0000997	33.503	197	105	5	270	448	21	209	1.65e-23	96.7
MEFIDJNC_01112	MER0005331	35.079	191	100	6	273	448	21	202	1.85e-23	96.3
MEFIDJNC_01112	MER0011369	32.642	193	111	5	273	452	35	221	8.91e-23	94.7
MEFIDJNC_01112	MER0004243	32.995	197	106	6	270	448	20	208	1.11e-22	94.4
MEFIDJNC_01112	MER0091680	32.673	202	129	3	276	471	15	215	1.29e-22	94.0
MEFIDJNC_01112	MER0005046	32.143	196	113	4	274	456	10	198	1.50e-22	93.2
MEFIDJNC_01112	MER0002003	32.536	209	101	7	272	456	25	217	2.20e-22	93.6
MEFIDJNC_01112	MER0001185	31.016	187	124	2	270	451	24	210	1.13e-21	91.3
MEFIDJNC_01112	MER0002078	27.803	223	134	5	270	475	18	230	1.73e-21	91.3
MEFIDJNC_01112	MER0001005	34.940	166	100	5	292	449	5	170	2.19e-21	89.4
MEFIDJNC_01112	MER0001012	29.612	206	138	4	250	448	3	208	2.76e-21	90.1
MEFIDJNC_01112	MER0006264	30.481	187	100	5	281	449	1	175	9.83e-21	87.4
MEFIDJNC_01112	MER0028449	32.323	198	115	6	274	456	28	221	5.92e-20	86.7
MEFIDJNC_01112	MER0011371	30.526	190	117	5	273	451	21	206	4.17e-19	83.6
MEFIDJNC_01112	MER0168983	31.613	155	94	3	285	439	3	145	5.76e-19	82.0
MEFIDJNC_01112	MER0011370	29.444	180	120	3	276	448	23	202	3.87e-18	80.9
MEFIDJNC_01112	MER0002422	32.308	195	105	7	269	448	16	198	9.35e-18	79.7
MEFIDJNC_01112	MER0016308	32.240	183	105	5	279	449	1	176	1.55e-17	78.2
MEFIDJNC_01112	MER0011423	31.980	197	120	4	272	456	20	214	3.40e-17	78.2
MEFIDJNC_01112	MER0168177	37.815	119	70	4	331	449	42	156	5.20e-17	76.3
MEFIDJNC_01112	MER0001701	28.241	216	134	6	270	469	6	216	8.37e-17	77.4
MEFIDJNC_01112	MER0011720	33.152	184	108	8	277	456	30	202	2.83e-16	75.5
MEFIDJNC_01112	MER0052595	29.146	199	126	5	270	456	25	220	4.31e-16	75.1
MEFIDJNC_01112	MER0002355	30.808	198	120	8	277	466	30	218	7.61e-15	71.6
MEFIDJNC_01112	MER0002210	29.375	160	95	4	297	443	2	156	2.01e-14	68.6
MEFIDJNC_01112	MER0015166	31.844	179	107	6	285	448	45	223	5.89e-14	68.9
MEFIDJNC_01112	MER0003500	28.934	197	114	7	281	462	18	203	7.46e-14	68.2
MEFIDJNC_01112	MER0011400	29.592	196	119	6	283	464	29	219	5.49e-13	66.2
MEFIDJNC_01112	MER0019096	29.605	152	90	5	330	477	59	197	5.70e-13	65.5
MEFIDJNC_01112	MER0011345	26.601	203	133	5	267	460	26	221	6.20e-13	66.2
MEFIDJNC_01112	MER0116688	29.648	199	113	6	281	462	29	217	7.70e-13	65.9
MEFIDJNC_01112	MER0036308	30.000	200	128	5	254	448	11	203	2.23e-12	64.7
MEFIDJNC_01112	MER0003916	27.660	188	120	5	272	450	8	188	3.88e-12	63.2
MEFIDJNC_01112	MER0011175	27.000	200	109	5	272	449	19	203	5.04e-12	63.2
MEFIDJNC_01112	MER0019754	26.108	203	121	6	273	456	3	195	4.11e-11	60.1
MEFIDJNC_01112	MER0011401	32.331	133	59	4	331	444	75	195	4.32e-11	60.1
MEFIDJNC_01112	MER0001001	25.698	179	118	4	279	447	27	200	4.42e-11	60.1
MEFIDJNC_01112	MER0011399	23.383	201	136	4	269	458	17	210	6.05e-11	60.1
MEFIDJNC_01112	MER0001017	28.421	190	120	5	271	450	29	212	7.86e-11	60.1
MEFIDJNC_01112	MER0005328	29.834	181	105	7	278	445	25	196	1.14e-10	58.9
MEFIDJNC_01112	MER0171631	29.231	195	112	7	270	449	17	200	2.69e-10	57.8
MEFIDJNC_01112	MER0040779	24.684	158	107	3	295	449	42	190	2.87e-10	57.4
MEFIDJNC_01112	MER0026830	32.653	98	64	1	269	364	19	116	3.42e-10	57.0
MEFIDJNC_01112	MER0001013	26.943	193	127	5	254	439	14	199	5.30e-10	57.8
MEFIDJNC_01112	MER0012283	26.842	190	123	6	267	448	26	207	2.70e-09	55.1
MEFIDJNC_01112	MER0002281	27.933	179	113	4	267	436	26	197	7.63e-09	54.3
MEFIDJNC_01112	MER0002658	30.075	133	83	3	334	457	1	132	2.77e-08	50.8
MEFIDJNC_01112	MER0002755	29.126	103	66	2	263	364	11	107	4.01e-08	51.2
MEFIDJNC_01112	MER0012271	23.301	206	127	5	254	444	13	202	9.27e-08	50.8
MEFIDJNC_01112	MER0005037	24.859	177	124	4	274	443	10	184	1.26e-07	49.7
MEFIDJNC_01112	MER0001525	27.273	176	109	6	281	439	36	209	3.31e-06	45.8
MEFIDJNC_01169	MER0028004	34.317	271	144	10	33	288	9	260	5.80e-41	144
MEFIDJNC_01169	MER0199417	40.639	219	104	9	22	236	3	199	1.14e-39	137
MEFIDJNC_01169	MER0039929	36.279	215	113	7	23	234	1	194	2.37e-35	125
MEFIDJNC_01169	MER0030326	23.704	270	181	10	25	281	1	258	1.78e-19	84.0
MEFIDJNC_01169	MER1152299	39.216	51	31	0	172	222	49	99	6.82e-08	48.9
MEFIDJNC_01172	MER0001723	23.318	223	105	7	300	503	31	206	7.61e-06	44.3
MEFIDJNC_01214	MER0042827	54.167	96	44	0	984	1079	1	96	8.27e-29	108
MEFIDJNC_01222	MER0001161	36.458	672	418	4	4	666	7	678	3.25e-152	453
MEFIDJNC_01222	MER0001158	36.215	671	418	5	5	668	12	679	9.08e-142	426
MEFIDJNC_01222	MER0006087	36.154	650	382	14	44	666	55	698	1.13e-129	396
MEFIDJNC_01222	MER0015119	33.755	711	413	16	6	666	14	716	7.25e-124	381
MEFIDJNC_01222	MER0001149	32.125	607	382	10	76	669	90	679	1.44e-96	309
MEFIDJNC_01222	MER0003110	29.477	726	435	19	2	666	6	715	1.84e-93	301
MEFIDJNC_01222	MER0108144	29.027	658	434	11	29	666	18	662	6.42e-91	293
MEFIDJNC_01222	MER0001942	30.236	635	415	8	45	667	59	677	9.03e-87	283
MEFIDJNC_01222	MER0001153	28.446	682	455	13	8	666	21	692	1.17e-79	264
MEFIDJNC_01222	MER0079465	28.043	649	422	19	45	665	2	633	4.94e-66	226
MEFIDJNC_01222	MER0015170	26.149	631	413	16	45	661	34	625	4.61e-60	209
MEFIDJNC_01222	MER0001156	23.830	684	454	19	1	639	19	680	1.56e-41	158
MEFIDJNC_01222	MER0021317	37.879	66	41	0	429	494	22	87	8.21e-10	53.1
MEFIDJNC_01222	MER0059435	36.923	65	41	0	430	494	470	534	8.40e-06	45.8
MEFIDJNC_01239	MER0001299	38.330	467	271	7	81	535	50	511	1.19e-82	266
MEFIDJNC_01239	MER0011114	32.558	430	223	8	93	518	2	368	7.93e-56	190
MEFIDJNC_01239	MER0003812	41.711	187	107	1	338	522	1	187	1.54e-40	143
MEFIDJNC_01239	MER0003812	27.322	183	124	4	90	268	1	178	1.81e-12	63.5
MEFIDJNC_01239	MER0321345	42.222	180	102	1	338	515	1	180	6.57e-40	140
MEFIDJNC_01239	MER0321345	26.776	183	125	4	90	268	1	178	2.09e-11	60.1
MEFIDJNC_01239	MER0013957	34.409	186	122	0	338	523	1	186	1.82e-28	109
MEFIDJNC_01239	MER0013957	29.496	139	89	4	145	280	56	188	1.19e-10	58.2
MEFIDJNC_01239	MER0001300	30.539	167	113	2	350	515	9	173	1.15e-19	84.0
MEFIDJNC_01239	MER0044046	29.775	178	124	1	338	515	1	177	1.91e-17	77.8
MEFIDJNC_01239	MER0001303	22.472	178	137	1	338	515	1	177	4.51e-07	47.4
MEFIDJNC_01263	MER0019096	28.333	180	104	5	321	494	38	198	3.02e-13	65.9
MEFIDJNC_01263	MER0036308	27.041	196	120	6	294	474	26	213	4.61e-12	63.2
MEFIDJNC_01263	MER0005328	28.652	178	101	7	305	463	28	198	1.45e-10	58.2
MEFIDJNC_01263	MER0019759	26.442	208	122	8	297	481	20	219	1.91e-10	58.2
MEFIDJNC_01263	MER0011345	28.108	185	110	8	305	472	39	217	3.52e-10	57.8
MEFIDJNC_01263	MER0002003	24.227	194	130	6	296	472	24	217	5.95e-10	56.6
MEFIDJNC_01263	MER0012283	24.865	185	116	6	305	473	39	216	1.05e-08	52.8
MEFIDJNC_01263	MER0002755	27.222	180	106	7	305	466	29	201	2.44e-08	51.6
MEFIDJNC_01263	MER0011440	23.077	195	128	7	297	472	19	210	4.45e-08	50.8
MEFIDJNC_01263	MER0001013	27.179	195	115	8	295	472	33	217	7.76e-08	50.4
MEFIDJNC_01263	MER0002746	24.537	216	131	8	300	493	27	232	2.49e-07	48.9
MEFIDJNC_01263	MER0001003	26.897	145	87	5	338	471	48	184	5.28e-07	47.4
MEFIDJNC_01263	MER0091680	24.375	160	107	6	339	491	67	219	5.98e-07	47.8
MEFIDJNC_01263	MER0011370	24.658	146	87	2	339	472	76	210	1.08e-06	46.6
MEFIDJNC_01263	MER0002281	25.128	195	121	8	290	466	25	212	1.20e-06	47.0
MEFIDJNC_01263	MER0002968	23.881	134	86	3	347	472	90	215	2.21e-06	45.8
MEFIDJNC_01263	MER0168177	24.638	138	89	3	342	475	40	166	4.53e-06	44.3
MEFIDJNC_01263	MER0002078	23.529	221	133	9	296	492	19	227	4.56e-06	45.1
MEFIDJNC_01263	MER0011183	23.267	202	127	7	300	481	19	212	5.44e-06	44.7
MEFIDJNC_01263	MER0001010	24.823	141	95	4	347	481	64	199	6.96e-06	44.3
MEFIDJNC_01263	MER0016308	26.389	144	87	5	338	471	48	182	7.65e-06	43.9
MEFIDJNC_01263	MER0003916	26.984	126	88	2	347	472	73	194	9.86e-06	43.5
MEFIDJNC_01270	MER0003105	43.023	258	141	4	295	548	1	256	9.24e-64	207
MEFIDJNC_01270	MER0004321	43.243	259	141	3	295	548	1	258	2.59e-60	198
MEFIDJNC_01270	MER0016544	40.714	280	139	6	295	548	1	279	3.90e-57	190
MEFIDJNC_01270	MER0016542	40.288	278	140	5	297	548	3	280	6.55e-56	187
MEFIDJNC_01270	MER0014518	41.245	257	144	5	297	547	3	258	5.83e-51	173
MEFIDJNC_01270	MER0002039	39.764	254	151	1	295	548	1	252	5.17e-48	165
MEFIDJNC_01270	MER0027437	37.751	249	150	3	296	541	2	248	1.53e-47	164
MEFIDJNC_01270	MER0005462	30.000	230	141	9	296	521	2	215	1.43e-16	76.3
MEFIDJNC_01270	MER0004532	27.434	226	139	8	308	521	2	214	1.80e-12	64.3
MEFIDJNC_01270	MER0004931	26.009	223	147	6	308	521	2	215	8.09e-12	62.4
MEFIDJNC_01270	MER0002038	26.667	210	140	7	311	516	12	211	1.69e-06	46.2
MEFIDJNC_01284	MER0006293	33.028	218	131	4	94	304	1	210	4.66e-25	97.4
MEFIDJNC_01284	MER0002637	27.000	200	142	3	106	304	13	209	3.59e-21	86.7
MEFIDJNC_01284	MER0006292	36.842	76	46	1	99	174	6	79	5.93e-10	54.7
MEFIDJNC_01284	MER0002635	22.963	270	161	10	64	305	34	284	1.01e-09	55.5
MEFIDJNC_01284	MER0017394	26.066	211	128	6	94	301	1	186	8.78e-09	51.6
MEFIDJNC_01284	MER0026550	27.074	229	122	10	98	304	1	206	3.28e-08	50.1
MEFIDJNC_01284	MER0003824	21.600	250	164	8	62	305	40	263	7.43e-08	49.3
MEFIDJNC_01301	MER0026494	31.933	476	300	7	1	459	4	472	9.20e-77	244
MEFIDJNC_01301	MER0026471	31.172	478	301	9	1	457	5	475	6.10e-71	229
MEFIDJNC_01301	MER0015142	29.560	477	312	7	1	459	33	503	3.35e-68	223
MEFIDJNC_01301	MER0026485	31.905	210	125	6	1	198	4	207	6.05e-23	95.9
MEFIDJNC_01301	MER0026485	33.708	89	59	0	362	450	212	300	2.38e-09	55.5
MEFIDJNC_01301	MER0052470	24.619	394	259	12	66	440	69	443	1.46e-22	96.7
MEFIDJNC_01301	MER0003397	30.841	214	122	5	1	198	5	208	5.17e-22	93.2
MEFIDJNC_01301	MER0003397	33.708	89	59	0	362	450	213	301	1.07e-10	59.3
MEFIDJNC_01301	MER0057434	37.705	122	66	5	80	198	85	199	7.59e-15	72.0
MEFIDJNC_01301	MER0057434	32.184	87	59	0	360	446	202	288	3.98e-10	57.8
MEFIDJNC_01301	MER0369972	34.188	117	66	6	45	161	31	136	4.45e-08	52.0
MEFIDJNC_01301	MER0001272	28.169	142	81	5	21	159	11	134	1.38e-07	49.7
MEFIDJNC_01301	MER0033183	34.831	89	51	2	75	163	76	157	2.23e-07	49.3
MEFIDJNC_01301	MER0003775	28.125	192	115	10	3	187	7	182	2.93e-06	45.8
MEFIDJNC_01349	MER0192051	27.876	226	131	9	18	224	95	307	2.67e-10	57.4
MEFIDJNC_01361	MER0031556	29.730	111	55	3	150	240	131	238	2.64e-07	47.4
MEFIDJNC_01361	MER0031557	28.099	121	69	3	134	241	117	232	1.02e-06	45.4
MEFIDJNC_01361	MER0018170	33.803	71	40	2	147	213	100	167	1.09e-06	45.4
MEFIDJNC_01393	MER0281397	25.248	202	127	4	118	299	4	201	6.50e-14	67.0
MEFIDJNC_01393	MER0028284	30.657	137	80	4	118	248	55	182	1.74e-09	55.5
MEFIDJNC_01393	MER0026262	24.044	183	118	5	82	246	12	191	5.79e-06	44.7
MEFIDJNC_01404	MER0491616	34.058	138	88	3	1	136	106	242	1.81e-21	84.3
MEFIDJNC_01415	MER0001423	61.111	234	89	1	500	733	1	232	1.15e-103	314
MEFIDJNC_01415	MER0000399	41.379	261	143	6	477	733	1	255	3.56e-57	192
MEFIDJNC_01415	MER0000405	40.161	249	136	6	477	714	2	248	5.89e-57	192
MEFIDJNC_01415	MER0005196	35.573	253	158	2	482	732	1	250	2.52e-54	184
MEFIDJNC_01415	MER0000401	39.464	261	149	6	477	733	2	257	2.84e-54	184
MEFIDJNC_01415	MER0058228	40.088	227	134	2	501	725	7	233	1.69e-52	179
MEFIDJNC_01415	MER0004504	42.273	220	115	6	504	714	2	218	3.93e-51	175
MEFIDJNC_01415	MER0013484	39.130	230	136	2	501	726	4	233	1.01e-50	174
MEFIDJNC_01415	MER0005987	41.304	230	123	7	508	732	35	257	3.69e-50	173
MEFIDJNC_01415	MER0000404	39.062	256	146	7	477	724	1	254	4.27e-50	173
MEFIDJNC_01415	MER0011231	37.218	266	153	8	477	735	1	259	3.29e-48	168
MEFIDJNC_01415	MER0004923	37.885	227	137	2	503	725	57	283	1.30e-46	164
MEFIDJNC_01415	MER0011413	35.983	239	147	3	499	733	2	238	9.01e-46	160
MEFIDJNC_01415	MER0011305	38.655	238	138	6	483	714	1	236	3.63e-45	159
MEFIDJNC_01415	MER0004921	35.652	230	133	6	499	720	2	224	3.71e-42	150
MEFIDJNC_01415	MER0192427	35.043	234	142	6	486	714	50	278	9.99e-41	147
MEFIDJNC_01415	MER0004193	34.025	241	146	6	501	736	3	235	1.17e-38	140
MEFIDJNC_01415	MER0005994	33.884	242	152	5	477	712	2	241	4.38e-38	139
MEFIDJNC_01415	MER0004199	35.217	230	135	7	508	733	1	220	9.54e-38	137
MEFIDJNC_01415	MER0000403	28.137	263	174	5	481	735	5	260	3.35e-37	137
MEFIDJNC_01415	MER0195666	33.171	205	125	5	501	697	1	201	2.73e-30	116
MEFIDJNC_01415	MER0003361	31.325	249	148	11	483	721	1	236	5.61e-29	113
MEFIDJNC_01415	MER0005988	31.818	110	74	1	606	714	2	111	1.34e-15	70.5
MEFIDJNC_01415	MER0003558	23.188	207	147	3	514	713	39	240	6.68e-14	69.3
MEFIDJNC_01415	MER0018170	25.106	235	150	7	498	713	5	232	7.25e-14	68.9
MEFIDJNC_01415	MER0017401	25.000	236	160	8	498	725	4	230	4.86e-13	66.2
MEFIDJNC_01415	MER0034615	24.359	234	162	4	492	714	1	230	2.20e-12	64.7
MEFIDJNC_01415	MER0000408	25.000	232	154	5	497	714	8	233	4.80e-12	63.5
MEFIDJNC_01415	MER0005807	25.366	205	142	4	514	714	62	259	1.39e-11	62.8
MEFIDJNC_01415	MER0006027	23.874	222	148	6	507	714	24	238	5.83e-10	57.4
MEFIDJNC_01415	MER0140224	25.472	212	139	4	515	713	13	218	7.53e-09	53.9
MEFIDJNC_01415	MER0004925	24.481	241	169	6	484	713	2	240	1.84e-08	53.1
MEFIDJNC_01415	MER0015682	23.899	318	206	13	435	732	3	304	3.90e-08	52.4
MEFIDJNC_01415	MER0030932	27.397	146	89	3	579	712	84	224	1.69e-07	50.1
MEFIDJNC_01415	MER0014827	29.108	213	130	10	484	682	2	207	1.79e-07	50.1
MEFIDJNC_01415	MER0001920	23.037	191	128	4	540	714	40	227	4.20e-07	48.5
MEFIDJNC_01415	MER0016096	21.368	234	161	8	498	715	3	229	4.36e-07	48.5
MEFIDJNC_01415	MER0000263	22.131	244	162	8	498	724	3	235	6.01e-06	45.1
MEFIDJNC_01446	MER0034541	23.374	1399	958	45	503	1823	36	1398	1.26e-71	262
MEFIDJNC_01446	MER0023251	20.741	270	160	8	1226	1457	747	1000	1.67e-07	53.1
MEFIDJNC_01446	MER0023251	24.013	304	189	15	600	885	127	406	7.74e-06	47.8
MEFIDJNC_01471	MER0069741	47.368	114	58	2	217	330	52	163	1.05e-27	103
MEFIDJNC_01471	MER0003380	50.000	108	51	2	224	330	127	232	1.32e-25	100
MEFIDJNC_01471	MER0013541	51.724	87	41	1	235	321	1	86	1.03e-20	82.4
MEFIDJNC_01471	MER0015415	44.048	84	47	0	237	320	66	149	1.45e-19	82.0
MEFIDJNC_01471	MER0001419	41.441	111	64	1	214	323	11	121	2.54e-16	72.0
MEFIDJNC_01471	MER0003423	41.441	111	64	1	214	323	11	121	2.98e-16	72.0
MEFIDJNC_01471	MER0387040	39.216	102	60	2	235	335	1	101	6.53e-15	67.0
MEFIDJNC_01471	MER0003376	39.785	93	50	1	235	321	45	137	4.72e-14	66.2
MEFIDJNC_01471	MER0003906	39.560	91	54	1	235	324	1	91	1.90e-13	63.2
MEFIDJNC_01471	MER0066182	40.196	102	59	2	235	335	92	192	2.18e-13	65.1
MEFIDJNC_01471	MER0005300	35.417	96	61	1	237	332	67	161	9.28e-10	53.9
MEFIDJNC_01471	MER0025070	34.615	104	54	5	231	323	2	102	4.12e-07	45.4
MEFIDJNC_01471	MER0388771	35.000	100	51	5	235	323	2	98	4.72e-06	42.4
MEFIDJNC_01503	MER0002036	37.324	142	83	4	9	145	7	147	4.59e-23	92.8
MEFIDJNC_01503	MER0002031	26.119	134	95	2	15	148	13	142	5.92e-12	60.8
MEFIDJNC_01503	MER0014664	27.407	135	97	1	12	146	7	140	3.53e-10	55.8
MEFIDJNC_01604	MER0031562	30.144	209	126	6	62	256	28	230	1.04e-16	74.7
MEFIDJNC_01604	MER0003558	25.275	182	119	5	91	257	62	241	5.19e-08	49.7
MEFIDJNC_01604	MER0033237	27.854	219	137	10	53	256	20	232	9.48e-08	49.3
MEFIDJNC_01630	MER0003380	33.750	240	149	5	147	384	8	239	1.12e-39	139
MEFIDJNC_01630	MER0069741	45.223	157	82	3	229	382	13	168	3.12e-35	125
MEFIDJNC_01630	MER0013541	49.412	85	43	0	283	367	1	85	2.52e-22	87.8
MEFIDJNC_01630	MER0066182	39.316	117	68	2	263	378	74	188	7.40e-20	84.3
MEFIDJNC_01630	MER0003376	37.594	133	60	4	259	376	29	153	2.80e-18	79.0
MEFIDJNC_01630	MER0387040	41.237	97	56	1	283	378	1	97	5.96e-18	75.9
MEFIDJNC_01630	MER0003423	32.353	102	67	2	283	382	32	133	2.10e-14	67.0
MEFIDJNC_01630	MER0001419	36.047	86	53	2	283	366	32	117	2.68e-14	67.0
MEFIDJNC_01630	MER0003906	38.000	100	56	3	283	376	1	100	9.42e-13	61.2
MEFIDJNC_01630	MER0005300	36.957	92	58	0	285	376	67	158	4.90e-09	52.4
MEFIDJNC_01630	MER0015415	34.524	84	54	1	285	367	66	149	1.71e-08	50.8
MEFIDJNC_01630	MER0025070	34.000	100	56	3	283	372	6	105	9.99e-07	44.7
MEFIDJNC_01633	MER0001243	41.200	250	145	2	2	249	3	252	9.73e-67	205
MEFIDJNC_01633	MER0001342	37.959	245	152	0	2	246	3	247	3.15e-56	178
MEFIDJNC_01633	MER0015127	38.912	239	145	1	8	246	9	246	1.99e-51	166
MEFIDJNC_01633	MER0005690	37.553	237	147	1	10	246	11	246	5.66e-51	164
MEFIDJNC_01633	MER0015128	35.745	235	149	2	13	246	14	247	2.44e-49	160
MEFIDJNC_01633	MER0013589	34.568	243	158	1	4	246	1	242	2.63e-46	152
MEFIDJNC_01633	MER0013450	33.469	245	161	2	4	246	3	247	3.85e-46	152
MEFIDJNC_01633	MER0013929	34.746	236	153	1	2	237	3	237	2.10e-44	147
MEFIDJNC_01633	MER0010972	23.750	240	165	2	7	246	8	229	2.11e-18	79.0
MEFIDJNC_01633	MER0003880	29.412	204	129	4	9	208	2	194	1.25e-17	77.8
MEFIDJNC_01633	MER0004931	27.317	205	133	6	4	204	5	197	4.36e-17	75.1
MEFIDJNC_01633	MER0011746	28.972	214	133	8	13	213	14	221	4.22e-15	70.9
MEFIDJNC_01633	MER0005462	23.293	249	164	4	1	248	2	224	1.14e-13	65.5
MEFIDJNC_01633	MER0004532	29.861	144	96	2	62	204	57	196	1.18e-11	59.7
MEFIDJNC_01633	MER0002038	24.893	233	161	6	3	230	1	224	1.92e-11	59.3
MEFIDJNC_01633	MER0024896	24.561	114	86	0	3	116	4	117	1.03e-10	58.5
MEFIDJNC_01633	MER0024896	24.242	132	93	2	121	246	336	466	6.39e-10	55.8
MEFIDJNC_01633	MER0001244	26.712	146	97	4	4	146	5	143	7.05e-10	55.1
MEFIDJNC_01633	MER0001728	29.032	217	134	9	5	207	5	215	1.14e-09	54.7
MEFIDJNC_01633	MER0013463	21.212	264	169	9	4	247	5	249	3.01e-06	44.3
MEFIDJNC_01641	MER0000392	55.556	279	114	4	435	704	2	279	1.32e-103	315
MEFIDJNC_01641	MER0005694	51.579	285	137	1	424	708	1	284	1.37e-98	302
MEFIDJNC_01641	MER0015621	54.317	278	110	4	436	697	13	289	1.18e-97	300
MEFIDJNC_01641	MER0022823	53.903	269	117	6	435	697	2	269	9.78e-93	286
MEFIDJNC_01641	MER0079308	52.652	264	121	4	441	702	8	269	1.68e-91	283
MEFIDJNC_01641	MER0002490	51.042	288	112	6	436	697	13	297	2.15e-91	284
MEFIDJNC_01641	MER0981959	51.799	278	116	5	436	697	2	277	4.08e-90	280
MEFIDJNC_01641	MER0011450	52.030	271	119	5	436	697	3	271	4.43e-87	272
MEFIDJNC_01641	MER0325901	45.255	274	145	5	436	705	1	273	9.42e-73	234
MEFIDJNC_01641	MER0000398	45.946	259	127	7	441	699	5	250	5.66e-62	204
MEFIDJNC_01641	MER0003229	38.989	277	160	6	427	702	3	271	1.12e-52	180
MEFIDJNC_01641	MER0000410	33.582	268	173	3	435	699	12	277	1.74e-44	158
MEFIDJNC_01641	MER0011872	29.478	268	183	3	441	703	18	284	1.19e-30	119
MEFIDJNC_01641	MER0082498	32.432	222	140	4	450	661	12	233	2.74e-29	115
MEFIDJNC_01641	MER0082653	29.200	250	155	7	450	678	16	264	2.31e-24	100
MEFIDJNC_01641	MER0004227	29.000	200	138	2	450	646	33	231	7.39e-20	87.8
MEFIDJNC_01641	MER0001920	24.490	196	136	5	508	697	54	243	7.93e-08	50.8
MEFIDJNC_01682	MER0005196	51.639	244	116	2	476	718	8	250	7.58e-84	263
MEFIDJNC_01682	MER0058228	41.250	240	140	1	483	721	1	240	4.01e-60	199
MEFIDJNC_01682	MER0004921	39.834	241	136	4	486	721	1	237	3.12e-52	178
MEFIDJNC_01682	MER0001423	36.522	230	144	2	491	719	4	232	1.20e-51	176
MEFIDJNC_01682	MER0011413	37.991	229	131	4	486	707	1	225	3.31e-47	164
MEFIDJNC_01682	MER0004923	36.564	227	139	3	485	707	51	276	5.88e-46	162
MEFIDJNC_01682	MER0192427	36.797	231	138	3	477	704	54	279	7.97e-45	159
MEFIDJNC_01682	MER0005994	35.227	264	162	7	464	721	2	262	1.20e-44	158
MEFIDJNC_01682	MER0013484	36.607	224	135	4	486	704	1	222	1.24e-44	157
MEFIDJNC_01682	MER0005987	35.111	225	137	5	488	706	25	246	4.47e-40	145
MEFIDJNC_01682	MER0004504	39.785	186	104	3	492	672	2	184	5.46e-40	144
MEFIDJNC_01682	MER0011231	32.245	245	158	5	464	703	1	242	1.12e-37	138
MEFIDJNC_01682	MER0000401	33.333	246	151	5	483	721	20	259	2.27e-36	134
MEFIDJNC_01682	MER0000399	31.707	246	158	4	481	721	17	257	3.32e-36	134
MEFIDJNC_01682	MER0004199	35.747	221	126	8	496	709	1	212	2.23e-32	122
MEFIDJNC_01682	MER0011305	33.051	236	148	6	474	703	5	236	2.29e-31	120
MEFIDJNC_01682	MER0195666	32.663	199	109	5	496	681	10	196	3.22e-30	116
MEFIDJNC_01682	MER0000405	31.148	244	143	8	492	721	35	267	4.57e-30	117
MEFIDJNC_01682	MER0000404	30.833	240	155	7	472	704	9	244	4.78e-29	114
MEFIDJNC_01682	MER0004193	33.632	223	126	10	492	703	6	217	1.91e-27	108
MEFIDJNC_01682	MER0000403	30.093	216	143	3	491	701	27	239	3.22e-25	102
MEFIDJNC_01682	MER0034615	27.468	233	155	3	481	703	2	230	2.75e-19	84.7
MEFIDJNC_01682	MER0003361	26.271	236	149	7	491	715	21	242	5.67e-18	80.9
MEFIDJNC_01682	MER0000408	24.675	231	149	6	489	703	12	233	1.41e-12	65.1
MEFIDJNC_01682	MER0017401	27.523	218	140	9	498	705	15	224	4.96e-12	63.5
MEFIDJNC_01682	MER0003558	25.417	240	152	6	481	704	14	242	6.72e-12	63.2
MEFIDJNC_01682	MER0005988	29.091	110	77	1	595	703	2	111	2.41e-10	55.5
MEFIDJNC_01682	MER0011583	26.702	191	103	7	499	669	19	192	5.47e-09	54.3
MEFIDJNC_01682	MER0018170	20.548	219	155	3	497	702	20	232	5.53e-09	54.3
MEFIDJNC_01682	MER0015682	26.126	222	144	8	499	712	87	296	1.97e-08	53.1
MEFIDJNC_01682	MER0000263	30.631	111	68	3	492	599	9	113	3.70e-08	52.0
MEFIDJNC_01682	MER0016096	22.222	225	157	7	492	703	9	228	1.44e-07	50.1
MEFIDJNC_01682	MER0005807	22.330	206	148	5	502	703	62	259	2.80e-07	49.7
MEFIDJNC_01682	MER0079308	25.134	187	119	6	502	676	39	216	2.02e-06	47.0
MEFIDJNC_01766	MER0011781	25.614	285	146	14	38	320	17	237	4.42e-11	60.5
MEFIDJNC_01766	MER0011806	25.000	272	133	12	38	304	17	222	1.54e-10	58.5
MEFIDJNC_01766	MER0004101	26.119	268	135	13	38	304	17	222	1.17e-09	55.8
MEFIDJNC_01867	MER0005767	27.326	344	210	8	26	368	1	305	2.29e-34	127
MEFIDJNC_01867	MER0030136	23.373	415	263	12	4	384	2	395	8.92e-19	84.7
MEFIDJNC_01867	MER0030151	23.750	400	280	12	4	384	2	395	1.67e-15	74.7
MEFIDJNC_01867	MER0030143	22.750	400	284	12	4	384	2	395	4.18e-13	67.4
MEFIDJNC_01867	MER0030155	21.500	400	289	10	4	384	2	395	1.69e-12	65.5
MEFIDJNC_01939	MER0031610	39.271	247	142	5	14	253	56	301	9.26e-44	147
MEFIDJNC_01939	MER0036115	31.250	112	71	3	2	108	23	133	7.86e-10	55.1
MEFIDJNC_01939	MER0017177	27.358	106	74	1	2	104	24	129	1.77e-08	51.2
MEFIDJNC_01939	MER0011509	33.600	125	63	4	11	124	37	152	4.48e-08	49.7
MEFIDJNC_01939	MER0210990	34.146	82	51	1	36	114	54	135	6.63e-08	49.3
MEFIDJNC_01939	MER0031616	32.727	110	66	3	11	115	38	144	1.91e-07	47.8
MEFIDJNC_01939	MER0025512	24.528	265	173	10	2	244	39	298	1.30e-06	45.4
MEFIDJNC_01939	MER0017142	30.909	110	70	3	5	113	6	110	1.67e-06	44.7
MEFIDJNC_01939	MER0037236	32.800	125	57	6	2	111	9	121	1.89e-06	44.7
MEFIDJNC_01939	MER0000436	31.304	115	69	4	3	107	11	125	1.94e-06	44.7
MEFIDJNC_01972	MER0004468	30.189	212	134	7	234	438	213	417	3.69e-16	77.0
MEFIDJNC_01972	MER0004468	25.781	128	87	3	81	204	147	270	1.53e-06	47.0
MEFIDJNC_01972	MER0004468	42.188	64	35	1	12	75	8	69	4.19e-06	45.4
MEFIDJNC_01972	MER0897124	29.858	211	136	6	234	438	213	417	5.69e-16	76.3
MEFIDJNC_01972	MER0897124	32.292	96	59	2	81	174	147	238	2.80e-08	52.4
MEFIDJNC_01972	MER0897124	41.538	65	36	1	11	75	7	69	4.61e-06	45.4
MEFIDJNC_01972	MER0004469	26.000	200	123	5	13	194	12	204	1.97e-14	71.6
MEFIDJNC_01972	MER0004469	24.623	199	118	6	233	403	158	352	7.39e-07	47.8
MEFIDJNC_01972	MER0004480	32.800	125	77	4	12	136	1	118	5.78e-10	57.4
MEFIDJNC_01972	MER0004474	28.926	121	75	4	15	135	89	198	1.72e-08	52.8
MEFIDJNC_01972	MER0004474	33.333	105	64	4	327	428	247	348	8.01e-06	44.7
MEFIDJNC_01972	MER0004471	31.200	125	72	5	10	132	90	202	1.36e-07	50.1
MEFIDJNC_01972	MER0004471	30.380	158	98	7	280	428	200	354	2.11e-06	46.2
MEFIDJNC_02004	MER0036036	26.840	231	149	6	50	269	31	252	2.03e-16	73.9
MEFIDJNC_02004	MER0031565	23.581	229	153	5	52	269	33	250	3.40e-13	64.7
MEFIDJNC_02004	MER0045479	24.348	230	150	8	52	269	33	250	5.88e-12	61.2
MEFIDJNC_02004	MER0036038	23.043	230	153	7	52	269	33	250	2.33e-11	59.3
MEFIDJNC_02004	MER0031569	24.291	247	130	10	52	268	29	248	4.84e-09	52.8
MEFIDJNC_02004	MER0036114	24.757	206	121	7	50	226	41	241	9.17e-07	46.2
MEFIDJNC_02026	MER0000332	45.161	186	85	6	289	473	64	233	4.32e-35	130
MEFIDJNC_02026	MER0028365	37.154	253	125	9	289	534	125	350	1.79e-31	122
MEFIDJNC_02026	MER0028365	38.462	78	45	3	59	135	47	122	6.61e-07	48.5
MEFIDJNC_02026	MER0002565	38.462	221	115	7	268	487	89	289	1.73e-30	119
MEFIDJNC_02026	MER0000310	36.946	203	114	6	283	484	57	246	2.06e-27	108
MEFIDJNC_02026	MER0005821	34.454	238	130	11	268	494	67	289	3.59e-27	111
MEFIDJNC_02026	MER0017009	31.295	278	161	9	236	493	60	327	4.04e-27	109
MEFIDJNC_02026	MER0017009	38.889	72	39	2	60	126	34	105	2.66e-07	49.7
MEFIDJNC_02026	MER0001928	37.438	203	109	7	289	490	62	247	6.96e-27	107
MEFIDJNC_02026	MER0054318	42.162	185	98	7	289	471	67	244	7.15e-27	107
MEFIDJNC_02026	MER0000315	39.024	205	106	9	282	484	54	241	1.65e-26	105
MEFIDJNC_02026	MER0001520	39.024	205	106	9	282	484	54	241	1.70e-26	105
MEFIDJNC_02026	MER0077555	36.893	206	105	6	289	487	62	249	7.07e-26	103
MEFIDJNC_02026	MER0001906	38.537	205	107	9	282	484	54	241	8.06e-26	103
MEFIDJNC_02026	MER0001709	37.281	228	102	9	287	490	97	307	1.08e-25	104
MEFIDJNC_02026	MER0002057	33.735	249	118	9	282	487	95	339	2.28e-25	105
MEFIDJNC_02026	MER0001699	34.722	216	123	8	289	501	62	262	2.70e-25	102
MEFIDJNC_02026	MER0000316	35.922	206	111	8	282	484	53	240	6.01e-24	98.6
MEFIDJNC_02026	MER0004690	33.065	248	139	7	264	492	72	311	1.47e-23	99.4
MEFIDJNC_02026	MER0004690	42.647	68	38	1	62	128	22	89	8.78e-09	54.3
MEFIDJNC_02026	MER0000333	40.104	192	98	6	289	479	64	239	5.13e-23	95.9
MEFIDJNC_02026	MER0002575	31.776	214	128	6	285	497	67	263	1.07e-22	95.1
MEFIDJNC_02026	MER0062058	34.444	270	147	10	240	491	2	259	2.20e-22	96.7
MEFIDJNC_02026	MER0062058	52.830	53	25	0	78	130	1	53	3.18e-12	65.1
MEFIDJNC_02026	MER0016978	34.934	229	101	10	289	487	78	288	1.04e-21	92.8
MEFIDJNC_02026	MER0013656	34.975	203	114	6	289	490	61	246	1.10e-21	92.0
MEFIDJNC_02026	MER0000309	32.735	223	132	7	283	502	57	264	1.33e-21	91.7
MEFIDJNC_02026	MER0001521	34.450	209	113	7	282	484	57	247	3.27e-21	90.5
MEFIDJNC_02026	MER0000313	34.450	209	113	7	282	484	57	247	3.46e-21	90.5
MEFIDJNC_02026	MER0001755	34.450	209	113	7	282	484	57	247	5.71e-21	90.1
MEFIDJNC_02026	MER0004085	33.624	229	122	9	289	497	96	314	5.99e-21	90.9
MEFIDJNC_02026	MER0000362	33.184	223	114	8	289	490	99	307	8.10e-21	90.5
MEFIDJNC_02026	MER0081072	34.583	240	133	10	260	493	29	250	1.12e-20	88.6
MEFIDJNC_02026	MER0000349	33.735	249	132	11	273	494	128	370	1.13e-20	90.9
MEFIDJNC_02026	MER0016983	35.577	208	94	9	289	475	71	259	1.24e-20	89.7
MEFIDJNC_02026	MER0006074	34.335	233	124	9	266	488	59	272	1.84e-20	89.0
MEFIDJNC_02026	MER0001523	33.971	209	114	7	282	484	57	247	2.32e-20	88.2
MEFIDJNC_02026	MER0000312	33.971	209	114	7	282	484	57	247	2.32e-20	88.2
MEFIDJNC_02026	MER0016697	32.627	236	111	9	289	490	98	319	4.38e-20	88.6
MEFIDJNC_02026	MER0006023	30.279	251	140	8	257	490	75	307	1.43e-19	87.0
MEFIDJNC_02026	MER0000320	35.638	188	107	7	289	474	69	244	1.85e-19	85.9
MEFIDJNC_02026	MER0000361	34.649	228	108	10	287	490	103	313	2.24e-19	86.3
MEFIDJNC_02026	MER0000319	32.828	198	116	6	289	485	69	250	3.18e-19	85.1
MEFIDJNC_02026	MER0155676	32.895	228	128	7	289	491	125	352	5.68e-19	85.9
MEFIDJNC_02026	MER0155676	31.959	97	60	2	57	147	16	112	7.37e-06	45.1
MEFIDJNC_02026	MER0000311	33.482	224	117	8	289	502	64	265	5.95e-19	84.0
MEFIDJNC_02026	MER0000321	31.818	220	117	9	289	494	155	355	6.34e-19	85.1
MEFIDJNC_02026	MER0030016	30.627	271	137	12	240	490	37	276	8.00e-19	83.6
MEFIDJNC_02026	MER0042897	40.000	200	103	7	289	485	66	251	8.20e-19	83.6
MEFIDJNC_02026	MER0002516	34.634	205	107	9	289	488	82	264	2.65e-18	82.4
MEFIDJNC_02026	MER0001725	36.170	188	105	8	288	473	98	272	3.42e-18	82.4
MEFIDJNC_02026	MER0002562	33.036	224	111	8	289	487	117	326	5.85e-18	82.4
MEFIDJNC_02026	MER0003536	30.736	231	125	8	282	490	63	280	6.75e-18	81.3
MEFIDJNC_02026	MER0002267	33.010	206	117	8	289	490	71	259	8.85e-18	80.9
MEFIDJNC_02026	MER0002790	34.434	212	116	6	289	484	1	205	1.19e-16	76.6
MEFIDJNC_02026	MER0014744	32.710	214	117	7	289	484	95	299	1.35e-16	78.2
MEFIDJNC_02026	MER0000359	35.586	222	115	12	289	502	89	290	1.95e-16	77.0
MEFIDJNC_02026	MER0050309	29.134	254	143	11	289	529	47	276	8.13e-16	76.6
MEFIDJNC_02026	MER0002500	32.420	219	120	8	273	471	141	351	9.02e-16	76.3
MEFIDJNC_02026	MER0000326	33.824	204	110	8	289	489	72	253	1.27e-15	74.7
MEFIDJNC_02026	MER0003117	34.091	220	111	11	286	493	72	269	1.78e-15	73.9
MEFIDJNC_02026	MER0004720	29.439	214	121	8	289	494	73	264	2.83e-15	73.2
MEFIDJNC_02026	MER0000338	29.482	251	132	10	252	493	48	262	3.14e-15	73.2
MEFIDJNC_02026	MER0037258	30.357	224	128	8	288	490	79	295	5.95e-15	72.8
MEFIDJNC_02026	MER0000358	31.330	233	116	11	268	486	59	261	8.15e-15	72.8
MEFIDJNC_02026	MER0005078	30.472	233	129	10	265	486	55	265	1.19e-14	71.6
MEFIDJNC_02026	MER0005931	36.181	199	111	6	289	485	32	216	4.72e-14	68.9
MEFIDJNC_02026	MER0000347	31.532	222	127	9	286	490	116	329	9.89e-14	70.5
MEFIDJNC_02026	MER0002764	32.075	212	118	9	267	473	67	257	1.11e-13	68.6
MEFIDJNC_02026	MER0016688	29.010	293	143	15	240	495	35	299	1.12e-13	68.9
MEFIDJNC_02026	MER0006297	27.731	238	147	8	274	488	250	485	1.16e-13	70.1
MEFIDJNC_02026	MER0000357	34.135	208	96	10	289	481	77	258	1.22e-13	68.9
MEFIDJNC_02026	MER0000356	34.634	205	93	10	289	478	89	267	1.23e-13	69.3
MEFIDJNC_02026	MER0161312	30.116	259	134	9	264	487	80	326	1.43e-13	68.9
MEFIDJNC_02026	MER0000351	29.918	244	122	9	241	472	78	284	1.46e-13	68.2
MEFIDJNC_02026	MER0000325	33.617	235	128	10	260	488	40	252	1.95e-13	68.2
MEFIDJNC_02026	MER0014446	29.231	260	124	11	256	487	166	393	2.05e-13	68.9
MEFIDJNC_02026	MER0006037	31.019	216	118	8	265	471	55	248	2.41e-13	67.4
MEFIDJNC_02026	MER0024902	27.778	216	143	5	289	493	97	310	3.02e-13	67.8
MEFIDJNC_02026	MER0014300	30.120	249	129	8	289	497	79	322	3.11e-13	68.2
MEFIDJNC_02026	MER0067924	35.115	131	67	4	366	489	155	274	4.18e-13	66.6
MEFIDJNC_02026	MER0013641	26.667	240	127	11	289	495	83	306	6.56e-13	67.4
MEFIDJNC_02026	MER0000328	33.816	207	108	12	278	473	60	248	7.07e-13	66.2
MEFIDJNC_02026	MER0000335	28.740	254	136	12	252	497	46	262	8.32e-13	65.9
MEFIDJNC_02026	MER0019280	31.019	216	127	8	289	490	73	280	1.48e-12	65.5
MEFIDJNC_02026	MER0004123	25.352	284	155	10	240	487	43	305	1.55e-12	65.5
MEFIDJNC_02026	MER0068994	29.508	244	106	11	287	471	107	343	1.92e-12	65.9
MEFIDJNC_02026	MER0050310	29.412	238	130	12	282	498	91	311	2.41e-12	65.5
MEFIDJNC_02026	MER0000336	28.279	244	128	10	243	478	48	252	4.32e-12	63.9
MEFIDJNC_02026	MER0005712	26.936	297	160	12	287	531	86	377	1.28e-11	63.2
MEFIDJNC_02026	MER0047718	31.076	251	106	12	282	471	65	309	1.31e-11	62.8
MEFIDJNC_02026	MER0014085	26.224	286	133	11	289	509	87	359	1.60e-11	62.8
MEFIDJNC_02026	MER0005790	30.303	198	99	7	289	470	94	268	3.18e-11	60.8
MEFIDJNC_02026	MER0005859	30.131	229	101	9	289	474	242	454	4.19e-11	62.0
MEFIDJNC_02026	MER0114485	28.054	221	120	8	289	471	106	325	4.94e-11	61.2
MEFIDJNC_02026	MER0000344	32.821	195	98	11	289	473	88	259	1.11e-10	59.7
MEFIDJNC_02026	MER0003020	28.662	314	130	15	240	473	167	466	1.20e-10	60.5
MEFIDJNC_02026	MER0000340	28.352	261	145	11	257	494	36	277	1.40e-10	59.3
MEFIDJNC_02026	MER0001467	28.464	267	124	10	289	490	72	336	1.97e-10	59.3
MEFIDJNC_02026	MER0000350	24.901	253	135	7	289	495	90	333	3.10e-10	58.5
MEFIDJNC_02026	MER0004869	25.551	227	113	8	325	495	129	355	3.16e-10	58.9
MEFIDJNC_02026	MER0028258	26.154	260	151	8	269	487	83	342	3.18e-10	58.9
MEFIDJNC_02026	MER0022415	26.126	222	135	9	289	499	83	286	4.24e-10	58.5
MEFIDJNC_02026	MER0000353	29.583	240	114	11	241	466	129	327	4.30e-10	58.2
MEFIDJNC_02026	MER0005756	24.919	309	160	12	248	495	82	379	6.83e-10	57.8
MEFIDJNC_02026	MER0055027	27.941	272	144	14	250	491	22	271	9.99e-10	57.4
MEFIDJNC_02026	MER0015432	24.013	304	165	9	289	530	87	386	1.72e-09	56.6
MEFIDJNC_02026	MER0006048	23.443	273	144	8	282	490	79	350	1.76e-09	56.6
MEFIDJNC_02026	MER0016991	28.704	216	114	7	289	475	78	282	2.32e-09	55.8
MEFIDJNC_02026	MER0003122	27.778	216	108	10	339	507	150	364	3.87e-09	55.5
MEFIDJNC_02026	MER0001454	31.683	101	51	2	415	497	234	334	4.03e-09	55.1
MEFIDJNC_02026	MER0000329	27.239	268	117	9	289	487	76	334	4.37e-09	55.1
MEFIDJNC_02026	MER0004641	26.642	274	134	10	289	495	86	359	4.80e-09	55.1
MEFIDJNC_02026	MER0005757	25.806	310	158	12	289	530	87	392	7.99e-09	54.3
MEFIDJNC_02026	MER0005700	32.787	122	65	4	422	530	276	393	1.13e-08	53.9
MEFIDJNC_02026	MER0014309	26.280	293	146	13	271	495	42	332	1.15e-08	53.9
MEFIDJNC_02026	MER0014325	35.714	98	41	3	422	497	245	342	1.34e-08	53.5
MEFIDJNC_02026	MER0006036	35.802	81	39	1	434	501	371	451	1.68e-08	53.5
MEFIDJNC_02026	MER0015437	35.714	98	51	4	422	511	354	447	1.84e-08	53.5
MEFIDJNC_02026	MER0000348	26.754	228	114	7	289	470	88	308	1.90e-08	53.1
MEFIDJNC_02026	MER0016986	25.806	248	129	9	289	488	90	330	2.57e-08	52.8
MEFIDJNC_02026	MER0002739	26.772	254	132	11	280	495	89	326	2.69e-08	53.1
MEFIDJNC_02026	MER0003256	24.444	270	147	15	232	468	4	249	2.89e-08	52.0
MEFIDJNC_02026	MER0015436	34.343	99	53	4	422	511	354	449	3.23e-08	52.8
MEFIDJNC_02026	MER0080418	30.128	156	90	7	362	507	204	350	5.50e-08	51.6
MEFIDJNC_02026	MER0015431	25.954	262	139	10	289	495	86	347	6.20e-08	51.6
MEFIDJNC_02026	MER0011813	33.673	98	45	2	421	498	346	443	9.28e-08	51.2
MEFIDJNC_02026	MER0015435	34.783	92	41	4	422	494	362	453	9.49e-08	51.2
MEFIDJNC_02026	MER0014089	33.333	135	67	6	412	530	343	470	9.57e-08	51.2
MEFIDJNC_02026	MER0006049	29.310	116	62	2	421	516	268	383	1.04e-07	50.8
MEFIDJNC_02026	MER0001368	23.622	254	145	9	289	493	85	338	1.09e-07	50.8
MEFIDJNC_02026	MER0014310	35.955	89	37	3	422	490	310	398	1.10e-07	50.8
MEFIDJNC_02026	MER0015433	32.520	123	64	5	422	530	353	470	1.18e-07	50.8
MEFIDJNC_02026	MER0002771	30.208	96	51	2	411	490	234	329	1.38e-07	50.4
MEFIDJNC_02026	MER0015438	32.500	80	41	1	424	490	371	450	1.78e-07	50.4
MEFIDJNC_02026	MER0005699	24.579	297	147	12	268	495	87	375	2.42e-07	49.7
MEFIDJNC_02026	MER0014311	34.831	89	38	3	422	490	311	399	3.19e-07	49.7
MEFIDJNC_02026	MER0014312	34.831	89	38	3	422	490	312	400	3.68e-07	49.3
MEFIDJNC_02026	MER0004988	26.126	222	131	9	289	494	71	275	3.92e-07	48.5
MEFIDJNC_02026	MER0025143	25.283	265	120	11	250	473	45	272	6.79e-07	48.1
MEFIDJNC_02026	MER0005034	31.959	97	46	3	421	497	344	440	7.21e-07	48.5
MEFIDJNC_02026	MER0087792	27.386	241	121	10	289	487	97	325	9.36e-07	47.8
MEFIDJNC_02026	MER0013896	29.032	93	47	2	422	495	358	450	9.79e-07	48.1
MEFIDJNC_02026	MER0004652	31.707	82	46	1	424	495	431	512	1.19e-06	47.8
MEFIDJNC_02026	MER0000364	24.667	300	175	11	216	495	11	279	3.39e-06	45.8
MEFIDJNC_02026	MER0017014	37.879	66	37	2	434	495	369	434	3.64e-06	46.2
MEFIDJNC_02026	MER0005710	32.530	83	43	2	422	491	352	434	3.69e-06	46.2
MEFIDJNC_02026	MER0005774	31.868	91	49	2	413	490	336	426	4.02e-06	46.2
MEFIDJNC_02026	MER0005760	32.955	88	41	2	421	490	248	335	4.85e-06	45.4
MEFIDJNC_02026	MER0014313	32.584	89	40	3	422	490	286	374	6.44e-06	45.4
MEFIDJNC_02026	MER0011791	50.000	40	20	0	451	490	381	420	7.56e-06	45.1
MEFIDJNC_02026	MER0029448	33.333	123	63	5	422	530	349	466	7.95e-06	45.1
MEFIDJNC_02026	MER0005610	28.070	171	75	5	368	490	164	334	8.48e-06	44.7
MEFIDJNC_02052	MER0037236	24.603	252	167	8	13	242	11	261	5.76e-16	72.4
MEFIDJNC_02052	MER0031611	25.000	260	167	5	17	250	35	292	1.10e-15	72.0
MEFIDJNC_02052	MER0004146	22.182	275	164	10	4	242	1	261	1.61e-14	68.2
MEFIDJNC_02052	MER0036068	24.167	240	161	7	22	240	54	293	5.78e-14	67.0
MEFIDJNC_02052	MER0036053	22.963	270	160	8	14	242	1	263	1.63e-12	62.4
MEFIDJNC_02052	MER0036076	25.106	235	154	8	22	240	63	291	9.34e-12	60.5
MEFIDJNC_02052	MER0017033	21.074	242	164	6	22	242	65	300	3.76e-11	58.9
MEFIDJNC_02052	MER0036057	20.661	242	165	5	22	242	63	298	6.68e-11	58.2
MEFIDJNC_02052	MER0036066	22.358	246	159	7	22	241	1	240	1.87e-10	56.2
MEFIDJNC_02052	MER0035973	23.482	247	165	8	12	241	47	286	5.60e-10	55.5
MEFIDJNC_02052	MER0036078	23.830	235	147	7	16	237	26	241	3.04e-09	52.8
MEFIDJNC_02052	MER0036067	21.757	239	164	6	22	239	52	288	6.17e-09	52.4
MEFIDJNC_02052	MER0000436	21.223	278	174	8	15	252	17	289	7.87e-09	52.0
MEFIDJNC_02052	MER0003537	27.551	196	110	8	82	248	90	282	1.32e-08	51.2
MEFIDJNC_02052	MER0011509	26.984	126	83	2	4	121	21	145	1.03e-07	48.9
MEFIDJNC_02052	MER0011785	29.825	114	71	4	18	122	31	144	4.07e-07	47.0
MEFIDJNC_02052	MER0213280	32.609	92	57	2	21	107	30	121	1.13e-06	45.4
MEFIDJNC_02052	MER0033259	23.529	255	167	8	10	249	19	260	1.34e-06	45.1
MEFIDJNC_02052	MER0036115	20.301	133	85	3	19	137	33	158	2.00e-06	44.7
MEFIDJNC_02052	MER0031610	20.849	259	160	9	22	248	55	300	3.11e-06	44.3
MEFIDJNC_02052	MER0045479	27.879	165	83	8	85	240	105	242	3.28e-06	43.9
MEFIDJNC_02052	MER0036059	29.213	89	54	1	152	240	271	350	3.40e-06	44.3
MEFIDJNC_02052	MER0036073	23.171	246	155	8	22	242	80	316	5.04e-06	43.5
MEFIDJNC_02057	MER0044357	25.131	191	115	7	39	205	67	253	2.76e-10	57.8
MEFIDJNC_02062	MER0039993	39.774	709	393	11	26	713	1	696	2.50e-171	504
MEFIDJNC_02062	MER0014366	37.106	698	418	8	25	713	27	712	2.07e-155	464
MEFIDJNC_02062	MER0217397	37.896	694	396	13	40	713	1	679	3.97e-151	452
MEFIDJNC_02062	MER0501051	41.245	257	146	4	25	279	3	256	2.48e-59	202
MEFIDJNC_02062	MER0501051	41.333	150	85	2	567	714	253	401	1.24e-26	109
MEFIDJNC_02131	MER0001202	32.895	76	47	2	12	86	323	395	9.13e-06	39.3
MEFIDJNC_02186	MER0001335	26.429	140	89	4	57	193	32	160	7.68e-13	62.8
MEFIDJNC_02186	MER0002251	29.341	167	100	7	57	216	33	188	2.07e-11	58.9
MEFIDJNC_02204	MER0060647	37.808	365	199	8	11	361	1	351	4.19e-68	215
MEFIDJNC_02204	MER0078640	36.639	363	201	7	11	360	1	347	1.58e-67	213
MEFIDJNC_02204	MER0044812	41.667	240	121	5	138	364	4	237	3.08e-55	178
MEFIDJNC_02204	MER0043540	40.796	201	115	2	165	364	27	224	6.13e-51	167
MEFIDJNC_02204	MER0115185	51.773	141	66	1	219	359	5	143	3.85e-45	149
MEFIDJNC_02204	MER0045945	38.725	204	120	4	161	364	15	213	3.49e-42	144
MEFIDJNC_02204	MER0046161	36.889	225	121	6	154	364	28	245	5.92e-40	139
MEFIDJNC_02204	MER0436691	30.258	271	146	4	101	366	14	246	3.88e-37	131
MEFIDJNC_02204	MER0043537	27.273	176	88	6	192	347	14	169	5.98e-09	52.0
MEFIDJNC_02204	MER0044619	27.338	139	90	5	229	362	63	195	7.69e-08	49.7
MEFIDJNC_02204	MER0045886	35.556	90	52	4	182	268	14	100	1.57e-07	48.5
MEFIDJNC_02204	MER0043394	29.371	143	85	6	213	346	13	148	2.27e-07	47.0
MEFIDJNC_02204	MER0045094	27.143	140	93	4	213	346	48	184	5.47e-07	47.0
MEFIDJNC_02204	MER0044882	29.452	146	87	7	213	346	15	156	1.60e-06	45.1
MEFIDJNC_02264	MER0491616	24.766	214	136	9	33	227	4	211	4.04e-09	53.5
