OCDJONCD_00048	MER0195774	35.754	179	113	1	28	206	1	177	3.97e-34	122
OCDJONCD_00048	MER0003448	29.101	189	131	2	28	216	2	187	1.51e-18	81.3
OCDJONCD_00048	MER0001229	24.299	214	151	4	28	237	2	208	6.49e-18	79.3
OCDJONCD_00048	MER0043985	24.299	214	151	4	28	237	2	208	1.20e-17	79.0
OCDJONCD_00048	MER0001233	28.571	224	147	6	28	242	2	221	2.26e-16	75.1
OCDJONCD_00048	MER0003543	27.014	211	150	3	28	238	2	208	5.12e-16	73.9
OCDJONCD_00048	MER0001214	28.302	159	108	3	27	183	25	179	5.60e-14	67.4
OCDJONCD_00048	MER0001218	28.643	199	123	7	20	206	18	209	7.31e-13	64.3
OCDJONCD_00048	MER0004423	27.957	186	123	6	64	247	33	209	7.06e-12	61.6
OCDJONCD_00048	MER0122186	27.869	183	122	5	28	206	22	198	1.81e-11	60.1
OCDJONCD_00048	MER0002008	27.273	220	127	9	28	231	2	204	1.02e-10	58.5
OCDJONCD_00048	MER0001220	24.390	205	138	5	41	236	1	197	1.22e-10	57.8
OCDJONCD_00048	MER0015090	23.415	205	153	3	28	232	2	202	1.62e-10	57.8
OCDJONCD_00048	MER0390687	24.260	169	125	2	35	203	1	166	2.66e-10	55.8
OCDJONCD_00048	MER0015259	25.000	184	129	4	28	206	26	205	3.82e-10	56.6
OCDJONCD_00048	MER0003386	27.027	185	128	6	28	206	26	209	4.75e-09	53.1
OCDJONCD_00048	MER0169735	34.146	82	53	1	27	107	15	96	1.42e-08	51.6
OCDJONCD_00048	MER0026957	22.353	170	117	5	54	217	23	183	1.76e-08	51.6
OCDJONCD_00048	MER0002283	27.607	163	112	3	27	187	25	183	2.16e-08	51.2
OCDJONCD_00048	MER0003823	26.087	207	136	8	10	206	10	209	2.96e-08	50.8
OCDJONCD_00048	MER0188967	25.926	189	125	4	64	239	3	189	4.01e-08	52.0
OCDJONCD_00048	MER0011744	25.000	188	128	5	28	206	26	209	1.38e-07	48.9
OCDJONCD_00048	MER0002423	26.344	186	130	5	27	206	25	209	3.12e-07	47.8
OCDJONCD_00048	MER0011096	23.404	188	131	4	28	206	26	209	3.15e-07	47.8
OCDJONCD_00048	MER0002345	25.806	186	131	6	27	206	25	209	7.05e-07	46.6
OCDJONCD_00048	MER0001219	23.699	173	115	7	28	189	26	192	1.70e-06	45.8
OCDJONCD_00048	MER0170820	32.911	79	52	1	39	116	8	86	2.73e-06	44.7
OCDJONCD_00048	MER0001413	25.620	121	88	2	28	147	30	149	6.68e-06	42.7
OCDJONCD_00049	MER0237414	26.244	221	146	7	49	256	2	218	1.65e-16	76.3
OCDJONCD_00049	MER0003448	25.366	205	135	7	47	237	1	201	1.01e-09	56.2
OCDJONCD_00049	MER0002008	23.645	203	118	8	47	227	1	188	2.25e-06	46.2
OCDJONCD_00066	MER0002443	65.385	26	9	0	89	114	3	28	8.37e-08	44.3
OCDJONCD_00066	MER0001322	53.571	28	13	0	87	114	1	28	1.74e-06	40.8
OCDJONCD_00066	MER0003805	57.143	28	12	0	87	114	1	28	5.34e-06	39.7
OCDJONCD_00066	MER0377310	50.000	28	14	0	87	114	1	28	5.63e-06	39.3
OCDJONCD_00066	MER0377307	50.000	28	14	0	87	114	1	28	5.63e-06	39.3
OCDJONCD_00066	MER0377178	50.000	28	14	0	87	114	1	28	6.38e-06	39.3
OCDJONCD_00066	MER0014188	53.571	28	13	0	87	114	1	28	6.56e-06	39.3
OCDJONCD_00066	MER0377450	57.143	28	12	0	87	114	1	28	7.08e-06	38.9
OCDJONCD_00066	MER0002450	50.000	28	14	0	87	114	1	28	7.10e-06	39.3
OCDJONCD_00067	MER0002443	46.377	69	34	1	5	73	52	117	1.23e-16	65.5
OCDJONCD_00067	MER0004035	48.529	68	30	2	5	72	49	111	2.36e-15	62.0
OCDJONCD_00067	MER0002450	53.448	58	22	3	15	72	59	111	9.34e-10	47.8
OCDJONCD_00067	MER0003805	42.424	66	33	3	9	74	53	113	1.17e-09	47.8
OCDJONCD_00067	MER0003808	43.077	65	32	3	10	74	54	113	4.81e-08	43.5
OCDJONCD_00067	MER0377310	52.830	53	20	3	15	67	59	106	5.11e-08	43.1
OCDJONCD_00067	MER0377307	52.830	53	20	3	15	67	59	106	5.11e-08	43.1
OCDJONCD_00067	MER0004054	33.824	68	41	2	8	74	58	122	5.02e-07	40.8
OCDJONCD_00067	MER0377178	49.057	53	22	3	15	67	59	106	1.11e-06	39.7
OCDJONCD_00067	MER0003986	38.983	59	33	1	5	63	53	108	1.47e-06	39.7
OCDJONCD_00091	MER0002251	46.957	230	116	4	6	232	1	227	8.32e-70	211
OCDJONCD_00091	MER0001335	38.914	221	128	4	7	224	2	218	6.45e-48	155
OCDJONCD_00092	MER0002746	26.160	237	159	9	371	598	1	230	2.75e-10	58.2
OCDJONCD_00092	MER0001009	21.528	144	108	2	445	588	20	158	3.95e-07	48.5
OCDJONCD_00092	MER0019759	22.034	236	149	9	371	588	1	219	5.78e-07	48.1
OCDJONCD_00092	MER0091680	23.718	156	113	4	442	597	69	218	4.42e-06	45.4
OCDJONCD_00092	MER0001010	20.833	144	109	2	445	588	61	199	6.05e-06	44.7
OCDJONCD_00098	MER0001421	55.402	361	157	4	3	361	37	395	3.96e-138	395
OCDJONCD_00098	MER0028941	27.557	352	207	10	12	356	53	363	1.26e-25	103
OCDJONCD_00098	MER0369336	28.214	280	187	6	84	356	39	311	3.02e-24	98.2
OCDJONCD_00146	MER0001313	32.143	112	71	3	9	118	15	123	2.21e-06	43.1
OCDJONCD_00169	MER0035089	41.009	317	183	4	151	465	33	347	8.73e-69	220
OCDJONCD_00169	MER0001236	37.396	361	208	5	117	464	124	479	2.57e-68	223
OCDJONCD_00169	MER0003825	35.128	390	214	7	107	466	62	442	3.32e-64	211
OCDJONCD_00169	MER0014397	37.006	354	216	4	117	464	1	353	1.53e-62	204
OCDJONCD_00169	MER0001235	35.180	361	226	7	110	464	121	479	2.48e-62	207
OCDJONCD_00169	MER0004597	38.532	327	184	7	148	465	28	346	4.67e-61	200
OCDJONCD_00169	MER0001238	35.204	392	224	12	94	466	105	485	8.10e-61	203
OCDJONCD_00169	MER0041673	33.333	378	233	7	104	467	103	475	1.15e-54	186
OCDJONCD_00169	MER0004598	35.780	327	193	7	148	465	28	346	1.94e-54	182
OCDJONCD_00169	MER0024892	38.125	320	182	10	152	464	85	395	2.52e-53	181
OCDJONCD_00169	MER0002497	35.045	331	202	7	144	464	98	425	1.86e-52	179
OCDJONCD_00169	MER0013416	36.336	333	184	11	141	460	54	371	9.92e-50	171
OCDJONCD_00169	MER0003919	32.410	361	232	9	110	464	11	365	1.29e-48	168
OCDJONCD_00169	MER0002271	34.115	384	225	12	98	464	111	483	2.88e-48	169
OCDJONCD_00169	MER0026959	35.688	269	169	4	199	464	3	270	2.72e-46	159
OCDJONCD_00169	MER0105906	32.432	333	200	11	144	463	149	469	1.94e-45	161
OCDJONCD_00169	MER0001910	35.714	294	175	8	154	437	174	463	3.39e-45	161
OCDJONCD_00169	MER0001240	35.608	337	196	9	119	439	131	462	3.73e-45	161
OCDJONCD_00169	MER0011357	33.232	328	191	10	146	460	202	514	1.49e-44	160
OCDJONCD_00169	MER0079520	30.800	250	141	10	219	439	243	489	2.18e-23	99.8
OCDJONCD_00169	MER0081108	33.761	234	123	8	234	438	227	457	2.47e-23	99.4
OCDJONCD_00192	MER0281397	25.743	202	125	5	122	302	4	201	2.43e-15	71.2
OCDJONCD_00192	MER0028284	30.597	134	78	4	122	249	55	179	7.04e-10	56.6
OCDJONCD_00192	MER0000457	30.597	134	78	6	122	249	61	185	2.13e-07	48.9
OCDJONCD_00192	MER0005964	29.008	131	82	5	122	249	60	182	8.58e-07	47.4
OCDJONCD_00200	MER0001295	46.995	183	85	3	145	324	5	178	1.26e-49	164
OCDJONCD_00200	MER0003413	35.673	171	99	3	153	323	6	165	1.59e-24	97.1
OCDJONCD_00200	MER0003065	37.791	172	93	5	153	323	6	164	4.92e-24	95.5
OCDJONCD_00200	MER0001425	37.333	150	83	3	173	321	29	168	6.94e-23	92.4
OCDJONCD_00200	MER0001297	38.462	143	78	3	141	283	1	133	7.64e-23	92.0
OCDJONCD_00200	MER0003514	36.047	172	96	5	153	323	6	164	1.19e-21	88.6
OCDJONCD_00200	MER0015684	37.778	135	74	5	154	282	4	134	1.39e-19	82.8
OCDJONCD_00200	MER0004196	33.533	167	96	4	163	325	15	170	1.97e-19	82.4
OCDJONCD_00200	MER0005714	32.022	178	100	6	153	321	6	171	1.67e-17	77.0
OCDJONCD_00200	MER0004195	32.203	177	103	7	153	325	6	169	2.23e-16	73.9
OCDJONCD_00258	MER0001423	63.793	232	84	0	479	710	1	232	2.17e-108	325
OCDJONCD_00258	MER0005196	40.000	230	137	1	480	709	22	250	5.46e-61	202
OCDJONCD_00258	MER0000399	42.126	254	141	4	460	710	5	255	7.45e-60	199
OCDJONCD_00258	MER0000401	42.308	234	130	3	480	710	26	257	1.20e-57	193
OCDJONCD_00258	MER0000405	41.434	251	132	8	455	693	1	248	1.11e-55	188
OCDJONCD_00258	MER0058228	40.541	222	130	2	476	695	3	224	5.81e-54	182
OCDJONCD_00258	MER0004504	42.128	235	124	6	483	706	2	235	1.92e-53	181
OCDJONCD_00258	MER0011231	40.254	236	133	6	481	712	28	259	1.68e-49	171
OCDJONCD_00258	MER0013484	38.532	218	130	2	480	693	4	221	5.46e-49	169
OCDJONCD_00258	MER0011413	38.182	220	132	2	478	693	2	221	6.42e-49	169
OCDJONCD_00258	MER0011305	41.629	221	122	5	478	693	18	236	2.62e-48	167
OCDJONCD_00258	MER0005987	37.555	229	133	6	487	710	35	258	3.78e-47	164
OCDJONCD_00258	MER0000404	38.430	242	141	5	475	710	21	260	5.71e-47	164
OCDJONCD_00258	MER0004923	37.220	223	136	2	475	693	50	272	5.64e-46	162
OCDJONCD_00258	MER0005994	32.824	262	168	5	455	710	1	260	6.70e-44	155
OCDJONCD_00258	MER0004921	33.475	236	150	4	478	709	2	234	6.52e-43	152
OCDJONCD_00258	MER0004193	35.319	235	145	5	480	711	3	233	2.50e-40	145
OCDJONCD_00258	MER0192427	34.579	214	133	3	483	693	69	278	4.76e-37	137
OCDJONCD_00258	MER0004199	33.921	227	140	6	487	710	1	220	3.63e-35	130
OCDJONCD_00258	MER0000403	27.757	263	181	4	456	712	1	260	6.15e-35	130
OCDJONCD_00258	MER0195666	32.394	213	132	5	480	684	1	209	8.61e-33	124
OCDJONCD_00258	MER0003361	30.973	226	135	8	476	691	13	227	6.96e-31	118
OCDJONCD_00258	MER0005988	34.545	110	71	1	585	693	2	111	4.59e-17	74.7
OCDJONCD_00258	MER0034615	26.695	236	150	4	473	693	3	230	1.88e-16	76.6
OCDJONCD_00258	MER0003558	23.767	223	154	3	493	708	39	252	4.83e-15	72.8
OCDJONCD_00258	MER0018170	23.636	220	146	6	488	692	20	232	1.69e-12	65.1
OCDJONCD_00258	MER0017401	26.122	245	162	8	475	711	2	235	6.28e-12	63.2
OCDJONCD_00258	MER0005807	27.184	206	137	7	493	693	62	259	1.24e-11	62.8
OCDJONCD_00258	MER0000408	21.739	230	162	4	477	693	9	233	3.54e-10	58.2
OCDJONCD_00258	MER0006027	25.446	224	146	7	484	693	22	238	5.97e-10	57.4
OCDJONCD_00258	MER0030932	29.197	137	80	3	558	682	84	215	3.25e-09	55.1
OCDJONCD_00258	MER0140224	25.275	182	122	3	524	692	38	218	5.59e-08	51.2
OCDJONCD_00258	MER0016096	22.553	235	159	7	476	694	2	229	9.18e-07	47.8
OCDJONCD_00258	MER0000263	23.695	249	166	9	476	709	2	241	4.21e-06	45.4
OCDJONCD_00258	MER0981959	24.375	160	108	2	447	606	2	148	8.20e-06	45.1
OCDJONCD_00258	MER0015682	20.548	292	205	9	417	692	6	286	9.29e-06	45.1
OCDJONCD_00297	MER0014188	42.857	91	46	3	132	221	1	86	2.12e-18	75.5
OCDJONCD_00297	MER0001322	37.143	105	53	4	132	231	1	97	2.99e-16	70.1
OCDJONCD_00297	MER0024252	38.462	117	62	4	144	254	14	126	4.19e-15	67.0
OCDJONCD_00297	MER0003807	41.489	94	51	4	132	222	1	93	1.75e-14	65.1
OCDJONCD_00297	MER0003986	41.935	93	50	4	132	221	1	92	5.28e-14	63.9
OCDJONCD_00297	MER0377450	36.957	92	53	2	132	222	1	88	4.92e-13	60.5
OCDJONCD_00297	MER0003808	35.556	90	55	2	132	221	1	87	5.69e-13	60.8
OCDJONCD_00297	MER0376722	35.556	90	55	2	132	221	1	87	6.80e-13	60.1
OCDJONCD_00297	MER0003805	35.870	92	54	2	132	222	1	88	7.48e-13	60.5
OCDJONCD_00297	MER0002443	43.902	82	43	3	142	221	11	91	6.59e-12	58.2
OCDJONCD_00297	MER0377310	34.444	90	56	2	132	221	1	87	1.35e-10	54.3
OCDJONCD_00297	MER0377307	34.444	90	56	2	132	221	1	87	1.35e-10	54.3
OCDJONCD_00297	MER0002450	34.444	90	56	2	132	221	1	87	1.69e-10	54.3
OCDJONCD_00297	MER0004035	40.244	82	44	4	142	221	8	86	4.23e-10	53.1
OCDJONCD_00297	MER0377178	31.373	102	66	3	132	232	1	99	6.17e-09	49.7
OCDJONCD_00297	MER0004054	34.343	99	41	5	137	221	6	94	2.43e-07	45.4
OCDJONCD_00308	MER0034541	22.428	1293	867	44	4	1206	135	1381	1.30e-64	237
OCDJONCD_00371	MER0003105	41.525	118	66	3	295	410	1	117	5.75e-21	88.6
OCDJONCD_00371	MER0016544	38.298	141	64	3	295	414	1	139	2.32e-20	87.4
OCDJONCD_00371	MER0004321	38.983	118	71	1	295	412	1	117	1.56e-19	84.7
OCDJONCD_00371	MER0027437	35.833	120	72	3	296	412	2	119	3.53e-18	80.5
OCDJONCD_00371	MER0016542	36.552	145	67	5	297	418	3	145	2.53e-17	78.6
OCDJONCD_00371	MER0002039	41.379	116	67	1	295	410	1	115	8.35e-16	73.6
OCDJONCD_00371	MER0014518	35.897	117	70	4	297	410	3	117	8.21e-14	68.2
OCDJONCD_00372	MER0004321	49.194	124	55	4	2	119	136	257	3.00e-31	110
OCDJONCD_00372	MER0016542	47.967	123	58	3	2	119	158	279	2.51e-28	103
OCDJONCD_00372	MER0003105	42.975	121	65	2	2	120	138	256	2.20e-27	100
OCDJONCD_00372	MER0016544	41.463	123	67	3	2	119	156	278	2.20e-25	95.5
OCDJONCD_00372	MER0002039	45.133	113	58	3	2	113	136	245	4.46e-25	94.0
OCDJONCD_00372	MER0014518	42.149	121	67	2	2	119	138	258	4.17e-24	91.7
OCDJONCD_00372	MER0027437	41.071	112	65	1	2	113	138	248	1.29e-21	85.1
OCDJONCD_00372	MER0005462	36.585	82	46	3	12	91	136	213	7.90e-08	47.0
OCDJONCD_00372	MER0004931	34.884	86	42	4	12	91	136	213	8.38e-06	41.2
OCDJONCD_00422	MER0000589	23.739	337	142	11	137	465	1	230	3.46e-17	78.2
OCDJONCD_00422	MER0013626	23.881	134	75	3	348	463	21	145	7.10e-09	52.0
OCDJONCD_00423	MER0192051	27.803	223	135	7	17	223	95	307	1.64e-10	58.2
OCDJONCD_00479	MER0047723	47.182	479	242	3	8	480	2	475	1.06e-158	456
OCDJONCD_00479	MER0001283	45.041	484	266	0	3	486	1	484	1.72e-157	453
OCDJONCD_00479	MER0028941	30.128	156	85	5	13	156	2	145	1.69e-09	56.2
OCDJONCD_00479	MER0369336	32.743	113	62	3	64	172	7	109	2.08e-09	55.5
OCDJONCD_00495	MER0069741	44.330	97	52	2	190	286	70	164	2.68e-21	85.5
OCDJONCD_00495	MER0003380	36.207	116	64	2	180	286	119	233	6.03e-20	83.6
OCDJONCD_00495	MER0005300	30.864	162	95	4	143	288	2	162	6.31e-18	76.3
OCDJONCD_00495	MER0003376	34.127	126	67	5	178	288	33	157	6.42e-18	76.3
OCDJONCD_00495	MER0015415	33.333	153	89	6	128	275	5	149	5.67e-16	71.2
OCDJONCD_00495	MER0003906	37.143	105	59	3	190	288	1	104	8.99e-16	68.9
OCDJONCD_00495	MER0013541	36.047	86	54	1	190	275	1	85	5.92e-14	63.2
OCDJONCD_00495	MER0003423	34.375	96	60	2	190	283	32	126	4.42e-12	59.7
OCDJONCD_00495	MER0387040	31.250	96	64	2	190	284	1	95	1.65e-11	57.0
OCDJONCD_00495	MER0066182	31.250	96	64	2	190	284	92	186	2.79e-11	58.5
OCDJONCD_00495	MER0001419	33.333	87	55	2	190	274	32	117	3.23e-10	54.3
OCDJONCD_00495	MER0025070	31.532	111	64	4	190	288	6	116	2.02e-09	51.6
OCDJONCD_00495	MER0388771	31.532	111	64	4	190	288	2	112	2.14e-09	51.2
OCDJONCD_00535	MER1137211	26.984	189	109	7	422	602	37	204	4.03e-11	59.7
OCDJONCD_00585	MER0044357	25.000	188	112	6	39	200	67	251	3.50e-11	60.5
OCDJONCD_00585	MER0044357	28.704	108	72	2	211	317	341	444	1.36e-07	49.3
OCDJONCD_00653	MER0000485	51.389	72	35	0	1	72	167	238	2.94e-20	77.8
OCDJONCD_00653	MER0011056	47.826	69	36	0	1	69	153	221	1.59e-19	75.5
OCDJONCD_00653	MER0003442	47.297	74	38	1	1	73	153	226	2.69e-19	75.1
OCDJONCD_00653	MER0000495	48.000	75	39	0	1	75	175	249	1.45e-18	73.6
OCDJONCD_00653	MER0011057	43.478	69	39	0	1	69	153	221	1.44e-17	70.5
OCDJONCD_00653	MER0014970	51.471	68	33	0	1	68	211	278	6.17e-17	69.7
OCDJONCD_00653	MER0003443	53.226	62	29	0	1	62	160	221	5.04e-16	66.6
OCDJONCD_00653	MER0004236	50.000	64	32	0	1	64	193	256	5.24e-16	67.0
OCDJONCD_00653	MER0000488	43.750	64	36	0	1	64	166	229	3.80e-13	58.9
OCDJONCD_00653	MER0000496	50.943	53	26	0	1	53	225	277	2.17e-11	54.7
OCDJONCD_00653	MER0017402	39.437	71	42	1	1	71	134	203	1.04e-10	52.0
OCDJONCD_00653	MER0005837	49.020	51	19	1	1	51	179	222	1.20e-10	52.4
OCDJONCD_00653	MER0108906	42.029	69	40	0	1	69	163	231	2.00e-10	51.6
OCDJONCD_00653	MER0003859	35.065	77	40	2	1	77	158	224	4.62e-09	47.8
OCDJONCD_00653	MER0003359	50.000	42	21	0	1	42	159	200	3.96e-08	45.1
OCDJONCD_00653	MER0026213	30.137	73	51	0	1	73	187	259	7.14e-08	44.7
OCDJONCD_00654	MER0000485	44.248	113	62	1	569	680	1	113	7.38e-22	92.4
OCDJONCD_00654	MER0000495	37.815	119	65	2	569	678	1	119	2.74e-18	82.0
OCDJONCD_00654	MER0014970	30.263	152	66	1	569	680	1	152	1.14e-16	78.2
OCDJONCD_00654	MER0000488	38.261	115	71	0	569	683	1	115	1.12e-15	73.9
OCDJONCD_00654	MER0003443	43.421	76	42	1	606	680	27	102	1.30e-14	70.5
OCDJONCD_00654	MER0005837	37.500	128	61	3	570	680	2	127	1.85e-14	70.9
OCDJONCD_00654	MER0003442	46.753	77	38	1	599	672	15	91	1.08e-13	67.8
OCDJONCD_00654	MER0011057	46.667	75	37	1	601	672	17	91	2.94e-13	66.6
OCDJONCD_00654	MER0011056	44.872	78	40	1	598	672	14	91	2.97e-13	66.6
OCDJONCD_00654	MER0108906	34.234	111	66	2	569	677	1	106	5.48e-11	60.1
OCDJONCD_00654	MER0000496	37.500	88	50	1	595	677	81	168	3.83e-10	58.5
OCDJONCD_00654	MER0004236	43.103	58	33	0	624	681	85	142	1.20e-08	53.5
OCDJONCD_00683	MER0095620	39.437	355	195	7	49	386	5	356	6.78e-89	270
OCDJONCD_00683	MER0000728	22.078	385	247	12	42	390	52	419	1.05e-10	59.7
OCDJONCD_00683	MER0002481	22.482	427	261	19	15	387	22	432	1.74e-09	55.8
OCDJONCD_00683	MER0003534	22.388	402	241	12	31	387	44	419	1.99e-09	55.8
OCDJONCD_00683	MER0000727	21.140	421	264	15	17	390	33	432	2.13e-08	52.4
OCDJONCD_00683	MER0016115	41.304	46	27	0	320	365	156	201	6.49e-06	43.9
OCDJONCD_00689	MER0042387	33.108	148	91	3	90	230	24	170	7.25e-28	102
OCDJONCD_00689	MER0026552	27.673	159	115	0	76	234	4	162	1.68e-17	75.1
OCDJONCD_00689	MER0026496	31.383	188	109	6	67	234	77	264	5.76e-17	75.5
OCDJONCD_00689	MER0031491	24.444	180	116	5	68	230	2	178	1.57e-13	64.7
OCDJONCD_00689	MER0002639	29.870	154	99	4	87	234	17	167	1.32e-12	61.6
OCDJONCD_00689	MER0026545	27.097	155	104	3	97	243	117	270	3.79e-10	55.8
OCDJONCD_00689	MER0002642	26.347	167	112	3	76	234	4	167	3.91e-10	54.7
OCDJONCD_00689	MER0006292	31.132	106	64	6	88	185	19	123	1.64e-06	44.3
OCDJONCD_00691	MER0005925	39.130	69	41	1	50	118	6	73	5.75e-11	55.5
OCDJONCD_00691	MER0005923	27.273	77	55	1	39	115	1	76	6.87e-09	49.3
OCDJONCD_00691	MER0011700	30.435	69	47	1	46	114	1	68	7.59e-08	46.2
OCDJONCD_00691	MER0026262	29.167	72	47	2	50	118	2	72	8.93e-08	46.2
OCDJONCD_00691	MER0005836	30.000	70	48	1	46	115	10	78	2.04e-06	42.0
OCDJONCD_00692	MER0011700	29.181	281	155	11	1	239	75	353	9.35e-27	103
OCDJONCD_00692	MER0140154	26.766	269	153	9	2	233	72	333	1.73e-21	89.4
OCDJONCD_00692	MER0005923	29.126	206	106	8	51	223	208	406	4.47e-17	77.4
OCDJONCD_00692	MER0000459	22.353	255	171	6	1	236	81	327	1.37e-11	60.8
OCDJONCD_00692	MER0017069	26.860	242	156	8	5	233	73	306	3.30e-10	56.6
OCDJONCD_00692	MER0002489	25.974	231	147	9	6	218	86	310	8.71e-09	52.4
OCDJONCD_00692	MER0004090	24.537	216	126	9	51	233	151	362	2.91e-07	47.8
OCDJONCD_00692	MER0028284	23.237	241	166	9	7	234	80	314	1.04e-06	45.8
OCDJONCD_00692	MER1143079	27.014	211	137	9	7	216	73	267	5.28e-06	43.5
OCDJONCD_00697	MER0001161	37.261	679	417	5	3	673	1	678	1.84e-160	474
OCDJONCD_00697	MER0001158	36.269	670	421	5	8	673	10	677	3.25e-141	425
OCDJONCD_00697	MER0006087	34.453	685	425	12	11	674	18	699	1.76e-131	400
OCDJONCD_00697	MER0015119	32.249	707	433	15	11	674	14	717	2.82e-124	382
OCDJONCD_00697	MER0001149	31.134	591	377	12	95	673	104	676	1.05e-86	283
OCDJONCD_00697	MER0108144	29.738	649	423	12	47	673	25	662	1.11e-86	282
OCDJONCD_00697	MER0003110	29.429	683	411	18	47	673	48	715	2.71e-78	261
OCDJONCD_00697	MER0001942	30.847	590	380	11	95	673	104	676	5.26e-78	259
OCDJONCD_00697	MER0001153	30.924	595	379	14	101	673	108	692	6.15e-75	251
OCDJONCD_00697	MER0079465	28.393	560	367	14	132	673	91	634	3.75e-67	229
OCDJONCD_00697	MER0015170	25.177	564	384	14	111	668	94	625	2.68e-51	185
OCDJONCD_00697	MER0001156	25.873	630	413	17	65	650	65	684	2.41e-48	178
OCDJONCD_00697	MER0021317	36.364	66	42	0	437	502	22	87	2.07e-09	52.0
OCDJONCD_00697	MER0059435	25.714	210	136	4	424	614	448	656	5.37e-08	52.8
OCDJONCD_00747	MER0000268	52.518	139	63	3	1	139	19	154	1.27e-41	139
OCDJONCD_00747	MER0000266	48.921	139	69	1	1	139	20	156	5.93e-40	135
OCDJONCD_00747	MER0003850	47.059	153	77	3	7	158	27	176	1.62e-39	135
OCDJONCD_00747	MER0004111	45.324	139	74	2	1	139	19	155	3.95e-39	133
OCDJONCD_00747	MER0001372	51.128	133	63	2	7	139	26	156	4.57e-39	133
OCDJONCD_00747	MER0013623	48.092	131	64	2	9	139	27	153	3.08e-38	130
OCDJONCD_00747	MER0004149	46.429	140	73	2	1	139	25	163	1.47e-36	127
OCDJONCD_00747	MER0003290	43.972	141	74	3	1	139	19	156	4.72e-33	117
OCDJONCD_00747	MER0004673	35.102	245	130	5	9	238	37	267	5.90e-33	120
OCDJONCD_00747	MER0005468	45.185	135	71	3	7	139	25	158	6.35e-32	114
OCDJONCD_00747	MER0001945	41.135	141	81	2	1	139	19	159	1.20e-29	108
OCDJONCD_00747	MER0010944	44.882	127	67	2	15	139	46	171	1.31e-29	108
OCDJONCD_00747	MER0002577	42.857	140	74	2	1	139	19	153	1.93e-29	107
OCDJONCD_00747	MER0014795	44.776	134	68	2	7	139	31	159	2.25e-28	105
OCDJONCD_00747	MER0016351	40.000	140	78	2	1	139	19	153	2.58e-28	104
OCDJONCD_00747	MER0028330	41.429	140	76	2	1	139	19	153	3.96e-28	104
OCDJONCD_00747	MER0003293	46.032	126	63	3	9	133	27	148	1.27e-26	100
OCDJONCD_00747	MER0006096	39.552	134	77	2	7	139	1	131	1.75e-26	99.4
OCDJONCD_00747	MER0001373	47.368	114	58	2	9	122	27	138	2.54e-26	99.8
OCDJONCD_00747	MER0016031	41.781	146	77	4	1	139	22	166	8.12e-26	98.6
OCDJONCD_00747	MER0022668	40.000	150	79	5	1	139	22	171	4.47e-25	96.7
OCDJONCD_00747	MER0004093	41.538	130	70	2	11	139	29	153	5.15e-25	96.3
OCDJONCD_00747	MER0011375	38.235	136	77	3	5	139	25	154	6.19e-24	93.2
OCDJONCD_00747	MER0004086	39.161	143	82	3	1	139	21	162	7.53e-24	93.2
OCDJONCD_00747	MER0015583	42.857	119	65	2	7	122	31	149	4.97e-22	88.2
OCDJONCD_00747	MER0005093	38.053	113	69	1	19	130	48	160	4.52e-20	83.2
OCDJONCD_00747	MER0063616	38.679	106	59	3	18	123	47	146	1.32e-15	70.5
OCDJONCD_00747	MER0005094	32.456	114	66	5	13	120	31	139	8.24e-08	48.1
OCDJONCD_00747	MER0145078	40.984	61	33	1	66	123	161	221	1.19e-06	45.8
OCDJONCD_00747	MER0014317	33.333	114	67	6	12	120	29	138	6.08e-06	42.7
OCDJONCD_00806	MER0209507	31.707	82	56	0	104	185	10	91	6.19e-07	43.9
OCDJONCD_00806	MER0200434	32.222	90	54	2	102	187	13	99	1.74e-06	42.7
OCDJONCD_00806	MER0213229	27.160	81	59	0	101	181	9	89	1.75e-06	42.4
OCDJONCD_00807	MER0005767	25.952	289	175	9	55	339	29	282	1.67e-11	61.6
OCDJONCD_00835	MER0006046	43.750	48	27	0	1	48	156	203	2.22e-11	52.4
OCDJONCD_00835	MER0005687	44.898	49	27	0	1	49	160	208	8.09e-11	51.2
OCDJONCD_00835	MER0004857	39.583	48	29	0	1	48	156	203	1.18e-10	50.4
OCDJONCD_00835	MER0006056	47.059	51	27	0	1	51	160	210	2.08e-10	50.1
OCDJONCD_00835	MER0000474	35.294	51	33	0	1	51	156	206	9.12e-10	48.1
OCDJONCD_00835	MER0004847	35.294	51	33	0	1	51	157	207	2.58e-09	47.0
OCDJONCD_00835	MER0002211	40.816	49	29	0	1	49	156	204	6.62e-09	45.8
OCDJONCD_00835	MER0006308	36.000	50	32	0	1	50	147	196	9.15e-08	42.7
OCDJONCD_00835	MER0002299	35.556	45	29	0	3	47	152	196	1.31e-07	42.4
OCDJONCD_00835	MER0011666	37.500	48	30	0	1	48	138	185	2.81e-07	41.2
OCDJONCD_00835	MER0004182	34.043	47	31	0	2	48	153	199	2.61e-06	38.5
OCDJONCD_00835	MER0006063	40.909	44	26	0	5	48	161	204	2.62e-06	38.5
OCDJONCD_00835	MER0004855	35.417	48	31	0	1	48	158	205	6.98e-06	37.4
OCDJONCD_00836	MER0000474	60.150	133	53	0	28	160	15	147	2.22e-55	170
OCDJONCD_00836	MER0005687	59.055	127	47	1	31	157	27	148	5.90e-47	149
OCDJONCD_00836	MER0002299	53.846	130	60	0	31	160	12	141	3.49e-46	146
OCDJONCD_00836	MER0006046	50.758	132	65	0	28	159	15	146	4.67e-45	144
OCDJONCD_00836	MER0002211	51.515	132	64	0	29	160	16	147	2.69e-44	142
OCDJONCD_00836	MER0004857	60.870	115	44	1	46	160	34	147	2.54e-42	137
OCDJONCD_00836	MER0004855	43.137	153	81	1	8	160	3	149	3.84e-42	136
OCDJONCD_00836	MER0006063	48.000	125	65	0	35	159	23	147	2.45e-40	132
OCDJONCD_00836	MER0004847	55.372	121	54	0	31	151	18	138	3.42e-38	126
OCDJONCD_00836	MER0006308	46.018	113	61	0	40	152	17	129	5.32e-38	125
OCDJONCD_00836	MER0004182	49.123	114	58	0	44	157	27	140	9.95e-35	117
OCDJONCD_00836	MER0006056	50.000	104	51	1	54	157	46	148	1.07e-32	112
OCDJONCD_00836	MER0011666	43.243	111	62	1	45	154	11	121	1.89e-26	95.9
OCDJONCD_00836	MER0001369	40.741	81	46	1	71	151	52	130	1.68e-08	47.4
OCDJONCD_00878	MER0037236	25.591	254	163	6	13	243	11	261	1.68e-18	79.3
OCDJONCD_00878	MER0004146	25.670	261	157	11	11	243	10	261	4.13e-15	69.7
OCDJONCD_00878	MER0031611	25.385	260	163	7	17	249	35	290	6.44e-14	67.0
OCDJONCD_00878	MER0036066	21.721	244	164	6	22	242	1	240	1.56e-11	59.3
OCDJONCD_00878	MER0036076	24.576	236	155	8	22	241	63	291	3.78e-10	55.8
OCDJONCD_00878	MER0036053	24.638	276	145	11	16	243	3	263	7.46e-10	54.7
OCDJONCD_00878	MER0036068	22.314	242	164	9	22	241	54	293	2.19e-09	53.5
OCDJONCD_00878	MER0035973	24.157	178	105	4	83	242	121	286	1.80e-08	50.8
OCDJONCD_00878	MER0017142	24.468	188	109	4	77	241	67	244	2.78e-08	50.1
OCDJONCD_00878	MER0036057	19.342	243	168	6	22	243	63	298	3.46e-08	50.1
OCDJONCD_00878	MER0213280	31.959	97	60	3	21	112	30	125	5.75e-08	49.3
OCDJONCD_00878	MER0036067	23.750	240	159	7	22	240	52	288	8.57e-08	48.9
OCDJONCD_00878	MER0017033	21.862	247	157	8	22	243	65	300	1.30e-07	48.5
OCDJONCD_00878	MER0035038	27.835	97	64	2	21	112	30	125	2.37e-07	47.8
OCDJONCD_00878	MER0003537	23.618	199	122	7	81	251	88	284	3.55e-07	47.0
OCDJONCD_00878	MER0044350	22.652	181	119	5	21	187	1	174	4.41e-07	46.6
OCDJONCD_00878	MER0036054	21.569	255	162	8	22	239	17	270	3.26e-06	43.9
OCDJONCD_00878	MER0066189	22.078	231	145	11	16	231	12	222	6.56e-06	43.1
OCDJONCD_00911	MER0000410	58.929	280	113	1	435	714	2	279	4.52e-120	358
OCDJONCD_00911	MER0082498	40.647	278	141	6	458	711	6	283	6.93e-67	219
OCDJONCD_00911	MER0011872	39.777	269	159	2	451	716	16	284	8.16e-67	219
OCDJONCD_00911	MER0005694	34.657	277	166	4	448	716	13	282	6.95e-50	173
OCDJONCD_00911	MER0000392	32.852	277	169	5	447	711	2	273	1.91e-45	160
OCDJONCD_00911	MER0079308	35.714	266	160	6	451	711	6	265	1.98e-44	157
OCDJONCD_00911	MER0015621	31.973	294	174	6	437	711	4	290	1.01e-43	156
OCDJONCD_00911	MER0002490	30.820	305	173	8	436	711	3	298	4.88e-42	152
OCDJONCD_00911	MER0082653	35.217	230	134	6	460	675	14	242	2.67e-38	140
OCDJONCD_00911	MER0004227	34.862	218	141	1	457	673	28	245	1.13e-37	139
OCDJONCD_00911	MER0022823	31.439	264	172	5	454	711	10	270	3.28e-37	137
OCDJONCD_00911	MER0981959	29.078	282	179	5	447	711	1	278	3.97e-37	137
OCDJONCD_00911	MER0011450	32.308	260	156	7	448	694	3	255	5.67e-35	131
OCDJONCD_00911	MER0325901	30.182	275	184	7	448	717	1	272	5.11e-32	122
OCDJONCD_00911	MER0003229	29.478	268	175	6	448	711	11	268	7.27e-29	113
OCDJONCD_00911	MER0000398	28.682	258	168	7	456	712	8	250	1.70e-27	108
OCDJONCD_00919	MER0026545	32.735	223	130	6	43	254	55	268	1.34e-32	117
OCDJONCD_00919	MER0026552	38.596	171	96	3	79	249	2	163	4.14e-30	108
OCDJONCD_00919	MER0042387	32.653	196	107	5	62	251	2	178	7.39e-29	105
OCDJONCD_00919	MER0026496	26.996	263	165	9	9	254	19	271	1.46e-22	90.9
OCDJONCD_00919	MER0031491	30.539	167	100	5	91	246	20	181	5.20e-21	84.7
OCDJONCD_00919	MER0002642	24.561	171	110	4	93	255	16	175	2.69e-09	52.4
OCDJONCD_00919	MER0002639	25.595	168	116	5	79	243	2	163	9.40e-07	45.1
OCDJONCD_00957	MER0005694	54.965	282	126	1	423	704	1	281	2.17e-103	314
OCDJONCD_00957	MER0000392	52.941	272	118	4	435	697	3	273	5.09e-100	306
OCDJONCD_00957	MER0015621	53.047	279	114	4	435	697	13	290	4.62e-98	301
OCDJONCD_00957	MER0022823	52.788	269	120	6	435	697	3	270	1.24e-91	284
OCDJONCD_00957	MER0079308	51.504	266	125	4	438	701	6	269	5.03e-91	282
OCDJONCD_00957	MER0002490	49.129	287	121	5	435	697	13	298	1.32e-90	282
OCDJONCD_00957	MER0981959	50.183	273	119	4	434	690	1	272	5.20e-90	280
OCDJONCD_00957	MER0011450	49.451	273	125	6	435	697	3	272	3.86e-84	264
OCDJONCD_00957	MER0325901	45.620	274	144	5	435	704	1	273	1.40e-71	231
OCDJONCD_00957	MER0000398	45.946	259	127	6	440	698	5	250	5.53e-64	210
OCDJONCD_00957	MER0003229	37.410	278	165	6	425	701	2	271	3.37e-52	179
OCDJONCD_00957	MER0000410	30.970	268	178	5	435	698	13	277	3.34e-40	146
OCDJONCD_00957	MER0011872	30.935	278	184	5	431	702	9	284	3.22e-32	123
OCDJONCD_00957	MER0082498	30.769	234	148	6	440	660	1	233	1.03e-26	107
OCDJONCD_00957	MER0082653	28.244	262	166	8	449	689	16	276	2.57e-25	103
OCDJONCD_00957	MER0004227	29.500	200	137	2	449	645	33	231	3.63e-23	97.4
OCDJONCD_00957	MER0001920	26.724	232	154	9	474	697	21	244	1.81e-10	58.9
OCDJONCD_00957	MER0015682	25.463	216	143	8	467	678	85	286	2.52e-06	46.6
OCDJONCD_00957	MER0003558	20.870	230	163	4	418	647	1	211	3.16e-06	46.2
OCDJONCD_00957	MER0192427	27.344	128	90	2	468	592	75	202	7.61e-06	45.1
OCDJONCD_00970	MER0014135	40.520	269	158	2	183	450	1	268	1.53e-74	232
OCDJONCD_01043	MER0002161	43.750	64	30	2	19	80	113	172	3.15e-09	51.6
OCDJONCD_01043	MER0037181	37.879	66	35	2	21	84	115	176	3.15e-07	45.8
OCDJONCD_01043	MER0005139	31.429	70	43	2	6	70	97	166	9.33e-07	44.3
OCDJONCD_01081	MER0015121	30.833	120	60	4	36	132	37	156	1.62e-10	54.3
OCDJONCD_01081	MER0013471	29.078	141	77	6	4	123	6	144	2.84e-09	50.8
OCDJONCD_01081	MER0107602	37.143	70	36	1	62	123	68	137	1.80e-07	45.4
OCDJONCD_01081	MER0003817	28.696	115	55	3	36	123	37	151	4.51e-07	44.3
OCDJONCD_01081	MER0011257	22.549	102	61	2	37	120	43	144	5.50e-06	41.2
OCDJONCD_01081	MER0001202	25.191	131	71	3	20	123	21	151	6.35e-06	41.2
OCDJONCD_01089	MER0005244	37.569	181	113	0	270	450	3	183	4.03e-36	129
OCDJONCD_01089	MER0005241	32.273	220	131	7	268	470	1	219	6.59e-23	94.4
OCDJONCD_01089	MER0001284	39.806	103	54	1	272	366	36	138	6.11e-16	74.3
OCDJONCD_01089	MER0004514	35.849	106	60	1	269	366	33	138	3.33e-15	72.0
OCDJONCD_01089	MER0005238	38.000	100	56	3	272	367	67	164	9.92e-11	59.3
OCDJONCD_01089	MER0005239	33.645	107	64	3	270	371	67	171	3.15e-10	57.8
OCDJONCD_01089	MER0002104	34.884	86	51	2	272	354	67	150	2.54e-09	55.1
OCDJONCD_01089	MER0001911	26.812	138	95	3	270	406	39	171	4.33e-09	53.9
OCDJONCD_01089	MER0001288	32.143	112	72	3	249	360	1	108	9.45e-09	52.8
OCDJONCD_01089	MER0005131	29.091	110	67	3	272	370	38	147	1.13e-08	52.8
OCDJONCD_01089	MER0100667	39.759	83	45	2	270	349	22	102	1.50e-08	52.0
OCDJONCD_01089	MER0015691	34.884	86	51	2	272	354	53	136	1.95e-08	52.0
OCDJONCD_01089	MER0005149	38.095	84	46	2	272	351	65	146	3.12e-08	52.0
OCDJONCD_01089	MER0005152	28.455	123	79	5	232	350	22	139	6.88e-08	50.4
OCDJONCD_01089	MER0015336	31.765	85	53	2	271	352	61	143	2.51e-07	48.9
OCDJONCD_01089	MER0005139	32.558	86	52	2	272	353	63	146	3.36e-07	48.5
OCDJONCD_01089	MER0002161	33.766	77	50	1	272	348	66	141	1.21e-06	47.0
OCDJONCD_01089	MER0037181	31.868	91	61	1	272	362	66	155	2.61e-06	45.8
OCDJONCD_01099	MER0039993	39.038	707	402	12	24	712	1	696	9.72e-168	495
OCDJONCD_01099	MER0014366	36.209	707	425	10	17	712	21	712	8.95e-149	447
OCDJONCD_01099	MER0217397	35.610	688	421	11	38	712	1	679	5.04e-139	421
OCDJONCD_01099	MER0501051	36.965	257	153	6	22	274	2	253	7.56e-47	168
OCDJONCD_01099	MER0501051	40.789	152	83	4	562	711	253	399	1.71e-27	112
OCDJONCD_01105	MER0045094	42.473	186	102	4	3	184	14	198	1.45e-44	145
OCDJONCD_01105	MER0044622	42.021	188	102	5	3	184	28	214	1.21e-43	143
OCDJONCD_01105	MER0043394	41.818	165	92	3	25	186	1	164	1.22e-41	135
OCDJONCD_01105	MER0044882	39.766	171	95	5	23	185	1	171	3.87e-36	121
OCDJONCD_01105	MER0043392	39.568	139	81	3	46	184	23	158	1.57e-27	99.0
OCDJONCD_01105	MER0044619	32.474	194	116	10	1	185	8	195	2.41e-23	90.1
OCDJONCD_01105	MER0043195	32.512	203	110	7	4	183	8	206	6.32e-23	89.0
OCDJONCD_01105	MER0043537	29.348	184	123	6	3	183	2	181	1.19e-19	79.0
OCDJONCD_01105	MER0045095	29.302	215	118	9	1	185	15	225	4.60e-15	68.2
OCDJONCD_01105	MER0044812	26.250	160	106	5	15	170	68	219	7.14e-08	47.8
OCDJONCD_01105	MER0045945	31.579	133	71	5	46	170	75	195	2.34e-07	46.2
OCDJONCD_01105	MER0436691	27.941	136	93	4	35	169	94	225	5.19e-07	45.4
OCDJONCD_01105	MER0045886	27.273	110	78	2	74	183	85	192	6.45e-07	45.1
OCDJONCD_01105	MER0044889	25.850	147	101	4	41	184	58	199	1.92e-06	43.5
OCDJONCD_01105	MER0043387	28.319	113	78	3	72	184	56	165	4.34e-06	42.0
OCDJONCD_01136	MER0039993	39.886	702	403	10	22	710	1	696	2.87e-175	515
OCDJONCD_01136	MER0014366	37.966	698	413	7	21	710	27	712	2.04e-161	480
OCDJONCD_01136	MER0217397	37.518	693	401	12	36	710	1	679	2.89e-153	458
OCDJONCD_01136	MER0501051	41.634	257	145	4	21	275	3	256	1.04e-58	201
OCDJONCD_01136	MER0501051	44.595	148	80	2	563	709	253	399	3.64e-32	126
OCDJONCD_01149	MER0065554	49.407	253	117	2	301	543	9	260	2.68e-79	247
OCDJONCD_01149	MER0437468	39.255	349	197	5	209	543	1	348	1.75e-77	245
OCDJONCD_01149	MER0436717	34.925	398	192	8	209	543	1	394	1.53e-61	205
OCDJONCD_01149	MER0031278	26.641	259	132	15	317	551	27	251	1.54e-06	46.6
OCDJONCD_01255	MER0048181	31.690	142	81	2	47	172	1	142	1.34e-13	62.8
OCDJONCD_01255	MER0015458	29.630	189	91	6	42	202	47	221	1.21e-12	62.0
OCDJONCD_01255	MER0015473	31.081	148	88	3	47	180	37	184	1.64e-12	61.2
OCDJONCD_01255	MER0015459	34.228	149	89	3	39	186	42	182	9.23e-12	59.3
OCDJONCD_01255	MER0015472	31.818	132	85	2	50	176	48	179	1.16e-11	58.5
OCDJONCD_01255	MER0035036	32.609	138	85	3	45	176	86	221	4.67e-11	57.4
OCDJONCD_01255	MER0015462	32.039	103	68	1	18	120	19	119	1.46e-10	55.5
OCDJONCD_01255	MER0015632	29.487	156	95	4	39	186	37	185	4.75e-09	51.6
OCDJONCD_01255	MER0015633	32.051	156	72	8	39	180	42	177	5.54e-09	51.2
OCDJONCD_01255	MER0030047	29.323	133	86	3	50	176	1	131	7.72e-09	49.7
OCDJONCD_01255	MER0015659	37.349	83	49	1	39	121	42	121	1.36e-08	50.1
OCDJONCD_01255	MER0015460	36.170	94	57	1	39	132	71	161	2.52e-08	49.7
OCDJONCD_01255	MER0015449	29.221	154	87	4	40	179	46	191	2.99e-08	49.3
OCDJONCD_01255	MER0015630	31.159	138	85	4	45	180	51	180	7.46e-08	48.1
OCDJONCD_01255	MER0015686	33.333	144	86	5	39	180	42	177	2.68e-07	46.6
OCDJONCD_01255	MER0015631	30.070	143	94	4	39	180	44	181	3.11e-07	46.2
OCDJONCD_01255	MER0094384	27.119	177	115	5	14	187	6	171	1.95e-06	43.9
OCDJONCD_01255	MER0003940	28.099	121	76	2	6	126	10	119	2.29e-06	43.5
OCDJONCD_01262	MER0045886	41.850	227	129	3	1	225	11	236	3.41e-54	179
OCDJONCD_01262	MER0044889	35.088	228	143	4	2	226	17	242	2.33e-41	145
OCDJONCD_01262	MER0038086	35.160	219	127	4	4	207	29	247	1.14e-37	135
OCDJONCD_01262	MER0436735	27.969	261	151	4	2	225	2	262	2.44e-33	124
OCDJONCD_01262	MER0042974	32.474	194	124	3	11	197	1	194	6.83e-27	104
OCDJONCD_01262	MER0043387	33.708	178	114	3	19	194	1	176	1.41e-25	100
OCDJONCD_01262	MER0043537	33.516	182	116	4	4	182	2	181	1.21e-24	98.2
OCDJONCD_01262	MER0044622	34.694	147	81	7	65	205	95	232	8.77e-11	59.3
OCDJONCD_01262	MER0045094	33.333	117	73	3	70	183	84	198	3.73e-08	51.2
OCDJONCD_01262	MER0043392	28.481	158	102	6	34	183	4	158	5.59e-08	49.7
OCDJONCD_01262	MER0043394	31.405	121	70	5	70	183	48	162	1.05e-07	48.5
OCDJONCD_01262	MER0043475	33.981	103	62	5	71	168	93	194	1.58e-07	49.3
OCDJONCD_01289	MER0491616	29.333	300	162	6	28	325	1	252	1.57e-40	140
OCDJONCD_01292	MER0003242	52.159	301	140	2	110	410	2	298	1.20e-110	324
OCDJONCD_01292	MER0013876	30.612	294	180	8	30	316	1	277	7.63e-35	129
OCDJONCD_01292	MER0003855	29.110	292	183	7	30	310	1	279	1.05e-33	127
OCDJONCD_01292	MER0004416	29.310	290	166	9	42	312	11	280	4.85e-25	100
OCDJONCD_01365	MER0056525	50.800	250	119	3	407	654	1	248	1.40e-85	266
OCDJONCD_01365	MER0005496	47.036	253	132	1	407	657	1	253	2.18e-78	248
OCDJONCD_01365	MER0023544	45.455	253	136	1	407	657	1	253	2.52e-76	242
OCDJONCD_01365	MER0011748	50.000	230	113	2	407	635	1	229	4.69e-75	239
OCDJONCD_01365	MER0015609	49.130	230	113	2	407	635	1	227	1.53e-74	238
OCDJONCD_01365	MER0011224	45.415	229	125	0	407	635	1	229	1.42e-72	233
OCDJONCD_01365	MER0015195	46.753	231	121	2	407	636	1	230	2.48e-71	229
OCDJONCD_01365	MER0002605	45.217	230	123	2	407	635	1	228	1.80e-68	221
OCDJONCD_01365	MER0015194	45.455	231	122	2	408	636	2	230	9.36e-67	217
OCDJONCD_01365	MER0171760	40.075	267	154	3	372	635	1	264	1.25e-64	211
OCDJONCD_01365	MER0002600	41.732	254	138	4	407	659	1	245	2.29e-64	210
OCDJONCD_01365	MER0024898	44.156	231	127	2	407	635	1	231	5.65e-62	204
OCDJONCD_01365	MER0014306	39.130	253	152	1	407	657	1	253	1.88e-61	203
OCDJONCD_01365	MER0004454	41.810	232	133	2	407	636	1	232	1.18e-56	190
OCDJONCD_01365	MER0002602	42.609	230	125	2	408	630	2	231	1.55e-56	189
OCDJONCD_01365	MER0005466	39.224	232	134	3	408	632	2	233	3.81e-55	185
OCDJONCD_01365	MER0015199	40.693	231	131	2	407	631	1	231	6.36e-52	177
OCDJONCD_01365	MER0002563	36.752	234	137	3	408	630	2	235	7.79e-49	168
OCDJONCD_01365	MER0001620	38.272	243	138	4	407	641	1	239	1.75e-48	168
OCDJONCD_01365	MER0002408	38.723	235	132	6	407	632	1	232	2.70e-46	161
OCDJONCD_01365	MER0017637	37.179	234	136	3	408	630	2	235	3.11e-46	161
OCDJONCD_01365	MER0015197	37.963	216	126	4	419	629	13	225	2.81e-45	159
OCDJONCD_01365	MER0015193	37.768	233	134	5	407	630	1	231	3.39e-44	155
OCDJONCD_01365	MER0011745	34.483	232	142	5	407	630	1	230	6.95e-43	152
OCDJONCD_01365	MER0015137	34.483	232	142	5	407	630	1	230	2.38e-41	148
OCDJONCD_01365	MER0002608	36.905	252	151	6	408	652	2	252	8.84e-37	135
OCDJONCD_01365	MER0190705	34.649	228	139	3	408	633	1	220	1.25e-36	134
OCDJONCD_01365	MER0002197	34.361	227	139	3	407	630	1	220	1.72e-36	134
OCDJONCD_01365	MER0005755	35.652	230	136	4	408	633	2	223	2.09e-36	133
OCDJONCD_01365	MER0190577	32.599	227	140	3	407	630	1	217	3.25e-36	133
OCDJONCD_01365	MER0014324	36.123	227	132	4	407	630	1	217	5.10e-36	132
OCDJONCD_01365	MER0015690	36.239	218	126	6	407	611	1	218	1.19e-33	126
OCDJONCD_01365	MER0024900	32.735	223	140	4	408	627	2	217	6.24e-33	124
OCDJONCD_01365	MER0011120	35.780	218	127	6	407	611	1	218	5.88e-31	119
OCDJONCD_01365	MER0001246	30.387	181	115	3	418	595	1	173	7.83e-22	90.1
OCDJONCD_01365	MER0015204	26.829	246	148	7	408	621	2	247	1.42e-18	84.0
OCDJONCD_01386	MER0042827	66.667	30	10	0	997	1026	1	30	1.64e-06	44.7
OCDJONCD_01467	MER0004925	63.415	164	59	1	4	166	99	262	1.66e-76	226
OCDJONCD_01467	MER0014827	60.366	164	64	1	4	166	99	262	4.25e-73	217
OCDJONCD_01467	MER0005196	36.449	107	58	4	9	109	99	201	1.01e-12	60.8
OCDJONCD_01467	MER0017401	29.054	148	90	4	26	163	96	238	2.62e-12	59.7
OCDJONCD_01467	MER0015682	29.054	148	95	4	23	164	163	306	9.59e-11	55.8
OCDJONCD_01467	MER0001920	26.946	167	102	6	16	164	82	246	1.40e-10	55.1
OCDJONCD_01467	MER0011413	30.935	139	83	5	20	150	93	226	6.58e-10	53.1
OCDJONCD_01467	MER0000401	26.282	156	92	5	22	164	114	259	8.39e-10	52.8
OCDJONCD_01467	MER0058228	26.582	158	104	6	15	166	91	242	2.12e-09	51.6
OCDJONCD_01467	MER0011583	28.058	139	82	5	18	143	91	224	7.33e-09	50.1
OCDJONCD_01467	MER0004199	26.573	143	95	6	25	164	87	222	2.45e-08	48.5
OCDJONCD_01467	MER0001423	34.286	105	56	4	16	111	83	183	4.14e-08	47.8
OCDJONCD_01467	MER0034615	28.873	142	85	4	15	143	90	228	5.39e-08	47.8
OCDJONCD_01467	MER0140224	28.188	149	89	5	22	155	84	229	9.37e-08	47.0
OCDJONCD_01467	MER0005987	26.154	130	87	4	20	143	115	241	5.56e-07	44.7
OCDJONCD_01467	MER0011305	32.000	100	54	5	22	111	109	204	6.27e-07	44.7
OCDJONCD_01467	MER0016096	22.917	144	93	4	23	152	97	236	9.33e-07	44.3
OCDJONCD_01467	MER0004923	30.282	142	86	6	20	153	144	280	1.37e-06	43.9
OCDJONCD_01467	MER0000399	29.000	100	56	3	22	111	113	207	2.89e-06	42.7
OCDJONCD_01468	MER0004925	48.611	72	37	0	96	167	1	72	2.63e-18	76.6
OCDJONCD_01468	MER0014827	48.611	72	37	0	96	167	1	72	9.49e-18	75.1
OCDJONCD_01473	MER0016067	27.363	201	107	5	127	289	7	206	4.55e-13	65.9
OCDJONCD_01485	MER0152590	38.393	112	62	3	52	161	4	110	2.92e-21	82.0
OCDJONCD_01598	MER0059846	34.343	297	186	6	8	298	18	311	2.05e-54	178
OCDJONCD_01598	MER0199690	23.701	308	205	10	19	300	10	313	2.04e-18	81.3
OCDJONCD_01598	MER0214074	26.776	183	120	4	132	300	1	183	5.48e-18	77.4
OCDJONCD_01598	MER0045479	25.874	143	93	3	59	200	29	159	5.44e-06	43.9
OCDJONCD_01599	MER0026494	32.692	468	289	7	1	450	4	463	2.12e-74	238
OCDJONCD_01599	MER0026471	31.568	491	296	11	1	465	5	481	8.10e-74	237
OCDJONCD_01599	MER0015142	30.544	478	305	8	1	460	33	501	2.81e-70	228
OCDJONCD_01599	MER0026485	32.381	210	124	6	1	198	4	207	5.42e-23	95.9
OCDJONCD_01599	MER0026485	32.955	88	59	0	363	450	213	300	3.92e-10	57.8
OCDJONCD_01599	MER0052470	25.729	377	252	11	77	440	82	443	1.90e-22	96.7
OCDJONCD_01599	MER0003397	31.132	212	124	6	1	198	5	208	3.64e-22	93.6
OCDJONCD_01599	MER0003397	33.000	100	62	3	364	462	215	310	8.06e-10	56.6
OCDJONCD_01599	MER0057434	32.367	207	118	7	6	198	1	199	6.55e-21	89.7
OCDJONCD_01599	MER0057434	29.032	93	63	1	368	460	210	299	1.19e-07	50.1
OCDJONCD_01599	MER0001272	28.082	146	84	5	22	164	12	139	3.25e-08	51.6
OCDJONCD_01599	MER0369972	28.889	135	81	6	45	179	31	150	3.55e-08	52.4
OCDJONCD_01599	MER0001271	30.460	174	106	9	53	222	48	210	4.38e-08	52.0
OCDJONCD_01599	MER0033183	35.556	90	50	3	75	163	76	158	6.88e-06	44.7
OCDJONCD_01659	MER0003336	61.069	131	50	1	182	311	1	131	1.82e-53	169
OCDJONCD_01659	MER0017622	32.301	226	131	7	47	252	25	248	1.72e-24	97.1
OCDJONCD_01659	MER0011465	35.971	139	76	2	182	313	1	133	2.33e-21	85.5
OCDJONCD_01659	MER0003338	44.706	85	46	1	182	265	1	85	5.92e-15	68.2
OCDJONCD_01659	MER0003299	42.857	98	53	1	182	279	1	95	1.01e-13	64.7
OCDJONCD_01659	MER0003303	35.652	115	63	3	182	295	1	105	2.50e-12	60.5
OCDJONCD_01659	MER0034967	25.366	205	127	8	82	271	3	196	6.84e-12	60.8
OCDJONCD_01659	MER0013976	33.913	115	65	3	182	295	1	105	1.67e-10	55.1
OCDJONCD_01659	MER0016969	23.129	147	91	5	182	319	1	134	3.80e-06	43.5
OCDJONCD_01715	MER0069741	48.276	116	58	2	183	298	50	163	2.01e-30	110
OCDJONCD_01715	MER0003380	50.000	108	51	2	192	298	127	232	5.89e-28	105
OCDJONCD_01715	MER0013541	50.575	87	42	1	203	289	1	86	4.33e-22	85.9
OCDJONCD_01715	MER0003423	41.441	111	64	1	182	291	11	121	2.86e-18	77.0
OCDJONCD_01715	MER0015415	41.667	84	49	0	205	288	66	149	8.33e-18	76.6
OCDJONCD_01715	MER0001419	42.991	107	60	1	182	287	11	117	1.27e-17	75.5
OCDJONCD_01715	MER0003376	41.053	95	48	2	203	290	45	138	6.68e-16	71.2
OCDJONCD_01715	MER0003906	35.165	91	58	1	203	292	1	91	2.81e-14	65.1
OCDJONCD_01715	MER0387040	37.255	102	62	2	203	303	1	101	7.51e-12	58.2
OCDJONCD_01715	MER0066182	33.846	130	82	3	179	307	70	196	1.08e-11	60.1
OCDJONCD_01715	MER0005300	35.417	96	61	1	205	300	67	161	1.15e-10	56.2
OCDJONCD_01723	MER0005767	27.746	346	202	9	29	369	3	305	1.12e-35	130
OCDJONCD_01723	MER0030151	25.000	400	275	12	5	385	2	395	5.90e-21	91.3
OCDJONCD_01723	MER0030136	24.060	399	280	12	5	385	2	395	7.67e-21	90.9
OCDJONCD_01723	MER0030143	23.250	400	282	12	5	385	2	395	1.46e-20	90.1
OCDJONCD_01723	MER0030149	24.500	400	277	11	5	385	2	395	6.68e-19	85.1
OCDJONCD_01723	MER0030155	24.069	403	275	11	5	385	2	395	9.23e-19	84.7
OCDJONCD_01723	MER0015112	22.772	404	283	15	5	385	2	399	1.28e-13	68.9
OCDJONCD_01739	MER0031610	36.032	247	150	5	15	254	55	300	1.28e-40	139
OCDJONCD_01739	MER0036115	33.929	112	68	3	4	110	23	133	1.90e-13	65.9
OCDJONCD_01739	MER0014065	31.731	104	66	3	11	110	30	132	8.72e-09	52.0
OCDJONCD_01739	MER0000436	34.211	114	65	4	5	108	11	124	8.85e-09	52.0
OCDJONCD_01739	MER0031611	31.818	110	64	4	10	112	35	140	3.06e-08	50.4
OCDJONCD_01739	MER0031619	30.275	109	66	3	11	113	25	129	4.64e-08	49.7
OCDJONCD_01739	MER0036075	30.841	107	68	4	15	117	71	175	5.62e-08	49.7
OCDJONCD_01739	MER0044581	29.365	126	75	5	15	128	72	195	6.73e-07	46.6
OCDJONCD_01739	MER0044858	23.774	265	163	9	16	243	57	319	9.39e-07	45.8
OCDJONCD_01739	MER0044578	30.275	109	67	4	15	116	74	180	2.12e-06	45.1
OCDJONCD_01739	MER0037236	27.679	112	74	3	4	109	9	119	7.67e-06	42.7
OCDJONCD_01803	MER0016191	31.488	289	178	7	18	292	4	286	2.21e-41	142
OCDJONCD_01803	MER0016185	26.911	327	192	10	15	301	1	320	4.77e-25	99.8
OCDJONCD_01803	MER0016172	29.004	231	150	7	57	277	44	270	7.35e-21	87.4
OCDJONCD_01825	MER0492485	37.226	137	83	2	12	146	11	146	2.73e-23	87.8
OCDJONCD_01829	MER0002746	33.636	220	123	6	266	470	19	230	2.40e-29	114
OCDJONCD_01829	MER0002968	33.161	193	123	4	265	451	23	215	6.15e-27	106
OCDJONCD_01829	MER0011440	31.163	215	115	3	267	461	19	220	1.54e-25	102
OCDJONCD_01829	MER0005046	36.548	197	103	7	269	451	10	198	3.47e-25	100
OCDJONCD_01829	MER0000997	34.031	191	112	5	265	443	21	209	1.76e-24	99.4
OCDJONCD_01829	MER0005045	35.751	193	110	5	269	451	10	198	4.88e-24	97.4
OCDJONCD_01829	MER0011183	29.439	214	140	5	266	470	11	222	1.22e-23	97.1
OCDJONCD_01829	MER0019759	28.959	221	131	4	266	470	19	229	1.31e-23	97.4
OCDJONCD_01829	MER0001003	35.602	191	90	4	274	444	1	178	3.70e-23	94.7
OCDJONCD_01829	MER0011438	33.333	195	95	6	267	440	19	199	8.58e-23	94.4
OCDJONCD_01829	MER0001010	28.910	211	125	5	269	463	1	202	1.12e-22	94.0
OCDJONCD_01829	MER0011369	30.256	195	115	5	268	448	35	222	1.50e-22	94.0
OCDJONCD_01829	MER0002003	31.188	202	121	4	267	455	25	221	1.95e-22	93.6
OCDJONCD_01829	MER0004243	30.964	197	110	5	265	443	20	208	3.58e-22	92.8
OCDJONCD_01829	MER0002060	30.653	199	128	5	265	455	23	219	8.43e-22	91.7
OCDJONCD_01829	MER0005331	32.653	196	98	6	268	443	21	202	1.39e-21	90.9
OCDJONCD_01829	MER0001009	30.000	170	109	3	326	488	20	186	2.02e-21	90.5
OCDJONCD_01829	MER0091680	33.014	209	123	7	269	466	13	215	2.24e-21	90.5
OCDJONCD_01829	MER0001012	26.027	219	129	4	245	443	3	208	4.91e-21	89.4
OCDJONCD_01829	MER0001185	28.723	188	127	3	265	446	24	210	2.04e-20	87.8
OCDJONCD_01829	MER0006264	31.073	177	112	4	276	444	1	175	1.26e-19	84.3
OCDJONCD_01829	MER0028449	31.122	196	116	5	271	451	30	221	1.93e-19	85.1
OCDJONCD_01829	MER0002078	25.792	221	141	4	265	470	18	230	5.63e-19	84.0
OCDJONCD_01829	MER0001005	32.948	173	94	7	287	444	5	170	9.49e-19	81.6
OCDJONCD_01829	MER0011370	28.497	193	111	5	268	443	20	202	8.03e-18	79.7
OCDJONCD_01829	MER0168983	30.128	156	89	4	280	431	3	142	1.24e-17	78.2
OCDJONCD_01829	MER0002422	33.140	172	108	5	277	443	29	198	1.47e-17	79.0
OCDJONCD_01829	MER0011371	27.749	191	125	3	266	446	19	206	3.65e-16	75.1
OCDJONCD_01829	MER0011423	29.231	195	128	3	267	451	20	214	6.95e-16	74.3
OCDJONCD_01829	MER0016308	30.939	181	106	4	276	444	3	176	1.27e-15	72.8
OCDJONCD_01829	MER0052595	25.728	206	124	5	265	451	25	220	1.30e-15	73.9
OCDJONCD_01829	MER0002355	27.807	187	128	3	268	451	26	208	1.88e-15	73.2
OCDJONCD_01829	MER0168177	32.667	150	91	5	294	441	8	149	6.66e-15	70.1
OCDJONCD_01829	MER0001701	25.871	201	129	3	265	451	6	200	1.29e-14	70.9
OCDJONCD_01829	MER0011175	28.495	186	124	3	267	444	19	203	3.37e-14	69.3
OCDJONCD_01829	MER0002210	28.931	159	97	3	292	438	2	156	2.79e-13	65.1
OCDJONCD_01829	MER0019096	31.169	154	83	6	327	473	61	198	1.13e-12	64.7
OCDJONCD_01829	MER0011720	27.041	196	128	6	268	459	26	210	2.01e-12	64.3
OCDJONCD_01829	MER0001017	30.168	179	103	5	280	445	43	212	4.06e-12	63.9
OCDJONCD_01829	MER0011399	27.442	215	131	8	252	453	8	210	8.05e-12	62.8
OCDJONCD_01829	MER0019754	24.138	203	125	5	268	451	3	195	9.06e-12	62.0
OCDJONCD_01829	MER0036308	29.064	203	126	6	249	443	11	203	1.15e-11	62.4
OCDJONCD_01829	MER0011345	25.000	200	134	5	262	452	26	218	1.24e-11	62.4
OCDJONCD_01829	MER0003916	26.633	199	108	7	267	445	8	188	1.63e-11	61.2
OCDJONCD_01829	MER0003500	26.154	195	124	5	275	457	17	203	3.05e-11	60.5
OCDJONCD_01829	MER0011400	27.193	228	128	6	273	488	26	227	3.96e-11	60.8
OCDJONCD_01829	MER0171631	26.570	207	118	6	265	451	17	209	5.61e-11	60.1
OCDJONCD_01829	MER0116688	26.531	196	123	5	276	457	29	217	6.79e-11	60.1
OCDJONCD_01829	MER0026830	33.333	108	70	1	264	369	19	126	6.84e-11	59.3
OCDJONCD_01829	MER0040779	26.050	119	79	1	326	444	81	190	1.92e-10	58.2
OCDJONCD_01829	MER0011401	27.907	172	89	6	293	441	38	197	2.69e-10	57.8
OCDJONCD_01829	MER0012283	25.397	189	127	5	262	443	26	207	1.44e-09	55.8
OCDJONCD_01829	MER0001013	27.000	200	129	5	249	441	14	203	1.77e-09	55.8
OCDJONCD_01829	MER0001001	23.370	184	126	4	269	442	22	200	2.78e-09	55.1
OCDJONCD_01829	MER0005328	27.933	179	107	6	282	450	34	200	4.69e-09	53.9
OCDJONCD_01829	MER0002281	29.825	171	98	6	273	431	37	197	4.83e-09	54.7
OCDJONCD_01829	MER0002658	26.415	159	99	5	329	471	1	157	1.28e-08	52.0
OCDJONCD_01829	MER0015166	27.778	180	105	7	280	439	45	219	1.58e-08	53.1
OCDJONCD_01829	MER0002755	25.628	199	122	7	255	441	9	193	6.73e-08	50.8
OCDJONCD_01829	MER0001525	24.424	217	128	8	243	434	4	209	6.05e-07	48.1
OCDJONCD_01829	MER0005037	25.824	182	106	5	269	433	10	179	9.75e-07	47.0
OCDJONCD_01843	MER0005131	29.224	219	138	6	118	329	43	251	1.86e-16	75.1
OCDJONCD_01843	MER0194228	27.189	217	129	7	127	336	1	195	4.38e-16	72.8
OCDJONCD_01843	MER0001289	26.840	231	135	8	118	336	63	271	2.54e-15	72.0
OCDJONCD_01843	MER0005139	31.959	194	107	9	113	291	63	246	6.78e-15	70.9
OCDJONCD_01843	MER0001284	26.667	270	155	9	72	327	3	243	7.88e-15	70.1
OCDJONCD_01843	MER0037181	28.959	221	109	9	135	328	77	276	4.01e-12	62.8
OCDJONCD_01843	MER0100667	28.571	210	113	9	126	328	40	219	1.12e-11	60.5
OCDJONCD_01843	MER0004514	27.149	221	134	9	118	327	41	245	2.42e-11	60.1
OCDJONCD_01843	MER0005238	33.043	115	69	2	102	215	56	163	8.10e-11	58.9
OCDJONCD_01843	MER0002161	24.013	304	165	11	51	329	15	277	1.06e-10	58.5
OCDJONCD_01843	MER0015691	25.229	218	136	8	112	321	52	250	1.24e-10	58.2
OCDJONCD_01843	MER0005239	31.356	118	72	3	101	216	57	167	1.73e-10	57.8
OCDJONCD_01843	MER0002104	29.787	141	83	5	113	251	67	193	8.23e-10	55.8
OCDJONCD_01843	MER0001911	32.143	112	62	3	103	212	31	130	2.38e-09	53.9
OCDJONCD_01843	MER0005152	34.091	88	51	1	112	199	59	139	3.89e-09	53.5
OCDJONCD_01843	MER0015336	23.232	198	138	5	112	306	61	247	8.07e-09	52.8
OCDJONCD_01843	MER0032443	26.667	225	146	7	113	328	39	253	1.94e-07	48.5
OCDJONCD_01843	MER0005149	29.907	107	66	3	113	217	65	164	2.20e-07	48.5
OCDJONCD_01843	MER0005241	32.222	90	54	2	110	197	2	86	2.30e-07	48.1
OCDJONCD_01843	MER0005244	31.250	144	79	6	109	251	1	125	5.92e-07	46.6
OCDJONCD_01843	MER0015688	35.366	82	44	3	121	201	64	137	1.13e-06	46.2
OCDJONCD_01843	MER0001288	25.116	215	117	9	124	320	33	221	2.08e-06	45.1
OCDJONCD_01843	MER0002105	24.171	211	134	9	113	316	58	249	2.38e-06	45.1
OCDJONCD_01862	MER0004469	24.590	183	113	5	13	177	12	187	1.38e-13	64.7
OCDJONCD_01862	MER0004480	34.211	114	69	3	12	125	1	108	3.10e-11	57.8
OCDJONCD_01862	MER0004474	31.092	119	71	5	15	133	89	196	2.98e-09	52.0
OCDJONCD_01862	MER0004471	31.008	129	75	5	5	131	85	201	2.43e-08	49.3
OCDJONCD_01862	MER0897124	29.703	101	67	2	81	180	147	244	5.81e-08	48.1
OCDJONCD_01862	MER0897124	40.625	64	36	1	12	75	8	69	2.11e-06	43.9
OCDJONCD_01862	MER0004468	28.571	98	66	2	81	177	147	241	7.81e-07	45.1
OCDJONCD_01862	MER0004468	40.625	64	36	1	12	75	8	69	1.96e-06	43.9
OCDJONCD_01863	MER0004468	27.039	233	138	8	32	248	201	417	1.16e-13	66.6
OCDJONCD_01863	MER0897124	26.609	233	139	8	32	248	201	417	3.08e-12	62.4
OCDJONCD_01863	MER0004469	23.188	207	127	6	35	213	150	352	1.04e-08	52.0
OCDJONCD_01863	MER0004474	30.000	150	94	6	98	240	206	351	2.46e-06	44.7
OCDJONCD_01863	MER0004471	31.746	126	79	4	118	240	236	357	2.51e-06	44.7
OCDJONCD_01934	MER0001299	37.500	352	207	5	78	420	50	397	1.72e-59	200
OCDJONCD_01934	MER0321345	55.556	81	34	1	335	413	1	81	2.51e-22	90.9
OCDJONCD_01934	MER0321345	26.282	156	111	3	87	240	1	154	1.08e-10	57.4
OCDJONCD_01934	MER0003812	55.556	81	34	1	335	413	1	81	2.67e-22	90.9
OCDJONCD_01934	MER0003812	25.641	156	112	3	87	240	1	154	4.91e-10	55.8
OCDJONCD_01934	MER0011114	50.602	83	41	0	330	412	182	264	2.55e-18	82.8
OCDJONCD_01934	MER0011114	29.787	141	97	1	90	228	2	142	3.13e-13	67.4
OCDJONCD_01934	MER0013957	38.636	88	54	0	335	422	1	88	1.66e-13	65.9
OCDJONCD_01934	MER0013957	27.108	166	117	3	108	272	21	183	1.02e-08	51.6
OCDJONCD_01934	MER0001300	42.500	80	39	2	347	422	9	85	6.91e-12	60.8
OCDJONCD_01934	MER0044046	44.304	79	44	0	335	413	1	79	3.39e-10	55.8
OCDJONCD_01935	MER0001299	40.909	66	39	0	3	68	440	505	1.02e-12	60.5
OCDJONCD_01935	MER0011114	40.351	57	34	0	3	59	317	373	1.62e-10	53.9
OCDJONCD_01935	MER0003812	37.500	56	35	0	3	58	132	187	3.04e-08	47.0
OCDJONCD_01935	MER0321345	40.816	49	29	0	3	51	132	180	3.07e-08	46.6
OCDJONCD_01935	MER0013957	39.583	48	29	0	2	49	129	176	1.01e-06	42.7
OCDJONCD_01940	MER0078640	37.741	363	197	7	11	360	1	347	2.31e-69	218
OCDJONCD_01940	MER0060647	36.438	365	204	7	11	361	1	351	6.04e-67	212
OCDJONCD_01940	MER0043540	40.517	232	132	4	137	367	1	227	3.36e-57	183
OCDJONCD_01940	MER0044812	37.662	231	128	3	149	366	12	239	2.45e-53	174
OCDJONCD_01940	MER0115185	51.034	145	69	1	215	359	1	143	8.65e-46	150
OCDJONCD_01940	MER0045945	39.801	201	116	4	161	361	15	210	2.08e-42	144
OCDJONCD_01940	MER0046161	36.818	220	120	4	161	366	33	247	1.30e-39	139
OCDJONCD_01940	MER0436691	30.686	277	146	5	90	361	6	241	7.99e-38	133
OCDJONCD_01940	MER0044882	30.233	172	95	9	212	367	14	176	6.97e-08	48.9
OCDJONCD_01940	MER0044619	27.517	149	97	5	222	365	56	198	1.60e-07	48.5
OCDJONCD_01940	MER0045094	26.950	141	94	3	212	346	47	184	1.98e-07	48.5
OCDJONCD_01940	MER0043537	33.766	77	42	2	192	264	14	85	7.47e-07	45.8
OCDJONCD_01940	MER0043392	27.326	172	111	7	202	367	1	164	1.18e-06	45.1
OCDJONCD_01940	MER0043195	29.487	156	90	7	222	360	54	206	1.81e-06	45.4
OCDJONCD_01940	MER0043394	25.175	143	93	4	212	346	12	148	4.15e-06	43.5
OCDJONCD_02006	MER0035017	25.598	418	246	16	333	709	2	395	4.85e-31	122
OCDJONCD_02006	MER0004090	27.532	385	239	9	324	688	1	365	1.07e-30	121
OCDJONCD_02006	MER0003800	26.683	401	226	14	322	688	6	372	1.10e-25	107
OCDJONCD_02006	MER0354941	24.651	215	117	7	342	537	2	190	2.04e-09	54.7
OCDJONCD_02006	MER0006204	22.414	116	85	2	333	444	6	120	9.23e-09	54.7
OCDJONCD_02006	MER0026262	22.917	288	171	11	333	607	2	251	1.11e-08	54.3
OCDJONCD_02014	MER0005837	27.326	172	103	6	10	163	76	243	9.47e-06	43.9
OCDJONCD_02051	MER0491616	28.191	188	112	8	24	201	1	175	7.01e-10	55.8
OCDJONCD_02088	MER0001243	40.400	250	147	2	2	249	3	252	7.92e-65	200
OCDJONCD_02088	MER0001342	38.367	245	151	0	2	246	3	247	2.79e-55	176
OCDJONCD_02088	MER0015127	36.735	245	154	1	2	246	3	246	8.45e-51	164
OCDJONCD_02088	MER0005690	34.286	245	160	1	2	246	3	246	1.17e-50	163
OCDJONCD_02088	MER0015128	33.468	248	159	3	2	246	3	247	2.07e-46	152
OCDJONCD_02088	MER0013589	34.979	243	157	1	4	246	1	242	2.42e-46	152
OCDJONCD_02088	MER0013929	32.911	237	158	1	2	238	3	238	1.08e-44	148
OCDJONCD_02088	MER0013450	31.020	245	167	2	4	246	3	247	2.38e-43	145
OCDJONCD_02088	MER0010972	23.849	239	164	2	8	246	9	229	1.24e-18	79.7
OCDJONCD_02088	MER0003880	31.522	184	111	5	32	211	25	197	7.32e-17	75.5
OCDJONCD_02088	MER0004931	26.852	216	139	7	4	212	5	208	8.34e-15	68.9
OCDJONCD_02088	MER0011746	28.037	214	135	7	13	213	14	221	2.56e-14	68.6
OCDJONCD_02088	MER0005462	23.293	249	164	5	1	248	2	224	4.13e-12	61.2
OCDJONCD_02088	MER0024896	29.008	131	86	2	122	246	337	466	1.64e-11	60.8
OCDJONCD_02088	MER0024896	26.316	114	84	0	3	116	4	117	2.55e-11	60.1
OCDJONCD_02088	MER0001728	30.288	208	126	8	13	207	14	215	9.48e-11	58.2
OCDJONCD_02088	MER0004532	25.116	215	145	5	4	213	5	208	2.44e-10	56.2
OCDJONCD_02088	MER0002038	25.882	170	119	4	63	230	60	224	3.57e-10	55.5
OCDJONCD_02088	MER0001244	24.832	149	102	4	1	146	2	143	2.43e-07	47.4
OCDJONCD_02088	MER0013463	22.727	264	165	9	4	247	5	249	5.57e-07	46.6
OCDJONCD_02088	MER0005715	23.671	207	144	7	3	204	4	201	3.66e-06	43.9
OCDJONCD_02091	MER0003380	44.526	137	74	2	1	135	104	240	1.79e-33	116
OCDJONCD_02091	MER0069741	47.761	134	69	1	2	135	39	171	8.31e-33	112
OCDJONCD_02091	MER0066182	40.625	128	73	2	13	139	74	199	1.71e-23	89.7
OCDJONCD_02091	MER0013541	51.765	85	41	0	33	117	1	85	1.93e-23	86.3
OCDJONCD_02091	MER0387040	45.361	97	52	1	33	128	1	97	9.42e-21	79.7
OCDJONCD_02091	MER0003376	37.594	133	60	4	9	126	29	153	3.54e-18	74.7
OCDJONCD_02091	MER0003423	36.275	102	63	2	33	132	32	133	1.75e-15	67.4
OCDJONCD_02091	MER0001419	35.294	102	64	2	33	132	32	133	4.34e-15	66.2
OCDJONCD_02091	MER0003906	37.000	100	57	3	33	126	1	100	1.88e-13	60.8
OCDJONCD_02091	MER0005300	36.559	93	59	0	34	126	66	158	2.69e-11	56.6
OCDJONCD_02091	MER0015415	34.884	86	55	1	33	117	64	149	6.14e-11	55.5
OCDJONCD_02091	MER0025070	38.272	81	46	3	31	108	4	83	2.26e-07	44.7
OCDJONCD_02091	MER0388771	39.241	79	44	3	33	108	2	79	2.54e-07	44.7
OCDJONCD_02106	MER0001158	42.640	197	113	0	32	228	3	199	4.04e-49	168
OCDJONCD_02107	MER0001158	55.333	450	199	2	1	448	228	677	2.78e-180	516
OCDJONCD_02107	MER0001161	36.147	462	277	9	1	449	223	679	1.22e-90	286
OCDJONCD_02107	MER0006087	34.402	468	280	11	1	448	238	698	1.66e-83	268
OCDJONCD_02107	MER0015119	32.500	480	285	12	1	448	244	716	6.04e-76	248
OCDJONCD_02107	MER0001149	31.347	453	286	12	11	449	236	677	7.20e-60	204
OCDJONCD_02107	MER0108144	30.856	444	266	14	32	448	233	662	2.07e-50	178
OCDJONCD_02107	MER0079465	30.388	464	287	15	8	448	184	634	8.95e-50	176
OCDJONCD_02107	MER0001153	29.284	461	298	10	9	449	241	693	7.73e-48	171
OCDJONCD_02107	MER0001942	29.451	455	293	13	9	448	235	676	6.55e-47	168
OCDJONCD_02107	MER0003110	28.770	504	294	14	1	448	221	715	5.53e-46	166
OCDJONCD_02107	MER0001156	25.720	486	298	13	1	440	230	698	7.83e-38	143
OCDJONCD_02107	MER0015170	24.654	434	277	11	31	446	227	628	1.41e-33	130
OCDJONCD_02107	MER0021317	37.097	62	39	0	210	271	22	83	5.11e-08	47.4
OCDJONCD_02111	MER0005196	50.826	242	118	1	462	703	10	250	6.55e-86	268
OCDJONCD_02111	MER0058228	40.417	240	142	1	468	706	1	240	2.31e-58	194
OCDJONCD_02111	MER0001423	39.224	232	139	2	474	704	2	232	5.85e-56	187
OCDJONCD_02111	MER0004921	37.004	227	133	4	471	692	1	222	3.02e-47	164
OCDJONCD_02111	MER0011413	36.937	222	135	3	471	688	1	221	1.83e-46	162
OCDJONCD_02111	MER0004923	34.468	235	149	3	458	688	39	272	3.22e-46	163
OCDJONCD_02111	MER0005994	34.783	253	156	7	458	704	11	260	8.70e-45	158
OCDJONCD_02111	MER0013484	32.883	222	144	3	471	688	1	221	6.09e-44	155
OCDJONCD_02111	MER0192427	38.424	203	117	3	458	657	50	247	1.80e-41	149
OCDJONCD_02111	MER0004504	39.062	192	115	1	477	666	2	193	2.83e-40	145
OCDJONCD_02111	MER0005987	35.407	209	128	4	486	690	40	245	1.31e-39	144
OCDJONCD_02111	MER0011231	34.146	246	154	5	449	689	1	243	3.72e-37	137
OCDJONCD_02111	MER0000399	31.304	230	148	4	466	690	17	241	7.12e-33	124
OCDJONCD_02111	MER0004199	35.514	214	125	6	481	689	1	206	1.84e-31	119
OCDJONCD_02111	MER0000401	32.000	225	147	3	468	689	20	241	2.56e-31	120
OCDJONCD_02111	MER0000405	31.461	267	167	9	449	703	2	264	7.24e-31	119
OCDJONCD_02111	MER0011305	32.751	229	146	5	466	689	12	237	1.73e-30	117
OCDJONCD_02111	MER0195666	32.353	204	111	5	477	665	4	195	4.22e-29	113
OCDJONCD_02111	MER0000404	29.885	261	174	6	449	703	1	258	1.22e-28	112
OCDJONCD_02111	MER0004193	31.019	216	136	8	480	689	10	218	3.19e-23	96.3
OCDJONCD_02111	MER0000403	26.582	237	165	4	476	706	27	260	5.98e-23	95.9
OCDJONCD_02111	MER0034615	25.751	233	159	3	466	688	2	230	1.04e-15	74.3
OCDJONCD_02111	MER0003361	25.333	225	152	9	471	689	16	230	6.26e-14	68.9
OCDJONCD_02111	MER0005988	29.730	111	77	1	580	689	2	112	6.35e-12	59.7
OCDJONCD_02111	MER0016096	26.829	205	132	7	477	668	9	208	3.87e-11	60.8
OCDJONCD_02111	MER0003558	24.201	219	146	4	465	669	13	225	8.20e-10	57.0
OCDJONCD_02111	MER0017401	26.697	221	130	11	487	690	19	224	9.17e-10	56.6
OCDJONCD_02111	MER0000263	31.624	117	73	3	470	584	2	113	1.16e-09	56.2
OCDJONCD_02111	MER0018170	22.917	192	126	6	482	659	20	203	5.60e-09	54.3
OCDJONCD_02111	MER0000408	22.120	217	148	4	487	689	25	234	5.03e-08	51.6
OCDJONCD_02111	MER0005807	23.502	217	132	8	487	688	62	259	9.70e-07	47.8
OCDJONCD_02111	MER0079308	24.742	194	125	6	487	668	39	223	2.30e-06	46.6
OCDJONCD_02111	MER0015621	22.072	222	150	5	464	668	27	242	5.53e-06	45.8
OCDJONCD_02111	MER0030932	27.215	158	94	4	519	665	56	203	6.12e-06	45.1
OCDJONCD_02160	MER0002746	28.082	146	99	3	360	501	85	228	4.56e-09	54.3
OCDJONCD_02160	MER0001009	26.136	176	118	5	360	530	23	191	4.57e-08	50.8
OCDJONCD_02160	MER0036308	24.865	185	117	6	317	486	36	213	7.14e-08	50.4
OCDJONCD_02160	MER0005328	26.020	196	120	8	298	475	10	198	7.76e-08	50.1
OCDJONCD_02160	MER0011345	24.742	194	108	7	316	484	37	217	2.26e-07	49.3
OCDJONCD_02160	MER0001010	25.000	148	85	3	360	493	64	199	3.33e-07	48.1
OCDJONCD_02160	MER0091680	28.846	156	100	6	354	503	69	219	3.40e-07	48.5
OCDJONCD_02160	MER0002281	25.389	193	112	7	317	487	39	221	4.97e-07	48.1
OCDJONCD_02160	MER0012283	24.468	188	100	7	317	478	38	209	6.14e-07	47.8
OCDJONCD_02160	MER0002755	24.719	178	114	7	317	478	28	201	8.52e-07	47.0
OCDJONCD_02160	MER0019759	26.277	137	96	3	360	493	85	219	1.87e-06	46.2
OCDJONCD_02160	MER0002968	25.954	131	74	5	360	478	90	209	2.81e-06	45.4
OCDJONCD_02160	MER0011183	26.027	146	100	4	353	493	70	212	6.29e-06	44.7
OCDJONCD_02160	MER0006264	22.901	131	79	2	360	478	56	176	8.25e-06	43.9
OCDJONCD_02160	MER0011423	23.129	147	91	3	344	478	72	208	8.69e-06	43.9
OCDJONCD_02191	MER0026339	27.820	266	168	11	7	256	10	267	8.50e-15	69.3
OCDJONCD_02191	MER0036115	25.088	283	151	9	17	255	33	298	1.55e-13	65.9
OCDJONCD_02191	MER0031614	25.969	258	164	10	14	255	76	322	4.39e-13	64.7
OCDJONCD_02191	MER0014065	30.172	116	77	3	4	115	17	132	4.78e-13	64.7
OCDJONCD_02191	MER0036053	24.219	256	166	7	14	245	3	254	6.06e-13	63.9
OCDJONCD_02191	MER0036072	26.549	113	75	1	13	117	74	186	1.19e-11	60.5
OCDJONCD_02191	MER0036054	27.237	257	155	8	18	244	15	269	8.34e-11	57.8
OCDJONCD_02191	MER0017193	26.482	253	164	9	10	248	16	260	6.04e-10	55.1
OCDJONCD_02191	MER0036068	25.660	265	158	11	10	246	39	292	7.91e-10	55.1
OCDJONCD_02191	MER0044581	28.571	105	62	3	20	114	72	173	8.26e-10	55.1
OCDJONCD_02191	MER0037236	29.661	118	78	2	11	123	11	128	1.03e-09	54.3
OCDJONCD_02191	MER0031616	24.242	264	156	9	20	245	40	297	1.44e-09	54.3
OCDJONCD_02191	MER0004146	30.252	119	77	3	11	123	10	128	1.70e-09	53.9
OCDJONCD_02191	MER0036084	27.642	123	83	3	15	131	14	136	1.86e-09	53.9
OCDJONCD_02191	MER0031617	25.688	109	79	1	14	120	29	137	1.91e-09	53.9
OCDJONCD_02191	MER0017142	20.732	246	182	6	7	244	1	241	2.25e-09	53.1
OCDJONCD_02191	MER0017177	26.496	117	83	2	11	124	26	142	2.40e-09	53.9
OCDJONCD_02191	MER0036065	28.188	149	86	5	19	149	2	147	3.06e-09	53.1
OCDJONCD_02191	MER0208880	34.737	95	54	3	11	98	6	99	3.13e-09	53.1
OCDJONCD_02191	MER0031610	23.047	256	169	9	19	255	54	300	3.34e-09	53.1
OCDJONCD_02191	MER0036076	24.590	244	143	12	20	242	63	286	4.28e-09	52.8
OCDJONCD_02191	MER0011785	20.377	265	170	6	20	244	36	299	5.92e-09	52.4
OCDJONCD_02191	MER0044350	30.000	100	59	3	20	112	2	97	9.73e-09	51.6
OCDJONCD_02191	MER0044578	26.667	105	64	3	20	114	74	175	1.03e-08	52.0
OCDJONCD_02191	MER0031619	26.056	142	95	3	16	147	25	166	1.20e-08	51.6
OCDJONCD_02191	MER0036057	31.579	114	75	3	19	129	62	175	6.26e-08	49.3
OCDJONCD_02191	MER0011509	27.000	100	69	2	20	115	39	138	8.00e-08	49.3
OCDJONCD_02191	MER0036067	21.596	213	143	6	20	217	52	255	1.29e-07	48.5
OCDJONCD_02191	MER0044633	29.365	126	72	6	3	114	52	174	1.44e-07	48.5
OCDJONCD_02191	MER0183709	31.897	116	59	4	20	121	36	145	1.46e-07	48.1
OCDJONCD_02191	MER0017033	29.032	124	85	3	2	123	48	170	4.34e-07	47.0
OCDJONCD_02191	MER0213595	23.622	254	156	10	18	246	3	243	5.32e-07	46.2
OCDJONCD_02191	MER0213829	28.947	114	67	4	20	122	50	160	6.65e-07	46.2
OCDJONCD_02191	MER0035973	27.273	99	71	1	19	116	56	154	9.59e-07	45.8
OCDJONCD_02191	MER0044900	29.412	102	63	3	21	113	96	197	3.74e-06	44.3
OCDJONCD_02191	MER0036036	22.709	251	158	10	15	255	28	252	4.46e-06	43.5
OCDJONCD_02191	MER0031653	39.535	43	26	0	81	123	173	215	5.59e-06	43.5
OCDJONCD_02234	MER0195376	36.774	155	87	5	239	387	1	150	7.45e-21	87.0
OCDJONCD_02234	MER0003514	24.000	200	117	5	237	436	1	165	1.35e-06	45.4
OCDJONCD_02236	MER0241741	33.621	116	69	5	74	189	13	120	9.01e-06	40.4
OCDJONCD_02288	MER0004101	26.316	285	145	10	38	321	17	237	1.56e-13	67.4
OCDJONCD_02288	MER0011806	25.965	285	146	9	38	321	17	237	6.35e-13	65.9
OCDJONCD_02288	MER0011781	24.912	285	149	10	38	321	17	237	2.24e-11	61.2
OCDJONCD_02294	MER0000332	43.350	203	96	8	291	492	64	248	1.49e-35	131
OCDJONCD_02294	MER0002565	36.522	230	124	6	278	506	98	306	1.98e-31	122
OCDJONCD_02294	MER0028365	34.343	297	153	13	249	530	81	350	2.24e-29	116
OCDJONCD_02294	MER0028365	51.020	49	22	2	82	130	66	112	3.94e-07	48.9
OCDJONCD_02294	MER0001709	37.445	227	107	8	287	492	95	307	7.36e-29	114
OCDJONCD_02294	MER0000310	37.374	198	108	7	291	486	63	246	4.85e-28	110
OCDJONCD_02294	MER0077555	37.129	202	110	6	291	489	62	249	1.09e-26	106
OCDJONCD_02294	MER0054318	37.696	191	106	7	287	473	63	244	1.89e-26	106
OCDJONCD_02294	MER0002057	33.735	249	118	8	284	489	95	339	2.25e-26	107
OCDJONCD_02294	MER0001699	35.407	209	119	7	286	492	57	251	3.03e-25	102
OCDJONCD_02294	MER0000315	35.533	197	109	7	291	486	62	241	2.88e-24	99.4
OCDJONCD_02294	MER0001928	36.683	199	106	7	291	487	62	242	3.62e-24	99.0
OCDJONCD_02294	MER0002575	37.629	194	97	10	284	472	63	237	5.46e-24	99.0
OCDJONCD_02294	MER0001520	35.025	197	110	7	291	486	62	241	6.96e-24	98.2
OCDJONCD_02294	MER0005821	29.200	250	147	9	287	528	82	309	1.41e-23	100
OCDJONCD_02294	MER0001906	35.025	197	110	7	291	486	62	241	1.60e-23	97.1
OCDJONCD_02294	MER0001521	36.585	205	114	7	284	486	57	247	5.04e-23	95.9
OCDJONCD_02294	MER0017009	31.628	215	127	6	291	492	117	324	6.54e-23	97.1
OCDJONCD_02294	MER0017009	43.421	76	38	2	61	131	30	105	1.16e-10	60.1
OCDJONCD_02294	MER0000313	36.585	205	114	7	284	486	57	247	8.68e-23	95.1
OCDJONCD_02294	MER0004690	28.254	315	178	11	203	492	18	309	1.13e-22	96.7
OCDJONCD_02294	MER0004690	54.902	51	22	1	84	133	39	89	3.08e-09	55.5
OCDJONCD_02294	MER0001755	36.585	205	114	7	284	486	57	247	2.01e-22	94.0
OCDJONCD_02294	MER0000333	37.097	186	100	5	291	475	64	233	2.66e-22	93.6
OCDJONCD_02294	MER0000361	36.283	226	109	9	288	492	102	313	3.01e-22	94.7
OCDJONCD_02294	MER0016697	35.909	220	94	9	287	475	94	297	3.56e-22	94.7
OCDJONCD_02294	MER0001523	36.098	205	115	7	284	486	57	247	6.12e-22	92.8
OCDJONCD_02294	MER0000312	36.098	205	115	7	284	486	57	247	6.12e-22	92.8
OCDJONCD_02294	MER0016978	34.375	224	109	10	291	489	78	288	1.32e-21	92.4
OCDJONCD_02294	MER0000316	32.828	198	113	8	291	486	61	240	2.17e-21	90.9
OCDJONCD_02294	MER0000362	33.186	226	116	9	288	492	96	307	9.28e-21	90.5
OCDJONCD_02294	MER0000309	35.533	197	113	6	291	486	63	246	9.90e-21	89.4
OCDJONCD_02294	MER0003536	33.632	223	114	7	291	492	71	280	1.42e-20	89.4
OCDJONCD_02294	MER0000320	34.574	188	109	7	291	476	69	244	2.18e-20	88.6
OCDJONCD_02294	MER0006074	32.479	234	127	11	268	490	59	272	1.06e-19	86.7
OCDJONCD_02294	MER0002562	33.043	230	115	7	285	489	111	326	1.99e-19	86.7
OCDJONCD_02294	MER0155676	31.076	251	145	9	270	493	103	352	2.25e-19	87.0
OCDJONCD_02294	MER0155676	46.667	75	34	1	62	130	16	90	7.63e-08	51.2
OCDJONCD_02294	MER0013656	32.353	204	118	7	291	492	61	246	3.23e-19	84.7
OCDJONCD_02294	MER0081072	33.659	205	115	8	291	492	61	247	3.36e-19	84.3
OCDJONCD_02294	MER0062058	35.294	221	125	7	282	495	52	261	7.28e-19	85.9
OCDJONCD_02294	MER0062058	57.692	52	22	0	83	134	1	52	1.04e-12	66.6
OCDJONCD_02294	MER0001725	33.624	229	125	9	287	503	95	308	4.14e-18	82.4
OCDJONCD_02294	MER0004085	31.982	222	111	9	291	487	96	302	6.51e-18	82.0
OCDJONCD_02294	MER0000311	35.500	200	115	6	291	489	64	250	6.86e-18	80.9
OCDJONCD_02294	MER0002267	32.212	208	120	7	291	494	71	261	9.45e-18	80.5
OCDJONCD_02294	MER0006023	30.045	223	126	6	287	492	98	307	1.40e-17	80.9
OCDJONCD_02294	MER0014744	34.272	213	115	7	291	486	95	299	2.14e-17	80.5
OCDJONCD_02294	MER0000349	29.515	227	137	8	291	495	144	369	2.22e-17	80.9
OCDJONCD_02294	MER0002790	34.906	212	115	7	291	486	1	205	2.82e-17	78.2
OCDJONCD_02294	MER0002764	36.364	209	105	10	269	471	67	253	2.91e-17	79.3
OCDJONCD_02294	MER0042897	36.585	205	117	6	284	487	59	251	3.13e-17	79.0
OCDJONCD_02294	MER0003117	35.945	217	109	11	285	491	69	265	5.39e-17	78.6
OCDJONCD_02294	MER0161312	31.274	259	131	9	266	489	80	326	6.97e-17	79.3
OCDJONCD_02294	MER0016983	31.604	212	105	8	287	477	67	259	8.82e-17	78.2
OCDJONCD_02294	MER0000359	33.333	210	115	9	291	494	89	279	1.62e-16	77.4
OCDJONCD_02294	MER0000321	29.464	224	127	6	284	494	148	353	3.12e-16	77.0
OCDJONCD_02294	MER0030016	30.638	235	132	8	266	492	65	276	5.80e-16	75.1
OCDJONCD_02294	MER0000319	31.132	212	125	7	291	497	69	264	1.81e-15	73.9
OCDJONCD_02294	MER0002516	31.068	206	113	10	291	490	82	264	1.84e-15	73.9
OCDJONCD_02294	MER0000338	30.833	240	131	11	281	511	62	275	5.44e-15	72.4
OCDJONCD_02294	MER0000335	31.884	207	110	10	291	489	69	252	8.21e-15	71.6
OCDJONCD_02294	MER0000351	31.818	220	116	9	272	474	82	284	1.98e-14	70.9
OCDJONCD_02294	MER0024902	30.000	220	131	7	291	492	97	311	2.65e-14	70.9
OCDJONCD_02294	MER0004720	31.081	222	124	8	277	491	59	258	3.81e-14	69.7
OCDJONCD_02294	MER0000326	31.863	204	114	8	291	491	72	253	3.88e-14	70.1
OCDJONCD_02294	MER0005931	32.212	208	107	6	291	487	32	216	4.31e-14	68.9
OCDJONCD_02294	MER0000356	33.014	209	103	9	285	478	83	269	6.09e-14	70.1
OCDJONCD_02294	MER0002500	29.289	239	130	9	268	473	119	351	7.48e-14	70.1
OCDJONCD_02294	MER0000358	28.807	243	129	11	258	486	47	259	8.87e-14	69.7
OCDJONCD_02294	MER0005078	30.097	206	120	7	273	473	62	248	8.99e-14	68.9
OCDJONCD_02294	MER0004123	27.572	243	116	9	291	489	79	305	1.05e-13	69.3
OCDJONCD_02294	MER0006037	30.043	233	131	9	268	491	56	265	2.18e-13	67.8
OCDJONCD_02294	MER0050309	29.358	218	125	8	289	494	45	245	3.49e-13	68.2
OCDJONCD_02294	MER0000325	32.068	237	128	12	272	501	53	263	5.20e-13	67.0
OCDJONCD_02294	MER0006297	28.049	246	136	12	276	490	250	485	5.31e-13	67.8
OCDJONCD_02294	MER0067924	31.579	228	113	12	291	491	63	274	6.00e-13	66.2
OCDJONCD_02294	MER0037258	29.148	223	132	9	290	492	79	295	7.32e-13	66.2
OCDJONCD_02294	MER0000350	27.381	252	126	11	286	490	85	326	7.83e-13	66.6
OCDJONCD_02294	MER0014446	27.734	256	140	10	259	492	167	399	1.21e-12	66.6
OCDJONCD_02294	MER0000357	33.173	208	98	10	291	483	77	258	1.22e-12	65.9
OCDJONCD_02294	MER0016688	30.043	233	114	10	291	489	74	291	2.46e-12	64.7
OCDJONCD_02294	MER0000353	30.374	214	113	6	272	468	133	327	8.24e-12	63.2
OCDJONCD_02294	MER0005790	30.769	195	102	7	291	472	94	268	1.22e-11	62.0
OCDJONCD_02294	MER0000344	29.148	223	121	10	283	491	80	279	1.23e-11	62.4
OCDJONCD_02294	MER0014085	26.538	260	127	12	291	492	87	340	1.28e-11	63.2
OCDJONCD_02294	MER0028258	27.698	278	145	9	268	489	65	342	1.62e-11	62.8
OCDJONCD_02294	MER0000328	33.014	209	112	12	277	475	58	248	2.19e-11	61.6
OCDJONCD_02294	MER0000389	29.555	247	111	11	291	492	77	305	2.38e-11	62.0
OCDJONCD_02294	MER0005859	30.531	226	104	10	291	476	242	454	7.07e-11	61.2
OCDJONCD_02294	MER0001467	27.138	269	129	11	289	492	70	336	7.58e-11	60.5
OCDJONCD_02294	MER0001368	24.706	255	135	9	291	492	85	335	7.99e-11	60.5
OCDJONCD_02294	MER0087792	27.197	239	134	8	291	494	97	330	8.23e-11	60.5
OCDJONCD_02294	MER0019280	28.959	221	133	8	287	492	69	280	1.00e-10	59.7
OCDJONCD_02294	MER0014300	28.571	294	139	13	291	533	79	352	1.61e-10	59.7
OCDJONCD_02294	MER0068994	26.556	241	117	7	289	473	107	343	1.69e-10	59.7
OCDJONCD_02294	MER0022415	27.830	212	122	10	291	491	83	274	1.78e-10	59.7
OCDJONCD_02294	MER0000336	26.891	238	128	9	251	480	53	252	1.85e-10	58.9
OCDJONCD_02294	MER0016991	28.879	232	127	8	291	494	78	299	3.96e-10	58.2
OCDJONCD_02294	MER0000348	26.316	228	115	7	291	472	88	308	1.60e-09	56.6
OCDJONCD_02294	MER0114485	26.818	220	124	8	291	473	106	325	3.23e-09	55.8
OCDJONCD_02294	MER0003020	28.063	253	102	10	291	475	226	466	3.33e-09	55.8
OCDJONCD_02294	MER0015427	23.134	268	130	9	291	492	86	343	4.40e-09	55.1
OCDJONCD_02294	MER0016986	24.898	245	135	7	291	490	90	330	5.54e-09	54.7
OCDJONCD_02294	MER0005712	23.828	256	138	9	291	492	88	340	6.57e-09	54.7
OCDJONCD_02294	MER0013641	24.675	231	129	9	291	490	83	299	1.32e-08	53.9
OCDJONCD_02294	MER0050310	29.293	198	110	11	291	475	102	282	1.65e-08	53.5
OCDJONCD_02294	MER0001454	32.955	88	41	2	423	492	240	327	2.71e-08	52.8
OCDJONCD_02294	MER0055027	33.333	171	82	9	277	444	68	209	3.14e-08	52.8
OCDJONCD_02294	MER0006048	24.719	267	135	10	291	492	85	350	4.14e-08	52.0
OCDJONCD_02294	MER0014309	25.573	262	134	10	291	492	67	327	4.90e-08	52.0
OCDJONCD_02294	MER0014310	35.955	89	37	3	424	492	310	398	1.13e-07	50.8
OCDJONCD_02294	MER0000347	25.688	218	139	7	291	492	119	329	1.40e-07	50.8
OCDJONCD_02294	MER0015432	23.507	268	135	11	291	492	87	350	1.90e-07	50.1
OCDJONCD_02294	MER0015438	35.714	70	32	1	436	492	381	450	2.23e-07	50.1
OCDJONCD_02294	MER0000340	28.090	267	132	15	258	492	35	273	3.17e-07	48.9
OCDJONCD_02294	MER0003122	25.191	262	135	11	291	494	89	347	4.05e-07	48.9
OCDJONCD_02294	MER0004988	25.792	221	125	10	291	492	71	271	4.26e-07	48.5
OCDJONCD_02294	MER0006036	31.818	88	47	1	436	510	371	458	5.16e-07	48.9
OCDJONCD_02294	MER0015437	34.211	76	42	2	424	492	354	428	5.81e-07	48.9
OCDJONCD_02294	MER0005034	32.110	109	46	6	417	497	332	440	6.01e-07	48.5
OCDJONCD_02294	MER0014312	34.831	89	38	3	424	492	312	400	7.40e-07	48.5
OCDJONCD_02294	MER0003688	26.744	258	135	9	291	500	90	341	9.26e-07	47.8
OCDJONCD_02294	MER0014089	35.870	92	46	3	414	492	343	434	1.05e-06	47.8
OCDJONCD_02294	MER0015436	29.358	109	67	3	424	522	354	462	1.09e-06	47.8
OCDJONCD_02294	MER0025143	25.214	234	115	9	279	473	59	271	1.21e-06	47.4
OCDJONCD_02294	MER0014311	34.831	89	38	3	424	492	311	399	1.27e-06	47.8
OCDJONCD_02294	MER0004652	32.836	67	35	1	436	492	441	507	1.46e-06	47.8
OCDJONCD_02294	MER0005700	32.927	82	42	2	424	492	276	357	1.54e-06	47.4
OCDJONCD_02294	MER0015433	35.366	82	40	3	424	492	353	434	1.58e-06	47.4
OCDJONCD_02294	MER0014325	35.165	91	37	3	424	492	245	335	1.61e-06	47.0
OCDJONCD_02294	MER0014313	33.708	89	39	3	424	492	286	374	2.04e-06	47.0
OCDJONCD_02294	MER0011813	36.667	90	37	3	423	492	346	435	2.08e-06	47.0
OCDJONCD_02294	MER0000364	25.424	236	143	9	278	495	57	277	2.10e-06	46.6
OCDJONCD_02294	MER0013896	27.692	130	62	3	395	492	316	445	2.75e-06	46.6
OCDJONCD_02294	MER0005710	33.735	83	42	2	424	493	352	434	2.77e-06	46.6
OCDJONCD_02294	MER0005775	30.556	108	67	3	427	526	375	482	4.99e-06	45.8
OCDJONCD_02294	MER0005756	32.099	81	43	2	424	492	294	374	7.45e-06	45.1
OCDJONCD_02294	MER0015431	24.521	261	134	11	291	492	86	342	7.96e-06	45.1
OCDJONCD_02475	MER0027775	36.752	117	73	1	110	226	1	116	1.61e-23	89.0
OCDJONCD_02475	MER0001602	29.496	139	79	4	110	229	1	139	1.88e-14	65.5
OCDJONCD_02499	MER0015472	26.842	190	92	5	50	239	46	188	5.24e-14	65.9
OCDJONCD_02499	MER0035036	26.457	223	109	5	11	230	51	221	3.05e-12	61.6
OCDJONCD_02499	MER0030047	27.717	184	80	6	54	236	3	134	3.00e-11	56.6
OCDJONCD_02499	MER0015458	28.947	190	94	6	47	233	50	201	5.32e-09	52.4
OCDJONCD_02499	MER0015473	24.891	229	123	6	14	236	1	186	9.59e-09	50.8
OCDJONCD_02499	MER0047976	23.902	205	100	4	43	247	7	155	1.05e-07	47.8
OCDJONCD_02499	MER0015459	39.583	48	29	0	47	94	48	95	2.46e-07	47.0
OCDJONCD_02499	MER0015632	28.947	76	53	1	45	119	41	116	1.16e-06	45.1
OCDJONCD_02500	MER0035036	24.074	216	135	6	2	204	32	231	1.25e-10	56.6
OCDJONCD_02500	MER0048181	28.671	143	87	3	62	190	1	142	7.07e-09	50.1
OCDJONCD_02500	MER0015473	25.698	179	120	4	53	219	28	205	3.11e-08	49.3
