BOCMDEDO_00010	MER0034539	35.135	148	90	3	25	171	23	165	4.26e-26	103
BOCMDEDO_00010	MER0033254	30.342	234	122	12	2	207	1	221	2.43e-20	87.8
BOCMDEDO_00010	MER0011781	29.167	216	101	11	2	177	1	204	2.72e-10	57.8
BOCMDEDO_00010	MER0004101	33.663	101	56	3	75	166	97	195	4.38e-09	54.3
BOCMDEDO_00010	MER0011806	31.068	103	60	3	77	170	99	199	9.07e-08	50.4
BOCMDEDO_00026	MER0013471	36.441	118	60	5	34	136	27	144	5.03e-12	63.5
BOCMDEDO_00026	MER0001205	27.711	166	95	5	28	168	21	186	4.59e-09	53.9
BOCMDEDO_00026	MER0015694	22.472	178	96	5	26	161	68	245	3.03e-08	51.6
BOCMDEDO_00026	MER0015121	29.412	136	78	3	28	145	21	156	4.58e-08	51.2
BOCMDEDO_00026	MER0001505	33.721	86	50	2	38	116	28	113	1.47e-07	49.3
BOCMDEDO_00026	MER0011681	24.862	181	121	9	13	184	6	180	2.04e-07	48.9
BOCMDEDO_00026	MER0107602	27.206	136	80	4	19	136	3	137	5.82e-07	47.8
BOCMDEDO_00026	MER0003817	31.757	148	69	7	19	137	8	152	1.13e-06	46.6
BOCMDEDO_00026	MER0002356	25.907	193	114	6	25	188	18	210	1.21e-06	46.6
BOCMDEDO_00055	MER0004682	27.374	179	108	6	58	226	19	185	1.38e-10	57.4
BOCMDEDO_00055	MER0005778	26.316	171	109	5	59	224	19	177	1.38e-10	57.4
BOCMDEDO_00055	MER0005764	24.706	170	111	5	59	224	20	176	1.52e-09	54.3
BOCMDEDO_00055	MER0006012	27.083	144	90	5	59	200	13	143	5.46e-09	50.4
BOCMDEDO_00055	MER0004684	25.000	180	118	6	58	235	19	183	6.68e-09	52.4
BOCMDEDO_00055	MER0000413	28.916	166	91	6	45	197	14	165	1.26e-08	51.6
BOCMDEDO_00055	MER0020180	26.389	144	93	4	65	207	30	161	3.40e-08	50.8
BOCMDEDO_00055	MER0015657	28.649	185	104	8	58	228	19	189	5.01e-08	49.7
BOCMDEDO_00055	MER0000428	27.632	152	94	6	61	211	19	155	8.65e-08	48.9
BOCMDEDO_00055	MER0005833	31.973	147	80	6	64	207	24	153	1.11e-07	48.9
BOCMDEDO_00055	MER0015656	25.263	190	114	8	59	235	21	195	1.17e-07	48.5
BOCMDEDO_00055	MER0015654	26.286	175	112	6	58	224	19	184	1.21e-07	48.5
BOCMDEDO_00055	MER0016609	25.389	193	123	6	58	243	19	197	1.64e-07	48.1
BOCMDEDO_00055	MER0004615	27.891	147	91	6	63	207	25	158	2.31e-07	47.8
BOCMDEDO_00055	MER0004683	26.705	176	110	7	59	226	21	185	2.84e-07	47.4
BOCMDEDO_00055	MER0013916	24.444	180	118	6	58	228	19	189	3.09e-07	47.4
BOCMDEDO_00055	MER0015653	25.714	175	113	6	58	224	19	184	3.85e-07	47.0
BOCMDEDO_00055	MER0003541	25.828	151	92	6	59	207	23	155	4.34e-07	47.0
BOCMDEDO_00055	MER0011754	24.157	178	107	7	59	224	20	181	5.23e-07	46.6
BOCMDEDO_00055	MER0004653	25.000	180	119	6	58	235	19	184	9.59e-07	45.8
BOCMDEDO_00055	MER0011747	27.568	185	110	9	59	233	21	191	9.88e-07	45.8
BOCMDEDO_00055	MER0004128	31.724	145	86	5	64	207	1121	1253	1.01e-06	46.2
BOCMDEDO_00055	MER0004128	30.588	170	100	7	80	244	603	759	1.27e-06	45.8
BOCMDEDO_00055	MER0000426	24.832	149	97	3	64	211	23	157	1.09e-06	45.8
BOCMDEDO_00055	MER0015618	22.989	174	117	5	58	223	19	183	1.25e-06	45.4
BOCMDEDO_00055	MER0005701	25.131	191	118	8	42	224	7	180	1.38e-06	45.4
BOCMDEDO_00055	MER0013917	23.602	161	112	4	58	216	19	170	1.43e-06	45.4
BOCMDEDO_00055	MER0005616	27.500	160	95	8	41	197	5	146	1.92e-06	45.1
BOCMDEDO_00055	MER0010962	25.000	168	106	8	59	220	19	172	2.19e-06	44.7
BOCMDEDO_00055	MER0000430	27.273	165	100	7	57	218	17	164	2.86e-06	44.7
BOCMDEDO_00055	MER0005597	26.974	152	97	6	59	207	21	161	3.90e-06	44.3
BOCMDEDO_00055	MER0000418	29.932	147	89	7	64	207	26	161	6.23e-06	43.5
BOCMDEDO_00055	MER0010959	27.152	151	101	4	58	207	19	161	8.34e-06	43.1
BOCMDEDO_00055	MER0010960	27.815	151	85	8	62	207	28	159	8.49e-06	43.1
BOCMDEDO_00057	MER0073084	21.206	481	314	14	59	503	29	480	5.03e-24	102
BOCMDEDO_00057	MER0014496	23.810	231	148	9	272	484	260	480	3.83e-07	49.7
BOCMDEDO_00060	MER0005767	27.055	292	168	11	57	341	29	282	1.05e-13	68.2
