MPBCPCOE_00048	MER0036308	29.412	170	101	7	317	477	53	212	1.67e-11	61.6
MPBCPCOE_00048	MER0019096	23.429	175	108	5	332	498	42	198	1.71e-07	48.9
MPBCPCOE_00048	MER0011345	25.521	192	122	8	294	476	38	217	4.87e-07	48.1
MPBCPCOE_00048	MER0012283	25.767	163	105	5	327	478	60	217	3.25e-06	45.4
MPBCPCOE_00067	MER0034615	56.504	246	104	2	82	324	1	246	1.84e-103	300
MPBCPCOE_00067	MER0000263	36.885	244	146	6	86	324	1	241	5.32e-50	164
MPBCPCOE_00067	MER0016096	35.124	242	148	4	90	324	5	244	6.00e-47	156
MPBCPCOE_00067	MER0011583	30.472	233	151	7	101	326	19	247	1.33e-24	97.4
MPBCPCOE_00067	MER0005196	29.333	225	141	6	94	311	25	238	1.11e-20	86.7
MPBCPCOE_00067	MER0000408	25.792	221	151	5	95	306	15	231	1.52e-19	83.6
MPBCPCOE_00067	MER0017401	26.512	215	149	6	95	306	10	218	7.08e-18	78.6
MPBCPCOE_00067	MER0004921	27.727	220	146	5	94	308	7	218	5.11e-17	76.3
MPBCPCOE_00067	MER0005987	26.180	233	162	5	79	306	14	241	5.68e-17	76.3
MPBCPCOE_00067	MER0001423	25.991	227	150	5	90	309	1	216	7.94e-17	75.5
MPBCPCOE_00067	MER0015682	27.193	228	154	5	91	313	72	292	1.80e-14	69.7
MPBCPCOE_00067	MER0001920	23.707	232	161	4	106	327	21	246	3.86e-14	68.2
MPBCPCOE_00067	MER0000403	25.339	221	150	7	94	307	28	240	8.65e-14	67.4
MPBCPCOE_00067	MER0003558	23.810	231	166	4	82	306	13	239	2.77e-13	65.9
MPBCPCOE_00067	MER0140224	22.936	218	151	5	106	313	14	224	3.72e-13	65.1
MPBCPCOE_00067	MER0018170	23.111	225	162	4	99	315	20	241	4.20e-13	65.1
MPBCPCOE_00067	MER0058228	24.771	218	152	5	94	306	10	220	1.34e-12	63.5
MPBCPCOE_00067	MER0000399	29.496	139	95	2	79	214	11	149	1.41e-12	63.5
MPBCPCOE_00067	MER0000401	25.346	217	155	3	94	308	29	240	2.21e-12	63.2
MPBCPCOE_00067	MER0011413	24.180	244	163	6	94	326	7	239	1.09e-11	60.8
MPBCPCOE_00067	MER0013484	24.167	240	168	8	94	326	7	239	1.20e-11	60.8
MPBCPCOE_00067	MER0022823	29.050	179	118	4	104	277	42	216	5.89e-11	58.9
MPBCPCOE_00067	MER0005807	25.121	207	144	4	104	308	62	259	2.77e-10	57.0
MPBCPCOE_00067	MER0126485	24.779	226	147	5	92	306	2	215	5.82e-10	55.8
MPBCPCOE_00067	MER0004923	25.194	258	166	12	82	326	47	290	6.27e-10	56.2
MPBCPCOE_00067	MER0004504	32.727	110	64	3	94	196	2	108	7.49e-10	55.5
MPBCPCOE_00067	MER0006027	25.652	230	138	10	97	308	24	238	1.24e-09	55.1
MPBCPCOE_00067	MER0011231	24.576	236	169	6	75	306	10	240	1.27e-09	55.1
MPBCPCOE_00067	MER0011305	23.176	233	172	6	79	308	8	236	2.52e-09	53.9
MPBCPCOE_00067	MER0192427	26.619	139	95	3	80	214	55	190	4.19e-09	53.5
MPBCPCOE_00067	MER0195666	25.000	236	156	6	98	322	10	235	8.52e-09	52.4
MPBCPCOE_00067	MER0000405	21.073	261	195	8	75	329	14	269	1.21e-08	52.0
MPBCPCOE_00067	MER0003361	31.250	112	57	5	94	196	22	122	2.21e-08	51.2
MPBCPCOE_00067	MER0000404	24.060	266	182	10	74	329	9	264	6.14e-08	50.1
MPBCPCOE_00067	MER0004925	23.577	246	168	7	73	306	2	239	1.09e-07	49.3
MPBCPCOE_00067	MER0079308	23.671	207	151	5	74	277	10	212	1.15e-07	49.3
MPBCPCOE_00067	MER0002490	21.858	183	126	3	81	263	27	192	2.77e-07	48.1
MPBCPCOE_00067	MER0030932	24.444	180	113	3	102	274	29	192	2.95e-07	47.8
MPBCPCOE_00067	MER0014827	24.291	247	165	8	73	306	2	239	5.17e-07	47.0
MPBCPCOE_00067	MER0011450	26.582	158	112	3	104	260	39	193	1.13e-06	46.2
MPBCPCOE_00067	MER0015621	21.605	162	117	2	81	242	27	178	1.54e-06	45.8
MPBCPCOE_00067	MER0981959	23.280	189	140	4	79	265	14	199	2.05e-06	45.4
MPBCPCOE_00067	MER0004193	24.887	221	155	6	94	310	6	219	4.05e-06	44.3
MPBCPCOE_00147	MER0034539	49.275	69	34	1	1	69	140	207	3.78e-16	73.9
MPBCPCOE_00216	MER0492485	34.756	164	96	2	11	169	11	168	1.02e-30	106
