AILGKKAI_00027	MER0001299	36.605	489	291	10	73	549	45	526	8.14e-92	290
AILGKKAI_00027	MER0011114	30.184	434	234	7	89	515	1	372	5.58e-51	177
AILGKKAI_00027	MER0321345	43.503	177	98	1	335	509	5	181	3.99e-43	149
AILGKKAI_00027	MER0321345	24.051	158	116	3	87	242	1	156	9.28e-10	55.1
AILGKKAI_00027	MER0003812	43.956	182	99	2	335	514	5	185	5.33e-43	149
AILGKKAI_00027	MER0003812	23.418	158	117	3	87	242	1	156	4.76e-09	53.5
AILGKKAI_00027	MER0044046	32.584	178	119	1	331	508	1	177	5.00e-24	96.7
AILGKKAI_00027	MER0013957	34.503	171	110	2	340	509	10	179	2.01e-23	94.7
AILGKKAI_00027	MER0001300	32.022	178	118	2	343	519	9	184	2.31e-22	91.7
AILGKKAI_00027	MER0001303	23.699	173	131	1	337	509	7	178	2.34e-09	54.3
AILGKKAI_00027	MER0042954	32.895	76	46	2	334	406	3	76	3.96e-06	44.3
AILGKKAI_00031	MER0001161	35.988	678	406	9	10	669	7	674	2.99e-147	441
AILGKKAI_00031	MER0001158	35.259	675	428	9	1	669	2	673	1.66e-132	402
AILGKKAI_00031	MER0006087	35.827	695	407	16	2	669	12	694	6.70e-131	399
AILGKKAI_00031	MER0015119	34.887	708	404	19	11	669	13	712	1.01e-122	379
AILGKKAI_00031	MER0108144	30.769	663	420	17	31	669	11	658	1.91e-86	281
AILGKKAI_00031	MER0001149	29.560	636	407	15	51	668	59	671	6.92e-78	259
AILGKKAI_00031	MER0001153	29.784	648	416	17	48	669	54	688	5.40e-76	254
AILGKKAI_00031	MER0001942	28.358	603	397	13	81	668	89	671	2.39e-71	241
AILGKKAI_00031	MER0079465	28.972	642	420	17	51	669	2	630	9.10e-71	239
AILGKKAI_00031	MER0003110	28.063	702	421	19	32	669	30	711	1.22e-70	240
AILGKKAI_00031	MER0015170	25.623	562	383	14	112	668	94	625	2.69e-48	176
AILGKKAI_00031	MER0001156	26.198	626	388	23	76	650	82	684	9.64e-41	155
AILGKKAI_00031	MER0021317	32.911	79	53	0	423	501	9	87	7.92e-10	53.1
AILGKKAI_00031	MER0059435	24.201	219	130	7	423	615	448	656	7.48e-06	45.8
AILGKKAI_00035	MER0031610	31.559	263	169	6	8	261	41	301	2.13e-39	135
AILGKKAI_00035	MER0044900	28.462	260	155	10	20	249	92	350	1.02e-13	67.0
AILGKKAI_00035	MER0044858	23.239	284	178	12	11	256	45	326	5.39e-10	55.8
AILGKKAI_00035	MER0044350	35.849	106	56	5	21	118	1	102	1.83e-09	53.9
AILGKKAI_00035	MER0035038	32.432	148	85	7	15	153	24	165	3.15e-09	53.1
AILGKKAI_00035	MER0031616	28.777	139	90	3	1	132	19	155	5.90e-09	52.4
AILGKKAI_00035	MER0014065	27.143	140	87	2	12	136	25	164	7.14e-09	52.4
AILGKKAI_00035	MER0035044	21.951	287	168	10	15	260	27	298	3.99e-08	50.1
AILGKKAI_00035	MER0035043	29.565	115	76	3	15	124	29	143	1.09e-07	48.9
AILGKKAI_00035	MER0213280	21.233	292	168	10	15	260	24	299	2.00e-07	47.8
AILGKKAI_00035	MER0017142	30.612	98	64	1	22	119	15	108	5.62e-07	46.2
AILGKKAI_00035	MER0036076	33.663	101	63	3	18	115	59	158	8.67e-07	45.8
AILGKKAI_00035	MER0011509	26.549	113	76	3	16	123	33	143	1.30e-06	45.4
AILGKKAI_00035	MER0031619	29.310	116	70	5	11	119	19	129	1.36e-06	45.4
AILGKKAI_00035	MER0035035	28.906	128	79	5	15	135	29	151	1.96e-06	45.1
AILGKKAI_00035	MER0031617	30.841	107	66	3	21	121	33	137	2.62e-06	44.3
AILGKKAI_00035	MER0035032	31.818	110	64	5	15	117	25	130	3.38e-06	44.3
AILGKKAI_00035	MER0030163	31.868	91	52	3	41	123	46	134	5.12e-06	43.5
AILGKKAI_00035	MER0004146	29.000	100	65	3	22	115	20	119	8.78e-06	42.7
