HDEPFGJF_00007	MER0005139	30.846	201	102	10	110	289	62	246	1.93e-16	75.5
HDEPFGJF_00007	MER0100667	28.571	231	119	11	109	326	22	219	2.48e-14	68.2
HDEPFGJF_00007	MER0001284	27.823	248	148	10	93	327	18	247	9.51e-14	67.0
HDEPFGJF_00007	MER0005131	28.000	225	143	6	111	327	38	251	1.13e-13	67.0
HDEPFGJF_00007	MER0194228	27.570	214	126	6	125	331	1	192	1.80e-13	65.1
HDEPFGJF_00007	MER0001289	27.660	235	132	10	109	331	60	268	5.56e-13	65.1
HDEPFGJF_00007	MER0015691	33.962	106	62	3	110	214	52	150	1.69e-12	63.5
HDEPFGJF_00007	MER0002161	32.418	182	96	8	111	291	66	221	1.96e-12	63.5
HDEPFGJF_00007	MER0002104	35.632	87	49	2	111	197	67	146	9.23e-11	58.5
HDEPFGJF_00007	MER0001288	27.948	229	126	10	105	318	17	221	3.11e-10	56.6
HDEPFGJF_00007	MER0005149	35.185	108	61	4	110	215	64	164	3.57e-10	57.0
HDEPFGJF_00007	MER0015336	31.731	104	63	3	111	213	62	158	5.14e-10	56.2
HDEPFGJF_00007	MER0004514	24.615	195	122	8	110	297	35	211	7.35e-10	55.5
HDEPFGJF_00007	MER0005238	33.333	90	53	2	111	200	67	149	7.53e-10	55.8
HDEPFGJF_00007	MER0005239	32.743	113	65	5	105	214	63	167	1.24e-09	55.5
HDEPFGJF_00007	MER0001911	33.010	103	59	2	108	210	38	130	8.76e-09	52.4
HDEPFGJF_00007	MER0032443	24.017	229	147	6	111	326	39	253	1.48e-08	51.6
HDEPFGJF_00007	MER0005241	35.955	89	50	3	109	195	3	86	1.55e-08	51.6
HDEPFGJF_00007	MER0005152	28.947	114	71	2	87	197	33	139	1.03e-07	49.3
HDEPFGJF_00007	MER0005244	35.106	94	52	3	108	200	2	87	9.79e-07	45.8
HDEPFGJF_00007	MER0015688	37.778	90	43	4	126	214	71	148	8.36e-06	43.5
HDEPFGJF_00036	MER0001978	45.574	531	283	4	33	559	23	551	2.42e-163	473
HDEPFGJF_00036	MER0011811	33.929	560	332	11	21	554	9	556	2.64e-84	270
HDEPFGJF_00036	MER0011800	33.465	508	312	15	13	512	8	497	2.88e-78	254
HDEPFGJF_00036	MER0002720	33.779	524	287	14	36	554	6	474	6.04e-70	229
HDEPFGJF_00036	MER0001629	30.970	536	350	11	29	554	19	544	8.52e-70	231
HDEPFGJF_00036	MER0005029	32.090	536	325	18	44	554	1	522	9.78e-70	231
HDEPFGJF_00036	MER0006124	32.359	513	315	15	33	525	23	523	1.12e-69	231
HDEPFGJF_00036	MER0011143	32.347	507	298	15	34	520	24	505	3.08e-67	224
HDEPFGJF_00036	MER0003580	32.475	505	323	12	33	529	23	517	1.14e-66	223
HDEPFGJF_00036	MER0004194	32.535	501	299	16	45	524	1	483	7.09e-65	218
HDEPFGJF_00036	MER0005831	30.975	523	311	17	33	527	23	523	5.17e-63	213
HDEPFGJF_00036	MER0011215	31.434	509	320	13	34	527	1	495	1.03e-62	211
HDEPFGJF_00036	MER0011211	28.774	563	364	17	16	560	11	554	9.37e-62	210
HDEPFGJF_00036	MER0004202	27.013	559	331	19	31	560	4	514	1.22e-49	176
HDEPFGJF_00036	MER0002728	30.039	516	302	19	54	529	47	543	3.11e-46	168
HDEPFGJF_00036	MER0011193	25.794	535	346	17	28	533	15	527	5.21e-44	161
HDEPFGJF_00036	MER0001977	24.954	545	359	13	42	554	32	558	1.74e-38	145
HDEPFGJF_00036	MER0016970	26.140	570	362	19	17	558	1	539	6.62e-35	135
HDEPFGJF_00036	MER0094876	25.612	449	298	10	34	473	1	422	3.73e-31	124
HDEPFGJF_00036	MER0006132	24.483	629	350	22	34	561	24	628	3.27e-30	122
HDEPFGJF_00036	MER0002718	36.842	190	114	4	324	509	3	190	1.68e-25	100
HDEPFGJF_00036	MER0026205	34.066	182	118	2	374	554	37	217	1.57e-24	99.0
HDEPFGJF_00036	MER0002721	32.057	209	113	3	374	554	37	244	1.70e-24	99.8
HDEPFGJF_00036	MER0003440	27.506	429	252	14	33	455	23	398	2.70e-24	102
HDEPFGJF_00036	MER0026204	28.241	216	147	3	29	243	19	227	2.04e-23	95.9
HDEPFGJF_00036	MER0001976	32.418	182	111	4	374	554	37	207	9.62e-19	82.0
HDEPFGJF_00036	MER0026207	28.729	181	103	3	374	554	37	191	1.60e-16	75.1
HDEPFGJF_00036	MER0037241	32.456	114	73	3	126	236	111	223	7.42e-11	59.3
HDEPFGJF_00036	MER0016605	26.519	181	107	4	36	215	9	164	9.23e-08	51.2
HDEPFGJF_00036	MER0159283	26.866	134	75	4	34	166	7	118	1.36e-06	47.4
HDEPFGJF_00047	MER0036114	25.217	115	79	2	2	114	18	127	6.90e-06	43.5
HDEPFGJF_00099	MER0015415	31.452	124	68	7	254	370	36	149	6.37e-07	46.2
