LFNDBPOM_00004	MER1143079	28.514	249	139	8	11	245	14	237	4.24e-19	83.2
LFNDBPOM_00004	MER0026262	23.876	356	195	13	1	318	11	328	1.94e-17	79.3
LFNDBPOM_00004	MER0002489	25.077	323	183	11	26	321	42	332	9.19e-15	71.2
LFNDBPOM_00004	MER0005925	26.596	188	110	4	1	170	12	189	9.63e-14	68.2
LFNDBPOM_00004	MER0000459	21.552	348	194	10	15	326	31	335	2.87e-13	67.0
LFNDBPOM_00004	MER0028284	26.104	249	152	7	1	233	11	243	2.57e-12	63.9
LFNDBPOM_00004	MER0011700	24.169	331	183	11	1	278	11	326	1.16e-11	62.0
LFNDBPOM_00004	MER0005964	22.678	366	205	10	6	331	20	347	3.78e-11	60.5
LFNDBPOM_00004	MER0140154	21.306	291	178	6	6	252	1	284	8.62e-11	59.3
LFNDBPOM_00004	MER0017069	25.641	195	108	4	1	176	5	181	3.05e-09	54.3
LFNDBPOM_00004	MER0219770	22.267	247	157	6	1	229	9	238	9.83e-09	52.8
LFNDBPOM_00004	MER0003802	22.500	240	143	8	23	244	32	246	2.60e-08	51.6
LFNDBPOM_00004	MER0004090	24.121	199	110	7	8	178	25	210	2.28e-06	45.8
LFNDBPOM_00004	MER0354941	30.208	96	49	2	101	178	102	197	2.75e-06	44.3
LFNDBPOM_00004	MER0122661	20.087	229	145	8	40	246	50	262	5.64e-06	44.3
LFNDBPOM_00025	MER0026262	27.899	276	168	10	55	315	7	266	6.18e-21	90.1
LFNDBPOM_00025	MER0028284	25.672	335	227	11	55	382	7	326	1.02e-18	83.2
LFNDBPOM_00025	MER0003802	24.629	337	213	13	59	389	11	312	1.75e-15	73.6
LFNDBPOM_00025	MER0011700	24.786	351	213	14	64	375	16	354	4.21e-14	69.7
LFNDBPOM_00025	MER0000459	23.478	345	206	14	66	384	25	337	1.85e-13	67.8
LFNDBPOM_00025	MER1143079	23.958	288	186	11	81	366	27	283	9.03e-13	65.1
LFNDBPOM_00025	MER0005925	25.389	193	114	5	59	236	12	189	3.23e-12	63.9
LFNDBPOM_00025	MER0006204	31.068	103	70	1	59	161	15	116	4.57e-12	63.5
LFNDBPOM_00025	MER0005923	29.677	155	93	6	54	200	12	158	5.25e-12	63.9
LFNDBPOM_00025	MER0140154	24.607	191	123	3	64	239	1	185	6.31e-12	63.2
LFNDBPOM_00025	MER0005964	24.000	350	205	14	55	369	11	334	7.95e-11	59.7
LFNDBPOM_00025	MER0002489	23.669	338	207	15	61	373	20	331	3.40e-09	54.7
LFNDBPOM_00025	MER0004090	24.658	219	127	9	53	244	3	210	8.69e-07	47.4
LFNDBPOM_00025	MER0219770	23.188	207	142	4	55	257	5	198	1.02e-06	47.0
LFNDBPOM_00038	MER0195774	24.123	228	119	6	50	274	1	177	4.68e-10	56.6
LFNDBPOM_00038	MER0122186	36.709	79	38	1	24	102	8	74	3.49e-08	51.6
LFNDBPOM_00038	MER0001233	21.429	252	139	7	50	292	2	203	1.42e-07	50.4
LFNDBPOM_00038	MER0011744	39.344	61	37	0	46	106	22	82	3.68e-07	48.9
LFNDBPOM_00038	MER0003386	36.508	63	40	0	39	101	15	77	6.65e-07	48.1
LFNDBPOM_00038	MER0001214	34.118	85	48	2	38	119	11	90	7.05e-07	47.8
LFNDBPOM_00038	MER0002423	39.344	61	37	0	41	101	17	77	2.15e-06	46.6
LFNDBPOM_00038	MER0169735	34.783	69	44	1	40	107	6	74	2.96e-06	45.8
LFNDBPOM_00038	MER0011096	36.364	66	42	0	41	106	17	82	9.83e-06	44.7
LFNDBPOM_00041	MER0217397	36.700	703	393	12	36	710	1	679	3.86e-154	459
LFNDBPOM_00041	MER0014366	37.749	702	406	11	24	710	27	712	3.28e-153	458
LFNDBPOM_00041	MER0039993	37.465	718	395	13	25	710	1	696	1.53e-149	448
LFNDBPOM_00041	MER0501051	43.629	259	125	9	24	270	3	252	5.23e-56	193
LFNDBPOM_00041	MER0501051	45.333	150	80	2	563	711	253	401	7.20e-31	122
