JENFKMAK_00020	MER0061102	32.203	236	143	4	406	629	1	231	1.19e-33	125
JENFKMAK_00020	MER0061102	31.034	232	143	7	48	264	2	231	1.51e-27	108
JENFKMAK_00045	MER0005768	30.196	255	160	5	8	258	9	249	1.11e-28	107
JENFKMAK_00110	MER0026339	60.674	267	102	2	1	264	1	267	1.25e-118	337
JENFKMAK_00110	MER0017193	36.502	263	164	3	11	271	14	275	9.25e-51	165
JENFKMAK_00110	MER0017177	28.767	146	90	6	4	144	16	152	1.36e-11	60.5
JENFKMAK_00110	MER0031614	26.592	267	152	9	22	271	83	322	1.27e-09	54.7
JENFKMAK_00110	MER0033259	23.247	271	176	8	8	272	16	260	1.24e-07	48.5
JENFKMAK_00110	MER0031617	26.761	142	83	5	17	156	29	151	1.43e-07	48.5
JENFKMAK_00110	MER0003537	25.833	240	155	9	8	228	6	241	2.01e-06	45.1
JENFKMAK_00110	MER0036063	38.983	59	35	1	204	261	219	277	3.82e-06	43.9
JENFKMAK_00110	MER0036047	22.780	259	169	12	19	261	34	277	4.71e-06	43.9
JENFKMAK_00155	MER0026262	25.915	328	201	10	172	462	4	326	5.04e-18	82.4
JENFKMAK_00155	MER0000459	25.309	324	200	10	184	474	23	337	3.15e-15	73.9
JENFKMAK_00155	MER1143079	29.508	244	132	7	220	444	46	268	6.75e-14	68.9
JENFKMAK_00155	MER0002489	24.409	254	167	5	218	446	58	311	1.41e-10	59.3
JENFKMAK_00155	MER0005964	24.913	289	171	9	217	465	55	337	1.56e-10	59.3
JENFKMAK_00155	MER0006204	25.731	171	90	7	215	355	53	216	1.25e-09	56.6
JENFKMAK_00155	MER0028284	19.182	318	227	9	172	464	4	316	4.79e-09	54.7
JENFKMAK_00155	MER0011700	24.324	222	130	6	175	360	7	226	5.20e-09	54.7
JENFKMAK_00155	MER0004154	20.588	306	196	10	191	458	22	318	6.10e-07	48.1
JENFKMAK_00155	MER0005925	23.196	194	117	6	174	339	7	196	1.05e-06	47.4
JENFKMAK_00155	MER0015683	27.230	213	129	8	170	359	20	229	8.53e-06	44.3
JENFKMAK_00182	MER0002601	47.761	134	68	2	34	166	4	136	3.50e-39	127
JENFKMAK_00182	MER0002455	46.099	141	71	2	29	169	1	136	2.76e-35	117
JENFKMAK_00182	MER0014721	36.641	131	77	3	43	169	28	156	9.21e-22	83.6
JENFKMAK_00182	MER0019092	29.167	144	85	4	29	156	1	143	5.47e-17	71.2
JENFKMAK_00182	MER0121992	28.571	105	62	4	29	121	1	104	5.41e-06	40.8
JENFKMAK_00184	MER0025070	35.294	119	63	5	190	296	1	117	5.80e-16	70.5
JENFKMAK_00184	MER0388771	34.211	114	61	5	195	296	2	113	2.82e-14	65.5
JENFKMAK_00184	MER0003380	37.113	97	58	2	195	291	138	231	4.18e-13	65.5
JENFKMAK_00184	MER0003906	34.259	108	62	4	195	296	1	105	4.82e-11	56.2
JENFKMAK_00184	MER0013541	35.227	88	50	3	195	280	1	83	3.91e-10	53.1
JENFKMAK_00184	MER0387040	32.692	104	64	3	195	296	1	100	7.16e-10	52.8
JENFKMAK_00184	MER0003423	35.398	113	60	6	192	296	29	136	7.91e-10	53.9
JENFKMAK_00184	MER0069741	35.354	99	60	3	193	291	68	162	1.57e-09	53.5
JENFKMAK_00184	MER0066182	33.058	121	72	5	180	296	76	191	5.34e-09	52.4
JENFKMAK_00184	MER0001419	35.398	113	60	6	192	296	29	136	1.36e-08	50.1
JENFKMAK_00184	MER0015415	35.165	91	57	1	190	280	59	147	2.25e-08	50.1
JENFKMAK_00184	MER0003376	29.167	120	69	3	195	300	45	162	7.74e-07	45.4
