OLCNMPCO_00102	MER0492485	47.826	69	30	2	73	141	56	118	4.91e-11	55.8
OLCNMPCO_00120	MER0000474	51.596	188	91	0	34	221	16	203	4.08e-72	215
OLCNMPCO_00120	MER0005687	47.030	202	102	1	20	221	11	207	5.91e-65	197
OLCNMPCO_00120	MER0002299	50.811	185	91	0	36	220	12	196	6.58e-65	197
OLCNMPCO_00120	MER0006046	48.148	189	98	0	33	221	15	203	5.91e-64	194
OLCNMPCO_00120	MER0002211	50.532	188	93	0	34	221	16	203	2.02e-63	193
OLCNMPCO_00120	MER0004857	50.785	191	92	2	32	221	14	203	7.55e-63	192
OLCNMPCO_00120	MER0004855	45.556	180	98	0	42	221	26	205	7.60e-56	174
OLCNMPCO_00120	MER0006063	45.055	182	100	0	40	221	23	204	7.45e-55	171
OLCNMPCO_00120	MER0004847	46.561	189	100	1	34	221	16	204	7.57e-52	164
OLCNMPCO_00120	MER0006056	47.561	164	85	1	59	222	46	208	6.15e-51	162
OLCNMPCO_00120	MER0011666	43.787	169	93	1	55	221	17	185	1.24e-46	150
OLCNMPCO_00120	MER0004182	40.426	188	112	0	35	222	13	200	1.00e-45	148
OLCNMPCO_00120	MER0006308	37.288	177	110	1	45	220	17	193	2.81e-43	141
OLCNMPCO_00120	MER0001369	40.000	80	46	1	77	156	53	130	7.43e-07	43.9
OLCNMPCO_00121	MER0002601	49.624	133	65	2	34	165	4	135	5.58e-40	129
OLCNMPCO_00121	MER0002455	46.809	141	70	2	29	169	1	136	1.49e-35	118
OLCNMPCO_00121	MER0014721	34.351	131	80	3	43	169	28	156	5.73e-20	79.0
OLCNMPCO_00121	MER0019092	30.556	144	83	4	29	156	1	143	6.80e-19	76.3
OLCNMPCO_00121	MER0010992	37.755	98	51	5	57	149	26	118	2.26e-08	47.4
OLCNMPCO_00121	MER0014802	31.111	90	60	2	57	145	26	114	7.19e-07	43.1
OLCNMPCO_00144	MER0031570	23.047	256	165	8	41	273	1	247	7.15e-11	58.2
OLCNMPCO_00144	MER0036027	20.463	259	175	6	41	276	1	251	2.40e-09	53.5
OLCNMPCO_00144	MER0036044	20.532	263	163	8	41	273	50	296	8.02e-08	49.3
OLCNMPCO_00144	MER0003558	21.698	212	148	7	65	266	39	242	5.87e-07	46.6
OLCNMPCO_00144	MER0030934	26.946	167	100	5	41	187	2	166	8.36e-06	43.5
OLCNMPCO_00167	MER0015424	60.681	529	195	9	93	617	1	520	0.0	620
OLCNMPCO_00167	MER0016991	30.405	148	88	5	341	479	183	324	3.81e-06	46.2
OLCNMPCO_00180	MER0056047	44.872	78	42	1	147	224	4	80	7.27e-13	60.1
OLCNMPCO_00180	MER0056022	43.590	78	43	1	147	224	46	122	1.05e-12	60.8
OLCNMPCO_00180	MER0055284	32.530	83	55	1	142	224	1	82	9.67e-08	45.8
OLCNMPCO_00180	MER0056027	31.646	79	53	1	146	224	41	118	1.16e-06	43.5
