DCBEKMGN_00046	MER0000392	51.418	282	127	4	436	708	3	283	8.42e-98	300
DCBEKMGN_00046	MER0015621	52.878	278	114	4	436	697	13	289	4.94e-96	296
DCBEKMGN_00046	MER0005694	53.184	267	124	1	431	697	8	273	4.49e-95	293
DCBEKMGN_00046	MER0022823	52.465	284	122	7	436	713	3	279	3.31e-92	285
DCBEKMGN_00046	MER0981959	49.104	279	124	5	435	697	1	277	6.55e-87	272
DCBEKMGN_00046	MER0079308	50.758	264	126	4	441	702	8	269	3.98e-86	270
DCBEKMGN_00046	MER0011450	50.554	271	123	5	436	697	3	271	5.31e-86	269
DCBEKMGN_00046	MER0002490	47.552	286	125	5	436	697	13	297	5.76e-86	270
DCBEKMGN_00046	MER0325901	45.255	274	145	5	436	705	1	273	2.01e-72	233
DCBEKMGN_00046	MER0000398	44.275	262	133	7	441	702	5	253	4.85e-61	202
DCBEKMGN_00046	MER0003229	37.313	268	160	5	436	702	11	271	4.48e-51	176
DCBEKMGN_00046	MER0000410	30.916	262	176	3	441	699	18	277	1.40e-38	141
DCBEKMGN_00046	MER0011872	30.258	271	181	5	439	703	16	284	4.97e-30	117
DCBEKMGN_00046	MER0082498	31.532	222	142	4	450	661	12	233	3.50e-27	108
DCBEKMGN_00046	MER0004227	30.000	200	136	2	450	646	33	231	9.85e-23	96.3
DCBEKMGN_00046	MER0082653	27.200	250	160	7	450	678	16	264	1.85e-22	95.1
DCBEKMGN_00046	MER0001920	27.315	216	141	9	490	697	36	243	5.92e-08	51.2
DCBEKMGN_00046	MER0005807	22.500	240	174	6	443	682	34	261	5.15e-07	48.5
DCBEKMGN_00099	MER0059846	34.667	300	186	6	6	299	16	311	6.26e-51	169
DCBEKMGN_00099	MER0199690	22.785	316	217	8	10	301	1	313	5.31e-22	91.3
DCBEKMGN_00099	MER0214074	25.946	185	117	5	134	301	2	183	1.56e-18	79.0
DCBEKMGN_00116	MER0001313	31.148	122	69	3	5	122	11	121	1.40e-06	43.9
DCBEKMGN_00125	MER0003380	32.400	250	157	6	139	386	1	240	2.53e-39	138
DCBEKMGN_00125	MER0069741	38.272	162	94	4	228	386	13	171	4.09e-25	98.2
DCBEKMGN_00125	MER0013541	45.882	85	46	0	284	368	1	85	1.98e-20	82.4
DCBEKMGN_00125	MER0003423	33.333	102	66	1	284	383	32	133	4.84e-17	74.7
DCBEKMGN_00125	MER0001419	33.333	102	66	1	284	383	32	133	8.04e-17	73.9
DCBEKMGN_00125	MER0066182	35.345	116	70	2	263	377	75	186	3.92e-15	70.9
DCBEKMGN_00125	MER0387040	36.842	95	59	1	284	377	1	95	4.03e-15	68.2
DCBEKMGN_00125	MER0003376	33.824	136	63	6	258	377	29	153	9.54e-15	68.9
DCBEKMGN_00125	MER0003906	36.634	101	56	3	284	377	1	100	6.23e-13	62.0
DCBEKMGN_00125	MER0015415	31.818	88	51	2	286	368	66	149	1.15e-08	51.2
DCBEKMGN_00146	MER0014135	45.041	242	133	0	186	427	3	244	2.18e-74	231
DCBEKMGN_00154	MER0003327	46.759	216	110	4	2	216	1	212	1.14e-59	196
DCBEKMGN_00154	MER0012158	36.873	339	140	11	2	268	1	337	6.05e-59	197
DCBEKMGN_00154	MER0003350	41.546	207	97	6	2	185	1	206	2.50e-45	156
DCBEKMGN_00154	MER0185695	39.189	222	129	4	2	218	1	221	2.93e-44	154
DCBEKMGN_00154	MER0003322	39.806	206	99	5	2	182	1	206	1.19e-39	141
DCBEKMGN_00154	MER0011781	29.371	143	94	3	2	140	1	140	1.46e-12	64.7
DCBEKMGN_00154	MER0003314	30.921	152	92	4	2	141	1	151	1.65e-12	65.1
DCBEKMGN_00154	MER0004101	31.159	138	87	4	2	134	1	135	2.40e-12	63.9
DCBEKMGN_00154	MER0011806	29.710	138	89	4	2	134	1	135	1.79e-11	61.2
DCBEKMGN_00161	MER0073084	27.021	433	287	10	18	429	1	425	5.72e-46	166
DCBEKMGN_00161	MER0014496	25.263	190	131	7	228	412	244	427	3.19e-06	47.0
DCBEKMGN_00183	MER0237414	26.000	200	136	5	47	235	3	201	2.66e-16	75.9
DCBEKMGN_00183	MER0003543	25.000	208	145	6	45	243	2	207	8.56e-13	65.5
DCBEKMGN_00183	MER0039456	24.419	172	117	4	77	237	36	205	1.67e-10	58.2
DCBEKMGN_00183	MER0015090	23.902	205	147	6	45	242	2	204	2.19e-10	58.2
DCBEKMGN_00183	MER0002008	24.365	197	124	8	44	224	1	188	1.67e-07	49.7
DCBEKMGN_00183	MER0003448	22.642	212	156	5	44	248	1	211	2.11e-06	46.2
DCBEKMGN_00183	MER0001233	23.767	223	142	9	44	244	1	217	2.37e-06	46.2
