JCBHALPK_00009	MER0004469	29.600	125	78	4	9	130	6	123	8.29e-13	66.6
JCBHALPK_00009	MER0004480	34.188	117	71	3	12	128	1	111	6.69e-10	57.0
JCBHALPK_00009	MER0004468	24.790	238	151	6	218	443	197	418	2.61e-09	55.5
JCBHALPK_00009	MER0897124	25.676	222	137	6	234	443	213	418	3.47e-07	48.9
JCBHALPK_00009	MER0897124	28.000	125	84	4	81	202	147	268	8.31e-06	44.7
JCBHALPK_00009	MER0004474	30.508	118	69	5	15	131	89	194	3.86e-07	48.5
JCBHALPK_00009	MER0004471	31.148	122	71	5	10	130	90	199	2.85e-06	45.8
JCBHALPK_00013	MER0001299	36.287	474	280	8	85	541	55	523	5.03e-80	259
JCBHALPK_00013	MER0011114	30.607	428	237	7	91	517	1	369	5.89e-50	174
JCBHALPK_00013	MER0321345	41.176	170	98	2	339	506	8	177	4.00e-37	133
JCBHALPK_00013	MER0321345	31.847	157	103	3	89	243	1	155	3.20e-14	68.2
JCBHALPK_00013	MER0003812	41.176	170	98	2	339	506	8	177	1.48e-36	132
JCBHALPK_00013	MER0003812	31.210	157	104	3	89	243	1	155	1.86e-13	66.2
JCBHALPK_00013	MER0013957	32.000	175	119	0	332	506	1	175	2.73e-25	100
JCBHALPK_00013	MER0013957	28.333	120	83	2	144	263	56	172	4.88e-06	44.3
JCBHALPK_00013	MER0044046	35.556	180	113	2	332	510	1	178	1.28e-24	98.2
JCBHALPK_00013	MER0001300	32.927	164	107	2	344	506	9	170	8.92e-19	81.6
JCBHALPK_00013	MER0001303	22.222	171	132	1	332	502	1	170	2.51e-08	51.2
JCBHALPK_00056	MER0005244	36.464	181	115	0	258	438	3	183	8.97e-32	117
JCBHALPK_00056	MER0005241	39.252	107	59	2	258	358	3	109	1.15e-16	76.3
JCBHALPK_00056	MER0001284	36.893	103	57	1	260	354	36	138	1.19e-14	70.5
JCBHALPK_00056	MER0004514	34.615	104	60	1	259	354	35	138	1.22e-13	67.4
JCBHALPK_00056	MER0005131	33.621	116	56	5	259	358	37	147	3.58e-11	60.5
JCBHALPK_00056	MER0005238	36.364	110	61	4	259	361	66	173	1.35e-10	58.9
JCBHALPK_00056	MER0002104	35.455	110	62	4	259	361	66	173	3.34e-10	57.8
JCBHALPK_00056	MER0100667	33.628	113	60	4	228	337	2	102	1.74e-09	54.7
JCBHALPK_00056	MER0015691	35.556	90	51	3	259	343	52	139	7.32e-08	50.4
JCBHALPK_00056	MER0002161	33.333	81	53	1	259	339	65	144	8.35e-08	50.4
JCBHALPK_00056	MER0005139	32.990	97	59	2	259	351	62	156	2.26e-07	48.9
JCBHALPK_00056	MER0005149	34.146	82	52	1	260	339	65	146	3.75e-07	48.5
JCBHALPK_00056	MER0001288	32.500	80	51	2	258	337	21	97	7.32e-07	47.0
JCBHALPK_00056	MER0001911	29.000	100	69	1	258	357	39	136	4.84e-06	44.7
JCBHALPK_00073	MER0000392	50.177	283	131	4	429	702	2	283	2.50e-99	304
JCBHALPK_00073	MER0005694	53.506	271	124	2	422	691	4	273	1.31e-97	300
JCBHALPK_00073	MER0015621	52.330	279	116	4	429	691	12	289	9.45e-97	298
JCBHALPK_00073	MER0022823	54.444	270	114	7	429	691	2	269	3.28e-95	293
JCBHALPK_00073	MER0079308	51.685	267	125	4	432	696	5	269	5.84e-91	282
JCBHALPK_00073	MER0002490	49.477	287	120	5	429	691	12	297	1.98e-90	281
JCBHALPK_00073	MER0011450	51.103	272	122	5	429	691	2	271	4.86e-90	280
JCBHALPK_00073	MER0981959	50.360	278	120	5	430	691	2	277	8.95e-90	279
JCBHALPK_00073	MER0325901	46.350	274	142	5	430	699	1	273	4.70e-74	237
JCBHALPK_00073	MER0000398	42.966	263	137	6	434	696	4	253	6.35e-59	196
JCBHALPK_00073	MER0003229	41.636	269	147	7	430	696	11	271	5.82e-56	189
JCBHALPK_00073	MER0000410	33.086	269	173	5	429	693	12	277	4.70e-42	151
JCBHALPK_00073	MER0011872	29.520	271	185	3	432	697	15	284	1.66e-30	118
JCBHALPK_00073	MER0082653	30.000	250	153	8	444	672	16	264	1.43e-26	107
JCBHALPK_00073	MER0082498	26.596	282	182	6	435	691	1	282	7.16e-26	105
JCBHALPK_00073	MER0004227	30.000	200	136	2	444	640	33	231	2.02e-21	92.4
JCBHALPK_00073	MER0001920	29.630	216	136	8	484	691	36	243	1.24e-10	59.3
JCBHALPK_00073	MER0005807	26.882	186	127	5	437	621	34	211	2.17e-07	49.7
JCBHALPK_00073	MER0003558	23.944	213	145	7	467	673	39	240	1.23e-06	47.4
JCBHALPK_00073	MER0005994	28.571	126	82	3	527	652	107	224	3.03e-06	46.2
JCBHALPK_00073	MER0018170	24.883	213	149	5	467	673	25	232	9.19e-06	44.7
JCBHALPK_00081	MER0005300	26.016	123	84	3	274	395	46	162	1.10e-07	48.1
JCBHALPK_00081	MER0013541	32.911	79	49	2	300	377	2	77	1.72e-07	45.8
JCBHALPK_00139	MER0036617	55.556	36	16	0	37	72	2	37	1.32e-07	40.4
JCBHALPK_00139	MER0054450	53.333	30	14	0	33	62	2	31	1.89e-06	37.7
JCBHALPK_00139	MER0027633	61.538	26	10	0	37	62	4	29	7.04e-06	36.2
JCBHALPK_00139	MER0017822	45.714	35	19	0	38	72	6	40	8.33e-06	35.8
JCBHALPK_00139	MER0017774	62.500	24	9	0	34	57	7	30	9.78e-06	36.2
JCBHALPK_00313	MER0034539	59.223	206	83	1	2	206	1	206	4.83e-82	252
JCBHALPK_00313	MER0033254	37.500	192	108	5	25	205	20	210	2.86e-28	110
JCBHALPK_00342	MER0000870	30.952	210	142	2	33	242	17	223	4.54e-30	109
JCBHALPK_00342	MER0004658	26.241	141	96	4	110	247	16	151	3.98e-10	54.3
JCBHALPK_00342	MER0000869	26.119	134	91	3	105	238	10	135	2.47e-07	46.2
JCBHALPK_00352	MER0036617	51.351	37	18	0	148	184	1	37	8.50e-07	41.2
JCBHALPK_00352	MER0017811	48.649	37	19	0	148	184	4	40	5.61e-06	38.9
JCBHALPK_00361	MER0004468	40.299	67	40	0	97	163	351	417	2.80e-09	52.0
JCBHALPK_00361	MER0897124	40.299	67	40	0	97	163	351	417	4.34e-09	51.2
JCBHALPK_00361	MER0004471	39.437	71	42	1	86	155	287	357	6.36e-07	45.1
JCBHALPK_00361	MER0004474	39.437	71	42	1	86	155	281	351	8.89e-07	44.3
JCBHALPK_00375	MER0069741	39.041	146	79	4	154	299	29	164	1.37e-27	103
JCBHALPK_00375	MER0003380	46.296	108	57	1	192	299	127	233	1.23e-26	102
JCBHALPK_00375	MER0013541	47.126	87	45	1	203	289	1	86	9.93e-21	82.0
JCBHALPK_00375	MER0003376	41.379	116	60	2	203	312	45	158	1.53e-19	81.3
JCBHALPK_00375	MER0003423	40.800	125	69	2	182	301	11	135	2.24e-19	80.1
JCBHALPK_00375	MER0015415	39.773	88	53	0	201	288	62	149	1.88e-18	78.6
JCBHALPK_00375	MER0001419	40.000	125	70	2	182	301	11	135	4.50e-18	76.6
JCBHALPK_00375	MER0387040	38.235	102	61	2	203	303	1	101	1.82e-13	62.8
JCBHALPK_00375	MER0003906	30.769	104	67	2	203	301	1	104	6.31e-13	61.2
JCBHALPK_00375	MER0066182	34.921	126	78	3	179	303	70	192	1.40e-12	62.8
JCBHALPK_00375	MER0005300	32.000	100	67	1	202	301	64	162	3.47e-10	55.1
JCBHALPK_00375	MER0025070	36.190	105	53	5	199	292	2	103	7.77e-08	47.4
JCBHALPK_00375	MER0388771	35.644	101	51	5	203	292	2	99	7.43e-07	44.3
JCBHALPK_00388	MER0078640	37.534	365	195	8	12	361	1	347	5.63e-69	218
JCBHALPK_00388	MER0060647	36.088	363	208	9	12	362	1	351	5.48e-66	210
JCBHALPK_00388	MER0043540	40.976	205	117	2	166	369	27	228	5.89e-50	164
JCBHALPK_00388	MER0044812	44.271	192	103	3	182	373	57	244	6.01e-48	160
JCBHALPK_00388	MER0115185	52.482	141	65	1	220	360	5	143	3.27e-44	147
JCBHALPK_00388	MER0045945	40.437	183	106	3	183	365	34	213	1.56e-43	147
JCBHALPK_00388	MER0046161	43.979	191	99	4	181	369	65	249	5.00e-43	148
JCBHALPK_00388	MER0436691	31.273	275	146	5	102	371	14	250	1.04e-40	141
JCBHALPK_00388	MER0043195	23.494	166	110	5	223	371	54	219	2.91e-08	50.8
JCBHALPK_00388	MER0043537	28.889	180	98	8	193	357	14	178	1.05e-07	48.5
JCBHALPK_00411	MER0001311	36.111	144	87	4	34	172	37	180	4.97e-26	97.1
JCBHALPK_00417	MER0003380	34.874	238	136	5	149	380	13	237	2.10e-41	144
JCBHALPK_00417	MER0013541	49.412	85	43	0	281	365	1	85	5.64e-23	89.4
JCBHALPK_00417	MER0069741	36.735	147	89	3	236	380	24	168	1.25e-21	88.6
JCBHALPK_00417	MER0066182	39.130	115	66	2	261	374	75	186	8.26e-21	87.0
JCBHALPK_00417	MER0387040	41.053	95	55	1	281	374	1	95	1.37e-19	80.5
JCBHALPK_00417	MER0003423	38.372	86	51	2	281	364	32	117	1.37e-14	67.8
JCBHALPK_00417	MER0003376	36.697	109	54	3	281	374	45	153	2.62e-14	67.4
JCBHALPK_00417	MER0003906	40.698	86	49	2	281	364	1	86	4.90e-14	65.1
JCBHALPK_00417	MER0001419	36.047	86	53	2	281	364	32	117	7.03e-14	65.5
JCBHALPK_00417	MER0015415	32.407	108	65	2	283	389	66	166	6.26e-11	57.8
JCBHALPK_00417	MER0025070	35.644	101	56	4	276	367	1	101	7.95e-10	53.5
JCBHALPK_00417	MER0388771	36.458	96	52	4	281	367	2	97	1.34e-09	52.8
JCBHALPK_00417	MER0005300	33.696	92	61	0	283	374	67	158	2.53e-09	53.1
JCBHALPK_00450	MER0003380	28.571	210	113	7	95	281	36	231	3.78e-18	78.6
JCBHALPK_00450	MER0003906	36.190	105	60	3	187	285	1	104	3.46e-14	64.3
JCBHALPK_00450	MER0005300	33.898	118	73	2	172	285	46	162	8.29e-14	65.1
JCBHALPK_00450	MER0003376	33.071	127	69	5	174	285	32	157	9.24e-14	64.7
JCBHALPK_00450	MER0069741	34.737	95	60	2	187	281	70	162	4.41e-13	63.2
JCBHALPK_00450	MER0013541	34.884	86	55	1	187	272	1	85	2.22e-12	58.9
JCBHALPK_00450	MER0003423	31.313	99	65	2	187	283	32	129	1.28e-10	55.5
JCBHALPK_00450	MER0001419	35.632	87	53	2	187	271	32	117	2.38e-10	54.7
JCBHALPK_00450	MER0066182	28.155	103	72	2	184	285	89	190	2.74e-09	52.8
JCBHALPK_00450	MER0387040	27.000	100	71	2	187	285	1	99	3.90e-09	50.4
JCBHALPK_00450	MER0025070	30.928	97	59	2	187	275	6	102	1.07e-07	46.6
JCBHALPK_00450	MER0388771	30.928	97	59	2	187	275	2	98	1.34e-07	46.2
JCBHALPK_00450	MER0015415	27.059	85	60	2	189	272	66	149	9.01e-06	42.0
JCBHALPK_00459	MER0192051	23.423	222	144	7	20	225	96	307	7.65e-06	43.9
JCBHALPK_00490	MER0004196	43.827	162	84	4	189	347	1	158	7.86e-34	123
JCBHALPK_00490	MER0003514	45.223	157	77	3	193	346	5	155	4.95e-32	118
JCBHALPK_00490	MER0001425	39.130	161	93	2	191	347	3	162	6.11e-30	112
JCBHALPK_00490	MER0004195	38.750	160	88	2	191	346	3	156	4.53e-29	110
JCBHALPK_00490	MER0003065	38.961	154	91	3	193	346	5	155	1.78e-28	108
JCBHALPK_00490	MER0001297	39.490	157	92	2	191	347	3	156	9.23e-27	103
JCBHALPK_00490	MER0003413	33.962	159	101	2	193	350	5	160	2.08e-26	102
JCBHALPK_00490	MER0001295	35.542	166	93	3	193	346	5	168	1.38e-24	97.8
JCBHALPK_00490	MER0005714	34.615	156	94	2	192	340	4	158	2.66e-24	97.1
JCBHALPK_00490	MER0015684	32.000	150	101	1	191	340	3	151	1.33e-21	89.0
JCBHALPK_00490	MER0195376	26.207	145	84	2	193	314	3	147	4.42e-08	50.1
JCBHALPK_00524	MER0000485	46.218	238	127	1	572	808	1	238	4.64e-65	214
JCBHALPK_00524	MER0000495	43.775	249	129	4	572	810	1	248	1.92e-59	199
JCBHALPK_00524	MER0003442	50.538	186	88	2	623	805	37	221	8.67e-54	183
JCBHALPK_00524	MER0011056	50.538	186	88	2	623	805	37	221	4.04e-53	181
JCBHALPK_00524	MER0011057	49.462	186	90	2	623	805	37	221	6.55e-52	177
JCBHALPK_00524	MER0003443	46.842	190	96	2	609	793	27	216	6.62e-52	177
JCBHALPK_00524	MER0014970	35.842	279	134	3	572	805	1	279	4.77e-50	175
JCBHALPK_00524	MER0000488	39.301	229	139	0	572	800	1	229	6.68e-50	172
JCBHALPK_00524	MER0004236	46.243	173	91	1	629	801	87	257	3.93e-43	154
JCBHALPK_00524	MER0000496	34.532	278	123	3	572	790	1	278	2.50e-41	150
JCBHALPK_00524	MER0108906	36.596	235	142	2	572	804	1	230	6.43e-38	138
JCBHALPK_00524	MER0005837	37.615	218	119	4	573	775	2	217	9.70e-37	135
JCBHALPK_00524	MER0026213	37.500	120	72	1	658	777	111	227	2.64e-20	88.2
JCBHALPK_00524	MER0017402	33.516	182	109	4	630	806	28	202	2.74e-19	84.3
JCBHALPK_00524	MER0003859	29.333	150	99	2	652	801	79	221	5.18e-14	69.3
JCBHALPK_00524	MER0003359	28.571	196	122	4	630	815	45	232	1.69e-13	67.8
JCBHALPK_00524	MER0017403	39.759	83	49	1	693	775	94	175	8.29e-09	53.9
JCBHALPK_00543	MER0000410	59.011	283	114	1	400	682	2	282	1.11e-117	350
JCBHALPK_00543	MER0011872	41.445	263	151	2	418	677	18	280	1.28e-69	226
JCBHALPK_00543	MER0082498	42.446	278	136	7	423	676	6	283	1.34e-63	209
JCBHALPK_00543	MER0005694	34.211	266	171	2	413	677	13	275	4.24e-44	157
JCBHALPK_00543	MER0079308	33.840	263	167	5	417	676	7	265	5.00e-42	150
JCBHALPK_00543	MER0004227	38.813	219	133	1	422	639	28	246	1.46e-40	147
JCBHALPK_00543	MER0000392	30.909	275	177	4	412	676	2	273	4.78e-38	139
JCBHALPK_00543	MER0015621	31.399	293	181	4	401	676	1	290	6.05e-38	140
JCBHALPK_00543	MER0011450	32.946	258	159	6	412	659	2	255	1.21e-36	135
JCBHALPK_00543	MER0325901	33.829	269	170	7	413	676	1	266	1.89e-36	135
JCBHALPK_00543	MER0022823	33.088	272	170	7	412	675	2	269	4.02e-36	134
JCBHALPK_00543	MER0082653	37.004	227	128	7	429	641	18	243	1.43e-35	132
JCBHALPK_00543	MER0002490	29.373	303	182	6	401	676	1	298	1.39e-34	130
JCBHALPK_00543	MER0981959	30.249	281	175	5	413	676	2	278	3.33e-33	126
JCBHALPK_00543	MER0003229	31.955	266	171	6	413	676	11	268	4.16e-32	122
JCBHALPK_00543	MER0000398	30.303	264	168	6	415	677	2	250	4.19e-28	110
JCBHALPK_00546	MER0003338	51.111	135	65	1	193	326	1	135	9.98e-41	136
JCBHALPK_00546	MER0003303	51.111	135	64	2	193	327	1	133	1.23e-37	128
JCBHALPK_00546	MER0013976	48.800	125	62	2	193	317	1	123	1.19e-31	112
JCBHALPK_00546	MER0017622	26.337	243	150	7	29	250	1	235	2.98e-20	85.5
JCBHALPK_00546	MER0003336	37.079	89	55	1	193	281	1	88	2.14e-15	69.3
JCBHALPK_00546	MER0034967	29.082	196	115	6	90	263	1	194	2.31e-15	70.9
JCBHALPK_00546	MER0016969	34.783	115	63	4	193	295	1	115	7.92e-11	57.0
JCBHALPK_00546	MER0003299	36.264	91	57	1	193	283	1	90	5.75e-09	51.2
JCBHALPK_00546	MER0011465	38.333	60	37	0	193	252	1	60	3.54e-07	45.8
JCBHALPK_00557	MER0000589	64.103	39	14	0	474	512	190	228	3.08e-11	60.8
JCBHALPK_00557	MER0000589	29.268	123	44	3	140	262	1	80	1.87e-09	55.5
JCBHALPK_00557	MER0013626	29.231	130	68	3	401	512	22	145	1.14e-10	57.0
JCBHALPK_00597	MER0014135	41.353	266	154	1	183	446	1	266	1.82e-74	231
JCBHALPK_00597	MER0003359	22.609	115	81	3	341	449	110	222	4.16e-07	47.8
JCBHALPK_00608	MER0001244	39.544	263	141	5	175	422	2	261	7.27e-57	185
JCBHALPK_00608	MER0013463	38.550	262	143	5	175	422	2	259	3.59e-51	170
JCBHALPK_00608	MER0001733	33.106	293	146	6	176	422	3	291	7.38e-46	157
JCBHALPK_00608	MER0028601	33.209	268	154	9	176	422	3	266	7.79e-39	138
JCBHALPK_00608	MER0004931	33.195	241	126	6	175	405	2	217	1.73e-34	125
JCBHALPK_00608	MER0004532	33.190	232	129	6	175	401	2	212	6.01e-32	118
JCBHALPK_00608	MER0005462	30.252	238	143	5	175	408	2	220	1.98e-31	117
JCBHALPK_00608	MER0001248	32.645	242	114	7	228	422	13	252	2.60e-30	114
JCBHALPK_00608	MER0005715	30.435	253	148	8	175	418	2	235	3.01e-25	100
JCBHALPK_00608	MER0002038	25.316	237	151	6	175	405	2	218	4.41e-18	80.1
JCBHALPK_00608	MER0001250	24.746	295	159	12	176	417	3	287	1.96e-12	64.3
JCBHALPK_00608	MER0027437	29.545	176	95	8	231	397	67	222	2.20e-12	63.5
JCBHALPK_00608	MER0016544	26.136	264	139	13	151	401	27	247	1.62e-11	61.6
JCBHALPK_00608	MER0004321	29.000	200	98	9	230	413	63	234	2.45e-11	60.5
JCBHALPK_00608	MER0002039	29.670	182	99	7	229	401	62	223	2.15e-10	57.8
JCBHALPK_00608	MER0003105	25.366	205	118	9	229	418	64	248	9.96e-10	55.8
JCBHALPK_00608	MER0016542	26.596	188	96	9	237	407	92	254	3.65e-09	54.3
JCBHALPK_00608	MER0014518	26.341	205	110	10	211	397	44	225	4.90e-07	47.8
JCBHALPK_00608	MER0013929	21.860	215	145	5	178	384	5	204	6.33e-07	47.4
JCBHALPK_00633	MER0001295	42.623	183	93	3	372	551	5	178	2.79e-44	154
JCBHALPK_00633	MER0003065	37.278	169	94	4	380	548	6	162	8.81e-27	104
JCBHALPK_00633	MER0001297	39.161	143	77	3	368	510	1	133	1.72e-24	97.8
JCBHALPK_00633	MER0001425	37.500	160	86	4	391	549	23	169	6.13e-23	93.6
JCBHALPK_00633	MER0003514	35.165	182	97	5	368	548	1	162	3.01e-22	91.3
JCBHALPK_00633	MER0003413	36.885	122	74	3	390	510	15	134	1.31e-20	86.7
JCBHALPK_00633	MER0015684	38.931	131	77	3	380	509	6	134	1.24e-19	84.0
JCBHALPK_00633	MER0005714	35.915	142	78	4	389	518	14	154	5.37e-19	82.0
JCBHALPK_00633	MER0004196	30.061	163	99	4	394	552	19	170	2.91e-18	79.7
JCBHALPK_00633	MER0004195	32.544	169	95	6	380	544	6	159	2.34e-13	65.9
JCBHALPK_00633	MER0030235	24.868	189	111	6	380	551	6	180	3.87e-06	45.1
JCBHALPK_00637	MER0004035	42.478	113	58	3	38	149	5	111	1.92e-26	93.6
JCBHALPK_00637	MER0002443	36.207	116	69	2	36	150	6	117	1.02e-21	81.6
JCBHALPK_00637	MER0003986	36.885	122	71	3	31	150	1	118	1.58e-21	80.9
JCBHALPK_00637	MER0003807	39.252	107	58	3	38	142	8	109	4.46e-19	74.7
JCBHALPK_00637	MER0003808	40.833	120	57	6	35	151	5	113	6.11e-19	74.3
JCBHALPK_00637	MER0002450	39.655	116	62	5	35	150	5	112	4.31e-18	72.0
JCBHALPK_00637	MER0377310	40.909	110	57	5	35	144	5	106	2.09e-17	70.1
JCBHALPK_00637	MER0377307	40.909	110	57	5	35	144	5	106	2.09e-17	70.1
JCBHALPK_00637	MER0003805	37.607	117	65	4	35	151	5	113	2.36e-17	70.1
JCBHALPK_00637	MER0004054	34.746	118	68	5	39	151	9	122	6.63e-17	69.3
JCBHALPK_00637	MER0377178	40.909	110	57	5	35	144	5	106	6.32e-16	66.2
JCBHALPK_00637	MER0038100	32.456	114	61	5	41	144	12	119	1.43e-13	60.8
JCBHALPK_00637	MER0376722	42.157	102	45	6	35	133	5	95	4.61e-13	58.5
JCBHALPK_00637	MER0001322	47.143	70	32	2	31	97	1	68	8.80e-12	55.8
JCBHALPK_00637	MER0014188	40.659	91	44	3	35	124	5	86	2.02e-11	54.7
JCBHALPK_00637	MER0377450	36.559	93	52	3	35	127	5	90	2.77e-10	51.2
JCBHALPK_00637	MER0024252	36.471	85	44	4	43	125	14	90	3.78e-09	48.9
JCBHALPK_00637	MER0014672	31.092	119	61	5	31	135	1	112	8.98e-09	48.1
JCBHALPK_00637	MER0031199	30.909	55	38	0	52	106	6	60	1.07e-06	41.2
JCBHALPK_00650	MER0195376	34.536	194	98	4	218	393	1	183	1.77e-26	102
JCBHALPK_00650	MER0004196	28.369	141	88	3	219	354	4	136	2.01e-06	44.7
JCBHALPK_00655	MER0065554	45.283	265	134	3	284	538	4	267	3.67e-78	244
JCBHALPK_00655	MER0437468	38.218	348	200	5	197	530	1	347	9.95e-73	233
JCBHALPK_00655	MER0436717	45.641	195	85	6	346	530	210	393	3.58e-39	144
JCBHALPK_00655	MER0436717	33.775	151	92	2	197	339	1	151	1.07e-18	85.1
JCBHALPK_00657	MER0045886	43.668	229	123	5	1	225	10	236	2.86e-53	177
JCBHALPK_00657	MER0044889	37.826	230	135	4	2	226	16	242	1.88e-43	151
JCBHALPK_00657	MER0042974	39.474	190	107	4	12	193	1	190	3.10e-35	127
JCBHALPK_00657	MER0038086	35.545	211	114	7	5	196	29	236	1.12e-34	127
JCBHALPK_00657	MER0436735	29.389	262	147	4	2	225	1	262	4.39e-31	118
JCBHALPK_00657	MER0043387	36.158	177	110	2	20	194	1	176	3.25e-27	104
JCBHALPK_00657	MER0043537	32.222	180	120	1	5	182	2	181	9.46e-24	95.5
JCBHALPK_00657	MER0044622	29.586	169	108	4	39	202	68	230	3.33e-09	54.7
JCBHALPK_00657	MER0043475	28.188	149	79	5	39	168	55	194	9.54e-08	50.1
JCBHALPK_00673	MER0006204	26.718	393	244	10	42	429	5	358	7.38e-30	116
JCBHALPK_00673	MER0004090	25.891	421	256	12	35	443	2	378	1.54e-29	115
JCBHALPK_00673	MER0003800	24.645	422	246	17	32	432	6	376	9.94e-21	90.5
JCBHALPK_00673	MER0026262	25.519	337	181	13	56	386	15	287	2.38e-20	89.0
JCBHALPK_00673	MER0354941	27.650	217	114	10	57	259	10	197	1.51e-19	83.6
JCBHALPK_00673	MER0140154	29.187	209	121	6	57	258	1	189	1.85e-19	86.3
JCBHALPK_00673	MER0002489	27.727	220	121	7	57	268	23	212	6.88e-16	75.5
JCBHALPK_00673	MER0005925	23.276	232	153	7	51	280	11	219	2.87e-14	70.5
JCBHALPK_00673	MER0122661	22.025	395	231	13	44	429	1	327	1.24e-13	68.6
JCBHALPK_00673	MER0011700	21.684	392	238	14	57	437	16	349	1.28e-13	68.9
JCBHALPK_00673	MER0005964	25.826	333	167	15	44	360	8	276	1.98e-13	68.2
JCBHALPK_00673	MER0003802	23.729	236	133	5	49	281	8	199	1.64e-12	65.1
JCBHALPK_00673	MER0015683	23.506	251	144	6	36	277	17	228	1.32e-11	62.0
JCBHALPK_00673	MER0017069	23.000	200	121	5	67	264	20	188	1.40e-11	62.4
JCBHALPK_00673	MER0219770	21.531	209	133	4	50	257	7	185	2.21e-10	58.5
JCBHALPK_00673	MER0005923	22.672	247	148	5	53	257	19	264	2.63e-10	58.9
JCBHALPK_00673	MER0000457	26.829	205	106	6	56	254	20	186	2.78e-10	58.2
JCBHALPK_00673	MER0028284	24.091	220	122	9	44	257	3	183	4.15e-10	57.8
JCBHALPK_00673	MER0000459	25.472	212	121	8	58	264	24	203	3.19e-09	55.1
JCBHALPK_00673	MER0005836	22.800	250	135	10	44	278	12	218	9.77e-07	47.0
JCBHALPK_00683	MER0044882	34.021	97	48	5	91	186	72	153	1.17e-06	44.3
JCBHALPK_00694	MER0037236	24.701	251	167	5	13	242	11	260	5.43e-14	66.6
JCBHALPK_00694	MER0036076	25.573	262	161	9	3	241	41	291	3.89e-12	61.6
JCBHALPK_00694	MER0004146	25.882	255	160	9	13	242	10	260	4.96e-12	61.2
JCBHALPK_00694	MER0031611	23.757	181	120	3	87	249	110	290	1.13e-11	60.5
JCBHALPK_00694	MER0036066	24.583	240	162	7	22	242	1	240	4.83e-11	58.2
JCBHALPK_00694	MER0036053	21.429	266	164	8	16	242	3	262	2.87e-10	56.2
JCBHALPK_00694	MER0035973	25.543	184	121	5	70	242	108	286	3.95e-10	55.8
JCBHALPK_00694	MER0036068	23.967	242	160	9	22	241	54	293	1.52e-09	54.3
JCBHALPK_00694	MER0003537	24.000	200	120	7	80	250	87	283	2.63e-09	53.5
JCBHALPK_00694	MER0036054	23.005	213	131	4	60	239	58	270	1.73e-08	50.8
JCBHALPK_00694	MER0036059	39.655	58	35	0	184	241	293	350	8.15e-08	49.3
JCBHALPK_00694	MER0036074	21.327	211	124	7	76	249	179	384	1.58e-07	48.5
JCBHALPK_00694	MER0017033	21.667	180	118	4	80	242	126	299	7.05e-07	46.2
JCBHALPK_00694	MER0036073	22.984	248	152	7	22	242	80	315	8.28e-07	45.8
JCBHALPK_00694	MER0036057	20.904	177	123	4	80	242	124	297	1.47e-06	45.1
JCBHALPK_00764	MER0000474	54.497	189	86	0	28	216	15	203	1.96e-74	221
JCBHALPK_00764	MER0005687	52.128	188	85	1	31	218	27	209	9.15e-67	201
JCBHALPK_00764	MER0002211	50.794	189	93	0	29	217	16	204	8.39e-66	199
JCBHALPK_00764	MER0004857	50.521	192	93	2	26	216	13	203	3.40e-63	192
JCBHALPK_00764	MER0006046	49.206	189	96	0	28	216	15	203	6.60e-63	192
JCBHALPK_00764	MER0002299	48.677	189	97	0	31	219	12	200	7.42e-63	191
JCBHALPK_00764	MER0006063	47.802	182	95	0	35	216	23	204	1.19e-61	188
JCBHALPK_00764	MER0006056	50.581	172	84	1	45	216	37	207	1.39e-56	176
JCBHALPK_00764	MER0004847	49.733	187	93	1	31	216	18	204	7.09e-56	174
JCBHALPK_00764	MER0004855	43.333	180	102	0	37	216	26	205	9.50e-55	171
JCBHALPK_00764	MER0006308	37.778	180	111	1	40	218	17	196	2.04e-46	149
JCBHALPK_00764	MER0004182	41.040	173	102	0	44	216	27	199	3.48e-44	144
JCBHALPK_00764	MER0011666	42.604	169	95	2	50	216	17	185	3.25e-43	141
JCBHALPK_00764	MER0001369	40.741	81	46	1	71	151	52	130	5.63e-07	44.3
JCBHALPK_00766	MER0031610	37.021	235	140	5	4	231	67	300	3.61e-41	139
JCBHALPK_00766	MER0014065	32.184	87	56	1	4	87	47	133	6.11e-11	58.2
JCBHALPK_00766	MER0031617	22.449	245	152	8	4	221	47	280	9.40e-10	54.3
JCBHALPK_00766	MER0210990	32.941	85	54	1	17	98	57	141	1.17e-07	48.5
JCBHALPK_00766	MER0026339	34.066	91	57	3	2	89	35	125	4.31e-07	46.2
JCBHALPK_00766	MER0036053	34.615	78	48	2	5	80	22	98	7.95e-07	45.4
JCBHALPK_00766	MER0004146	24.775	222	145	8	16	224	48	260	9.15e-07	45.4
JCBHALPK_00766	MER0017177	29.851	67	44	1	16	79	60	126	1.13e-06	45.4
JCBHALPK_00766	MER0037236	51.351	37	18	0	48	84	82	118	1.74e-06	44.7
JCBHALPK_00766	MER0011509	38.667	75	39	2	18	86	65	138	2.90e-06	43.9
JCBHALPK_00766	MER0031616	32.911	79	48	1	13	86	61	139	3.96e-06	43.5
JCBHALPK_00766	MER0036069	41.026	78	38	5	18	88	107	183	4.85e-06	43.5
JCBHALPK_00766	MER0044900	23.695	249	159	10	4	223	107	353	8.33e-06	42.7
JCBHALPK_00780	MER0000576	42.609	115	65	1	30	144	1	114	1.07e-34	114
JCBHALPK_00780	MER0000569	36.842	114	70	2	30	142	1	113	8.87e-17	68.6
JCBHALPK_00780	MER0006172	38.462	78	48	0	52	129	2	79	1.19e-13	59.3
JCBHALPK_00796	MER0044357	26.168	214	126	7	14	198	41	251	6.90e-13	65.9
JCBHALPK_00796	MER0044357	27.119	118	80	3	198	314	331	443	3.79e-08	51.2
JCBHALPK_00830	MER0001284	31.731	104	69	1	106	207	36	139	2.73e-10	57.4
JCBHALPK_00830	MER0004514	28.829	111	76	2	105	213	35	144	1.18e-09	55.5
JCBHALPK_00830	MER0100667	34.831	89	54	2	141	225	54	142	1.65e-08	51.6
JCBHALPK_00830	MER0005238	28.289	152	84	4	83	229	47	178	2.07e-06	45.8
JCBHALPK_00836	MER0042827	56.701	97	42	0	975	1071	1	97	2.76e-30	112
JCBHALPK_00860	MER0013829	32.934	334	207	8	10	336	4	327	9.97e-53	175
JCBHALPK_00860	MER0005169	31.884	345	220	6	12	351	6	340	1.04e-52	175
JCBHALPK_00860	MER0004410	29.226	349	226	9	12	350	6	343	3.77e-42	147
JCBHALPK_00860	MER0005472	33.333	333	206	6	12	343	6	323	8.51e-42	145
JCBHALPK_00860	MER0002046	30.612	343	209	10	12	347	6	326	1.51e-37	134
JCBHALPK_00860	MER0002043	27.108	332	212	9	25	343	31	345	3.22e-32	121
JCBHALPK_00860	MER0005160	29.042	334	218	9	13	343	7	324	3.52e-31	117
JCBHALPK_00860	MER0002040	28.479	309	196	11	63	358	59	355	5.83e-27	106
JCBHALPK_00860	MER0022215	26.023	342	235	7	11	348	4	331	2.96e-25	101
JCBHALPK_00860	MER0025084	21.727	359	245	13	7	349	1	339	4.34e-09	53.9
JCBHALPK_00862	MER0001158	32.895	684	442	12	28	703	3	677	5.06e-119	369
JCBHALPK_00862	MER0001161	29.646	678	450	17	42	703	12	678	7.02e-88	286
JCBHALPK_00862	MER0006087	30.143	700	429	24	42	703	21	698	2.46e-83	275
JCBHALPK_00862	MER0015119	28.788	726	427	26	42	703	17	716	1.50e-76	257
JCBHALPK_00862	MER0001149	26.935	646	430	15	75	703	56	676	5.08e-60	211
JCBHALPK_00862	MER0001942	25.373	603	418	14	113	703	94	676	5.22e-50	182
JCBHALPK_00862	MER0108144	25.976	666	444	22	64	703	20	662	5.23e-47	174
JCBHALPK_00862	MER0001153	24.886	659	445	19	75	703	54	692	1.25e-45	170
JCBHALPK_00862	MER0003110	24.956	569	369	16	68	590	39	595	2.80e-42	160
JCBHALPK_00862	MER0079465	24.669	604	393	18	133	702	58	633	8.78e-41	155
JCBHALPK_00862	MER0015170	22.552	572	397	16	139	701	94	628	4.57e-38	147
JCBHALPK_00862	MER0001156	21.157	657	436	20	34	639	20	645	4.70e-26	110
JCBHALPK_00886	MER0210019	33.019	106	47	5	87	168	6	111	9.56e-06	40.0
JCBHALPK_00887	MER0005767	25.000	264	159	7	56	314	29	258	3.79e-08	51.2
JCBHALPK_00908	MER0015121	27.344	128	72	3	20	126	11	138	1.32e-06	46.6
JCBHALPK_00908	MER0011254	26.816	179	101	8	19	178	11	178	4.27e-06	44.7
JCBHALPK_00956	MER0015424	28.039	510	267	22	115	547	29	515	1.01e-34	135
JCBHALPK_00956	MER0003536	28.634	227	119	10	164	379	71	265	5.38e-10	58.2
JCBHALPK_00956	MER0161312	33.099	142	77	7	293	428	232	361	2.35e-08	53.1
JCBHALPK_00956	MER0016688	29.545	176	82	9	266	428	170	316	1.31e-07	50.8
JCBHALPK_00956	MER0016991	30.093	216	110	9	244	441	146	338	2.20e-07	50.1
JCBHALPK_00956	MER0002529	26.578	301	167	13	163	428	272	553	8.18e-07	48.9
JCBHALPK_00956	MER0002500	33.065	124	66	5	264	381	245	357	1.90e-06	47.4
JCBHALPK_00956	MER0019280	36.036	111	54	4	266	375	167	261	2.55e-06	46.6
JCBHALPK_00956	MER0000351	40.625	64	31	2	314	377	229	285	5.21e-06	45.4
JCBHALPK_00956	MER0030016	42.222	90	41	4	293	377	176	259	6.24e-06	45.1
JCBHALPK_00956	MER0028258	33.621	116	70	3	317	428	266	378	9.11e-06	45.1
JCBHALPK_00981	MER0005767	30.721	319	178	8	53	368	27	305	4.29e-38	137
JCBHALPK_00981	MER0030136	25.743	404	266	12	5	384	2	395	5.47e-19	85.1
JCBHALPK_00981	MER0030151	24.688	401	274	13	5	384	2	395	3.95e-18	82.8
JCBHALPK_00981	MER0030149	25.436	401	271	14	5	384	2	395	6.37e-18	82.0
JCBHALPK_00981	MER0030143	22.581	403	280	13	5	384	2	395	2.07e-15	74.3
JCBHALPK_00981	MER0015112	24.205	409	270	16	5	384	2	399	3.11e-14	70.9
JCBHALPK_00981	MER0030155	23.284	408	271	14	5	384	2	395	1.28e-12	65.9
JCBHALPK_00981	MER0001495	29.365	126	81	3	4	121	1	126	1.63e-06	46.6
JCBHALPK_01018	MER0195774	35.593	177	114	0	28	204	1	177	3.37e-35	125
JCBHALPK_01018	MER0015259	28.342	187	121	5	28	204	26	209	2.26e-13	65.9
JCBHALPK_01018	MER0043985	22.458	236	180	3	28	262	2	235	3.23e-13	65.9
JCBHALPK_01018	MER0001214	31.111	135	92	1	27	160	25	159	3.90e-13	64.7
JCBHALPK_01018	MER0001218	29.293	198	117	5	22	204	20	209	7.47e-13	64.3
JCBHALPK_01018	MER0001229	23.558	208	156	3	28	234	2	207	8.90e-13	64.3
JCBHALPK_01018	MER0001233	27.442	215	141	5	28	231	2	212	1.81e-12	63.9
JCBHALPK_01018	MER0003448	25.243	206	153	1	28	233	2	206	1.82e-12	63.5
JCBHALPK_01018	MER0004423	28.342	187	122	6	60	243	31	208	2.54e-11	60.1
JCBHALPK_01018	MER0011744	28.191	188	120	5	28	204	26	209	6.13e-11	58.9
JCBHALPK_01018	MER0122186	30.579	121	83	1	28	147	22	142	1.32e-10	57.8
JCBHALPK_01018	MER0002008	25.116	215	134	7	28	228	2	203	6.13e-10	56.2
JCBHALPK_01018	MER0011096	26.344	186	126	4	28	204	26	209	6.86e-10	55.8
JCBHALPK_01018	MER0003543	26.087	207	145	4	28	231	2	203	2.02e-09	54.7
JCBHALPK_01018	MER0001220	26.154	195	119	7	53	231	9	194	1.19e-08	52.0
JCBHALPK_01018	MER0002423	38.095	84	49	2	27	108	25	107	1.26e-08	52.0
JCBHALPK_01018	MER0003386	34.118	85	54	1	28	110	26	110	2.73e-08	50.8
JCBHALPK_01018	MER0011292	29.245	106	72	2	44	147	64	168	2.80e-08	51.2
JCBHALPK_01018	MER0169735	27.132	129	93	1	20	147	8	136	2.80e-07	47.8
JCBHALPK_01018	MER0002283	33.696	92	60	1	17	107	15	106	2.85e-07	47.8
JCBHALPK_01018	MER0390687	22.754	167	128	1	35	201	1	166	3.04e-07	47.0
JCBHALPK_01018	MER0002345	34.091	88	56	2	27	112	25	112	5.72e-07	47.0
JCBHALPK_01018	MER0001219	28.000	100	70	2	15	112	13	112	6.83e-07	47.0
JCBHALPK_01018	MER0003823	26.630	184	124	6	27	201	25	206	8.59e-07	46.6
JCBHALPK_01018	MER0188967	23.977	171	111	3	64	218	3	170	2.22e-06	46.6
JCBHALPK_01018	MER0170820	31.646	79	53	1	39	116	8	86	3.52e-06	44.7
JCBHALPK_01018	MER0015090	22.439	205	157	2	28	232	2	204	4.36e-06	44.7
JCBHALPK_01018	MER0237414	21.028	214	158	5	30	236	3	212	5.17e-06	44.3
JCBHALPK_01019	MER0237414	26.244	221	150	7	46	255	3	221	9.26e-11	59.3
JCBHALPK_01100	MER0069741	35.484	124	51	4	43	166	69	163	3.36e-16	73.6
JCBHALPK_01100	MER0003376	29.448	163	68	7	16	169	21	145	8.64e-10	54.7
JCBHALPK_01100	MER0003380	32.520	123	55	6	44	166	138	232	6.15e-07	47.8
JCBHALPK_01100	MER0003423	29.310	116	56	4	44	158	32	122	1.49e-06	45.1
JCBHALPK_01100	MER0015415	28.182	110	54	3	46	155	66	150	5.83e-06	43.9
JCBHALPK_01129	MER0198917	43.501	377	204	5	18	390	1	372	6.52e-102	328
JCBHALPK_01129	MER1054487	38.743	382	219	5	18	390	1	376	1.45e-87	287
JCBHALPK_01129	MER0037955	25.000	232	138	10	109	335	66	266	5.97e-07	49.7
JCBHALPK_01167	MER0281397	23.902	205	126	5	121	302	4	201	1.11e-10	57.8
JCBHALPK_01167	MER1143079	23.394	218	144	6	114	320	41	246	5.23e-07	47.8
JCBHALPK_01190	MER0000332	38.411	302	140	6	152	453	16	271	3.24e-54	181
JCBHALPK_01190	MER0002575	36.422	313	150	8	146	453	11	279	1.86e-46	160
JCBHALPK_01190	MER0000333	36.482	307	148	6	146	452	11	270	6.15e-45	156
JCBHALPK_01190	MER0017009	32.890	301	176	9	146	426	34	328	2.07e-40	146
JCBHALPK_01190	MER0002565	31.398	379	193	11	112	468	25	358	3.61e-38	140
JCBHALPK_01190	MER0062058	33.508	382	212	13	162	525	1	358	5.65e-36	135
JCBHALPK_01190	MER0019280	35.144	313	157	12	153	452	25	304	2.58e-34	128
JCBHALPK_01190	MER0000310	32.180	289	144	7	163	447	28	268	6.81e-34	126
JCBHALPK_01190	MER0004690	32.967	273	168	5	163	422	39	309	6.91e-34	129
JCBHALPK_01190	MER0054318	31.329	316	173	9	149	456	9	288	2.07e-33	126
JCBHALPK_01190	MER0001523	34.122	296	140	10	163	452	28	274	2.75e-32	122
JCBHALPK_01190	MER0000312	34.122	296	140	10	163	452	28	274	2.75e-32	122
JCBHALPK_01190	MER0001521	34.122	296	140	10	163	452	28	274	4.00e-32	121
JCBHALPK_01190	MER0001755	34.122	296	140	9	163	452	28	274	4.17e-32	121
JCBHALPK_01190	MER0000313	34.122	296	140	10	163	452	28	274	4.60e-32	121
JCBHALPK_01190	MER0006023	33.871	310	161	10	144	423	13	308	5.04e-32	122
JCBHALPK_01190	MER0001928	34.470	264	131	7	163	425	28	250	2.83e-31	119
JCBHALPK_01190	MER0000309	32.180	289	144	7	163	447	28	268	6.06e-29	112
JCBHALPK_01190	MER0000316	33.448	290	142	9	163	451	27	266	1.76e-28	111
JCBHALPK_01190	MER0001699	31.034	290	147	9	163	448	28	268	2.00e-28	111
JCBHALPK_01190	MER0077555	30.945	307	158	8	151	452	16	273	2.55e-28	110
JCBHALPK_01190	MER0000315	33.448	290	142	8	163	451	28	267	4.42e-28	110
JCBHALPK_01190	MER0001520	33.793	290	141	9	163	451	28	267	5.42e-28	110
JCBHALPK_01190	MER0001906	33.103	290	143	8	163	451	28	267	2.13e-27	108
JCBHALPK_01190	MER0003536	30.519	308	166	8	146	436	18	294	2.26e-26	106
JCBHALPK_01190	MER0000311	32.542	295	146	8	163	452	28	274	3.21e-26	105
JCBHALPK_01190	MER0005931	35.409	257	135	8	201	451	10	241	1.17e-25	102
JCBHALPK_01190	MER0028365	30.976	297	170	12	118	404	31	302	1.30e-25	105
JCBHALPK_01190	MER0000319	29.043	303	168	10	146	447	18	274	2.54e-25	102
JCBHALPK_01190	MER0002516	32.734	278	141	10	146	419	28	263	2.61e-25	102
JCBHALPK_01190	MER0001709	31.392	309	165	12	146	422	14	307	5.58e-25	102
JCBHALPK_01190	MER0000320	32.567	261	137	8	151	405	16	243	1.50e-24	100
JCBHALPK_01190	MER0013656	31.724	290	147	10	163	451	27	266	1.07e-23	97.8
JCBHALPK_01190	MER0000325	33.216	283	141	9	145	423	17	255	1.49e-23	98.6
JCBHALPK_01190	MER0001725	27.913	369	200	14	94	452	6	318	6.50e-23	96.7
JCBHALPK_01190	MER0000326	32.824	262	130	8	165	423	37	255	1.01e-22	95.9
JCBHALPK_01190	MER0004123	30.247	324	159	13	161	451	41	330	1.18e-22	95.9
JCBHALPK_01190	MER0042897	33.220	295	147	9	163	452	28	277	1.68e-22	94.4
JCBHALPK_01190	MER0155676	28.614	339	178	10	146	424	19	353	2.27e-22	96.3
JCBHALPK_01190	MER0016688	33.195	241	133	8	207	423	59	295	3.54e-22	94.4
JCBHALPK_01190	MER0006074	29.801	302	163	10	133	427	20	279	6.06e-22	93.2
JCBHALPK_01190	MER0016983	28.190	337	176	11	146	452	11	311	6.32e-22	93.6
JCBHALPK_01190	MER0000362	28.076	317	155	14	151	422	19	307	1.08e-21	93.2
JCBHALPK_01190	MER0002739	29.532	342	173	14	157	455	33	349	1.17e-21	94.7
JCBHALPK_01190	MER0022415	27.206	272	161	9	157	421	33	274	3.96e-21	92.8
JCBHALPK_01190	MER0003117	31.884	276	132	12	156	419	32	263	2.81e-20	88.2
JCBHALPK_01190	MER0081072	30.126	239	150	6	188	424	26	249	6.23e-20	86.3
JCBHALPK_01190	MER0016978	29.968	317	177	12	151	449	25	314	8.82e-20	87.0
JCBHALPK_01190	MER0004085	30.877	285	158	11	155	423	47	308	1.51e-19	86.7
JCBHALPK_01190	MER0002267	28.571	294	160	8	163	451	34	282	1.73e-19	85.9
JCBHALPK_01190	MER0002562	28.803	309	167	11	152	422	36	329	3.67e-19	85.9
JCBHALPK_01190	MER0030016	29.010	293	146	10	152	423	26	277	6.92e-19	84.0
JCBHALPK_01190	MER0000361	27.132	387	186	16	111	452	1	336	8.60e-19	84.7
JCBHALPK_01190	MER0050309	29.967	307	163	13	157	451	2	268	1.15e-18	85.5
JCBHALPK_01190	MER0000359	30.576	278	139	13	151	419	42	274	1.69e-18	83.2
JCBHALPK_01190	MER0087792	30.000	280	155	7	163	407	37	310	4.80e-18	82.4
JCBHALPK_01190	MER0000357	30.350	257	122	10	165	407	43	256	8.60e-18	81.3
JCBHALPK_01190	MER0016697	29.276	304	152	13	146	406	15	298	1.62e-17	80.9
JCBHALPK_01190	MER0055027	30.131	229	120	10	153	379	26	216	3.63e-17	80.5
JCBHALPK_01190	MER0000338	28.920	287	131	13	159	427	33	264	4.43e-17	78.6
JCBHALPK_01190	MER0000335	29.455	275	131	12	162	424	34	257	6.81e-17	77.8
JCBHALPK_01190	MER0000356	30.233	258	121	10	165	407	55	268	7.57e-17	79.0
JCBHALPK_01190	MER0004720	26.389	288	158	9	151	430	27	268	1.07e-16	77.4
JCBHALPK_01190	MER0000389	28.045	353	184	15	144	456	18	340	3.12e-16	77.0
JCBHALPK_01190	MER0005821	28.571	259	150	9	157	406	33	265	4.56e-16	77.4
JCBHALPK_01190	MER0014300	27.171	357	186	13	144	453	18	347	5.97e-15	73.2
JCBHALPK_01190	MER0002764	29.323	266	134	8	152	407	38	259	7.14e-15	72.4
JCBHALPK_01190	MER0000347	27.187	320	181	12	162	455	67	360	1.19e-14	73.2
JCBHALPK_01190	MER0005078	26.471	306	163	14	151	445	34	288	4.87e-14	69.7
JCBHALPK_01190	MER0000358	30.808	198	109	7	218	405	67	246	6.27e-14	70.1
JCBHALPK_01190	MER0000340	28.975	283	146	12	155	422	31	273	2.10e-13	67.8
JCBHALPK_01190	MER0006037	28.409	264	133	11	152	406	35	251	4.34e-13	66.6
JCBHALPK_01190	MER0000321	25.000	296	159	10	152	423	96	352	4.35e-13	67.4
JCBHALPK_01190	MER0161312	25.369	339	188	13	147	429	11	340	6.95e-13	67.0
JCBHALPK_01190	MER0000344	27.203	261	136	10	155	406	45	260	3.08e-12	64.3
JCBHALPK_01190	MER0014744	26.829	287	165	9	155	423	47	306	3.90e-12	64.3
JCBHALPK_01190	MER0024902	28.311	219	137	5	212	415	87	300	5.42e-12	63.9
JCBHALPK_01190	MER0000336	28.030	264	134	9	165	419	47	263	3.36e-10	58.2
JCBHALPK_01190	MER0005859	30.180	222	115	10	218	405	238	453	7.45e-10	58.2
JCBHALPK_01190	MER0067924	25.403	248	137	10	209	423	44	276	9.92e-10	56.6
JCBHALPK_01190	MER0000364	26.562	320	143	14	140	420	5	271	1.12e-09	56.6
JCBHALPK_01190	MER0000328	26.022	269	140	10	165	419	39	262	1.25e-09	56.2
JCBHALPK_01190	MER0003020	27.907	301	144	10	218	451	222	516	1.26e-09	57.4
JCBHALPK_01190	MER0238466	25.405	185	102	5	151	323	14	174	3.38e-09	55.1
JCBHALPK_01190	MER0114485	25.240	313	176	17	146	404	18	326	9.11e-09	54.3
JCBHALPK_01190	MER0037258	27.313	227	132	9	222	424	80	297	9.91e-09	53.5
JCBHALPK_01190	MER0002500	26.384	307	168	16	159	423	85	375	1.25e-08	53.9
JCBHALPK_01190	MER0050310	23.026	304	167	12	145	407	7	284	1.56e-08	53.5
JCBHALPK_01190	MER0000353	24.014	279	162	12	147	398	72	327	1.69e-08	53.1
JCBHALPK_01190	MER0000351	24.911	281	169	13	147	403	21	283	2.02e-08	52.4
JCBHALPK_01190	MER0025143	24.104	307	147	12	159	424	32	293	2.16e-08	52.8
JCBHALPK_01190	MER0002790	26.906	223	131	5	222	423	1	212	5.26e-08	50.8
JCBHALPK_01190	MER0001514	24.458	323	150	14	144	423	1	272	1.36e-07	50.1
JCBHALPK_01190	MER0047718	25.362	138	95	3	163	298	18	149	1.38e-07	50.4
JCBHALPK_01190	MER0004626	24.219	256	143	10	153	395	8	225	1.64e-07	49.7
JCBHALPK_01190	MER0004988	24.841	314	179	14	151	451	24	293	1.77e-07	49.7
JCBHALPK_01190	MER0000349	25.818	275	160	13	162	403	76	339	2.71e-07	49.7
JCBHALPK_01190	MER0000376	21.994	341	163	12	145	439	3	286	3.00e-07	48.9
JCBHALPK_01190	MER0014089	37.647	85	47	2	352	430	360	444	3.17e-07	49.7
JCBHALPK_01190	MER0001603	23.962	313	162	11	145	423	1	271	1.12e-06	47.4
JCBHALPK_01190	MER0000381	23.432	303	176	13	145	423	1	271	1.68e-06	46.6
JCBHALPK_01190	MER0001610	22.188	320	203	12	143	446	1	290	5.60e-06	45.1
JCBHALPK_01190	MER0029448	37.374	99	51	5	364	451	368	466	6.07e-06	45.4
JCBHALPK_01190	MER0016991	25.746	268	148	11	162	402	35	278	7.12e-06	45.1
JCBHALPK_01193	MER0003327	44.091	220	117	4	2	219	1	216	1.22e-54	182
JCBHALPK_01193	MER0012158	34.030	335	148	11	2	264	1	334	2.55e-49	172
JCBHALPK_01193	MER0185695	40.625	224	122	3	2	217	1	221	1.16e-47	163
JCBHALPK_01193	MER0003350	39.320	206	102	7	2	184	1	206	5.57e-40	142
JCBHALPK_01193	MER0003322	39.320	206	99	8	2	181	1	206	2.19e-35	129
JCBHALPK_01193	MER0004101	30.588	170	112	3	2	168	1	167	8.68e-15	71.2
JCBHALPK_01193	MER0011806	30.000	170	113	3	2	168	1	167	3.53e-14	69.3
JCBHALPK_01193	MER0003314	29.703	202	119	6	2	184	1	198	9.45e-14	68.6
JCBHALPK_01193	MER0011781	30.994	171	109	6	2	168	1	166	1.85e-11	61.2
JCBHALPK_01208	MER0011748	51.915	235	111	2	407	640	1	234	1.87e-79	250
JCBHALPK_01208	MER0005496	50.655	229	113	0	407	635	1	229	4.14e-79	249
JCBHALPK_01208	MER0056525	49.793	241	116	3	407	646	1	237	1.11e-78	247
JCBHALPK_01208	MER0011224	46.753	231	123	0	407	637	1	231	9.64e-76	241
JCBHALPK_01208	MER0015609	49.565	230	112	2	407	635	1	227	5.57e-75	238
JCBHALPK_01208	MER0023544	46.288	229	123	0	407	635	1	229	2.54e-72	231
JCBHALPK_01208	MER0015195	47.826	230	118	2	407	635	1	229	3.81e-69	223
JCBHALPK_01208	MER0002605	45.652	230	122	2	407	635	1	228	5.97e-67	217
JCBHALPK_01208	MER0015194	47.619	231	115	3	408	635	2	229	3.55e-66	215
JCBHALPK_01208	MER0002600	43.103	232	130	2	407	637	1	231	1.41e-64	210
JCBHALPK_01208	MER0014306	41.921	229	133	0	407	635	1	229	7.22e-62	204
JCBHALPK_01208	MER0171760	39.925	268	153	4	372	635	1	264	1.72e-60	200
JCBHALPK_01208	MER0024898	42.424	231	131	2	407	635	1	231	1.10e-57	192
JCBHALPK_01208	MER0004454	42.174	230	131	2	407	634	1	230	3.74e-56	189
JCBHALPK_01208	MER0005466	39.916	238	135	4	408	638	2	238	5.48e-54	182
JCBHALPK_01208	MER0015199	39.076	238	134	4	407	634	1	237	2.04e-49	171
JCBHALPK_01208	MER0002602	40.175	229	127	3	408	629	2	227	7.51e-49	169
JCBHALPK_01208	MER0015197	36.486	222	133	5	419	635	13	231	1.16e-43	154
JCBHALPK_01208	MER0002563	33.761	234	144	3	408	630	2	235	2.19e-43	153
JCBHALPK_01208	MER0001620	37.712	236	137	4	407	633	1	235	4.38e-43	153
JCBHALPK_01208	MER0017637	33.333	234	145	3	408	630	2	235	6.46e-40	143
JCBHALPK_01208	MER0002408	34.043	235	143	6	407	632	1	232	7.40e-40	143
JCBHALPK_01208	MER0015193	34.156	243	129	5	407	630	1	231	8.58e-39	140
JCBHALPK_01208	MER0002608	38.819	237	134	6	408	634	2	237	1.61e-38	140
JCBHALPK_01208	MER0014324	34.802	227	135	4	407	630	1	217	1.53e-36	134
JCBHALPK_01208	MER0190705	35.652	230	138	3	408	635	1	222	2.77e-36	132
JCBHALPK_01208	MER0190577	34.802	227	135	5	407	630	1	217	2.26e-35	130
JCBHALPK_01208	MER0011745	30.769	234	152	5	407	632	1	232	8.45e-35	129
JCBHALPK_01208	MER0015137	29.487	234	155	5	407	632	1	232	2.24e-34	128
JCBHALPK_01208	MER0005755	35.714	238	137	5	408	641	2	227	8.02e-34	125
JCBHALPK_01208	MER0002197	33.610	241	146	4	407	642	1	232	1.17e-32	123
JCBHALPK_01208	MER0024900	32.287	223	141	4	408	627	2	217	2.56e-29	113
JCBHALPK_01208	MER0011120	33.333	222	135	7	407	615	1	222	4.58e-29	113
JCBHALPK_01208	MER0015690	31.048	248	157	7	407	640	1	248	1.10e-28	112
JCBHALPK_01208	MER0001246	32.317	164	100	3	435	595	18	173	1.08e-20	86.7
JCBHALPK_01208	MER0015204	23.984	246	155	7	408	621	2	247	1.74e-14	71.6
JCBHALPK_01229	MER0000266	49.367	158	77	3	103	259	1	156	6.51e-46	154
JCBHALPK_01229	MER0000268	49.660	147	60	3	103	243	1	139	8.39e-45	150
JCBHALPK_01229	MER0003850	42.541	181	94	5	102	278	2	176	1.29e-44	151
JCBHALPK_01229	MER0004111	46.875	160	77	3	103	259	1	155	3.76e-44	149
JCBHALPK_01229	MER0013623	46.875	160	75	4	103	259	1	153	8.19e-44	148
JCBHALPK_01229	MER0001372	46.835	158	81	3	103	259	1	156	1.21e-42	145
JCBHALPK_01229	MER0005468	48.125	160	78	3	103	259	1	158	2.45e-42	144
JCBHALPK_01229	MER0004673	35.036	274	148	5	103	356	2	265	9.08e-41	144
JCBHALPK_01229	MER0004149	44.512	164	83	3	103	259	1	163	9.59e-39	135
JCBHALPK_01229	MER0028330	44.025	159	81	2	103	259	1	153	8.32e-37	129
JCBHALPK_01229	MER0016351	43.396	159	82	2	103	259	1	153	2.39e-36	128
JCBHALPK_01229	MER0003290	43.125	160	84	3	103	259	1	156	1.64e-35	126
JCBHALPK_01229	MER0002577	43.396	159	82	2	103	259	1	153	5.50e-35	124
JCBHALPK_01229	MER0001373	44.654	159	85	2	103	259	1	158	4.20e-33	119
JCBHALPK_01229	MER0014795	41.818	165	82	3	103	259	1	159	8.41e-33	119
JCBHALPK_01229	MER0004093	41.509	159	85	2	103	259	1	153	7.07e-32	116
JCBHALPK_01229	MER0022668	41.520	171	86	5	103	259	1	171	1.49e-31	116
JCBHALPK_01229	MER0001945	39.873	158	91	3	103	256	1	158	4.03e-31	114
JCBHALPK_01229	MER0011375	38.509	161	88	4	103	259	1	154	3.90e-30	111
JCBHALPK_01229	MER0003293	41.892	148	84	2	103	250	1	146	1.52e-29	109
JCBHALPK_01229	MER0010944	38.372	172	90	4	103	259	1	171	1.19e-28	108
JCBHALPK_01229	MER0004086	40.132	152	84	3	113	259	13	162	2.00e-28	107
JCBHALPK_01229	MER0016031	42.604	169	82	6	103	259	1	166	3.21e-28	107
JCBHALPK_01229	MER0006096	39.416	137	73	3	127	259	1	131	6.38e-27	102
JCBHALPK_01229	MER0015583	38.255	149	82	4	103	241	1	149	3.10e-22	89.7
JCBHALPK_01229	MER0005093	35.897	156	87	3	103	245	1	156	1.76e-20	85.1
JCBHALPK_01229	MER0063616	32.558	172	88	7	103	259	1	159	1.54e-15	70.9
JCBHALPK_01229	MER0005094	29.927	137	83	5	111	239	8	139	1.49e-10	56.6
JCBHALPK_01229	MER0014318	33.750	160	89	9	103	252	1	153	1.11e-08	51.2
JCBHALPK_01229	MER0004696	28.169	142	93	5	103	239	1	138	1.72e-08	50.1
JCBHALPK_01229	MER0014317	30.233	129	87	3	114	239	10	138	1.55e-07	47.8
JCBHALPK_01229	MER0005089	29.008	131	89	4	103	230	1	130	1.19e-06	45.1
JCBHALPK_01229	MER0145078	32.927	82	50	2	186	262	161	242	1.40e-06	46.2
JCBHALPK_01229	MER0024901	29.577	142	91	6	103	239	1	138	1.65e-06	44.3
JCBHALPK_01229	MER0005090	29.323	133	86	6	103	230	1	130	1.98e-06	44.7
JCBHALPK_01265	MER0065576	25.263	95	68	2	143	236	2	94	5.75e-06	40.8
JCBHALPK_01281	MER0001423	65.086	232	81	0	485	716	1	232	2.26e-113	338
JCBHALPK_01281	MER0000399	45.946	259	132	6	462	716	1	255	1.07e-65	215
JCBHALPK_01281	MER0000401	42.085	259	143	5	462	716	2	257	1.20e-60	201
JCBHALPK_01281	MER0058228	39.834	241	142	3	482	720	3	242	9.05e-56	187
JCBHALPK_01281	MER0000405	38.113	265	149	7	462	714	2	263	3.17e-55	187
JCBHALPK_01281	MER0004504	39.827	231	133	4	489	713	2	232	5.61e-53	180
JCBHALPK_01281	MER0005196	38.261	230	141	1	486	715	22	250	1.99e-52	179
JCBHALPK_01281	MER0013484	43.119	218	120	2	486	699	4	221	8.40e-52	177
JCBHALPK_01281	MER0011413	40.639	219	124	3	486	699	4	221	5.19e-50	172
JCBHALPK_01281	MER0011305	40.574	244	122	7	489	720	23	255	2.51e-47	165
JCBHALPK_01281	MER0011231	38.168	262	148	8	462	715	1	256	4.52e-47	164
JCBHALPK_01281	MER0000404	39.113	248	129	7	478	712	18	256	1.34e-45	160
JCBHALPK_01281	MER0005987	38.158	228	131	6	493	715	35	257	1.93e-45	160
JCBHALPK_01281	MER0004923	37.339	233	142	2	488	716	57	289	5.54e-44	157
JCBHALPK_01281	MER0004921	34.599	237	142	5	486	715	4	234	9.05e-42	149
JCBHALPK_01281	MER0192427	38.318	214	125	4	489	699	69	278	3.38e-41	149
JCBHALPK_01281	MER0004193	36.864	236	142	5	486	718	3	234	4.14e-41	147
JCBHALPK_01281	MER0005994	34.483	261	163	5	462	716	2	260	5.96e-41	147
JCBHALPK_01281	MER0000403	29.771	262	175	5	462	717	1	259	1.14e-40	147
JCBHALPK_01281	MER0195666	37.383	214	120	6	486	690	1	209	1.46e-39	143
JCBHALPK_01281	MER0004199	32.018	228	143	7	493	716	1	220	4.08e-30	115
JCBHALPK_01281	MER0003361	30.085	236	142	6	472	697	5	227	1.40e-26	106
JCBHALPK_01281	MER0034615	27.119	236	151	4	478	699	2	230	7.84e-17	77.8
JCBHALPK_01281	MER0005988	28.182	110	78	1	591	699	2	111	1.92e-15	70.1
JCBHALPK_01281	MER0003558	24.000	250	172	6	467	704	3	246	2.26e-13	67.8
JCBHALPK_01281	MER0017401	28.634	227	142	9	482	698	3	219	5.66e-11	60.1
JCBHALPK_01281	MER0030932	30.822	146	82	4	565	697	85	224	1.24e-10	59.3
JCBHALPK_01281	MER0018170	22.477	218	151	3	494	698	20	232	5.27e-10	57.4
JCBHALPK_01281	MER0005807	24.390	205	144	5	499	699	62	259	5.37e-10	57.8
JCBHALPK_01281	MER0140224	25.000	212	140	4	500	698	13	218	6.61e-10	57.0
JCBHALPK_01281	MER0006027	23.318	223	148	6	492	699	24	238	4.50e-08	51.6
JCBHALPK_01281	MER0016096	20.601	233	166	8	482	700	2	229	1.30e-06	47.0
JCBHALPK_01281	MER0001920	21.951	205	141	4	528	716	43	244	2.19e-06	46.6
JCBHALPK_01286	MER0011583	37.449	243	142	5	425	660	9	248	7.75e-45	157
JCBHALPK_01286	MER0017401	33.036	224	141	7	423	641	2	221	2.80e-33	125
JCBHALPK_01286	MER0000408	28.571	238	158	3	414	642	1	235	7.19e-31	118
JCBHALPK_01286	MER0034615	30.364	247	161	6	420	657	2	246	1.02e-27	109
JCBHALPK_01286	MER0000263	29.796	245	156	8	424	657	2	241	2.51e-24	99.4
JCBHALPK_01286	MER0003558	27.273	242	166	6	406	639	1	240	1.57e-22	94.7
JCBHALPK_01286	MER0015682	27.189	217	153	3	432	646	79	292	5.03e-19	85.1
JCBHALPK_01286	MER0126485	28.365	208	146	2	438	642	12	219	6.14e-18	80.5
JCBHALPK_01286	MER0001920	27.511	229	154	5	442	660	20	246	2.40e-17	79.0
JCBHALPK_01286	MER0000399	26.908	249	166	7	412	651	9	250	1.14e-16	77.4
JCBHALPK_01286	MER0140224	25.551	227	160	2	442	660	13	238	1.91e-14	70.5
JCBHALPK_01286	MER0016096	23.828	256	160	7	424	657	2	244	5.35e-14	69.3
JCBHALPK_01286	MER0015621	23.707	232	138	5	404	609	13	231	1.70e-13	68.6
JCBHALPK_01286	MER0001423	23.207	237	168	4	427	654	1	232	1.03e-12	65.1
JCBHALPK_01286	MER0058228	31.111	135	86	3	428	555	7	141	1.11e-12	65.1
JCBHALPK_01286	MER0006027	25.926	216	148	5	434	639	24	237	2.26e-12	64.7
JCBHALPK_01286	MER0005196	26.455	189	120	6	428	606	22	201	6.08e-12	63.2
JCBHALPK_01286	MER0002490	25.417	240	154	6	410	627	19	255	8.90e-12	63.5
JCBHALPK_01286	MER0000401	25.221	226	157	7	428	646	26	246	4.61e-11	60.8
JCBHALPK_01286	MER0018170	22.026	227	168	3	441	658	25	251	7.83e-11	59.7
JCBHALPK_01286	MER0004923	27.419	186	125	6	412	587	39	224	2.13e-10	58.9
JCBHALPK_01286	MER0005807	26.768	198	135	7	417	611	40	230	1.04e-09	56.6
JCBHALPK_01286	MER0000404	31.343	134	85	4	429	555	27	160	1.18e-09	56.6
JCBHALPK_01286	MER0004925	22.835	254	169	6	410	645	2	246	1.72e-09	55.8
JCBHALPK_01286	MER0011413	27.155	232	152	7	426	646	2	227	4.09e-09	54.7
JCBHALPK_01286	MER0013484	30.000	140	91	4	426	558	2	141	5.40e-09	54.3
JCBHALPK_01286	MER0005694	22.594	239	155	7	401	622	10	235	7.94e-09	54.3
JCBHALPK_01286	MER0981959	26.974	152	97	5	471	609	70	220	1.91e-08	53.1
JCBHALPK_01286	MER0000398	27.439	164	107	5	473	630	65	222	2.55e-08	52.4
JCBHALPK_01286	MER0000392	24.903	257	159	10	410	651	9	246	3.80e-08	52.0
JCBHALPK_01286	MER0011450	21.739	230	152	7	411	622	10	229	4.34e-08	52.0
JCBHALPK_01286	MER0014827	22.140	271	183	7	410	662	2	262	4.42e-08	51.6
JCBHALPK_01286	MER0022823	26.087	184	122	8	471	642	73	254	4.58e-08	52.0
JCBHALPK_01286	MER0004193	24.215	223	157	5	428	643	3	220	7.85e-08	50.8
JCBHALPK_01286	MER0000403	24.528	159	104	5	410	555	5	160	1.25e-07	50.4
JCBHALPK_01286	MER0011305	25.362	138	95	5	428	558	20	156	3.00e-07	49.3
JCBHALPK_01286	MER0003361	24.324	148	102	4	414	555	3	146	3.42e-07	48.9
JCBHALPK_01286	MER0004504	26.515	132	90	3	431	555	2	133	6.00e-07	48.1
JCBHALPK_01286	MER0079308	23.664	262	182	10	412	660	11	267	1.71e-06	47.0
JCBHALPK_01286	MER0192427	23.109	238	157	7	416	640	54	278	6.47e-06	45.1
JCBHALPK_01286	MER0004921	22.436	156	111	4	428	578	4	154	8.29e-06	44.7
JCBHALPK_01290	MER0167712	25.974	308	203	7	21	313	27	324	1.27e-26	107
JCBHALPK_01293	MER0001243	37.247	247	153	2	5	249	6	252	7.26e-57	180
JCBHALPK_01293	MER0001342	38.589	241	148	0	6	246	7	247	1.94e-56	179
JCBHALPK_01293	MER0005690	37.553	237	147	1	10	246	11	246	6.50e-53	169
JCBHALPK_01293	MER0015127	37.657	239	148	1	8	246	9	246	1.97e-50	163
JCBHALPK_01293	MER0015128	34.599	237	149	3	13	246	14	247	2.54e-46	152
JCBHALPK_01293	MER0013929	35.656	244	156	1	5	248	6	248	6.67e-46	151
JCBHALPK_01293	MER0013450	32.377	244	163	2	5	246	4	247	6.41e-45	149
JCBHALPK_01293	MER0013589	35.124	242	156	1	5	246	2	242	1.22e-43	145
JCBHALPK_01293	MER0010972	23.750	240	165	2	7	246	8	229	2.17e-18	79.0
JCBHALPK_01293	MER0004931	27.404	208	135	6	1	204	2	197	1.52e-16	73.6
JCBHALPK_01293	MER0003880	29.348	184	115	4	32	211	25	197	9.91e-14	66.6
JCBHALPK_01293	MER0011746	27.103	214	137	7	13	213	14	221	5.30e-13	64.7
JCBHALPK_01293	MER0004532	27.404	208	134	6	1	204	2	196	6.89e-13	63.5
JCBHALPK_01293	MER0001728	30.909	220	132	8	2	207	2	215	1.16e-11	60.8
JCBHALPK_01293	MER0024896	26.126	111	82	0	5	115	6	116	1.10e-10	58.5
JCBHALPK_01293	MER0024896	26.667	120	81	2	133	246	348	466	1.61e-09	54.7
JCBHALPK_01293	MER0002038	26.573	143	100	2	63	204	60	198	1.87e-09	53.5
JCBHALPK_01293	MER0005462	24.590	183	124	6	1	178	2	175	5.34e-06	43.1
JCBHALPK_01293	MER0001244	27.434	113	75	2	1	112	2	108	8.33e-06	42.7
JCBHALPK_01296	MER0013458	32.168	143	80	5	39	180	34	160	1.93e-13	63.5
JCBHALPK_01296	MER0001333	26.897	145	71	5	39	180	87	199	4.48e-08	49.3
JCBHALPK_01296	MER0005742	27.206	136	59	5	44	179	6	101	7.28e-08	46.2
JCBHALPK_01305	MER0002007	38.875	391	211	9	26	407	2	373	2.64e-83	258
JCBHALPK_01305	MER0002013	36.132	393	226	8	38	425	21	393	1.40e-71	228
JCBHALPK_01305	MER0002659	33.501	397	236	9	36	427	19	392	1.17e-67	217
JCBHALPK_01305	MER0002014	34.091	396	231	10	36	425	19	390	1.19e-67	217
JCBHALPK_01305	MER0002655	35.156	384	213	10	33	410	8	361	2.58e-67	216
JCBHALPK_01305	MER0005155	34.726	383	226	8	36	413	12	375	4.38e-67	215
JCBHALPK_01305	MER0003770	33.831	402	227	11	31	426	2	370	1.07e-59	196
JCBHALPK_01305	MER0005173	31.662	379	229	9	37	410	4	357	1.37e-56	188
JCBHALPK_01305	MER0005163	46.988	166	72	4	36	201	10	159	1.34e-38	137
JCBHALPK_01305	MER0005163	38.095	63	33	2	365	425	206	264	5.73e-07	47.4
JCBHALPK_01305	MER0003815	39.810	211	102	6	9	219	1	186	7.52e-37	133
JCBHALPK_01305	MER0003815	29.565	115	75	2	315	425	182	294	5.23e-09	53.9
JCBHALPK_01305	MER0015354	40.838	191	97	4	36	226	19	193	1.33e-35	130
JCBHALPK_01305	MER0003581	27.374	358	227	10	77	424	1	335	9.56e-29	112
JCBHALPK_01305	MER0002664	36.306	157	76	6	42	198	15	147	8.43e-22	91.7
JCBHALPK_01305	MER0014418	24.026	308	170	10	24	316	7	265	2.46e-13	67.8
JCBHALPK_01308	MER0034582	26.250	320	211	8	467	772	12	320	3.87e-31	122
JCBHALPK_01329	MER0002084	29.719	249	112	15	96	320	4	213	1.17e-10	58.9
JCBHALPK_01329	MER0029657	31.875	160	65	9	213	361	15	141	9.03e-06	43.1
