CAHMGFKI_00024	MER0039456	64.734	207	73	0	495	701	1	207	4.63e-88	276
CAHMGFKI_00024	MER0195774	32.768	177	114	3	45	218	3	177	2.67e-23	94.7
CAHMGFKI_00024	MER0003448	26.316	209	150	2	43	249	2	208	3.28e-19	84.7
CAHMGFKI_00024	MER0001233	28.169	213	141	4	43	245	2	212	1.63e-17	80.1
CAHMGFKI_00024	MER0043985	26.180	233	161	5	43	268	2	230	2.12e-16	76.6
CAHMGFKI_00024	MER0001229	26.442	208	145	4	43	246	2	205	4.87e-16	75.1
CAHMGFKI_00024	MER0390687	29.560	159	108	2	59	215	10	166	2.69e-15	71.6
CAHMGFKI_00024	MER0004423	28.144	167	115	3	79	245	33	194	1.15e-13	68.2
CAHMGFKI_00024	MER0002283	31.250	192	114	7	43	221	26	212	2.85e-13	67.0
CAHMGFKI_00024	MER0002345	29.891	184	115	5	43	215	26	206	2.90e-13	66.6
CAHMGFKI_00024	MER0002008	25.000	212	137	6	43	242	2	203	3.37e-13	67.0
CAHMGFKI_00024	MER0003543	23.902	205	151	3	43	245	2	203	1.78e-12	64.7
CAHMGFKI_00024	MER0122186	27.322	183	114	6	43	215	22	195	7.00e-12	62.4
CAHMGFKI_00024	MER0003823	28.421	190	122	5	43	221	26	212	1.46e-11	62.0
CAHMGFKI_00024	MER0001214	29.193	161	109	2	43	200	26	184	1.27e-10	58.5
CAHMGFKI_00024	MER0001220	27.933	179	113	5	79	245	20	194	1.56e-10	58.5
CAHMGFKI_00024	MER0015090	22.330	206	155	4	43	246	2	204	3.00e-10	58.2
CAHMGFKI_00024	MER0003386	32.520	123	78	2	43	162	26	146	3.63e-10	57.8
CAHMGFKI_00024	MER0002423	30.208	192	116	8	43	221	26	212	5.97e-10	57.0
CAHMGFKI_00024	MER0001218	30.220	182	113	8	45	215	28	206	6.32e-10	57.0
CAHMGFKI_00024	MER0026957	25.294	170	123	2	67	234	21	188	1.74e-09	55.8
CAHMGFKI_00024	MER0015259	27.907	129	88	2	39	164	22	148	3.54e-09	54.7
CAHMGFKI_00024	MER0011096	29.457	129	86	2	39	164	22	148	3.70e-09	54.7
CAHMGFKI_00024	MER0011744	30.894	123	80	2	43	162	26	146	4.30e-09	54.7
CAHMGFKI_00024	MER0014333	27.746	173	116	5	68	232	28	199	1.75e-08	53.1
CAHMGFKI_00024	MER0021876	26.178	191	119	7	43	222	1	180	3.12e-08	51.6
CAHMGFKI_00024	MER0188967	27.879	165	99	5	79	226	3	164	1.06e-07	52.0
CAHMGFKI_00024	MER0001222	33.613	119	67	5	43	157	26	136	1.18e-06	47.4
CAHMGFKI_00024	MER0001223	24.667	150	105	4	37	182	4	149	1.51e-06	46.6
CAHMGFKI_00024	MER0169735	26.842	190	114	9	45	218	18	198	1.66e-06	46.6
CAHMGFKI_00024	MER0011292	23.113	212	121	8	39	215	22	226	2.81e-06	46.2
CAHMGFKI_00024	MER0014056	21.788	358	238	14	79	401	6	356	5.36e-06	46.6
