FPPIHKNH_00024	MER0000099	39.362	94	42	6	22	110	146	229	5.37e-10	51.6
FPPIHKNH_00024	MER0000139	42.424	66	36	2	51	116	180	243	1.19e-09	50.8
FPPIHKNH_00024	MER0003635	43.158	95	34	6	21	110	148	227	2.07e-09	50.1
FPPIHKNH_00024	MER0000134	43.939	66	35	2	51	116	180	243	3.25e-09	49.7
FPPIHKNH_00024	MER0016585	36.066	122	56	9	1	114	148	255	5.42e-09	48.9
FPPIHKNH_00024	MER0000136	42.424	66	36	2	51	116	180	243	6.20e-09	48.9
FPPIHKNH_00024	MER0000135	42.424	66	36	2	51	116	180	243	6.20e-09	48.9
FPPIHKNH_00024	MER0002831	32.353	102	60	5	11	110	144	238	1.68e-08	47.8
FPPIHKNH_00024	MER0000101	34.286	105	54	6	11	110	135	229	4.44e-08	46.6
FPPIHKNH_00024	MER0000138	40.909	66	37	2	51	116	180	243	5.47e-08	46.2
FPPIHKNH_00024	MER0011162	27.119	118	69	5	9	114	122	234	6.49e-08	45.8
FPPIHKNH_00024	MER0003648	47.826	69	23	5	47	110	118	178	9.04e-08	45.1
FPPIHKNH_00024	MER0000106	40.000	95	37	6	21	110	150	229	1.12e-07	45.4
FPPIHKNH_00024	MER0000097	35.354	99	51	5	17	110	139	229	1.12e-07	45.4
FPPIHKNH_00024	MER0002836	34.694	98	53	6	17	110	139	229	1.56e-07	45.1
FPPIHKNH_00024	MER0000113	48.387	62	19	5	52	110	176	227	2.00e-07	44.7
FPPIHKNH_00024	MER0000207	34.884	86	46	2	29	114	159	234	2.05e-07	44.7
FPPIHKNH_00024	MER0011167	33.019	106	57	4	17	117	139	235	2.44e-07	44.3
FPPIHKNH_00024	MER0065212	43.939	66	30	4	47	110	165	225	2.49e-07	44.3
FPPIHKNH_00024	MER0000111	33.333	99	53	5	17	110	137	227	2.58e-07	44.3
FPPIHKNH_00024	MER0000105	44.928	69	25	5	47	110	167	227	4.06e-07	43.9
FPPIHKNH_00024	MER0031538	27.193	114	74	2	3	116	136	240	6.15e-07	43.1
FPPIHKNH_00024	MER0003631	33.684	95	39	6	31	110	135	220	1.04e-06	42.4
FPPIHKNH_00024	MER0016598	34.737	95	57	4	17	110	139	229	1.15e-06	42.4
FPPIHKNH_00024	MER0016599	40.845	71	30	4	48	110	194	260	1.23e-06	42.4
FPPIHKNH_00024	MER0000142	36.508	63	39	1	53	114	175	237	1.27e-06	42.4
FPPIHKNH_00024	MER0000004	36.364	66	36	2	47	110	162	223	1.77e-06	42.0
FPPIHKNH_00024	MER0030159	44.444	63	28	4	51	110	162	220	1.84e-06	42.0
FPPIHKNH_00024	MER0000002	30.476	105	63	3	12	110	123	223	1.88e-06	42.0
FPPIHKNH_00024	MER0031540	34.091	88	49	5	26	110	153	234	1.97e-06	42.0
FPPIHKNH_00024	MER0000112	33.962	106	53	7	14	110	130	227	2.45e-06	41.6
FPPIHKNH_00024	MER0000239	37.662	77	38	3	38	110	168	238	2.64e-06	41.6
FPPIHKNH_00024	MER0000216	42.593	54	29	1	57	110	177	228	2.98e-06	41.2
FPPIHKNH_00024	MER0011171	27.957	93	59	4	27	114	167	256	2.99e-06	41.2
FPPIHKNH_00024	MER0016210	30.435	115	64	5	9	114	117	224	3.07e-06	41.2
FPPIHKNH_00024	MER0016513	30.435	115	64	5	9	114	117	224	3.13e-06	41.2
FPPIHKNH_00024	MER0000102	42.029	69	27	5	47	110	169	229	3.33e-06	41.2
FPPIHKNH_00024	MER0029901	41.667	60	29	2	53	110	174	229	3.60e-06	41.2
FPPIHKNH_00024	MER0161524	35.294	68	39	3	50	112	194	261	3.79e-06	41.2
FPPIHKNH_00024	MER0099175	44.444	63	28	4	51	110	270	328	4.26e-06	40.8
FPPIHKNH_00024	MER0001753	37.500	88	40	6	28	110	152	229	4.51e-06	40.8
FPPIHKNH_00024	MER0000096	49.123	57	18	4	57	110	181	229	4.78e-06	40.8
FPPIHKNH_00024	MER0005544	42.188	64	31	4	48	110	161	219	5.61e-06	40.4
FPPIHKNH_00024	MER0029428	38.235	68	33	2	47	110	176	238	5.93e-06	40.4
FPPIHKNH_00024	MER0172147	38.806	67	28	5	51	114	170	226	6.00e-06	40.4
FPPIHKNH_00024	MER0003640	31.304	115	63	5	9	114	116	223	6.37e-06	40.4
FPPIHKNH_00024	MER0011499	40.351	57	26	2	57	110	214	265	6.42e-06	40.4
FPPIHKNH_00024	MER0005926	41.818	55	30	1	57	111	177	229	7.33e-06	40.0
FPPIHKNH_00024	MER0005266	46.154	65	22	5	51	110	161	217	7.86e-06	40.0
FPPIHKNH_00024	MER0003649	31.858	113	65	6	9	114	116	223	8.06e-06	40.0
FPPIHKNH_00024	MER0013801	34.737	95	50	4	19	110	146	231	8.26e-06	40.0
FPPIHKNH_00024	MER0000098	36.782	87	42	5	35	116	157	235	8.84e-06	40.0
