LFHEFMID_00006	MER0026262	26.857	350	207	12	28	336	2	343	3.34e-21	90.1
LFHEFMID_00006	MER1143079	26.609	233	148	5	78	300	46	265	1.53e-16	75.9
LFHEFMID_00006	MER0140154	21.958	337	201	11	42	320	1	333	2.31e-11	60.8
LFHEFMID_00006	MER0002489	28.378	148	86	4	76	204	58	204	6.29e-11	59.7
LFHEFMID_00006	MER0005964	21.552	232	135	8	70	262	50	273	8.36e-09	53.1
LFHEFMID_00006	MER0004154	20.679	324	186	12	44	318	18	319	1.35e-08	52.4
LFHEFMID_00006	MER0017069	22.115	312	211	10	37	323	5	309	3.51e-08	51.2
LFHEFMID_00006	MER0028284	19.281	306	222	6	37	320	11	313	4.58e-08	50.8
LFHEFMID_00006	MER0011700	21.858	366	201	15	27	323	1	350	5.81e-08	50.4
LFHEFMID_00006	MER0000459	23.182	220	127	9	24	215	6	211	1.92e-07	48.9
LFHEFMID_00006	MER0192873	29.560	159	81	6	78	206	2	159	4.30e-07	47.0
LFHEFMID_00006	MER0005923	27.885	104	72	2	38	138	19	122	1.96e-06	46.2
LFHEFMID_00006	MER0006204	28.037	107	70	4	37	138	15	119	9.56e-06	43.9
LFHEFMID_00018	MER0002007	31.282	390	234	13	33	410	6	373	2.45e-46	161
LFHEFMID_00018	MER0002655	27.456	397	239	13	45	425	10	373	3.67e-39	142
LFHEFMID_00018	MER0002014	24.557	395	279	10	38	428	11	390	3.32e-35	131
LFHEFMID_00018	MER0005163	42.384	151	84	2	45	195	9	156	1.72e-33	123
LFHEFMID_00018	MER0005163	36.170	94	54	2	330	423	172	259	3.02e-09	54.3
LFHEFMID_00018	MER0002659	24.495	396	274	10	40	428	13	390	3.01e-33	125
LFHEFMID_00018	MER0005173	25.916	382	244	11	45	413	2	357	2.47e-31	120
LFHEFMID_00018	MER0002013	25.570	395	276	9	40	429	13	394	9.63e-31	119
LFHEFMID_00018	MER0003770	23.969	388	263	11	42	421	3	366	2.48e-27	108
LFHEFMID_00018	MER0003815	32.407	216	129	5	42	243	15	227	6.68e-27	106
LFHEFMID_00018	MER0003815	34.483	58	38	0	371	428	237	294	4.12e-06	45.1
LFHEFMID_00018	MER0015354	36.076	158	98	2	39	196	12	166	3.15e-26	104
LFHEFMID_00018	MER0015354	29.078	141	85	4	289	428	162	288	7.09e-07	47.4
LFHEFMID_00018	MER0005155	37.059	170	101	4	38	204	2	168	6.55e-24	99.4
LFHEFMID_00018	MER0005155	30.769	91	60	1	332	422	294	381	3.41e-07	48.9
LFHEFMID_00018	MER0002664	34.783	161	94	3	38	198	1	150	5.30e-21	89.4
LFHEFMID_00018	MER0003581	36.620	142	79	4	88	221	2	140	1.15e-17	80.5
LFHEFMID_00022	MER0000410	63.860	285	101	1	428	712	2	284	3.10e-129	381
LFHEFMID_00022	MER0082498	42.049	283	140	7	446	704	1	283	1.89e-67	220
LFHEFMID_00022	MER0011872	41.573	267	153	2	446	709	18	284	1.07e-66	218
LFHEFMID_00022	MER0005694	34.799	273	163	4	445	709	17	282	2.12e-48	169
LFHEFMID_00022	MER0079308	35.094	265	161	6	445	704	7	265	2.08e-42	152
LFHEFMID_00022	MER0000392	32.130	277	169	6	441	704	3	273	3.89e-40	145
LFHEFMID_00022	MER0004227	38.073	218	134	1	450	666	28	245	9.49e-39	142
LFHEFMID_00022	MER0022823	32.472	271	171	7	441	703	3	269	8.63e-38	139
LFHEFMID_00022	MER0015621	31.615	291	179	5	434	707	6	293	1.03e-37	139
LFHEFMID_00022	MER0325901	33.086	269	172	5	441	704	1	266	1.81e-37	138
LFHEFMID_00022	MER0002490	29.450	309	178	9	429	707	3	301	1.52e-36	136
LFHEFMID_00022	MER0981959	29.893	281	176	5	441	704	2	278	4.85e-34	128
LFHEFMID_00022	MER0082653	34.177	237	141	7	446	668	7	242	1.91e-33	126
LFHEFMID_00022	MER0011450	30.651	261	159	7	441	687	3	255	2.49e-32	123
LFHEFMID_00022	MER0003229	30.224	268	173	7	441	704	11	268	4.14e-30	117
LFHEFMID_00022	MER0000398	28.788	264	172	6	443	705	2	250	4.99e-27	107
