FNEAEKJC_00011	MER0000410	63.701	281	100	1	401	681	1	279	4.71e-127	375
FNEAEKJC_00011	MER0082498	42.756	283	138	7	420	678	1	283	1.02e-69	226
FNEAEKJC_00011	MER0011872	40.892	269	156	2	418	683	16	284	2.50e-67	219
FNEAEKJC_00011	MER0005694	36.101	277	162	4	415	683	13	282	2.89e-52	179
FNEAEKJC_00011	MER0000392	32.847	274	171	4	415	678	3	273	1.33e-47	166
FNEAEKJC_00011	MER0015621	31.338	284	175	4	415	681	13	293	3.34e-44	157
FNEAEKJC_00011	MER0079308	32.576	264	171	5	418	678	6	265	1.57e-41	149
FNEAEKJC_00011	MER0002490	32.463	268	157	7	415	664	13	274	9.58e-41	148
FNEAEKJC_00011	MER0981959	30.249	281	175	5	415	678	2	278	1.34e-39	144
FNEAEKJC_00011	MER0325901	31.752	274	181	5	415	684	1	272	6.19e-39	142
FNEAEKJC_00011	MER0022823	31.618	272	174	7	415	678	3	270	9.26e-39	142
FNEAEKJC_00011	MER0004227	37.156	218	136	1	424	640	28	245	5.21e-38	140
FNEAEKJC_00011	MER0082653	33.205	259	152	9	420	658	7	264	2.34e-36	135
FNEAEKJC_00011	MER0011450	29.183	257	168	5	415	661	3	255	1.23e-33	127
FNEAEKJC_00011	MER0003229	29.104	268	176	6	415	678	11	268	1.04e-28	112
FNEAEKJC_00011	MER0000398	29.412	255	164	7	426	679	11	250	3.04e-27	108
FNEAEKJC_00060	MER0013471	37.143	105	49	5	44	131	37	141	1.27e-08	53.1
FNEAEKJC_00060	MER0015121	26.946	167	98	4	18	160	7	173	1.67e-08	52.8
FNEAEKJC_00060	MER0001505	35.802	81	43	1	43	114	33	113	1.85e-06	45.8
FNEAEKJC_00060	MER0002357	25.000	112	69	4	39	136	32	142	2.60e-06	45.4
FNEAEKJC_00134	MER0065588	45.918	196	103	3	1	193	1	196	6.52e-55	170
FNEAEKJC_00134	MER0043387	27.322	183	97	7	13	191	15	165	1.28e-09	52.0
FNEAEKJC_00134	MER0044889	28.037	214	98	9	2	191	18	199	5.67e-09	51.2
FNEAEKJC_00134	MER0066916	23.699	173	118	6	12	177	16	181	6.37e-08	47.8
FNEAEKJC_00134	MER0038086	32.061	131	69	5	69	191	105	223	1.06e-07	47.4
FNEAEKJC_00134	MER0043537	25.472	212	108	10	3	193	2	184	3.27e-06	42.7
FNEAEKJC_00157	MER0003537	24.749	299	181	12	56	346	20	282	1.94e-10	57.8
FNEAEKJC_00157	MER0000436	22.623	305	195	13	50	346	14	285	4.74e-10	56.6
FNEAEKJC_00157	MER0000437	24.183	306	181	13	58	348	26	295	3.91e-09	53.9
FNEAEKJC_00157	MER0036049	22.311	251	154	7	88	336	56	267	2.91e-08	51.2
