MMLJOLMK_00044	MER0004775	39.389	655	384	6	25	673	11	658	7.01e-165	485
MMLJOLMK_00044	MER0001058	30.949	643	423	8	35	673	1	626	4.16e-102	322
MMLJOLMK_00044	MER0001056	30.942	669	423	13	31	673	22	677	9.20e-97	309
MMLJOLMK_00044	MER0011141	29.662	681	428	17	31	673	22	689	5.15e-95	305
MMLJOLMK_00044	MER0001050	29.651	688	429	11	31	673	22	699	1.11e-88	288
MMLJOLMK_00044	MER0019832	31.029	651	421	12	32	673	17	648	1.30e-86	281
MMLJOLMK_00044	MER0011159	27.463	670	450	15	31	673	22	682	3.68e-86	281
MMLJOLMK_00044	MER0001991	28.271	665	426	14	31	662	22	668	2.19e-83	274
MMLJOLMK_00044	MER0002988	28.444	675	435	12	29	668	20	681	4.58e-83	273
MMLJOLMK_00044	MER0013406	28.047	681	446	14	31	673	22	696	8.67e-82	270
MMLJOLMK_00044	MER0011838	24.888	671	464	16	31	673	23	681	8.81e-79	261
MMLJOLMK_00044	MER0001059	31.317	562	349	13	35	577	2	545	2.49e-75	249
MMLJOLMK_00044	MER0004762	27.697	686	435	17	31	673	22	689	5.71e-71	241
MMLJOLMK_00044	MER0019831	27.723	606	407	11	93	673	52	651	5.11e-70	237
MMLJOLMK_00044	MER0005528	26.496	702	451	19	16	673	5	685	9.74e-68	232
MMLJOLMK_00044	MER0002997	25.035	711	459	16	11	673	5	689	1.80e-66	228
MMLJOLMK_00044	MER0002062	27.948	687	438	16	34	673	25	701	1.91e-66	228
MMLJOLMK_00044	MER0002350	27.194	695	434	20	31	673	22	696	1.65e-65	226
MMLJOLMK_00044	MER0002285	25.149	672	434	13	29	673	20	649	1.92e-56	200
MMLJOLMK_00044	MER0015175	24.656	726	460	25	31	673	29	750	1.85e-50	184
MMLJOLMK_00044	MER0001365	32.102	352	196	9	353	673	392	731	2.16e-49	181
MMLJOLMK_00044	MER0038668	24.357	583	375	17	156	673	22	603	1.01e-45	169
MMLJOLMK_00044	MER0001054	23.417	679	443	26	32	673	23	661	1.00e-43	164
MMLJOLMK_00044	MER0162857	30.117	342	215	6	351	673	410	746	1.20e-43	164
MMLJOLMK_00044	MER0011433	22.419	678	456	20	29	667	26	672	1.51e-31	127
MMLJOLMK_00044	MER0024834	33.516	182	114	4	497	673	2	181	4.76e-31	116
MMLJOLMK_00044	MER0026946	29.119	261	161	7	416	673	15	254	1.55e-28	111
MMLJOLMK_00044	MER0011427	24.862	362	234	11	341	673	331	683	4.18e-28	116
MMLJOLMK_00044	MER0011430	22.157	677	434	23	31	665	29	654	6.72e-27	112
MMLJOLMK_00044	MER0011432	27.609	297	182	9	387	662	383	667	7.72e-27	112
MMLJOLMK_00044	MER0002990	26.220	328	227	7	354	673	327	647	2.73e-26	110
MMLJOLMK_00044	MER0011355	23.324	343	239	9	351	673	328	666	4.13e-24	104
MMLJOLMK_00044	MER0004778	21.497	735	454	24	31	673	23	726	9.06e-24	103
MMLJOLMK_00044	MER0002993	22.876	459	292	16	243	662	218	653	4.01e-23	101
MMLJOLMK_00044	MER0002987	25.228	329	229	9	354	673	258	578	2.02e-22	98.6
MMLJOLMK_00044	MER0004761	23.427	461	323	9	219	662	202	649	6.90e-21	94.0
MMLJOLMK_00044	MER0002989	26.073	303	194	9	384	673	355	640	3.72e-19	88.6
MMLJOLMK_00044	MER0011429	21.314	685	427	27	29	662	27	650	1.29e-18	86.7
MMLJOLMK_00044	MER0011195	23.651	482	302	22	212	673	220	655	1.79e-18	86.3
MMLJOLMK_00044	MER0002991	25.753	299	206	8	370	656	371	665	2.37e-13	70.1
MMLJOLMK_00044	MER0004763	25.116	215	139	4	384	584	216	422	2.88e-11	62.8
MMLJOLMK_00044	MER0015181	22.183	284	204	7	389	662	359	635	4.94e-10	59.3
MMLJOLMK_00044	MER0011151	33.333	60	40	0	467	526	187	246	1.02e-09	57.8
MMLJOLMK_00044	MER0011486	24.870	193	126	5	352	527	296	486	1.13e-09	58.2
MMLJOLMK_00044	MER0011714	27.638	199	124	6	471	662	56	241	2.24e-07	49.3
MMLJOLMK_00044	MER0011306	26.897	145	83	4	476	615	472	598	1.89e-06	47.8
MMLJOLMK_00044	MER0002999	34.286	70	44	1	464	531	447	516	2.27e-06	47.4
