CJLNEFFA_00024	MER0078640	37.088	364	198	7	12	361	1	347	6.30e-69	217
CJLNEFFA_00024	MER0060647	36.885	366	201	8	12	362	1	351	1.57e-66	211
CJLNEFFA_00024	MER0044812	42.562	242	121	4	139	366	1	238	2.88e-56	181
CJLNEFFA_00024	MER0043540	41.089	202	115	2	166	366	27	225	3.15e-49	162
CJLNEFFA_00024	MER0046161	43.439	221	102	5	162	366	33	246	1.43e-47	159
CJLNEFFA_00024	MER0115185	51.724	145	68	1	216	360	1	143	6.50e-45	148
CJLNEFFA_00024	MER0045945	39.604	202	117	4	162	363	15	211	3.51e-44	149
CJLNEFFA_00024	MER0436691	33.459	266	134	4	102	362	14	241	2.21e-41	143
CJLNEFFA_00024	MER0044882	30.247	162	90	8	202	347	2	156	3.73e-09	52.8
CJLNEFFA_00039	MER0001284	24.082	245	140	7	65	306	4	205	5.94e-12	62.4
CJLNEFFA_00039	MER0004514	30.631	111	74	2	107	215	35	144	9.98e-12	61.6
CJLNEFFA_00039	MER0100667	33.871	124	70	4	101	220	17	132	1.55e-10	57.8
CJLNEFFA_00039	MER0005239	25.514	243	140	9	107	340	68	278	2.36e-07	48.9
CJLNEFFA_00039	MER0194228	32.895	76	50	1	138	212	9	84	2.08e-06	45.1
CJLNEFFA_00039	MER0005238	31.298	131	68	3	106	231	65	178	2.94e-06	45.4
CJLNEFFA_00039	MER0001289	32.895	76	50	1	138	212	85	160	3.58e-06	45.1
CJLNEFFA_00039	MER0032443	31.325	83	51	1	140	216	68	150	9.75e-06	43.9
CJLNEFFA_00044	MER0042827	56.701	97	42	0	976	1072	1	97	2.99e-29	109
CJLNEFFA_00124	MER0003850	47.778	180	85	4	106	281	2	176	3.94e-49	163
CJLNEFFA_00124	MER0013623	50.314	159	70	3	107	262	1	153	5.40e-47	156
CJLNEFFA_00124	MER0004111	50.314	159	72	2	107	262	1	155	2.46e-46	155
CJLNEFFA_00124	MER0000268	50.955	157	73	3	107	262	1	154	1.27e-45	153
CJLNEFFA_00124	MER0000266	49.367	158	76	3	107	262	1	156	2.05e-44	150
CJLNEFFA_00124	MER0005468	49.057	159	77	3	107	262	1	158	2.96e-43	147
CJLNEFFA_00124	MER0001372	48.734	158	77	3	107	262	1	156	1.24e-41	142
CJLNEFFA_00124	MER0004149	44.172	163	84	2	107	262	1	163	1.75e-39	137
CJLNEFFA_00124	MER0001373	52.143	140	64	2	107	245	1	138	2.23e-37	131
CJLNEFFA_00124	MER0002577	44.304	158	81	2	107	262	1	153	3.11e-36	128
CJLNEFFA_00124	MER0003290	44.025	159	83	3	107	262	1	156	6.24e-36	127
CJLNEFFA_00124	MER0010944	42.690	171	83	3	107	262	1	171	3.28e-35	125
CJLNEFFA_00124	MER0028330	44.937	158	80	2	107	262	1	153	3.30e-35	125
CJLNEFFA_00124	MER0001945	42.767	159	88	2	107	262	1	159	7.28e-35	124
CJLNEFFA_00124	MER0004673	34.799	273	147	6	107	358	2	264	9.31e-35	127
CJLNEFFA_00124	MER0016351	44.654	159	79	3	107	262	1	153	6.05e-34	122
CJLNEFFA_00124	MER0004093	43.038	158	83	2	107	262	1	153	3.18e-33	120
CJLNEFFA_00124	MER0011375	40.000	160	86	4	107	262	1	154	1.35e-31	115
CJLNEFFA_00124	MER0014795	42.424	165	80	4	107	262	1	159	4.18e-31	114
CJLNEFFA_00124	MER0016031	43.713	167	82	5	107	262	1	166	7.06e-29	108
CJLNEFFA_00124	MER0004086	40.491	163	88	4	108	262	1	162	1.01e-28	108
CJLNEFFA_00124	MER0022668	39.766	171	88	5	107	262	1	171	1.16e-28	108
CJLNEFFA_00124	MER0003293	43.333	150	83	2	107	256	1	148	4.07e-27	103
CJLNEFFA_00124	MER0006096	39.552	134	76	2	131	262	1	131	4.18e-26	99.8
CJLNEFFA_00124	MER0005093	37.267	161	86	4	107	253	1	160	5.25e-23	92.4
CJLNEFFA_00124	MER0015583	39.597	149	80	4	107	245	1	149	5.61e-22	89.0
CJLNEFFA_00124	MER0063616	32.335	167	94	6	107	262	1	159	2.48e-15	70.5
CJLNEFFA_00124	MER0005094	31.852	135	83	4	115	243	8	139	2.17e-10	56.2
CJLNEFFA_00124	MER0014318	33.088	136	77	5	107	234	1	130	8.53e-08	48.5
CJLNEFFA_00124	MER0014317	31.298	131	83	4	118	243	10	138	1.58e-07	47.8
CJLNEFFA_00124	MER0005089	30.075	133	85	5	107	234	1	130	3.38e-06	43.9
CJLNEFFA_00124	MER0024901	35.172	145	79	9	107	243	1	138	3.67e-06	43.5
CJLNEFFA_00124	MER0005090	29.771	131	88	4	107	234	1	130	7.96e-06	42.7
CJLNEFFA_00134	MER0005169	33.618	351	219	7	13	359	5	345	7.32e-57	186
CJLNEFFA_00134	MER0013829	33.030	330	208	6	14	338	6	327	4.00e-48	163
CJLNEFFA_00134	MER0004410	32.102	352	218	9	13	354	5	345	1.01e-46	159
CJLNEFFA_00134	MER0005472	33.234	334	207	6	13	345	5	323	1.31e-43	150
CJLNEFFA_00134	MER0002046	30.323	310	195	9	43	349	35	326	6.27e-35	127
CJLNEFFA_00134	MER0002043	27.439	328	216	7	27	345	31	345	3.27e-34	126
CJLNEFFA_00134	MER0005160	29.706	340	214	13	12	345	4	324	3.46e-29	112
CJLNEFFA_00134	MER0022215	25.767	326	216	8	28	345	19	326	7.17e-23	95.1
CJLNEFFA_00134	MER0002040	27.393	303	190	11	65	353	59	345	8.21e-23	95.1
CJLNEFFA_00134	MER0025084	21.530	353	241	12	10	346	2	334	4.10e-10	57.4
CJLNEFFA_00158	MER0005244	38.122	181	112	0	259	439	3	183	6.23e-38	134
CJLNEFFA_00158	MER0005241	31.068	206	129	5	257	449	1	206	9.20e-21	88.2
CJLNEFFA_00158	MER0001284	30.405	148	90	2	261	395	36	183	1.51e-14	70.1
CJLNEFFA_00158	MER0004514	27.660	188	117	6	261	431	36	221	4.90e-14	68.6
CJLNEFFA_00158	MER0100667	36.905	84	48	2	259	339	22	103	6.89e-10	55.8
CJLNEFFA_00158	MER0002104	32.727	110	65	3	260	362	66	173	3.50e-09	54.7
CJLNEFFA_00158	MER0002161	32.941	85	56	1	253	337	58	141	1.21e-08	52.8
CJLNEFFA_00158	MER0001911	32.787	122	76	3	258	378	38	154	2.32e-08	51.6
CJLNEFFA_00158	MER0005238	30.909	110	67	3	260	362	66	173	2.35e-08	52.0
CJLNEFFA_00158	MER0005131	27.434	113	71	2	258	359	35	147	5.87e-08	50.4
CJLNEFFA_00158	MER0037181	23.176	233	144	7	245	451	50	273	1.96e-07	49.3
CJLNEFFA_00158	MER0001288	31.868	91	56	4	257	345	19	105	1.03e-06	46.6
CJLNEFFA_00158	MER0005139	28.409	88	57	2	255	338	57	142	5.42e-06	44.7
CJLNEFFA_00184	MER0043394	42.945	163	89	3	25	184	1	162	9.93e-45	142
CJLNEFFA_00184	MER0044622	41.361	191	105	5	3	187	28	217	5.99e-43	141
CJLNEFFA_00184	MER0045094	38.095	189	112	4	3	187	14	201	3.11e-41	136
CJLNEFFA_00184	MER0043392	39.024	164	92	4	29	187	1	161	2.02e-33	114
CJLNEFFA_00184	MER0044882	37.427	171	99	5	23	185	1	171	1.09e-32	112
CJLNEFFA_00184	MER0044619	28.934	197	123	8	1	187	8	197	2.72e-21	84.7
CJLNEFFA_00184	MER0043537	29.787	188	125	6	3	187	2	185	9.25e-20	79.3
CJLNEFFA_00184	MER0043195	29.146	199	122	6	4	183	8	206	4.78e-17	73.6
CJLNEFFA_00184	MER0045945	33.117	154	85	4	24	170	53	195	1.40e-15	68.9
CJLNEFFA_00184	MER0045095	29.577	213	124	6	1	187	15	227	6.57e-14	65.1
CJLNEFFA_00184	MER0038086	33.621	116	71	3	74	184	109	223	1.28e-11	58.5
CJLNEFFA_00184	MER0043387	31.081	148	91	6	41	184	25	165	2.62e-11	56.6
CJLNEFFA_00184	MER0044889	34.234	111	71	2	74	184	91	199	6.88e-10	53.5
CJLNEFFA_00184	MER0046161	30.822	146	86	5	41	180	101	237	4.80e-08	48.5
CJLNEFFA_00184	MER0043540	25.373	134	77	4	46	170	87	206	2.61e-07	46.2
CJLNEFFA_00184	MER0060647	26.087	161	105	5	14	169	184	335	4.33e-07	45.8
CJLNEFFA_00184	MER0045886	28.448	116	81	2	68	183	79	192	4.52e-07	45.4
CJLNEFFA_00184	MER0044812	20.497	161	114	6	15	170	68	219	5.56e-06	42.4
CJLNEFFA_00184	MER0436735	27.326	172	91	6	46	183	48	219	8.40e-06	42.0
CJLNEFFA_00202	MER0056525	53.846	234	105	2	405	637	1	232	2.30e-85	265
CJLNEFFA_00202	MER0011748	52.381	231	107	2	405	634	1	229	1.71e-81	255
CJLNEFFA_00202	MER0005496	49.356	233	117	1	405	637	1	232	1.06e-78	248
CJLNEFFA_00202	MER0015609	50.649	231	109	2	405	634	1	227	4.49e-78	246
CJLNEFFA_00202	MER0011224	48.927	233	118	1	405	637	1	232	1.17e-76	243
CJLNEFFA_00202	MER0023544	46.581	234	124	1	405	638	1	233	4.46e-75	239
CJLNEFFA_00202	MER0015195	47.186	231	119	2	405	634	1	229	4.08e-70	226
CJLNEFFA_00202	MER0002605	45.022	231	123	2	405	634	1	228	1.04e-66	216
CJLNEFFA_00202	MER0002600	44.635	233	122	3	405	634	1	229	6.28e-65	211
CJLNEFFA_00202	MER0014306	42.489	233	133	1	405	637	1	232	5.26e-64	209
CJLNEFFA_00202	MER0015194	43.644	236	128	2	406	639	2	234	2.14e-63	207
CJLNEFFA_00202	MER0024898	42.500	240	135	3	405	642	1	239	2.15e-60	200
CJLNEFFA_00202	MER0171760	38.060	268	159	3	370	634	1	264	6.12e-58	193
CJLNEFFA_00202	MER0004454	42.437	238	134	3	405	640	1	237	6.14e-57	191
CJLNEFFA_00202	MER0005466	38.362	232	137	3	406	631	2	233	1.14e-51	175
CJLNEFFA_00202	MER0015199	39.496	238	139	2	405	637	1	238	1.56e-50	174
CJLNEFFA_00202	MER0002602	40.969	227	126	3	406	625	2	227	6.31e-50	171
CJLNEFFA_00202	MER0002563	36.325	234	139	3	406	629	2	235	2.47e-48	166
CJLNEFFA_00202	MER0001620	38.075	239	141	3	405	636	1	239	1.48e-44	157
CJLNEFFA_00202	MER0017637	35.745	235	139	4	406	629	2	235	4.84e-44	155
CJLNEFFA_00202	MER0002408	35.897	234	141	5	405	631	1	232	1.47e-42	150
CJLNEFFA_00202	MER0015197	35.349	215	134	3	417	628	13	225	1.49e-41	148
CJLNEFFA_00202	MER0015193	37.500	240	140	6	405	636	1	238	2.41e-41	147
CJLNEFFA_00202	MER0011745	33.191	235	146	6	405	631	1	232	1.03e-40	146
CJLNEFFA_00202	MER0014324	37.445	227	128	4	405	628	1	216	2.75e-39	141
CJLNEFFA_00202	MER0015137	32.766	235	147	6	405	631	1	232	7.12e-39	140
CJLNEFFA_00202	MER0005755	36.697	218	126	3	406	620	2	210	1.07e-35	131
CJLNEFFA_00202	MER0002608	36.797	231	134	6	406	628	2	228	2.07e-35	131
CJLNEFFA_00202	MER0190577	32.159	227	140	3	405	628	1	216	1.05e-34	129
CJLNEFFA_00202	MER0190705	32.900	231	144	3	406	634	1	222	1.39e-34	127
CJLNEFFA_00202	MER0015690	37.143	210	118	7	405	601	1	209	8.08e-34	127
CJLNEFFA_00202	MER0002197	31.624	234	149	3	405	635	1	226	1.08e-33	126
CJLNEFFA_00202	MER0024900	33.632	223	137	4	406	625	2	216	7.11e-32	120
CJLNEFFA_00202	MER0011120	43.478	161	83	5	405	557	1	161	4.34e-30	116
CJLNEFFA_00202	MER0001246	31.515	165	101	3	433	594	18	173	3.47e-21	88.2
CJLNEFFA_00202	MER0015204	26.613	248	147	7	406	620	2	247	6.62e-17	79.0
CJLNEFFA_00243	MER0000485	47.899	238	122	2	572	807	1	238	1.33e-66	219
CJLNEFFA_00243	MER0000495	44.177	249	129	2	572	810	1	249	1.33e-62	208
CJLNEFFA_00243	MER0003442	48.387	186	92	2	622	804	37	221	9.72e-53	180
CJLNEFFA_00243	MER0003443	49.180	183	89	1	619	797	39	221	1.10e-52	180
CJLNEFFA_00243	MER0011056	47.849	186	93	2	622	804	37	221	1.04e-51	177
CJLNEFFA_00243	MER0014970	37.634	279	128	4	572	804	1	279	1.96e-51	179
CJLNEFFA_00243	MER0011057	44.554	202	106	3	608	804	21	221	2.47e-50	173
CJLNEFFA_00243	MER0000488	42.291	227	122	4	572	793	1	223	1.55e-49	171
CJLNEFFA_00243	MER0004236	47.159	176	91	1	626	801	85	258	7.52e-48	167
CJLNEFFA_00243	MER0108906	40.254	236	133	3	572	804	1	231	2.65e-42	150
CJLNEFFA_00243	MER0000496	43.005	193	102	3	603	788	86	277	1.04e-39	146
CJLNEFFA_00243	MER0005837	38.428	229	117	5	573	782	2	225	1.01e-37	138
CJLNEFFA_00243	MER0026213	33.553	152	98	1	657	808	111	259	8.35e-22	92.8
CJLNEFFA_00243	MER0017402	32.787	183	111	5	629	806	28	203	4.38e-17	78.2
CJLNEFFA_00243	MER0003859	30.208	192	121	6	621	807	45	228	6.38e-13	66.2
CJLNEFFA_00243	MER0003359	32.099	162	95	6	629	779	45	202	2.72e-10	58.2
CJLNEFFA_00243	MER0017403	31.852	135	78	3	692	812	94	228	1.78e-07	50.1
CJLNEFFA_00243	MER0003017	30.000	100	67	1	709	808	66	162	7.45e-07	47.0
CJLNEFFA_00261	MER0031614	22.407	241	181	4	18	256	86	322	8.93e-11	58.2
CJLNEFFA_00261	MER0031617	25.200	250	160	10	18	246	37	280	4.00e-10	55.8
CJLNEFFA_00261	MER0183709	25.632	277	175	11	1	255	22	289	6.31e-10	55.5
CJLNEFFA_00261	MER0000437	22.593	270	171	10	21	259	34	296	6.33e-09	52.4
CJLNEFFA_00261	MER0014065	29.070	86	58	1	29	114	48	130	6.43e-08	49.7
CJLNEFFA_00261	MER0044581	27.119	118	78	2	2	114	58	172	7.04e-08	49.3
CJLNEFFA_00261	MER0011509	22.727	286	171	12	4	249	26	301	9.12e-08	48.9
CJLNEFFA_00261	MER0017033	24.793	121	85	3	3	122	52	167	1.43e-07	48.5
CJLNEFFA_00261	MER0044578	27.679	112	73	2	8	114	66	174	3.14e-07	47.4
CJLNEFFA_00261	MER0004146	25.194	258	164	13	10	249	14	260	8.04e-07	45.8
CJLNEFFA_00261	MER0044633	29.630	108	69	2	11	114	69	173	2.52e-06	44.7
CJLNEFFA_00261	MER0036084	24.107	112	82	2	10	120	14	123	4.08e-06	43.9
CJLNEFFA_00261	MER0036056	24.706	255	168	9	12	250	76	322	5.18e-06	43.5
CJLNEFFA_00261	MER0036076	23.293	249	167	10	10	248	57	291	6.69e-06	43.1
CJLNEFFA_00327	MER0028025	50.617	162	79	1	4	165	8	168	2.69e-46	155
CJLNEFFA_00327	MER0028025	54.430	79	36	0	272	350	168	246	4.31e-20	85.1
CJLNEFFA_00327	MER0003798	21.483	391	246	12	8	339	21	409	1.70e-16	77.0
CJLNEFFA_00327	MER0001273	33.333	177	101	7	1	163	1	174	1.08e-13	67.4
CJLNEFFA_00327	MER0238460	25.000	324	209	9	49	340	80	401	6.13e-13	66.2
CJLNEFFA_00327	MER0038758	24.364	275	174	10	88	340	79	341	1.14e-12	65.1
CJLNEFFA_00327	MER0001272	27.439	164	102	7	9	160	6	164	3.67e-12	62.8
CJLNEFFA_00327	MER0002655	23.551	276	183	11	9	267	11	275	3.06e-09	54.7
CJLNEFFA_00327	MER0026479	30.579	121	73	4	47	165	54	165	6.80e-06	43.5
CJLNEFFA_00327	MER0026485	31.481	108	66	4	58	158	88	194	7.09e-06	43.9
CJLNEFFA_00341	MER0011806	23.162	272	158	10	38	309	17	237	5.08e-09	53.9
CJLNEFFA_00341	MER0004101	24.815	270	151	13	38	305	17	236	4.16e-08	51.2
CJLNEFFA_00341	MER0011781	21.691	272	162	9	38	309	17	237	4.20e-08	51.2
CJLNEFFA_00357	MER0100667	29.787	188	105	7	87	266	18	186	8.83e-13	63.5
CJLNEFFA_00357	MER0001284	26.144	153	89	5	50	194	3	139	6.98e-10	55.5
CJLNEFFA_00357	MER0001290	30.387	181	107	7	3	174	12	182	8.03e-10	55.8
CJLNEFFA_00357	MER0001289	33.333	108	58	4	93	196	62	159	8.07e-10	55.5
CJLNEFFA_00357	MER0005139	26.846	149	89	4	84	223	54	191	2.49e-09	53.9
CJLNEFFA_00357	MER0002161	25.946	185	110	8	20	200	6	167	2.93e-09	53.9
CJLNEFFA_00357	MER0194228	33.333	93	49	3	107	196	1	83	3.47e-09	52.8
CJLNEFFA_00357	MER0004514	32.530	83	54	2	93	174	36	117	2.32e-07	47.8
CJLNEFFA_00357	MER0037181	24.194	310	166	13	20	300	6	275	4.15e-06	44.3
CJLNEFFA_00372	MER0015458	26.816	179	88	5	52	220	56	201	1.29e-10	56.6
CJLNEFFA_00372	MER0015472	24.862	181	101	3	53	233	50	195	1.24e-09	53.1
CJLNEFFA_00372	MER0015473	28.177	181	92	6	49	223	38	186	9.02e-09	50.8
CJLNEFFA_00372	MER0015468	32.258	93	62	1	11	102	8	100	1.92e-08	49.7
CJLNEFFA_00372	MER0017194	28.889	180	84	4	50	222	66	208	1.07e-07	47.8
CJLNEFFA_00372	MER0015465	27.230	213	102	8	11	219	8	171	1.37e-07	47.0
CJLNEFFA_00372	MER0030047	26.316	171	80	5	53	218	3	132	1.54e-06	43.5
CJLNEFFA_00372	MER0015459	34.043	47	31	0	47	93	49	95	6.44e-06	42.7
CJLNEFFA_00373	MER0015473	29.801	151	94	4	67	206	36	185	2.27e-10	56.2
CJLNEFFA_00373	MER0048181	32.394	142	84	3	68	197	1	142	4.51e-10	53.9
CJLNEFFA_00373	MER0035036	21.608	199	139	6	11	204	38	224	2.35e-07	47.8
CJLNEFFA_00373	MER0015455	31.081	148	86	7	64	204	56	194	2.04e-06	44.7
CJLNEFFA_00384	MER0168983	28.125	160	99	5	279	435	1	147	9.89e-14	66.2
CJLNEFFA_00384	MER0002755	24.757	206	127	7	257	445	8	202	3.01e-09	53.9
CJLNEFFA_00384	MER0005331	22.330	206	146	4	251	444	2	205	3.82e-09	53.9
CJLNEFFA_00384	MER0168177	27.778	162	81	8	279	426	1	140	9.16e-09	52.0
CJLNEFFA_00384	MER0002968	22.881	118	81	2	331	438	87	204	4.53e-08	50.8
CJLNEFFA_00384	MER0001017	26.619	139	87	3	331	454	84	222	1.02e-07	50.1
CJLNEFFA_00384	MER0011440	25.397	126	82	4	331	445	81	205	1.43e-07	49.3
CJLNEFFA_00384	MER0006264	23.622	127	86	2	331	446	53	179	2.55e-07	48.1
CJLNEFFA_00384	MER0019754	24.865	185	118	7	274	441	7	187	2.75e-07	48.1
CJLNEFFA_00384	MER0002746	24.074	216	128	10	258	450	9	211	2.96e-07	48.5
CJLNEFFA_00384	MER0011399	31.356	118	74	4	258	372	9	122	3.97e-07	48.1
CJLNEFFA_00384	MER0004243	28.030	132	79	4	331	447	84	214	4.21e-07	47.8
CJLNEFFA_00384	MER0011438	26.087	115	73	4	331	434	81	194	4.30e-07	47.8
CJLNEFFA_00384	MER0001009	22.857	175	116	6	331	490	20	190	4.38e-07	47.8
CJLNEFFA_00384	MER0011371	26.316	133	75	4	331	446	82	208	5.97e-07	47.4
CJLNEFFA_00384	MER0002060	26.415	106	68	1	331	426	87	192	7.00e-07	47.4
CJLNEFFA_00384	MER0000997	25.581	129	82	2	331	445	85	213	1.01e-06	46.6
CJLNEFFA_00384	MER0011401	24.870	193	98	8	294	465	39	205	1.09e-06	46.6
CJLNEFFA_00384	MER0001013	22.897	214	139	5	256	454	19	221	1.29e-06	46.6
CJLNEFFA_00384	MER0012283	28.058	139	83	4	257	391	19	144	1.45e-06	46.2
CJLNEFFA_00384	MER0001701	30.392	102	57	2	283	372	12	111	1.46e-06	46.2
CJLNEFFA_00384	MER0011369	26.891	119	76	3	331	438	96	214	1.71e-06	46.2
CJLNEFFA_00384	MER0002003	25.789	190	115	9	268	438	24	206	1.90e-06	45.8
CJLNEFFA_00384	MER0012271	21.805	133	90	3	332	450	86	218	2.86e-06	45.8
CJLNEFFA_00384	MER0036308	35.714	56	35	1	331	385	82	137	4.04e-06	45.1
CJLNEFFA_00384	MER0015166	22.835	127	77	3	331	441	102	223	6.43e-06	44.3
CJLNEFFA_00384	MER0052595	27.523	109	66	3	330	425	88	196	8.23e-06	43.9
CJLNEFFA_00385	MER0001423	35.023	217	137	2	466	682	2	214	1.52e-31	120
CJLNEFFA_00385	MER0004923	31.933	238	155	3	448	682	38	271	4.36e-31	120
CJLNEFFA_00385	MER0013484	31.390	223	147	2	463	682	1	220	2.00e-29	114
CJLNEFFA_00385	MER0011413	28.700	223	153	2	463	682	1	220	8.36e-29	112
CJLNEFFA_00385	MER0004921	29.694	229	150	6	463	688	1	221	4.96e-25	101
CJLNEFFA_00385	MER0005196	27.004	237	153	4	453	681	9	233	7.70e-25	101
CJLNEFFA_00385	MER0005994	30.682	264	164	8	447	700	8	262	2.01e-24	100
CJLNEFFA_00385	MER0058228	29.752	242	153	6	469	702	10	242	2.26e-24	99.8
CJLNEFFA_00385	MER0192427	27.928	222	151	4	462	681	62	276	1.27e-21	92.4
CJLNEFFA_00385	MER0004199	25.328	229	159	6	473	698	1	220	1.72e-20	87.8
CJLNEFFA_00385	MER0000399	25.581	258	187	5	446	702	5	258	5.13e-19	84.3
CJLNEFFA_00385	MER0011231	28.216	241	158	6	465	698	25	257	1.94e-18	82.8
CJLNEFFA_00385	MER0000404	28.992	238	157	8	451	682	11	242	5.17e-18	81.6
CJLNEFFA_00385	MER0005987	22.314	242	170	5	466	698	26	258	2.21e-17	79.7
CJLNEFFA_00385	MER0004504	27.982	218	144	5	468	682	1	208	1.05e-15	74.3
CJLNEFFA_00385	MER0195666	26.577	222	151	6	466	681	1	216	2.58e-15	73.2
CJLNEFFA_00385	MER0000401	25.991	227	159	6	458	681	18	238	2.45e-14	70.5
CJLNEFFA_00385	MER0011305	24.783	230	158	6	463	685	17	238	5.19e-14	69.7
CJLNEFFA_00385	MER0004193	24.153	236	166	4	465	691	2	233	3.79e-13	66.6
CJLNEFFA_00385	MER0034615	22.078	231	169	3	458	681	2	228	4.62e-13	66.6
CJLNEFFA_00385	MER0003361	27.197	239	141	11	469	694	22	240	3.31e-12	63.9
CJLNEFFA_00385	MER0000405	26.364	220	151	8	468	682	34	247	5.40e-10	57.8
CJLNEFFA_00385	MER0018170	22.527	182	130	3	512	683	53	233	1.94e-09	55.8
CJLNEFFA_00385	MER0000403	21.033	271	197	8	442	703	1	263	3.55e-09	55.1
CJLNEFFA_00385	MER0000263	28.696	115	79	1	461	575	1	112	4.94e-09	54.3
CJLNEFFA_00385	MER0017401	21.610	236	169	7	467	694	7	234	6.74e-09	53.9
CJLNEFFA_00385	MER0006027	25.217	230	144	7	470	682	19	237	4.70e-06	45.4
CJLNEFFA_00411	MER0005139	29.630	216	129	7	108	307	62	270	5.40e-16	74.7
CJLNEFFA_00411	MER0015336	26.378	254	161	9	60	309	21	252	9.48e-14	67.8
CJLNEFFA_00411	MER0015691	32.374	139	74	3	75	212	31	150	2.60e-13	66.6
CJLNEFFA_00411	MER0005238	33.094	139	81	3	74	211	36	163	3.15e-13	66.6
CJLNEFFA_00411	MER0001284	30.052	193	116	7	108	297	35	211	4.24e-13	65.9
CJLNEFFA_00411	MER0194228	26.728	217	124	7	124	331	2	192	3.20e-12	62.0
CJLNEFFA_00411	MER0001289	25.373	268	158	10	75	331	32	268	1.92e-11	61.2
CJLNEFFA_00411	MER0002161	28.516	256	130	12	42	292	15	222	2.16e-11	61.2
CJLNEFFA_00411	MER0004514	33.113	151	75	7	76	212	1	139	5.62e-11	59.3
CJLNEFFA_00411	MER0005239	37.037	108	59	3	107	212	67	167	5.73e-11	60.1
CJLNEFFA_00411	MER0001288	29.614	233	121	10	105	321	19	224	2.88e-10	57.0
CJLNEFFA_00411	MER0005149	34.259	108	62	4	108	213	64	164	6.72e-10	56.6
CJLNEFFA_00411	MER0005241	31.868	91	55	2	105	193	1	86	2.85e-09	54.3
CJLNEFFA_00411	MER0100667	27.660	235	127	11	88	312	4	205	3.18e-09	53.9
CJLNEFFA_00411	MER0002104	31.731	104	63	3	109	211	67	163	4.38e-09	54.3
CJLNEFFA_00411	MER0005152	32.215	149	92	3	109	255	60	201	5.45e-09	53.5
CJLNEFFA_00411	MER0005131	25.105	239	146	9	103	323	32	255	1.17e-08	52.8
CJLNEFFA_00411	MER0001290	27.778	180	100	9	51	214	44	209	4.95e-08	51.2
CJLNEFFA_00411	MER0001911	33.010	103	59	2	106	208	38	130	6.19e-08	50.4
CJLNEFFA_00411	MER0002105	26.623	154	94	4	73	214	14	160	1.01e-07	49.7
CJLNEFFA_00411	MER0005244	35.294	85	47	2	109	193	5	81	5.72e-07	47.0
CJLNEFFA_00411	MER0015688	32.292	96	54	4	117	212	64	148	3.29e-06	45.1
CJLNEFFA_00411	MER0032443	36.471	85	49	3	109	190	39	121	6.57e-06	44.3
CJLNEFFA_00420	MER0003448	26.829	205	150	0	34	238	2	206	2.97e-20	86.3
CJLNEFFA_00420	MER0237414	22.642	212	156	3	36	241	3	212	2.28e-18	80.9
CJLNEFFA_00420	MER0003543	22.727	220	164	3	34	251	2	217	2.92e-15	71.6
CJLNEFFA_00420	MER0015090	22.018	218	168	2	34	251	2	217	1.13e-12	64.3
CJLNEFFA_00420	MER0390687	22.000	150	117	0	57	206	17	166	2.09e-11	59.3
CJLNEFFA_00420	MER0039456	23.415	205	150	4	34	232	2	205	3.07e-11	59.7
CJLNEFFA_00420	MER0026957	23.353	167	126	2	59	224	22	187	2.75e-08	51.2
CJLNEFFA_00420	MER0043985	22.120	217	158	4	57	269	25	234	5.38e-08	50.4
CJLNEFFA_00420	MER0001229	22.222	180	132	3	57	232	25	200	5.50e-08	50.1
CJLNEFFA_00420	MER0001413	25.000	136	95	4	21	155	20	149	6.30e-06	43.1
CJLNEFFA_00420	MER0015270	23.832	214	139	7	169	364	126	333	6.30e-06	45.1
CJLNEFFA_00421	MER0195774	35.028	177	115	0	34	210	1	177	2.78e-38	134
CJLNEFFA_00421	MER0003543	26.733	202	144	3	34	234	2	200	6.27e-19	82.4
CJLNEFFA_00421	MER0001229	27.143	210	152	1	33	242	1	209	1.29e-18	81.3
CJLNEFFA_00421	MER0043985	27.143	210	152	1	33	242	1	209	2.64e-18	80.9
CJLNEFFA_00421	MER0015090	25.123	203	144	3	34	233	2	199	1.97e-16	75.1
CJLNEFFA_00421	MER0001233	26.108	203	127	8	33	220	1	195	3.74e-13	65.9
CJLNEFFA_00421	MER0001214	33.129	163	94	7	27	180	16	172	5.43e-13	64.3
CJLNEFFA_00421	MER0003386	33.577	137	82	4	33	164	25	157	1.04e-12	63.9
CJLNEFFA_00421	MER0003448	23.039	204	156	1	33	236	1	203	1.43e-12	63.9
CJLNEFFA_00421	MER0390687	25.503	149	110	1	59	207	19	166	3.01e-12	61.6
CJLNEFFA_00421	MER0122186	29.891	184	117	6	33	210	21	198	5.86e-12	61.6
CJLNEFFA_00421	MER0002008	26.667	195	129	5	33	220	1	188	9.66e-12	61.6
CJLNEFFA_00421	MER0011744	31.481	162	98	6	28	181	17	173	1.33e-11	60.8
CJLNEFFA_00421	MER0003823	33.557	149	87	6	26	166	15	159	6.12e-11	58.9
CJLNEFFA_00421	MER0014333	26.368	201	125	7	33	218	1	193	8.72e-11	58.9
CJLNEFFA_00421	MER0015259	30.189	159	101	5	28	181	20	173	9.17e-11	58.2
CJLNEFFA_00421	MER0011096	30.247	162	100	6	28	181	17	173	1.26e-10	57.8
CJLNEFFA_00421	MER0001222	29.197	137	94	2	30	164	22	157	1.46e-10	57.8
CJLNEFFA_00421	MER0002283	29.940	167	106	6	27	186	16	178	1.98e-10	57.4
CJLNEFFA_00421	MER0001219	27.083	192	128	6	30	210	22	212	9.72e-10	55.5
CJLNEFFA_00421	MER0002345	31.902	163	98	7	26	180	15	172	1.70e-09	54.7
CJLNEFFA_00421	MER0092828	30.159	126	77	5	33	153	1	120	6.67e-09	51.6
CJLNEFFA_00421	MER0001218	29.870	154	98	5	33	181	25	173	7.66e-09	52.8
CJLNEFFA_00421	MER0169735	34.940	83	53	1	33	114	15	97	1.23e-08	51.6
CJLNEFFA_00421	MER0026957	20.918	196	151	2	59	251	22	216	1.33e-08	52.0
CJLNEFFA_00421	MER0001220	28.283	198	123	8	59	243	9	200	1.37e-08	51.6
CJLNEFFA_00421	MER0004423	29.193	161	98	6	70	225	33	182	1.40e-08	52.0
CJLNEFFA_00421	MER0011192	31.818	154	92	7	55	202	2	148	3.00e-08	50.1
CJLNEFFA_00421	MER0002423	28.061	196	124	8	27	210	19	209	1.07e-07	49.3
CJLNEFFA_00421	MER0021876	23.188	207	139	8	34	231	1	196	1.10e-07	48.9
CJLNEFFA_00421	MER0015270	22.190	347	216	11	70	375	6	339	1.16e-06	47.4
CJLNEFFA_00421	MER0011292	28.889	135	91	2	44	177	58	188	1.24e-06	46.2
CJLNEFFA_00421	MER0001413	25.000	120	84	3	34	150	30	146	2.89e-06	43.9
CJLNEFFA_00421	MER0170820	30.000	70	48	1	59	127	22	91	7.31e-06	43.5
CJLNEFFA_00446	MER0003380	36.937	111	62	2	169	279	130	232	1.41e-17	77.0
CJLNEFFA_00446	MER0069741	39.583	96	56	2	184	279	70	163	3.73e-16	71.6
CJLNEFFA_00446	MER0003906	42.857	105	53	3	184	282	1	104	6.12e-16	69.3
CJLNEFFA_00446	MER0003376	33.333	132	71	6	168	283	28	158	4.67e-15	68.6
CJLNEFFA_00446	MER0066182	33.333	117	70	3	173	282	75	190	1.64e-13	64.7
CJLNEFFA_00446	MER0387040	35.000	100	63	2	184	282	1	99	1.77e-13	62.4
CJLNEFFA_00446	MER0005300	34.109	129	78	3	158	282	37	162	5.12e-13	62.8
CJLNEFFA_00446	MER0001419	37.143	105	59	3	184	282	32	135	4.55e-12	59.7
CJLNEFFA_00446	MER0013541	37.209	86	53	1	184	269	1	85	5.52e-12	57.8
CJLNEFFA_00446	MER0003423	36.190	105	60	3	184	282	32	135	1.37e-11	58.2
CJLNEFFA_00446	MER0015415	30.833	120	72	4	169	278	46	164	4.38e-09	51.6
CJLNEFFA_00455	MER0192051	26.697	221	136	7	20	224	97	307	5.42e-09	53.5
CJLNEFFA_00465	MER0281397	30.189	212	118	7	124	316	1	201	1.70e-16	74.7
CJLNEFFA_00465	MER0005964	23.982	221	133	8	72	280	8	205	3.20e-10	58.2
CJLNEFFA_00465	MER0140154	25.000	200	115	8	121	294	35	225	9.12e-08	50.4
CJLNEFFA_00465	MER0000459	26.174	149	100	6	123	269	58	198	1.31e-07	49.7
CJLNEFFA_00465	MER0011700	23.158	190	112	8	114	284	43	217	2.05e-07	49.3
CJLNEFFA_00465	MER0028284	25.625	160	98	6	120	275	48	190	6.21e-07	47.8
CJLNEFFA_00465	MER0192873	30.000	120	73	3	127	242	4	116	3.22e-06	44.7
CJLNEFFA_00465	MER0026262	22.283	368	202	15	89	404	9	344	8.50e-06	44.3
CJLNEFFA_00497	MER0001295	45.652	184	87	3	368	547	5	179	2.02e-45	157
CJLNEFFA_00497	MER0003065	35.882	170	94	5	376	543	6	162	6.51e-25	99.0
CJLNEFFA_00497	MER0001425	36.913	149	84	3	397	544	30	169	5.22e-23	93.6
CJLNEFFA_00497	MER0004196	34.911	169	94	4	377	543	10	164	2.04e-22	91.7
CJLNEFFA_00497	MER0001297	40.559	143	73	5	365	506	2	133	1.71e-21	89.0
CJLNEFFA_00497	MER0003413	31.646	158	99	2	386	543	15	163	1.78e-20	86.3
CJLNEFFA_00497	MER0003514	30.857	175	96	5	376	543	6	162	3.21e-20	85.5
CJLNEFFA_00497	MER0004195	32.353	170	101	6	376	543	6	163	3.58e-17	76.6
CJLNEFFA_00497	MER0005714	30.508	177	103	6	376	543	6	171	7.81e-17	75.9
CJLNEFFA_00497	MER0015684	33.333	150	84	5	397	542	26	163	1.15e-16	75.1
CJLNEFFA_00497	MER0030244	25.806	186	112	5	376	546	17	191	3.20e-07	48.1
CJLNEFFA_00497	MER0030235	24.607	191	108	5	376	546	6	180	4.32e-07	47.8
CJLNEFFA_00499	MER0026494	30.998	471	301	6	7	460	10	473	1.14e-73	236
CJLNEFFA_00499	MER0015142	30.126	478	310	6	1	460	33	504	3.52e-68	223
CJLNEFFA_00499	MER0026471	30.000	470	303	6	8	457	12	475	1.56e-66	218
CJLNEFFA_00499	MER0026485	28.571	210	132	7	1	198	4	207	2.47e-19	85.5
CJLNEFFA_00499	MER0026485	34.737	95	62	0	363	457	213	307	1.54e-13	68.2
CJLNEFFA_00499	MER0003397	27.094	203	130	4	8	198	12	208	1.25e-17	80.5
CJLNEFFA_00499	MER0003397	31.034	87	60	0	367	453	218	304	9.13e-10	56.6
CJLNEFFA_00499	MER0057434	28.293	205	127	7	7	198	2	199	1.59e-17	79.7
CJLNEFFA_00499	MER0057434	29.070	86	61	0	368	453	210	295	2.23e-06	46.2
CJLNEFFA_00499	MER0052470	23.128	454	305	16	10	436	3	439	3.95e-17	80.1
CJLNEFFA_00499	MER0001271	26.592	267	161	11	35	295	28	265	5.57e-10	57.8
CJLNEFFA_00499	MER0369972	28.667	150	88	7	16	161	2	136	4.80e-07	48.5
CJLNEFFA_00499	MER0028025	26.174	149	90	6	19	166	16	145	8.65e-06	43.9
CJLNEFFA_00532	MER0005767	27.414	321	190	7	52	369	25	305	1.49e-34	127
CJLNEFFA_00532	MER0030151	23.691	401	280	12	5	385	1	395	8.19e-19	84.7
CJLNEFFA_00532	MER0030136	23.058	399	285	12	5	385	1	395	3.27e-17	80.1
CJLNEFFA_00532	MER0030143	21.750	400	289	12	5	385	1	395	6.36e-17	79.0
CJLNEFFA_00532	MER0030155	22.886	402	282	13	5	385	1	395	1.45e-15	75.1
CJLNEFFA_00532	MER0030149	23.691	401	280	14	5	385	1	395	1.56e-15	74.7
CJLNEFFA_00532	MER0015112	26.378	254	168	11	5	244	1	249	7.60e-15	72.8
CJLNEFFA_00620	MER0000589	62.162	37	14	0	477	513	192	228	5.47e-09	53.9
CJLNEFFA_00620	MER0000589	27.869	122	45	3	140	261	1	79	2.05e-08	52.4
CJLNEFFA_00620	MER0013626	42.222	45	26	0	469	513	101	145	4.45e-08	49.7
CJLNEFFA_00633	MER0035017	24.402	418	249	13	34	407	3	397	1.05e-29	115
CJLNEFFA_00633	MER0004090	29.504	383	210	19	34	384	11	365	9.88e-29	112
CJLNEFFA_00633	MER0003800	27.968	379	217	17	34	382	18	370	1.59e-21	92.4
CJLNEFFA_00633	MER0026262	20.937	363	236	15	32	381	1	325	6.13e-10	57.0
CJLNEFFA_00633	MER0354941	31.776	107	60	2	46	139	9	115	1.47e-07	48.5
CJLNEFFA_00638	MER0003336	59.542	131	52	1	184	313	1	131	1.07e-51	164
CJLNEFFA_00638	MER0017622	31.718	227	133	7	48	254	24	248	2.84e-21	88.6
CJLNEFFA_00638	MER0011465	38.261	115	65	1	184	298	1	109	4.58e-20	82.0
CJLNEFFA_00638	MER0003299	42.857	98	53	1	184	281	1	95	2.82e-14	66.2
CJLNEFFA_00638	MER0003303	35.965	114	62	4	184	296	1	104	6.06e-11	56.6
CJLNEFFA_00638	MER0003338	37.209	86	53	1	184	268	1	86	9.58e-11	56.2
CJLNEFFA_00638	MER0034967	25.668	187	108	7	83	243	2	183	1.09e-07	48.5
CJLNEFFA_00638	MER0013976	38.710	62	37	1	184	245	1	61	4.39e-07	45.1
CJLNEFFA_00668	MER0012158	36.095	338	143	11	2	267	1	337	2.92e-55	187
CJLNEFFA_00668	MER0003327	40.741	216	120	5	2	214	1	211	2.27e-54	182
CJLNEFFA_00668	MER0003350	41.748	206	97	6	2	184	1	206	6.23e-43	150
CJLNEFFA_00668	MER0185695	37.387	222	132	3	2	217	1	221	1.23e-40	144
CJLNEFFA_00668	MER0003322	40.580	207	95	8	2	181	1	206	7.81e-38	136
CJLNEFFA_00668	MER0011781	31.765	170	108	5	2	167	1	166	5.07e-15	72.0
CJLNEFFA_00668	MER0004101	27.439	164	113	4	2	162	1	161	1.58e-14	70.5
CJLNEFFA_00668	MER0011806	27.439	164	113	4	2	162	1	161	3.03e-14	69.7
CJLNEFFA_00668	MER0003314	30.345	145	87	6	2	133	1	144	7.73e-10	57.0
CJLNEFFA_00670	MER0031611	26.744	258	178	6	50	298	35	290	1.54e-21	89.4
CJLNEFFA_00670	MER0036065	26.295	251	167	6	54	287	2	251	7.88e-21	86.7
CJLNEFFA_00670	MER0004146	25.098	255	160	8	44	280	8	249	3.06e-18	79.7
CJLNEFFA_00670	MER0037236	22.814	263	175	9	43	289	8	258	3.31e-17	76.6
CJLNEFFA_00670	MER0036059	25.490	306	155	13	55	289	46	349	3.83e-17	77.8
CJLNEFFA_00670	MER0036054	25.391	256	169	6	53	287	15	269	8.20e-17	75.9
CJLNEFFA_00670	MER0036053	26.136	264	162	10	49	287	3	258	3.69e-16	73.6
CJLNEFFA_00670	MER0017193	28.163	245	152	12	42	271	13	248	2.82e-15	71.2
CJLNEFFA_00670	MER0036067	24.082	245	176	4	51	289	48	288	3.87e-13	65.5
CJLNEFFA_00670	MER0017177	28.319	113	79	2	41	151	21	133	8.11e-11	58.5
CJLNEFFA_00670	MER0036115	29.245	106	74	1	52	156	33	138	1.08e-10	58.2
CJLNEFFA_00670	MER0017123	24.742	291	192	9	32	298	8	295	1.34e-10	57.8
CJLNEFFA_00670	MER0014065	22.623	305	178	8	41	287	19	323	4.66e-10	56.6
CJLNEFFA_00670	MER0031614	20.866	254	178	7	54	298	83	322	1.03e-09	55.5
CJLNEFFA_00670	MER0017033	25.000	244	167	8	51	287	61	295	2.43e-09	54.3
CJLNEFFA_00670	MER0036068	22.925	253	159	8	55	287	54	290	3.49e-09	53.5
CJLNEFFA_00670	MER0036056	26.061	165	115	3	127	287	156	317	6.45e-09	53.1
CJLNEFFA_00670	MER0036074	21.386	332	205	9	18	296	53	381	6.82e-09	53.1
CJLNEFFA_00670	MER0035973	20.588	238	176	6	55	289	57	284	7.26e-09	52.8
CJLNEFFA_00670	MER0031616	32.692	104	67	2	55	155	40	143	3.32e-08	50.8
CJLNEFFA_00670	MER0036057	24.066	241	167	8	54	287	62	293	3.86e-08	50.4
CJLNEFFA_00670	MER0036066	20.084	239	186	5	55	289	1	238	1.05e-07	48.9
CJLNEFFA_00670	MER0183709	30.579	121	76	4	51	164	32	151	1.05e-07	49.3
CJLNEFFA_00670	MER0011785	31.132	106	69	2	54	155	35	140	1.42e-07	48.9
CJLNEFFA_00670	MER0011509	31.731	104	68	2	55	155	39	142	1.65e-07	48.5
CJLNEFFA_00670	MER0031617	19.623	265	197	5	40	289	18	281	1.62e-06	45.4
CJLNEFFA_00670	MER0036076	23.013	239	151	8	55	280	63	281	3.62e-06	44.3
CJLNEFFA_00670	MER0035038	29.412	102	71	1	51	151	27	128	5.33e-06	43.9
CJLNEFFA_00670	MER0036073	24.848	165	113	4	127	287	154	311	5.36e-06	43.9
CJLNEFFA_00689	MER0015472	25.146	171	124	2	21	188	26	195	5.20e-14	65.1
CJLNEFFA_00689	MER0048181	32.653	147	75	3	41	168	1	142	4.62e-13	61.2
CJLNEFFA_00689	MER0030047	29.412	136	86	3	44	173	1	132	2.33e-11	56.2
CJLNEFFA_00689	MER0015473	31.138	167	99	5	21	174	19	182	3.71e-11	57.0
CJLNEFFA_00689	MER0015458	30.909	165	87	6	34	177	45	203	2.10e-09	52.8
CJLNEFFA_00689	MER0035036	28.261	138	95	3	39	173	86	222	1.97e-08	49.7
CJLNEFFA_00689	MER0015462	28.662	157	86	5	32	179	39	178	5.75e-08	47.8
CJLNEFFA_00689	MER0017194	26.627	169	112	5	19	177	42	208	1.69e-06	43.9
CJLNEFFA_00689	MER0094384	27.044	159	103	4	33	188	28	176	5.49e-06	42.4
CJLNEFFA_00715	MER0005900	29.494	356	235	7	61	412	36	379	1.64e-42	151
CJLNEFFA_00733	MER0037236	29.365	252	156	7	13	243	10	260	1.81e-24	95.5
CJLNEFFA_00733	MER0004146	25.581	258	159	10	13	243	9	260	2.25e-17	76.3
CJLNEFFA_00733	MER0031611	24.427	262	162	8	12	241	24	281	2.90e-16	73.6
CJLNEFFA_00733	MER0036066	22.764	246	161	8	23	244	1	241	4.12e-12	61.2
CJLNEFFA_00733	MER0035973	25.238	210	138	5	48	243	82	286	2.85e-11	59.3
CJLNEFFA_00733	MER0036067	24.691	243	153	10	23	241	52	288	6.17e-10	55.5
CJLNEFFA_00733	MER0017142	27.072	181	101	6	84	242	73	244	7.39e-09	51.6
CJLNEFFA_00733	MER0036057	20.248	242	165	6	23	243	63	297	1.31e-08	51.2
CJLNEFFA_00733	MER0036053	21.481	270	159	8	17	243	3	262	5.56e-08	49.3
CJLNEFFA_00733	MER0036115	25.862	116	80	3	19	129	32	146	6.18e-08	49.3
CJLNEFFA_00733	MER0017033	22.172	221	138	5	47	243	89	299	2.26e-07	47.8
CJLNEFFA_00733	MER0036076	21.667	240	157	9	23	242	63	291	2.38e-07	47.8
CJLNEFFA_00733	MER0044350	25.414	181	114	7	22	188	1	174	2.88e-07	47.4
CJLNEFFA_00733	MER0036068	24.419	172	113	4	88	242	122	293	2.96e-07	47.4
CJLNEFFA_00733	MER0000437	24.000	275	160	10	10	239	12	282	4.19e-07	47.0
CJLNEFFA_00733	MER0011785	33.621	116	63	6	16	120	28	140	1.62e-06	45.1
CJLNEFFA_00733	MER0011509	25.439	114	77	3	22	128	38	150	1.73e-06	45.1
CJLNEFFA_00733	MER0036073	22.727	264	172	11	3	244	63	316	4.69e-06	43.9
CJLNEFFA_00733	MER0036056	22.593	270	171	11	3	244	63	322	8.66e-06	42.7
CJLNEFFA_00733	MER0036054	22.326	215	130	5	67	248	64	274	8.69e-06	42.7
CJLNEFFA_00778	MER0001243	36.475	244	153	2	5	246	6	249	2.39e-58	184
CJLNEFFA_00778	MER0001342	36.515	241	153	0	6	246	7	247	1.71e-52	169
CJLNEFFA_00778	MER0013450	34.538	249	161	2	3	249	2	250	8.52e-48	156
CJLNEFFA_00778	MER0005690	33.755	237	156	1	10	246	11	246	3.11e-46	152
CJLNEFFA_00778	MER0015127	34.310	239	156	1	8	246	9	246	7.63e-45	149
CJLNEFFA_00778	MER0013929	33.476	233	154	1	5	237	6	237	2.30e-42	142
CJLNEFFA_00778	MER0013589	33.058	242	161	1	5	246	2	242	1.84e-41	139
CJLNEFFA_00778	MER0015128	30.638	235	161	2	13	246	14	247	9.27e-40	135
CJLNEFFA_00778	MER0010972	23.478	230	158	2	17	246	18	229	3.17e-18	78.6
CJLNEFFA_00778	MER0003880	31.016	187	114	5	32	214	25	200	9.45e-17	75.1
CJLNEFFA_00778	MER0004931	27.404	208	135	6	1	204	2	197	7.05e-15	68.9
CJLNEFFA_00778	MER0024896	30.882	136	87	2	117	246	332	466	2.35e-14	69.3
CJLNEFFA_00778	MER0024896	29.730	111	78	0	5	115	6	116	1.05e-12	64.3
CJLNEFFA_00778	MER0011746	28.218	202	126	8	13	201	14	209	1.61e-13	66.2
CJLNEFFA_00778	MER0013463	24.889	225	135	7	1	204	2	213	1.14e-11	60.1
CJLNEFFA_00778	MER0001728	29.911	224	129	11	2	207	2	215	5.52e-11	58.9
CJLNEFFA_00778	MER0004532	24.519	208	140	4	1	204	2	196	4.20e-10	55.5
CJLNEFFA_00778	MER0005462	22.705	207	150	3	1	206	2	199	8.13e-09	51.6
CJLNEFFA_00778	MER0001244	26.351	148	101	3	1	146	2	143	5.13e-08	49.7
CJLNEFFA_00778	MER0002038	26.115	157	107	5	77	230	74	224	7.27e-08	48.9
CJLNEFFA_00781	MER0013458	29.508	122	69	5	66	186	54	159	1.40e-08	50.1
CJLNEFFA_00781	MER0001333	28.736	174	85	8	18	186	59	198	5.11e-08	49.3
CJLNEFFA_00781	MER0005742	23.944	142	67	4	45	186	1	101	3.39e-07	44.3
CJLNEFFA_00787	MER0005328	26.316	171	93	9	398	556	50	199	1.48e-07	49.7
CJLNEFFA_00787	MER0091680	25.806	155	109	4	425	579	69	217	2.52e-07	48.9
CJLNEFFA_00787	MER0001009	21.739	161	120	3	414	574	7	161	3.22e-07	48.5
CJLNEFFA_00787	MER0011175	23.077	169	114	5	401	563	53	211	7.97e-07	47.4
CJLNEFFA_00787	MER0001010	21.472	163	122	3	412	574	46	202	2.27e-06	46.2
CJLNEFFA_00787	MER0011345	23.529	187	103	7	398	568	61	223	2.52e-06	46.2
CJLNEFFA_00787	MER0001017	23.757	181	113	8	398	569	61	225	3.60e-06	45.8
CJLNEFFA_00787	MER0002746	22.907	227	136	8	365	571	13	220	6.94e-06	45.1
CJLNEFFA_00793	MER0056022	33.735	83	44	2	139	218	48	122	5.78e-07	44.7
CJLNEFFA_00797	MER0002007	39.005	382	212	8	29	408	11	373	1.15e-82	256
CJLNEFFA_00797	MER0002655	36.203	395	220	9	36	426	10	376	3.88e-74	234
CJLNEFFA_00797	MER0002013	37.405	393	221	10	39	426	21	393	4.93e-73	231
CJLNEFFA_00797	MER0002014	34.837	399	230	10	36	428	18	392	1.15e-66	215
CJLNEFFA_00797	MER0002659	34.343	396	232	9	36	426	18	390	1.66e-66	214
CJLNEFFA_00797	MER0005155	35.233	386	222	9	36	414	11	375	1.69e-64	209
CJLNEFFA_00797	MER0003770	36.313	358	202	8	34	386	4	340	6.58e-61	199
CJLNEFFA_00797	MER0005173	32.283	381	224	10	38	411	4	357	1.17e-53	180
CJLNEFFA_00797	MER0005163	48.214	168	71	4	36	203	9	160	3.74e-43	149
CJLNEFFA_00797	MER0005163	39.344	61	35	1	366	426	206	264	1.30e-07	49.3
CJLNEFFA_00797	MER0003815	42.162	185	91	4	36	220	18	186	1.18e-36	133
CJLNEFFA_00797	MER0003815	29.293	99	68	2	332	430	202	298	2.39e-07	48.9
CJLNEFFA_00797	MER0015354	40.526	190	97	4	36	225	18	191	2.45e-35	129
CJLNEFFA_00797	MER0003581	26.331	357	232	10	78	425	1	335	5.16e-25	102
CJLNEFFA_00797	MER0002664	35.329	167	84	6	33	199	5	147	4.15e-23	95.5
CJLNEFFA_00797	MER0014418	24.235	425	249	18	23	428	5	375	9.25e-14	69.3
CJLNEFFA_00808	MER0014188	49.425	87	39	3	124	208	3	86	7.51e-20	79.0
CJLNEFFA_00808	MER0024252	37.736	106	55	3	134	232	14	115	2.59e-15	67.4
CJLNEFFA_00808	MER0003807	36.364	110	56	3	122	226	1	101	1.79e-13	62.0
CJLNEFFA_00808	MER0001322	38.636	88	49	2	122	208	1	84	2.09e-13	62.0
CJLNEFFA_00808	MER0004035	38.750	80	47	2	131	208	7	86	3.03e-13	61.2
CJLNEFFA_00808	MER0003986	36.957	92	53	3	122	208	1	92	8.57e-12	57.8
CJLNEFFA_00808	MER0002443	38.272	81	46	2	132	208	11	91	1.71e-10	53.9
CJLNEFFA_00808	MER0014672	29.358	109	61	2	130	222	9	117	3.88e-10	53.1
CJLNEFFA_00808	MER0003805	38.824	85	40	4	130	208	9	87	1.01e-09	52.0
CJLNEFFA_00808	MER0377450	38.824	85	40	4	130	208	9	87	1.33e-09	50.8
CJLNEFFA_00808	MER0377310	35.052	97	56	5	126	218	5	98	2.46e-09	50.4
CJLNEFFA_00808	MER0377307	35.052	97	56	5	126	218	5	98	2.46e-09	50.4
CJLNEFFA_00808	MER0002450	35.052	97	56	5	126	218	5	98	4.00e-09	50.1
CJLNEFFA_00808	MER0376722	33.708	89	47	4	126	208	5	87	4.09e-09	49.7
CJLNEFFA_00808	MER0003808	33.708	89	47	4	126	208	5	87	5.63e-09	49.7
CJLNEFFA_00808	MER0377178	33.721	86	51	4	126	208	5	87	1.08e-07	45.8
CJLNEFFA_00815	MER0001185	24.194	124	84	4	270	386	87	207	2.62e-07	48.5
CJLNEFFA_00820	MER0031610	28.916	249	169	4	13	254	53	300	2.78e-39	135
CJLNEFFA_00820	MER0031619	26.147	218	140	9	6	208	19	230	4.04e-13	64.7
CJLNEFFA_00820	MER0036115	29.825	114	71	4	3	110	23	133	1.40e-12	63.2
CJLNEFFA_00820	MER0035038	23.322	283	173	10	11	255	24	300	2.67e-11	59.3
CJLNEFFA_00820	MER0044900	23.247	271	167	10	12	248	92	355	1.43e-10	57.4
CJLNEFFA_00820	MER0044858	26.415	265	158	12	14	242	55	318	1.65e-10	57.4
CJLNEFFA_00820	MER0035044	24.549	277	174	13	3	247	21	294	4.66e-10	55.8
CJLNEFFA_00820	MER0004146	30.189	106	69	2	9	109	14	119	1.40e-09	53.9
CJLNEFFA_00820	MER0035043	21.723	267	163	8	13	242	34	291	4.76e-08	49.7
CJLNEFFA_00820	MER0014065	23.490	149	102	4	11	155	31	171	5.67e-08	49.7
CJLNEFFA_00820	MER0035032	20.141	283	176	10	11	255	28	298	6.69e-08	49.3
CJLNEFFA_00820	MER0037853	28.221	163	99	9	9	163	21	173	1.75e-07	48.1
CJLNEFFA_00820	MER0044350	23.256	215	138	8	15	205	2	213	1.94e-07	47.8
CJLNEFFA_00820	MER0036072	29.524	105	64	3	18	113	84	187	2.15e-07	47.8
CJLNEFFA_00820	MER0034563	28.571	98	68	1	11	108	13	108	7.04e-06	42.7
CJLNEFFA_00822	MER0000474	52.604	192	91	0	28	219	15	206	6.44e-74	219
CJLNEFFA_00822	MER0002299	51.351	185	90	0	31	215	12	196	3.48e-65	197
CJLNEFFA_00822	MER0005687	51.337	187	86	1	30	216	26	207	2.15e-64	196
CJLNEFFA_00822	MER0006046	47.917	192	100	0	28	219	15	206	5.86e-63	192
CJLNEFFA_00822	MER0002211	48.148	189	98	0	28	216	15	203	9.26e-61	186
CJLNEFFA_00822	MER0004857	48.705	193	97	2	26	217	13	204	2.14e-60	185
CJLNEFFA_00822	MER0006063	47.253	182	96	0	35	216	23	204	3.99e-59	182
CJLNEFFA_00822	MER0004847	46.842	190	100	1	31	219	18	207	8.82e-54	168
CJLNEFFA_00822	MER0004855	43.333	180	102	0	37	216	26	205	1.47e-53	168
CJLNEFFA_00822	MER0006056	50.000	166	82	1	54	219	46	210	4.42e-53	167
CJLNEFFA_00822	MER0004182	38.172	186	115	0	31	216	14	199	1.53e-43	142
CJLNEFFA_00822	MER0006308	36.723	177	111	1	40	215	17	193	6.01e-43	140
CJLNEFFA_00822	MER0011666	40.828	169	98	2	50	216	17	185	2.83e-40	133
CJLNEFFA_00822	MER0001369	40.741	81	46	1	71	151	52	130	1.06e-06	43.5
CJLNEFFA_00840	MER0015121	22.840	162	95	4	20	151	11	172	1.48e-06	46.6
CJLNEFFA_00840	MER0001205	27.097	155	82	6	39	162	38	192	2.29e-06	45.4
CJLNEFFA_00863	MER0011785	23.967	121	77	3	20	140	33	138	2.80e-06	43.9
CJLNEFFA_00864	MER0005767	26.481	287	176	7	56	340	29	282	2.51e-17	79.0
CJLNEFFA_00913	MER0044357	27.556	225	131	8	6	201	34	255	2.60e-15	73.2
CJLNEFFA_00913	MER0044357	33.028	109	69	3	204	312	340	444	3.95e-09	54.3
CJLNEFFA_00932	MER0002635	36.879	282	162	2	146	411	3	284	2.00e-53	177
CJLNEFFA_00932	MER0173063	39.114	271	154	5	146	410	2	267	1.49e-52	174
CJLNEFFA_00932	MER0002646	33.115	305	165	3	146	411	3	307	9.65e-50	167
CJLNEFFA_00932	MER0120615	31.111	270	171	7	146	410	1	260	2.90e-40	141
CJLNEFFA_00932	MER0049282	33.603	247	157	6	170	411	28	272	7.47e-38	135
CJLNEFFA_00932	MER0003824	31.667	240	155	4	175	411	30	263	4.10e-35	127
CJLNEFFA_00932	MER0011469	32.911	237	133	6	198	411	55	288	3.73e-30	115
CJLNEFFA_00932	MER0011470	28.727	275	159	10	165	411	17	282	3.20e-24	98.6
CJLNEFFA_00932	MER0003772	23.636	275	195	5	146	411	3	271	1.43e-18	82.0
CJLNEFFA_00932	MER0142760	29.518	166	107	3	245	406	301	460	5.12e-16	76.3
CJLNEFFA_00932	MER0006292	25.728	206	112	10	214	411	1	173	2.90e-13	64.7
CJLNEFFA_00936	MER0069741	35.398	113	46	3	48	160	69	154	1.38e-13	65.9
CJLNEFFA_00936	MER0003380	31.148	122	56	4	49	170	138	231	7.00e-09	53.5
CJLNEFFA_00936	MER0013541	31.818	110	49	4	49	158	1	84	7.14e-08	47.4
CJLNEFFA_00936	MER0015415	26.490	151	80	5	26	172	43	166	3.24e-07	47.4
CJLNEFFA_00936	MER0003376	25.444	169	81	5	1	158	1	135	3.79e-07	47.4
CJLNEFFA_00950	MER0005158	32.461	191	121	5	111	297	67	253	9.00e-22	92.4
CJLNEFFA_00950	MER0011461	30.526	190	126	4	104	291	55	240	7.00e-21	89.7
CJLNEFFA_00950	MER0011462	27.749	191	131	4	94	280	44	231	1.52e-19	85.9
CJLNEFFA_00950	MER0030257	27.660	188	129	5	112	296	64	247	9.49e-19	83.6
CJLNEFFA_00950	MER0029965	27.273	209	146	5	95	300	47	252	9.66e-19	83.6
CJLNEFFA_00950	MER0038831	29.787	188	125	5	112	296	64	247	5.54e-18	81.3
CJLNEFFA_00950	MER0011464	27.660	188	129	5	112	296	61	244	3.00e-17	79.0
CJLNEFFA_00950	MER0011487	26.943	193	136	4	102	292	54	243	5.16e-17	78.6
CJLNEFFA_00950	MER0015338	26.238	202	143	5	94	293	51	248	1.22e-16	77.4
CJLNEFFA_00950	MER0038822	27.273	198	137	5	102	296	16	209	2.11e-16	75.9
CJLNEFFA_00950	MER0038832	25.758	198	142	3	104	299	56	250	2.19e-15	73.6
CJLNEFFA_00950	MER0015688	28.000	200	138	4	106	302	64	260	9.92e-14	68.9
CJLNEFFA_00950	MER0038833	24.873	197	143	3	102	296	54	247	9.72e-13	65.9
CJLNEFFA_00950	MER0001911	28.000	200	134	8	87	283	29	221	1.30e-11	62.4
CJLNEFFA_00950	MER0038830	25.946	185	97	5	112	296	64	208	3.06e-09	54.7
CJLNEFFA_00950	MER0005139	40.449	89	45	3	97	180	62	147	3.76e-09	55.5
CJLNEFFA_00950	MER0032443	39.130	92	45	3	98	179	39	129	8.92e-08	50.8
CJLNEFFA_00950	MER0037181	28.077	260	143	11	58	292	32	272	1.00e-07	50.8
CJLNEFFA_00950	MER0015336	25.481	208	121	8	98	286	62	254	2.10e-07	49.7
CJLNEFFA_00950	MER0002161	27.778	180	116	4	25	202	4	171	2.77e-07	49.7
CJLNEFFA_00958	MER0034539	55.556	207	92	0	2	208	1	207	4.62e-86	262
CJLNEFFA_00958	MER0033254	34.646	254	131	11	2	226	1	248	4.41e-27	107
CJLNEFFA_00958	MER0038019	27.928	111	71	4	87	188	36	146	4.30e-07	47.4
CJLNEFFA_00994	MER0004468	27.273	231	143	5	220	436	198	417	1.03e-15	75.5
CJLNEFFA_00994	MER0004468	29.213	89	61	1	82	170	147	233	1.18e-06	47.4
CJLNEFFA_00994	MER0897124	28.448	232	139	7	220	436	198	417	1.48e-15	75.1
CJLNEFFA_00994	MER0897124	31.868	91	56	2	82	170	147	233	2.19e-07	49.7
CJLNEFFA_00994	MER0004469	25.000	208	133	5	4	194	2	203	5.71e-14	70.1
CJLNEFFA_00994	MER0004480	35.965	114	67	3	13	126	1	108	2.02e-11	61.6
CJLNEFFA_00994	MER0004480	24.402	209	123	6	224	399	118	324	2.25e-07	49.3
CJLNEFFA_00994	MER0004474	30.075	133	77	5	1	133	79	195	4.17e-09	54.7
CJLNEFFA_00994	MER0004471	33.065	124	72	5	10	133	89	201	1.64e-08	52.8
CJLNEFFA_01005	MER0354941	26.000	150	84	5	149	272	11	159	1.12e-07	48.1
CJLNEFFA_01005	MER0026262	23.577	123	90	4	134	255	2	121	1.53e-06	45.4
CJLNEFFA_01006	MER0004090	30.729	192	118	6	3	181	176	365	3.29e-24	95.5
CJLNEFFA_01006	MER0035017	30.168	179	113	6	19	191	214	386	4.85e-21	86.7
CJLNEFFA_01006	MER0003800	27.604	192	124	6	3	181	183	372	7.08e-14	66.2
CJLNEFFA_01009	MER0006198	24.772	549	326	18	181	677	1	514	6.92e-38	145
CJLNEFFA_01009	MER0035254	23.020	543	346	17	181	666	1	528	1.53e-32	129
CJLNEFFA_01009	MER0030255	23.188	207	145	5	181	377	1	203	1.07e-12	67.8
CJLNEFFA_01009	MER0003306	26.636	214	152	4	222	432	41	252	7.28e-11	62.0
CJLNEFFA_01013	MER0017033	25.600	250	168	8	50	289	53	294	1.97e-13	66.2
CJLNEFFA_01013	MER0017193	26.168	107	78	1	53	158	18	124	5.62e-09	52.8
CJLNEFFA_01013	MER0026339	31.313	99	67	1	61	158	25	123	1.11e-08	52.0
CJLNEFFA_01013	MER0017177	23.741	139	98	2	42	172	10	148	1.29e-08	52.0
CJLNEFFA_01013	MER0036053	29.508	122	83	2	61	181	9	128	1.48e-08	51.6
CJLNEFFA_01013	MER0003280	20.152	263	171	10	49	283	18	269	9.19e-08	49.3
CJLNEFFA_01013	MER0183709	25.397	126	87	2	45	163	20	145	3.10e-06	44.7
CJLNEFFA_01013	MER0214730	25.714	105	66	3	62	159	5	104	3.49e-06	44.3
CJLNEFFA_01013	MER0036057	22.822	241	165	6	60	289	62	292	9.13e-06	43.1
CJLNEFFA_01080	MER0003380	39.648	227	114	8	159	376	25	237	9.98e-43	147
CJLNEFFA_01080	MER0066182	43.220	118	62	2	256	372	75	188	5.70e-24	95.5
CJLNEFFA_01080	MER0069741	35.811	148	90	3	231	376	24	168	4.72e-22	89.4
CJLNEFFA_01080	MER0387040	45.361	97	52	1	277	372	1	97	1.39e-21	85.9
CJLNEFFA_01080	MER0013541	45.882	85	46	0	277	361	1	85	4.85e-20	81.3
CJLNEFFA_01080	MER0003376	37.615	109	53	3	277	370	45	153	6.72e-15	69.3
CJLNEFFA_01080	MER0001419	33.000	100	58	2	270	360	18	117	4.04e-12	60.5
CJLNEFFA_01080	MER0003423	30.645	124	77	2	270	384	18	141	1.75e-11	58.9
CJLNEFFA_01080	MER0003906	34.066	91	58	2	277	365	1	91	6.44e-11	56.2
CJLNEFFA_01080	MER0015415	34.524	84	54	1	279	361	66	149	1.22e-09	53.9
CJLNEFFA_01080	MER0005300	35.484	93	60	0	278	370	66	158	1.37e-09	53.9
CJLNEFFA_01080	MER0025070	33.333	102	58	4	275	366	4	105	2.73e-09	51.6
CJLNEFFA_01080	MER0388771	33.000	100	57	4	277	366	2	101	5.99e-09	50.8
CJLNEFFA_01095	MER0005300	25.203	123	85	3	279	400	46	162	2.33e-09	53.1
CJLNEFFA_01112	MER0006204	22.951	305	189	8	27	320	4	273	4.70e-13	67.0
CJLNEFFA_01112	MER0002489	23.248	314	179	10	54	361	32	289	8.66e-10	56.6
CJLNEFFA_01112	MER0011700	28.235	255	139	11	55	297	27	249	8.77e-08	50.4
CJLNEFFA_01112	MER0354941	20.851	235	137	7	33	256	1	197	9.98e-08	48.9
CJLNEFFA_01112	MER0003800	21.891	402	248	16	28	406	16	374	4.14e-07	48.5
CJLNEFFA_01112	MER0028284	22.467	227	130	5	28	253	1	182	1.13e-06	47.0
CJLNEFFA_01115	MER0167712	25.818	275	181	6	23	285	27	290	7.23e-24	99.4
CJLNEFFA_01158	MER0005244	31.429	175	110	3	272	445	3	168	2.96e-20	86.3
CJLNEFFA_01158	MER0005149	29.952	207	109	8	274	450	65	265	2.23e-17	79.7
CJLNEFFA_01158	MER0005241	48.780	82	37	1	274	350	5	86	2.02e-16	75.9
CJLNEFFA_01158	MER0015691	34.444	180	90	7	274	433	53	224	1.07e-15	73.9
CJLNEFFA_01158	MER0005239	31.050	219	101	11	274	454	69	275	5.72e-15	72.4
CJLNEFFA_01158	MER0005139	37.624	101	54	4	274	368	63	160	1.16e-13	68.2
CJLNEFFA_01158	MER0001289	26.877	253	166	8	233	479	29	268	1.67e-11	61.6
CJLNEFFA_01158	MER0015336	28.079	203	115	10	274	457	62	252	1.05e-10	59.3
CJLNEFFA_01158	MER0005238	35.644	101	59	3	273	369	66	164	2.19e-10	58.5
CJLNEFFA_01158	MER0002104	35.849	106	60	4	252	353	46	147	8.13e-10	56.6
CJLNEFFA_01158	MER0002161	29.480	173	100	7	268	432	60	218	8.38e-10	56.6
CJLNEFFA_01158	MER0001284	28.042	189	116	6	276	450	38	220	1.05e-09	56.2
CJLNEFFA_01158	MER0100667	27.542	236	130	10	259	474	5	219	1.13e-09	55.5
CJLNEFFA_01158	MER0194228	26.904	197	132	6	289	479	2	192	1.31e-09	54.7
CJLNEFFA_01158	MER0004514	24.615	195	125	4	271	450	33	220	1.42e-08	52.8
CJLNEFFA_01158	MER0011461	25.000	196	141	5	286	478	60	252	1.63e-08	52.4
CJLNEFFA_01158	MER0037181	29.167	168	97	9	273	432	65	218	1.95e-08	52.4
CJLNEFFA_01158	MER0005152	25.000	116	81	3	253	365	40	152	2.25e-08	52.4
CJLNEFFA_01158	MER0005131	23.005	213	146	7	273	469	37	247	4.97e-08	50.8
CJLNEFFA_01158	MER0038832	32.941	85	55	2	289	372	64	147	5.65e-08	50.8
CJLNEFFA_01158	MER0002105	30.909	110	70	4	248	354	34	140	8.50e-08	50.4
CJLNEFFA_01158	MER0001911	32.911	79	51	1	274	352	41	117	2.46e-07	48.9
CJLNEFFA_01158	MER0030257	27.805	205	115	9	288	475	63	251	6.14e-07	47.8
CJLNEFFA_01158	MER0001288	35.366	82	50	2	270	351	19	97	9.61e-07	47.0
CJLNEFFA_01158	MER0013618	36.905	84	46	3	274	354	58	137	1.65e-06	46.6
CJLNEFFA_01158	MER0011464	34.375	64	42	0	288	351	60	123	1.89e-06	46.2
CJLNEFFA_01158	MER0029965	21.364	220	138	8	274	476	50	251	4.49e-06	45.1
CJLNEFFA_01158	MER0011487	24.444	180	124	7	288	462	63	235	6.29e-06	44.7
CJLNEFFA_01159	MER0036038	23.950	238	154	8	27	260	27	241	1.09e-11	60.5
CJLNEFFA_01159	MER0031565	22.892	249	160	7	15	253	9	235	3.36e-11	58.9
CJLNEFFA_01159	MER0045479	23.413	252	159	8	32	279	32	253	5.83e-11	58.5
CJLNEFFA_01159	MER0031569	23.265	245	166	8	32	273	28	253	3.88e-09	53.1
CJLNEFFA_01159	MER0036036	22.318	233	154	7	33	260	33	243	1.03e-07	48.9
CJLNEFFA_01197	MER0014135	40.909	242	143	0	182	423	1	242	1.24e-70	222
CJLNEFFA_01197	MER0003359	29.630	108	74	2	345	450	115	222	2.24e-09	54.7
CJLNEFFA_01197	MER0026213	24.786	117	81	2	344	453	142	258	9.53e-08	50.1
CJLNEFFA_01224	MER0003338	61.667	120	45	1	199	317	1	120	7.13e-45	147
CJLNEFFA_01224	MER0003303	53.383	133	60	2	199	331	1	131	5.05e-40	134
CJLNEFFA_01224	MER0013976	46.512	129	59	3	199	323	1	123	1.94e-29	106
CJLNEFFA_01224	MER0017622	27.372	274	171	4	26	283	1	262	1.02e-28	108
CJLNEFFA_01224	MER0003336	39.326	89	53	1	199	287	1	88	9.35e-15	67.4
CJLNEFFA_01224	MER0034967	25.248	202	118	5	87	266	1	191	1.68e-12	62.4
CJLNEFFA_01224	MER0016969	34.568	81	47	1	199	273	1	81	3.36e-10	55.5
CJLNEFFA_01224	MER0003299	37.079	89	55	1	199	287	1	88	3.95e-08	48.5
CJLNEFFA_01224	MER0011465	38.333	60	37	0	199	258	1	60	9.38e-07	44.7
CJLNEFFA_01276	MER0069741	42.857	154	76	5	155	308	30	171	1.83e-31	113
CJLNEFFA_01276	MER0003380	45.045	111	60	1	192	302	127	236	8.79e-27	102
CJLNEFFA_01276	MER0001419	42.991	107	60	1	182	287	11	117	2.50e-20	82.8
CJLNEFFA_01276	MER0003423	42.202	109	62	1	180	287	9	117	1.10e-19	80.9
CJLNEFFA_01276	MER0015415	32.192	146	80	3	145	288	21	149	1.90e-18	78.6
CJLNEFFA_01276	MER0013541	44.828	87	45	2	203	288	1	85	6.46e-18	74.7
CJLNEFFA_01276	MER0003906	37.209	86	53	1	203	287	1	86	1.58e-15	68.6
CJLNEFFA_01276	MER0003376	28.859	149	81	4	166	300	19	156	2.85e-15	69.7
CJLNEFFA_01276	MER0387040	39.216	102	60	2	203	303	1	101	2.01e-14	65.5
CJLNEFFA_01276	MER0066182	36.364	121	73	3	184	303	75	192	3.09e-13	64.7
CJLNEFFA_01276	MER0005300	33.333	96	63	1	205	300	67	161	1.70e-09	53.1
CJLNEFFA_01276	MER0025070	34.579	107	56	5	200	295	3	106	4.97e-08	47.8
CJLNEFFA_01276	MER0388771	34.286	105	55	5	202	295	1	102	2.96e-07	45.4
CJLNEFFA_01317	MER0045886	43.421	228	126	3	1	226	10	236	2.62e-57	187
CJLNEFFA_01317	MER0044889	39.912	228	132	4	3	227	17	242	4.23e-47	160
CJLNEFFA_01317	MER0038086	37.555	229	122	4	3	213	27	252	9.14e-40	141
CJLNEFFA_01317	MER0436735	32.950	261	138	8	3	226	2	262	2.08e-33	124
CJLNEFFA_01317	MER0043387	40.449	178	102	3	20	195	1	176	1.08e-31	117
CJLNEFFA_01317	MER0042974	35.417	192	113	5	12	194	1	190	2.62e-29	111
CJLNEFFA_01317	MER0043537	34.807	181	115	2	5	183	2	181	6.51e-27	104
CJLNEFFA_01317	MER0044882	30.286	175	109	7	29	191	3	176	2.53e-12	62.4
CJLNEFFA_01317	MER0043394	31.126	151	95	4	39	184	16	162	3.87e-12	61.6
CJLNEFFA_01317	MER0044622	27.551	196	123	5	2	184	25	214	1.86e-10	58.2
CJLNEFFA_01317	MER0045094	29.252	147	90	5	46	184	58	198	1.97e-10	58.2
CJLNEFFA_01317	MER0043475	29.787	141	86	4	40	169	56	194	3.66e-08	51.2
CJLNEFFA_01317	MER0043392	27.731	119	84	2	66	184	42	158	9.18e-08	48.9
CJLNEFFA_01317	MER0043195	26.846	149	88	3	51	183	63	206	6.85e-07	47.4
CJLNEFFA_01317	MER0065588	31.429	70	44	2	115	184	129	194	2.86e-06	45.1
CJLNEFFA_01319	MER0065554	43.411	258	136	1	290	537	10	267	7.89e-80	248
CJLNEFFA_01319	MER0437468	34.483	348	212	7	197	529	1	347	2.79e-66	216
CJLNEFFA_01319	MER0436717	35.176	398	188	8	197	529	1	393	4.06e-64	211
CJLNEFFA_01319	MER0043195	24.603	252	143	12	297	538	4	218	9.27e-06	44.3
