MFDPMJAG_00008	MER0065588	44.388	196	106	3	1	193	1	196	2.45e-55	171
MFDPMJAG_00008	MER0043387	28.261	184	94	7	13	191	15	165	5.76e-10	53.1
MFDPMJAG_00008	MER0038086	29.771	131	72	4	69	191	105	223	2.87e-08	48.9
MFDPMJAG_00008	MER0437437	28.302	159	90	7	39	177	41	195	1.57e-07	46.6
MFDPMJAG_00008	MER0044889	30.709	127	70	6	69	191	87	199	2.30e-07	46.2
MFDPMJAG_00025	MER0000576	45.133	113	61	1	35	147	1	112	2.09e-34	113
MFDPMJAG_00025	MER0000569	35.088	114	72	2	35	147	1	113	2.57e-17	70.1
MFDPMJAG_00025	MER0006172	35.897	78	50	0	57	134	2	79	1.80e-11	53.9
MFDPMJAG_00049	MER0016191	25.763	295	199	8	48	330	4	290	1.17e-29	112
MFDPMJAG_00049	MER0016172	27.500	280	190	7	50	321	6	280	4.00e-19	83.2
MFDPMJAG_00049	MER0016185	25.954	262	157	9	45	272	1	259	1.59e-11	61.2
MFDPMJAG_00092	MER0001009	23.256	172	111	5	404	569	5	161	6.56e-08	50.8
MFDPMJAG_00092	MER0001010	23.077	156	100	4	420	569	61	202	6.43e-06	44.7
MFDPMJAG_00092	MER0091680	22.360	161	116	3	414	574	66	217	7.57e-06	44.7
MFDPMJAG_00120	MER0033259	24.576	236	151	6	74	290	19	246	2.58e-13	66.6
MFDPMJAG_00120	MER0035041	23.673	245	154	10	68	290	28	261	2.21e-10	57.8
MFDPMJAG_00120	MER0017193	31.405	121	76	4	69	185	9	126	6.24e-10	56.6
MFDPMJAG_00120	MER0036076	23.372	261	159	9	61	290	36	286	8.27e-09	53.5
MFDPMJAG_00120	MER0026339	29.508	122	83	2	65	183	2	123	1.05e-08	52.8
MFDPMJAG_00120	MER0036053	29.245	106	74	1	79	184	2	106	2.88e-08	51.6
MFDPMJAG_00120	MER0014065	22.523	111	83	2	74	181	21	131	1.49e-07	49.7
MFDPMJAG_00120	MER0036073	20.392	255	168	7	68	290	58	309	2.97e-07	48.9
MFDPMJAG_00120	MER0036067	30.000	100	68	2	86	184	52	150	7.09e-07	47.4
MFDPMJAG_00120	MER0004146	22.490	249	150	9	74	285	7	249	7.94e-07	47.0
MFDPMJAG_00120	MER0036056	21.162	241	153	6	84	290	78	315	8.23e-07	47.4
MFDPMJAG_00125	MER0209507	32.000	100	56	3	127	219	13	107	3.42e-08	47.4
MFDPMJAG_00149	MER0017009	36.916	214	118	6	287	489	114	321	9.50e-31	119
MFDPMJAG_00149	MER0000332	43.850	187	87	5	290	475	64	233	1.20e-30	117
MFDPMJAG_00149	MER0002565	36.585	246	135	6	263	507	82	307	5.18e-29	115
MFDPMJAG_00149	MER0000310	38.308	201	109	6	290	489	63	249	1.83e-26	105
MFDPMJAG_00149	MER0002575	36.620	213	114	8	286	496	67	260	3.58e-26	105
MFDPMJAG_00149	MER0001699	36.364	209	116	7	290	496	62	255	9.61e-25	100
MFDPMJAG_00149	MER0028365	34.470	264	130	11	282	531	116	350	1.87e-24	102
MFDPMJAG_00149	MER0028365	44.118	68	36	2	64	131	47	112	6.55e-10	57.8
MFDPMJAG_00149	MER0077555	37.037	216	118	7	282	494	54	254	4.97e-24	98.6
MFDPMJAG_00149	MER0016978	35.270	241	117	8	284	499	72	298	6.75e-24	99.4
MFDPMJAG_00149	MER0002057	32.677	254	125	9	278	489	90	339	2.27e-22	95.9
MFDPMJAG_00149	MER0000320	36.449	214	116	7	290	496	69	269	6.18e-22	92.8
MFDPMJAG_00149	MER0001709	33.610	241	123	8	282	500	90	315	7.57e-22	93.6
MFDPMJAG_00149	MER0001928	36.449	214	114	9	282	492	53	247	1.50e-21	91.3
MFDPMJAG_00149	MER0000349	32.751	229	130	8	287	493	141	367	1.58e-21	93.6
MFDPMJAG_00149	MER0005821	35.981	214	113	9	270	475	67	264	1.60e-21	94.4
MFDPMJAG_00149	MER0001521	36.538	208	117	6	283	489	57	250	3.12e-21	90.5
MFDPMJAG_00149	MER0001755	37.019	208	116	6	283	489	57	250	3.40e-21	90.5
MFDPMJAG_00149	MER0004690	34.052	232	129	8	287	501	96	320	3.91e-21	92.0
MFDPMJAG_00149	MER0004690	39.560	91	45	4	46	135	9	90	5.73e-09	54.7
MFDPMJAG_00149	MER0000313	36.538	208	117	6	283	489	57	250	5.21e-21	90.1
MFDPMJAG_00149	MER0000309	38.806	201	108	6	290	489	63	249	9.67e-21	89.4
MFDPMJAG_00149	MER0054318	36.792	212	118	8	267	473	44	244	1.91e-20	89.4
MFDPMJAG_00149	MER0000315	35.681	213	117	9	282	492	53	247	3.68e-20	87.4
MFDPMJAG_00149	MER0001520	35.681	213	117	9	282	492	53	247	4.75e-20	87.0
MFDPMJAG_00149	MER0000362	35.135	222	107	7	290	494	99	300	1.60e-19	86.7
MFDPMJAG_00149	MER0001906	35.211	213	118	9	282	492	53	247	1.82e-19	85.5
MFDPMJAG_00149	MER0000316	35.514	214	116	9	282	492	52	246	2.06e-19	85.1
MFDPMJAG_00149	MER0001523	36.058	208	118	6	283	489	57	250	2.08e-19	85.5
MFDPMJAG_00149	MER0000312	36.058	208	118	6	283	489	57	250	2.08e-19	85.5
MFDPMJAG_00149	MER0062058	35.398	226	126	7	287	506	58	269	3.59e-19	86.7
MFDPMJAG_00149	MER0062058	51.852	54	26	0	84	137	1	54	7.02e-11	60.8
MFDPMJAG_00149	MER0016697	32.653	245	116	9	290	500	98	327	4.32e-19	85.5
MFDPMJAG_00149	MER0000333	36.058	208	105	7	269	475	53	233	6.92e-19	83.6
MFDPMJAG_00149	MER0006023	31.967	244	131	7	270	496	86	311	9.29e-19	84.3
MFDPMJAG_00149	MER0000321	32.314	229	119	11	283	496	148	355	1.22e-18	84.3
MFDPMJAG_00149	MER0001725	31.923	260	146	11	276	529	85	319	1.23e-18	84.0
MFDPMJAG_00149	MER0081072	37.255	204	110	9	290	492	61	247	1.56e-18	82.4
MFDPMJAG_00149	MER0014744	34.615	234	120	7	290	504	95	314	1.63e-18	83.6
MFDPMJAG_00149	MER0004085	33.778	225	112	9	290	491	96	306	1.95e-18	83.6
MFDPMJAG_00149	MER0000311	38.278	209	112	8	283	489	57	250	2.26e-18	82.4
MFDPMJAG_00149	MER0016983	32.616	279	127	14	225	477	16	259	2.54e-18	82.8
MFDPMJAG_00149	MER0013656	34.135	208	117	7	282	487	52	241	2.79e-18	82.0
MFDPMJAG_00149	MER0000319	32.353	204	120	6	285	487	64	250	3.86e-18	81.6
MFDPMJAG_00149	MER0155676	32.353	238	119	8	289	493	124	352	9.75e-18	82.0
MFDPMJAG_00149	MER0042897	38.426	216	115	8	280	492	56	256	1.18e-17	80.1
MFDPMJAG_00149	MER0003536	30.804	224	120	7	290	492	71	280	2.00e-17	80.1
MFDPMJAG_00149	MER0030016	33.036	224	111	9	283	492	78	276	2.17e-17	79.3
MFDPMJAG_00149	MER0006074	34.579	214	109	9	290	492	82	275	4.15e-17	79.0
MFDPMJAG_00149	MER0000361	35.526	228	110	10	285	490	99	311	5.87e-17	79.0
MFDPMJAG_00149	MER0002562	34.874	238	114	10	281	492	107	329	1.45e-16	78.2
MFDPMJAG_00149	MER0002500	34.286	210	101	8	288	473	155	351	4.68e-16	77.0
MFDPMJAG_00149	MER0002516	34.123	211	111	8	290	495	82	269	5.44e-16	75.5
MFDPMJAG_00149	MER0014446	30.859	256	132	8	286	524	193	420	8.86e-16	76.3
MFDPMJAG_00149	MER0161312	33.735	249	120	12	288	495	92	336	9.13e-16	75.9
MFDPMJAG_00149	MER0002267	33.488	215	109	8	290	494	71	261	1.18e-15	74.3
MFDPMJAG_00149	MER0000359	33.047	233	123	10	290	512	89	298	3.14e-15	73.6
MFDPMJAG_00149	MER0005931	34.211	228	133	5	288	513	30	242	4.60e-15	72.0
MFDPMJAG_00149	MER0050309	29.091	220	126	9	289	496	46	247	9.91e-15	73.2
MFDPMJAG_00149	MER0004123	30.126	239	122	7	287	489	76	305	1.12e-14	72.0
MFDPMJAG_00149	MER0005859	31.538	260	113	10	288	494	240	487	1.44e-14	72.8
MFDPMJAG_00149	MER0000326	33.824	204	109	7	290	490	72	252	1.59e-14	71.2
MFDPMJAG_00149	MER0000356	32.456	228	104	9	290	490	89	293	2.53e-14	71.2
MFDPMJAG_00149	MER0019280	32.127	221	125	8	287	492	70	280	6.94e-14	69.3
MFDPMJAG_00149	MER0014085	25.503	298	158	11	259	497	60	352	7.77e-14	70.1
MFDPMJAG_00149	MER0014300	29.762	336	173	14	240	534	39	352	8.37e-14	69.7
MFDPMJAG_00149	MER0016688	31.667	240	125	10	278	489	63	291	8.91e-14	69.3
MFDPMJAG_00149	MER0000358	29.577	213	114	9	290	488	71	261	1.27e-13	69.3
MFDPMJAG_00149	MER0002790	34.101	217	117	5	290	489	1	208	2.47e-13	66.6
MFDPMJAG_00149	MER0016991	28.413	271	150	9	250	494	47	299	2.50e-13	68.2
MFDPMJAG_00149	MER0016986	28.462	260	132	10	279	491	79	331	7.66e-13	66.6
MFDPMJAG_00149	MER0013641	28.755	233	124	10	287	490	80	299	8.36e-13	67.0
MFDPMJAG_00149	MER0114485	29.545	220	119	7	290	473	106	325	8.55e-13	66.6
MFDPMJAG_00149	MER0037258	30.508	236	138	11	278	492	65	295	1.02e-12	65.9
MFDPMJAG_00149	MER0003117	31.513	238	127	10	287	512	72	285	1.09e-12	65.5
MFDPMJAG_00149	MER0000338	29.717	212	116	8	290	492	72	259	1.55e-12	65.1
MFDPMJAG_00149	MER0004720	27.488	211	122	7	290	492	73	260	1.59e-12	65.1
MFDPMJAG_00149	MER0028258	30.952	252	131	9	289	497	103	354	2.74e-12	65.1
MFDPMJAG_00149	MER0000351	29.268	205	105	6	287	474	103	284	2.85e-12	64.3
MFDPMJAG_00149	MER0002764	34.759	187	95	9	290	471	89	253	3.02e-12	64.3
MFDPMJAG_00149	MER0000357	32.203	236	114	11	279	495	62	270	1.22e-11	62.8
MFDPMJAG_00149	MER0000335	31.667	240	123	15	284	515	63	269	2.46e-11	61.2
MFDPMJAG_00149	MER0000347	28.185	259	152	10	287	528	116	357	2.63e-11	62.8
MFDPMJAG_00149	MER0000350	26.280	293	161	8	252	502	59	338	1.19e-10	60.1
MFDPMJAG_00149	MER0003020	29.644	253	103	9	288	475	224	466	1.26e-10	60.5
MFDPMJAG_00149	MER0024902	25.328	229	159	4	280	498	87	313	1.30e-10	59.7
MFDPMJAG_00149	MER0006297	28.279	244	138	10	276	490	250	485	1.34e-10	60.5
MFDPMJAG_00149	MER0022415	25.751	233	138	9	268	490	66	273	1.45e-10	60.1
MFDPMJAG_00149	MER0005790	29.851	201	101	7	288	472	92	268	1.86e-10	58.5
MFDPMJAG_00149	MER0000328	33.673	196	101	10	290	475	72	248	2.28e-10	58.5
MFDPMJAG_00149	MER0000340	31.336	217	118	9	290	492	74	273	2.68e-10	58.5
MFDPMJAG_00149	MER0006037	29.688	192	104	7	290	473	80	248	3.66e-10	57.8
MFDPMJAG_00149	MER0068994	27.273	275	132	11	290	501	109	378	7.06e-10	57.8
MFDPMJAG_00149	MER0000344	30.516	213	110	10	290	488	88	276	7.17e-10	57.0
MFDPMJAG_00149	MER0050310	27.273	242	137	11	281	501	89	312	8.37e-10	57.8
MFDPMJAG_00149	MER0001368	24.615	260	136	9	285	490	80	333	9.00e-10	57.4
MFDPMJAG_00149	MER0000353	26.744	258	129	10	228	468	113	327	1.04e-09	57.0
MFDPMJAG_00149	MER0025143	28.947	266	113	12	249	475	44	272	1.06e-09	56.6
MFDPMJAG_00149	MER0005078	26.271	236	121	10	246	473	58	248	2.40e-09	55.5
MFDPMJAG_00149	MER0047718	28.137	263	125	12	283	487	65	321	2.92e-09	55.5
MFDPMJAG_00149	MER0000389	30.451	266	137	11	283	512	71	324	3.26e-09	55.5
MFDPMJAG_00149	MER0000325	31.884	207	113	9	290	491	70	253	4.16e-09	55.1
MFDPMJAG_00149	MER0067924	35.433	127	57	6	374	490	162	273	4.34e-09	54.7
MFDPMJAG_00149	MER0000364	28.814	236	134	9	282	499	62	281	5.32e-09	54.3
MFDPMJAG_00149	MER0087792	25.833	240	145	7	290	498	97	334	6.50e-09	54.7
MFDPMJAG_00149	MER0000336	28.421	190	105	7	290	471	81	247	6.51e-09	54.3
MFDPMJAG_00149	MER0001467	31.313	99	48	3	421	499	245	343	7.39e-09	54.3
MFDPMJAG_00149	MER0006049	24.911	281	135	9	285	492	80	357	7.77e-09	54.3
MFDPMJAG_00149	MER0001454	31.915	94	46	3	423	498	240	333	8.70e-09	54.3
MFDPMJAG_00149	MER0000329	25.937	347	156	15	229	489	3	334	1.22e-08	53.9
MFDPMJAG_00149	MER0014312	33.333	99	46	3	421	499	309	407	1.78e-08	53.5
MFDPMJAG_00149	MER0004869	24.188	277	141	12	284	492	75	350	1.83e-08	53.1
MFDPMJAG_00149	MER0015431	26.296	270	132	11	284	492	79	342	2.85e-08	52.8
MFDPMJAG_00149	MER0014465	32.168	143	75	5	363	490	309	444	3.73e-08	52.4
MFDPMJAG_00149	MER0015438	37.079	89	36	3	424	492	362	450	5.72e-08	52.0
MFDPMJAG_00149	MER0004988	28.507	221	120	9	290	492	71	271	7.33e-08	50.8
MFDPMJAG_00149	MER0000348	27.686	242	119	9	277	472	77	308	9.24e-08	50.8
MFDPMJAG_00149	MER0002739	28.870	239	115	10	289	489	97	318	1.03e-07	51.2
MFDPMJAG_00149	MER0002264	28.571	252	132	10	263	490	54	281	1.17e-07	50.4
MFDPMJAG_00149	MER0006036	34.066	91	46	2	427	503	361	451	1.73e-07	50.4
MFDPMJAG_00149	MER0055027	35.433	127	68	5	262	385	52	167	1.91e-07	50.1
MFDPMJAG_00149	MER0005760	30.928	97	49	3	421	499	246	342	2.21e-07	49.7
MFDPMJAG_00149	MER0015433	32.143	112	53	4	421	512	350	458	3.78e-07	49.3
MFDPMJAG_00149	MER0000374	27.039	233	145	8	277	496	57	277	5.11e-07	48.1
MFDPMJAG_00149	MER0014310	30.841	107	54	3	421	507	307	413	6.18e-07	48.5
MFDPMJAG_00149	MER0001451	22.876	306	185	8	245	499	20	325	6.39e-07	48.1
MFDPMJAG_00149	MER0015436	34.146	82	46	2	421	494	351	432	7.74e-07	48.5
MFDPMJAG_00149	MER0002771	25.940	266	131	9	287	490	66	327	8.49e-07	48.1
MFDPMJAG_00149	MER0014309	31.579	95	47	4	423	499	240	334	1.03e-06	47.8
MFDPMJAG_00149	MER0005756	25.185	270	141	10	284	492	105	374	1.52e-06	47.4
MFDPMJAG_00149	MER0005610	32.000	75	40	1	436	499	267	341	1.64e-06	47.0
MFDPMJAG_00149	MER0004652	31.868	91	45	2	426	499	431	521	1.66e-06	47.4
MFDPMJAG_00149	MER0011484	29.412	221	106	14	290	475	268	473	1.97e-06	47.0
MFDPMJAG_00149	MER0000383	26.259	278	157	13	240	495	23	274	2.23e-06	46.2
MFDPMJAG_00149	MER0014325	24.643	280	141	12	284	496	63	339	2.51e-06	46.6
MFDPMJAG_00149	MER0197239	31.522	92	43	2	421	492	341	432	2.96e-06	46.6
MFDPMJAG_00149	MER0011813	31.000	100	49	2	421	500	344	443	3.78e-06	46.2
MFDPMJAG_00149	MER0014089	33.696	92	48	3	414	492	343	434	3.99e-06	46.2
MFDPMJAG_00150	MER0000997	32.090	134	81	4	354	479	80	211	2.98e-12	63.2
MFDPMJAG_00150	MER0004243	28.169	213	125	9	284	485	21	216	1.70e-11	61.2
MFDPMJAG_00150	MER0036308	27.222	180	112	8	322	487	39	213	8.09e-09	53.5
MFDPMJAG_00150	MER0012283	27.485	171	89	6	337	486	60	216	2.47e-08	51.6
MFDPMJAG_00150	MER0016308	29.286	140	92	3	350	484	45	182	5.44e-08	50.1
MFDPMJAG_00150	MER0002968	23.711	194	129	8	310	485	23	215	2.85e-07	48.5
MFDPMJAG_00150	MER0002755	24.026	154	102	5	337	478	50	200	3.45e-07	48.1
MFDPMJAG_00150	MER0011345	24.103	195	123	8	310	485	29	217	9.11e-07	47.4
MFDPMJAG_00150	MER0005331	25.373	134	96	2	355	485	78	210	1.17e-06	46.6
MFDPMJAG_00150	MER0011440	22.481	129	93	4	358	481	80	206	1.38e-06	46.6
MFDPMJAG_00150	MER0011438	22.283	184	125	6	309	474	16	199	1.83e-06	46.2
MFDPMJAG_00150	MER0001003	25.843	178	115	4	324	484	7	184	2.30e-06	45.4
MFDPMJAG_00150	MER0003916	47.500	40	21	0	356	395	67	106	2.63e-06	45.4
MFDPMJAG_00150	MER0019759	24.138	145	94	4	359	494	82	219	2.97e-06	45.8
MFDPMJAG_00150	MER0005328	24.571	175	112	6	319	476	27	198	4.81e-06	44.7
MFDPMJAG_00150	MER0002422	25.899	139	92	3	353	486	75	207	5.57e-06	44.7
MFDPMJAG_00150	MER0001009	23.022	139	98	3	362	494	23	158	5.58e-06	44.7
MFDPMJAG_00150	MER0052595	23.741	139	91	4	359	487	89	222	6.89e-06	44.3
MFDPMJAG_00150	MER0019096	22.705	207	134	6	310	503	1	194	7.01e-06	44.3
MFDPMJAG_00150	MER0001010	23.741	139	97	3	362	494	64	199	7.28e-06	44.3
MFDPMJAG_00150	MER0001012	25.191	131	93	2	359	485	87	216	7.50e-06	44.3
MFDPMJAG_00150	MER0168983	28.378	74	48	2	322	390	1	74	9.21e-06	43.1
MFDPMJAG_00150	MER0011369	23.750	160	108	4	337	485	69	225	9.29e-06	43.9
MFDPMJAG_00155	MER0003514	45.806	155	81	1	190	344	2	153	7.48e-39	137
MFDPMJAG_00155	MER0001297	45.806	155	81	1	193	347	5	156	7.18e-38	134
MFDPMJAG_00155	MER0003413	38.411	151	91	1	191	341	3	151	9.90e-33	120
MFDPMJAG_00155	MER0001425	41.509	159	88	2	193	347	5	162	6.24e-32	118
MFDPMJAG_00155	MER0003065	39.735	151	88	1	191	341	3	150	2.11e-30	114
MFDPMJAG_00155	MER0015684	38.690	168	92	2	192	359	4	160	5.79e-30	112
MFDPMJAG_00155	MER0005714	38.608	158	89	2	190	340	2	158	2.50e-28	108
MFDPMJAG_00155	MER0004196	40.000	160	93	3	189	347	1	158	9.84e-27	103
MFDPMJAG_00155	MER0004195	33.333	177	104	3	193	366	5	170	2.36e-25	99.8
MFDPMJAG_00155	MER0001295	35.882	170	89	4	191	345	3	167	4.24e-20	85.1
MFDPMJAG_00155	MER0195376	24.516	155	94	2	191	322	1	155	4.75e-06	44.3
MFDPMJAG_00236	MER0011700	31.148	366	203	11	34	352	1	364	1.16e-47	162
MFDPMJAG_00236	MER0140154	30.060	336	189	10	45	336	1	334	7.07e-43	149
MFDPMJAG_00236	MER0017069	26.667	330	225	9	37	355	2	325	1.06e-24	99.8
MFDPMJAG_00236	MER0005923	27.706	231	124	8	155	343	208	437	8.24e-24	99.0
MFDPMJAG_00236	MER0005923	39.516	124	68	3	46	164	24	145	3.19e-20	88.2
MFDPMJAG_00236	MER1143079	26.829	287	186	9	39	321	5	271	8.42e-23	93.6
MFDPMJAG_00236	MER0002489	25.574	305	209	8	22	311	1	302	7.09e-21	89.4
MFDPMJAG_00236	MER0000459	24.625	333	222	11	42	353	20	344	1.54e-17	79.7
MFDPMJAG_00236	MER0005925	23.894	339	217	13	34	344	6	331	2.35e-17	79.0
MFDPMJAG_00236	MER0026262	24.773	331	204	13	40	338	11	328	1.13e-15	73.9
MFDPMJAG_00236	MER0005964	25.726	241	144	6	65	277	40	273	6.35e-15	72.0
MFDPMJAG_00236	MER0356183	30.698	215	125	8	65	256	14	227	8.43e-14	67.0
MFDPMJAG_00236	MER0192873	29.665	209	118	8	83	265	1	206	4.81e-13	64.7
MFDPMJAG_00236	MER0219770	23.469	294	198	10	33	311	2	283	5.09e-13	65.9
MFDPMJAG_00236	MER0005836	23.651	241	157	11	40	263	20	250	1.26e-11	60.8
MFDPMJAG_00236	MER0015683	25.275	182	130	5	33	210	26	205	1.70e-11	61.2
MFDPMJAG_00236	MER0003802	22.368	304	214	9	33	333	4	288	3.94e-11	60.1
MFDPMJAG_00236	MER0006204	25.521	192	124	5	38	212	13	202	1.08e-10	59.3
MFDPMJAG_00236	MER0000457	21.402	271	183	11	46	300	22	278	1.94e-08	52.0
MFDPMJAG_00236	MER0354941	26.702	191	112	7	45	212	10	195	2.36e-07	47.8
MFDPMJAG_00236	MER0028284	20.382	314	221	8	40	335	11	313	4.41e-07	47.8
MFDPMJAG_00265	MER0195376	29.744	195	119	4	227	415	1	183	1.33e-16	74.3
MFDPMJAG_00265	MER0004196	27.273	143	83	3	227	367	3	126	1.63e-07	47.8
MFDPMJAG_00265	MER0078760	24.631	203	120	7	227	419	14	193	3.28e-06	44.7
MFDPMJAG_00313	MER0061102	31.120	241	141	7	153	379	2	231	5.99e-31	115
MFDPMJAG_00333	MER0000392	50.709	282	129	4	329	601	3	283	1.82e-98	299
MFDPMJAG_00333	MER0005694	49.821	279	138	2	317	595	1	277	7.58e-94	287
MFDPMJAG_00333	MER0015621	50.719	278	120	4	329	590	13	289	2.81e-92	283
MFDPMJAG_00333	MER0022823	53.731	268	117	6	329	590	3	269	3.40e-92	283
MFDPMJAG_00333	MER0079308	50.376	266	128	4	332	595	6	269	1.10e-89	276
MFDPMJAG_00333	MER0011450	51.661	271	120	5	329	590	3	271	9.67e-89	273
MFDPMJAG_00333	MER0981959	48.029	279	127	5	328	590	1	277	1.85e-86	268
MFDPMJAG_00333	MER0002490	45.455	286	131	5	329	590	13	297	6.62e-83	259
MFDPMJAG_00333	MER0325901	45.255	274	145	5	329	598	1	273	6.08e-71	227
MFDPMJAG_00333	MER0000398	43.678	261	132	9	333	592	4	250	1.32e-59	196
MFDPMJAG_00333	MER0003229	36.567	268	162	5	329	595	11	271	4.54e-50	172
MFDPMJAG_00333	MER0000410	32.609	276	180	4	329	601	13	285	1.57e-42	151
MFDPMJAG_00333	MER0011872	28.159	277	193	3	325	596	9	284	2.06e-30	117
MFDPMJAG_00333	MER0082498	32.883	222	139	4	343	554	12	233	1.26e-29	115
MFDPMJAG_00333	MER0082653	27.481	262	168	8	343	583	16	276	7.20e-23	95.9
MFDPMJAG_00333	MER0004227	30.500	200	135	2	343	539	33	231	6.18e-22	93.6
MFDPMJAG_00333	MER0005807	23.636	275	196	7	301	575	1	261	6.52e-08	51.2
MFDPMJAG_00340	MER0004469	25.238	210	130	7	1	190	1	203	1.13e-16	78.6
MFDPMJAG_00340	MER0004469	23.711	194	121	5	236	407	164	352	3.60e-06	45.8
MFDPMJAG_00340	MER0004468	28.571	231	136	7	221	440	203	415	9.32e-14	69.3
MFDPMJAG_00340	MER0004468	29.508	122	77	3	80	197	147	263	5.87e-10	57.8
MFDPMJAG_00340	MER0004468	35.135	74	46	1	10	83	7	78	3.46e-06	45.8
MFDPMJAG_00340	MER0897124	28.261	230	136	7	222	440	204	415	3.26e-13	67.8
MFDPMJAG_00340	MER0897124	30.328	122	76	3	80	197	147	263	4.70e-10	58.2
MFDPMJAG_00340	MER0897124	35.135	74	46	1	10	83	7	78	2.88e-06	46.2
MFDPMJAG_00340	MER0004480	36.937	111	64	3	11	121	1	105	1.14e-11	62.4
MFDPMJAG_00340	MER0004474	30.841	107	67	3	14	120	89	188	2.71e-08	52.4
MFDPMJAG_00340	MER0004474	28.906	128	81	3	286	411	208	327	3.24e-06	45.8
MFDPMJAG_00340	MER0004471	31.933	119	70	4	14	132	95	202	4.73e-08	51.6
MFDPMJAG_00340	MER0004471	30.233	129	78	3	286	411	214	333	2.07e-06	46.2
MFDPMJAG_00398	MER0002489	31.392	309	189	8	40	329	25	329	7.50e-37	135
MFDPMJAG_00398	MER0000459	30.363	303	192	6	40	326	25	324	4.05e-36	133
MFDPMJAG_00398	MER0026262	29.080	337	212	10	24	336	2	335	9.47e-32	121
MFDPMJAG_00398	MER1143079	33.219	292	167	11	40	324	13	283	1.72e-31	119
MFDPMJAG_00398	MER0005964	30.961	281	162	8	57	309	40	316	5.22e-29	114
MFDPMJAG_00398	MER0003802	23.567	314	203	7	23	326	5	291	2.27e-23	97.1
MFDPMJAG_00398	MER0140154	24.179	335	199	10	41	326	5	333	3.30e-20	88.2
MFDPMJAG_00398	MER0000457	25.786	318	207	13	25	326	8	312	6.59e-20	87.4
MFDPMJAG_00398	MER0017069	23.684	304	205	10	43	329	16	309	7.29e-19	84.3
MFDPMJAG_00398	MER0122661	30.890	191	121	6	25	209	1	186	4.27e-18	82.0
MFDPMJAG_00398	MER0011700	27.063	303	187	8	41	313	20	318	1.13e-17	81.3
MFDPMJAG_00398	MER0004154	25.478	314	193	9	39	324	19	319	1.68e-17	80.5
MFDPMJAG_00398	MER0005925	26.282	312	188	14	23	306	6	303	6.12e-17	78.6
MFDPMJAG_00398	MER0006204	22.819	298	167	11	24	273	6	288	7.24e-16	75.9
MFDPMJAG_00398	MER0005836	26.293	232	150	7	41	261	29	250	4.83e-15	71.6
MFDPMJAG_00398	MER0028284	25.267	281	173	9	70	326	46	313	1.53e-13	68.2
MFDPMJAG_00398	MER0192873	28.708	209	129	7	76	265	1	208	5.56e-13	65.1
MFDPMJAG_00398	MER0356183	26.126	222	146	6	49	254	8	227	6.43e-13	65.1
MFDPMJAG_00398	MER0011726	31.214	173	104	7	22	189	4	166	9.87e-12	63.2
MFDPMJAG_00398	MER0004090	24.631	203	138	5	22	209	8	210	4.56e-11	60.8
MFDPMJAG_00398	MER0354941	25.789	190	116	6	40	209	13	197	2.73e-10	56.6
MFDPMJAG_00398	MER0005923	28.696	115	73	3	28	135	13	125	1.07e-09	57.0
MFDPMJAG_00398	MER0015683	26.178	191	131	6	24	209	24	209	5.76e-09	53.9
MFDPMJAG_00398	MER0000463	22.892	166	114	4	62	225	39	192	5.85e-09	54.3
MFDPMJAG_00398	MER0034963	33.636	110	62	4	26	129	9	113	1.49e-08	53.1
MFDPMJAG_00398	MER0034964	32.710	107	67	3	26	129	9	113	1.27e-07	50.1
MFDPMJAG_00398	MER0003800	24.468	188	121	6	40	209	33	217	1.52e-06	47.0
MFDPMJAG_00398	MER0219770	26.144	153	95	5	63	206	41	184	3.50e-06	45.4
MFDPMJAG_00441	MER0001421	54.020	398	180	3	16	412	1	396	5.36e-155	440
MFDPMJAG_00441	MER0028941	24.818	411	257	12	6	409	1	366	5.60e-23	96.3
MFDPMJAG_00441	MER0369336	27.431	288	186	7	133	409	39	314	1.94e-22	94.0
MFDPMJAG_00447	MER0001602	40.000	130	78	0	79	208	11	140	5.19e-36	121
MFDPMJAG_00447	MER0027775	28.030	132	69	5	76	204	8	116	5.79e-08	47.0
MFDPMJAG_00482	MER0044622	42.105	190	102	5	3	186	28	215	9.57e-48	153
MFDPMJAG_00482	MER0043394	44.172	163	86	3	26	185	2	162	3.03e-45	144
MFDPMJAG_00482	MER0045094	37.234	188	112	4	3	186	14	199	1.12e-42	140
MFDPMJAG_00482	MER0044882	38.235	170	98	5	23	185	1	170	4.55e-35	119
MFDPMJAG_00482	MER0043392	39.855	138	79	3	46	183	23	156	6.77e-31	107
MFDPMJAG_00482	MER0044619	32.828	198	111	8	1	186	8	195	3.96e-21	84.0
MFDPMJAG_00482	MER0043195	29.648	199	122	5	4	184	8	206	3.87e-20	81.6
MFDPMJAG_00482	MER0043537	27.568	185	126	7	3	184	2	181	1.04e-16	71.2
MFDPMJAG_00482	MER0045095	29.858	211	121	8	1	185	15	224	2.63e-15	68.9
MFDPMJAG_00482	MER0043387	33.784	148	88	6	41	185	25	165	7.82e-14	63.5
MFDPMJAG_00482	MER0044812	25.595	168	106	6	15	175	68	223	3.80e-12	60.1
MFDPMJAG_00482	MER0045945	31.447	159	88	7	25	175	54	199	4.75e-11	56.6
MFDPMJAG_00482	MER0042974	26.087	184	120	7	12	185	3	180	3.11e-10	53.9
MFDPMJAG_00482	MER0044889	30.357	112	75	3	74	185	91	199	3.85e-08	48.5
MFDPMJAG_00482	MER0045886	27.826	115	72	3	74	184	85	192	7.04e-08	47.8
MFDPMJAG_00482	MER0038086	28.205	117	77	3	74	185	109	223	1.82e-06	43.9
MFDPMJAG_00482	MER0043540	26.531	147	74	7	44	176	85	211	3.50e-06	42.7
MFDPMJAG_00482	MER0115185	28.058	139	81	6	44	175	8	134	4.53e-06	41.6
MFDPMJAG_00482	MER0436691	25.362	138	90	4	43	175	101	230	6.69e-06	42.0
MFDPMJAG_00539	MER0198917	42.971	377	206	5	11	383	1	372	1.78e-102	329
MFDPMJAG_00539	MER1054487	40.519	385	208	8	11	383	1	376	1.84e-86	284
MFDPMJAG_00558	MER0001299	36.250	480	282	8	75	538	48	519	5.98e-85	273
MFDPMJAG_00558	MER0011114	32.639	432	230	4	89	519	2	373	8.72e-64	211
MFDPMJAG_00558	MER0321345	40.678	177	103	1	334	508	1	177	1.26e-34	126
MFDPMJAG_00558	MER0321345	25.668	187	134	3	86	270	1	184	1.94e-14	68.9
MFDPMJAG_00558	MER0003812	40.678	177	103	1	334	508	1	177	2.14e-34	125
MFDPMJAG_00558	MER0003812	25.126	199	139	4	86	282	1	191	3.06e-14	68.6
MFDPMJAG_00558	MER0044046	35.393	178	114	1	334	511	1	177	2.13e-23	94.7
MFDPMJAG_00558	MER0013957	32.571	175	118	0	334	508	1	175	7.61e-23	93.2
MFDPMJAG_00558	MER0013957	26.816	179	122	3	94	269	9	181	7.82e-12	61.2
MFDPMJAG_00558	MER0001300	31.868	182	112	4	346	520	9	185	5.81e-20	84.7
MFDPMJAG_00558	MER0001303	23.977	171	129	1	334	504	1	170	4.14e-09	53.5
MFDPMJAG_00573	MER0004035	44.167	120	57	4	73	191	1	111	1.87e-29	102
MFDPMJAG_00573	MER0002443	44.068	118	59	3	76	192	6	117	3.59e-27	96.7
MFDPMJAG_00573	MER0004054	36.364	121	62	7	80	193	10	122	7.67e-18	72.8
MFDPMJAG_00573	MER0003986	35.772	123	71	4	71	191	1	117	4.21e-17	70.9
MFDPMJAG_00573	MER0003805	34.146	123	71	5	71	193	1	113	4.75e-15	65.5
MFDPMJAG_00573	MER0003808	35.043	117	64	6	75	190	5	110	7.40e-15	64.7
MFDPMJAG_00573	MER0003807	34.146	123	74	3	71	192	1	117	4.71e-14	62.8
MFDPMJAG_00573	MER0002450	32.787	122	72	5	71	192	1	112	3.43e-13	60.5
MFDPMJAG_00573	MER0014188	33.628	113	58	5	71	179	1	100	1.09e-11	56.2
MFDPMJAG_00573	MER0377310	32.759	116	68	5	71	186	1	106	2.51e-11	55.1
MFDPMJAG_00573	MER0377307	32.759	116	68	5	71	186	1	106	2.51e-11	55.1
MFDPMJAG_00573	MER0014672	33.684	95	53	3	87	180	30	115	2.75e-10	52.8
MFDPMJAG_00573	MER0376722	34.021	97	53	5	75	170	5	91	1.51e-09	50.1
MFDPMJAG_00573	MER0377178	32.759	116	68	5	71	186	1	106	1.90e-09	50.1
MFDPMJAG_00573	MER0377450	34.000	100	57	4	71	170	1	91	1.56e-08	47.4
MFDPMJAG_00573	MER0024252	35.294	85	47	3	83	167	14	90	2.39e-08	47.8
MFDPMJAG_00573	MER0031199	36.620	71	41	1	87	157	1	67	1.27e-07	44.3
MFDPMJAG_00573	MER0001322	27.350	117	62	5	71	181	1	100	2.38e-06	42.0
MFDPMJAG_00594	MER0045886	42.478	226	127	3	6	229	12	236	1.44e-53	177
MFDPMJAG_00594	MER0044889	38.528	231	137	4	3	230	14	242	1.22e-46	159
MFDPMJAG_00594	MER0038086	33.929	224	133	4	8	216	29	252	2.57e-36	132
MFDPMJAG_00594	MER0436735	27.099	262	154	3	5	229	1	262	4.60e-30	115
MFDPMJAG_00594	MER0042974	34.211	190	118	3	15	197	1	190	1.05e-29	112
MFDPMJAG_00594	MER0043387	33.146	178	115	3	23	198	1	176	1.75e-24	97.1
MFDPMJAG_00594	MER0043537	31.720	186	114	5	8	186	2	181	5.01e-22	90.5
MFDPMJAG_00594	MER0043392	30.833	120	79	3	69	187	42	158	1.76e-08	50.8
MFDPMJAG_00594	MER0044622	30.657	137	72	6	69	193	95	220	2.61e-07	48.9
MFDPMJAG_00594	MER0045094	31.746	126	63	6	74	187	84	198	3.40e-06	45.4
MFDPMJAG_00598	MER0065554	46.442	267	132	2	282	538	2	267	2.83e-85	262
MFDPMJAG_00598	MER0437468	37.249	349	203	7	198	531	1	348	3.09e-73	234
MFDPMJAG_00598	MER0436717	36.842	399	182	10	198	531	1	394	7.91e-66	216
MFDPMJAG_00603	MER0001521	31.475	305	161	9	150	445	8	273	8.42e-24	98.2
MFDPMJAG_00603	MER0000313	31.148	305	162	9	150	445	8	273	3.68e-23	96.3
MFDPMJAG_00603	MER0001755	30.492	305	164	9	150	445	8	273	3.40e-22	93.6
MFDPMJAG_00603	MER0001523	31.148	305	162	9	150	445	8	273	1.72e-20	88.6
MFDPMJAG_00603	MER0000312	31.148	305	162	9	150	445	8	273	1.72e-20	88.6
MFDPMJAG_00603	MER0175622	28.302	318	174	12	151	445	14	300	1.53e-18	83.2
MFDPMJAG_00603	MER0000310	28.146	302	174	10	150	445	8	272	9.02e-17	77.4
MFDPMJAG_00603	MER0001699	29.758	289	148	12	158	434	16	261	4.41e-15	72.4
MFDPMJAG_00603	MER0000309	29.801	302	169	10	150	445	8	272	4.12e-14	69.7
MFDPMJAG_00603	MER0019280	27.986	293	174	9	164	442	29	298	8.23e-14	69.3
MFDPMJAG_00603	MER0002267	31.746	189	105	5	261	447	118	284	1.36e-13	68.2
MFDPMJAG_00603	MER0000311	28.713	303	172	10	150	445	8	273	1.50e-13	67.8
MFDPMJAG_00603	MER0004123	26.578	301	168	11	164	432	37	316	2.27e-13	68.2
MFDPMJAG_00603	MER0016688	26.562	320	173	16	161	446	26	317	3.34e-13	67.4
MFDPMJAG_00603	MER0000315	27.667	300	173	10	150	445	8	267	1.02e-12	65.5
MFDPMJAG_00603	MER0004988	25.658	304	176	10	158	445	24	293	1.24e-12	65.5
MFDPMJAG_00603	MER0001520	28.000	300	172	10	150	445	8	267	1.53e-12	64.7
MFDPMJAG_00603	MER0001906	27.667	300	173	10	150	445	8	267	1.57e-12	64.7
MFDPMJAG_00603	MER0000332	27.660	282	159	8	166	441	23	265	1.91e-12	64.7
MFDPMJAG_00603	MER0077555	28.114	281	154	10	163	434	21	262	2.03e-12	64.7
MFDPMJAG_00603	MER0013656	28.671	286	167	9	150	434	7	256	1.74e-11	61.6
MFDPMJAG_00603	MER0000316	28.322	286	163	11	163	445	20	266	5.94e-11	60.1
MFDPMJAG_00603	MER0000349	29.260	311	147	17	165	423	72	361	9.86e-11	60.5
MFDPMJAG_00603	MER0001928	28.276	290	158	11	163	445	21	267	1.25e-10	58.9
MFDPMJAG_00603	MER0003536	27.473	273	153	10	163	417	28	273	2.64e-10	58.5
MFDPMJAG_00603	MER0004085	27.852	298	162	14	165	438	50	318	5.07e-10	57.8
MFDPMJAG_00603	MER0042897	26.797	306	181	9	150	447	8	278	2.81e-09	55.1
MFDPMJAG_00603	MER0081072	25.000	268	160	9	165	427	19	250	4.99e-09	53.9
MFDPMJAG_00603	MER0000320	26.136	264	157	8	150	405	8	241	5.65e-09	54.3
MFDPMJAG_00603	MER0000321	27.817	284	157	14	161	425	98	352	7.15e-09	54.3
MFDPMJAG_00603	MER0002500	25.385	260	156	10	198	433	138	383	7.27e-09	54.7
MFDPMJAG_00603	MER0050309	27.660	188	118	6	214	400	45	215	8.25e-09	54.7
MFDPMJAG_00603	MER0000347	26.197	355	195	14	150	459	48	380	1.17e-08	54.3
MFDPMJAG_00603	MER0000319	23.675	283	170	10	164	439	29	272	2.91e-08	52.0
MFDPMJAG_00603	MER0002565	25.652	230	142	5	198	425	91	293	4.55e-08	52.0
MFDPMJAG_00603	MER0000356	29.054	148	95	4	299	443	161	301	1.04e-07	50.8
MFDPMJAG_00603	MER0030016	28.622	283	149	12	147	410	14	262	1.36e-07	50.1
MFDPMJAG_00603	MER0002575	26.442	208	123	7	198	400	51	233	3.82e-07	48.5
MFDPMJAG_00603	MER0014446	27.039	233	135	9	215	432	196	408	8.15e-07	48.1
MFDPMJAG_00603	MER0000344	31.387	137	82	4	311	444	166	293	8.18e-07	47.8
MFDPMJAG_00603	MER0000361	32.895	152	83	6	309	447	192	337	1.03e-06	47.8
MFDPMJAG_00603	MER0003688	27.607	326	177	17	164	447	49	357	1.19e-06	47.4
MFDPMJAG_00603	MER0016983	33.673	98	56	2	311	408	169	257	6.69e-06	45.1
MFDPMJAG_00648	MER0042827	55.435	92	41	0	1001	1092	1	92	3.53e-29	109
MFDPMJAG_00652	MER0281397	24.742	194	109	6	101	258	4	196	1.86e-07	48.1
MFDPMJAG_00652	MER0026262	23.204	181	99	5	76	223	23	196	2.44e-06	45.4
MFDPMJAG_00671	MER0069741	34.146	123	53	4	76	198	69	163	6.80e-13	63.9
MFDPMJAG_00671	MER0015415	30.247	162	75	5	54	215	43	166	2.50e-11	59.7
MFDPMJAG_00671	MER0003380	32.624	141	62	6	64	198	119	232	2.08e-08	52.4
MFDPMJAG_00671	MER0013541	34.234	111	47	4	77	187	1	85	3.03e-08	48.5
MFDPMJAG_00671	MER0003376	32.468	77	29	1	111	187	83	136	1.95e-06	45.1
MFDPMJAG_00699	MER0066178	29.050	179	103	9	42	211	8	171	3.05e-06	44.3
MFDPMJAG_00728	MER0034615	30.921	152	69	8	48	177	2	139	9.58e-07	46.2
MFDPMJAG_00748	MER0030934	36.826	334	189	12	117	445	28	344	2.43e-57	192
MFDPMJAG_00748	MER0078701	32.665	349	178	16	96	416	7	326	2.09e-34	129
MFDPMJAG_00748	MER0034742	47.333	150	72	4	101	249	11	154	3.02e-33	127
MFDPMJAG_00748	MER0037852	48.966	145	67	4	101	244	11	149	3.20e-33	127
MFDPMJAG_00748	MER0033188	42.000	150	83	2	92	241	4	149	2.75e-32	124
MFDPMJAG_00748	MER0034745	30.645	372	213	16	96	443	7	357	3.31e-31	121
MFDPMJAG_00748	MER0033240	34.978	223	132	7	120	336	31	246	1.16e-30	120
MFDPMJAG_00748	MER0033226	29.650	371	216	15	97	443	9	358	1.60e-30	119
MFDPMJAG_00748	MER0033220	43.114	167	84	6	101	265	11	168	1.71e-30	119
MFDPMJAG_00748	MER0034730	30.973	339	193	15	98	416	9	326	1.95e-30	119
MFDPMJAG_00748	MER0033241	44.654	159	77	5	101	254	14	166	4.05e-30	118
MFDPMJAG_00748	MER0033212	33.333	270	155	10	101	363	11	262	9.06e-30	117
MFDPMJAG_00748	MER0033235	34.361	227	123	8	101	318	8	217	1.12e-29	117
MFDPMJAG_00748	MER0033224	46.154	143	68	5	101	241	10	145	1.84e-29	116
MFDPMJAG_00748	MER0037861	50.400	125	54	3	120	243	31	148	1.92e-29	116
MFDPMJAG_00748	MER0033236	35.922	206	110	6	118	318	29	217	2.35e-29	116
MFDPMJAG_00748	MER0037850	45.139	144	70	5	101	242	11	147	3.19e-29	115
MFDPMJAG_00748	MER0032203	44.138	145	72	5	101	243	11	148	4.88e-29	115
MFDPMJAG_00748	MER0033231	47.287	129	60	4	113	240	2	123	5.19e-29	108
MFDPMJAG_00748	MER0034744	37.674	215	113	9	96	297	7	213	6.72e-29	114
MFDPMJAG_00748	MER0034727	44.172	163	82	6	98	258	9	164	7.45e-29	114
MFDPMJAG_00748	MER0077885	30.481	374	207	16	98	443	18	366	1.05e-28	114
MFDPMJAG_00748	MER0033213	44.521	146	72	5	101	244	11	149	1.17e-28	114
MFDPMJAG_00748	MER0034728	43.919	148	75	5	97	243	8	148	1.27e-28	114
MFDPMJAG_00748	MER0033283	41.818	165	78	5	80	244	3	149	1.73e-28	113
MFDPMJAG_00748	MER0077889	38.095	189	100	7	97	283	7	180	2.76e-28	112
MFDPMJAG_00748	MER0034726	29.427	384	218	17	97	451	8	367	8.43e-28	111
MFDPMJAG_00748	MER0034723	41.250	160	86	6	101	258	11	164	1.55e-27	110
MFDPMJAG_00748	MER0033232	34.597	211	116	6	113	318	24	217	2.69e-27	110
MFDPMJAG_00748	MER0033198	32.759	232	141	7	92	318	4	225	4.23e-27	109
MFDPMJAG_00748	MER0034741	45.890	146	70	5	101	244	10	148	1.05e-26	108
MFDPMJAG_00748	MER0033227	32.157	255	151	10	94	336	4	248	1.12e-26	108
MFDPMJAG_00748	MER0033280	33.071	254	126	10	80	318	2	226	6.23e-26	106
MFDPMJAG_00748	MER0078925	39.735	151	82	5	101	248	11	155	2.66e-25	104
MFDPMJAG_00748	MER0029616	41.221	131	70	3	114	241	9	135	1.29e-24	103
MFDPMJAG_00748	MER0044819	27.841	352	209	17	96	421	10	342	4.24e-23	97.8
MFDPMJAG_00748	MER0077199	29.730	259	153	8	122	372	1	238	9.05e-22	93.2
MFDPMJAG_00748	MER0043147	38.710	124	73	1	121	244	9	129	9.65e-21	90.9
MFDPMJAG_00748	MER0045467	27.103	321	179	9	132	413	2	306	1.90e-20	89.4
MFDPMJAG_00748	MER0043138	36.735	147	85	5	96	240	9	149	1.01e-19	88.2
MFDPMJAG_00748	MER0011604	26.210	248	161	7	121	359	32	266	2.89e-19	85.9
MFDPMJAG_00748	MER0045935	25.075	335	221	10	107	421	17	341	1.90e-17	80.5
MFDPMJAG_00748	MER0034664	28.910	211	124	8	99	291	12	214	1.74e-14	72.0
MFDPMJAG_00748	MER0043201	28.966	145	97	2	100	244	11	149	4.59e-13	67.8
MFDPMJAG_00748	MER0043139	39.560	91	51	2	150	240	39	125	1.58e-11	62.8
MFDPMJAG_00748	MER0036039	37.838	111	39	6	120	216	25	119	1.56e-07	49.7
MFDPMJAG_00748	MER0036370	33.981	103	55	3	115	217	26	115	1.92e-07	48.1
MFDPMJAG_00748	MER0034665	27.642	123	68	3	119	233	30	139	2.18e-07	49.3
MFDPMJAG_00748	MER0034961	27.119	118	72	3	122	238	36	140	3.32e-07	48.9
MFDPMJAG_00748	MER0031570	27.184	103	59	3	114	215	19	106	3.74e-06	45.4
MFDPMJAG_00748	MER0036044	27.049	122	65	4	119	239	73	171	8.02e-06	44.7
MFDPMJAG_00775	MER0026545	34.637	179	103	3	89	260	99	270	9.50e-31	112
MFDPMJAG_00775	MER0042387	34.104	173	101	5	91	256	17	183	1.45e-28	104
MFDPMJAG_00775	MER0026552	34.940	166	99	3	82	247	2	158	6.48e-28	102
MFDPMJAG_00775	MER0026496	28.102	274	173	8	3	258	4	271	2.03e-24	96.3
MFDPMJAG_00775	MER0031491	25.568	176	108	6	94	255	20	186	3.23e-17	74.7
MFDPMJAG_00775	MER0002642	23.841	151	107	4	104	252	24	168	9.83e-09	50.8
MFDPMJAG_00775	MER0002639	26.282	156	101	6	102	252	22	168	2.45e-06	43.9
MFDPMJAG_00810	MER0001243	40.081	247	146	2	2	246	3	249	1.22e-60	190
MFDPMJAG_00810	MER0001342	37.143	245	154	0	2	246	3	247	3.86e-52	168
MFDPMJAG_00810	MER0005690	35.391	243	156	1	4	246	5	246	2.81e-48	157
MFDPMJAG_00810	MER0015127	35.565	239	153	1	8	246	9	246	5.75e-45	149
MFDPMJAG_00810	MER0013589	33.333	243	161	1	4	246	1	242	9.52e-44	145
MFDPMJAG_00810	MER0013929	34.286	245	160	1	2	246	3	246	6.98e-43	144
MFDPMJAG_00810	MER0015128	32.340	235	157	2	13	246	14	247	1.08e-41	140
MFDPMJAG_00810	MER0013450	31.452	248	167	3	2	247	1	247	3.36e-40	137
MFDPMJAG_00810	MER0010972	24.686	239	162	2	8	246	9	229	2.38e-16	73.6
MFDPMJAG_00810	MER0003880	30.851	188	113	6	29	211	22	197	1.14e-14	69.3
MFDPMJAG_00810	MER0004931	24.878	205	140	5	3	204	4	197	7.54e-13	63.2
MFDPMJAG_00810	MER0011746	24.766	214	142	6	13	213	14	221	1.07e-12	63.9
MFDPMJAG_00810	MER0001728	28.365	208	130	7	13	207	14	215	8.17e-10	55.5
MFDPMJAG_00810	MER0024896	30.682	88	60	1	159	246	380	466	4.47e-09	53.5
MFDPMJAG_00810	MER0024896	23.894	113	86	0	4	116	5	117	1.15e-08	52.4
MFDPMJAG_00810	MER0005462	22.892	249	165	6	1	248	2	224	2.15e-08	50.4
MFDPMJAG_00810	MER0004532	25.123	203	141	3	3	204	4	196	2.65e-08	50.1
MFDPMJAG_00810	MER0002038	26.087	161	112	4	72	230	69	224	2.82e-08	50.1
MFDPMJAG_00810	MER0005715	25.243	206	140	7	4	204	5	201	9.53e-08	48.5
MFDPMJAG_00810	MER0001244	24.161	149	103	4	1	146	2	143	2.53e-07	47.4
MFDPMJAG_00825	MER0002161	29.365	252	128	10	48	293	14	221	2.82e-16	74.7
MFDPMJAG_00825	MER0005139	30.556	216	127	8	110	309	62	270	1.82e-15	72.4
MFDPMJAG_00825	MER0100667	27.632	228	135	9	105	328	18	219	3.49e-12	62.0
MFDPMJAG_00825	MER0001284	40.230	87	46	3	110	193	35	118	2.26e-11	60.1
MFDPMJAG_00825	MER0001289	25.373	268	143	9	90	335	38	270	2.47e-11	60.1
MFDPMJAG_00825	MER0005238	32.692	104	63	2	111	214	67	163	2.65e-11	60.1
MFDPMJAG_00825	MER0015336	33.913	115	67	3	102	214	51	158	2.99e-11	59.7
MFDPMJAG_00825	MER0004514	32.432	111	64	4	110	215	35	139	5.75e-11	58.9
MFDPMJAG_00825	MER0005131	24.481	241	151	8	102	325	29	255	5.98e-11	58.9
MFDPMJAG_00825	MER0005241	34.831	89	51	2	109	195	3	86	6.89e-11	58.5
MFDPMJAG_00825	MER0194228	26.341	205	111	6	145	335	16	194	1.46e-10	57.0
MFDPMJAG_00825	MER0037181	25.694	288	156	11	61	328	27	276	4.28e-10	56.6
MFDPMJAG_00825	MER0015691	30.476	105	66	1	110	214	52	149	5.58e-10	55.8
MFDPMJAG_00825	MER0002104	29.808	104	66	2	111	214	67	163	9.48e-10	55.5
MFDPMJAG_00825	MER0005239	31.818	110	67	2	107	215	65	167	2.32e-09	54.3
MFDPMJAG_00825	MER0005244	40.909	88	43	4	109	195	3	82	3.28e-09	53.1
MFDPMJAG_00825	MER0005149	30.088	113	71	3	105	216	59	164	3.71e-09	53.9
MFDPMJAG_00825	MER0005152	29.885	87	54	1	111	197	60	139	1.73e-08	51.6
MFDPMJAG_00825	MER0001911	37.079	89	46	3	109	197	39	117	2.46e-07	48.1
MFDPMJAG_00825	MER0026971	30.108	93	59	3	105	197	50	136	3.56e-07	47.4
MFDPMJAG_00825	MER0002105	27.778	126	81	3	111	233	58	176	4.54e-07	47.4
MFDPMJAG_00825	MER0026972	30.851	94	59	3	107	200	36	123	8.17e-07	46.2
MFDPMJAG_00825	MER0001288	24.153	236	126	8	109	323	21	224	9.10e-07	46.2
MFDPMJAG_00826	MER0002161	28.369	282	158	13	56	335	16	255	1.04e-15	73.6
MFDPMJAG_00826	MER0001284	29.353	201	121	6	116	310	35	220	5.50e-15	70.9
MFDPMJAG_00826	MER0005139	26.728	217	134	7	116	315	62	270	4.20e-14	68.6
MFDPMJAG_00826	MER0015691	36.792	106	58	2	116	220	52	149	6.77e-13	64.7
MFDPMJAG_00826	MER0037181	30.918	207	112	10	108	313	57	233	6.16e-12	62.4
MFDPMJAG_00826	MER0005238	34.821	112	64	3	110	220	60	163	2.41e-11	60.5
MFDPMJAG_00826	MER0005131	26.222	225	149	6	117	335	38	251	4.52e-11	59.3
MFDPMJAG_00826	MER0100667	28.216	241	109	11	115	334	22	219	5.40e-11	58.5
MFDPMJAG_00826	MER0002104	30.973	113	69	3	109	220	59	163	5.59e-11	59.3
MFDPMJAG_00826	MER0004514	24.880	209	130	9	116	315	35	225	6.08e-11	58.9
MFDPMJAG_00826	MER0015336	32.727	110	65	2	112	220	57	158	1.31e-10	58.2
MFDPMJAG_00826	MER0005239	32.143	112	66	3	112	221	64	167	6.05e-10	56.2
MFDPMJAG_00826	MER0194228	24.074	216	133	7	131	339	1	192	1.02e-09	54.3
MFDPMJAG_00826	MER0001289	24.895	237	136	10	108	332	55	261	1.14e-09	55.5
MFDPMJAG_00826	MER0005241	31.111	90	54	2	115	202	3	86	1.22e-08	52.0
MFDPMJAG_00826	MER0002105	23.958	192	126	7	117	304	58	233	1.27e-08	52.0
MFDPMJAG_00826	MER0005149	31.250	112	67	3	113	222	61	164	2.39e-08	51.6
MFDPMJAG_00826	MER0005152	26.000	100	64	2	117	214	60	151	4.86e-08	50.4
MFDPMJAG_00826	MER0005244	34.444	90	50	2	115	204	3	83	3.19e-07	47.4
MFDPMJAG_00878	MER0001313	26.316	190	88	8	9	197	15	153	3.47e-06	42.4
MFDPMJAG_00882	MER0014135	43.657	268	151	0	184	451	1	268	4.17e-79	244
MFDPMJAG_00882	MER0005837	23.636	110	77	4	350	452	138	247	5.18e-06	44.7
MFDPMJAG_00900	MER0030934	31.389	360	225	8	112	470	12	350	4.43e-56	189
MFDPMJAG_00900	MER0037861	29.545	396	218	14	105	462	3	375	7.76e-41	149
MFDPMJAG_00900	MER0034745	30.831	373	213	12	111	462	9	357	4.01e-40	146
MFDPMJAG_00900	MER0078701	30.725	345	198	12	111	438	9	329	4.38e-40	145
MFDPMJAG_00900	MER0033235	30.688	378	210	14	112	460	7	361	2.15e-39	144
MFDPMJAG_00900	MER0034730	31.266	387	193	18	111	462	9	357	2.76e-39	144
MFDPMJAG_00900	MER0033236	30.688	378	210	14	112	460	7	361	4.01e-39	143
MFDPMJAG_00900	MER0034744	30.548	383	196	14	111	460	9	354	5.91e-39	143
MFDPMJAG_00900	MER0077889	29.759	373	199	14	111	462	8	338	1.60e-38	141
MFDPMJAG_00900	MER0033240	29.293	396	224	16	97	460	1	372	1.88e-38	142
MFDPMJAG_00900	MER0033227	30.978	368	200	14	110	443	7	354	2.39e-38	142
MFDPMJAG_00900	MER0033212	29.412	391	205	17	105	460	3	357	5.78e-38	140
MFDPMJAG_00900	MER0033226	29.534	386	201	17	111	462	10	358	9.33e-37	137
MFDPMJAG_00900	MER0037852	46.309	149	72	3	107	254	5	146	1.45e-36	136
MFDPMJAG_00900	MER0033241	28.954	373	215	11	111	460	12	357	3.09e-36	135
MFDPMJAG_00900	MER0034742	46.622	148	71	3	107	253	5	145	5.70e-36	134
MFDPMJAG_00900	MER0034728	45.517	145	71	3	111	254	9	146	8.55e-36	134
MFDPMJAG_00900	MER0033280	29.947	374	195	13	126	460	25	370	4.55e-35	132
MFDPMJAG_00900	MER0033188	28.000	375	234	12	111	460	10	373	5.90e-35	132
MFDPMJAG_00900	MER0034727	28.760	379	213	13	111	462	9	357	1.24e-33	128
MFDPMJAG_00900	MER0033232	29.363	361	207	12	125	460	24	361	8.60e-33	125
MFDPMJAG_00900	MER0033198	33.725	255	152	9	111	361	10	251	1.30e-32	125
MFDPMJAG_00900	MER0034726	27.296	392	202	16	111	462	9	357	1.61e-32	125
MFDPMJAG_00900	MER0037850	28.977	352	211	12	112	439	10	346	2.27e-32	125
MFDPMJAG_00900	MER0077885	27.436	390	204	15	111	462	18	366	4.06e-32	124
MFDPMJAG_00900	MER0033220	42.069	145	76	3	111	254	9	146	6.09e-32	124
MFDPMJAG_00900	MER0033213	40.972	144	77	3	112	254	10	146	3.66e-31	121
MFDPMJAG_00900	MER0033224	40.972	144	77	3	111	253	8	144	4.98e-31	121
MFDPMJAG_00900	MER0032203	39.583	144	79	3	112	254	10	146	1.00e-30	120
MFDPMJAG_00900	MER0033283	29.032	372	216	13	114	460	13	361	1.32e-30	119
MFDPMJAG_00900	MER0078925	37.324	142	81	3	112	252	10	144	1.34e-27	111
MFDPMJAG_00900	MER0034723	37.671	146	81	4	111	254	9	146	1.60e-27	110
MFDPMJAG_00900	MER0034741	35.260	173	101	5	111	280	8	172	8.66e-27	108
MFDPMJAG_00900	MER0033231	41.803	122	64	2	132	253	9	123	1.31e-26	101
MFDPMJAG_00900	MER0044819	29.329	283	172	8	113	392	15	272	3.29e-25	103
MFDPMJAG_00900	MER0043138	38.028	142	84	1	112	253	12	149	1.07e-24	102
MFDPMJAG_00900	MER0029616	38.931	131	74	3	126	254	9	135	3.60e-24	102
MFDPMJAG_00900	MER0043147	28.916	249	143	9	122	357	1	228	1.27e-22	96.7
MFDPMJAG_00900	MER0011604	25.623	281	180	9	111	383	11	270	5.97e-22	93.6
MFDPMJAG_00900	MER0077199	24.928	349	218	11	134	462	1	325	2.38e-21	92.0
MFDPMJAG_00900	MER0045467	28.571	259	159	8	163	412	20	261	4.06e-19	85.5
MFDPMJAG_00900	MER0043201	35.862	145	78	3	113	253	12	145	1.28e-18	84.7
MFDPMJAG_00900	MER0034664	28.934	197	126	6	113	295	13	209	2.13e-16	77.8
MFDPMJAG_00900	MER0043139	31.034	174	83	4	112	279	12	154	2.88e-16	77.4
MFDPMJAG_00900	MER0045935	31.579	152	91	4	109	254	7	151	1.11e-13	69.3
MFDPMJAG_00900	MER0037862	32.632	95	49	3	431	514	5	95	3.32e-07	45.8
MFDPMJAG_00900	MER0031570	27.397	146	84	5	117	258	11	138	2.34e-06	45.8
MFDPMJAG_00900	MER0036044	28.986	138	70	5	117	252	60	171	3.22e-06	45.8
MFDPMJAG_00901	MER0030934	31.781	365	216	10	116	474	13	350	1.49e-59	198
MFDPMJAG_00901	MER0034745	32.626	377	202	14	114	466	9	357	5.40e-44	157
MFDPMJAG_00901	MER0037861	31.099	373	200	12	108	446	3	352	4.34e-39	144
MFDPMJAG_00901	MER0033240	32.286	350	203	9	115	442	10	347	1.54e-38	142
MFDPMJAG_00901	MER0078701	33.427	356	187	15	114	448	9	335	2.28e-38	141
MFDPMJAG_00901	MER0034730	31.565	377	206	15	114	466	9	357	4.65e-38	140
MFDPMJAG_00901	MER0037852	52.083	144	61	4	114	256	9	145	8.63e-38	140
MFDPMJAG_00901	MER0034742	51.020	147	64	4	114	259	9	148	2.29e-37	139
MFDPMJAG_00901	MER0034744	30.458	371	213	11	114	464	9	354	2.43e-37	138
MFDPMJAG_00901	MER0033227	32.500	360	196	17	113	441	7	350	9.44e-37	137
MFDPMJAG_00901	MER0077889	37.698	252	129	8	114	362	8	234	1.04e-36	136
MFDPMJAG_00901	MER0033241	30.053	376	208	12	114	464	12	357	3.91e-36	135
MFDPMJAG_00901	MER0033212	47.619	147	69	4	114	259	9	148	4.26e-36	135
MFDPMJAG_00901	MER0033188	28.465	404	221	14	114	476	10	386	9.21e-36	134
MFDPMJAG_00901	MER0033226	30.952	378	207	15	114	466	10	358	9.66e-36	134
MFDPMJAG_00901	MER0033213	31.564	358	201	16	116	447	11	350	5.84e-35	132
MFDPMJAG_00901	MER0033235	28.534	382	214	15	115	464	7	361	6.61e-35	132
MFDPMJAG_00901	MER0033236	28.534	382	214	15	115	464	7	361	7.97e-35	132
MFDPMJAG_00901	MER0034728	35.165	273	149	9	114	383	9	256	8.43e-35	131
MFDPMJAG_00901	MER0034726	31.117	376	209	15	114	466	9	357	7.65e-34	129
MFDPMJAG_00901	MER0033280	30.376	372	187	15	134	464	30	370	9.89e-34	129
MFDPMJAG_00901	MER0032203	46.853	143	68	4	116	257	11	146	4.16e-33	127
MFDPMJAG_00901	MER0033224	35.798	257	142	10	114	362	8	249	5.25e-33	127
MFDPMJAG_00901	MER0033198	31.765	255	159	5	114	366	10	251	9.70e-33	126
MFDPMJAG_00901	MER0033220	46.528	144	69	4	114	256	9	145	1.37e-32	125
MFDPMJAG_00901	MER0037850	30.748	361	192	15	116	443	11	346	1.71e-32	125
MFDPMJAG_00901	MER0034727	35.433	254	132	9	114	362	9	235	7.38e-32	123
MFDPMJAG_00901	MER0033283	36.898	187	106	3	117	298	13	192	5.23e-31	120
MFDPMJAG_00901	MER0077885	30.184	381	206	16	114	466	18	366	5.43e-31	120
MFDPMJAG_00901	MER0033232	28.455	369	201	12	128	464	24	361	1.40e-30	119
MFDPMJAG_00901	MER0034723	29.355	310	181	10	114	411	9	292	1.88e-30	119
MFDPMJAG_00901	MER0034741	29.752	363	214	14	116	453	10	356	6.31e-30	118
MFDPMJAG_00901	MER0033231	46.721	122	58	3	135	256	9	123	7.59e-30	110
MFDPMJAG_00901	MER0078925	29.367	395	226	19	116	478	11	384	6.67e-29	115
MFDPMJAG_00901	MER0077199	29.060	351	202	12	137	466	1	325	2.80e-28	112
MFDPMJAG_00901	MER0029616	46.212	132	63	5	129	257	9	135	3.94e-27	110
MFDPMJAG_00901	MER0044819	32.540	252	140	10	116	364	15	239	1.06e-26	108
MFDPMJAG_00901	MER0043138	38.194	144	79	3	116	256	13	149	3.47e-25	104
MFDPMJAG_00901	MER0043147	41.538	130	72	2	128	257	1	126	7.72e-25	103
MFDPMJAG_00901	MER0011604	28.346	254	163	9	114	363	11	249	6.89e-19	84.7
MFDPMJAG_00901	MER0045467	32.020	203	111	7	166	362	20	201	1.25e-18	84.3
MFDPMJAG_00901	MER0034664	28.899	218	133	8	115	315	12	224	2.87e-18	83.6
MFDPMJAG_00901	MER0043201	35.537	121	71	2	115	235	11	124	1.32e-17	81.6
MFDPMJAG_00901	MER0045935	33.121	157	92	6	112	262	7	156	5.61e-15	73.2
MFDPMJAG_00901	MER0043139	31.724	145	65	3	115	256	12	125	5.20e-14	70.5
MFDPMJAG_00901	MER0037862	33.708	89	46	3	435	513	5	90	1.14e-07	47.0
MFDPMJAG_00901	MER0031570	28.455	123	72	5	110	232	1	107	4.26e-07	48.1
MFDPMJAG_00901	MER0036044	26.203	187	102	8	86	271	37	188	7.49e-06	44.7
MFDPMJAG_00908	MER0073084	20.833	480	314	13	64	507	33	482	5.09e-19	87.4
MFDPMJAG_00908	MER0014496	26.842	190	114	7	274	448	260	439	6.74e-10	58.9
MFDPMJAG_00911	MER0005767	35.514	107	66	2	210	315	154	258	2.52e-11	61.2
MFDPMJAG_00913	MER0209507	30.588	85	57	2	104	187	10	93	6.45e-07	43.5
MFDPMJAG_01084	MER0078640	39.344	366	188	9	11	361	1	347	8.26e-74	230
MFDPMJAG_01084	MER0060647	36.088	363	209	8	11	362	1	351	1.35e-68	216
MFDPMJAG_01084	MER0044812	43.777	233	111	5	150	367	12	239	1.30e-58	187
MFDPMJAG_01084	MER0043540	41.294	201	110	3	166	363	27	222	3.51e-53	172
MFDPMJAG_01084	MER0045945	43.137	204	111	4	162	365	15	213	6.43e-49	161
MFDPMJAG_01084	MER0046161	40.086	232	117	5	153	367	21	247	1.53e-46	157
MFDPMJAG_01084	MER0115185	53.103	145	66	1	216	360	1	143	1.23e-44	147
MFDPMJAG_01084	MER0436691	29.643	280	151	5	91	365	6	244	6.18e-39	136
MFDPMJAG_01084	MER0043195	26.506	166	92	7	221	366	52	207	8.46e-08	49.7
MFDPMJAG_01084	MER0043394	27.143	140	92	5	214	347	13	148	3.12e-07	46.6
MFDPMJAG_01084	MER0043537	30.137	73	50	1	193	265	14	85	5.92e-06	43.5
MFDPMJAG_01165	MER0034745	33.243	367	201	12	77	415	5	355	1.27e-50	174
MFDPMJAG_01165	MER0034728	32.698	367	203	12	77	415	5	355	5.10e-50	172
MFDPMJAG_01165	MER0033188	34.783	391	207	13	76	427	5	386	2.78e-49	171
MFDPMJAG_01165	MER0033198	35.544	377	193	13	76	415	5	368	1.25e-48	169
MFDPMJAG_01165	MER0034727	33.973	365	199	11	78	415	6	355	1.35e-48	168
MFDPMJAG_01165	MER0077885	33.422	374	203	11	78	419	15	374	1.27e-47	166
MFDPMJAG_01165	MER0033226	32.055	365	208	11	77	415	6	356	2.33e-47	165
MFDPMJAG_01165	MER0033240	34.667	375	192	14	82	415	10	372	3.34e-47	165
MFDPMJAG_01165	MER0033213	33.938	386	191	13	76	415	4	371	6.00e-47	164
MFDPMJAG_01165	MER0034726	32.718	379	205	13	77	421	5	367	6.56e-47	164
MFDPMJAG_01165	MER0033236	34.853	373	188	16	81	415	6	361	1.08e-46	163
MFDPMJAG_01165	MER0078701	32.951	349	190	12	77	397	5	337	1.72e-46	162
MFDPMJAG_01165	MER0033235	34.853	373	188	16	81	415	6	361	2.13e-46	162
MFDPMJAG_01165	MER0037861	33.421	380	191	12	82	415	10	373	1.17e-45	161
MFDPMJAG_01165	MER0030934	33.613	357	196	12	81	419	11	344	3.60e-45	159
MFDPMJAG_01165	MER0033224	33.248	391	188	12	76	415	3	371	1.48e-44	158
MFDPMJAG_01165	MER0034744	31.868	364	207	11	78	415	6	354	4.09e-44	156
MFDPMJAG_01165	MER0034730	31.856	361	204	12	82	415	10	355	4.96e-43	153
MFDPMJAG_01165	MER0034723	32.891	377	192	13	78	415	6	360	1.26e-42	152
MFDPMJAG_01165	MER0033227	32.718	379	196	12	83	415	10	375	1.37e-42	153
MFDPMJAG_01165	MER0037850	40.562	249	122	7	82	312	10	250	1.38e-42	152
MFDPMJAG_01165	MER0077889	31.818	352	208	13	77	415	4	336	2.09e-42	151
MFDPMJAG_01165	MER0033220	34.465	383	195	14	76	415	4	373	3.15e-42	152
MFDPMJAG_01165	MER0033241	32.418	364	207	10	77	415	8	357	4.90e-42	151
MFDPMJAG_01165	MER0078925	30.952	378	201	11	82	415	10	371	6.68e-42	150
MFDPMJAG_01165	MER0032203	39.759	249	124	7	82	312	10	250	4.73e-41	148
MFDPMJAG_01165	MER0034741	40.000	255	123	8	78	312	5	249	6.21e-39	142
MFDPMJAG_01165	MER0037852	52.083	144	59	4	82	223	10	145	2.24e-38	140
MFDPMJAG_01165	MER0033212	38.723	235	132	6	82	312	10	236	1.46e-37	139
MFDPMJAG_01165	MER0033232	32.754	345	187	14	102	415	31	361	2.81e-37	138
MFDPMJAG_01165	MER0034742	51.389	144	60	4	82	223	10	145	3.22e-37	137
MFDPMJAG_01165	MER0033280	30.791	354	191	15	102	415	31	370	2.04e-34	130
MFDPMJAG_01165	MER0033231	52.756	127	51	4	98	223	5	123	8.93e-32	115
MFDPMJAG_01165	MER0043138	39.610	154	81	3	77	226	7	152	3.02e-31	121
MFDPMJAG_01165	MER0077199	29.706	340	198	12	104	417	1	325	1.22e-30	118
MFDPMJAG_01165	MER0029616	47.287	129	60	2	102	227	15	138	2.05e-30	120
MFDPMJAG_01165	MER0033283	29.395	347	200	13	100	415	29	361	1.76e-27	110
MFDPMJAG_01165	MER0043201	26.263	396	228	12	74	418	4	386	1.79e-25	105
MFDPMJAG_01165	MER0011604	27.206	272	171	9	69	325	1	260	1.07e-24	101
MFDPMJAG_01165	MER0044819	42.568	148	70	6	83	227	15	150	4.71e-24	100
MFDPMJAG_01165	MER0043147	31.858	226	134	6	103	313	9	229	3.21e-23	98.2
MFDPMJAG_01165	MER0045467	31.034	203	106	6	127	312	16	201	1.36e-21	92.8
MFDPMJAG_01165	MER0043139	35.333	150	69	2	77	226	7	128	3.31e-21	92.0
MFDPMJAG_01165	MER0045935	33.121	157	94	3	82	233	10	160	1.05e-20	90.1
MFDPMJAG_01165	MER0034664	31.674	221	126	9	73	276	3	215	1.58e-17	81.3
MFDPMJAG_01165	MER0037862	31.183	93	58	3	383	470	6	97	1.42e-07	46.6
MFDPMJAG_01165	MER0031570	27.027	111	65	3	88	198	12	106	1.51e-06	46.6
MFDPMJAG_01165	MER0036044	28.467	137	74	5	88	224	61	173	1.70e-06	46.6
MFDPMJAG_01177	MER0000474	53.216	171	79	1	11	180	33	203	7.09e-62	187
MFDPMJAG_01177	MER0005687	50.000	172	85	1	10	180	36	207	1.15e-56	174
MFDPMJAG_01177	MER0006063	48.503	167	85	1	15	180	38	204	6.97e-54	167
MFDPMJAG_01177	MER0004857	47.619	168	88	0	13	180	36	203	3.82e-53	165
MFDPMJAG_01177	MER0006046	45.614	171	92	1	11	180	33	203	1.88e-51	161
MFDPMJAG_01177	MER0002211	46.784	171	90	1	11	180	33	203	2.55e-50	158
MFDPMJAG_01177	MER0006056	42.515	167	96	0	15	181	42	208	8.99e-48	152
MFDPMJAG_01177	MER0004855	43.713	167	93	1	15	180	39	205	9.56e-48	152
MFDPMJAG_01177	MER0002299	45.294	170	92	1	11	179	27	196	6.79e-47	149
MFDPMJAG_01177	MER0011666	43.258	178	98	2	6	180	8	185	1.76e-45	145
MFDPMJAG_01177	MER0004847	43.529	170	94	2	13	180	35	204	4.08e-42	137
MFDPMJAG_01177	MER0006308	39.766	171	101	2	11	179	23	193	2.77e-39	129
MFDPMJAG_01177	MER0004182	36.628	172	108	1	11	181	29	200	1.87e-37	125
MFDPMJAG_01177	MER0001369	40.000	70	42	0	46	115	61	130	1.72e-06	42.4
MFDPMJAG_01202	MER0015472	28.369	141	95	4	65	201	44	182	2.02e-06	44.7
MFDPMJAG_01202	MER0048181	26.761	142	91	3	66	194	1	142	2.59e-06	43.1
MFDPMJAG_01202	MER0035036	23.697	211	140	7	2	203	28	226	5.64e-06	43.5
MFDPMJAG_01203	MER0015459	43.333	60	26	2	47	105	48	100	2.95e-08	50.1
MFDPMJAG_01203	MER0015468	30.769	91	56	1	11	101	8	91	2.73e-07	46.6
MFDPMJAG_01203	MER0015462	36.364	55	28	1	47	101	46	93	2.34e-06	43.9
MFDPMJAG_01203	MER0030047	37.500	80	41	3	189	267	63	134	6.72e-06	42.0
MFDPMJAG_01287	MER0015475	31.395	172	95	8	51	209	38	199	9.66e-14	64.7
MFDPMJAG_01289	MER0015424	30.847	496	262	16	89	510	29	517	1.83e-48	174
MFDPMJAG_01289	MER0016991	31.439	264	153	9	130	380	72	320	9.01e-19	84.7
MFDPMJAG_01289	MER0001725	26.667	270	147	8	126	385	89	317	3.16e-11	61.6
MFDPMJAG_01289	MER0019280	27.304	293	167	13	58	338	3	261	7.36e-11	60.5
MFDPMJAG_01289	MER0000321	24.620	329	173	14	56	355	67	349	2.56e-10	59.3
MFDPMJAG_01289	MER0000349	29.694	229	114	9	135	343	143	344	2.31e-08	53.1
MFDPMJAG_01289	MER0005859	25.630	238	138	8	132	346	238	459	3.41e-08	53.1
MFDPMJAG_01289	MER0015431	23.780	328	167	16	123	387	73	380	3.91e-08	52.4
MFDPMJAG_01289	MER0016978	28.660	321	170	14	91	387	31	316	1.29e-07	50.4
MFDPMJAG_01289	MER0003020	42.373	59	34	0	280	338	406	464	2.50e-07	50.4
MFDPMJAG_01289	MER0005498	37.879	66	36	1	322	387	265	325	4.13e-07	48.9
MFDPMJAG_01289	MER0002267	24.390	287	147	12	117	385	48	282	7.99e-07	47.8
MFDPMJAG_01289	MER0005757	23.782	349	182	16	105	387	64	394	9.08e-07	48.1
MFDPMJAG_01289	MER0000310	28.105	306	159	15	90	387	22	274	9.28e-07	47.8
MFDPMJAG_01289	MER0016983	29.293	99	60	2	297	387	216	312	1.10e-06	47.8
MFDPMJAG_01289	MER0161312	37.805	82	46	2	286	364	256	335	1.42e-06	47.4
MFDPMJAG_01289	MER0014446	38.095	63	37	1	282	344	319	379	2.41e-06	47.0
MFDPMJAG_01289	MER0002500	29.680	219	117	10	136	339	157	353	4.25e-06	46.2
MFDPMJAG_01289	MER0005756	24.096	332	165	17	123	386	99	411	4.48e-06	46.2
MFDPMJAG_01289	MER0015433	32.258	124	68	5	278	386	349	471	7.64e-06	45.4
MFDPMJAG_01313	MER0003242	48.837	301	150	2	107	407	2	298	6.33e-105	310
MFDPMJAG_01313	MER0003855	31.507	292	176	7	27	307	1	279	1.91e-36	134
MFDPMJAG_01313	MER0013876	31.293	294	178	9	27	313	1	277	8.01e-35	129
MFDPMJAG_01313	MER0004416	27.931	290	174	7	39	311	11	282	5.71e-27	105
MFDPMJAG_01355	MER0069741	41.880	117	66	2	181	297	50	164	1.03e-27	103
MFDPMJAG_01355	MER0003380	43.119	109	59	2	190	297	127	233	3.83e-24	95.9
MFDPMJAG_01355	MER0013541	50.000	86	42	1	201	286	1	85	3.58e-23	88.6
MFDPMJAG_01355	MER0015415	40.476	84	50	0	203	286	66	149	1.71e-18	78.6
MFDPMJAG_01355	MER0003376	38.393	112	55	3	201	298	45	156	5.02e-17	74.3
MFDPMJAG_01355	MER0003423	37.097	124	73	2	180	298	11	134	1.01e-16	72.8
MFDPMJAG_01355	MER0001419	36.719	128	76	2	176	298	7	134	1.02e-16	72.8
MFDPMJAG_01355	MER0066182	37.121	132	69	4	176	301	69	192	1.07e-14	68.6
MFDPMJAG_01355	MER0003906	35.922	103	61	2	201	298	1	103	1.55e-14	65.9
MFDPMJAG_01355	MER0387040	40.196	102	59	2	201	301	1	101	2.73e-14	65.1
MFDPMJAG_01355	MER0025070	35.185	108	56	5	198	294	3	107	9.73e-08	47.0
MFDPMJAG_01355	MER0005300	31.683	101	67	2	199	298	62	161	2.30e-07	47.0
MFDPMJAG_01355	MER0388771	34.906	106	55	5	200	294	1	103	6.96e-07	44.3
MFDPMJAG_01368	MER0005767	28.391	317	188	9	56	371	27	305	2.85e-32	121
MFDPMJAG_01368	MER0030136	24.450	409	268	15	6	387	1	395	4.89e-16	76.3
MFDPMJAG_01368	MER0030151	24.505	404	274	14	6	387	1	395	9.10e-15	72.4
MFDPMJAG_01368	MER0030143	22.772	404	281	14	6	387	1	395	4.55e-13	67.4
MFDPMJAG_01368	MER0015112	23.020	404	284	13	6	387	1	399	3.86e-12	64.3
MFDPMJAG_01368	MER0030149	21.696	401	289	12	6	387	1	395	4.42e-10	58.2
MFDPMJAG_01368	MER0030155	30.328	122	82	2	6	125	1	121	1.63e-09	56.2
MFDPMJAG_01417	MER0066178	23.474	213	143	6	61	268	14	211	2.23e-08	50.4
MFDPMJAG_01417	MER0061102	25.333	150	98	4	57	202	11	150	5.18e-07	46.6
MFDPMJAG_01521	MER0001161	39.443	682	403	4	1	676	1	678	2.66e-172	505
MFDPMJAG_01521	MER0001158	35.451	677	432	4	3	676	3	677	1.68e-144	434
MFDPMJAG_01521	MER0006087	35.252	695	423	12	3	677	12	699	1.48e-137	416
MFDPMJAG_01521	MER0015119	33.891	717	425	16	3	677	8	717	5.11e-128	392
MFDPMJAG_01521	MER0108144	31.530	647	411	13	49	676	29	662	3.94e-99	315
MFDPMJAG_01521	MER0001149	32.214	655	414	11	34	676	40	676	6.26e-99	315
MFDPMJAG_01521	MER0003110	30.759	725	428	17	10	676	7	715	3.06e-94	304
MFDPMJAG_01521	MER0001942	31.736	605	378	14	86	676	93	676	9.00e-88	285
MFDPMJAG_01521	MER0001153	31.411	659	401	17	49	676	54	692	1.08e-84	278
MFDPMJAG_01521	MER0079465	27.692	650	428	19	52	676	2	634	1.44e-72	244
MFDPMJAG_01521	MER0015170	25.197	635	438	15	42	671	23	625	8.97e-59	206
MFDPMJAG_01521	MER0001156	25.985	685	447	18	9	653	20	684	2.57e-49	181
MFDPMJAG_01521	MER0021317	37.879	66	41	0	439	504	22	87	1.50e-09	52.4
MFDPMJAG_01527	MER0002251	48.069	233	115	4	2	231	1	230	4.40e-72	216
MFDPMJAG_01527	MER0001335	39.035	228	132	4	4	228	3	226	2.57e-50	161
MFDPMJAG_01530	MER0042387	34.054	185	110	6	74	251	1	180	1.57e-28	104
MFDPMJAG_01530	MER0031491	29.947	187	113	4	74	246	1	183	4.77e-24	92.8
MFDPMJAG_01530	MER0026545	28.279	244	143	7	32	251	32	267	7.41e-23	91.7
MFDPMJAG_01530	MER0026496	26.132	287	159	8	4	254	4	273	3.76e-19	81.3
MFDPMJAG_01530	MER0026552	30.769	156	102	4	95	248	14	165	1.56e-18	77.8
MFDPMJAG_01530	MER0002642	27.907	172	107	6	91	253	12	175	1.25e-12	61.6
MFDPMJAG_01530	MER0006292	27.673	159	97	7	102	248	23	175	1.18e-06	44.7
MFDPMJAG_01600	MER0281397	27.228	202	120	5	121	299	4	201	2.13e-14	68.6
MFDPMJAG_01600	MER0028284	28.276	145	86	4	121	256	55	190	8.06e-10	56.6
MFDPMJAG_01600	MER1143079	27.273	264	141	15	95	328	16	258	2.20e-07	48.5
MFDPMJAG_01600	MER0026262	26.250	240	118	10	92	282	19	248	3.03e-07	48.5
MFDPMJAG_01600	MER0140154	23.661	224	121	6	115	297	35	249	1.69e-06	46.2
MFDPMJAG_01600	MER0000457	27.737	137	75	6	121	245	61	185	2.59e-06	45.4
MFDPMJAG_01600	MER0004154	24.893	233	147	9	92	302	19	245	7.81e-06	44.3
MFDPMJAG_01606	MER0011781	24.211	285	150	15	38	320	17	237	2.04e-10	58.2
MFDPMJAG_01606	MER0011806	23.529	289	149	11	37	320	16	237	2.50e-09	54.7
MFDPMJAG_01606	MER0004101	23.958	288	147	11	38	320	17	237	3.39e-09	54.3
MFDPMJAG_01692	MER0001423	25.446	224	118	8	74	284	44	231	1.26e-09	54.3
MFDPMJAG_01692	MER0031570	23.200	250	171	6	25	268	3	237	4.11e-09	53.1
MFDPMJAG_01692	MER0033242	31.068	103	68	3	39	138	26	128	1.66e-07	48.5
MFDPMJAG_01692	MER0036027	22.689	238	162	6	25	255	3	225	4.81e-07	47.0
MFDPMJAG_01692	MER0036044	21.901	242	168	6	33	268	60	286	6.57e-07	46.6
MFDPMJAG_01714	MER0001244	37.500	264	150	5	154	405	2	262	3.84e-56	182
MFDPMJAG_01714	MER0013463	36.502	263	152	4	153	404	1	259	1.55e-50	168
MFDPMJAG_01714	MER0001733	32.314	229	140	1	155	368	3	231	2.82e-42	147
MFDPMJAG_01714	MER0028601	30.545	275	155	10	155	404	3	266	4.71e-38	135
MFDPMJAG_01714	MER0004931	32.773	238	134	5	154	387	2	217	3.23e-33	121
MFDPMJAG_01714	MER0005462	30.126	239	141	5	153	387	1	217	2.95e-31	116
MFDPMJAG_01714	MER0004532	30.705	241	130	6	154	385	2	214	1.07e-30	114
MFDPMJAG_01714	MER0001248	29.880	251	126	8	201	405	7	253	7.47e-30	113
MFDPMJAG_01714	MER0005715	28.870	239	144	6	154	386	2	220	7.33e-24	96.3
MFDPMJAG_01714	MER0001250	25.532	282	149	9	155	385	3	274	1.45e-15	73.6
MFDPMJAG_01714	MER0002038	25.134	187	111	6	210	390	59	222	3.44e-14	68.6
MFDPMJAG_01714	MER0016544	26.636	214	121	8	203	403	77	267	1.61e-10	58.2
MFDPMJAG_01714	MER0027437	24.390	246	143	11	153	379	1	222	1.00e-09	55.8
MFDPMJAG_01714	MER0003105	24.752	202	108	10	210	394	66	240	7.68e-08	50.1
MFDPMJAG_01717	MER0036053	27.174	184	103	6	16	176	4	179	3.45e-16	73.2
MFDPMJAG_01717	MER0017177	30.328	122	82	2	7	125	21	142	2.91e-14	68.2
MFDPMJAG_01717	MER0036115	33.333	105	62	2	18	117	33	134	7.91e-14	66.6
MFDPMJAG_01717	MER0036054	37.736	106	64	2	21	124	17	122	7.08e-13	63.9
MFDPMJAG_01717	MER0044581	35.455	110	64	4	13	115	64	173	1.15e-12	63.5
MFDPMJAG_01717	MER0213280	26.016	123	84	2	20	140	30	147	5.15e-12	61.6
MFDPMJAG_01717	MER0004146	33.898	118	72	3	6	117	4	121	5.48e-12	61.2
MFDPMJAG_01717	MER0026339	33.913	115	72	3	7	117	9	123	9.11e-12	60.5
MFDPMJAG_01717	MER0031619	31.304	115	77	1	17	129	25	139	1.17e-11	60.5
MFDPMJAG_01717	MER0035044	32.609	92	60	1	20	109	33	124	1.85e-11	60.1
MFDPMJAG_01717	MER0035038	30.108	93	63	1	19	109	29	121	1.88e-11	59.7
MFDPMJAG_01717	MER0044578	34.314	102	60	4	21	115	74	175	2.62e-11	59.7
MFDPMJAG_01717	MER0017193	29.252	147	94	3	8	144	13	159	2.62e-11	59.3
MFDPMJAG_01717	MER0035032	31.522	92	61	1	20	109	31	122	3.13e-11	59.3
MFDPMJAG_01717	MER0037236	31.452	124	80	2	5	123	4	127	1.90e-10	56.6
MFDPMJAG_01717	MER0011785	30.216	139	88	3	4	133	18	156	3.61e-10	56.2
MFDPMJAG_01717	MER0035035	31.373	102	60	4	15	109	28	126	4.87e-10	55.8
MFDPMJAG_01717	MER0036084	24.286	140	95	3	16	144	14	153	5.97e-10	55.1
MFDPMJAG_01717	MER0017142	28.571	119	79	3	9	126	2	115	1.43e-09	53.9
MFDPMJAG_01717	MER0014065	29.565	115	77	3	6	116	18	132	1.49e-09	54.3
MFDPMJAG_01717	MER0036072	25.455	110	74	1	17	118	77	186	2.95e-09	53.5
MFDPMJAG_01717	MER0031617	23.636	165	116	4	3	163	15	173	6.67e-09	52.4
MFDPMJAG_01717	MER0025512	29.213	89	61	1	38	124	66	154	1.10e-08	51.6
MFDPMJAG_01717	MER0031616	25.000	172	110	6	19	171	38	209	1.18e-08	51.6
MFDPMJAG_01717	MER0213829	28.682	129	84	4	21	141	50	178	1.20e-08	51.6
MFDPMJAG_01717	MER0044350	28.571	98	63	2	20	112	1	96	1.63e-08	50.8
MFDPMJAG_01717	MER0036065	28.346	127	84	1	21	140	3	129	1.80e-08	50.8
MFDPMJAG_01717	MER0031611	26.984	126	87	3	4	125	23	147	1.89e-08	50.8
MFDPMJAG_01717	MER0011509	23.944	142	95	2	20	157	38	170	3.02e-08	50.4
MFDPMJAG_01717	MER0044633	28.205	117	78	4	21	131	74	190	5.23e-08	49.7
MFDPMJAG_01717	MER0036069	32.174	115	71	4	9	116	67	181	1.45e-07	48.5
MFDPMJAG_01717	MER0035043	32.222	90	57	2	20	106	35	123	2.83e-07	47.4
MFDPMJAG_01717	MER0003280	26.400	125	86	3	5	123	11	135	3.84e-07	47.0
MFDPMJAG_01717	MER0183709	32.558	86	51	2	46	124	62	147	4.74e-07	46.6
MFDPMJAG_01717	MER0031653	25.874	143	67	4	20	123	72	214	5.95e-07	46.6
MFDPMJAG_01717	MER0036064	24.359	234	167	8	19	244	26	257	6.65e-07	46.2
MFDPMJAG_01717	MER0031610	26.531	98	69	2	21	116	55	151	6.88e-07	46.2
MFDPMJAG_01717	MER0045809	22.703	185	125	5	62	233	93	272	1.11e-06	45.4
MFDPMJAG_01717	MER0033249	26.364	110	78	2	21	127	35	144	1.19e-06	45.1
MFDPMJAG_01717	MER0037853	33.071	127	71	7	7	120	11	136	1.29e-06	45.4
MFDPMJAG_01717	MER0044900	29.213	89	58	2	21	104	95	183	1.75e-06	45.1
MFDPMJAG_01717	MER0036059	26.515	132	78	4	20	132	45	176	2.61e-06	44.7
MFDPMJAG_01717	MER0036066	24.020	204	139	6	21	212	1	200	3.46e-06	43.9
MFDPMJAG_01717	MER0036062	34.579	107	55	5	21	115	33	136	4.46e-06	43.5
MFDPMJAG_01717	MER0043008	20.567	141	101	3	16	145	16	156	4.66e-06	43.5
MFDPMJAG_01717	MER0030163	28.571	98	65	2	41	134	50	146	4.95e-06	43.5
MFDPMJAG_01717	MER0042914	39.344	61	36	1	62	121	93	153	7.17e-06	43.1
MFDPMJAG_01717	MER0036075	26.606	109	76	3	21	125	71	179	9.94e-06	42.7
MFDPMJAG_01739	MER0033237	27.517	149	90	7	53	187	22	166	8.30e-09	52.4
MFDPMJAG_01739	MER0003558	24.186	215	136	8	66	265	40	242	2.91e-08	50.4
MFDPMJAG_01739	MER0031563	26.050	119	73	4	40	154	1	108	5.60e-08	49.3
MFDPMJAG_01756	MER0015472	29.560	159	102	3	26	178	25	179	2.38e-16	71.6
MFDPMJAG_01756	MER0015473	31.034	145	88	4	47	179	37	181	5.41e-13	62.4
MFDPMJAG_01756	MER0015632	30.178	169	86	6	39	191	37	189	6.77e-12	59.7
MFDPMJAG_01756	MER0035036	32.237	152	91	4	34	178	75	221	7.03e-10	54.3
MFDPMJAG_01756	MER0015462	37.805	82	49	1	39	120	40	119	7.46e-09	50.4
MFDPMJAG_01756	MER0030047	31.618	136	81	4	50	178	1	131	8.65e-09	49.3
MFDPMJAG_01756	MER0015459	31.915	141	86	3	39	179	42	172	2.04e-08	49.7
MFDPMJAG_01756	MER0048181	28.671	143	86	2	47	174	1	142	8.71e-08	46.6
MFDPMJAG_01756	MER0015458	27.749	191	109	5	42	209	47	231	8.59e-07	45.1
MFDPMJAG_01756	MER0015633	36.145	83	50	1	39	121	42	121	1.68e-06	44.3
MFDPMJAG_01757	MER0000485	48.319	238	122	1	572	808	1	238	1.20e-72	235
MFDPMJAG_01757	MER0000495	42.510	247	133	2	572	809	1	247	2.45e-59	199
MFDPMJAG_01757	MER0003442	46.575	219	111	2	594	809	10	225	1.12e-57	193
MFDPMJAG_01757	MER0011056	46.860	207	107	1	602	805	15	221	9.87e-56	188
MFDPMJAG_01757	MER0011057	46.919	211	107	2	598	805	13	221	2.76e-54	184
MFDPMJAG_01757	MER0014970	35.484	279	135	2	572	805	1	279	2.42e-53	184
MFDPMJAG_01757	MER0000488	42.241	232	128	3	572	800	1	229	5.32e-52	178
MFDPMJAG_01757	MER0003443	46.597	191	97	2	612	797	30	220	1.05e-51	177
MFDPMJAG_01757	MER0004236	45.087	173	93	1	629	801	87	257	2.87e-44	157
MFDPMJAG_01757	MER0000496	42.929	198	106	3	598	789	81	277	2.59e-43	156
MFDPMJAG_01757	MER0108906	38.819	237	136	4	572	805	1	231	3.64e-40	144
MFDPMJAG_01757	MER0005837	37.788	217	118	4	573	774	2	216	3.02e-39	143
MFDPMJAG_01757	MER0026213	34.211	152	97	1	658	809	111	259	1.90e-22	94.7
MFDPMJAG_01757	MER0017402	31.694	183	113	4	630	807	28	203	7.52e-17	77.4
MFDPMJAG_01757	MER0003859	29.936	157	103	2	652	808	79	228	5.30e-15	72.4
MFDPMJAG_01757	MER0003359	31.677	161	97	5	630	780	45	202	1.44e-11	62.0
MFDPMJAG_01757	MER0017403	36.250	80	51	0	696	775	97	176	1.60e-06	47.0
MFDPMJAG_01757	MER0000491	25.000	112	81	1	668	779	5	113	1.80e-06	46.2
MFDPMJAG_01842	MER0173063	39.033	269	157	4	144	408	2	267	1.68e-51	171
MFDPMJAG_01842	MER0002635	37.589	282	158	3	144	408	3	283	6.56e-51	170
MFDPMJAG_01842	MER0002646	32.131	305	168	3	144	409	3	307	3.56e-49	166
MFDPMJAG_01842	MER0049282	34.884	258	159	5	157	410	21	273	1.57e-39	139
MFDPMJAG_01842	MER0003824	37.118	229	138	4	181	408	39	262	2.36e-39	139
MFDPMJAG_01842	MER0120615	30.597	268	169	6	144	405	1	257	7.40e-37	132
MFDPMJAG_01842	MER0003772	27.925	265	187	3	149	410	9	272	1.65e-28	110
MFDPMJAG_01842	MER0011469	25.517	290	192	4	141	410	4	289	2.12e-24	99.0
MFDPMJAG_01842	MER0011470	26.545	275	171	6	161	410	15	283	1.48e-22	94.0
MFDPMJAG_01842	MER0142760	33.094	139	91	1	243	381	301	437	1.61e-17	80.9
MFDPMJAG_01842	MER0006292	26.263	198	121	6	212	409	1	173	1.46e-12	62.8
MFDPMJAG_01842	MER0015215	32.927	82	50	2	218	298	7	84	9.99e-06	43.1
MFDPMJAG_01845	MER0047723	44.842	475	261	1	7	480	1	475	3.87e-150	434
MFDPMJAG_01845	MER0001283	42.975	484	276	0	3	486	1	484	1.16e-144	420
MFDPMJAG_01845	MER0028941	30.814	172	95	5	13	172	2	161	2.85e-12	64.7
MFDPMJAG_01845	MER0369336	26.050	238	136	9	64	293	7	212	3.50e-09	55.1
MFDPMJAG_01937	MER0037236	26.848	257	162	6	10	243	8	261	2.79e-19	81.3
MFDPMJAG_01937	MER0004146	25.379	264	152	10	13	243	10	261	1.62e-14	68.2
MFDPMJAG_01937	MER0031611	20.789	279	189	7	1	249	14	290	4.23e-12	61.6
MFDPMJAG_01937	MER0036068	25.926	189	123	5	70	241	105	293	2.06e-11	59.7
MFDPMJAG_01937	MER0036053	21.591	264	166	6	17	243	4	263	8.04e-10	54.7
MFDPMJAG_01937	MER0036076	22.407	241	154	10	22	241	63	291	2.23e-09	53.5
MFDPMJAG_01937	MER0036067	23.333	240	160	7	22	240	52	288	3.99e-09	52.8
MFDPMJAG_01937	MER0036066	21.545	246	162	8	22	242	1	240	8.61e-09	51.6
MFDPMJAG_01937	MER0017033	20.385	260	178	9	6	243	48	300	1.56e-07	48.1
MFDPMJAG_01937	MER0017142	23.204	181	108	4	83	241	73	244	7.40e-07	45.8
MFDPMJAG_01937	MER0036057	19.342	243	168	9	22	243	63	298	1.63e-06	45.1
MFDPMJAG_01937	MER0011509	27.778	108	72	2	20	121	37	144	2.38e-06	44.7
MFDPMJAG_01937	MER0035973	22.807	171	116	4	83	242	121	286	2.58e-06	44.3
MFDPMJAG_01937	MER0035038	30.612	98	60	3	21	112	30	125	3.50e-06	43.9
MFDPMJAG_01937	MER0043008	21.569	255	177	9	17	251	16	267	4.43e-06	43.5
MFDPMJAG_01939	MER0034745	36.585	246	133	5	107	346	7	235	3.01e-41	148
MFDPMJAG_01939	MER0032203	38.583	254	128	6	109	346	9	250	3.34e-41	148
MFDPMJAG_01939	MER0033213	36.538	260	127	6	109	347	9	251	2.87e-39	143
MFDPMJAG_01939	MER0037850	35.943	281	152	7	109	373	9	277	3.89e-39	142
MFDPMJAG_01939	MER0033220	37.354	257	132	5	107	346	7	251	8.72e-39	142
MFDPMJAG_01939	MER0033224	36.508	252	138	5	109	347	8	250	7.45e-38	139
MFDPMJAG_01939	MER0034730	47.682	151	71	2	106	256	6	148	9.43e-38	138
MFDPMJAG_01939	MER0034744	35.366	246	136	6	107	346	7	235	1.02e-37	138
MFDPMJAG_01939	MER0033226	36.066	244	133	6	110	347	11	237	2.01e-37	137
MFDPMJAG_01939	MER0037861	37.600	250	126	9	109	341	9	245	2.23e-37	138
MFDPMJAG_01939	MER0033240	32.831	332	177	11	109	418	9	316	4.99e-37	137
MFDPMJAG_01939	MER0030934	38.017	242	135	8	110	346	12	243	5.45e-37	136
MFDPMJAG_01939	MER0034727	35.918	245	134	6	108	346	8	235	5.52e-37	136
MFDPMJAG_01939	MER0078701	35.341	249	132	7	107	346	7	235	1.45e-36	135
MFDPMJAG_01939	MER0078925	35.135	259	138	6	106	346	4	250	1.92e-36	135
MFDPMJAG_01939	MER0034726	34.959	246	137	5	107	346	7	235	2.01e-36	135
MFDPMJAG_01939	MER0077885	35.772	246	133	7	108	346	17	244	9.00e-36	133
MFDPMJAG_01939	MER0034723	34.286	245	144	5	107	346	7	239	1.55e-35	132
MFDPMJAG_01939	MER0033241	36.885	244	131	6	110	346	13	240	1.74e-35	132
MFDPMJAG_01939	MER0034741	32.975	279	167	4	109	375	8	278	2.10e-35	132
MFDPMJAG_01939	MER0034728	45.578	147	72	2	107	253	7	145	4.13e-35	131
MFDPMJAG_01939	MER0033227	47.059	153	68	4	111	256	10	156	3.10e-34	129
MFDPMJAG_01939	MER0033235	38.073	218	111	8	110	317	7	210	4.50e-34	128
MFDPMJAG_01939	MER0033236	38.073	218	111	8	110	317	7	210	5.61e-34	128
MFDPMJAG_01939	MER0077889	43.537	147	75	2	110	256	9	147	5.78e-34	127
MFDPMJAG_01939	MER0037852	47.260	146	69	2	108	253	8	145	4.17e-33	125
MFDPMJAG_01939	MER0011604	30.909	330	206	9	102	420	4	322	9.18e-33	124
MFDPMJAG_01939	MER0033188	35.043	234	133	6	109	331	10	235	6.07e-32	123
MFDPMJAG_01939	MER0034742	46.575	146	70	2	108	253	8	145	1.04e-31	122
MFDPMJAG_01939	MER0033198	45.517	145	72	3	109	253	10	147	2.36e-30	118
MFDPMJAG_01939	MER0033212	32.787	244	144	6	110	348	10	238	1.18e-29	116
MFDPMJAG_01939	MER0033231	49.219	128	57	3	129	256	7	126	4.43e-29	108
MFDPMJAG_01939	MER0043138	33.594	256	129	9	110	341	12	250	5.68e-28	112
MFDPMJAG_01939	MER0033283	46.154	130	62	2	129	258	29	150	5.74e-27	108
MFDPMJAG_01939	MER0033232	38.021	192	102	7	131	317	31	210	8.20e-27	108
MFDPMJAG_01939	MER0043201	40.816	147	76	4	111	256	12	148	2.29e-23	98.6
MFDPMJAG_01939	MER0045467	30.526	190	124	3	160	347	19	202	5.83e-23	96.7
MFDPMJAG_01939	MER0029616	33.146	178	94	5	131	293	15	182	9.10e-23	97.4
MFDPMJAG_01939	MER0077199	31.651	218	126	6	135	346	3	203	1.28e-22	95.5
MFDPMJAG_01939	MER0033280	35.821	201	103	7	131	317	31	219	2.19e-22	95.5
MFDPMJAG_01939	MER0034664	31.064	235	135	10	109	326	11	235	9.76e-22	93.6
MFDPMJAG_01939	MER0043147	37.419	155	82	5	127	274	4	150	1.53e-20	90.1
MFDPMJAG_01939	MER0044819	38.926	149	78	5	111	258	15	151	2.64e-20	89.0
MFDPMJAG_01939	MER0045935	36.242	149	86	4	108	253	8	150	4.64e-20	88.2
MFDPMJAG_01939	MER0043139	38.889	144	58	3	110	253	12	125	8.79e-19	84.7
MFDPMJAG_01939	MER0037862	30.189	106	50	4	365	453	2	100	4.52e-07	45.1
MFDPMJAG_01939	MER0031570	26.144	153	94	4	131	283	25	158	6.62e-07	47.4
MFDPMJAG_01941	MER0001295	44.865	185	90	3	374	555	3	178	7.99e-44	152
MFDPMJAG_01941	MER0003065	36.842	171	96	4	384	554	6	164	1.78e-25	100
MFDPMJAG_01941	MER0003413	34.161	161	96	2	394	554	15	165	8.24e-25	98.6
MFDPMJAG_01941	MER0001425	38.323	167	88	5	390	554	17	170	1.09e-22	92.8
MFDPMJAG_01941	MER0003514	35.263	190	90	5	372	554	1	164	4.73e-22	90.9
MFDPMJAG_01941	MER0001297	38.028	142	77	3	394	535	15	145	6.20e-22	90.5
MFDPMJAG_01941	MER0004196	32.515	163	97	3	394	554	15	166	1.63e-20	86.3
MFDPMJAG_01941	MER0005714	33.333	180	97	7	384	553	6	172	5.76e-18	79.3
MFDPMJAG_01941	MER0015684	33.529	170	91	6	385	544	4	161	6.68e-17	75.9
MFDPMJAG_01941	MER0004195	26.994	163	105	5	394	554	15	165	3.16e-12	62.4
MFDPMJAG_01949	MER0035017	24.396	414	236	13	588	961	1	377	1.60e-30	122
MFDPMJAG_01949	MER0004090	26.492	419	226	14	580	965	1	370	2.38e-26	109
MFDPMJAG_01949	MER0003800	25.624	441	257	14	578	986	6	407	2.61e-24	103
MFDPMJAG_01949	MER0026262	24.205	409	221	15	589	972	2	346	2.60e-10	60.1
MFDPMJAG_01949	MER0011700	22.642	318	200	12	588	896	1	281	1.42e-08	54.7
MFDPMJAG_01949	MER0006204	24.348	115	82	2	589	699	6	119	1.41e-07	51.6
MFDPMJAG_01959	MER0000589	37.879	66	37	1	416	477	163	228	1.51e-08	52.4
MFDPMJAG_01959	MER0000589	25.862	174	63	5	140	303	1	118	3.65e-07	48.5
MFDPMJAG_01959	MER0013626	28.090	89	46	1	405	475	55	143	1.36e-07	48.1
MFDPMJAG_01959	MER0000592	32.323	99	42	3	405	478	52	150	2.48e-07	47.4
MFDPMJAG_01959	MER0015993	32.955	88	31	3	414	473	58	145	5.08e-07	46.6
MFDPMJAG_01959	MER0002550	33.000	100	42	4	406	481	56	154	8.45e-07	45.8
MFDPMJAG_01959	MER0055964	31.250	80	39	3	406	471	64	141	2.30e-06	44.3
MFDPMJAG_01974	MER0061102	33.047	233	141	3	390	610	2	231	4.89e-35	129
MFDPMJAG_01974	MER0061102	31.739	230	145	5	30	247	2	231	5.13e-29	112
MFDPMJAG_01975	MER0061102	27.119	236	137	6	150	356	2	231	1.03e-18	81.3
MFDPMJAG_01976	MER0061102	29.661	236	154	5	146	374	1	231	1.11e-24	98.2
MFDPMJAG_01977	MER0061102	34.615	234	136	6	144	364	2	231	5.91e-30	112
MFDPMJAG_01978	MER0061102	34.322	236	144	4	140	370	2	231	2.49e-38	134
MFDPMJAG_02003	MER0026339	25.101	247	135	11	66	262	14	260	3.80e-08	50.1
MFDPMJAG_02003	MER0035044	33.684	95	52	5	67	152	24	116	7.30e-08	49.3
MFDPMJAG_02003	MER0004146	25.346	217	108	9	73	239	18	230	5.94e-07	46.6
MFDPMJAG_02003	MER0036054	32.203	118	66	5	74	181	16	129	2.20e-06	44.7
MFDPMJAG_02003	MER0045479	25.000	216	127	9	70	259	28	234	5.02e-06	43.5
MFDPMJAG_02003	MER0035035	29.787	94	57	4	67	152	26	118	5.53e-06	43.5
MFDPMJAG_02003	MER0035038	32.632	95	53	5	67	152	21	113	7.42e-06	43.1
MFDPMJAG_02031	MER0000474	52.910	189	89	0	34	222	16	204	3.89e-73	218
MFDPMJAG_02031	MER0005687	48.598	214	99	3	10	221	3	207	7.00e-67	202
MFDPMJAG_02031	MER0006046	49.206	189	96	0	33	221	15	203	1.63e-64	196
MFDPMJAG_02031	MER0002299	49.189	185	94	0	36	220	12	196	2.21e-60	185
MFDPMJAG_02031	MER0004857	48.454	194	98	2	30	222	12	204	3.86e-60	185
MFDPMJAG_02031	MER0002211	48.404	188	97	0	34	221	16	203	1.17e-59	184
MFDPMJAG_02031	MER0004855	46.667	180	96	0	42	221	26	205	4.92e-58	179
MFDPMJAG_02031	MER0006063	43.956	182	102	0	40	221	23	204	3.77e-55	172
MFDPMJAG_02031	MER0004847	47.340	188	98	1	36	222	18	205	4.07e-54	169
MFDPMJAG_02031	MER0006056	49.080	163	82	1	59	221	46	207	1.88e-52	165
MFDPMJAG_02031	MER0006308	38.418	177	108	1	45	220	17	193	1.48e-46	150
MFDPMJAG_02031	MER0004182	42.197	173	100	0	49	221	27	199	8.43e-46	148
MFDPMJAG_02031	MER0011666	40.828	169	98	2	55	221	17	185	1.29e-40	134
MFDPMJAG_02031	MER0001369	40.741	81	46	1	76	156	52	130	1.16e-06	43.5
MFDPMJAG_02035	MER0031610	35.200	250	146	6	15	253	56	300	2.60e-46	153
MFDPMJAG_02035	MER0014065	32.353	102	64	3	10	107	30	130	4.49e-11	58.9
MFDPMJAG_02035	MER0017193	28.571	91	64	1	9	98	21	111	8.49e-10	54.7
MFDPMJAG_02035	MER0036115	29.412	102	68	2	11	109	33	133	5.47e-09	52.4
MFDPMJAG_02035	MER0044900	24.719	267	158	11	15	246	96	354	1.30e-08	51.6
MFDPMJAG_02035	MER0026339	30.000	130	86	4	10	136	21	148	2.31e-08	50.4
MFDPMJAG_02035	MER0031619	29.524	105	70	2	13	114	28	131	1.77e-07	48.1
MFDPMJAG_02035	MER0031616	30.392	102	65	2	13	109	39	139	5.57e-07	46.6
MFDPMJAG_02035	MER0011509	32.203	118	72	4	13	125	38	152	5.57e-07	46.6
MFDPMJAG_02035	MER0000436	30.435	115	70	4	4	108	11	125	7.21e-07	46.2
MFDPMJAG_02035	MER0011785	24.739	287	170	13	10	253	31	314	7.51e-07	46.2
MFDPMJAG_02035	MER0036072	26.549	113	73	3	9	112	76	187	8.60e-07	45.8
MFDPMJAG_02035	MER0004146	21.723	267	174	8	1	245	6	259	8.80e-07	45.8
MFDPMJAG_02035	MER0037236	28.682	129	83	4	3	122	9	137	9.21e-07	45.4
MFDPMJAG_02035	MER0031617	26.271	118	79	3	9	119	30	146	2.38e-06	44.7
MFDPMJAG_02035	MER0033259	30.631	111	71	4	3	107	20	130	6.28e-06	43.1
MFDPMJAG_02035	MER0031614	23.669	169	109	6	17	165	87	255	7.34e-06	43.1
MFDPMJAG_02035	MER0017177	21.569	153	114	3	3	149	24	176	8.52e-06	43.1
MFDPMJAG_02035	MER0044858	24.101	278	160	12	15	249	57	326	8.57e-06	43.1
MFDPMJAG_02066	MER0006204	25.000	408	249	13	36	420	2	375	6.82e-25	102
MFDPMJAG_02066	MER0026262	27.687	307	174	14	40	335	2	271	2.27e-21	91.7
MFDPMJAG_02066	MER0122661	23.873	377	228	12	41	406	1	329	1.43e-19	86.3
MFDPMJAG_02066	MER0003802	29.268	205	109	7	73	274	34	205	3.43e-18	81.6
MFDPMJAG_02066	MER0005925	28.079	203	122	5	45	241	8	192	3.97e-18	82.0
MFDPMJAG_02066	MER0004090	25.193	389	225	16	40	400	10	360	1.46e-16	77.8
MFDPMJAG_02066	MER0140154	25.676	296	170	13	54	325	1	270	9.60e-16	74.7
MFDPMJAG_02066	MER0005923	25.272	368	162	14	45	330	14	350	1.01e-14	72.4
MFDPMJAG_02066	MER0004154	27.363	201	125	5	56	255	18	198	3.62e-14	70.1
MFDPMJAG_02066	MER0005964	22.179	257	167	5	36	285	3	233	1.06e-13	68.9
MFDPMJAG_02066	MER0034963	30.539	167	92	4	42	208	9	151	6.11e-13	66.6
MFDPMJAG_02066	MER0000463	25.792	221	134	7	41	260	3	194	1.93e-12	65.1
MFDPMJAG_02066	MER0011700	25.000	228	138	6	54	265	16	226	8.33e-12	63.2
MFDPMJAG_02066	MER0003800	21.296	324	212	10	27	327	5	308	1.38e-10	59.7
MFDPMJAG_02066	MER0002489	24.172	302	187	11	56	355	25	286	2.32e-10	58.5
MFDPMJAG_02066	MER1143079	23.887	247	137	6	91	336	45	241	2.93e-10	57.8
MFDPMJAG_02066	MER0219770	21.393	201	137	4	45	244	5	185	7.23e-10	56.6
MFDPMJAG_02066	MER0028284	22.705	207	135	6	39	244	1	183	9.35e-10	56.6
MFDPMJAG_02066	MER0011726	23.849	239	141	6	46	272	13	222	1.88e-09	55.8
MFDPMJAG_02066	MER0017069	24.762	210	121	8	45	245	1	182	8.13e-08	50.4
MFDPMJAG_02066	MER0000459	23.196	194	121	5	63	250	31	202	2.77e-07	48.9
MFDPMJAG_02066	MER0011718	26.797	153	87	4	56	208	23	150	9.41e-07	47.4
MFDPMJAG_02066	MER0017074	25.893	224	120	9	46	257	13	202	1.58e-06	46.6
MFDPMJAG_02066	MER0034964	22.867	293	163	13	55	336	22	262	1.89e-06	46.6
MFDPMJAG_02066	MER0192873	24.359	234	137	13	91	311	1	207	8.68e-06	43.5
MFDPMJAG_02095	MER0011686	27.586	87	46	1	30	116	45	114	2.73e-06	44.3
MFDPMJAG_02119	MER0005169	33.134	335	213	6	14	345	17	343	6.07e-52	172
MFDPMJAG_02119	MER0013829	32.102	352	222	8	3	347	6	347	1.69e-48	164
MFDPMJAG_02119	MER0005472	33.537	328	200	7	9	334	12	323	1.52e-41	145
MFDPMJAG_02119	MER0004410	30.398	352	224	9	2	343	5	345	3.69e-40	142
MFDPMJAG_02119	MER0002046	33.548	310	185	10	32	338	35	326	1.87e-39	139
MFDPMJAG_02119	MER0005160	29.930	284	182	7	54	334	55	324	4.54e-30	114
MFDPMJAG_02119	MER0002043	26.879	346	231	9	4	334	7	345	6.03e-29	112
MFDPMJAG_02119	MER0022215	23.077	338	242	6	1	334	3	326	2.14e-20	87.8
MFDPMJAG_02119	MER0002040	26.510	298	194	10	54	338	59	344	3.49e-20	87.4
MFDPMJAG_02119	MER0025084	19.062	341	260	7	1	335	4	334	2.62e-06	45.4
MFDPMJAG_02124	MER0059846	33.113	302	194	5	5	301	15	313	5.06e-52	171
MFDPMJAG_02124	MER0199690	21.154	312	223	8	10	299	1	311	9.09e-17	76.3
MFDPMJAG_02124	MER0214074	23.204	181	125	4	133	299	1	181	2.55e-13	64.3
MFDPMJAG_02132	MER0026262	28.571	280	164	8	32	292	2	264	1.63e-25	104
MFDPMJAG_02132	MER0003802	30.570	193	113	6	34	224	4	177	1.20e-23	98.2
MFDPMJAG_02132	MER1143079	29.771	262	145	11	53	307	17	246	3.06e-23	96.3
MFDPMJAG_02132	MER0005925	24.752	303	190	10	28	309	2	287	3.72e-21	91.7
MFDPMJAG_02132	MER0000459	26.246	301	187	11	46	329	23	305	3.78e-21	91.7
MFDPMJAG_02132	MER0140154	24.702	336	192	10	46	335	1	321	9.93e-21	90.1
MFDPMJAG_02132	MER0002489	25.478	314	196	11	37	329	11	307	1.32e-18	84.0
MFDPMJAG_02132	MER0006204	26.570	207	136	4	29	224	3	204	1.92e-18	84.0
MFDPMJAG_02132	MER0011700	25.000	248	166	5	46	274	16	262	2.11e-18	83.6
MFDPMJAG_02132	MER0122661	27.778	270	163	9	84	333	54	311	2.62e-17	80.1
MFDPMJAG_02132	MER0028284	25.896	251	167	7	32	275	2	240	5.27e-17	79.0
MFDPMJAG_02132	MER0000457	24.308	325	198	14	22	331	4	295	7.75e-17	78.6
MFDPMJAG_02132	MER0354941	26.596	188	127	4	47	224	11	197	1.34e-15	72.4
MFDPMJAG_02132	MER0003800	20.994	362	244	10	28	348	9	369	1.28e-14	72.4
MFDPMJAG_02132	MER0005836	27.234	235	160	5	37	266	16	244	2.47e-14	69.7
MFDPMJAG_02132	MER0005964	25.538	325	177	14	66	352	40	337	2.98e-14	70.9
MFDPMJAG_02132	MER0005923	33.333	99	62	2	46	142	23	119	3.14e-13	68.2
MFDPMJAG_02132	MER0004090	23.120	359	228	14	32	348	10	362	2.09e-12	65.5
MFDPMJAG_02132	MER0017069	25.926	243	161	6	40	273	4	236	2.67e-11	61.6
MFDPMJAG_02132	MER0219770	26.380	163	107	4	73	232	41	193	3.06e-08	52.0
MFDPMJAG_02132	MER0004154	21.591	176	127	5	53	224	22	190	8.26e-08	50.8
MFDPMJAG_02132	MER0034963	27.027	259	134	10	48	273	23	259	2.48e-07	49.7
MFDPMJAG_02132	MER0192873	25.466	161	101	5	84	230	2	157	1.03e-06	46.6
MFDPMJAG_02132	MER0000463	23.904	251	157	10	33	273	3	229	2.98e-06	46.2
MFDPMJAG_02138	MER0004466	36.129	310	160	9	10	317	1	274	8.04e-40	139
MFDPMJAG_02138	MER0002454	23.048	269	173	10	71	332	43	284	2.64e-12	63.5
MFDPMJAG_02152	MER0001313	29.310	116	74	4	56	168	51	161	2.32e-06	42.4
MFDPMJAG_02170	MER0192051	26.906	223	137	7	19	225	95	307	2.60e-10	57.8
MFDPMJAG_02185	MER0069741	34.127	126	73	3	167	284	41	164	2.85e-19	80.1
MFDPMJAG_02185	MER0003380	35.455	110	63	2	173	282	130	231	2.82e-18	79.0
MFDPMJAG_02185	MER0003906	39.048	105	57	3	188	286	1	104	1.98e-17	73.2
MFDPMJAG_02185	MER0003376	34.375	128	64	5	176	286	33	157	6.66e-17	73.6
MFDPMJAG_02185	MER0005300	33.898	118	73	2	173	286	46	162	7.83e-16	70.5
MFDPMJAG_02185	MER0003423	38.144	97	54	3	181	272	22	117	3.70e-13	62.8
MFDPMJAG_02185	MER0001419	38.462	91	45	4	188	272	32	117	3.86e-12	59.7
MFDPMJAG_02185	MER0013541	32.558	86	57	1	188	273	1	85	8.57e-12	57.4
MFDPMJAG_02185	MER0387040	32.673	101	64	3	188	286	1	99	2.76e-10	53.5
MFDPMJAG_02185	MER0066182	29.661	118	73	4	178	287	76	191	2.46e-09	53.1
MFDPMJAG_02185	MER0015415	29.524	105	69	3	173	273	46	149	7.78e-09	51.2
