CMIEPCIA_00013	MER0003105	43.750	256	138	4	295	546	1	254	3.48e-62	203
CMIEPCIA_00013	MER0004321	43.969	257	138	3	295	546	1	256	4.27e-61	200
CMIEPCIA_00013	MER0016544	41.935	279	133	6	295	546	1	277	5.24e-60	198
CMIEPCIA_00013	MER0016542	41.852	270	131	4	297	540	3	272	1.60e-55	186
CMIEPCIA_00013	MER0027437	40.551	254	146	4	296	546	2	253	1.45e-52	177
CMIEPCIA_00013	MER0014518	39.922	258	148	5	297	548	3	259	1.68e-49	169
CMIEPCIA_00013	MER0002039	39.286	252	151	1	295	546	1	250	2.01e-47	163
CMIEPCIA_00013	MER0005462	29.130	230	143	9	296	521	2	215	1.02e-16	76.6
CMIEPCIA_00013	MER0004931	29.518	166	107	5	358	521	58	215	8.17e-12	62.4
CMIEPCIA_00013	MER0004532	28.902	173	107	6	356	523	55	216	1.23e-08	52.8
CMIEPCIA_00013	MER0001244	26.818	220	122	11	332	521	33	243	3.21e-08	52.0
CMIEPCIA_00013	MER0001248	26.344	186	97	7	358	508	16	196	1.73e-06	46.6
CMIEPCIA_00029	MER0003338	60.504	119	45	2	180	296	1	119	1.18e-40	135
CMIEPCIA_00029	MER0003303	48.092	131	67	1	180	310	1	130	1.59e-33	117
CMIEPCIA_00029	MER0013976	47.200	125	63	2	180	303	1	123	8.24e-29	104
CMIEPCIA_00029	MER0017622	27.074	229	140	5	1	220	1	211	4.37e-23	93.2
CMIEPCIA_00029	MER0003336	35.965	114	62	3	180	283	1	113	1.16e-15	69.7
CMIEPCIA_00029	MER0034967	26.636	214	112	6	62	247	1	197	9.53e-14	65.9
CMIEPCIA_00029	MER0003299	39.560	91	53	2	180	269	1	90	3.88e-10	54.3
CMIEPCIA_00029	MER0016969	33.333	78	45	1	180	250	1	78	1.98e-09	53.1
CMIEPCIA_00029	MER0011465	32.967	91	59	2	180	269	1	90	7.36e-08	47.8
CMIEPCIA_00053	MER0016185	28.571	343	211	10	24	353	1	322	2.13e-30	115
CMIEPCIA_00054	MER0492485	40.580	69	35	2	73	141	56	118	1.03e-07	46.6
CMIEPCIA_00081	MER1143079	26.990	289	180	13	52	331	17	283	2.41e-23	96.7
CMIEPCIA_00081	MER0026262	28.333	180	114	4	32	197	3	181	2.19e-19	86.3
CMIEPCIA_00081	MER0017069	23.385	325	203	8	36	333	1	306	4.92e-16	75.9
CMIEPCIA_00081	MER0004090	22.472	356	208	17	46	342	24	370	4.04e-15	73.6
CMIEPCIA_00081	MER0011700	25.658	304	172	11	36	297	7	298	6.45e-15	72.8
CMIEPCIA_00081	MER0005925	25.243	206	135	5	36	224	8	211	8.40e-15	72.4
CMIEPCIA_00081	MER0003802	31.250	176	105	7	30	202	5	167	9.42e-14	68.9
CMIEPCIA_00081	MER0005964	25.683	183	122	6	26	203	6	179	1.59e-13	68.6
CMIEPCIA_00081	MER0006204	22.581	186	117	4	28	191	3	183	1.74e-13	68.6
CMIEPCIA_00081	MER0002489	28.191	188	112	4	21	199	12	185	2.56e-13	67.8
CMIEPCIA_00081	MER0028284	26.705	176	115	6	30	197	1	170	4.26e-13	67.0
CMIEPCIA_00081	MER0005836	22.905	179	128	3	30	198	10	188	1.83e-12	64.3
CMIEPCIA_00081	MER0000463	21.610	236	170	7	30	262	1	224	3.04e-12	64.7
CMIEPCIA_00081	MER0354941	25.731	171	107	5	46	196	11	181	4.63e-11	58.9
CMIEPCIA_00081	MER0015683	23.204	181	134	5	22	197	14	194	1.59e-10	58.9
CMIEPCIA_00081	MER0003800	25.352	355	199	19	46	342	31	377	2.45e-10	58.9
CMIEPCIA_00081	MER0011726	29.545	132	80	6	62	187	41	165	3.21e-10	58.5
CMIEPCIA_00081	MER0122661	29.839	124	82	3	78	197	49	171	3.56e-10	58.2
CMIEPCIA_00081	MER0000459	25.294	170	98	4	53	203	30	189	4.64e-10	57.8
CMIEPCIA_00081	MER0034963	24.405	168	118	4	44	202	20	187	4.89e-10	57.8
CMIEPCIA_00081	MER0140154	22.705	207	124	6	45	222	1	200	7.87e-10	57.0
CMIEPCIA_00081	MER0017074	29.530	149	95	5	44	186	20	164	1.77e-08	53.1
CMIEPCIA_00081	MER0000457	23.837	172	116	5	46	208	22	187	2.55e-08	52.4
CMIEPCIA_00081	MER0004154	22.807	171	121	5	32	193	3	171	2.07e-07	49.7
CMIEPCIA_00081	MER0219770	23.353	167	114	4	44	198	13	177	6.17e-06	44.7
