GGGIIIBC_00008	MER0004775	44.828	145	80	0	1	145	514	658	2.24e-38	134
GGGIIIBC_00008	MER0002350	39.735	151	83	4	1	145	548	696	2.10e-30	111
GGGIIIBC_00008	MER0001056	39.597	149	82	4	1	145	533	677	2.07e-28	105
GGGIIIBC_00008	MER0001050	38.411	151	84	4	1	145	552	699	3.52e-27	102
GGGIIIBC_00008	MER0019831	36.184	152	88	3	1	145	502	651	4.56e-26	99.4
GGGIIIBC_00008	MER0002062	38.406	138	78	3	4	134	554	691	3.51e-25	97.1
GGGIIIBC_00008	MER0011141	34.247	146	89	3	4	145	547	689	4.25e-25	96.7
GGGIIIBC_00008	MER0013406	37.748	151	85	5	1	145	549	696	2.41e-24	94.4
GGGIIIBC_00008	MER0019832	35.862	145	81	2	1	145	516	648	2.70e-24	94.4
GGGIIIBC_00008	MER0001991	39.130	138	78	3	1	134	533	668	4.21e-24	94.0
GGGIIIBC_00008	MER0002988	34.000	150	92	5	1	145	546	693	5.54e-24	93.6
GGGIIIBC_00008	MER0001365	36.709	158	84	6	1	145	577	731	2.65e-23	91.7
GGGIIIBC_00008	MER0011838	35.811	148	89	5	1	145	537	681	2.92e-23	91.3
GGGIIIBC_00008	MER0002997	32.237	152	94	4	1	145	540	689	8.32e-23	90.1
GGGIIIBC_00008	MER0011159	35.333	150	89	5	1	145	536	682	3.76e-22	88.2
GGGIIIBC_00008	MER0015175	33.553	152	91	2	4	145	599	750	3.77e-22	88.2
GGGIIIBC_00008	MER0002285	32.667	150	94	3	1	145	502	649	8.25e-22	87.0
GGGIIIBC_00008	MER0024834	31.579	152	94	5	1	145	33	181	1.25e-21	82.8
GGGIIIBC_00008	MER0001058	33.333	147	83	4	1	145	493	626	8.70e-21	84.3
GGGIIIBC_00008	MER0004762	33.775	151	90	7	1	145	543	689	2.32e-20	83.2
GGGIIIBC_00008	MER0005528	31.544	149	96	4	1	145	539	685	1.11e-19	81.3
GGGIIIBC_00008	MER0162857	34.177	158	88	5	1	145	592	746	2.66e-19	80.1
GGGIIIBC_00008	MER0038668	29.870	154	95	3	4	145	451	603	7.92e-19	78.6
GGGIIIBC_00008	MER0011433	28.082	146	90	3	2	134	524	667	5.94e-16	70.5
GGGIIIBC_00008	MER0011432	27.397	146	91	3	2	134	524	667	6.48e-16	70.5
GGGIIIBC_00008	MER0011427	27.778	162	96	6	1	145	526	683	3.32e-15	68.2
GGGIIIBC_00008	MER0002989	28.767	146	96	5	4	145	499	640	1.83e-14	66.2
GGGIIIBC_00008	MER0026946	31.429	140	86	4	9	145	122	254	1.98e-14	65.1
GGGIIIBC_00008	MER0011355	32.911	158	89	7	1	145	513	666	5.38e-14	64.7
GGGIIIBC_00008	MER0002990	30.667	150	94	6	1	145	503	647	7.90e-13	61.6
GGGIIIBC_00008	MER0001054	31.915	141	84	5	9	145	529	661	5.50e-12	58.9
GGGIIIBC_00008	MER0011430	29.333	150	94	5	4	145	512	657	1.21e-11	58.2
GGGIIIBC_00008	MER0004778	28.750	160	88	6	4	145	575	726	2.30e-11	57.4
GGGIIIBC_00008	MER0001059	47.059	51	26	1	1	51	497	546	2.57e-10	54.3
GGGIIIBC_00008	MER0002987	27.703	148	99	6	2	145	435	578	4.30e-10	53.5
GGGIIIBC_00008	MER0004761	28.188	149	97	5	3	145	514	658	1.24e-09	52.4
GGGIIIBC_00008	MER0015181	30.822	146	90	7	2	141	500	640	2.43e-07	45.4
GGGIIIBC_00008	MER0011195	29.091	110	62	3	36	145	562	655	6.92e-07	44.3
GGGIIIBC_00008	MER0002991	27.703	148	97	7	4	145	537	680	7.43e-07	44.3
GGGIIIBC_00008	MER0002993	24.638	138	95	4	2	134	520	653	2.82e-06	42.4
GGGIIIBC_00027	MER0015473	30.198	202	91	6	49	245	38	194	2.52e-13	63.9
GGGIIIBC_00027	MER0035036	25.322	233	118	7	3	230	40	221	1.36e-09	53.9
GGGIIIBC_00027	MER0015458	28.283	198	86	6	46	233	50	201	3.61e-09	52.8
GGGIIIBC_00027	MER0048181	28.415	183	84	8	49	226	2	142	8.19e-09	50.1
GGGIIIBC_00027	MER0015468	34.146	82	51	2	6	85	3	83	2.40e-08	49.3
GGGIIIBC_00027	MER0015472	25.103	243	127	8	8	246	5	196	2.82e-08	49.7
GGGIIIBC_00027	MER0015632	23.293	249	115	7	11	245	8	194	6.10e-08	48.9
GGGIIIBC_00027	MER0015459	37.500	48	30	0	46	93	48	95	5.71e-07	46.2
GGGIIIBC_00027	MER0047976	30.189	53	37	0	36	88	1	53	3.58e-06	43.1
GGGIIIBC_00027	MER0015630	25.118	211	87	6	46	246	51	200	5.97e-06	42.7
GGGIIIBC_00027	MER0015465	34.545	55	34	1	37	89	33	87	9.03e-06	42.0
GGGIIIBC_00028	MER0035036	22.449	196	145	3	3	195	30	221	4.78e-09	52.8
GGGIIIBC_00028	MER0030047	30.435	138	87	4	69	200	2	136	1.83e-07	46.2
GGGIIIBC_00028	MER0015473	23.718	156	94	3	64	200	36	185	1.27e-06	45.1
GGGIIIBC_00034	MER0034615	59.109	247	100	1	5	251	1	246	1.45e-113	323
GGGIIIBC_00034	MER0000263	36.885	244	144	5	12	251	4	241	3.78e-52	167
GGGIIIBC_00034	MER0016096	34.034	238	152	3	17	251	9	244	4.77e-51	164
GGGIIIBC_00034	MER0011583	31.429	245	156	7	13	253	11	247	2.68e-32	115
GGGIIIBC_00034	MER0000408	26.531	245	164	5	14	246	11	251	6.17e-28	104
GGGIIIBC_00034	MER0017401	27.835	194	131	4	16	208	8	193	2.58e-21	86.7
GGGIIIBC_00034	MER0001920	23.431	239	157	4	29	254	21	246	9.24e-18	77.0
GGGIIIBC_00034	MER0005196	24.903	257	160	7	2	245	9	245	1.34e-17	76.6
GGGIIIBC_00034	MER0140224	24.887	221	151	4	29	242	14	226	1.71e-17	76.3
GGGIIIBC_00034	MER0018170	24.885	217	153	3	22	233	20	231	4.55e-17	75.1
GGGIIIBC_00034	MER0001423	25.217	230	152	4	13	236	1	216	4.58e-16	72.0
GGGIIIBC_00034	MER0003558	25.962	208	146	3	27	233	39	239	1.06e-15	71.6
GGGIIIBC_00034	MER0005807	27.805	205	135	6	2	206	39	230	7.35e-15	69.3
GGGIIIBC_00034	MER0015682	26.364	220	147	6	23	240	86	292	1.91e-13	65.9
GGGIIIBC_00034	MER0004921	25.877	228	150	8	14	235	4	218	2.67e-13	64.3
GGGIIIBC_00034	MER0000403	28.226	124	87	2	14	135	25	148	6.19e-13	63.9
GGGIIIBC_00034	MER0005987	26.695	236	161	6	2	233	14	241	4.28e-12	61.2
GGGIIIBC_00034	MER0058228	24.444	225	154	5	14	233	7	220	4.97e-12	60.8
GGGIIIBC_00034	MER0000401	32.800	125	83	1	14	137	26	150	5.86e-12	60.8
GGGIIIBC_00034	MER0022823	30.435	184	113	6	27	204	42	216	6.31e-12	61.2
GGGIIIBC_00034	MER0000399	22.870	223	159	3	14	233	25	237	6.99e-12	60.8
GGGIIIBC_00034	MER0006027	25.455	220	155	6	20	235	24	238	2.14e-11	59.3
GGGIIIBC_00034	MER0004925	22.628	274	162	9	6	254	12	260	1.13e-10	57.4
GGGIIIBC_00034	MER0011413	22.530	253	166	9	14	253	4	239	1.95e-10	56.2
GGGIIIBC_00034	MER0013484	31.481	108	68	3	17	119	7	113	3.74e-10	55.5
GGGIIIBC_00034	MER0195666	23.045	243	174	7	14	250	1	236	4.15e-10	55.5
GGGIIIBC_00034	MER0003361	27.500	120	81	3	3	119	6	122	9.41e-10	54.3
GGGIIIBC_00034	MER0000405	32.203	118	75	3	7	119	23	140	4.02e-09	52.8
GGGIIIBC_00034	MER0192427	29.907	107	72	2	16	120	68	173	3.07e-08	50.1
GGGIIIBC_00034	MER0004923	29.630	108	70	3	17	119	58	164	6.73e-08	49.3
GGGIIIBC_00034	MER0004504	30.631	111	67	3	16	119	1	108	7.34e-08	48.9
GGGIIIBC_00034	MER0030932	25.000	184	121	4	25	206	29	197	3.31e-07	47.0
GGGIIIBC_00034	MER0003229	21.560	218	161	4	2	217	23	232	7.99e-07	45.8
GGGIIIBC_00034	MER0015621	22.695	141	108	1	4	144	27	166	9.11e-07	45.8
GGGIIIBC_00034	MER0011231	28.986	138	92	4	2	135	14	149	5.41e-06	43.5
GGGIIIBC_00034	MER0011305	27.500	120	85	2	2	119	8	127	5.65e-06	43.1
GGGIIIBC_00034	MER0079308	24.390	205	142	7	4	204	17	212	5.66e-06	43.5
GGGIIIBC_00034	MER0005694	28.814	118	82	2	4	121	27	142	7.06e-06	43.1
GGGIIIBC_00034	MER0000404	26.718	131	85	3	6	129	18	144	8.04e-06	42.7
GGGIIIBC_00071	MER0000441	23.620	453	310	14	30	462	4	440	7.98e-16	76.3
GGGIIIBC_00071	MER0000440	22.247	445	309	14	42	459	17	451	1.42e-13	69.3
GGGIIIBC_00071	MER0004231	22.892	415	270	18	83	462	57	456	6.69e-08	51.6
GGGIIIBC_00082	MER0069741	47.826	115	58	2	185	299	52	164	3.41e-31	112
GGGIIIBC_00082	MER0003380	48.148	108	55	1	192	299	127	233	1.11e-26	102
GGGIIIBC_00082	MER0013541	50.000	86	42	1	203	288	1	85	5.00e-22	85.5
GGGIIIBC_00082	MER0003423	44.860	107	58	1	182	287	11	117	2.08e-20	83.2
GGGIIIBC_00082	MER0001419	44.860	107	58	1	182	287	11	117	7.46e-20	81.6
GGGIIIBC_00082	MER0015415	35.659	129	66	3	176	297	46	164	2.90e-19	80.5
GGGIIIBC_00082	MER0003376	37.097	124	66	3	203	318	45	164	8.51e-18	76.6
GGGIIIBC_00082	MER0387040	38.235	102	61	2	203	303	1	101	8.58e-16	69.3
GGGIIIBC_00082	MER0066182	37.391	115	63	3	190	303	86	192	4.12e-15	69.7
GGGIIIBC_00082	MER0003906	36.264	91	57	1	203	292	1	91	1.51e-14	65.9
GGGIIIBC_00082	MER0005300	31.959	97	65	1	204	300	66	161	3.06e-10	55.1
GGGIIIBC_00082	MER0025070	35.000	100	55	3	200	290	3	101	8.04e-07	44.3
GGGIIIBC_00082	MER0388771	35.052	97	53	3	203	290	2	97	3.72e-06	42.4
GGGIIIBC_00152	MER0000485	47.059	238	125	1	365	601	1	238	3.95e-71	226
GGGIIIBC_00152	MER0000495	41.502	253	139	2	365	608	1	253	2.66e-58	193
GGGIIIBC_00152	MER0000488	41.277	235	126	4	365	593	1	229	4.18e-52	176
GGGIIIBC_00152	MER0003442	42.654	211	114	3	397	602	17	225	4.35e-52	176
GGGIIIBC_00152	MER0011056	42.925	212	113	4	393	598	12	221	1.85e-50	171
GGGIIIBC_00152	MER0003443	45.000	200	104	4	397	590	21	220	5.61e-50	170
GGGIIIBC_00152	MER0011057	43.939	198	104	3	406	598	26	221	8.94e-50	169
GGGIIIBC_00152	MER0014970	35.842	279	134	4	365	598	1	279	2.33e-49	170
GGGIIIBC_00152	MER0004236	48.023	177	90	1	420	596	85	259	1.19e-48	167
GGGIIIBC_00152	MER0000496	39.109	202	118	1	386	582	76	277	4.57e-41	148
GGGIIIBC_00152	MER0108906	37.288	236	141	2	365	598	1	231	2.79e-37	135
GGGIIIBC_00152	MER0005837	36.771	223	118	5	366	570	2	219	1.14e-36	134
GGGIIIBC_00152	MER0026213	34.868	152	96	1	451	602	111	259	2.69e-23	96.7
GGGIIIBC_00152	MER0017402	35.789	190	106	7	418	600	23	203	1.06e-20	88.2
GGGIIIBC_00152	MER0003859	32.468	154	97	3	445	598	79	225	2.09e-16	76.3
GGGIIIBC_00152	MER0003359	31.694	183	105	6	423	594	45	218	1.26e-12	64.7
GGGIIIBC_00152	MER0017403	35.802	81	52	0	488	568	96	176	2.66e-07	48.9
GGGIIIBC_00152	MER0000491	27.027	111	78	1	461	571	5	112	5.26e-07	47.4
GGGIIIBC_00154	MER0036054	34.951	103	57	4	78	173	16	115	3.20e-07	47.4
GGGIIIBC_00154	MER0031619	31.429	105	54	4	80	173	30	127	3.46e-07	47.4
GGGIIIBC_00154	MER0031614	23.786	206	116	7	80	246	85	288	5.71e-07	47.0
GGGIIIBC_00154	MER0044350	36.364	77	41	3	82	151	5	80	7.06e-07	46.2
GGGIIIBC_00154	MER0035035	34.615	78	44	3	82	153	39	115	1.60e-06	45.4
GGGIIIBC_00160	MER0025086	47.482	139	51	5	221	353	1	123	1.39e-29	110
GGGIIIBC_00160	MER0029657	40.132	152	70	6	203	353	14	145	7.40e-25	97.8
GGGIIIBC_00160	MER0011122	35.664	143	73	7	221	355	17	148	9.56e-15	68.9
GGGIIIBC_00160	MER0002217	33.077	130	52	6	274	374	118	241	5.61e-08	52.4
GGGIIIBC_00160	MER0002084	25.532	235	128	14	99	320	6	206	2.83e-07	48.9
GGGIIIBC_00204	MER0048181	34.266	143	78	2	44	171	1	142	2.03e-15	67.4
GGGIIIBC_00204	MER0015473	30.000	150	93	3	40	177	33	182	9.77e-15	67.4
GGGIIIBC_00204	MER0015472	30.935	139	93	1	40	175	41	179	3.70e-14	65.5
GGGIIIBC_00204	MER0015462	30.201	149	90	4	36	181	40	177	3.98e-10	53.9
GGGIIIBC_00204	MER0035036	30.435	138	86	3	44	175	88	221	6.11e-08	48.5
GGGIIIBC_00204	MER0015459	31.724	145	81	3	36	176	42	172	1.31e-07	47.4
GGGIIIBC_00204	MER0015458	28.042	189	107	5	39	204	47	229	1.45e-07	47.4
GGGIIIBC_00204	MER0030047	28.148	135	87	3	47	175	1	131	1.96e-07	45.4
GGGIIIBC_00204	MER0003940	30.657	137	80	5	46	172	44	175	9.69e-06	41.6
GGGIIIBC_00238	MER0037236	25.850	147	94	3	4	136	116	261	1.50e-11	57.4
GGGIIIBC_00238	MER0031611	29.630	81	57	0	66	146	214	294	2.75e-10	53.9
GGGIIIBC_00238	MER0004146	37.500	56	35	0	81	136	206	261	2.38e-08	48.1
GGGIIIBC_00238	MER0036059	37.931	58	36	0	77	134	293	350	4.44e-08	47.8
GGGIIIBC_00238	MER0036068	26.606	109	76	2	30	134	185	293	2.90e-07	45.4
GGGIIIBC_00238	MER0036073	41.667	48	28	0	88	135	268	315	5.90e-07	44.3
GGGIIIBC_00238	MER0003537	27.957	93	62	2	52	144	197	284	1.52e-06	43.1
GGGIIIBC_00238	MER0036056	43.750	48	27	0	88	135	274	321	2.66e-06	42.4
GGGIIIBC_00238	MER0017193	28.788	66	46	1	80	144	212	277	8.69e-06	40.8
GGGIIIBC_00241	MER0000589	53.704	54	25	0	413	466	179	232	4.82e-13	65.9
GGGIIIBC_00241	MER0000589	27.419	124	46	3	140	263	1	80	1.20e-08	52.8
GGGIIIBC_00241	MER0013626	30.909	110	54	4	374	462	37	145	2.26e-09	53.1
GGGIIIBC_00241	MER0055964	32.927	82	39	3	389	456	62	141	8.63e-06	42.7
GGGIIIBC_00327	MER0039993	39.485	699	412	9	23	713	1	696	1.30e-170	503
GGGIIIBC_00327	MER0014366	35.926	707	425	13	18	713	23	712	3.12e-143	433
GGGIIIBC_00327	MER0217397	34.877	691	424	10	37	713	1	679	3.39e-131	401
GGGIIIBC_00327	MER0501051	40.385	260	140	8	21	273	2	253	1.70e-49	176
GGGIIIBC_00327	MER0501051	38.983	177	97	4	537	712	233	399	4.30e-29	117
GGGIIIBC_00334	MER0017177	35.043	117	73	2	13	126	26	142	8.58e-14	67.0
GGGIIIBC_00334	MER0036053	26.786	224	136	5	17	214	4	225	2.87e-13	64.7
GGGIIIBC_00334	MER0036115	32.353	102	67	1	19	118	33	134	1.72e-12	62.8
GGGIIIBC_00334	MER0044581	27.273	110	73	3	14	116	64	173	7.16e-12	61.2
GGGIIIBC_00334	MER0036075	31.193	109	71	3	22	126	71	179	2.38e-11	59.7
GGGIIIBC_00334	MER0044578	29.412	102	65	3	22	116	74	175	2.59e-11	59.7
GGGIIIBC_00334	MER0036072	30.088	113	65	2	18	119	77	186	4.67e-11	58.9
GGGIIIBC_00334	MER0031611	32.039	103	67	2	17	116	35	137	8.11e-11	58.2
GGGIIIBC_00334	MER0004146	32.759	116	72	3	7	116	4	119	1.51e-10	57.0
GGGIIIBC_00334	MER0035043	31.818	110	69	3	22	125	36	145	3.10e-10	56.2
GGGIIIBC_00334	MER0213280	24.590	122	85	2	22	141	31	147	3.16e-10	56.2
GGGIIIBC_00334	MER0031619	31.731	104	69	1	18	119	25	128	4.11e-10	55.8
GGGIIIBC_00334	MER0036084	21.756	262	177	7	17	259	14	266	5.10e-10	55.5
GGGIIIBC_00334	MER0044633	25.203	123	86	3	22	138	74	196	6.47e-10	55.5
GGGIIIBC_00334	MER0213829	29.464	112	71	3	22	125	50	161	1.10e-09	54.7
GGGIIIBC_00334	MER0035035	32.075	106	67	2	22	122	36	141	1.54e-09	54.3
GGGIIIBC_00334	MER0036057	33.628	113	74	1	22	133	63	175	5.32e-09	52.8
GGGIIIBC_00334	MER0036054	32.039	103	66	3	21	120	16	117	6.02e-09	52.4
GGGIIIBC_00334	MER0035038	30.769	91	61	1	22	110	31	121	6.79e-09	52.4
GGGIIIBC_00334	MER0014065	27.551	98	69	1	22	117	35	132	1.65e-08	51.2
GGGIIIBC_00334	MER0034563	24.623	199	138	6	22	213	17	210	1.67e-08	50.8
GGGIIIBC_00334	MER0017033	33.962	106	53	4	22	118	65	162	2.65e-08	50.4
GGGIIIBC_00334	MER0037236	30.833	120	70	3	6	116	4	119	5.93e-08	49.3
GGGIIIBC_00334	MER0035032	29.670	91	62	1	22	110	32	122	6.23e-08	49.3
GGGIIIBC_00334	MER0031617	28.440	109	74	2	13	117	24	132	1.07e-07	48.5
GGGIIIBC_00334	MER0011785	30.435	138	86	5	15	142	28	165	1.28e-07	48.5
GGGIIIBC_00334	MER0036065	30.556	108	68	3	21	121	2	109	1.33e-07	48.1
GGGIIIBC_00334	MER0017193	27.473	182	117	6	7	176	11	189	1.42e-07	48.1
GGGIIIBC_00334	MER0035044	30.275	109	69	3	9	110	16	124	1.75e-07	48.1
GGGIIIBC_00334	MER0031610	32.353	102	60	3	21	117	54	151	4.77e-07	46.6
GGGIIIBC_00334	MER0043008	21.986	141	99	3	17	146	16	156	5.27e-07	46.6
GGGIIIBC_00334	MER0044350	29.348	92	62	2	22	110	2	93	6.13e-07	46.2
GGGIIIBC_00334	MER0035973	24.576	236	167	6	3	232	37	267	6.64e-07	46.2
GGGIIIBC_00334	MER0031616	27.619	105	72	1	22	122	40	144	7.47e-07	46.2
GGGIIIBC_00334	MER0017142	30.000	110	71	3	11	119	3	107	2.07e-06	44.7
GGGIIIBC_00334	MER0044900	31.034	87	55	2	23	104	96	182	3.67e-06	44.3
GGGIIIBC_00334	MER0031569	29.412	136	84	5	15	140	22	155	6.29e-06	43.1
GGGIIIBC_00334	MER0026339	38.384	99	49	5	13	101	14	110	9.80e-06	42.7
GGGIIIBC_00335	MER0001244	39.394	264	145	6	175	426	2	262	4.85e-57	186
GGGIIIBC_00335	MER0013463	34.221	263	158	4	174	425	1	259	4.50e-46	157
GGGIIIBC_00335	MER0028601	32.222	270	157	9	176	425	3	266	6.69e-39	138
GGGIIIBC_00335	MER0001733	31.579	228	141	1	176	388	3	230	1.36e-38	138
GGGIIIBC_00335	MER0004931	31.799	239	137	5	175	409	2	218	1.19e-34	125
GGGIIIBC_00335	MER0004532	32.917	240	124	6	175	405	2	213	7.03e-34	123
GGGIIIBC_00335	MER0005462	31.349	252	145	6	174	421	1	228	1.63e-33	122
GGGIIIBC_00335	MER0001248	32.157	255	115	9	222	426	7	253	1.76e-29	112
GGGIIIBC_00335	MER0005715	28.936	235	141	6	175	403	2	216	2.56e-24	97.8
GGGIIIBC_00335	MER0002038	23.887	247	154	8	175	412	2	223	6.59e-15	70.9
GGGIIIBC_00335	MER0001250	25.168	298	155	13	176	419	3	286	1.89e-14	70.5
GGGIIIBC_00335	MER0027437	25.714	245	141	10	174	400	1	222	6.81e-13	65.1
GGGIIIBC_00335	MER0004321	27.347	245	128	13	206	425	38	257	5.89e-12	62.4
GGGIIIBC_00335	MER0016542	27.315	216	102	11	237	425	92	279	9.15e-10	56.2
GGGIIIBC_00335	MER0013589	23.288	219	136	7	178	385	1	198	3.44e-07	48.1
GGGIIIBC_00335	MER0013929	24.091	220	133	8	178	385	5	202	3.63e-07	48.1
GGGIIIBC_00376	MER0036027	25.207	242	158	7	25	247	1	238	9.77e-12	60.5
GGGIIIBC_00376	MER0031570	25.311	241	158	7	25	247	1	237	7.40e-10	55.1
GGGIIIBC_00376	MER0003558	23.377	231	154	6	51	268	40	260	1.93e-08	50.8
GGGIIIBC_00376	MER0034960	21.786	280	149	9	51	264	27	302	1.69e-07	48.1
GGGIIIBC_00376	MER0033237	26.061	165	103	8	23	173	10	169	6.33e-07	46.6
GGGIIIBC_00376	MER0031563	25.654	191	125	7	25	209	1	180	1.04e-06	45.4
GGGIIIBC_00376	MER0036044	24.066	241	161	6	25	247	50	286	1.91e-06	45.1
GGGIIIBC_00376	MER0126485	31.333	150	95	4	101	248	73	216	6.18e-06	43.1
GGGIIIBC_00376	MER0031562	24.775	222	146	8	38	248	19	230	6.32e-06	43.1
GGGIIIBC_00386	MER0005139	34.562	217	116	10	109	307	62	270	9.31e-17	76.3
GGGIIIBC_00386	MER0015691	31.788	151	82	5	76	221	24	158	3.74e-12	62.4
GGGIIIBC_00386	MER0194228	29.358	218	124	8	124	334	1	195	4.57e-12	61.2
GGGIIIBC_00386	MER0001289	28.959	221	127	8	120	333	73	270	1.80e-11	60.5
GGGIIIBC_00386	MER0100667	26.442	208	123	8	122	326	39	219	8.91e-11	57.8
GGGIIIBC_00386	MER0001284	26.882	186	118	7	115	297	41	211	1.02e-10	58.2
GGGIIIBC_00386	MER0015336	35.455	110	63	3	104	212	56	158	1.70e-09	54.7
GGGIIIBC_00386	MER0005239	33.929	112	65	3	104	213	63	167	4.54e-09	53.5
GGGIIIBC_00386	MER0005131	24.545	220	148	6	115	327	43	251	8.27e-09	52.4
GGGIIIBC_00386	MER0001288	28.910	211	111	7	122	317	34	220	9.70e-09	52.0
GGGIIIBC_00386	MER0005238	32.692	104	62	2	110	212	67	163	4.25e-08	50.4
GGGIIIBC_00386	MER0004514	24.731	186	122	6	115	297	41	211	1.28e-07	48.9
GGGIIIBC_00386	MER0005149	31.624	117	71	4	110	224	65	174	1.81e-07	48.9
GGGIIIBC_00386	MER0005152	33.051	118	70	3	110	225	60	170	2.25e-07	48.1
GGGIIIBC_00386	MER0037181	28.708	209	119	9	98	305	54	233	3.29e-07	47.8
GGGIIIBC_00386	MER0002104	31.731	104	63	3	110	212	67	163	7.47e-07	47.0
GGGIIIBC_00386	MER0015688	35.366	82	44	3	118	198	64	137	1.07e-06	46.2
GGGIIIBC_00386	MER0032443	22.273	220	145	5	120	326	47	253	8.28e-06	43.5
GGGIIIBC_00386	MER0005241	28.889	90	57	2	107	194	2	86	9.94e-06	43.1
GGGIIIBC_00425	MER0011781	25.704	284	147	12	38	320	17	237	6.12e-13	65.9
GGGIIIBC_00425	MER0011806	25.704	284	147	13	38	320	17	237	1.66e-11	61.6
GGGIIIBC_00425	MER0004101	25.000	284	149	10	38	320	17	237	9.38e-11	59.3
GGGIIIBC_00461	MER0033186	38.438	320	189	3	66	380	1	317	5.65e-63	202
GGGIIIBC_00475	MER0002489	33.080	263	155	9	1	243	46	307	1.63e-33	124
GGGIIIBC_00475	MER1143079	32.046	259	152	6	9	259	40	282	1.87e-32	120
GGGIIIBC_00475	MER0000459	28.731	268	154	7	3	243	48	305	1.50e-30	116
GGGIIIBC_00475	MER0005964	28.621	290	167	6	7	262	50	333	2.81e-27	107
GGGIIIBC_00475	MER0026262	29.934	304	185	9	8	285	47	348	1.62e-25	102
GGGIIIBC_00475	MER0003802	29.167	264	171	6	8	268	46	296	4.98e-24	97.8
GGGIIIBC_00475	MER0017069	27.778	270	164	11	7	255	40	299	1.99e-16	76.3
GGGIIIBC_00475	MER0011700	25.705	319	189	8	1	272	40	357	3.21e-14	70.1
GGGIIIBC_00475	MER0219770	26.897	145	99	2	4	143	41	183	4.80e-14	68.9
GGGIIIBC_00475	MER0011726	32.540	126	76	4	3	126	47	165	2.37e-12	64.3
GGGIIIBC_00475	MER0004154	24.731	279	165	10	10	255	48	314	3.42e-12	63.9
GGGIIIBC_00475	MER0028284	23.982	221	141	6	8	214	46	253	3.59e-12	63.5
GGGIIIBC_00475	MER0015683	33.557	149	92	4	5	149	66	211	5.00e-12	62.8
GGGIIIBC_00475	MER0000457	23.723	274	171	8	7	258	51	308	9.82e-12	62.4
GGGIIIBC_00475	MER0004090	30.625	160	95	6	1	147	54	210	2.09e-11	61.6
GGGIIIBC_00475	MER0000463	21.895	306	183	8	1	262	39	332	2.27e-11	61.2
GGGIIIBC_00475	MER0122661	24.028	283	171	11	10	258	49	321	1.33e-10	58.9
GGGIIIBC_00475	MER0005925	26.974	152	94	4	7	146	47	193	1.12e-09	56.2
GGGIIIBC_00475	MER0356183	27.215	158	98	4	7	148	28	184	3.41e-09	53.5
GGGIIIBC_00475	MER0006204	30.556	72	44	2	2	67	45	116	1.39e-06	46.6
GGGIIIBC_00475	MER0354941	25.161	155	100	4	6	147	46	197	1.42e-06	45.4
GGGIIIBC_00475	MER0005836	26.829	164	101	6	12	163	60	216	9.08e-06	43.5
GGGIIIBC_00475	MER0034963	35.211	71	44	1	2	70	46	116	9.13e-06	43.9
GGGIIIBC_00507	MER0034582	27.566	341	211	9	599	924	1	320	4.61e-32	125
GGGIIIBC_00516	MER0001297	39.490	157	93	2	202	358	1	155	9.71e-32	117
GGGIIIBC_00516	MER0004196	40.764	157	89	4	204	358	3	157	6.59e-30	112
GGGIIIBC_00516	MER0003514	38.217	157	95	2	202	358	1	155	1.25e-29	111
GGGIIIBC_00516	MER0003413	37.179	156	95	2	204	358	3	156	2.86e-29	110
GGGIIIBC_00516	MER0001425	39.623	159	90	3	204	357	3	160	1.13e-27	106
GGGIIIBC_00516	MER0004195	38.650	163	99	1	202	364	1	162	1.75e-26	102
GGGIIIBC_00516	MER0005714	33.951	162	100	1	204	358	3	164	3.90e-26	102
GGGIIIBC_00516	MER0015684	32.099	162	105	1	204	360	3	164	9.11e-26	100
GGGIIIBC_00516	MER0003065	37.255	153	94	2	206	358	5	155	2.12e-24	96.7
GGGIIIBC_00516	MER0001295	29.940	167	104	2	204	358	3	168	1.72e-16	74.7
GGGIIIBC_00545	MER0031610	35.385	260	158	5	5	255	43	301	9.07e-46	152
GGGIIIBC_00545	MER0017193	25.926	270	149	11	4	241	15	265	9.59e-11	57.8
GGGIIIBC_00545	MER0036053	24.723	271	159	13	8	245	2	260	1.21e-10	57.0
GGGIIIBC_00545	MER0014065	30.233	129	79	4	12	136	31	152	4.25e-10	55.8
GGGIIIBC_00545	MER0036115	31.373	102	66	2	12	110	33	133	4.50e-10	55.8
GGGIIIBC_00545	MER0017142	22.619	252	176	7	4	246	3	244	1.18e-09	54.3
GGGIIIBC_00545	MER0017177	26.000	100	71	1	10	106	30	129	2.12e-09	53.9
GGGIIIBC_00545	MER0026339	34.959	123	69	5	11	127	21	138	2.38e-08	50.4
GGGIIIBC_00545	MER0011509	33.645	107	65	3	9	110	33	138	4.36e-08	50.1
GGGIIIBC_00545	MER0210990	36.364	77	46	1	39	112	55	131	1.04e-07	48.9
GGGIIIBC_00545	MER0044900	24.906	265	160	12	16	247	96	354	1.15e-07	48.9
GGGIIIBC_00545	MER0044578	31.818	110	66	4	15	117	74	181	2.14e-07	47.8
GGGIIIBC_00545	MER0044858	24.275	276	158	13	16	248	57	324	2.48e-07	47.8
GGGIIIBC_00545	MER0044581	31.193	109	66	4	15	116	72	178	3.55e-07	47.4
GGGIIIBC_00545	MER0036076	24.793	242	163	8	15	248	63	293	9.60e-07	45.8
GGGIIIBC_00545	MER0036072	24.046	262	160	9	11	243	77	328	1.07e-06	45.8
GGGIIIBC_00545	MER0213816	24.473	237	159	8	15	236	2	233	1.23e-06	45.1
GGGIIIBC_00545	MER0031611	22.097	267	176	10	12	254	32	290	2.24e-06	44.7
GGGIIIBC_00545	MER0035043	25.926	108	76	2	13	117	34	140	3.37e-06	44.3
GGGIIIBC_00569	MER0004035	42.105	114	59	3	94	206	4	111	1.45e-26	95.5
GGGIIIBC_00569	MER0002443	39.669	121	67	3	89	207	1	117	1.55e-24	90.5
GGGIIIBC_00569	MER0004054	39.200	125	67	5	89	208	2	122	9.54e-24	88.6
GGGIIIBC_00569	MER0003986	34.711	121	73	3	88	206	1	117	1.11e-18	75.5
GGGIIIBC_00569	MER0003807	31.967	122	76	4	88	207	1	117	1.31e-12	59.3
GGGIIIBC_00569	MER0003808	34.211	114	67	4	88	201	1	106	5.36e-11	54.7
GGGIIIBC_00569	MER0014188	32.099	81	49	2	88	167	1	76	8.20e-11	54.3
GGGIIIBC_00569	MER0024252	38.554	83	45	3	100	182	14	90	2.02e-10	53.5
GGGIIIBC_00569	MER0376722	36.893	103	57	4	88	190	1	95	8.11e-10	51.2
GGGIIIBC_00569	MER0031199	36.364	55	35	0	104	158	1	55	8.67e-10	50.4
GGGIIIBC_00569	MER0003805	31.452	124	71	5	88	208	1	113	1.55e-09	50.8
GGGIIIBC_00569	MER0038100	31.731	104	55	4	110	206	30	124	2.40e-09	50.8
GGGIIIBC_00569	MER0002450	28.689	122	73	5	88	206	1	111	3.45e-09	50.1
GGGIIIBC_00569	MER0377310	30.088	113	65	5	88	197	1	102	4.81e-09	49.3
GGGIIIBC_00569	MER0377307	30.088	113	65	5	88	197	1	102	4.81e-09	49.3
GGGIIIBC_00569	MER0377178	30.973	113	64	5	88	197	1	102	2.15e-08	47.4
GGGIIIBC_00569	MER0014672	36.364	55	35	0	104	158	30	84	4.38e-08	47.0
GGGIIIBC_00569	MER0377450	35.484	93	50	4	88	177	1	86	6.42e-07	43.1
GGGIIIBC_00569	MER0001322	30.882	68	46	1	88	154	1	68	7.42e-07	43.5
GGGIIIBC_00573	MER0069741	40.000	95	55	2	188	282	70	162	1.76e-18	78.2
GGGIIIBC_00573	MER0003380	37.113	97	60	1	186	282	136	231	2.84e-16	73.6
GGGIIIBC_00573	MER0003376	31.008	129	69	5	176	287	33	158	2.96e-15	68.9
GGGIIIBC_00573	MER0013541	34.884	86	55	1	188	273	1	85	1.15e-13	62.4
GGGIIIBC_00573	MER0003906	34.286	105	62	3	188	286	1	104	1.46e-13	62.8
GGGIIIBC_00573	MER0387040	34.000	100	64	2	188	286	1	99	8.37e-13	60.5
GGGIIIBC_00573	MER0066182	34.000	100	64	2	188	286	92	190	1.86e-12	62.0
GGGIIIBC_00573	MER0005300	32.979	94	62	1	193	286	70	162	2.97e-11	57.8
GGGIIIBC_00573	MER0015415	27.778	108	73	3	170	273	43	149	1.81e-08	50.1
GGGIIIBC_00573	MER0001419	33.708	89	56	3	186	272	30	117	4.06e-08	48.5
GGGIIIBC_00573	MER0003423	33.708	89	56	3	186	272	30	117	4.83e-08	48.1
GGGIIIBC_00573	MER0025070	29.703	101	63	2	184	276	2	102	4.29e-07	45.1
GGGIIIBC_00573	MER0388771	29.897	97	60	2	188	276	2	98	7.25e-07	44.3
GGGIIIBC_00578	MER0001400	39.453	256	135	6	400	647	134	377	1.88e-47	170
GGGIIIBC_00578	MER0001400	38.547	179	90	5	120	293	3	166	9.75e-23	98.2
GGGIIIBC_00617	MER0005900	26.087	253	149	10	60	296	39	269	2.61e-09	56.2
GGGIIIBC_00657	MER0004925	58.779	262	107	1	38	298	1	262	2.19e-116	333
GGGIIIBC_00657	MER0014827	56.489	262	113	1	38	298	1	262	6.91e-110	317
GGGIIIBC_00657	MER0017401	32.192	146	88	4	158	295	96	238	6.11e-15	70.1
GGGIIIBC_00657	MER0015682	25.620	242	156	7	63	296	81	306	1.60e-12	63.9
GGGIIIBC_00657	MER0005196	27.000	200	111	9	57	241	22	201	6.64e-12	61.2
GGGIIIBC_00657	MER0034615	26.562	256	148	10	49	284	2	237	7.39e-11	58.2
GGGIIIBC_00657	MER0140224	27.103	214	122	10	98	287	26	229	7.72e-11	58.2
GGGIIIBC_00657	MER0058228	23.922	255	164	9	56	298	6	242	8.03e-11	58.2
GGGIIIBC_00657	MER0126485	24.603	252	133	9	64	287	5	227	8.63e-11	57.8
GGGIIIBC_00657	MER0000399	24.783	230	129	9	35	243	1	207	9.21e-10	55.1
GGGIIIBC_00657	MER0000401	24.809	262	147	10	57	296	26	259	2.76e-09	53.9
GGGIIIBC_00657	MER0001423	31.193	109	65	3	141	243	79	183	5.60e-09	52.4
GGGIIIBC_00657	MER0001920	24.155	207	136	7	109	296	42	246	1.85e-08	51.2
GGGIIIBC_00657	MER0016096	22.340	188	113	6	112	275	48	226	2.17e-07	47.8
GGGIIIBC_00657	MER0005987	29.605	152	92	6	152	295	115	259	2.35e-07	47.8
GGGIIIBC_00657	MER0011305	32.673	101	54	5	153	243	108	204	3.27e-07	47.4
GGGIIIBC_00657	MER0011413	26.056	142	98	4	139	275	80	219	5.18e-07	46.6
GGGIIIBC_00657	MER0000263	23.166	259	156	13	52	290	1	236	1.42e-06	45.4
GGGIIIBC_00657	MER0004923	24.615	260	157	10	41	282	39	277	9.26e-06	43.1
GGGIIIBC_00696	MER0025086	58.537	123	45	2	184	300	1	123	3.35e-44	144
GGGIIIBC_00696	MER0029657	45.082	122	59	4	183	300	28	145	9.81e-21	84.0
GGGIIIBC_00696	MER0011122	38.462	130	67	5	184	300	17	146	1.38e-16	72.8
GGGIIIBC_00696	MER0002084	25.000	196	116	8	78	251	5	191	3.67e-08	50.1
GGGIIIBC_00703	MER0002251	49.561	228	108	4	3	226	3	227	3.07e-69	209
GGGIIIBC_00703	MER0001335	37.500	232	137	5	1	228	1	228	2.00e-46	150
GGGIIIBC_00783	MER0000332	42.857	189	88	7	277	464	64	233	8.86e-31	117
GGGIIIBC_00783	MER0002565	36.325	234	124	7	264	496	98	307	6.72e-28	112
GGGIIIBC_00783	MER0004690	32.573	307	175	10	192	481	18	309	1.36e-27	110
GGGIIIBC_00783	MER0004690	46.377	69	36	1	60	127	22	90	7.32e-11	60.5
GGGIIIBC_00783	MER0001928	36.620	213	114	7	277	488	62	254	5.09e-26	104
GGGIIIBC_00783	MER0002057	30.627	271	132	10	259	478	74	339	3.38e-25	104
GGGIIIBC_00783	MER0001699	35.321	218	122	7	277	492	62	262	3.85e-25	102
GGGIIIBC_00783	MER0000310	35.407	209	116	6	277	483	63	254	4.95e-25	101
GGGIIIBC_00783	MER0028365	31.804	327	171	17	213	520	58	351	6.54e-25	103
GGGIIIBC_00783	MER0028365	37.500	64	38	2	60	123	51	112	5.08e-07	48.9
GGGIIIBC_00783	MER0077555	35.545	211	118	6	270	478	55	249	1.12e-24	100
GGGIIIBC_00783	MER0005821	35.938	192	106	8	277	464	86	264	2.89e-24	102
GGGIIIBC_00783	MER0001709	34.397	282	126	14	233	481	52	307	2.03e-23	98.2
GGGIIIBC_00783	MER0001520	34.703	219	120	7	277	493	62	259	2.45e-23	96.7
GGGIIIBC_00783	MER0017009	33.068	251	145	10	245	481	83	324	3.29e-23	97.8
GGGIIIBC_00783	MER0017009	45.312	64	31	2	69	131	49	109	3.53e-07	48.9
GGGIIIBC_00783	MER0000315	35.071	211	114	7	277	485	62	251	5.68e-23	95.5
GGGIIIBC_00783	MER0001906	34.597	211	115	7	277	485	62	251	2.75e-22	93.6
GGGIIIBC_00783	MER0062058	34.799	273	145	10	268	533	52	298	2.81e-22	96.3
GGGIIIBC_00783	MER0062058	58.824	51	21	0	76	126	1	51	5.18e-13	67.8
GGGIIIBC_00783	MER0001521	33.628	226	131	7	270	493	57	265	9.25e-22	92.0
GGGIIIBC_00783	MER0000313	33.628	226	131	7	270	493	57	265	1.23e-21	91.7
GGGIIIBC_00783	MER0000316	33.028	218	125	6	277	493	61	258	1.92e-21	91.3
GGGIIIBC_00783	MER0013656	34.450	209	114	8	277	483	61	248	7.63e-21	89.4
GGGIIIBC_00783	MER0081072	31.780	236	138	7	250	481	31	247	8.20e-21	89.0
GGGIIIBC_00783	MER0001755	34.259	216	123	7	270	483	57	255	1.25e-20	89.0
GGGIIIBC_00783	MER0054318	34.722	216	125	10	272	484	62	264	2.44e-20	89.0
GGGIIIBC_00783	MER0001523	33.186	226	132	7	270	493	57	265	2.56e-20	87.8
GGGIIIBC_00783	MER0000312	33.186	226	132	7	270	493	57	265	2.56e-20	87.8
GGGIIIBC_00783	MER0000362	31.169	308	148	16	215	481	23	307	9.13e-20	87.4
GGGIIIBC_00783	MER0000333	37.895	190	96	7	277	464	64	233	1.51e-19	85.5
GGGIIIBC_00783	MER0000320	33.182	220	121	8	256	465	41	244	1.85e-19	85.9
GGGIIIBC_00783	MER0002562	31.373	306	147	14	217	478	40	326	2.01e-19	86.7
GGGIIIBC_00783	MER0000311	34.123	211	120	6	270	478	57	250	2.52e-19	85.1
GGGIIIBC_00783	MER0000319	32.110	218	124	8	272	484	64	262	3.08e-19	85.1
GGGIIIBC_00783	MER0004085	33.478	230	118	10	277	485	96	311	4.23e-19	85.5
GGGIIIBC_00783	MER0002575	33.824	204	112	8	277	478	71	253	5.23e-19	84.3
GGGIIIBC_00783	MER0000349	32.068	237	129	10	277	488	144	373	8.79e-19	85.1
GGGIIIBC_00783	MER0000321	31.739	230	121	9	270	486	148	354	1.67e-18	84.0
GGGIIIBC_00783	MER0000309	32.381	210	121	5	277	483	63	254	1.79e-18	82.4
GGGIIIBC_00783	MER0042897	37.264	212	113	6	270	478	59	253	2.77e-18	82.0
GGGIIIBC_00783	MER0030016	30.380	237	133	7	252	481	65	276	2.84e-18	82.0
GGGIIIBC_00783	MER0016978	29.323	266	136	9	241	478	47	288	6.33e-18	81.6
GGGIIIBC_00783	MER0001725	34.896	192	105	7	276	464	98	272	6.69e-18	81.6
GGGIIIBC_00783	MER0016983	31.280	211	102	7	277	466	71	259	2.64e-17	79.7
GGGIIIBC_00783	MER0000361	32.143	280	135	14	233	481	58	313	2.69e-17	80.1
GGGIIIBC_00783	MER0014744	31.982	222	117	8	277	478	95	302	5.36e-16	76.3
GGGIIIBC_00783	MER0155676	30.325	277	139	11	236	482	100	352	5.49e-16	76.6
GGGIIIBC_00783	MER0005931	33.945	218	127	5	277	493	32	233	6.93e-16	74.3
GGGIIIBC_00783	MER0016697	32.432	222	104	8	272	464	93	297	1.06e-15	75.5
GGGIIIBC_00783	MER0014446	31.364	220	110	8	277	478	197	393	3.90e-15	74.3
GGGIIIBC_00783	MER0002267	32.394	213	112	9	277	481	71	259	4.38e-15	72.8
GGGIIIBC_00783	MER0006023	29.130	230	124	6	272	481	97	307	6.62e-15	72.8
GGGIIIBC_00783	MER0002500	31.356	236	131	10	276	489	156	382	8.72e-15	73.2
GGGIIIBC_00783	MER0000326	29.924	264	135	11	226	480	31	253	1.94e-14	71.2
GGGIIIBC_00783	MER0006074	29.811	265	136	13	231	481	47	275	5.02e-14	69.7
GGGIIIBC_00783	MER0050309	26.493	268	156	9	277	529	47	288	6.63e-14	70.5
GGGIIIBC_00783	MER0000359	31.818	220	118	11	271	482	83	278	7.60e-14	69.3
GGGIIIBC_00783	MER0161312	34.052	232	114	11	264	463	83	307	9.32e-14	69.7
GGGIIIBC_00783	MER0002790	33.636	220	116	8	277	478	1	208	2.63e-13	66.6
GGGIIIBC_00783	MER0005078	27.459	244	138	10	261	490	64	282	2.84e-13	67.4
GGGIIIBC_00783	MER0000351	29.680	219	108	7	264	463	93	284	3.05e-13	67.0
GGGIIIBC_00783	MER0004720	24.555	281	154	10	226	485	21	264	4.25e-13	66.6
GGGIIIBC_00783	MER0000353	30.516	213	100	8	264	457	144	327	1.47e-12	65.5
GGGIIIBC_00783	MER0002516	30.841	214	114	9	277	483	82	268	1.92e-12	64.7
GGGIIIBC_00783	MER0024902	27.602	221	134	6	277	481	97	307	2.55e-12	64.7
GGGIIIBC_00783	MER0005790	31.313	198	100	7	277	461	94	268	3.51e-12	63.9
GGGIIIBC_00783	MER0114485	28.959	221	121	8	277	462	106	325	3.97e-12	64.7
GGGIIIBC_00783	MER0003536	27.434	226	127	8	277	481	71	280	1.24e-11	62.4
GGGIIIBC_00783	MER0005712	25.168	298	167	11	272	516	83	377	1.93e-11	62.4
GGGIIIBC_00783	MER0019280	30.769	221	124	7	277	481	73	280	1.95e-11	62.0
GGGIIIBC_00783	MER0000336	27.642	246	128	10	226	460	41	247	2.79e-11	61.2
GGGIIIBC_00783	MER0068994	29.675	246	106	12	275	462	107	343	3.30e-11	62.0
GGGIIIBC_00783	MER0000347	25.439	228	142	5	277	487	119	335	4.22e-11	62.0
GGGIIIBC_00783	MER0013641	27.074	229	137	9	277	483	83	303	6.46e-11	61.2
GGGIIIBC_00783	MER0014300	30.081	246	122	9	277	481	79	315	9.74e-11	60.1
GGGIIIBC_00783	MER0000348	26.222	225	122	6	277	461	88	308	1.17e-10	60.1
GGGIIIBC_00783	MER0003117	31.100	209	109	10	277	475	75	258	1.27e-10	59.3
GGGIIIBC_00783	MER0014085	26.148	283	145	10	277	504	87	360	1.53e-10	59.7
GGGIIIBC_00783	MER0016688	28.631	241	124	12	277	485	74	298	3.11e-10	58.5
GGGIIIBC_00783	MER0001451	26.471	272	146	9	264	481	47	318	4.22e-10	58.2
GGGIIIBC_00783	MER0006037	28.030	264	144	10	241	496	56	281	5.16e-10	57.4
GGGIIIBC_00783	MER0000340	27.692	260	141	12	241	485	50	277	7.32e-10	57.0
GGGIIIBC_00783	MER0050310	27.391	230	132	10	277	490	102	312	9.06e-10	57.4
GGGIIIBC_00783	MER0000344	32.000	200	96	10	277	464	88	259	1.14e-09	56.6
GGGIIIBC_00783	MER0004123	30.128	156	75	6	346	478	161	305	1.44e-09	56.6
GGGIIIBC_00783	MER0000335	30.144	209	113	11	277	477	69	252	2.29e-09	55.5
GGGIIIBC_00783	MER0000356	27.778	270	132	12	241	483	64	297	2.47e-09	55.8
GGGIIIBC_00783	MER0000364	28.685	251	133	12	256	485	53	278	3.61e-09	55.1
GGGIIIBC_00783	MER0005859	23.974	463	244	20	72	465	31	454	5.93e-09	55.1
GGGIIIBC_00783	MER0000358	25.442	283	148	13	226	477	11	261	6.27e-09	54.7
GGGIIIBC_00783	MER0002764	29.767	215	118	10	261	470	73	259	7.06e-09	53.9
GGGIIIBC_00783	MER0016986	25.735	272	136	9	253	479	80	330	7.21e-09	54.3
GGGIIIBC_00783	MER0000325	29.368	269	134	13	227	483	32	256	1.74e-08	53.1
GGGIIIBC_00783	MER0028258	30.085	236	130	9	262	462	87	322	2.43e-08	52.8
GGGIIIBC_00783	MER0000350	27.341	267	124	10	277	491	90	338	2.78e-08	52.4
GGGIIIBC_00783	MER0006297	25.446	224	139	8	262	464	250	466	3.78e-08	52.4
GGGIIIBC_00783	MER0080418	30.323	155	84	7	342	483	195	338	5.12e-08	51.6
GGGIIIBC_00783	MER0025143	25.439	228	112	8	273	464	67	272	6.44e-08	51.2
GGGIIIBC_00783	MER0005774	32.456	114	62	4	413	511	345	458	7.20e-08	51.6
GGGIIIBC_00783	MER0001454	32.609	92	44	2	412	485	240	331	9.57e-08	50.8
GGGIIIBC_00783	MER0055027	30.000	240	123	13	243	465	42	253	1.02e-07	50.8
GGGIIIBC_00783	MER0006049	23.592	284	141	9	277	488	85	364	1.24e-07	50.8
GGGIIIBC_00783	MER0003122	25.417	240	120	7	327	516	150	380	1.46e-07	50.4
GGGIIIBC_00783	MER0067924	28.205	234	116	14	277	480	63	274	1.56e-07	49.7
GGGIIIBC_00783	MER0015436	32.110	109	64	3	413	511	354	462	2.15e-07	50.1
GGGIIIBC_00783	MER0015437	29.630	108	66	3	413	511	354	460	2.40e-07	50.1
GGGIIIBC_00783	MER0014325	36.559	93	37	4	413	483	245	337	4.07e-07	48.9
GGGIIIBC_00783	MER0011813	31.068	103	51	3	407	489	341	443	4.25e-07	49.3
GGGIIIBC_00783	MER0015438	32.584	89	40	2	413	481	362	450	4.61e-07	48.9
GGGIIIBC_00783	MER0000374	26.364	220	149	7	268	481	61	273	5.34e-07	48.1
GGGIIIBC_00783	MER0001368	22.517	302	166	12	239	481	43	335	9.19e-07	47.8
GGGIIIBC_00783	MER0001467	32.222	90	41	3	412	481	247	336	1.01e-06	47.8
GGGIIIBC_00783	MER0006036	28.000	100	52	2	413	492	352	451	1.35e-06	47.4
GGGIIIBC_00783	MER0005700	28.070	114	67	3	413	511	276	389	1.37e-06	47.4
GGGIIIBC_00783	MER0000338	27.411	197	108	8	277	464	72	242	2.34e-06	46.2
GGGIIIBC_00783	MER0015435	27.358	106	56	3	413	497	362	467	2.60e-06	46.6
GGGIIIBC_00783	MER0016991	26.941	219	117	8	277	466	78	282	2.61e-06	46.2
GGGIIIBC_00783	MER0015433	28.814	118	69	4	413	515	353	470	3.02e-06	46.6
GGGIIIBC_00783	MER0022415	24.074	216	134	7	277	483	83	277	5.34e-06	45.8
GGGIIIBC_00783	MER0014089	28.947	114	66	4	413	511	353	466	7.99e-06	45.1
GGGIIIBC_00840	MER0001295	52.083	144	63	3	1	140	37	178	1.49e-40	137
GGGIIIBC_00840	MER0001425	35.915	142	76	4	1	139	41	170	6.47e-20	82.4
GGGIIIBC_00840	MER0003065	37.410	139	76	3	1	139	37	164	1.64e-18	78.2
GGGIIIBC_00840	MER0003514	38.406	138	72	4	1	137	37	162	5.32e-18	77.0
GGGIIIBC_00840	MER0015684	38.931	131	72	4	1	129	37	161	2.41e-17	75.1
GGGIIIBC_00840	MER0003413	37.374	99	61	1	1	99	37	134	1.07e-16	73.6
GGGIIIBC_00840	MER0001297	40.000	100	56	3	1	99	37	133	1.55e-15	70.1
GGGIIIBC_00840	MER0004196	28.966	145	88	4	1	141	37	170	8.01e-13	62.8
GGGIIIBC_00840	MER0005714	37.037	108	57	4	1	99	37	142	8.50e-12	59.7
GGGIIIBC_00840	MER0004195	32.414	145	82	6	1	141	37	169	6.41e-11	57.0
GGGIIIBC_00870	MER0001421	52.190	274	127	2	1	274	124	393	3.79e-100	296
GGGIIIBC_00870	MER0028941	31.560	282	172	8	1	274	98	366	6.29e-25	99.8
GGGIIIBC_00870	MER0369336	27.798	277	189	7	1	274	46	314	4.65e-20	85.5
GGGIIIBC_00887	MER0192051	25.000	216	150	7	19	225	95	307	3.62e-10	57.4
GGGIIIBC_00892	MER0042387	32.500	160	102	3	83	237	16	174	2.20e-24	93.6
GGGIIIBC_00892	MER0026552	31.447	159	106	2	78	235	4	160	2.38e-18	77.0
GGGIIIBC_00892	MER0031491	27.326	172	103	6	77	230	10	177	6.26e-15	68.6
GGGIIIBC_00892	MER0026496	27.168	173	111	5	82	239	94	266	1.12e-12	63.2
GGGIIIBC_00892	MER0002639	30.061	163	106	5	81	237	7	167	3.33e-12	60.5
GGGIIIBC_00892	MER0002642	29.240	171	112	5	81	244	7	175	3.72e-12	60.5
GGGIIIBC_00892	MER0026545	24.706	255	154	12	8	233	12	257	1.63e-11	60.1
GGGIIIBC_00899	MER0001244	35.233	193	107	3	3	183	28	214	7.78e-31	112
GGGIIIBC_00899	MER0013463	32.124	193	118	3	1	185	26	213	1.04e-27	103
GGGIIIBC_00899	MER0001243	27.468	233	138	8	9	227	34	249	1.64e-18	79.3
GGGIIIBC_00899	MER0028601	32.919	161	97	4	33	183	59	218	3.38e-18	78.6
GGGIIIBC_00899	MER0004931	28.723	188	115	3	1	185	26	197	3.49e-17	75.1
GGGIIIBC_00899	MER0001733	28.497	193	113	4	13	183	38	227	1.49e-16	74.3
GGGIIIBC_00899	MER0001248	32.212	208	96	8	22	197	5	199	1.99e-16	73.6
GGGIIIBC_00899	MER0013929	27.778	216	122	6	30	229	51	248	2.41e-14	67.4
GGGIIIBC_00899	MER0013589	26.496	234	150	7	2	227	23	242	9.88e-13	62.8
GGGIIIBC_00899	MER0005462	22.318	233	143	7	1	229	26	224	1.18e-12	62.4
GGGIIIBC_00899	MER0004532	27.215	158	96	3	31	185	55	196	2.51e-11	58.5
GGGIIIBC_00899	MER0015128	24.757	206	123	6	33	227	63	247	4.93e-11	58.2
GGGIIIBC_00899	MER0005690	24.675	231	144	6	9	227	34	246	1.32e-10	57.0
GGGIIIBC_00899	MER0015127	25.123	203	125	5	33	227	63	246	1.40e-09	53.9
GGGIIIBC_00899	MER0001342	49.091	55	28	0	173	227	193	247	1.72e-09	53.9
GGGIIIBC_00899	MER0013450	23.305	236	150	5	6	227	29	247	5.92e-08	49.3
GGGIIIBC_00899	MER0002038	27.442	215	131	8	2	211	30	224	1.91e-07	47.4
GGGIIIBC_00908	MER0003338	46.617	133	71	0	171	303	1	133	2.43e-33	116
GGGIIIBC_00908	MER0003303	44.361	133	71	2	171	303	1	130	3.90e-26	97.8
GGGIIIBC_00908	MER0013976	45.378	119	62	2	171	289	1	116	1.70e-22	87.8
GGGIIIBC_00908	MER0017622	25.506	247	160	5	6	234	1	241	6.39e-19	81.6
GGGIIIBC_00908	MER0003336	33.333	117	69	3	171	279	1	116	4.64e-11	57.0
GGGIIIBC_00908	MER0011465	37.864	103	62	2	171	272	1	102	8.27e-11	56.2
GGGIIIBC_00908	MER0034967	28.000	200	115	7	65	241	1	194	2.48e-09	53.1
GGGIIIBC_00908	MER0003299	37.719	114	69	2	171	283	1	113	3.92e-09	51.2
GGGIIIBC_00908	MER0016969	35.897	78	44	1	171	242	1	78	1.38e-06	44.7
GGGIIIBC_00968	MER0047723	46.042	480	248	4	7	480	1	475	3.65e-147	426
GGGIIIBC_00968	MER0001283	42.387	486	274	2	4	486	2	484	2.89e-143	417
GGGIIIBC_00968	MER0028941	30.769	156	84	5	13	156	2	145	2.88e-10	58.5
GGGIIIBC_01000	MER0042827	57.576	99	42	0	977	1075	1	99	5.34e-31	114
GGGIIIBC_01005	MER0003380	37.755	98	58	2	159	256	138	232	2.41e-14	68.6
GGGIIIBC_01005	MER0003423	37.615	109	57	4	158	259	31	135	6.29e-14	65.5
GGGIIIBC_01005	MER0069741	45.000	100	51	3	157	256	68	163	6.96e-14	65.9
GGGIIIBC_01005	MER0001419	37.615	109	55	4	159	259	32	135	9.55e-13	62.0
GGGIIIBC_01005	MER0025070	36.522	115	61	4	154	257	1	114	1.36e-11	58.2
GGGIIIBC_01005	MER0003906	33.019	106	64	3	159	259	1	104	5.56e-11	55.8
GGGIIIBC_01005	MER0388771	35.455	110	59	4	159	257	2	110	8.15e-10	52.8
GGGIIIBC_01005	MER0015415	37.363	91	55	1	154	244	59	147	8.47e-10	54.3
GGGIIIBC_01005	MER0003376	31.092	119	66	3	155	259	41	157	1.17e-08	50.8
GGGIIIBC_01005	MER0013541	36.047	86	52	2	159	244	1	83	2.93e-08	47.8
GGGIIIBC_01005	MER0387040	31.683	101	67	1	159	259	1	99	4.06e-08	47.8
GGGIIIBC_01005	MER0066182	31.683	101	67	1	159	259	92	190	1.17e-07	48.5
GGGIIIBC_01005	MER0005300	33.858	127	76	4	133	259	44	162	8.59e-07	45.4
GGGIIIBC_01036	MER0066178	28.671	143	92	6	31	172	9	142	2.81e-06	43.9
GGGIIIBC_01074	MER0026545	33.495	206	119	4	65	263	76	270	8.45e-34	120
GGGIIIBC_01074	MER0026552	39.024	164	89	2	87	250	6	158	3.65e-31	111
GGGIIIBC_01074	MER0042387	33.918	171	102	4	93	260	18	180	9.33e-31	110
GGGIIIBC_01074	MER0026496	28.340	247	162	8	23	261	32	271	2.24e-22	90.5
GGGIIIBC_01074	MER0031491	32.143	168	105	4	95	256	20	184	2.23e-21	85.9
GGGIIIBC_01074	MER0002642	27.778	180	124	3	83	262	2	175	2.03e-15	69.3
GGGIIIBC_01074	MER0002639	28.994	169	110	6	90	256	9	169	9.42e-10	53.5
GGGIIIBC_01115	MER0014135	44.697	264	144	2	182	444	1	263	2.58e-78	241
GGGIIIBC_01115	MER0017402	30.252	119	73	4	335	445	80	196	8.17e-08	49.7
GGGIIIBC_01115	MER0003359	25.000	108	79	2	345	450	115	222	7.88e-07	47.0
GGGIIIBC_01115	MER0026213	27.000	100	64	2	325	423	131	222	8.92e-07	47.0
GGGIIIBC_01115	MER0005837	23.611	144	96	4	292	426	79	217	7.56e-06	44.3
GGGIIIBC_01121	MER0069741	33.000	100	49	6	77	173	69	153	3.28e-06	42.7
GGGIIIBC_01127	MER0026262	29.310	348	212	11	32	353	3	342	6.89e-37	135
GGGIIIBC_01127	MER0002489	30.573	314	197	9	18	317	1	307	6.36e-35	130
GGGIIIBC_01127	MER1143079	28.105	306	195	10	31	334	1	283	7.81e-31	117
GGGIIIBC_01127	MER0003802	27.645	293	194	9	47	338	18	293	3.68e-28	110
GGGIIIBC_01127	MER0017069	24.847	326	226	7	42	355	7	325	7.62e-27	107
GGGIIIBC_01127	MER0000459	28.333	300	177	10	42	317	20	305	2.69e-26	106
GGGIIIBC_01127	MER0005925	35.393	178	94	5	44	204	16	189	1.47e-25	103
GGGIIIBC_01127	MER0005964	25.595	336	221	6	24	336	4	333	7.63e-25	102
GGGIIIBC_01127	MER0000457	26.667	330	212	10	29	343	5	319	2.49e-24	100
GGGIIIBC_01127	MER0011700	23.098	368	231	9	36	357	7	368	3.35e-23	97.8
GGGIIIBC_01127	MER0005836	28.796	191	124	5	31	210	11	200	4.44e-22	92.0
GGGIIIBC_01127	MER0140154	22.849	337	211	11	45	336	1	333	4.47e-22	94.0
GGGIIIBC_01127	MER0000463	31.140	228	131	9	43	261	14	224	3.83e-19	85.5
GGGIIIBC_01127	MER0028284	24.847	326	211	11	32	337	3	314	5.83e-19	84.7
GGGIIIBC_01127	MER0006204	27.536	207	129	4	27	214	2	206	1.62e-18	84.0
GGGIIIBC_01127	MER0005923	31.967	122	78	1	46	162	24	145	2.57e-16	77.8
GGGIIIBC_01127	MER0005923	24.336	226	129	8	153	338	208	431	7.09e-07	48.1
GGGIIIBC_01127	MER0015683	33.136	169	109	3	43	207	36	204	7.93e-16	74.7
GGGIIIBC_01127	MER0219770	25.430	291	189	11	44	319	13	290	9.59e-16	74.7
GGGIIIBC_01127	MER0122661	26.941	219	133	6	78	279	49	257	2.77e-14	70.5
GGGIIIBC_01127	MER0354941	24.731	186	120	4	45	210	10	195	1.29e-12	63.5
GGGIIIBC_01127	MER0004090	25.123	203	127	8	30	210	9	208	4.27e-12	64.3
GGGIIIBC_01127	MER0003800	25.000	196	126	7	32	207	18	212	1.68e-11	62.4
GGGIIIBC_01127	MER0004154	22.630	327	217	11	32	333	3	318	1.09e-10	59.7
GGGIIIBC_01127	MER0034963	28.070	171	115	7	37	201	14	182	9.84e-08	50.8
GGGIIIBC_01127	MER0356183	28.061	196	116	9	52	225	3	195	1.23e-06	46.2
GGGIIIBC_01127	MER0192873	23.116	199	131	8	84	261	3	200	6.64e-06	44.3
GGGIIIBC_01138	MER0005300	28.125	96	68	1	236	330	67	162	2.53e-06	43.9
GGGIIIBC_01223	MER0004090	29.592	392	219	10	244	607	1	363	5.35e-40	147
GGGIIIBC_01223	MER0035017	25.238	420	250	14	252	631	1	396	5.44e-33	128
GGGIIIBC_01223	MER0003800	28.133	391	230	13	242	607	6	370	4.07e-30	119
GGGIIIBC_01223	MER0026262	20.366	383	248	13	252	620	1	340	2.96e-12	65.1
GGGIIIBC_01223	MER0006204	24.299	214	137	7	252	459	5	199	1.31e-11	63.5
GGGIIIBC_01223	MER0011700	21.831	284	181	12	257	526	6	262	8.00e-09	54.7
GGGIIIBC_01223	MER0000459	22.190	347	218	15	240	585	5	300	2.33e-08	53.1
GGGIIIBC_01223	MER0140154	22.330	206	132	6	268	463	2	189	3.65e-08	52.4
GGGIIIBC_01223	MER0354941	26.415	212	116	8	268	464	11	197	4.91e-08	50.4
GGGIIIBC_01223	MER0004154	24.400	250	147	7	284	530	32	242	8.74e-08	51.2
GGGIIIBC_01253	MER0025086	53.659	123	51	2	186	302	1	123	3.65e-42	139
GGGIIIBC_01253	MER0029657	41.463	123	62	5	185	302	28	145	9.58e-20	81.3
GGGIIIBC_01253	MER0011122	37.692	130	68	6	186	302	17	146	4.67e-15	68.6
GGGIIIBC_01256	MER0027775	37.607	117	72	1	72	188	1	116	1.58e-24	90.5
GGGIIIBC_01256	MER0001602	33.333	138	73	4	72	190	1	138	5.70e-16	68.9
GGGIIIBC_01287	MER0492485	36.111	144	89	2	5	145	3	146	3.20e-26	95.1
GGGIIIBC_01302	MER0000459	28.618	304	192	9	82	369	30	324	5.24e-26	104
GGGIIIBC_01302	MER0026262	27.869	366	214	14	61	392	1	350	1.29e-23	97.8
GGGIIIBC_01302	MER0017069	27.244	312	211	7	73	375	8	312	1.32e-23	97.4
GGGIIIBC_01302	MER1143079	26.814	317	182	11	63	365	2	282	2.02e-23	95.9
GGGIIIBC_01302	MER0122661	25.085	295	191	9	73	345	12	298	9.67e-20	86.3
GGGIIIBC_01302	MER0003802	27.519	258	162	6	77	328	17	255	1.74e-19	85.1
GGGIIIBC_01302	MER0006204	28.966	290	159	13	81	328	26	310	2.20e-18	82.8
GGGIIIBC_01302	MER0002489	26.538	260	163	8	105	345	52	302	4.07e-18	81.6
GGGIIIBC_01302	MER0005964	28.185	259	143	9	77	306	24	268	8.77e-17	77.8
GGGIIIBC_01302	MER0011700	25.070	359	205	14	78	385	19	364	3.20e-15	73.2
GGGIIIBC_01302	MER0005836	29.439	214	131	8	63	265	12	216	1.30e-14	70.1
GGGIIIBC_01302	MER0140154	22.384	344	211	11	77	373	3	337	7.67e-14	68.9
GGGIIIBC_01302	MER0005925	29.255	188	108	7	77	248	19	197	1.10e-13	68.6
GGGIIIBC_01302	MER0000457	23.154	298	206	8	82	369	28	312	7.96e-13	65.9
GGGIIIBC_01302	MER0003800	25.114	219	144	7	52	253	7	222	2.33e-11	61.6
GGGIIIBC_01302	MER0219770	26.316	190	122	5	77	258	18	197	1.20e-10	58.9
GGGIIIBC_01302	MER0354941	26.486	185	116	6	80	247	15	196	1.20e-10	57.4
GGGIIIBC_01302	MER0004154	23.361	244	157	9	73	302	14	241	8.32e-10	56.6
GGGIIIBC_01302	MER0004090	21.801	211	145	5	53	246	1	208	8.92e-09	53.5
GGGIIIBC_01302	MER0015683	25.556	180	120	5	84	257	47	218	2.83e-08	51.6
GGGIIIBC_01302	MER0000463	24.498	249	163	10	95	334	35	267	1.46e-07	49.7
GGGIIIBC_01302	MER0028284	25.153	163	105	5	95	250	35	187	3.16e-07	48.5
GGGIIIBC_01302	MER0005923	27.642	123	72	2	52	167	10	122	6.94e-07	47.8
GGGIIIBC_01326	MER0003380	35.043	234	144	4	146	378	14	240	8.73e-41	142
GGGIIIBC_01326	MER0069741	43.506	154	83	3	227	378	20	171	2.81e-32	117
GGGIIIBC_01326	MER0013541	51.765	85	41	0	276	360	1	85	3.81e-25	95.1
GGGIIIBC_01326	MER0387040	43.617	94	52	1	276	368	1	94	3.12e-19	79.3
GGGIIIBC_01326	MER0066182	39.831	118	59	3	256	368	75	185	5.04e-17	75.9
GGGIIIBC_01326	MER0003376	35.433	127	60	3	251	364	29	146	2.54e-15	70.5
GGGIIIBC_01326	MER0003906	35.870	92	57	2	276	365	1	92	1.01e-13	63.9
GGGIIIBC_01326	MER0003423	33.333	102	66	2	276	375	32	133	2.88e-11	58.2
GGGIIIBC_01326	MER0015415	33.333	93	61	1	269	360	57	149	8.74e-11	57.4
GGGIIIBC_01326	MER0001419	36.047	86	53	2	276	359	32	117	5.45e-10	54.3
GGGIIIBC_01326	MER0005300	41.667	84	49	0	266	349	55	138	2.19e-09	53.1
GGGIIIBC_01326	MER0388771	34.694	98	53	4	276	363	2	98	3.71e-09	51.2
GGGIIIBC_01326	MER0025070	34.000	100	55	4	274	363	4	102	3.86e-09	51.2
GGGIIIBC_01338	MER0091680	26.087	161	111	4	281	435	60	218	5.66e-08	50.8
GGGIIIBC_01338	MER0001009	23.776	143	102	3	293	429	20	161	9.78e-07	47.0
GGGIIIBC_01338	MER0011183	22.749	211	147	6	229	426	5	212	8.69e-06	44.3
GGGIIIBC_01376	MER0001299	36.381	525	298	10	34	534	1	513	7.86e-93	293
GGGIIIBC_01376	MER0011114	42.408	191	109	1	326	515	182	372	1.19e-44	159
GGGIIIBC_01376	MER0011114	28.718	195	137	1	87	279	2	196	1.44e-16	78.6
GGGIIIBC_01376	MER0321345	41.436	181	104	1	331	509	1	181	7.89e-40	140
GGGIIIBC_01376	MER0321345	24.731	186	132	5	84	267	1	180	2.54e-10	57.0
GGGIIIBC_01376	MER0003812	41.081	185	107	1	331	513	1	185	1.42e-39	140
GGGIIIBC_01376	MER0003812	25.269	186	131	5	84	267	1	180	2.16e-11	60.1
GGGIIIBC_01376	MER0013957	31.694	183	125	0	331	513	1	183	4.00e-26	102
GGGIIIBC_01376	MER0013957	28.796	191	124	6	84	269	1	184	2.24e-11	60.1
GGGIIIBC_01376	MER0044046	32.609	184	123	1	331	514	1	183	1.68e-21	89.4
GGGIIIBC_01376	MER0001300	33.533	167	108	2	343	508	9	173	4.87e-21	87.8
GGGIIIBC_01376	MER0001303	23.316	193	147	1	331	523	1	192	1.30e-10	58.2
GGGIIIBC_01393	MER0001161	39.706	680	399	6	4	674	1	678	4.33e-171	502
GGGIIIBC_01393	MER0001158	37.685	674	410	6	5	674	10	677	1.84e-152	454
GGGIIIBC_01393	MER0006087	36.012	647	391	11	50	675	55	699	7.18e-127	389
GGGIIIBC_01393	MER0015119	34.507	710	405	20	16	675	18	717	1.22e-120	373
GGGIIIBC_01393	MER0001149	32.724	602	381	12	82	674	90	676	2.06e-98	314
GGGIIIBC_01393	MER0108144	29.567	646	424	13	48	674	29	662	8.49e-96	306
GGGIIIBC_01393	MER0003110	29.957	701	416	20	33	674	31	715	1.33e-88	288
GGGIIIBC_01393	MER0001153	30.395	658	408	18	48	674	54	692	5.85e-80	265
GGGIIIBC_01393	MER0001942	29.256	605	400	13	81	674	89	676	5.49e-78	259
GGGIIIBC_01393	MER0079465	27.611	565	379	13	126	674	84	634	3.10e-69	234
GGGIIIBC_01393	MER0015170	25.442	566	380	13	112	669	94	625	2.69e-51	185
GGGIIIBC_01393	MER0001156	24.883	643	403	21	66	651	65	684	2.17e-44	166
GGGIIIBC_01393	MER0059435	23.077	208	119	5	327	503	337	534	3.27e-08	53.5
GGGIIIBC_01393	MER0021317	34.848	66	43	0	438	503	22	87	4.03e-08	48.1
GGGIIIBC_01405	MER0003380	30.968	155	73	6	21	169	106	232	9.23e-11	59.3
GGGIIIBC_01405	MER0069741	31.159	138	62	6	41	178	64	168	1.65e-09	54.3
GGGIIIBC_01405	MER0013541	30.631	111	51	4	47	157	1	85	2.84e-06	42.7
GGGIIIBC_01439	MER0003514	43.949	157	81	2	149	303	2	153	1.48e-37	132
GGGIIIBC_01439	MER0003413	39.735	151	89	1	150	300	3	151	2.33e-35	127
GGGIIIBC_01439	MER0001297	42.675	157	87	1	150	306	3	156	5.11e-35	125
GGGIIIBC_01439	MER0003065	40.000	155	90	1	150	304	3	154	1.77e-32	119
GGGIIIBC_01439	MER0001425	40.881	159	89	2	152	306	5	162	8.80e-31	114
GGGIIIBC_01439	MER0004196	39.873	158	92	3	148	304	1	156	5.53e-30	112
GGGIIIBC_01439	MER0015684	36.257	171	98	2	151	321	4	163	1.04e-28	108
GGGIIIBC_01439	MER0005714	36.076	158	93	2	149	299	2	158	1.78e-26	102
GGGIIIBC_01439	MER0004195	35.294	153	97	1	152	304	5	155	4.76e-24	95.9
GGGIIIBC_01439	MER0001295	34.302	172	89	5	150	304	3	167	4.14e-22	90.5
GGGIIIBC_01439	MER0195376	27.891	147	83	4	150	273	1	147	5.31e-08	49.7
GGGIIIBC_01454	MER0005767	36.937	111	67	2	205	314	150	258	9.31e-11	59.3
GGGIIIBC_01492	MER0015121	28.571	147	76	5	20	137	11	157	1.08e-06	47.0
GGGIIIBC_01492	MER0001505	34.043	94	52	3	25	108	21	114	2.91e-06	45.4
GGGIIIBC_01513	MER0001322	39.048	105	51	4	131	230	1	97	7.40e-17	71.6
GGGIIIBC_01513	MER0014188	39.560	91	49	3	131	220	1	86	6.79e-16	68.6
GGGIIIBC_01513	MER0024252	37.838	111	59	4	143	247	14	120	7.22e-13	60.8
GGGIIIBC_01513	MER0003807	37.234	94	55	4	131	221	1	93	1.58e-11	57.0
GGGIIIBC_01513	MER0377310	33.333	102	64	3	131	231	1	99	2.88e-10	53.1
GGGIIIBC_01513	MER0377307	33.333	102	64	3	131	231	1	99	2.88e-10	53.1
GGGIIIBC_01513	MER0002450	33.333	102	64	3	131	231	1	99	3.97e-10	53.1
GGGIIIBC_01513	MER0002443	40.964	83	46	3	141	221	11	92	7.21e-10	52.4
GGGIIIBC_01513	MER0376722	33.684	95	52	3	131	221	1	88	1.76e-09	50.8
GGGIIIBC_01513	MER0377450	34.737	95	51	3	131	221	1	88	2.50e-09	50.4
GGGIIIBC_01513	MER0003808	33.019	106	59	4	131	231	1	99	2.81e-09	50.8
GGGIIIBC_01513	MER0003805	34.737	95	51	3	131	221	1	88	3.04e-09	50.4
GGGIIIBC_01513	MER0377178	35.106	94	57	3	139	231	9	99	7.01e-09	49.3
GGGIIIBC_01513	MER0004035	40.741	81	43	4	143	221	10	87	1.74e-08	48.5
GGGIIIBC_01513	MER0004054	36.782	87	49	5	139	220	9	94	1.16e-06	43.5
GGGIIIBC_01528	MER0281397	28.571	203	118	6	120	300	4	201	3.22e-18	79.3
GGGIIIBC_01528	MER1143079	25.541	231	138	8	120	333	48	261	2.17e-08	51.6
GGGIIIBC_01528	MER0028284	26.866	134	83	4	120	247	55	179	7.09e-07	47.4
GGGIIIBC_01528	MER0003802	26.012	173	103	9	94	255	21	179	1.44e-06	46.2
GGGIIIBC_01528	MER0026262	21.000	300	161	11	120	366	56	332	2.08e-06	45.8
GGGIIIBC_01530	MER0015475	33.951	162	86	6	42	190	32	185	2.68e-16	72.4
GGGIIIBC_01553	MER0004468	38.710	93	53	3	1	90	326	417	7.26e-11	53.9
GGGIIIBC_01553	MER0897124	38.710	93	53	3	1	90	326	417	9.26e-11	53.5
GGGIIIBC_01553	MER0004471	42.424	66	37	1	18	82	292	357	7.57e-08	45.1
GGGIIIBC_01553	MER0004474	39.706	68	36	3	18	82	286	351	7.27e-07	42.4
GGGIIIBC_01553	MER0004480	58.621	29	12	0	25	53	296	324	8.19e-07	42.4
GGGIIIBC_01554	MER0004469	25.373	201	123	6	10	190	10	203	4.24e-15	72.4
GGGIIIBC_01554	MER0004480	32.903	155	94	5	11	165	1	145	5.78e-13	65.5
GGGIIIBC_01554	MER0897124	26.829	123	85	2	80	200	147	266	6.01e-09	53.9
GGGIIIBC_01554	MER0004468	25.203	123	87	2	80	200	147	266	3.38e-08	51.2
GGGIIIBC_01554	MER0004474	32.407	108	64	4	14	120	89	188	4.24e-08	50.8
GGGIIIBC_01554	MER0004471	31.707	123	69	5	5	120	80	194	3.68e-07	48.1
GGGIIIBC_01555	MER0001009	31.868	182	108	5	319	493	19	191	4.46e-24	97.8
GGGIIIBC_01555	MER0019759	34.211	152	93	3	319	466	81	229	8.25e-21	89.0
GGGIIIBC_01555	MER0168983	35.758	165	76	9	280	431	1	148	2.09e-19	82.8
GGGIIIBC_01555	MER0001010	33.333	153	90	4	319	464	60	207	3.06e-19	83.6
GGGIIIBC_01555	MER0002746	33.129	163	101	4	309	466	71	230	3.28e-19	84.3
GGGIIIBC_01555	MER0091680	34.228	149	87	5	320	462	72	215	3.39e-19	83.6
GGGIIIBC_01555	MER0011440	29.778	225	130	9	252	455	1	218	7.20e-19	82.8
GGGIIIBC_01555	MER0002968	36.054	147	87	4	309	451	76	219	1.25e-18	82.0
GGGIIIBC_01555	MER0011183	31.788	151	95	4	321	466	75	222	2.06e-18	81.6
GGGIIIBC_01555	MER0002078	35.948	153	88	5	320	466	82	230	3.14e-18	81.3
GGGIIIBC_01555	MER0011438	25.728	206	123	6	252	434	1	199	1.24e-17	79.0
GGGIIIBC_01555	MER0002060	29.907	214	127	8	252	447	7	215	2.39e-17	78.2
GGGIIIBC_01555	MER0005331	30.653	199	117	8	252	432	2	197	2.54e-17	78.2
GGGIIIBC_01555	MER0011369	29.167	216	125	7	247	440	11	220	4.83e-17	77.8
GGGIIIBC_01555	MER0000997	31.884	207	112	10	252	433	3	205	2.77e-16	75.1
GGGIIIBC_01555	MER0019754	34.127	126	69	2	318	433	62	183	3.02e-16	74.7
GGGIIIBC_01555	MER0006264	30.882	136	82	4	319	447	52	182	5.92e-16	73.6
GGGIIIBC_01555	MER0004243	37.063	143	67	7	319	447	83	216	1.04e-15	73.6
GGGIIIBC_01555	MER0005045	29.348	184	101	6	272	433	10	186	1.20e-15	72.8
GGGIIIBC_01555	MER0001005	33.858	127	75	3	313	432	40	164	2.50e-15	71.6
GGGIIIBC_01555	MER0168177	33.333	162	85	7	280	431	1	149	3.36e-15	70.9
GGGIIIBC_01555	MER0002210	32.231	121	73	4	319	432	38	156	5.23e-15	69.7
GGGIIIBC_01555	MER0052595	36.496	137	73	5	320	447	89	220	5.28e-15	71.6
GGGIIIBC_01555	MER0011423	35.000	120	70	3	320	433	85	202	2.12e-14	69.7
GGGIIIBC_01555	MER0036308	37.190	121	69	3	252	367	11	129	1.84e-13	67.4
GGGIIIBC_01555	MER0002003	27.650	217	130	8	252	447	7	217	2.29e-13	66.6
GGGIIIBC_01555	MER0002422	33.594	128	73	3	319	440	80	201	3.99e-13	65.9
GGGIIIBC_01555	MER0005046	30.328	122	79	2	317	433	66	186	4.64e-13	65.5
GGGIIIBC_01555	MER0028449	30.986	142	86	5	319	451	87	225	5.05e-13	65.9
GGGIIIBC_01555	MER0001185	31.538	130	85	2	320	447	88	215	6.23e-13	65.5
GGGIIIBC_01555	MER0005328	33.557	149	84	6	298	433	49	195	6.78e-13	65.1
GGGIIIBC_01555	MER0011371	36.134	119	68	4	320	432	82	198	7.17e-13	65.1
GGGIIIBC_01555	MER0001701	31.973	147	79	5	320	454	70	207	8.42e-13	65.1
GGGIIIBC_01555	MER0011370	33.121	157	76	7	298	432	48	197	1.00e-12	64.7
GGGIIIBC_01555	MER0001012	25.000	204	133	6	248	433	3	204	1.81e-12	63.9
GGGIIIBC_01555	MER0011720	28.125	192	118	7	252	432	7	189	1.02e-11	61.6
GGGIIIBC_01555	MER0015166	28.302	212	124	7	248	433	10	219	1.08e-11	62.0
GGGIIIBC_01555	MER0011175	28.926	121	72	4	321	432	82	197	1.44e-11	61.2
GGGIIIBC_01555	MER0002355	32.743	113	63	4	252	353	7	117	1.55e-11	61.2
GGGIIIBC_01555	MER0001003	34.959	123	66	4	321	433	55	173	2.91e-11	59.7
GGGIIIBC_01555	MER0003916	29.771	131	82	4	320	447	70	193	4.26e-11	59.7
GGGIIIBC_01555	MER0002865	28.082	146	91	5	295	430	14	155	5.35e-11	58.9
GGGIIIBC_01555	MER0026830	66.667	33	11	0	319	351	82	114	4.34e-10	56.2
GGGIIIBC_01555	MER0019096	29.730	148	93	5	321	468	61	197	4.45e-10	56.6
GGGIIIBC_01555	MER0016308	30.252	119	73	3	321	432	55	170	7.02e-10	55.8
GGGIIIBC_01555	MER0011399	24.138	232	137	9	259	464	7	225	7.49e-10	56.6
GGGIIIBC_01555	MER0011401	32.540	126	78	3	320	438	75	200	9.71e-10	55.8
GGGIIIBC_01555	MER0001017	27.451	204	128	7	252	441	13	210	1.70e-09	55.8
GGGIIIBC_01555	MER0002281	34.043	141	78	8	298	426	61	198	4.33e-09	54.3
GGGIIIBC_01555	MER0002755	41.250	80	42	3	276	351	27	105	6.19e-09	53.5
GGGIIIBC_01555	MER0012283	25.134	187	129	5	256	432	17	202	9.04e-09	53.1
GGGIIIBC_01555	MER0001525	23.077	143	93	4	317	445	87	226	6.23e-08	50.8
GGGIIIBC_01555	MER0011345	25.749	167	106	6	298	451	60	221	2.16e-07	49.3
GGGIIIBC_01555	MER0001001	28.455	123	70	4	320	432	82	196	2.51e-07	48.5
GGGIIIBC_01555	MER0171631	55.263	38	17	0	322	359	85	122	2.96e-07	48.5
GGGIIIBC_01555	MER0011400	26.667	120	80	3	319	432	81	198	3.30e-07	48.9
GGGIIIBC_01555	MER0003500	27.972	143	90	4	319	454	68	204	4.38e-07	47.8
GGGIIIBC_01555	MER0012271	25.146	171	111	7	276	434	38	203	8.16e-07	47.8
GGGIIIBC_01555	MER0001013	29.730	111	73	3	256	362	18	127	1.28e-06	47.0
GGGIIIBC_01555	MER0116688	32.787	122	70	4	319	432	81	198	2.37e-06	46.2
GGGIIIBC_01555	MER0040779	25.664	113	75	4	320	432	81	184	3.58e-06	45.1
GGGIIIBC_01624	MER0073084	22.661	481	322	13	36	484	18	480	7.48e-29	117
GGGIIIBC_01624	MER0014496	25.405	185	123	4	253	427	260	439	4.85e-09	55.8
GGGIIIBC_01658	MER0005767	27.586	319	192	8	51	368	25	305	6.87e-34	126
GGGIIIBC_01658	MER0030151	24.814	403	273	11	4	384	1	395	3.84e-22	94.7
GGGIIIBC_01658	MER0030143	23.951	405	274	12	4	384	1	395	1.20e-20	90.1
GGGIIIBC_01658	MER0030136	25.307	407	266	15	4	384	1	395	4.34e-19	85.5
GGGIIIBC_01658	MER0030149	24.439	401	277	11	4	384	1	395	1.95e-18	83.6
GGGIIIBC_01658	MER0030155	23.559	399	283	10	4	384	1	395	4.77e-16	76.3
GGGIIIBC_01658	MER0015112	26.984	252	161	9	4	239	1	245	2.22e-12	65.1
GGGIIIBC_01694	MER0060647	36.740	362	207	6	11	361	1	351	5.74e-69	218
GGGIIIBC_01694	MER0078640	36.438	365	199	9	11	360	1	347	8.40e-69	217
GGGIIIBC_01694	MER0044812	43.033	244	122	5	141	371	5	244	5.69e-59	188
GGGIIIBC_01694	MER0043540	37.391	230	138	3	142	368	2	228	1.15e-51	169
GGGIIIBC_01694	MER0045945	40.580	207	112	5	161	364	15	213	7.17e-45	151
GGGIIIBC_01694	MER0046161	40.541	222	113	4	161	368	33	249	1.72e-44	152
GGGIIIBC_01694	MER0115185	50.345	145	70	1	215	359	1	143	2.70e-42	142
GGGIIIBC_01694	MER0436691	29.630	270	145	5	101	364	14	244	2.19e-41	143
GGGIIIBC_01694	MER0044882	28.125	160	96	6	201	346	2	156	2.18e-08	50.4
GGGIIIBC_01694	MER0043537	27.778	180	100	7	192	356	14	178	1.29e-07	48.1
GGGIIIBC_01694	MER0045094	24.118	170	103	5	192	346	26	184	7.59e-07	46.6
GGGIIIBC_01694	MER0043394	26.950	141	93	5	212	346	12	148	1.87e-06	44.3
GGGIIIBC_01694	MER0044622	27.368	190	107	6	194	367	45	219	2.42e-06	45.4
GGGIIIBC_01734	MER0003380	33.566	143	67	6	107	236	97	224	3.47e-16	72.8
GGGIIIBC_01734	MER0387040	38.000	100	48	4	135	234	1	86	1.71e-12	59.7
GGGIIIBC_01734	MER0013541	39.362	94	45	3	138	231	1	82	1.74e-12	58.9
GGGIIIBC_01734	MER0003376	32.394	142	83	5	91	232	6	134	2.80e-12	60.5
GGGIIIBC_01734	MER0003423	36.634	101	48	4	140	239	34	119	3.37e-12	59.7
GGGIIIBC_01734	MER0066182	38.000	100	48	4	135	234	92	177	4.18e-12	60.8
GGGIIIBC_01734	MER0001419	36.634	101	48	4	140	239	34	119	2.98e-11	57.0
GGGIIIBC_01734	MER0003906	32.000	100	54	3	140	239	3	88	3.55e-09	50.4
GGGIIIBC_01734	MER0069741	34.783	92	47	4	140	231	72	150	1.15e-06	44.7
