LPGEEOON_00001	MER0048191	24.427	131	81	3	132	248	18	144	7.72e-07	47.0
LPGEEOON_00030	MER0042827	57.576	99	42	0	977	1075	1	99	6.38e-32	117
LPGEEOON_00068	MER0001295	46.739	184	86	3	365	545	5	179	3.93e-46	159
LPGEEOON_00068	MER0003413	39.669	121	72	1	383	503	15	134	1.35e-23	95.1
LPGEEOON_00068	MER0001425	35.165	182	87	6	374	544	10	171	1.09e-21	89.7
LPGEEOON_00068	MER0001297	37.762	143	79	3	361	503	1	133	1.24e-21	89.4
LPGEEOON_00068	MER0003065	35.152	165	94	4	378	541	10	162	1.77e-21	89.0
LPGEEOON_00068	MER0003514	34.807	181	99	4	361	541	1	162	1.86e-20	86.3
LPGEEOON_00068	MER0004196	32.298	161	96	3	387	545	19	168	2.58e-19	82.8
LPGEEOON_00068	MER0005714	37.879	132	71	4	381	503	13	142	1.10e-17	78.6
LPGEEOON_00068	MER0015684	33.117	154	91	6	384	533	16	161	2.00e-15	71.6
LPGEEOON_00068	MER0004195	31.720	186	105	6	361	544	1	166	4.02e-15	70.9
LPGEEOON_00106	MER0001244	39.695	262	146	2	278	527	1	262	1.93e-56	187
LPGEEOON_00106	MER0028601	37.453	267	148	6	278	526	1	266	9.72e-46	159
LPGEEOON_00106	MER0013463	34.884	258	158	3	279	526	2	259	1.47e-45	158
LPGEEOON_00106	MER0001733	32.624	282	147	6	278	516	1	282	6.30e-37	135
LPGEEOON_00106	MER0004931	33.333	243	136	6	278	515	1	222	7.71e-34	125
LPGEEOON_00106	MER0001248	32.000	250	123	6	324	527	5	253	7.07e-32	120
LPGEEOON_00106	MER0005462	32.068	237	135	4	279	510	2	217	6.37e-29	111
LPGEEOON_00106	MER0005715	29.388	245	146	7	278	515	1	225	7.67e-22	91.7
LPGEEOON_00106	MER0002038	30.672	238	138	5	279	510	2	218	9.18e-21	88.2
LPGEEOON_00106	MER0001250	29.787	282	149	8	280	515	3	281	1.05e-20	89.4
LPGEEOON_00106	MER0004532	27.731	238	141	6	278	508	1	214	1.77e-20	87.4
LPGEEOON_00106	MER0004321	26.423	246	140	10	280	506	3	226	1.12e-08	53.1
LPGEEOON_00106	MER0016544	26.122	245	121	13	292	517	54	257	1.66e-07	49.7
LPGEEOON_00106	MER0027437	24.797	246	138	10	279	502	2	222	3.94e-07	48.5
LPGEEOON_00106	MER0016542	24.103	195	103	7	342	518	93	260	3.67e-06	45.4
LPGEEOON_00113	MER0014188	36.283	113	62	5	127	234	1	108	8.36e-16	68.2
LPGEEOON_00113	MER0024252	37.302	126	69	4	123	248	4	119	6.11e-15	66.6
LPGEEOON_00113	MER0001322	33.019	106	58	4	127	227	1	98	1.79e-12	59.7
LPGEEOON_00113	MER0376722	35.556	90	47	3	134	219	8	90	3.16e-12	58.2
LPGEEOON_00113	MER0003808	35.556	90	47	3	134	219	8	90	3.35e-12	58.5
LPGEEOON_00113	MER0002443	36.000	100	61	3	127	224	1	99	2.13e-11	56.6
LPGEEOON_00113	MER0003807	43.023	86	43	5	138	219	12	95	3.54e-11	56.2
LPGEEOON_00113	MER0003805	35.294	85	52	2	135	219	9	90	1.19e-10	54.3
LPGEEOON_00113	MER0377450	35.294	85	52	2	135	219	9	90	1.53e-10	53.5
LPGEEOON_00113	MER0377310	31.068	103	67	3	127	228	1	100	1.87e-10	53.9
LPGEEOON_00113	MER0377307	31.068	103	67	3	127	228	1	100	1.87e-10	53.9
LPGEEOON_00113	MER0002450	31.068	103	67	3	127	228	1	100	2.23e-10	53.5
LPGEEOON_00113	MER0004035	36.585	82	49	3	139	219	10	89	1.40e-09	51.6
LPGEEOON_00113	MER0003986	32.609	92	58	4	134	222	8	98	1.74e-09	51.2
LPGEEOON_00113	MER0377178	31.068	103	67	3	127	228	1	100	5.85e-09	49.7
LPGEEOON_00113	MER0004054	35.556	90	52	5	135	219	9	97	1.28e-07	46.2
LPGEEOON_00127	MER0000472	22.637	455	287	15	26	423	3	449	5.35e-11	60.8
LPGEEOON_00127	MER0026276	37.374	99	50	4	314	400	346	444	3.39e-09	55.5
LPGEEOON_00127	MER0011571	24.390	164	119	2	230	388	243	406	9.15e-07	47.8
LPGEEOON_00146	MER0037236	25.869	259	156	7	14	244	11	261	1.80e-17	76.6
LPGEEOON_00146	MER0004146	25.296	253	166	9	14	244	10	261	1.15e-15	71.6
LPGEEOON_00146	MER0031611	23.077	260	161	5	18	246	35	286	8.66e-14	66.6
LPGEEOON_00146	MER0036057	21.457	247	158	7	23	244	63	298	1.40e-10	57.4
LPGEEOON_00146	MER0036053	22.642	265	162	7	18	244	4	263	3.74e-09	52.8
LPGEEOON_00146	MER0017033	21.687	249	158	9	22	244	63	300	4.46e-09	52.8
LPGEEOON_00146	MER0035973	24.419	172	114	4	83	243	120	286	5.68e-08	49.3
LPGEEOON_00146	MER0036054	24.528	212	127	6	66	244	63	274	8.72e-08	48.9
LPGEEOON_00146	MER0036066	20.800	250	159	9	23	243	1	240	1.21e-07	48.1
LPGEEOON_00146	MER0011785	26.923	182	98	7	11	175	18	181	3.49e-07	47.4
LPGEEOON_00146	MER0003537	24.623	199	118	7	84	253	90	285	6.27e-07	46.2
LPGEEOON_00146	MER0036068	23.280	189	128	5	71	242	105	293	7.61e-07	46.2
LPGEEOON_00146	MER0031569	25.828	151	86	6	87	233	105	233	2.30e-06	44.3
LPGEEOON_00146	MER0011509	28.704	108	71	2	21	122	37	144	9.34e-06	42.7
LPGEEOON_00175	MER0000589	62.162	37	14	0	476	512	192	228	5.17e-10	57.0
LPGEEOON_00175	MER0000589	29.054	148	53	5	140	278	1	105	2.20e-09	55.1
LPGEEOON_00175	MER0013626	47.368	38	20	0	475	512	108	145	6.45e-09	52.0
LPGEEOON_00178	MER0030047	30.986	142	80	6	72	204	2	134	3.72e-06	42.7
LPGEEOON_00179	MER0015472	29.032	186	83	6	53	236	50	188	1.71e-09	53.1
LPGEEOON_00179	MER0015468	33.333	90	59	1	11	99	8	97	4.41e-09	51.6
LPGEEOON_00179	MER0048181	30.286	175	88	5	49	223	2	142	1.32e-08	49.3
LPGEEOON_00179	MER0015459	40.816	49	29	0	44	92	46	94	1.49e-08	50.8
LPGEEOON_00179	MER0015633	32.143	84	56	1	44	127	46	128	1.68e-07	47.4
LPGEEOON_00179	MER0015458	23.196	194	96	6	44	227	48	198	2.97e-07	47.0
LPGEEOON_00179	MER0017194	29.834	181	73	4	50	223	66	199	7.48e-07	45.4
LPGEEOON_00179	MER0015659	28.235	85	60	1	44	128	46	129	3.21e-06	43.5
LPGEEOON_00179	MER0015462	32.653	49	33	0	44	92	44	92	4.34e-06	42.7
LPGEEOON_00179	MER0015473	25.258	194	93	7	49	236	38	185	6.35e-06	42.7
LPGEEOON_00179	MER0015686	29.885	87	60	1	42	128	44	129	6.53e-06	42.7
LPGEEOON_00220	MER0065554	44.175	206	104	2	18	213	63	267	2.67e-57	179
LPGEEOON_00220	MER0437468	41.148	209	117	5	1	206	143	348	4.58e-47	155
LPGEEOON_00220	MER0436717	44.560	193	101	4	16	206	206	394	7.11e-41	140
LPGEEOON_00268	MER0006204	25.067	375	233	13	47	398	6	355	9.55e-27	107
LPGEEOON_00268	MER0026262	26.829	287	179	6	47	326	2	264	2.77e-24	100
LPGEEOON_00268	MER0002489	31.615	291	150	14	52	326	11	268	6.92e-24	98.6
LPGEEOON_00268	MER0122661	23.743	358	232	12	48	398	1	324	2.40e-18	82.4
LPGEEOON_00268	MER0005925	27.488	211	118	6	48	243	4	194	3.74e-16	76.3
LPGEEOON_00268	MER0140154	24.662	296	170	10	63	328	3	275	5.02e-16	75.5
LPGEEOON_00268	MER1143079	25.287	261	151	9	67	326	16	233	1.25e-15	73.6
LPGEEOON_00268	MER0003800	22.750	400	234	17	41	401	8	371	1.45e-13	68.6
LPGEEOON_00268	MER0354941	27.778	198	117	8	63	246	12	197	3.05e-13	65.1
LPGEEOON_00268	MER0004090	22.997	387	243	18	41	398	1	361	1.16e-12	65.9
LPGEEOON_00268	MER0000459	22.619	252	162	8	67	308	28	256	2.03e-12	64.7
LPGEEOON_00268	MER0003802	21.245	273	178	8	50	320	5	242	4.94e-12	63.2
LPGEEOON_00268	MER0005964	25.911	247	139	10	81	308	40	261	7.10e-12	63.2
LPGEEOON_00268	MER0005836	23.864	264	157	10	48	301	16	245	2.48e-11	60.5
LPGEEOON_00268	MER0011700	25.561	223	135	8	50	252	1	212	1.92e-09	55.8
LPGEEOON_00268	MER0219770	21.831	284	185	12	48	322	1	256	2.92e-09	54.7
LPGEEOON_00268	MER0005923	34.615	78	48	1	59	133	18	95	5.48e-09	54.7
LPGEEOON_00268	MER0192873	24.889	225	142	8	98	311	1	209	1.03e-08	52.4
LPGEEOON_00268	MER0017069	27.642	123	77	2	52	174	1	111	2.68e-08	52.0
LPGEEOON_00268	MER0015683	23.043	230	136	8	48	261	21	225	3.22e-08	51.6
LPGEEOON_00268	MER0004154	20.359	334	227	10	62	392	17	314	1.30e-07	50.1
LPGEEOON_00311	MER0003380	35.789	95	60	1	187	281	138	231	1.20e-16	74.7
LPGEEOON_00311	MER0069741	37.895	95	57	2	187	281	70	162	3.99e-16	71.6
LPGEEOON_00311	MER0003376	33.333	129	66	5	174	285	32	157	2.72e-14	66.2
LPGEEOON_00311	MER0003906	37.143	105	59	3	187	285	1	104	3.82e-14	64.3
LPGEEOON_00311	MER0005300	38.298	94	57	1	192	285	70	162	1.01e-13	64.7
LPGEEOON_00311	MER0387040	33.000	100	65	2	187	285	1	99	5.00e-12	58.5
LPGEEOON_00311	MER0066182	32.673	101	66	2	187	286	92	191	7.11e-12	60.5
LPGEEOON_00311	MER0003423	33.333	99	63	2	186	282	31	128	2.28e-09	52.0
LPGEEOON_00311	MER0001419	31.429	105	65	3	187	285	32	135	9.32e-09	50.4
LPGEEOON_00311	MER0013541	29.070	86	60	1	187	272	1	85	7.22e-08	46.2
LPGEEOON_00311	MER0015415	28.571	91	63	2	183	272	60	149	4.72e-06	43.1
LPGEEOON_00320	MER0192051	23.721	215	154	4	18	224	95	307	1.09e-08	52.8
LPGEEOON_00329	MER0019759	27.950	161	102	4	339	491	77	231	7.07e-12	62.4
LPGEEOON_00329	MER0002755	31.481	162	86	7	322	466	50	203	5.78e-11	59.3
LPGEEOON_00329	MER0005328	28.387	155	95	5	322	463	49	200	7.96e-10	55.8
LPGEEOON_00329	MER0006264	22.840	162	106	3	322	470	27	182	1.04e-09	55.1
LPGEEOON_00329	MER0011345	31.868	91	56	2	294	378	28	118	4.25e-09	54.3
LPGEEOON_00329	MER0001009	25.281	178	115	5	338	506	14	182	5.25e-09	53.5
LPGEEOON_00329	MER0036308	26.752	157	108	3	322	472	58	213	1.02e-08	53.1
LPGEEOON_00329	MER0000997	26.866	134	92	1	339	466	80	213	1.03e-08	52.8
LPGEEOON_00329	MER0091680	25.455	165	115	5	322	479	46	209	1.44e-08	52.4
LPGEEOON_00329	MER0002746	23.030	165	122	3	332	493	72	234	6.20e-08	50.8
LPGEEOON_00329	MER0001010	24.878	205	124	8	299	479	1	199	8.17e-08	50.1
LPGEEOON_00329	MER0019096	26.087	184	101	6	321	492	38	198	9.92e-08	49.7
LPGEEOON_00329	MER0002422	29.078	141	87	4	335	470	72	204	1.16e-07	49.7
LPGEEOON_00329	MER0001017	24.064	187	122	6	294	463	28	211	1.78e-07	49.3
LPGEEOON_00329	MER0004243	26.027	146	94	3	334	470	76	216	4.12e-07	48.1
LPGEEOON_00329	MER0052595	23.188	138	93	2	344	472	89	222	2.11e-06	45.8
LPGEEOON_00329	MER0012283	26.994	163	98	4	322	470	60	215	2.88e-06	45.4
LPGEEOON_00329	MER0011370	24.306	144	98	3	333	470	72	210	2.95e-06	45.4
LPGEEOON_00329	MER0002968	23.529	136	88	3	344	470	87	215	3.28e-06	45.4
LPGEEOON_00329	MER0011438	21.229	179	117	6	297	454	19	194	3.46e-06	45.1
LPGEEOON_00329	MER0168983	24.603	126	85	2	332	457	34	149	3.68e-06	44.3
LPGEEOON_00329	MER0011369	22.963	135	101	1	339	470	91	225	3.79e-06	45.4
LPGEEOON_00329	MER0011440	23.077	130	95	2	339	464	76	204	4.24e-06	45.1
LPGEEOON_00329	MER0002281	35.366	82	41	3	304	376	39	117	4.37e-06	45.4
LPGEEOON_00329	MER0011423	23.256	129	78	3	329	445	70	189	5.39e-06	44.7
LPGEEOON_00329	MER0002003	22.059	136	102	2	339	470	82	217	8.35e-06	44.3
LPGEEOON_00330	MER0000332	36.607	224	109	8	247	467	40	233	4.77e-28	110
LPGEEOON_00330	MER0002565	38.647	207	97	6	281	481	107	289	8.96e-27	108
LPGEEOON_00330	MER0000321	33.065	248	124	12	256	488	135	355	1.62e-23	99.0
LPGEEOON_00330	MER0005821	30.547	311	174	15	198	488	1	289	2.08e-23	99.8
LPGEEOON_00330	MER0077555	34.746	236	122	9	250	484	47	251	2.87e-22	93.6
LPGEEOON_00330	MER0000310	34.450	209	115	8	277	481	59	249	1.59e-21	91.7
LPGEEOON_00330	MER0028365	29.151	271	153	9	240	488	75	328	1.89e-21	93.2
LPGEEOON_00330	MER0028365	39.706	68	39	2	58	125	47	112	4.20e-07	48.9
LPGEEOON_00330	MER0001709	31.408	277	139	12	241	488	57	311	4.16e-21	91.3
LPGEEOON_00330	MER0002575	35.377	212	111	10	281	486	71	262	4.16e-21	90.5
LPGEEOON_00330	MER0054318	35.965	228	122	11	281	500	67	278	6.49e-21	90.5
LPGEEOON_00330	MER0016978	33.047	233	114	8	278	484	75	291	7.58e-21	90.5
LPGEEOON_00330	MER0001725	38.421	190	100	8	281	468	99	273	1.04e-20	90.1
LPGEEOON_00330	MER0000349	31.064	235	137	7	281	493	144	375	1.11e-20	90.9
LPGEEOON_00330	MER0081072	32.203	236	136	9	254	484	31	247	1.21e-20	88.2
LPGEEOON_00330	MER0001699	32.864	213	119	7	281	488	62	255	2.05e-20	88.2
LPGEEOON_00330	MER0000315	33.175	211	119	8	276	484	57	247	2.12e-19	85.1
LPGEEOON_00330	MER0000320	33.953	215	121	7	281	488	69	269	2.65e-19	85.1
LPGEEOON_00330	MER0001520	33.175	211	119	8	276	484	57	247	2.71e-19	84.7
LPGEEOON_00330	MER0001521	34.722	216	111	9	274	481	57	250	3.38e-19	84.7
LPGEEOON_00330	MER0000311	34.703	219	113	8	274	484	57	253	4.84e-19	84.3
LPGEEOON_00330	MER0000313	34.722	216	111	9	274	481	57	250	5.02e-19	84.3
LPGEEOON_00330	MER0000333	35.586	222	114	8	247	467	40	233	5.27e-19	84.0
LPGEEOON_00330	MER0001755	34.722	216	111	9	274	481	57	250	5.31e-19	84.0
LPGEEOON_00330	MER0004690	29.278	263	164	9	247	494	63	318	5.86e-19	85.5
LPGEEOON_00330	MER0004690	36.782	87	52	2	46	129	4	90	9.35e-09	53.9
LPGEEOON_00330	MER0030016	33.040	227	108	10	274	484	78	276	6.02e-19	84.0
LPGEEOON_00330	MER0017009	32.751	229	140	7	263	481	97	321	6.55e-19	85.1
LPGEEOON_00330	MER0017009	48.077	52	22	2	78	126	56	105	2.95e-06	46.2
LPGEEOON_00330	MER0001928	32.701	211	120	8	276	484	57	247	6.97e-19	83.6
LPGEEOON_00330	MER0001906	32.701	211	120	8	276	484	57	247	1.08e-18	83.2
LPGEEOON_00330	MER0004085	34.091	220	115	7	281	481	96	304	1.67e-18	83.6
LPGEEOON_00330	MER0062058	34.234	222	124	6	272	485	52	259	2.06e-18	84.3
LPGEEOON_00330	MER0062058	50.980	51	25	0	78	128	1	51	5.03e-11	61.6
LPGEEOON_00330	MER0000316	32.381	210	122	7	276	484	56	246	2.27e-18	82.0
LPGEEOON_00330	MER0161312	32.584	267	132	12	278	504	91	349	2.46e-18	83.6
LPGEEOON_00330	MER0016983	32.701	211	100	8	280	469	70	259	3.18e-18	82.4
LPGEEOON_00330	MER0000309	33.493	209	119	8	276	481	58	249	4.56e-18	81.3
LPGEEOON_00330	MER0014744	32.035	231	128	7	271	483	85	304	1.34e-17	80.9
LPGEEOON_00330	MER0013656	32.500	200	115	5	281	479	61	241	1.44e-17	79.7
LPGEEOON_00330	MER0001523	34.722	216	111	9	274	481	57	250	2.53e-17	79.3
LPGEEOON_00330	MER0000312	34.722	216	111	9	274	481	57	250	2.53e-17	79.3
LPGEEOON_00330	MER0002267	33.796	216	118	10	276	486	66	261	7.67e-17	77.8
LPGEEOON_00330	MER0002057	28.514	249	133	7	274	481	95	339	2.93e-16	77.4
LPGEEOON_00330	MER0042897	36.842	209	117	6	274	481	59	253	3.55e-16	75.9
LPGEEOON_00330	MER0000326	31.325	249	126	10	241	483	44	253	7.91e-16	75.1
LPGEEOON_00330	MER0002562	30.488	246	124	9	281	498	117	343	1.02e-15	75.5
LPGEEOON_00330	MER0155676	31.667	240	134	10	281	494	125	360	1.65e-15	75.1
LPGEEOON_00330	MER0003117	32.283	254	113	13	247	482	52	264	4.76e-15	72.8
LPGEEOON_00330	MER0050309	27.652	264	150	10	247	488	3	247	8.44e-15	73.2
LPGEEOON_00330	MER0000347	29.333	225	132	7	281	488	119	333	1.04e-14	73.2
LPGEEOON_00330	MER0000361	31.897	232	119	11	275	484	99	313	2.60e-14	70.9
LPGEEOON_00330	MER0005931	33.803	213	119	7	280	488	31	225	4.09e-14	68.9
LPGEEOON_00330	MER0000319	28.293	205	128	5	276	479	64	250	1.36e-13	68.2
LPGEEOON_00330	MER0003020	31.452	248	110	10	277	467	222	466	1.60e-13	69.7
LPGEEOON_00330	MER0016986	28.626	262	133	10	267	483	79	331	1.75e-13	68.6
LPGEEOON_00330	MER0001451	29.502	261	134	11	273	484	59	318	1.85e-13	68.6
LPGEEOON_00330	MER0006297	29.167	240	143	9	266	482	250	485	2.80e-13	68.9
LPGEEOON_00330	MER0014085	26.866	268	135	11	280	488	86	351	3.13e-13	68.2
LPGEEOON_00330	MER0000362	31.878	229	114	10	275	484	93	298	3.53e-13	67.4
LPGEEOON_00330	MER0003536	29.386	228	121	9	280	484	70	280	4.24e-13	67.0
LPGEEOON_00330	MER0006037	27.984	243	131	9	247	481	58	264	5.96e-13	66.2
LPGEEOON_00330	MER0002500	27.559	254	145	11	278	504	154	395	6.61e-13	67.4
LPGEEOON_00330	MER0019280	29.661	236	136	8	281	499	73	295	6.76e-13	66.2
LPGEEOON_00330	MER0005859	31.602	231	97	10	281	468	242	454	1.09e-12	67.0
LPGEEOON_00330	MER0006023	29.333	225	125	6	281	487	102	310	1.73e-12	65.5
LPGEEOON_00330	MER0024902	27.189	217	133	6	277	477	93	300	1.99e-12	65.1
LPGEEOON_00330	MER0004720	26.087	253	137	10	247	488	51	264	3.72e-12	63.9
LPGEEOON_00330	MER0050310	27.468	233	136	9	280	496	101	316	5.43e-12	64.3
LPGEEOON_00330	MER0005078	28.947	228	116	9	247	465	58	248	5.55e-12	63.5
LPGEEOON_00330	MER0002516	29.091	220	127	9	273	487	74	269	8.16e-12	62.8
LPGEEOON_00330	MER0001454	25.185	270	145	9	276	488	62	331	8.95e-12	63.5
LPGEEOON_00330	MER0005790	31.443	194	104	7	281	464	94	268	9.22e-12	62.4
LPGEEOON_00330	MER0000359	28.674	279	135	13	231	486	42	279	9.30e-12	62.8
LPGEEOON_00330	MER0002790	33.166	199	122	5	281	470	1	197	1.20e-11	61.6
LPGEEOON_00330	MER0000351	27.451	255	147	10	221	466	59	284	1.93e-11	61.6
LPGEEOON_00330	MER0055027	25.552	317	191	13	239	528	18	316	3.50e-11	62.0
LPGEEOON_00330	MER0028258	27.407	270	144	13	272	492	95	361	3.51e-11	61.6
LPGEEOON_00330	MER0014446	28.000	250	126	11	280	504	196	416	3.53e-11	62.0
LPGEEOON_00330	MER0016697	28.899	218	110	8	281	469	98	299	5.54e-11	60.8
LPGEEOON_00330	MER0068994	26.132	287	137	12	281	504	109	383	6.27e-11	60.8
LPGEEOON_00330	MER0006074	28.571	259	134	12	240	484	54	275	7.27e-11	60.1
LPGEEOON_00330	MER0000358	29.767	215	112	12	281	480	71	261	1.03e-10	60.1
LPGEEOON_00330	MER0114485	24.138	290	161	11	278	515	103	385	1.47e-10	59.7
LPGEEOON_00330	MER0000338	29.596	223	116	9	271	480	62	256	2.77e-10	58.2
LPGEEOON_00330	MER0014309	26.592	267	137	10	280	488	66	331	2.87e-10	58.9
LPGEEOON_00330	MER0016688	29.339	242	120	11	281	488	74	298	3.18e-10	58.5
LPGEEOON_00330	MER0001368	24.125	257	148	7	280	489	84	340	4.81e-10	58.2
LPGEEOON_00330	MER0000335	26.728	217	121	7	275	480	63	252	6.07e-10	57.0
LPGEEOON_00330	MER0006048	25.275	273	130	10	280	484	84	350	1.06e-09	57.0
LPGEEOON_00330	MER0000340	27.799	259	141	13	247	490	52	279	1.10e-09	56.6
LPGEEOON_00330	MER0014312	37.374	99	42	3	412	490	308	406	1.48e-09	57.0
LPGEEOON_00330	MER0000353	25.391	256	137	10	221	460	110	327	2.13e-09	55.8
LPGEEOON_00330	MER0005760	28.328	293	143	14	263	488	47	339	4.02e-09	55.1
LPGEEOON_00330	MER0016991	28.936	235	125	11	281	486	78	299	4.19e-09	55.1
LPGEEOON_00330	MER0013641	26.496	234	129	9	280	484	82	301	4.40e-09	55.5
LPGEEOON_00330	MER0000344	30.631	222	115	11	273	480	80	276	4.52e-09	54.7
LPGEEOON_00330	MER0003256	25.683	183	104	8	269	440	48	209	4.70e-09	54.3
LPGEEOON_00330	MER0001467	36.559	93	39	3	416	488	248	340	6.78e-09	54.7
LPGEEOON_00330	MER0014311	36.111	108	49	4	413	500	308	415	1.90e-08	53.5
LPGEEOON_00330	MER0005610	28.136	295	140	16	263	488	47	338	2.01e-08	53.1
LPGEEOON_00330	MER0014310	34.043	94	42	2	415	488	309	402	2.03e-08	53.1
LPGEEOON_00330	MER0002739	30.833	240	109	11	281	484	98	316	2.44e-08	53.1
LPGEEOON_00330	MER0014313	33.945	109	52	3	412	500	282	390	2.62e-08	52.8
LPGEEOON_00330	MER0015436	34.821	112	59	5	415	514	353	462	4.66e-08	52.4
LPGEEOON_00330	MER0004123	29.333	150	73	4	357	483	168	307	6.82e-08	51.2
LPGEEOON_00330	MER0000348	25.957	235	111	8	280	464	87	308	7.17e-08	51.2
LPGEEOON_00330	MER0014325	35.922	103	43	4	416	496	245	346	9.53e-08	50.8
LPGEEOON_00330	MER0003122	27.376	263	130	14	281	486	89	347	1.42e-07	50.4
LPGEEOON_00330	MER0011813	34.021	97	44	2	416	492	347	443	1.79e-07	50.4
LPGEEOON_00330	MER0000357	28.163	245	114	14	247	470	54	257	1.79e-07	49.7
LPGEEOON_00330	MER0067924	27.586	145	83	3	347	483	144	274	1.88e-07	49.7
LPGEEOON_00330	MER0000325	38.636	88	48	3	398	483	170	253	3.15e-07	49.3
LPGEEOON_00330	MER0002764	46.970	66	29	3	400	463	192	253	3.34e-07	48.9
LPGEEOON_00330	MER0000336	22.857	210	130	7	273	474	73	258	3.50e-07	48.9
LPGEEOON_00330	MER0000350	25.781	256	133	10	281	492	90	332	6.58e-07	48.1
LPGEEOON_00330	MER0004652	29.600	125	60	3	388	484	383	507	6.89e-07	48.5
LPGEEOON_00330	MER0005034	34.694	98	44	4	416	493	345	442	7.29e-07	48.5
LPGEEOON_00330	MER0014300	25.820	244	134	8	281	484	79	315	8.66e-07	47.8
LPGEEOON_00330	MER0013893	29.545	132	64	5	383	486	381	511	1.29e-06	47.8
LPGEEOON_00330	MER0087792	26.613	248	141	10	281	494	97	337	1.41e-06	47.4
LPGEEOON_00330	MER0015431	25.862	290	160	12	280	514	85	374	1.52e-06	47.4
LPGEEOON_00330	MER0014465	36.667	90	44	3	406	482	355	444	1.88e-06	47.0
LPGEEOON_00330	MER0015437	34.783	92	45	3	414	491	352	442	2.20e-06	47.0
LPGEEOON_00330	MER0015428	25.984	254	143	10	276	484	80	333	2.61e-06	46.6
LPGEEOON_00330	MER0197239	30.000	90	43	2	415	484	343	432	3.00e-06	46.6
LPGEEOON_00330	MER0015438	32.222	90	41	2	415	484	361	450	4.06e-06	46.2
LPGEEOON_00330	MER0006036	28.723	94	47	2	415	488	351	444	6.84e-06	45.4
LPGEEOON_00363	MER0069741	48.276	116	58	2	184	299	51	164	1.24e-29	108
LPGEEOON_00363	MER0003380	48.305	118	57	3	184	299	118	233	5.80e-25	97.8
LPGEEOON_00363	MER0013541	51.136	88	40	2	203	289	1	86	1.20e-19	79.3
LPGEEOON_00363	MER0015415	42.857	84	48	0	205	288	66	149	4.79e-18	77.4
LPGEEOON_00363	MER0001419	40.187	107	63	1	182	287	11	117	9.36e-16	70.1
LPGEEOON_00363	MER0003423	39.252	107	64	1	182	287	11	117	1.34e-15	69.7
LPGEEOON_00363	MER0003376	38.393	112	55	3	203	300	45	156	6.35e-15	68.6
LPGEEOON_00363	MER0387040	40.566	106	53	3	203	303	1	101	6.99e-14	63.9
LPGEEOON_00363	MER0066182	38.655	119	56	4	190	303	86	192	9.77e-13	63.2
LPGEEOON_00363	MER0003906	35.922	103	61	2	203	300	1	103	7.76e-12	58.2
LPGEEOON_00363	MER0005300	36.458	96	60	1	205	300	67	161	3.42e-07	46.2
LPGEEOON_00363	MER0025070	35.514	107	55	6	200	295	3	106	6.44e-07	44.7
LPGEEOON_00376	MER0198917	41.379	377	212	5	18	390	1	372	1.33e-99	321
LPGEEOON_00376	MER1054487	39.737	380	218	5	18	390	1	376	2.73e-86	284
LPGEEOON_00376	MER0037955	28.713	202	112	8	140	336	93	267	5.86e-08	52.8
LPGEEOON_00443	MER0004101	24.627	268	139	11	38	304	17	222	4.29e-08	51.2
LPGEEOON_00443	MER0011806	24.254	268	140	11	38	304	17	222	1.26e-07	50.1
LPGEEOON_00497	MER0001425	44.099	161	78	4	199	351	4	160	4.69e-33	121
LPGEEOON_00497	MER0001297	42.949	156	87	2	197	352	2	155	1.23e-32	119
LPGEEOON_00497	MER0003514	44.805	154	83	2	199	352	4	155	4.51e-32	118
LPGEEOON_00497	MER0004196	40.252	159	91	3	196	352	1	157	1.37e-30	114
LPGEEOON_00497	MER0004195	37.179	156	97	1	197	352	2	156	5.15e-28	107
LPGEEOON_00497	MER0003413	36.076	158	96	2	197	352	2	156	1.07e-26	103
LPGEEOON_00497	MER0015684	35.135	148	96	0	198	345	3	150	1.58e-26	102
LPGEEOON_00497	MER0005714	36.875	160	94	1	200	352	5	164	3.20e-26	102
LPGEEOON_00497	MER0003065	35.714	154	97	2	199	352	4	155	1.94e-25	99.8
LPGEEOON_00497	MER0001295	36.095	169	89	5	199	352	4	168	2.07e-17	77.4
LPGEEOON_00497	MER0078759	28.378	148	85	6	199	330	14	156	1.28e-06	46.2
LPGEEOON_00515	MER0281397	27.451	204	120	6	118	299	4	201	3.80e-18	79.0
LPGEEOON_00515	MER0028284	28.467	137	85	4	118	249	55	183	2.36e-10	58.2
LPGEEOON_00515	MER0026262	23.871	310	176	12	93	351	23	323	3.41e-08	51.6
LPGEEOON_00515	MER0005964	28.030	132	90	4	118	249	60	186	2.28e-07	48.9
LPGEEOON_00515	MER1143079	24.419	258	166	8	92	332	16	261	2.30e-07	48.5
LPGEEOON_00515	MER0011700	28.395	162	91	8	118	259	56	212	2.73e-07	48.9
LPGEEOON_00515	MER0140154	23.881	201	110	7	112	278	35	226	2.38e-06	45.8
LPGEEOON_00562	MER0167712	27.000	300	204	5	29	318	30	324	3.67e-31	120
LPGEEOON_00563	MER0036027	26.068	234	149	7	52	275	19	238	1.29e-14	69.7
LPGEEOON_00563	MER0031570	25.000	232	155	8	51	275	18	237	6.49e-11	58.5
LPGEEOON_00563	MER0003558	21.401	257	167	6	47	297	30	257	1.74e-08	51.6
LPGEEOON_00563	MER0031562	31.707	82	51	1	70	146	39	120	1.01e-07	48.9
LPGEEOON_00563	MER0036044	22.026	227	154	4	58	275	74	286	1.01e-07	49.3
LPGEEOON_00563	MER0018170	20.614	228	139	7	82	293	48	249	1.31e-06	45.8
LPGEEOON_00563	MER0034961	26.667	135	91	3	44	177	20	147	3.76e-06	44.7
LPGEEOON_00563	MER0017239	22.433	263	166	9	16	275	62	289	4.58e-06	44.3
LPGEEOON_00586	MER0033184	29.494	356	224	11	23	366	12	352	5.01e-38	138
LPGEEOON_00586	MER0066192	28.857	350	233	7	43	381	1	345	2.57e-37	135
LPGEEOON_00641	MER0005244	36.464	181	115	0	259	439	3	183	1.08e-31	117
LPGEEOON_00641	MER0005241	38.532	109	61	3	257	359	1	109	9.48e-18	79.3
LPGEEOON_00641	MER0005131	32.203	118	69	2	253	359	30	147	1.16e-13	67.8
LPGEEOON_00641	MER0001284	33.010	103	61	1	261	355	36	138	3.33e-13	66.2
LPGEEOON_00641	MER0004514	31.818	110	64	2	254	355	32	138	6.53e-13	65.5
LPGEEOON_00641	MER0002161	28.431	204	117	7	260	440	65	262	4.48e-11	60.5
LPGEEOON_00641	MER0100667	31.132	106	68	2	242	344	5	108	1.08e-10	58.2
LPGEEOON_00641	MER0032443	31.148	122	71	3	260	370	38	157	5.68e-10	56.6
LPGEEOON_00641	MER0001288	35.632	87	53	2	257	343	19	102	7.09e-10	56.2
LPGEEOON_00641	MER0005238	34.234	111	62	5	260	362	66	173	8.12e-09	53.5
LPGEEOON_00641	MER0037181	30.952	84	57	1	260	343	65	147	1.34e-08	52.8
LPGEEOON_00641	MER0001911	33.663	101	65	2	258	358	38	136	2.59e-08	51.6
LPGEEOON_00641	MER0001289	30.508	118	73	2	220	337	29	137	3.00e-08	51.6
LPGEEOON_00641	MER0002104	32.530	83	51	2	260	339	66	146	1.82e-07	49.3
LPGEEOON_00641	MER0015691	37.349	83	47	3	258	337	50	130	2.02e-07	48.9
LPGEEOON_00641	MER0011464	33.333	78	51	1	261	337	45	122	5.96e-07	47.4
LPGEEOON_00641	MER0005139	31.193	109	62	5	240	342	45	146	4.43e-06	45.1
LPGEEOON_00641	MER0005149	31.646	79	52	1	261	337	65	143	4.76e-06	45.1
LPGEEOON_00641	MER0005239	29.897	97	62	2	259	351	67	161	6.80e-06	44.7
LPGEEOON_00684	MER0028025	48.148	162	83	1	4	165	8	168	5.33e-49	162
LPGEEOON_00684	MER0028025	51.724	87	41	1	261	347	158	243	4.32e-22	90.9
LPGEEOON_00684	MER0001272	27.168	173	109	6	4	164	1	168	9.27e-15	70.5
LPGEEOON_00684	MER0003798	23.418	316	205	10	63	342	97	411	1.05e-11	62.4
LPGEEOON_00684	MER0001273	30.612	196	113	7	9	189	9	196	5.12e-11	59.3
LPGEEOON_00684	MER0001271	25.000	212	134	8	58	247	69	277	2.44e-08	52.0
LPGEEOON_00684	MER0001266	27.962	211	129	10	46	246	69	266	1.37e-07	49.7
LPGEEOON_00684	MER0026485	26.471	204	125	7	9	188	19	221	1.48e-07	49.3
LPGEEOON_00684	MER0026479	27.225	191	95	8	12	182	13	179	9.57e-07	46.2
LPGEEOON_00698	MER0045886	42.308	234	120	6	1	226	10	236	4.19e-55	182
LPGEEOON_00698	MER0044889	37.118	229	139	4	2	227	16	242	8.91e-43	149
LPGEEOON_00698	MER0436735	29.885	261	146	4	3	226	2	262	2.03e-38	138
LPGEEOON_00698	MER0038086	33.628	226	131	5	5	213	29	252	1.70e-34	127
LPGEEOON_00698	MER0043387	37.079	178	108	3	20	195	1	176	6.52e-31	115
LPGEEOON_00698	MER0042974	32.812	192	118	4	12	194	1	190	5.85e-26	102
LPGEEOON_00698	MER0043537	30.939	181	122	2	5	183	2	181	9.73e-22	89.7
LPGEEOON_00698	MER0043392	32.450	151	95	5	47	196	23	167	9.66e-11	57.4
LPGEEOON_00698	MER0044622	28.758	153	93	5	42	184	68	214	1.28e-08	52.8
LPGEEOON_00698	MER0043394	31.405	121	70	4	71	184	48	162	6.25e-08	49.3
LPGEEOON_00698	MER0045094	31.148	122	69	5	71	184	84	198	1.54e-07	49.3
LPGEEOON_00698	MER0044882	32.812	128	78	7	73	193	52	178	9.41e-06	43.1
LPGEEOON_00729	MER0000474	55.026	189	85	0	28	216	15	203	2.38e-77	228
LPGEEOON_00729	MER0005687	53.763	186	81	1	31	216	27	207	5.07e-70	210
LPGEEOON_00729	MER0002211	51.064	188	92	0	29	216	16	203	6.77e-66	199
LPGEEOON_00729	MER0002299	51.892	185	89	0	31	215	12	196	2.44e-65	197
LPGEEOON_00729	MER0006046	48.148	189	98	0	28	216	15	203	5.55e-65	197
LPGEEOON_00729	MER0004857	52.047	171	81	1	46	216	34	203	8.94e-62	189
LPGEEOON_00729	MER0006063	47.802	182	95	0	35	216	23	204	2.84e-60	185
LPGEEOON_00729	MER0004855	40.670	209	118	1	8	216	3	205	3.48e-58	180
LPGEEOON_00729	MER0004847	47.120	191	100	1	31	220	18	208	3.18e-56	175
LPGEEOON_00729	MER0006056	48.466	163	83	1	54	216	46	207	2.14e-54	170
LPGEEOON_00729	MER0006308	38.983	177	107	1	40	215	17	193	1.31e-49	157
LPGEEOON_00729	MER0004182	43.182	176	100	0	44	219	27	202	1.70e-48	155
LPGEEOON_00729	MER0011666	40.828	169	98	2	50	216	17	185	8.34e-42	137
LPGEEOON_00758	MER0031610	36.437	247	149	4	17	256	56	301	1.97e-44	149
LPGEEOON_00758	MER0036072	23.346	257	160	7	17	245	82	329	3.61e-11	59.3
LPGEEOON_00758	MER0037236	22.490	249	180	7	4	242	9	254	1.07e-08	51.6
LPGEEOON_00758	MER0004146	21.201	283	157	8	4	249	8	261	1.46e-07	48.1
LPGEEOON_00758	MER0044900	31.313	99	63	2	17	110	96	194	2.05e-07	48.1
LPGEEOON_00758	MER0017142	29.358	109	72	2	10	118	9	112	2.47e-07	47.4
LPGEEOON_00758	MER0017193	22.008	259	151	10	17	243	27	266	3.91e-07	47.0
LPGEEOON_00758	MER0036053	21.091	275	162	10	8	244	1	258	4.86e-07	46.6
LPGEEOON_00758	MER0017177	26.168	107	75	2	4	107	24	129	8.50e-07	45.8
LPGEEOON_00758	MER0036057	24.400	250	153	11	17	247	64	296	1.02e-06	45.8
LPGEEOON_00758	MER0033259	29.204	113	71	3	4	109	20	130	5.36e-06	43.5
LPGEEOON_00758	MER0044858	31.818	110	59	4	3	96	39	148	8.33e-06	43.1
LPGEEOON_00802	MER0004090	28.232	379	204	12	44	389	20	363	6.43e-38	138
LPGEEOON_00802	MER0003800	26.190	378	234	13	33	389	17	370	1.53e-29	115
LPGEEOON_00802	MER0035017	23.810	399	244	15	32	392	1	377	1.05e-23	99.0
LPGEEOON_00802	MER0026262	22.695	282	179	9	32	306	1	250	1.29e-13	68.6
LPGEEOON_00802	MER0011700	22.807	342	204	15	33	348	2	309	2.53e-08	52.4
LPGEEOON_00802	MER0354941	21.429	210	125	6	46	240	9	193	7.74e-08	49.3
LPGEEOON_00823	MER0000485	45.957	235	126	1	572	805	1	235	1.08e-65	216
LPGEEOON_00823	MER0000495	44.444	243	126	1	572	805	1	243	6.74e-58	195
LPGEEOON_00823	MER0003442	48.020	202	100	3	608	805	21	221	2.63e-54	184
LPGEEOON_00823	MER0011056	49.733	187	90	2	622	805	36	221	2.08e-53	182
LPGEEOON_00823	MER0014970	46.305	203	102	2	609	805	78	279	9.21e-52	179
LPGEEOON_00823	MER0011057	48.663	187	92	2	622	805	36	221	4.20e-51	175
LPGEEOON_00823	MER0003443	41.441	222	116	3	581	797	8	220	2.17e-50	173
LPGEEOON_00823	MER0004236	46.552	174	91	1	629	802	87	258	1.36e-45	161
LPGEEOON_00823	MER0000488	35.294	238	140	5	572	802	1	231	4.46e-45	159
LPGEEOON_00823	MER0000496	43.915	189	99	3	607	789	90	277	3.92e-41	150
LPGEEOON_00823	MER0108906	37.872	235	139	2	572	804	1	230	4.13e-38	139
LPGEEOON_00823	MER0005837	36.607	224	117	6	573	777	2	219	5.24e-38	139
LPGEEOON_00823	MER0026213	32.237	152	100	1	658	809	111	259	1.26e-21	92.4
LPGEEOON_00823	MER0017402	31.282	195	122	5	616	805	14	201	2.86e-17	78.6
LPGEEOON_00823	MER0003859	30.435	184	116	5	630	808	52	228	9.82e-14	68.6
LPGEEOON_00823	MER0003359	29.487	156	103	3	630	778	45	200	1.53e-11	62.0
LPGEEOON_00823	MER0017403	35.714	98	54	1	695	783	96	193	1.41e-07	50.4
LPGEEOON_00823	MER0003017	30.693	101	65	2	710	809	66	162	2.58e-06	45.1
LPGEEOON_00823	MER0000491	23.423	111	82	1	668	778	5	112	2.67e-06	45.8
LPGEEOON_00828	MER0001161	36.310	683	418	6	1	671	1	678	6.89e-153	455
LPGEEOON_00828	MER0006087	34.770	696	420	14	3	672	12	699	5.83e-131	399
LPGEEOON_00828	MER0001158	33.926	675	440	5	3	671	3	677	2.31e-121	374
LPGEEOON_00828	MER0015119	33.563	727	409	20	3	672	8	717	8.13e-119	368
LPGEEOON_00828	MER0001149	29.653	634	416	13	52	671	59	676	2.52e-80	266
LPGEEOON_00828	MER0001942	29.701	670	427	16	20	671	33	676	2.80e-79	263
LPGEEOON_00828	MER0003110	27.824	726	441	19	12	672	9	716	1.11e-78	262
LPGEEOON_00828	MER0108144	28.284	647	421	16	52	671	32	662	6.06e-77	256
LPGEEOON_00828	MER0001153	29.110	663	434	14	33	671	42	692	5.17e-73	246
LPGEEOON_00828	MER0079465	26.484	657	422	17	52	671	2	634	9.04e-63	217
LPGEEOON_00828	MER0015170	25.487	565	377	12	113	666	94	625	4.14e-52	187
LPGEEOON_00828	MER0001156	24.273	688	452	16	8	648	19	684	7.14e-43	162
LPGEEOON_00828	MER0021317	36.765	68	43	0	433	500	20	87	7.00e-09	50.4
LPGEEOON_00831	MER0078856	29.167	288	201	2	158	445	5	289	9.81e-40	143
LPGEEOON_00831	MER0001163	29.310	116	78	2	287	402	27	138	1.29e-08	53.1
LPGEEOON_00868	MER0014135	41.418	268	157	0	183	450	1	268	1.26e-78	242
LPGEEOON_00889	MER0195774	36.158	177	113	0	31	207	1	177	7.97e-37	130
LPGEEOON_00889	MER0001229	26.316	209	145	4	31	235	2	205	1.45e-17	78.2
LPGEEOON_00889	MER0043985	25.431	232	164	4	31	258	2	228	1.55e-17	78.6
LPGEEOON_00889	MER0003448	27.700	213	151	2	31	243	2	211	1.64e-17	78.2
LPGEEOON_00889	MER0001233	29.302	215	137	5	31	234	2	212	8.81e-16	73.6
LPGEEOON_00889	MER0001214	29.012	162	113	2	23	183	18	178	4.43e-15	70.5
LPGEEOON_00889	MER0001218	27.957	186	125	3	30	207	25	209	1.73e-12	63.5
LPGEEOON_00889	MER0003543	25.481	208	145	4	31	234	2	203	1.83e-12	63.5
LPGEEOON_00889	MER0002008	28.649	185	116	5	55	231	27	203	2.71e-12	63.2
LPGEEOON_00889	MER0003386	26.630	184	128	3	31	207	26	209	2.62e-11	60.1
LPGEEOON_00889	MER0015259	26.250	160	116	2	31	189	26	184	2.70e-11	59.7
LPGEEOON_00889	MER0122186	27.222	180	125	4	31	207	22	198	3.93e-11	59.3
LPGEEOON_00889	MER0390687	25.767	163	117	2	38	197	1	162	4.23e-11	58.2
LPGEEOON_00889	MER0002283	28.750	160	112	2	30	188	25	183	1.06e-10	58.2
LPGEEOON_00889	MER0001220	25.481	208	136	5	49	243	2	203	1.73e-10	57.4
LPGEEOON_00889	MER0011096	27.329	161	111	4	31	188	26	183	2.37e-10	57.0
LPGEEOON_00889	MER0011744	27.950	161	110	4	31	188	26	183	4.08e-10	56.2
LPGEEOON_00889	MER0011292	27.647	170	110	4	47	207	64	229	5.75e-10	56.2
LPGEEOON_00889	MER0169735	26.344	186	127	3	30	207	15	198	9.74e-10	55.1
LPGEEOON_00889	MER0002423	31.148	122	83	1	30	150	25	146	3.66e-09	53.5
LPGEEOON_00889	MER0003823	29.508	122	85	1	30	150	25	146	4.37e-09	53.1
LPGEEOON_00889	MER0001222	22.995	187	138	3	26	207	21	206	1.11e-08	52.0
LPGEEOON_00889	MER0002345	25.806	186	129	3	30	207	25	209	1.47e-08	51.6
LPGEEOON_00889	MER0004423	26.923	182	125	4	67	246	33	208	4.76e-08	50.4
LPGEEOON_00889	MER0015090	38.750	80	48	1	31	110	2	80	5.04e-08	50.4
LPGEEOON_00889	MER0026957	23.313	163	124	1	56	218	22	183	2.01e-07	48.5
LPGEEOON_00889	MER0188967	23.276	348	219	13	67	381	3	335	3.66e-07	48.9
LPGEEOON_00889	MER0001219	29.885	87	59	2	31	115	26	112	3.52e-06	44.7
LPGEEOON_00889	MER0092828	25.316	158	100	5	31	183	2	146	5.79e-06	43.1
LPGEEOON_00889	MER0011192	28.713	101	71	1	51	150	1	101	6.04e-06	43.1
LPGEEOON_00909	MER0001299	33.827	473	272	11	86	533	55	511	2.70e-73	242
LPGEEOON_00909	MER0011114	31.567	434	230	9	92	520	1	372	3.21e-53	182
LPGEEOON_00909	MER0321345	36.413	184	111	3	336	515	1	182	2.04e-32	120
LPGEEOON_00909	MER0321345	27.933	179	124	4	92	268	3	178	4.96e-15	70.5
LPGEEOON_00909	MER0003812	36.413	184	111	3	336	515	1	182	5.03e-32	119
LPGEEOON_00909	MER0003812	28.492	179	123	4	92	268	3	178	5.36e-15	70.9
LPGEEOON_00909	MER0013957	34.857	175	108	3	343	514	8	179	4.73e-27	105
LPGEEOON_00909	MER0001300	37.931	174	101	5	348	518	9	178	2.62e-22	91.7
LPGEEOON_00909	MER0044046	30.899	178	122	1	336	513	1	177	5.49e-21	87.8
LPGEEOON_00909	MER0001303	21.875	192	149	1	336	527	1	191	1.30e-11	60.8
LPGEEOON_00970	MER0001205	32.000	125	62	4	41	144	58	180	1.96e-08	52.0
LPGEEOON_00970	MER0015121	31.655	139	70	5	29	144	37	173	4.90e-07	47.8
LPGEEOON_00988	MER0065588	43.590	195	107	3	1	192	1	195	8.07e-51	159
LPGEEOON_00988	MER0045886	29.927	137	70	5	62	190	74	192	1.60e-07	47.0
LPGEEOON_00988	MER0043392	26.772	127	76	3	70	193	48	160	4.98e-06	42.0
LPGEEOON_01045	MER0048191	24.427	131	81	3	132	248	18	144	1.71e-06	46.2
LPGEEOON_01060	MER0034726	35.965	114	53	6	42	137	10	121	8.20e-12	61.2
LPGEEOON_01060	MER0030934	34.646	127	61	6	29	137	3	125	2.86e-11	59.7
LPGEEOON_01060	MER0029616	32.727	110	57	2	56	148	12	121	4.07e-11	59.3
LPGEEOON_01060	MER0031570	31.343	134	83	4	44	168	9	142	4.25e-11	58.5
LPGEEOON_01060	MER0036044	27.632	152	89	3	1	147	31	166	5.03e-11	58.9
LPGEEOON_01060	MER0077885	33.071	127	60	7	29	137	11	130	9.45e-11	58.2
LPGEEOON_01060	MER0036027	28.440	109	73	1	44	147	9	117	1.12e-10	57.4
LPGEEOON_01060	MER0078701	34.211	114	55	6	42	137	10	121	4.28e-10	56.2
LPGEEOON_01060	MER0032203	32.787	122	62	5	42	145	10	129	1.33e-09	54.7
LPGEEOON_01060	MER0034745	33.333	114	56	5	42	137	10	121	1.70e-09	54.3
LPGEEOON_01060	MER0078925	31.967	122	63	5	42	145	10	129	2.33e-09	53.9
LPGEEOON_01060	MER0034727	33.613	119	61	6	36	137	4	121	2.55e-09	53.9
LPGEEOON_01060	MER0043003	32.407	108	57	3	49	140	10	117	2.72e-09	53.1
LPGEEOON_01060	MER0034730	34.211	114	55	6	42	137	10	121	3.72e-09	53.5
LPGEEOON_01060	MER0031563	24.771	218	137	9	46	242	11	222	3.78e-09	52.8
LPGEEOON_01060	MER0037850	31.967	122	63	5	42	145	10	129	4.32e-09	53.1
LPGEEOON_01060	MER0033241	35.714	112	56	5	42	137	13	124	4.41e-09	53.1
LPGEEOON_01060	MER0034728	34.211	114	55	6	42	137	10	121	6.39e-09	52.8
LPGEEOON_01060	MER0033220	29.032	155	83	6	42	178	10	155	7.78e-09	52.4
LPGEEOON_01060	MER0034723	32.520	123	61	6	42	145	10	129	9.56e-09	52.0
LPGEEOON_01060	MER0033224	31.148	122	64	5	42	145	9	128	1.32e-08	51.6
LPGEEOON_01060	MER0033227	29.104	134	70	5	37	145	4	137	1.68e-08	51.6
LPGEEOON_01060	MER0033213	28.846	156	84	6	42	179	10	156	2.87e-08	50.8
LPGEEOON_01060	MER0037852	31.405	121	65	5	42	144	10	130	3.13e-08	50.4
LPGEEOON_01060	MER0036039	24.206	252	143	10	37	248	4	247	3.24e-08	50.1
LPGEEOON_01060	MER0034744	33.333	114	56	6	42	137	10	121	6.16e-08	49.7
LPGEEOON_01060	MER0036370	30.097	103	65	2	49	144	19	121	1.20e-07	47.4
LPGEEOON_01060	MER0034548	26.364	110	73	2	60	164	27	133	1.66e-07	47.8
LPGEEOON_01060	MER0034742	31.405	121	65	5	42	144	10	130	1.87e-07	48.1
LPGEEOON_01060	MER0036034	26.852	108	63	2	54	145	20	127	2.12e-07	47.8
LPGEEOON_01060	MER0033226	30.508	118	63	5	37	137	7	122	2.32e-07	48.1
LPGEEOON_01060	MER0043147	34.783	92	43	3	61	136	10	100	2.40e-07	47.8
LPGEEOON_01060	MER0077889	31.250	112	61	5	42	137	9	120	2.63e-07	47.8
LPGEEOON_01060	MER0033242	32.432	111	62	3	60	157	35	145	3.57e-07	47.4
LPGEEOON_01060	MER0033274	27.778	90	60	1	61	145	27	116	4.44e-07	46.6
LPGEEOON_01060	MER0033231	32.979	94	47	3	58	137	8	99	6.80e-07	44.3
LPGEEOON_01060	MER0033212	32.787	122	62	5	42	145	10	129	7.12e-07	46.6
LPGEEOON_01060	MER0037861	32.456	114	57	5	42	137	10	121	1.12e-06	45.8
LPGEEOON_01060	MER0034961	29.293	99	62	3	50	140	23	121	1.12e-06	45.8
LPGEEOON_01060	MER0033237	32.258	93	54	3	61	144	36	128	1.43e-06	45.4
LPGEEOON_01060	MER0042911	28.571	112	62	3	47	140	5	116	1.78e-06	45.1
LPGEEOON_01060	MER0036033	28.467	137	87	4	41	166	6	142	2.28e-06	44.7
LPGEEOON_01060	MER0036046	26.613	124	74	3	58	164	24	147	2.71e-06	44.3
LPGEEOON_01060	MER0033236	27.419	124	71	5	41	145	6	129	3.55e-06	44.3
LPGEEOON_01060	MER0033235	27.419	124	71	5	41	145	6	129	3.75e-06	44.3
LPGEEOON_01060	MER0033198	27.966	118	66	5	38	137	7	123	4.38e-06	43.9
LPGEEOON_01060	MER0033188	29.703	101	56	3	51	136	23	123	8.44e-06	43.1
LPGEEOON_01119	MER0044357	26.457	223	133	6	5	199	32	251	8.08e-17	77.8
LPGEEOON_01119	MER0044357	28.346	127	86	2	199	324	331	453	2.22e-10	58.2
LPGEEOON_01142	MER0001243	37.247	247	153	2	2	246	3	249	3.42e-59	186
LPGEEOON_01142	MER0001342	38.367	245	151	0	2	246	3	247	1.80e-54	174
LPGEEOON_01142	MER0005690	36.709	237	149	1	10	246	11	246	5.96e-53	169
LPGEEOON_01142	MER0015127	35.443	237	152	1	10	246	11	246	4.70e-48	157
LPGEEOON_01142	MER0015128	32.489	237	154	3	13	246	14	247	7.54e-44	146
LPGEEOON_01142	MER0013929	34.286	245	160	1	2	246	3	246	8.12e-44	146
LPGEEOON_01142	MER0013589	33.745	243	160	1	4	246	1	242	1.95e-41	140
LPGEEOON_01142	MER0013450	30.242	248	171	2	4	249	3	250	3.17e-41	139
LPGEEOON_01142	MER0004931	28.019	207	133	6	4	206	5	199	1.18e-16	73.9
LPGEEOON_01142	MER0010972	25.424	236	154	4	13	246	14	229	4.77e-16	72.4
LPGEEOON_01142	MER0003880	29.891	184	114	5	32	211	25	197	2.66e-15	71.2
LPGEEOON_01142	MER0011746	27.700	213	135	8	13	212	14	220	2.94e-12	62.8
LPGEEOON_01142	MER0024896	29.008	131	86	2	122	246	337	466	5.26e-12	62.4
LPGEEOON_01142	MER0024896	26.549	113	83	0	4	116	5	117	1.19e-11	61.2
LPGEEOON_01142	MER0004532	27.228	202	136	4	4	204	5	196	4.23e-11	58.2
LPGEEOON_01142	MER0005462	25.946	185	123	5	1	180	2	177	1.70e-10	56.6
LPGEEOON_01142	MER0001728	29.703	202	123	8	13	201	14	209	7.38e-09	52.4
LPGEEOON_01142	MER0002038	26.573	143	100	2	63	204	60	198	1.96e-08	50.4
LPGEEOON_01142	MER0001244	23.214	224	139	9	1	202	2	214	4.95e-07	46.6
LPGEEOON_01142	MER0005715	22.705	207	146	6	3	204	4	201	7.56e-06	42.7
LPGEEOON_01173	MER0045094	38.624	189	111	4	2	186	12	199	3.57e-41	136
LPGEEOON_01173	MER0044622	38.021	192	110	6	2	186	26	215	7.33e-37	125
LPGEEOON_01173	MER0043394	39.634	164	95	3	26	186	1	163	3.38e-36	121
LPGEEOON_01173	MER0044882	37.427	171	99	6	24	186	1	171	1.22e-29	105
LPGEEOON_01173	MER0043392	37.956	137	82	3	47	183	23	156	3.90e-25	92.8
LPGEEOON_01173	MER0043195	28.141	199	124	6	7	186	10	208	1.68e-17	74.7
LPGEEOON_01173	MER0043537	28.342	187	121	7	4	184	2	181	1.15e-15	68.6
LPGEEOON_01173	MER0044619	27.692	195	122	8	3	186	9	195	1.86e-14	66.2
LPGEEOON_01173	MER0045095	27.907	215	115	8	4	185	17	224	3.25e-11	57.4
LPGEEOON_01173	MER0060647	27.419	186	115	7	3	181	174	346	1.67e-09	52.8
LPGEEOON_01173	MER0044889	30.631	111	75	2	75	185	91	199	1.40e-08	49.7
LPGEEOON_01173	MER0045945	27.119	177	109	6	2	171	32	195	1.86e-08	49.3
LPGEEOON_01173	MER0436691	26.316	133	86	4	44	171	101	226	2.66e-08	48.9
LPGEEOON_01173	MER0043387	33.333	117	67	3	73	185	56	165	6.58e-08	47.4
LPGEEOON_01173	MER0045886	27.273	110	78	1	75	184	85	192	3.84e-07	45.4
LPGEEOON_01173	MER0046161	26.882	186	115	7	3	181	66	237	7.85e-07	45.1
LPGEEOON_01173	MER0043540	25.926	135	83	5	47	175	87	210	1.04e-06	44.3
LPGEEOON_01173	MER0038086	28.205	117	76	3	75	185	109	223	1.21e-06	44.3
LPGEEOON_01197	MER0005767	31.056	322	173	8	53	368	27	305	1.47e-37	135
LPGEEOON_01197	MER0030136	23.691	401	280	14	4	384	1	395	1.47e-15	74.7
LPGEEOON_01197	MER0030151	21.662	397	293	11	4	384	1	395	5.24e-14	70.1
LPGEEOON_01197	MER0030155	21.891	402	286	12	4	384	1	395	2.53e-11	62.0
LPGEEOON_01197	MER0015112	20.647	402	295	13	4	384	1	399	2.81e-10	58.5
LPGEEOON_01197	MER0030149	20.655	397	297	10	4	384	1	395	3.82e-10	58.2
LPGEEOON_01197	MER0030143	19.403	402	296	11	4	384	1	395	4.14e-10	58.2
LPGEEOON_01230	MER0000576	40.870	115	67	1	31	145	1	114	1.27e-31	106
LPGEEOON_01230	MER0000569	35.652	115	72	2	31	144	1	114	1.21e-15	65.5
LPGEEOON_01230	MER0006172	37.179	78	49	0	53	130	2	79	3.31e-13	58.2
LPGEEOON_01235	MER0000410	56.537	283	121	1	402	684	1	281	7.04e-113	338
LPGEEOON_01235	MER0011872	39.623	265	157	2	421	682	18	282	1.17e-63	210
LPGEEOON_01235	MER0082498	40.714	280	138	6	423	678	3	278	6.08e-63	208
LPGEEOON_01235	MER0005694	32.836	268	169	3	416	682	13	270	3.07e-44	157
LPGEEOON_01235	MER0000392	32.852	277	171	5	414	679	1	273	8.77e-41	147
LPGEEOON_01235	MER0004227	36.481	233	135	2	396	627	11	231	1.85e-40	147
LPGEEOON_01235	MER0079308	33.588	262	167	5	421	679	8	265	6.92e-40	144
LPGEEOON_01235	MER0015621	32.990	291	175	6	409	682	6	293	1.88e-39	144
LPGEEOON_01235	MER0022823	33.700	273	169	8	414	678	1	269	1.84e-36	135
LPGEEOON_01235	MER0082653	33.333	228	137	6	430	643	16	242	4.18e-36	134
LPGEEOON_01235	MER0002490	31.317	281	169	7	402	665	1	274	9.19e-34	128
LPGEEOON_01235	MER0325901	33.086	269	172	6	416	679	1	266	1.21e-33	127
LPGEEOON_01235	MER0011450	29.730	259	168	5	414	662	1	255	3.56e-32	123
LPGEEOON_01235	MER0981959	28.369	282	181	5	415	679	1	278	8.19e-32	122
LPGEEOON_01235	MER0003229	29.588	267	176	6	416	679	11	268	4.39e-29	114
LPGEEOON_01235	MER0000398	27.843	255	168	6	427	680	11	250	2.98e-23	96.7
LPGEEOON_01247	MER0003336	65.873	126	39	2	21	142	1	126	3.34e-55	167
LPGEEOON_01247	MER0011465	38.621	145	73	5	21	155	1	139	2.36e-22	84.0
LPGEEOON_01247	MER0003299	39.850	133	73	3	21	149	1	130	1.24e-18	74.3
LPGEEOON_01247	MER0003338	36.449	107	63	2	21	126	1	103	3.07e-15	65.5
LPGEEOON_01247	MER0003303	32.432	111	67	3	21	130	1	104	3.27e-12	57.4
LPGEEOON_01247	MER0013976	32.432	111	67	3	21	130	1	104	3.04e-10	52.0
LPGEEOON_01247	MER0017622	35.443	79	44	2	10	81	160	238	2.87e-08	48.5
LPGEEOON_01247	MER0016969	30.882	68	41	1	21	82	1	68	4.70e-06	41.6
LPGEEOON_01260	MER0004469	31.429	140	82	6	4	140	2	130	7.36e-13	66.6
LPGEEOON_01260	MER0004469	24.424	217	134	6	234	421	159	374	9.59e-06	44.3
LPGEEOON_01260	MER0004480	29.221	154	100	4	12	165	1	145	9.16e-11	59.7
LPGEEOON_01260	MER0004468	26.339	224	136	6	229	435	207	418	6.36e-10	57.4
LPGEEOON_01260	MER0004468	26.087	184	117	7	81	259	147	316	3.43e-07	48.9
LPGEEOON_01260	MER0897124	27.907	215	144	6	229	435	207	418	2.67e-09	55.5
LPGEEOON_01260	MER0897124	25.389	193	107	6	81	259	147	316	2.86e-08	52.4
LPGEEOON_01260	MER0004474	29.268	123	68	5	15	133	89	196	8.55e-08	50.8
LPGEEOON_01260	MER0004474	27.206	136	88	4	276	403	195	327	3.04e-06	45.8
LPGEEOON_01260	MER0004471	29.032	124	73	5	9	130	89	199	4.58e-07	48.5
LPGEEOON_01264	MER0001244	42.424	264	137	5	174	425	1	261	1.87e-61	197
LPGEEOON_01264	MER0013463	36.364	264	153	5	174	426	1	260	4.83e-50	167
LPGEEOON_01264	MER0001733	31.849	292	156	5	176	426	3	292	4.66e-44	152
LPGEEOON_01264	MER0028601	33.333	270	154	9	176	425	3	266	2.78e-42	147
LPGEEOON_01264	MER0005462	34.694	245	134	5	174	414	1	223	5.04e-39	137
LPGEEOON_01264	MER0004931	35.714	238	127	5	175	408	2	217	6.43e-38	134
LPGEEOON_01264	MER0004532	32.911	237	132	5	174	406	1	214	2.84e-35	127
LPGEEOON_01264	MER0001248	34.025	241	109	7	231	425	16	252	1.65e-32	120
LPGEEOON_01264	MER0005715	29.961	257	150	9	174	423	1	234	6.42e-24	96.7
LPGEEOON_01264	MER0002038	25.726	241	150	6	175	409	2	219	1.18e-19	84.3
LPGEEOON_01264	MER0001250	26.460	291	156	10	176	417	3	284	2.16e-14	70.1
LPGEEOON_01301	MER0036617	48.571	35	18	0	35	69	3	37	3.77e-07	39.3
LPGEEOON_01301	MER0017799	76.190	21	5	0	35	55	10	30	8.41e-06	36.2
LPGEEOON_01301	MER0017822	45.714	35	19	0	35	69	6	40	8.42e-06	35.8
LPGEEOON_01306	MER0005169	31.412	347	224	6	11	351	6	344	6.87e-53	175
LPGEEOON_01306	MER0013829	32.344	337	211	8	6	335	1	327	5.47e-49	165
LPGEEOON_01306	MER0005472	32.047	337	211	7	17	352	12	331	4.87e-41	144
LPGEEOON_01306	MER0004410	28.736	348	223	10	11	346	6	340	1.59e-38	137
LPGEEOON_01306	MER0002043	27.439	328	216	7	24	342	31	345	1.43e-34	127
LPGEEOON_01306	MER0002046	30.573	314	189	10	40	346	35	326	9.49e-33	121
LPGEEOON_01306	MER0005160	26.706	337	222	10	12	342	7	324	2.27e-24	99.0
LPGEEOON_01306	MER0022215	23.876	356	239	10	9	349	3	341	1.30e-20	88.6
LPGEEOON_01306	MER0002040	26.948	308	191	13	58	348	56	346	1.02e-17	80.1
LPGEEOON_01306	MER0025084	21.652	351	243	13	7	343	2	334	1.77e-09	55.5
LPGEEOON_01309	MER0195376	36.735	196	108	5	334	526	1	183	2.42e-29	111
LPGEEOON_01309	MER0001425	27.703	148	81	6	335	478	4	129	2.34e-06	45.1
LPGEEOON_01332	MER0015472	28.750	160	110	2	24	180	23	181	5.76e-14	65.1
LPGEEOON_01332	MER0048181	27.972	143	87	2	47	174	1	142	1.42e-12	60.1
LPGEEOON_01332	MER0030047	30.147	136	85	3	50	179	1	132	7.16e-12	57.8
LPGEEOON_01332	MER0035036	32.353	136	82	3	50	179	91	222	1.21e-11	59.3
LPGEEOON_01332	MER0015473	29.371	143	89	3	50	180	40	182	6.20e-11	56.6
LPGEEOON_01332	MER0015462	36.585	82	50	1	39	120	40	119	2.52e-08	48.9
LPGEEOON_01332	MER0015631	32.143	140	89	3	39	178	44	177	7.94e-08	48.1
LPGEEOON_01332	MER0015659	36.145	83	50	1	39	121	42	121	9.23e-06	42.0
LPGEEOON_01332	MER0015459	29.452	146	93	3	39	184	42	177	9.67e-06	42.0
LPGEEOON_01353	MER0002454	28.571	217	125	8	21	212	2	213	3.84e-07	47.4
