OMFFCFNJ_00024	MER0031610	32.258	248	159	4	18	257	55	301	2.19e-43	146
OMFFCFNJ_00024	MER0017142	31.313	99	64	1	17	115	14	108	1.34e-10	57.0
OMFFCFNJ_00024	MER0044900	23.759	282	164	12	9	251	87	356	4.43e-09	53.1
OMFFCFNJ_00024	MER0035038	28.777	139	92	4	16	149	29	165	7.46e-07	46.2
OMFFCFNJ_00024	MER0011509	22.348	264	170	10	18	248	39	300	9.83e-07	45.8
OMFFCFNJ_00024	MER0036115	24.339	189	118	6	16	181	34	220	1.50e-06	45.1
OMFFCFNJ_00024	MER0031619	28.713	101	69	1	18	115	29	129	1.81e-06	45.1
OMFFCFNJ_00024	MER0044858	23.810	273	166	11	19	252	57	326	2.09e-06	45.1
OMFFCFNJ_00024	MER0014065	26.207	145	90	5	12	140	28	171	3.43e-06	44.3
OMFFCFNJ_00024	MER0035035	21.223	278	181	9	15	258	30	303	7.83e-06	43.1
OMFFCFNJ_00050	MER0011781	23.239	284	154	11	38	320	17	237	1.01e-09	56.2
OMFFCFNJ_00050	MER0011806	23.239	284	154	9	38	320	17	237	2.02e-08	52.4
OMFFCFNJ_00099	MER0015473	31.959	194	105	8	10	184	1	186	2.71e-17	73.6
OMFFCFNJ_00099	MER0015472	27.320	194	129	5	3	189	2	190	5.25e-17	72.4
OMFFCFNJ_00099	MER0048181	27.083	144	88	2	46	174	1	142	9.41e-10	51.6
OMFFCFNJ_00099	MER0015632	26.415	159	109	4	33	188	32	185	4.27e-08	48.1
OMFFCFNJ_00099	MER0030047	27.273	132	95	1	49	179	1	132	5.85e-08	46.6
OMFFCFNJ_00099	MER0035036	25.547	137	101	1	49	184	91	227	1.74e-07	46.6
OMFFCFNJ_00116	MER0002755	30.387	181	99	6	125	287	22	193	7.56e-10	55.5
OMFFCFNJ_00116	MER0036308	28.962	183	114	5	131	302	36	213	9.94e-10	55.5
OMFFCFNJ_00116	MER0011371	29.921	127	73	4	171	289	82	200	1.61e-08	51.6
OMFFCFNJ_00116	MER0002003	26.000	150	92	3	161	300	77	217	2.65e-08	51.2
OMFFCFNJ_00116	MER0011440	21.469	177	121	5	119	291	39	201	1.79e-07	48.5
OMFFCFNJ_00116	MER0002281	27.429	175	101	7	135	289	43	211	1.58e-06	45.8
OMFFCFNJ_00116	MER0005328	36.000	100	50	4	114	204	12	106	1.98e-06	45.1
OMFFCFNJ_00116	MER0011438	21.827	197	125	6	103	284	12	194	9.43e-06	43.5
OMFFCFNJ_00135	MER0001283	42.181	486	272	5	4	483	2	484	1.51e-134	394
OMFFCFNJ_00135	MER0047723	42.116	482	261	5	7	477	1	475	1.10e-127	376
OMFFCFNJ_00135	MER0028941	33.146	178	93	6	13	178	2	165	1.07e-14	72.4
OMFFCFNJ_00135	MER0369336	33.051	118	63	4	65	178	8	113	2.72e-09	55.5
OMFFCFNJ_00166	MER0026494	35.654	474	278	9	1	455	4	469	5.65e-84	263
OMFFCFNJ_00166	MER0015142	31.723	476	293	11	1	454	33	498	9.47e-71	229
OMFFCFNJ_00166	MER0026471	31.064	470	302	6	8	459	12	477	1.58e-68	223
OMFFCFNJ_00166	MER0052470	25.275	455	293	18	9	436	5	439	1.53e-22	96.7
OMFFCFNJ_00166	MER0003397	32.020	203	120	4	6	196	10	206	7.56e-22	92.8
OMFFCFNJ_00166	MER0003397	36.471	85	52	2	367	450	218	301	6.67e-10	57.0
OMFFCFNJ_00166	MER0057434	29.000	200	121	6	6	191	1	193	4.44e-18	81.6
OMFFCFNJ_00166	MER0026485	29.353	201	124	6	8	196	11	205	6.35e-18	81.3
OMFFCFNJ_00166	MER0026485	30.303	99	67	1	355	453	207	303	2.73e-09	55.1
OMFFCFNJ_00166	MER0001272	28.161	174	102	6	21	189	11	166	3.27e-11	60.5
OMFFCFNJ_00166	MER0003775	25.000	184	125	5	8	187	8	182	3.88e-06	45.4
OMFFCFNJ_00190	MER0004468	27.632	228	153	6	215	436	197	418	3.36e-15	73.9
OMFFCFNJ_00190	MER0004468	24.684	158	109	4	81	231	147	301	9.88e-06	44.3
OMFFCFNJ_00190	MER0897124	29.185	233	143	7	215	436	197	418	4.17e-14	70.5
OMFFCFNJ_00190	MER0897124	28.226	124	80	3	81	199	147	266	4.62e-07	48.5
OMFFCFNJ_00190	MER0004469	28.049	164	107	4	13	171	12	169	4.58e-13	67.4
OMFFCFNJ_00190	MER0004480	36.937	111	64	3	12	122	1	105	1.45e-10	58.9
OMFFCFNJ_00190	MER0004480	27.723	202	124	9	217	398	125	324	4.40e-09	54.3
OMFFCFNJ_00190	MER0004471	30.645	124	76	4	10	133	90	203	8.36e-09	53.9
OMFFCFNJ_00190	MER0004471	28.571	140	81	5	301	436	242	366	2.42e-07	49.3
OMFFCFNJ_00190	MER0004474	32.407	108	66	3	14	121	88	188	1.49e-08	53.1
OMFFCFNJ_00190	MER0004474	30.252	119	78	3	322	436	243	360	1.29e-06	47.0
OMFFCFNJ_00202	MER0018486	30.833	120	78	3	521	636	108	226	6.74e-07	51.2
