ANPOHHGI_00003	MER0024252	37.383	107	51	4	249	355	1	91	2.80e-16	72.0
ANPOHHGI_00003	MER0001322	34.454	119	61	5	256	371	1	105	3.78e-16	71.2
ANPOHHGI_00003	MER0014188	38.655	119	54	5	256	369	1	105	3.04e-14	65.5
ANPOHHGI_00003	MER0002443	38.462	91	47	3	265	354	10	92	4.35e-13	62.4
ANPOHHGI_00003	MER0002450	31.783	129	70	5	256	383	1	112	5.41e-13	62.0
ANPOHHGI_00003	MER0004035	35.922	103	53	4	265	364	7	99	3.30e-12	59.7
ANPOHHGI_00003	MER0003805	32.061	131	69	6	256	384	1	113	4.17e-12	59.7
ANPOHHGI_00003	MER0377310	31.532	111	64	4	256	365	1	100	1.32e-11	58.2
ANPOHHGI_00003	MER0377307	31.532	111	64	4	256	365	1	100	1.32e-11	58.2
ANPOHHGI_00003	MER0377178	30.909	110	64	4	256	364	1	99	9.11e-11	55.5
ANPOHHGI_00003	MER0004054	32.308	130	63	8	264	384	9	122	1.35e-10	55.5
ANPOHHGI_00003	MER0003807	34.444	90	51	4	265	353	10	92	8.24e-10	53.1
ANPOHHGI_00003	MER0377450	32.323	99	54	4	256	353	1	87	1.15e-09	52.0
ANPOHHGI_00003	MER0003808	29.134	127	72	5	256	381	1	110	4.99e-09	50.8
ANPOHHGI_00003	MER0014672	28.099	121	60	4	256	360	1	110	6.29e-09	50.8
ANPOHHGI_00003	MER0003986	30.172	116	65	6	256	365	1	106	8.29e-09	50.4
ANPOHHGI_00003	MER0376722	29.293	99	59	3	256	354	1	88	1.81e-08	48.9
ANPOHHGI_00014	MER0167712	27.673	318	207	7	15	316	14	324	6.50e-31	119
ANPOHHGI_00016	MER0000472	28.571	154	83	4	262	398	278	421	1.13e-10	60.1
ANPOHHGI_00105	MER0004090	30.256	390	221	12	580	943	1	365	1.93e-41	154
ANPOHHGI_00105	MER0003800	26.142	394	236	13	578	943	6	372	4.53e-30	120
ANPOHHGI_00105	MER0035017	24.880	418	250	14	588	962	1	397	6.62e-30	120
ANPOHHGI_00105	MER0026262	23.056	373	232	15	588	946	1	332	1.66e-14	72.8
ANPOHHGI_00105	MER0354941	25.238	210	122	8	603	799	10	197	2.27e-11	60.8
ANPOHHGI_00105	MER0122661	21.763	363	226	13	606	951	17	338	2.37e-09	57.0
ANPOHHGI_00105	MER0004154	18.797	266	170	7	636	898	48	270	4.54e-08	52.8
ANPOHHGI_00105	MER0011700	20.601	233	162	7	592	820	10	223	1.20e-07	51.6
ANPOHHGI_00105	MER0006204	24.793	121	86	2	584	700	1	120	4.57e-07	50.1
ANPOHHGI_00105	MER0017069	22.703	185	120	4	613	797	20	181	1.60e-06	48.1
ANPOHHGI_00105	MER0140154	23.500	200	128	5	604	794	2	185	1.82e-06	47.8
ANPOHHGI_00121	MER0028087	24.478	335	228	10	113	434	117	439	6.97e-17	79.3
ANPOHHGI_00121	MER0016248	22.269	238	163	5	196	421	8	235	6.54e-12	62.4
ANPOHHGI_00121	MER0016222	20.485	454	322	13	1	426	5	447	4.75e-08	51.6
ANPOHHGI_00122	MER0016301	25.700	393	247	13	91	477	65	418	9.58e-17	79.7
ANPOHHGI_00128	MER1143079	30.000	220	136	6	51	267	11	215	9.89e-21	88.6
ANPOHHGI_00128	MER0002489	26.568	271	165	10	18	271	1	254	9.95e-17	77.8
ANPOHHGI_00128	MER0005964	26.484	219	128	7	77	269	46	257	8.61e-15	72.0
ANPOHHGI_00128	MER0000459	27.564	156	101	3	81	227	52	204	1.75e-14	71.2
ANPOHHGI_00128	MER0003802	27.841	176	117	4	51	224	16	183	2.84e-14	70.1
ANPOHHGI_00128	MER0004154	24.390	205	140	4	74	270	38	235	7.32e-13	66.2
ANPOHHGI_00128	MER0356183	26.471	238	138	9	61	271	7	234	4.58e-11	59.7
ANPOHHGI_00128	MER0354941	28.042	189	110	7	51	216	10	195	9.22e-11	58.2
ANPOHHGI_00128	MER0005925	33.557	149	80	6	81	213	47	192	1.23e-10	59.3
ANPOHHGI_00128	MER0028284	27.007	137	93	2	87	218	51	185	1.25e-10	59.3
ANPOHHGI_00128	MER0026262	27.317	205	125	8	82	268	47	245	1.65e-10	58.9
ANPOHHGI_00128	MER0004090	30.769	156	92	5	71	213	53	205	1.86e-10	58.9
ANPOHHGI_00128	MER0003800	29.282	181	108	5	51	211	30	210	7.62e-10	57.4
ANPOHHGI_00128	MER0005836	29.730	148	90	5	81	216	55	200	7.05e-08	50.1
ANPOHHGI_00128	MER0015683	26.667	180	122	7	42	214	29	205	2.62e-07	48.9
ANPOHHGI_00128	MER0017069	29.167	144	96	4	81	218	40	183	1.20e-06	47.0
ANPOHHGI_00128	MER0192873	27.354	223	123	10	89	279	2	217	3.91e-06	44.7
ANPOHHGI_00128	MER0000457	26.190	168	114	5	52	213	23	186	4.26e-06	45.1
ANPOHHGI_00128	MER0122661	25.551	227	154	7	88	308	53	270	4.63e-06	45.1
