BFDCDEGE_00020	MER0001295	44.865	185	88	3	380	559	2	177	5.73e-46	159
BFDCDEGE_00020	MER0003065	33.702	181	99	5	381	559	3	164	4.11e-23	93.6
BFDCDEGE_00020	MER0003514	32.418	182	106	4	379	560	1	165	4.01e-22	90.9
BFDCDEGE_00020	MER0003413	29.121	182	109	5	380	559	2	165	2.20e-21	89.0
BFDCDEGE_00020	MER0001297	30.899	178	106	4	379	556	1	161	5.75e-19	81.6
BFDCDEGE_00020	MER0001425	37.162	148	82	4	412	557	30	168	4.91e-18	79.3
BFDCDEGE_00020	MER0005714	30.645	186	105	6	381	558	3	172	6.39e-18	79.0
BFDCDEGE_00020	MER0004195	31.551	187	102	6	379	560	1	166	1.23e-17	78.2
BFDCDEGE_00020	MER0004196	31.111	180	105	5	383	560	5	167	2.60e-15	71.2
BFDCDEGE_00020	MER0015684	27.933	179	108	5	383	558	5	165	1.11e-11	60.8
BFDCDEGE_00021	MER0015424	35.642	491	274	15	122	574	29	515	1.17e-65	229
BFDCDEGE_00021	MER0016991	26.741	359	188	12	115	452	24	328	3.57e-13	69.3
BFDCDEGE_00021	MER0114485	45.070	71	34	2	340	410	266	331	7.92e-11	62.4
BFDCDEGE_00021	MER0019280	36.538	104	60	2	346	449	206	303	3.41e-10	59.7
BFDCDEGE_00021	MER0000349	41.026	78	44	1	341	418	281	356	3.45e-09	57.4
BFDCDEGE_00021	MER0015431	32.215	149	83	5	321	451	232	380	5.13e-09	56.6
BFDCDEGE_00021	MER0003536	38.095	84	41	2	344	416	193	276	1.75e-08	54.7
BFDCDEGE_00021	MER0161312	36.893	103	59	2	342	444	249	345	5.70e-08	53.5
BFDCDEGE_00021	MER0175622	37.778	90	47	3	344	426	192	279	6.01e-08	52.8
BFDCDEGE_00021	MER0003020	39.759	83	45	2	324	401	382	464	7.76e-08	53.5
BFDCDEGE_00021	MER0014446	34.906	106	58	3	348	445	322	424	1.16e-07	52.8
BFDCDEGE_00021	MER0005700	34.400	125	67	4	339	449	270	393	1.25e-07	52.4
BFDCDEGE_00021	MER0015432	32.283	127	71	4	339	451	263	388	1.29e-07	52.4
BFDCDEGE_00021	MER0005756	36.471	85	49	2	339	418	288	372	1.29e-07	52.4
BFDCDEGE_00021	MER0005774	31.915	141	74	6	327	451	330	464	3.58e-07	51.2
BFDCDEGE_00021	MER0000351	41.667	60	33	1	344	403	228	285	4.66e-07	50.1
BFDCDEGE_00021	MER0005710	35.714	98	54	3	327	418	337	431	6.00e-07	50.4
BFDCDEGE_00021	MER0000321	37.500	80	45	2	344	418	270	349	6.15e-07	50.1
BFDCDEGE_00021	MER0015436	32.258	124	70	5	339	451	348	468	6.57e-07	50.4
BFDCDEGE_00021	MER0005712	35.227	88	51	2	337	418	251	338	7.65e-07	50.1
BFDCDEGE_00021	MER0002500	43.103	58	31	1	344	401	296	351	3.20e-06	48.1
BFDCDEGE_00021	MER0005757	29.839	124	59	3	321	418	233	354	5.24e-06	47.4
BFDCDEGE_00021	MER0015433	36.471	85	48	2	340	418	348	432	6.51e-06	47.0
BFDCDEGE_00021	MER0005859	35.955	89	46	3	345	422	387	475	7.96e-06	47.0
BFDCDEGE_00072	MER0015424	34.608	497	275	19	119	574	28	515	5.47e-62	218
BFDCDEGE_00072	MER0016991	27.687	307	156	9	158	452	76	328	2.85e-15	75.9
BFDCDEGE_00072	MER0019280	36.538	104	60	2	346	449	206	303	4.01e-10	59.7
BFDCDEGE_00072	MER0114485	43.662	71	35	2	340	410	266	331	4.15e-10	60.1
BFDCDEGE_00072	MER0000349	39.744	78	45	1	341	418	281	356	1.21e-08	55.5
BFDCDEGE_00072	MER0161312	33.077	130	76	3	315	444	227	345	2.33e-08	54.7
BFDCDEGE_00072	MER0003536	36.905	84	42	2	344	416	193	276	4.52e-08	53.1
BFDCDEGE_00072	MER0001725	25.733	307	125	12	159	449	98	317	5.34e-08	53.1
BFDCDEGE_00072	MER0005756	33.600	125	69	5	339	450	288	411	7.48e-08	53.1
BFDCDEGE_00072	MER0005700	32.283	127	71	4	339	451	270	395	1.62e-07	52.0
BFDCDEGE_00072	MER0175622	36.283	113	61	5	344	449	192	300	1.79e-07	51.6
BFDCDEGE_00072	MER0014446	34.906	106	58	3	348	445	322	424	2.56e-07	51.6
BFDCDEGE_00072	MER0015432	30.709	127	73	4	339	451	263	388	3.69e-07	50.8
BFDCDEGE_00072	MER0003020	38.554	83	46	2	324	401	382	464	5.53e-07	50.8
BFDCDEGE_00072	MER0005774	33.813	139	74	6	327	451	330	464	7.97e-07	50.1
BFDCDEGE_00072	MER0000351	40.000	60	34	1	344	403	228	285	1.45e-06	48.5
BFDCDEGE_00072	MER0005712	30.233	129	75	4	337	451	251	378	1.52e-06	48.9
BFDCDEGE_00072	MER0000321	37.500	80	45	2	344	418	270	349	2.30e-06	48.1
BFDCDEGE_00072	MER0000309	35.135	111	55	4	341	451	181	274	3.24e-06	47.4
BFDCDEGE_00072	MER0016688	32.370	173	85	9	297	449	156	316	3.36e-06	47.8
BFDCDEGE_00072	MER0016983	32.000	100	57	4	360	451	216	312	4.16e-06	47.4
BFDCDEGE_00072	MER0015436	30.894	123	73	4	339	451	348	468	4.21e-06	47.8
BFDCDEGE_00072	MER0005710	34.694	98	55	3	327	418	337	431	4.44e-06	47.8
BFDCDEGE_00072	MER0005859	34.831	89	47	2	345	422	387	475	7.13e-06	47.0
BFDCDEGE_00076	MER0056525	52.720	239	109	3	397	634	1	236	3.44e-79	249
BFDCDEGE_00076	MER0005496	50.870	230	112	1	397	626	1	229	6.57e-77	243
BFDCDEGE_00076	MER0011748	51.515	231	109	2	397	626	1	229	6.57e-74	236
BFDCDEGE_00076	MER0015609	50.649	231	109	2	397	626	1	227	2.88e-73	234
BFDCDEGE_00076	MER0011224	47.391	230	120	1	397	626	1	229	5.25e-73	233
BFDCDEGE_00076	MER0023544	46.087	230	123	1	397	626	1	229	5.83e-73	233
BFDCDEGE_00076	MER0002600	45.455	231	123	2	397	626	1	229	3.24e-66	215
BFDCDEGE_00076	MER0015195	45.490	255	134	3	397	650	1	251	7.97e-66	214
BFDCDEGE_00076	MER0171760	41.132	265	147	4	362	622	1	260	8.10e-66	214
BFDCDEGE_00076	MER0014306	41.245	257	150	1	397	653	1	256	1.11e-62	206
BFDCDEGE_00076	MER0002605	44.444	234	125	3	397	629	1	230	1.00e-61	203
BFDCDEGE_00076	MER0015194	42.424	231	128	2	398	626	2	229	2.08e-60	200
BFDCDEGE_00076	MER0004454	43.162	234	132	1	397	629	1	234	3.99e-58	194
BFDCDEGE_00076	MER0005466	42.241	232	128	3	398	623	2	233	2.06e-56	188
BFDCDEGE_00076	MER0015199	42.917	240	132	2	397	631	1	240	1.07e-55	187
BFDCDEGE_00076	MER0024898	43.534	232	128	3	397	626	1	231	9.99e-55	185
BFDCDEGE_00076	MER0002602	41.304	230	129	2	398	621	2	231	4.49e-53	180
BFDCDEGE_00076	MER0002408	39.200	250	137	7	397	639	1	242	3.03e-49	169
BFDCDEGE_00076	MER0001620	38.075	239	141	3	397	628	1	239	4.13e-47	164
BFDCDEGE_00076	MER0002563	37.607	234	136	3	398	621	2	235	4.04e-46	160
BFDCDEGE_00076	MER0015193	39.431	246	133	7	397	634	1	238	1.40e-44	156
BFDCDEGE_00076	MER0015197	36.620	213	134	1	409	620	13	225	1.82e-43	154
BFDCDEGE_00076	MER0011745	37.143	245	139	6	397	634	1	237	1.98e-43	154
BFDCDEGE_00076	MER0015137	37.143	245	139	6	397	634	1	237	3.64e-43	153
BFDCDEGE_00076	MER0017637	38.723	235	132	4	398	621	2	235	4.26e-43	152
BFDCDEGE_00076	MER0014324	37.719	228	128	4	397	621	1	217	4.55e-39	141
BFDCDEGE_00076	MER0005755	36.797	231	133	4	398	624	2	223	4.41e-38	138
BFDCDEGE_00076	MER0190577	33.191	235	143	3	397	628	1	224	1.54e-37	137
BFDCDEGE_00076	MER0002608	36.441	236	145	4	398	628	2	237	3.17e-36	134
BFDCDEGE_00076	MER0015690	38.739	222	124	6	397	606	1	222	7.45e-35	130
BFDCDEGE_00076	MER0024900	33.929	224	137	4	398	618	2	217	1.93e-33	125
BFDCDEGE_00076	MER0190705	33.043	230	143	3	398	625	1	221	2.51e-33	124
BFDCDEGE_00076	MER0011120	38.288	222	125	6	397	606	1	222	3.30e-31	119
BFDCDEGE_00076	MER0002197	32.174	230	141	4	397	621	1	220	1.18e-30	118
BFDCDEGE_00076	MER0001246	32.967	182	110	3	408	586	1	173	2.00e-25	100
BFDCDEGE_00076	MER0015204	28.063	253	151	7	398	619	2	254	6.14e-22	93.6
BFDCDEGE_00079	MER0015424	35.642	491	274	15	122	574	29	515	1.17e-65	229
BFDCDEGE_00079	MER0016991	26.741	359	188	12	115	452	24	328	3.57e-13	69.3
BFDCDEGE_00079	MER0114485	45.070	71	34	2	340	410	266	331	7.92e-11	62.4
BFDCDEGE_00079	MER0019280	36.538	104	60	2	346	449	206	303	3.41e-10	59.7
BFDCDEGE_00079	MER0000349	41.026	78	44	1	341	418	281	356	3.45e-09	57.4
BFDCDEGE_00079	MER0015431	32.215	149	83	5	321	451	232	380	5.13e-09	56.6
BFDCDEGE_00079	MER0003536	38.095	84	41	2	344	416	193	276	1.75e-08	54.7
BFDCDEGE_00079	MER0161312	36.893	103	59	2	342	444	249	345	5.70e-08	53.5
BFDCDEGE_00079	MER0175622	37.778	90	47	3	344	426	192	279	6.01e-08	52.8
BFDCDEGE_00079	MER0003020	39.759	83	45	2	324	401	382	464	7.76e-08	53.5
BFDCDEGE_00079	MER0014446	34.906	106	58	3	348	445	322	424	1.16e-07	52.8
BFDCDEGE_00079	MER0005700	34.400	125	67	4	339	449	270	393	1.25e-07	52.4
BFDCDEGE_00079	MER0015432	32.283	127	71	4	339	451	263	388	1.29e-07	52.4
BFDCDEGE_00079	MER0005756	36.471	85	49	2	339	418	288	372	1.29e-07	52.4
BFDCDEGE_00079	MER0005774	31.915	141	74	6	327	451	330	464	3.58e-07	51.2
BFDCDEGE_00079	MER0000351	41.667	60	33	1	344	403	228	285	4.66e-07	50.1
BFDCDEGE_00079	MER0005710	35.714	98	54	3	327	418	337	431	6.00e-07	50.4
BFDCDEGE_00079	MER0000321	37.500	80	45	2	344	418	270	349	6.15e-07	50.1
BFDCDEGE_00079	MER0015436	32.258	124	70	5	339	451	348	468	6.57e-07	50.4
BFDCDEGE_00079	MER0005712	35.227	88	51	2	337	418	251	338	7.65e-07	50.1
BFDCDEGE_00079	MER0002500	43.103	58	31	1	344	401	296	351	3.20e-06	48.1
BFDCDEGE_00079	MER0005757	29.839	124	59	3	321	418	233	354	5.24e-06	47.4
BFDCDEGE_00079	MER0015433	36.471	85	48	2	340	418	348	432	6.51e-06	47.0
BFDCDEGE_00079	MER0005859	35.955	89	46	3	345	422	387	475	7.96e-06	47.0
BFDCDEGE_00129	MER0026545	32.955	176	105	3	90	258	99	268	7.77e-29	107
BFDCDEGE_00129	MER0042387	32.065	184	108	3	66	247	2	170	1.42e-26	99.4
BFDCDEGE_00129	MER0026552	36.478	159	91	4	90	247	9	158	2.78e-25	95.9
BFDCDEGE_00129	MER0026496	32.584	178	104	3	95	260	100	273	2.12e-24	95.9
BFDCDEGE_00129	MER0031491	33.533	167	95	6	95	250	20	181	1.14e-20	84.0
BFDCDEGE_00129	MER0002642	29.054	148	97	6	104	249	23	164	6.75e-11	57.0
BFDCDEGE_00129	MER0002639	28.758	153	90	6	103	247	22	163	2.59e-10	55.1
BFDCDEGE_00134	MER0003850	49.180	183	83	3	123	303	2	176	2.25e-52	172
BFDCDEGE_00134	MER0013623	50.932	161	71	2	124	284	1	153	6.10e-49	162
BFDCDEGE_00134	MER0000268	51.553	161	71	1	124	284	1	154	9.27e-49	162
BFDCDEGE_00134	MER0000266	53.374	163	67	4	124	284	1	156	2.03e-44	150
BFDCDEGE_00134	MER0004673	38.163	283	140	5	124	389	2	266	2.92e-43	151
BFDCDEGE_00134	MER0004111	48.466	163	74	3	124	284	1	155	4.52e-42	144
BFDCDEGE_00134	MER0001372	48.780	164	73	4	124	284	1	156	3.97e-40	139
BFDCDEGE_00134	MER0003293	47.742	155	74	2	124	278	1	148	2.21e-39	137
BFDCDEGE_00134	MER0005468	45.399	163	82	3	124	284	1	158	2.56e-39	137
BFDCDEGE_00134	MER0003290	47.879	165	73	4	124	284	1	156	5.15e-38	134
BFDCDEGE_00134	MER0022668	45.665	173	80	6	124	284	1	171	1.83e-36	130
BFDCDEGE_00134	MER0001945	42.945	163	87	2	124	284	1	159	1.20e-35	127
BFDCDEGE_00134	MER0004149	44.970	169	79	4	124	284	1	163	6.44e-35	125
BFDCDEGE_00134	MER0001373	48.503	167	71	6	124	284	1	158	1.27e-33	122
BFDCDEGE_00134	MER0016031	46.154	169	80	7	124	284	1	166	4.63e-33	120
BFDCDEGE_00134	MER0004086	45.181	166	81	5	125	284	1	162	6.07e-33	120
BFDCDEGE_00134	MER0002577	42.593	162	83	3	124	284	1	153	1.11e-30	113
BFDCDEGE_00134	MER0028330	43.210	162	82	3	124	284	1	153	2.90e-30	112
BFDCDEGE_00134	MER0016351	42.593	162	83	3	124	284	1	153	9.37e-30	111
BFDCDEGE_00134	MER0011375	40.491	163	86	3	124	284	1	154	1.00e-28	108
BFDCDEGE_00134	MER0010944	38.636	176	88	4	124	284	1	171	3.98e-28	107
BFDCDEGE_00134	MER0014795	42.105	171	77	5	124	284	1	159	4.28e-28	106
BFDCDEGE_00134	MER0004093	40.000	165	83	4	124	284	1	153	1.13e-25	99.8
BFDCDEGE_00134	MER0006096	40.000	140	72	4	148	284	1	131	1.70e-22	90.1
BFDCDEGE_00134	MER0005093	37.805	164	84	5	124	274	1	159	7.31e-22	89.4
BFDCDEGE_00134	MER0015583	39.216	153	80	5	124	267	1	149	1.51e-19	82.4
BFDCDEGE_00134	MER0063616	32.353	170	88	5	127	284	5	159	2.63e-16	73.6
BFDCDEGE_00134	MER0004696	33.333	144	88	5	124	265	1	138	9.28e-12	59.7
BFDCDEGE_00134	MER0005094	30.000	150	86	7	124	265	1	139	4.97e-09	52.4
BFDCDEGE_00134	MER0014317	31.034	145	80	7	133	265	2	138	4.06e-07	46.6
BFDCDEGE_00134	MER0014318	33.562	146	74	8	124	259	1	133	4.85e-07	46.6
BFDCDEGE_00201	MER0004146	26.357	258	165	7	2	241	8	258	4.44e-20	83.6
BFDCDEGE_00201	MER0036115	33.000	100	64	2	10	107	33	131	9.69e-14	66.6
BFDCDEGE_00201	MER0014065	31.193	109	72	2	2	107	22	130	3.10e-12	62.4
BFDCDEGE_00201	MER0031611	33.051	118	70	4	4	114	28	143	3.22e-12	62.0
BFDCDEGE_00201	MER0031619	33.058	121	75	3	14	128	29	149	1.68e-11	60.1
BFDCDEGE_00201	MER0037236	25.100	251	168	7	2	237	9	254	2.39e-11	59.3
BFDCDEGE_00201	MER0036072	24.901	253	160	9	13	239	80	328	2.52e-11	59.7
BFDCDEGE_00201	MER0036075	28.689	122	79	4	12	125	69	190	7.53e-11	58.2
BFDCDEGE_00201	MER0044581	27.273	110	67	3	9	108	67	173	5.67e-10	55.5
BFDCDEGE_00201	MER0044578	27.273	110	67	3	9	108	69	175	1.12e-09	54.7
BFDCDEGE_00201	MER0017142	33.636	110	68	2	2	111	3	107	1.21e-09	53.9
BFDCDEGE_00201	MER0011785	29.310	116	77	1	10	120	32	147	1.60e-09	54.3
BFDCDEGE_00201	MER0031616	29.703	101	67	1	11	107	37	137	1.77e-08	50.8
BFDCDEGE_00201	MER0183709	27.586	116	75	4	1	107	22	137	1.92e-08	50.8
BFDCDEGE_00201	MER0213829	24.793	121	83	3	5	117	41	161	5.14e-08	49.7
BFDCDEGE_00201	MER0044350	29.293	99	59	2	14	105	2	96	6.19e-08	49.3
BFDCDEGE_00201	MER0044633	27.500	120	81	3	10	123	70	189	6.96e-08	49.3
BFDCDEGE_00201	MER0036074	20.645	310	175	6	2	246	77	380	1.38e-07	48.5
BFDCDEGE_00201	MER0026339	35.526	76	48	1	14	88	25	100	1.70e-07	47.8
BFDCDEGE_00201	MER0036057	32.292	96	64	1	13	107	62	157	1.94e-07	47.8
BFDCDEGE_00201	MER0031617	28.440	109	75	2	2	107	22	130	2.08e-07	47.8
BFDCDEGE_00201	MER0034563	36.905	84	49	3	10	92	13	93	2.17e-07	47.4
BFDCDEGE_00201	MER0043008	23.770	122	88	2	2	118	10	131	2.55e-07	47.4
BFDCDEGE_00201	MER0017033	30.612	98	67	1	11	107	62	159	2.71e-07	47.4
BFDCDEGE_00201	MER0033259	26.230	122	85	2	2	118	20	141	2.81e-07	47.0
BFDCDEGE_00201	MER0035032	22.388	268	177	8	9	246	27	293	3.70e-07	47.0
BFDCDEGE_00201	MER0017177	24.818	137	92	5	2	131	24	156	4.56e-07	47.0
BFDCDEGE_00201	MER0035035	27.907	86	60	1	17	100	39	124	6.54e-07	46.2
BFDCDEGE_00201	MER0036056	29.921	127	79	4	2	119	65	190	1.61e-06	45.1
BFDCDEGE_00201	MER0036065	30.392	102	62	2	14	107	3	103	1.87e-06	44.7
BFDCDEGE_00201	MER0036053	24.627	268	165	10	6	243	2	262	2.49e-06	44.3
BFDCDEGE_00201	MER0011509	30.392	102	66	2	11	107	35	136	2.56e-06	44.7
BFDCDEGE_00201	MER0036054	22.989	261	166	11	12	241	15	271	2.92e-06	44.3
BFDCDEGE_00201	MER0031653	25.000	140	66	3	15	115	74	213	4.70e-06	43.9
BFDCDEGE_00201	MER0210990	28.676	136	90	4	44	173	62	196	5.05e-06	43.5
BFDCDEGE_00203	MER0003986	35.484	93	56	4	110	199	1	92	6.11e-08	47.0
BFDCDEGE_00203	MER0014188	29.670	91	58	2	110	199	1	86	7.77e-08	46.2
BFDCDEGE_00203	MER0001322	28.037	107	60	4	110	209	1	97	9.34e-06	40.8
BFDCDEGE_00223	MER0001421	52.442	389	173	5	36	419	14	395	7.15e-136	392
BFDCDEGE_00223	MER0028941	25.240	416	252	14	13	418	1	367	2.09e-21	92.0
BFDCDEGE_00223	MER0369336	26.113	337	201	11	83	412	14	309	2.15e-18	82.4
BFDCDEGE_00256	MER0015472	26.728	217	114	5	12	226	8	181	1.52e-09	53.1
BFDCDEGE_00256	MER0015458	27.807	187	97	8	46	228	50	202	8.94e-09	51.6
BFDCDEGE_00256	MER0015459	40.000	50	30	0	46	95	48	97	2.85e-08	49.7
BFDCDEGE_00256	MER0015468	30.337	89	60	1	7	93	3	91	2.94e-08	49.3
BFDCDEGE_00256	MER0015473	26.733	202	93	6	47	237	36	193	4.23e-08	48.9
BFDCDEGE_00256	MER0047976	39.683	63	38	0	36	98	1	63	4.90e-08	48.5
BFDCDEGE_00256	MER0015630	27.027	185	82	4	44	228	49	180	5.36e-08	48.9
BFDCDEGE_00256	MER0017194	26.531	245	106	7	6	227	13	206	1.27e-07	47.8
BFDCDEGE_00256	MER0015631	26.738	187	84	5	44	227	48	184	1.33e-07	47.8
BFDCDEGE_00256	MER0015659	25.806	186	83	5	44	228	46	177	4.03e-07	46.2
BFDCDEGE_00256	MER0015686	26.882	186	81	5	44	228	46	177	5.16e-07	45.8
BFDCDEGE_00256	MER0035036	23.457	243	133	7	2	235	38	236	5.44e-07	46.2
BFDCDEGE_00256	MER0015633	39.655	58	35	0	44	101	46	103	6.95e-07	45.4
BFDCDEGE_00256	MER0094384	37.805	82	44	2	24	102	9	86	7.05e-07	45.4
BFDCDEGE_00256	MER0015462	34.545	55	36	0	41	95	41	95	1.08e-06	44.7
BFDCDEGE_00256	MER0015460	41.071	56	33	0	46	101	77	132	7.52e-06	42.7
BFDCDEGE_00259	MER0015475	30.488	164	98	5	46	204	36	188	1.37e-11	58.9
BFDCDEGE_00267	MER0037236	27.668	253	161	6	12	243	10	261	1.41e-20	85.1
BFDCDEGE_00267	MER0004146	27.715	267	160	8	4	243	1	261	2.03e-20	84.7
BFDCDEGE_00267	MER0036076	27.083	240	144	9	22	241	63	291	4.38e-15	70.1
BFDCDEGE_00267	MER0036053	24.436	266	162	7	14	243	1	263	2.18e-14	67.8
BFDCDEGE_00267	MER0036067	27.083	240	151	9	22	240	52	288	1.05e-13	66.2
BFDCDEGE_00267	MER0031611	25.532	188	120	4	84	252	107	293	1.83e-13	65.5
BFDCDEGE_00267	MER0036074	23.364	214	132	4	73	254	176	389	1.26e-12	63.5
BFDCDEGE_00267	MER0036054	23.963	217	132	4	60	243	58	274	6.89e-11	57.8
BFDCDEGE_00267	MER0036068	24.506	253	145	11	22	241	54	293	4.41e-09	52.8
BFDCDEGE_00267	MER0033259	24.901	253	155	10	10	244	19	254	6.88e-09	52.0
BFDCDEGE_00267	MER0036059	44.643	56	31	0	186	241	295	350	7.14e-09	52.4
BFDCDEGE_00267	MER0031610	21.032	252	153	7	22	241	55	292	9.92e-09	51.6
BFDCDEGE_00267	MER0036065	24.309	181	110	4	87	242	77	255	6.40e-08	48.9
BFDCDEGE_00267	MER0017177	35.593	59	38	0	191	249	259	317	8.57e-07	45.8
BFDCDEGE_00267	MER0035973	24.540	163	117	2	86	242	124	286	1.13e-06	45.4
BFDCDEGE_00267	MER0036073	33.962	53	35	0	190	242	263	315	3.00e-06	44.3
BFDCDEGE_00267	MER0003537	39.344	61	36	1	191	251	225	284	5.07e-06	43.5
BFDCDEGE_00288	MER0000485	50.213	235	115	2	568	800	2	236	2.49e-67	220
BFDCDEGE_00288	MER0003443	48.454	194	94	2	604	791	27	220	1.02e-54	185
BFDCDEGE_00288	MER0000495	40.329	243	133	3	568	799	2	243	4.07e-54	184
BFDCDEGE_00288	MER0000488	42.424	231	126	3	568	794	2	229	6.99e-52	177
BFDCDEGE_00288	MER0014970	38.351	279	126	5	568	800	2	280	4.40e-51	177
BFDCDEGE_00288	MER0003442	48.603	179	89	1	624	799	43	221	1.97e-50	173
BFDCDEGE_00288	MER0011056	50.276	181	83	3	624	799	43	221	7.54e-50	172
BFDCDEGE_00288	MER0011057	48.066	181	87	3	624	799	43	221	5.75e-48	166
BFDCDEGE_00288	MER0004236	47.977	173	88	1	624	796	88	258	6.40e-46	162
BFDCDEGE_00288	MER0005837	35.458	251	144	4	568	802	2	250	5.99e-41	147
BFDCDEGE_00288	MER0000496	47.826	161	79	2	620	775	109	269	1.82e-40	148
BFDCDEGE_00288	MER0108906	37.288	236	138	4	568	799	2	231	1.24e-38	140
BFDCDEGE_00288	MER0017402	37.017	181	102	5	624	799	28	201	1.88e-23	96.7
BFDCDEGE_00288	MER0026213	33.784	148	95	1	652	799	111	255	3.18e-22	94.0
BFDCDEGE_00288	MER0003859	33.544	158	98	3	646	803	79	229	7.57e-18	80.9
BFDCDEGE_00288	MER0003359	32.609	184	112	4	624	800	45	223	5.35e-15	72.0
BFDCDEGE_00288	MER0017403	31.250	144	91	2	662	803	75	212	7.08e-10	57.0
BFDCDEGE_00288	MER0003017	29.897	97	65	1	704	800	66	159	1.62e-07	48.9
BFDCDEGE_00306	MER0015621	50.000	288	126	5	419	689	3	289	1.64e-91	284
BFDCDEGE_00306	MER0005694	51.460	274	132	1	416	689	1	273	8.42e-91	281
BFDCDEGE_00306	MER0000392	52.399	271	119	4	428	689	3	272	9.25e-91	281
BFDCDEGE_00306	MER0079308	51.362	257	121	4	431	685	6	260	3.89e-86	269
BFDCDEGE_00306	MER0011450	50.923	271	122	5	428	689	3	271	9.70e-85	265
BFDCDEGE_00306	MER0002490	46.503	286	128	5	428	689	13	297	2.47e-84	265
BFDCDEGE_00306	MER0981959	46.403	278	131	5	428	689	2	277	1.06e-80	255
BFDCDEGE_00306	MER0022823	48.881	268	130	6	428	689	3	269	2.11e-79	251
BFDCDEGE_00306	MER0325901	44.361	266	143	5	428	689	1	265	1.98e-68	222
BFDCDEGE_00306	MER0000398	44.922	256	128	7	436	691	8	250	1.07e-58	196
BFDCDEGE_00306	MER0003229	37.591	274	163	5	422	694	5	271	2.05e-50	174
BFDCDEGE_00306	MER0000410	35.185	270	166	5	428	690	13	280	7.15e-44	156
BFDCDEGE_00306	MER0011872	31.418	261	172	4	431	685	16	275	8.53e-35	130
BFDCDEGE_00306	MER0082498	32.143	224	138	5	442	653	12	233	6.28e-27	108
BFDCDEGE_00306	MER0082653	27.099	262	169	5	442	682	16	276	8.28e-26	104
BFDCDEGE_00306	MER0004227	28.000	200	140	2	442	638	33	231	7.47e-21	90.9
BFDCDEGE_00306	MER0001920	28.972	214	137	8	467	672	21	227	3.71e-08	52.0
BFDCDEGE_00306	MER0005807	24.201	219	157	6	435	653	34	243	3.47e-07	49.3
BFDCDEGE_00324	MER1143079	30.312	320	169	10	65	369	3	283	1.83e-31	118
BFDCDEGE_00324	MER0003802	29.804	255	159	7	78	327	18	257	1.24e-26	105
BFDCDEGE_00324	MER0000459	24.919	309	208	8	78	371	25	324	3.31e-26	105
BFDCDEGE_00324	MER0005964	27.891	294	168	9	57	319	6	286	4.43e-26	105
BFDCDEGE_00324	MER0017069	27.304	293	197	8	88	372	23	307	1.76e-23	97.1
BFDCDEGE_00324	MER0000457	25.168	298	211	8	78	371	23	312	4.46e-22	93.2
BFDCDEGE_00324	MER0006204	26.246	301	171	10	81	338	26	318	1.73e-20	89.0
BFDCDEGE_00324	MER0005925	25.915	328	191	15	80	376	22	328	6.31e-19	84.3
BFDCDEGE_00324	MER0140154	24.012	329	213	10	80	372	7	334	3.06e-18	82.0
BFDCDEGE_00324	MER0002489	24.176	273	175	5	95	347	42	302	1.05e-17	80.5
BFDCDEGE_00324	MER0026262	25.806	310	207	9	80	371	21	325	1.18e-17	80.5
BFDCDEGE_00324	MER0004154	25.379	264	162	9	61	308	1	245	4.92e-16	75.5
BFDCDEGE_00324	MER0028284	23.659	317	186	9	95	382	35	324	4.49e-15	72.8
BFDCDEGE_00324	MER0011700	30.114	176	102	6	108	265	49	221	6.00e-15	72.4
BFDCDEGE_00324	MER0122661	30.857	175	108	5	80	250	20	185	4.12e-13	66.6
BFDCDEGE_00324	MER0005923	23.450	371	173	12	95	361	43	406	3.87e-11	61.2
BFDCDEGE_00324	MER0000463	23.077	221	155	4	95	315	35	240	1.16e-09	56.2
BFDCDEGE_00324	MER0219770	27.811	169	95	6	95	251	34	187	1.25e-09	55.8
BFDCDEGE_00324	MER0354941	26.374	182	118	4	79	250	21	196	1.80e-09	53.9
BFDCDEGE_00324	MER0192873	25.316	237	138	9	112	316	1	230	8.38e-08	49.7
BFDCDEGE_00324	MER0004090	23.762	303	164	15	121	372	77	363	1.31e-07	50.1
BFDCDEGE_00324	MER0005836	27.907	172	93	7	95	250	45	201	2.34e-07	48.5
BFDCDEGE_00324	MER0356183	28.736	174	99	6	111	267	34	199	2.77e-07	48.1
BFDCDEGE_00324	MER0003800	22.568	257	159	9	79	301	41	291	6.12e-07	47.8
BFDCDEGE_00383	MER0015424	32.806	506	295	17	112	575	13	515	4.41e-63	221
BFDCDEGE_00383	MER0016991	29.518	332	150	12	152	461	68	337	1.06e-16	80.1
BFDCDEGE_00383	MER0068994	28.261	276	151	10	153	407	100	349	1.08e-12	68.6
BFDCDEGE_00383	MER0161312	35.075	134	75	3	304	432	211	337	1.05e-11	65.1
BFDCDEGE_00383	MER0114485	48.529	68	32	2	340	406	266	331	4.70e-11	63.2
BFDCDEGE_00383	MER0000349	42.308	78	43	1	341	418	281	356	1.65e-10	61.6
BFDCDEGE_00383	MER0005712	25.627	359	168	16	145	451	67	378	1.55e-09	58.5
BFDCDEGE_00383	MER0019280	34.579	107	64	2	345	451	205	305	2.77e-09	57.0
BFDCDEGE_00383	MER0014446	31.724	145	77	5	317	445	286	424	5.32e-09	57.0
BFDCDEGE_00383	MER0000351	46.667	60	30	1	344	403	228	285	1.75e-08	54.3
BFDCDEGE_00383	MER0004123	33.077	130	73	3	288	404	165	293	1.00e-07	52.4
BFDCDEGE_00383	MER0003536	34.524	84	44	2	344	416	193	276	1.12e-07	52.0
BFDCDEGE_00383	MER0028258	35.632	87	53	1	348	431	266	352	1.28e-07	52.4
BFDCDEGE_00383	MER0015431	30.952	126	74	4	339	451	255	380	1.33e-07	52.4
BFDCDEGE_00383	MER0003020	40.984	61	36	0	341	401	404	464	5.29e-07	50.8
BFDCDEGE_00383	MER0002500	43.750	64	34	1	344	407	296	357	5.42e-07	50.4
BFDCDEGE_00383	MER0016983	32.000	100	57	4	360	451	216	312	6.90e-07	49.7
BFDCDEGE_00383	MER0001454	25.806	310	168	10	141	418	46	325	7.76e-07	49.7
BFDCDEGE_00383	MER0005710	33.019	106	62	3	319	418	329	431	7.89e-07	50.1
BFDCDEGE_00383	MER0014313	35.165	91	46	2	341	418	282	372	7.94e-07	50.1
BFDCDEGE_00383	MER0005700	30.159	126	75	4	339	451	270	395	8.48e-07	49.7
BFDCDEGE_00383	MER0002771	33.735	83	46	2	345	418	245	327	8.99e-07	49.7
BFDCDEGE_00383	MER0015432	32.558	86	52	2	339	418	263	348	1.28e-06	49.3
BFDCDEGE_00383	MER0000353	47.170	53	26	1	344	396	277	327	1.37e-06	48.9
BFDCDEGE_00383	MER0001467	35.632	87	43	2	345	418	248	334	1.43e-06	48.9
BFDCDEGE_00383	MER0005859	32.174	115	66	2	345	451	387	497	1.73e-06	48.9
BFDCDEGE_00383	MER0005756	32.941	85	52	2	339	418	288	372	2.23e-06	48.5
BFDCDEGE_00383	MER0013896	35.714	98	50	3	345	430	358	454	3.17e-06	48.1
BFDCDEGE_00383	MER0005790	44.643	56	29	1	345	400	215	268	4.11e-06	47.0
BFDCDEGE_00383	MER0005498	33.333	78	46	2	374	451	254	325	4.33e-06	47.4
BFDCDEGE_00383	MER0047718	36.923	65	41	0	337	401	245	309	6.27e-06	47.0
BFDCDEGE_00383	MER0000321	35.000	80	47	2	344	418	270	349	6.38e-06	47.0
BFDCDEGE_00383	MER0015427	31.532	111	62	3	339	436	250	359	6.46e-06	47.0
BFDCDEGE_00383	MER0015436	32.787	122	70	5	339	450	348	467	7.74e-06	47.0
BFDCDEGE_00383	MER0015438	29.268	123	70	3	344	449	361	483	7.84e-06	47.0
BFDCDEGE_00386	MER0005837	24.658	146	102	3	5	144	76	219	9.72e-07	47.0
BFDCDEGE_00386	MER0026213	25.424	118	80	3	57	168	142	257	5.88e-06	44.7
BFDCDEGE_00386	MER0000495	31.250	96	57	3	74	163	147	239	6.41e-06	44.7
BFDCDEGE_00458	MER0001299	34.563	515	305	11	49	539	14	520	4.47e-82	265
BFDCDEGE_00458	MER0011114	32.102	433	228	8	89	515	1	373	5.18e-56	190
BFDCDEGE_00458	MER0321345	41.667	180	103	1	330	507	1	180	3.57e-41	144
BFDCDEGE_00458	MER0321345	24.468	188	134	4	87	272	1	182	2.68e-11	59.7
BFDCDEGE_00458	MER0003812	40.541	185	108	1	330	512	1	185	2.11e-40	142
BFDCDEGE_00458	MER0003812	24.468	188	134	4	87	272	1	182	8.65e-11	58.5
BFDCDEGE_00458	MER0013957	31.395	172	118	0	337	508	8	179	1.58e-22	92.4
BFDCDEGE_00458	MER0044046	31.183	186	127	1	330	515	1	185	2.44e-21	89.0
BFDCDEGE_00458	MER0001300	31.737	167	111	2	342	507	9	173	3.87e-18	79.7
BFDCDEGE_00458	MER0001303	23.711	194	138	4	330	516	1	191	5.88e-09	53.1
BFDCDEGE_00473	MER0005767	27.445	317	191	8	52	367	27	305	2.37e-31	119
BFDCDEGE_00473	MER0030143	24.242	396	282	11	4	383	2	395	2.29e-18	83.6
BFDCDEGE_00473	MER0030151	24.181	397	281	11	4	383	2	395	4.85e-18	82.4
BFDCDEGE_00473	MER0030136	23.762	404	274	15	4	383	2	395	8.34e-17	78.6
BFDCDEGE_00473	MER0030155	24.069	403	274	14	4	383	2	395	3.12e-15	73.9
BFDCDEGE_00473	MER0015112	24.444	405	274	15	4	383	2	399	1.09e-14	72.4
BFDCDEGE_00473	MER0030149	23.308	399	282	13	4	383	2	395	4.89e-13	67.0
BFDCDEGE_00541	MER0000474	51.596	188	91	0	34	221	16	203	1.13e-72	217
BFDCDEGE_00541	MER0005687	47.525	202	101	1	20	221	11	207	1.49e-65	199
BFDCDEGE_00541	MER0002299	50.811	185	91	0	36	220	12	196	1.23e-64	196
BFDCDEGE_00541	MER0006046	49.206	189	96	0	33	221	15	203	1.29e-64	196
BFDCDEGE_00541	MER0004857	51.282	195	93	2	32	225	14	207	4.37e-64	195
BFDCDEGE_00541	MER0002211	50.532	188	93	0	34	221	16	203	1.54e-63	194
BFDCDEGE_00541	MER0004855	46.667	180	96	0	42	221	26	205	3.37e-56	175
BFDCDEGE_00541	MER0006063	46.154	182	98	0	40	221	23	204	1.08e-55	174
BFDCDEGE_00541	MER0004847	47.594	187	97	1	36	221	18	204	3.36e-52	165
BFDCDEGE_00541	MER0006056	48.780	164	83	1	59	222	46	208	5.03e-52	164
BFDCDEGE_00541	MER0004182	40.642	187	111	0	36	222	14	200	1.91e-46	150
BFDCDEGE_00541	MER0011666	43.195	169	94	1	55	221	17	185	2.87e-45	146
BFDCDEGE_00541	MER0006308	36.158	177	112	1	45	220	17	193	1.84e-42	139
BFDCDEGE_00541	MER0001369	40.000	80	46	1	77	156	53	130	7.56e-07	43.9
BFDCDEGE_00551	MER0000472	25.946	370	222	13	56	402	31	371	4.72e-26	107
BFDCDEGE_00551	MER0000471	24.146	439	267	14	44	438	19	435	1.45e-22	96.7
BFDCDEGE_00551	MER0011571	22.851	442	276	15	29	434	3	415	8.11e-14	69.7
BFDCDEGE_00572	MER0002565	37.395	238	126	7	269	504	78	294	1.25e-29	117
BFDCDEGE_00572	MER0000332	41.799	189	90	8	298	485	64	233	6.42e-26	104
BFDCDEGE_00572	MER0028365	38.974	195	94	8	298	484	125	302	1.30e-25	105
BFDCDEGE_00572	MER0000320	36.321	212	115	7	298	503	69	266	6.71e-24	99.0
BFDCDEGE_00572	MER0000333	42.246	187	88	7	298	483	64	231	8.12e-24	98.2
BFDCDEGE_00572	MER0001709	34.066	273	134	13	259	504	56	309	2.87e-23	97.8
BFDCDEGE_00572	MER0005821	35.185	216	119	11	298	505	86	288	3.37e-23	99.4
BFDCDEGE_00572	MER0000310	35.577	208	115	7	298	503	63	253	3.60e-23	96.3
BFDCDEGE_00572	MER0001928	35.749	207	112	8	298	503	62	248	1.48e-22	94.4
BFDCDEGE_00572	MER0001521	31.818	264	150	9	242	503	19	254	2.84e-22	94.0
BFDCDEGE_00572	MER0000313	31.818	264	150	9	242	503	19	254	3.89e-22	93.6
BFDCDEGE_00572	MER0054318	33.488	215	121	9	298	506	67	265	8.89e-22	93.2
BFDCDEGE_00572	MER0001755	31.818	264	150	9	242	503	19	254	1.16e-21	92.0
BFDCDEGE_00572	MER0001523	31.818	264	150	9	242	503	19	254	1.99e-21	91.3
BFDCDEGE_00572	MER0000312	31.818	264	150	9	242	503	19	254	1.99e-21	91.3
BFDCDEGE_00572	MER0081072	33.014	209	120	8	298	505	61	250	4.09e-21	89.7
BFDCDEGE_00572	MER0002516	34.615	208	106	9	298	500	82	264	5.80e-21	90.1
BFDCDEGE_00572	MER0002267	33.173	208	119	5	298	503	71	260	1.02e-20	89.4
BFDCDEGE_00572	MER0001906	36.232	207	111	9	298	503	62	248	1.57e-20	88.6
BFDCDEGE_00572	MER0000315	36.232	207	111	9	298	503	62	248	1.86e-20	88.2
BFDCDEGE_00572	MER0002057	33.333	240	112	9	298	495	102	335	3.49e-20	89.7
BFDCDEGE_00572	MER0002575	32.701	211	119	8	295	503	68	257	4.10e-20	87.4
BFDCDEGE_00572	MER0001699	33.810	210	116	9	298	503	62	252	4.12e-20	87.4
BFDCDEGE_00572	MER0077555	34.199	231	126	9	298	520	62	274	5.46e-20	87.0
BFDCDEGE_00572	MER0000326	36.073	219	103	12	298	511	72	258	7.02e-20	87.4
BFDCDEGE_00572	MER0001520	35.749	207	112	9	298	503	62	248	7.68e-20	86.7
BFDCDEGE_00572	MER0017009	32.922	243	145	6	274	503	88	325	9.21e-20	87.8
BFDCDEGE_00572	MER0017009	37.500	72	42	2	47	115	34	105	8.39e-07	48.1
BFDCDEGE_00572	MER0006023	32.877	219	114	7	298	499	102	304	3.31e-19	85.9
BFDCDEGE_00572	MER0002562	32.061	262	125	11	298	534	117	350	3.84e-19	85.9
BFDCDEGE_00572	MER0000361	31.907	257	136	11	268	502	74	313	9.56e-19	84.7
BFDCDEGE_00572	MER0005078	31.336	217	111	9	298	501	80	271	1.23e-18	83.6
BFDCDEGE_00572	MER0004085	33.628	226	109	10	298	499	96	304	1.94e-18	83.6
BFDCDEGE_00572	MER0000362	30.435	253	137	10	275	505	75	310	2.03e-18	83.6
BFDCDEGE_00572	MER0000316	33.180	217	118	8	298	510	61	254	6.77e-18	80.9
BFDCDEGE_00572	MER0014744	32.922	243	133	10	298	527	95	320	8.83e-18	81.6
BFDCDEGE_00572	MER0000356	32.624	282	125	13	298	551	89	333	1.23e-17	81.6
BFDCDEGE_00572	MER0050309	34.343	198	98	9	298	485	47	222	1.57e-17	82.0
BFDCDEGE_00572	MER0003117	37.981	208	92	11	295	491	72	253	1.58e-17	80.1
BFDCDEGE_00572	MER0000309	36.058	208	114	7	298	503	63	253	1.62e-17	79.7
BFDCDEGE_00572	MER0000338	33.028	218	109	10	298	505	72	262	1.74e-17	79.7
BFDCDEGE_00572	MER0004690	27.517	298	184	10	224	499	19	306	1.96e-17	80.9
BFDCDEGE_00572	MER0004690	45.455	66	34	2	68	132	39	103	8.40e-09	54.3
BFDCDEGE_00572	MER0000311	31.365	271	146	9	242	505	19	256	2.65e-17	79.3
BFDCDEGE_00572	MER0001725	29.918	244	127	9	281	503	75	295	6.09e-17	79.0
BFDCDEGE_00572	MER0006074	33.173	208	107	9	298	495	82	267	6.57e-17	78.6
BFDCDEGE_00572	MER0016978	32.353	238	106	8	298	503	78	292	6.70e-17	78.6
BFDCDEGE_00572	MER0004720	30.303	264	135	12	266	516	51	278	1.03e-16	77.4
BFDCDEGE_00572	MER0062058	33.166	199	116	6	295	488	58	244	2.23e-16	78.2
BFDCDEGE_00572	MER0062058	55.102	49	22	0	67	115	1	49	8.61e-13	67.0
BFDCDEGE_00572	MER0161312	30.709	254	138	11	281	499	76	326	2.86e-16	77.4
BFDCDEGE_00572	MER0000325	33.333	249	126	12	283	516	46	269	3.03e-16	77.0
BFDCDEGE_00572	MER0013656	33.816	207	116	8	298	503	61	247	6.76e-16	74.7
BFDCDEGE_00572	MER0024902	29.018	224	139	6	298	508	97	313	1.78e-15	74.3
BFDCDEGE_00572	MER0000321	30.769	234	136	9	279	503	136	352	2.60e-15	74.3
BFDCDEGE_00572	MER0000349	28.862	246	153	7	269	497	117	357	3.79e-15	74.3
BFDCDEGE_00572	MER0006037	31.004	229	120	10	298	518	80	278	6.57e-15	72.4
BFDCDEGE_00572	MER0000357	33.621	232	105	12	298	505	77	283	9.80e-15	72.0
BFDCDEGE_00572	MER0000358	30.000	220	118	9	298	506	71	265	1.07e-14	72.4
BFDCDEGE_00572	MER0030016	31.174	247	129	12	272	503	57	277	1.62e-14	70.9
BFDCDEGE_00572	MER0014446	33.180	217	113	10	298	501	197	394	2.82e-14	71.6
BFDCDEGE_00572	MER0005931	34.615	208	117	6	298	503	32	222	2.97e-14	69.7
BFDCDEGE_00572	MER0000359	35.981	214	101	14	298	501	89	276	3.12e-14	70.5
BFDCDEGE_00572	MER0002790	34.783	207	115	8	298	491	1	200	3.52e-14	69.3
BFDCDEGE_00572	MER0000336	29.482	251	127	10	266	499	58	275	4.77e-14	69.7
BFDCDEGE_00572	MER0016983	32.850	207	96	10	298	483	71	255	1.19e-13	68.9
BFDCDEGE_00572	MER0000319	32.683	205	118	8	298	501	69	254	1.35e-13	68.2
BFDCDEGE_00572	MER0000344	28.462	260	142	11	266	516	66	290	2.14e-13	67.8
BFDCDEGE_00572	MER0000335	30.242	248	128	15	266	505	48	258	2.50e-13	67.4
BFDCDEGE_00572	MER0016986	28.879	232	114	10	298	485	90	314	2.69e-13	68.2
BFDCDEGE_00572	MER0016688	30.038	263	129	11	298	525	74	316	3.58e-13	67.4
BFDCDEGE_00572	MER0155676	31.019	216	113	9	298	487	125	330	4.50e-13	67.8
BFDCDEGE_00572	MER0155676	40.000	75	41	1	47	117	19	93	4.04e-07	49.3
BFDCDEGE_00572	MER0004123	28.112	249	130	9	298	509	79	315	1.08e-12	66.2
BFDCDEGE_00572	MER0002500	32.524	206	118	9	293	483	152	351	1.31e-12	66.6
BFDCDEGE_00572	MER0002764	30.531	226	122	10	267	481	52	253	1.61e-12	65.1
BFDCDEGE_00572	MER0050310	31.000	200	109	9	298	486	102	283	2.32e-12	65.9
BFDCDEGE_00572	MER0000328	31.343	268	128	16	267	516	51	280	4.40e-12	63.9
BFDCDEGE_00572	MER0005712	27.138	269	146	9	288	506	76	344	4.55e-12	64.7
BFDCDEGE_00572	MER0016697	30.992	242	119	11	275	487	77	299	6.48e-12	63.9
BFDCDEGE_00572	MER0005859	31.081	222	111	11	298	486	242	454	1.00e-11	63.9
BFDCDEGE_00572	MER0005790	27.519	258	132	8	257	482	34	268	1.35e-11	62.0
BFDCDEGE_00572	MER0003536	28.696	230	129	7	298	507	71	285	1.49e-11	62.4
BFDCDEGE_00572	MER0042897	34.270	178	101	7	298	474	66	228	1.57e-11	62.0
BFDCDEGE_00572	MER0001451	26.316	285	158	10	282	514	47	331	1.01e-10	60.1
BFDCDEGE_00572	MER0019280	29.911	224	125	10	298	502	73	283	4.42e-10	57.8
BFDCDEGE_00572	MER0015432	23.907	343	185	15	268	536	48	388	1.16e-09	57.0
BFDCDEGE_00572	MER0000351	30.097	206	102	9	295	483	103	283	1.35e-09	56.2
BFDCDEGE_00572	MER0000348	25.681	257	136	9	287	497	77	324	1.91e-09	56.2
BFDCDEGE_00572	MER0000340	29.730	222	120	12	298	504	74	274	2.48e-09	55.5
BFDCDEGE_00572	MER0114485	30.435	230	106	12	298	483	106	325	5.02e-09	55.1
BFDCDEGE_00572	MER0000350	26.506	249	131	10	298	503	90	329	1.10e-08	53.9
BFDCDEGE_00572	MER0028258	28.315	279	158	10	298	536	104	380	1.34e-08	53.9
BFDCDEGE_00572	MER0000353	30.653	199	98	9	295	478	154	327	2.90e-08	52.4
BFDCDEGE_00572	MER0055027	29.534	193	111	7	263	454	41	209	6.34e-08	51.6
BFDCDEGE_00572	MER0002739	28.400	250	124	11	298	510	98	329	6.50e-08	52.0
BFDCDEGE_00572	MER0001467	25.418	299	158	12	266	503	43	337	6.98e-08	51.6
BFDCDEGE_00572	MER0001454	23.616	271	133	11	298	503	67	328	8.47e-08	51.2
BFDCDEGE_00572	MER0015436	35.417	96	57	3	446	536	373	468	8.66e-08	51.6
BFDCDEGE_00572	MER0068994	27.615	239	120	10	296	483	107	343	1.09e-07	50.8
BFDCDEGE_00572	MER0014309	27.372	274	119	15	298	503	67	328	1.23e-07	50.4
BFDCDEGE_00572	MER0080418	32.948	173	89	10	372	534	204	359	1.23e-07	50.8
BFDCDEGE_00572	MER0005760	24.012	329	175	14	266	530	43	360	7.27e-07	48.1
BFDCDEGE_00572	MER0004869	24.127	315	164	12	262	504	41	352	7.82e-07	48.1
BFDCDEGE_00572	MER0037258	24.561	228	145	9	297	505	79	298	9.95e-07	47.8
BFDCDEGE_00572	MER0000389	24.473	237	145	5	298	505	77	308	1.14e-06	47.4
BFDCDEGE_00572	MER0067924	26.432	227	124	10	294	495	60	268	1.17e-06	47.0
BFDCDEGE_00572	MER0175622	28.870	239	124	11	298	511	74	291	1.50e-06	47.0
BFDCDEGE_00572	MER0015437	40.984	61	35	1	446	506	373	432	1.68e-06	47.4
BFDCDEGE_00572	MER0000329	28.729	181	95	6	363	519	180	350	1.92e-06	47.0
BFDCDEGE_00572	MER0000347	25.417	240	155	7	295	519	116	346	3.28e-06	46.6
BFDCDEGE_00572	MER0013641	34.343	99	55	3	440	534	235	327	4.20e-06	45.8
BFDCDEGE_00572	MER0013896	24.342	304	181	11	279	545	47	338	4.59e-06	45.8
BFDCDEGE_00572	MER0087792	24.186	215	133	6	298	485	97	308	4.72e-06	45.8
BFDCDEGE_00572	MER0004988	24.903	257	154	9	267	505	39	274	5.03e-06	45.4
BFDCDEGE_00572	MER0011484	28.114	281	140	16	293	536	263	518	8.29e-06	45.1
BFDCDEGE_00594	MER0001423	77.586	232	52	0	473	704	1	232	2.47e-136	397
BFDCDEGE_00594	MER0000399	46.383	235	118	5	474	704	25	255	1.71e-64	211
BFDCDEGE_00594	MER0058228	43.038	237	132	3	474	708	7	242	9.41e-62	204
BFDCDEGE_00594	MER0000401	43.830	235	125	4	474	704	26	257	4.00e-60	200
BFDCDEGE_00594	MER0000405	44.889	225	113	6	470	687	28	248	3.56e-58	195
BFDCDEGE_00594	MER0005196	37.826	230	142	1	474	703	22	250	5.91e-54	183
BFDCDEGE_00594	MER0005987	38.333	240	138	6	469	703	23	257	7.65e-53	180
BFDCDEGE_00594	MER0011305	39.669	242	137	5	472	708	18	255	2.47e-50	173
BFDCDEGE_00594	MER0011413	37.273	220	134	2	472	687	2	221	7.28e-50	171
BFDCDEGE_00594	MER0011231	37.931	261	151	7	449	703	1	256	7.66e-50	172
BFDCDEGE_00594	MER0004504	40.553	217	123	3	477	687	2	218	1.30e-49	171
BFDCDEGE_00594	MER0013484	36.283	226	140	2	474	695	4	229	4.47e-46	161
BFDCDEGE_00594	MER0004923	32.812	256	168	2	453	704	34	289	5.58e-46	162
BFDCDEGE_00594	MER0004921	35.874	223	130	5	472	687	2	218	1.18e-44	157
BFDCDEGE_00594	MER0192427	33.617	235	148	4	456	687	49	278	1.36e-40	147
BFDCDEGE_00594	MER0005994	30.153	262	174	4	449	704	2	260	6.70e-40	144
BFDCDEGE_00594	MER0195666	34.156	243	148	5	474	708	1	239	1.24e-39	143
BFDCDEGE_00594	MER0000403	31.557	244	148	7	474	706	25	260	1.07e-38	141
BFDCDEGE_00594	MER0004193	32.353	238	154	5	474	708	3	236	1.91e-38	139
BFDCDEGE_00594	MER0000404	34.025	241	145	7	467	698	19	254	9.92e-38	138
BFDCDEGE_00594	MER0004199	35.371	229	134	8	481	704	1	220	3.70e-36	132
BFDCDEGE_00594	MER0003361	31.250	240	142	10	456	685	1	227	5.81e-29	112
BFDCDEGE_00594	MER0005988	36.364	110	69	1	579	687	2	111	2.91e-20	83.6
BFDCDEGE_00594	MER0034615	27.706	231	154	4	467	687	3	230	6.29e-17	77.8
BFDCDEGE_00594	MER0005807	23.874	222	155	5	487	704	62	273	5.22e-12	63.9
BFDCDEGE_00594	MER0017401	26.000	250	158	10	469	703	2	239	1.11e-11	62.4
BFDCDEGE_00594	MER0018170	23.005	213	146	3	487	686	25	232	2.89e-11	61.2
BFDCDEGE_00594	MER0140224	27.128	188	123	3	513	687	33	219	6.35e-11	60.1
BFDCDEGE_00594	MER0000263	23.077	234	154	8	470	687	2	225	3.00e-10	58.2
BFDCDEGE_00594	MER0011583	22.124	226	153	6	472	685	10	224	7.08e-10	57.0
BFDCDEGE_00594	MER0003558	22.566	226	158	4	487	700	39	259	1.12e-09	56.6
BFDCDEGE_00594	MER0001920	21.891	201	134	3	500	687	37	227	4.57e-09	54.7
BFDCDEGE_00594	MER0126485	25.749	167	114	4	528	686	52	216	6.33e-09	53.9
BFDCDEGE_00594	MER0030932	30.612	147	83	3	552	685	84	224	7.72e-09	53.9
BFDCDEGE_00594	MER0015682	22.556	266	179	9	457	704	49	305	2.43e-08	53.1
BFDCDEGE_00594	MER0006027	22.963	270	153	8	440	687	2	238	3.26e-08	52.0
BFDCDEGE_00594	MER0016096	21.702	235	161	8	470	688	2	229	3.35e-08	52.0
BFDCDEGE_00594	MER0981959	25.150	167	115	5	454	620	7	163	2.33e-06	46.6
BFDCDEGE_00594	MER0005694	22.685	216	148	6	464	668	27	234	8.16e-06	45.1
BFDCDEGE_00595	MER0001161	37.037	675	410	8	2	665	3	673	2.10e-152	454
BFDCDEGE_00595	MER0001158	34.963	675	425	10	1	665	2	672	2.23e-124	382
BFDCDEGE_00595	MER0006087	34.398	689	420	14	2	665	12	693	4.49e-122	376
BFDCDEGE_00595	MER0015119	33.891	717	408	18	2	665	8	711	5.48e-119	369
BFDCDEGE_00595	MER0108144	31.325	664	419	16	31	670	11	661	1.51e-96	308
BFDCDEGE_00595	MER0001149	30.840	655	414	15	31	666	38	672	6.12e-87	283
BFDCDEGE_00595	MER0001942	29.291	635	415	13	48	666	56	672	8.09e-78	259
BFDCDEGE_00595	MER0001153	29.238	643	421	14	48	665	54	687	2.65e-77	258
BFDCDEGE_00595	MER0003110	27.663	723	442	17	6	664	4	709	1.39e-74	251
BFDCDEGE_00595	MER0079465	28.861	641	417	20	51	665	2	629	2.91e-67	229
BFDCDEGE_00595	MER0015170	24.684	632	425	16	48	665	31	625	3.33e-49	179
BFDCDEGE_00595	MER0001156	23.942	685	456	20	8	647	20	684	8.93e-38	146
BFDCDEGE_00595	MER0021317	30.769	78	54	0	424	501	10	87	1.87e-07	46.2
BFDCDEGE_00639	MER0003327	44.292	219	118	2	2	220	1	215	3.06e-57	189
BFDCDEGE_00639	MER0012158	36.095	338	145	11	2	269	1	337	2.59e-54	185
BFDCDEGE_00639	MER0185695	40.807	223	125	3	2	219	1	221	5.67e-50	170
BFDCDEGE_00639	MER0003350	38.835	206	105	6	2	186	1	206	1.65e-41	146
BFDCDEGE_00639	MER0003322	38.835	206	102	5	2	183	1	206	7.60e-38	136
BFDCDEGE_00639	MER0003314	28.879	232	135	8	2	204	1	231	3.36e-17	79.0
BFDCDEGE_00639	MER0004101	29.412	170	114	2	2	169	1	166	4.77e-17	77.8
BFDCDEGE_00639	MER0011781	31.977	172	106	5	2	169	1	165	1.10e-15	73.9
BFDCDEGE_00639	MER0011806	27.059	170	118	2	2	169	1	166	8.26e-15	71.2
BFDCDEGE_00663	MER0195774	38.418	177	109	0	30	206	1	177	1.39e-41	142
BFDCDEGE_00663	MER0003448	26.570	207	151	1	30	236	2	207	1.71e-16	75.5
BFDCDEGE_00663	MER0004423	26.816	179	125	3	55	233	22	194	1.87e-15	72.4
BFDCDEGE_00663	MER0001229	24.272	206	153	3	30	234	2	205	2.10e-15	72.0
BFDCDEGE_00663	MER0043985	24.272	206	153	3	30	234	2	205	5.16e-15	71.2
BFDCDEGE_00663	MER0003543	26.471	204	148	2	30	233	2	203	2.74e-14	68.9
BFDCDEGE_00663	MER0001218	29.474	190	117	7	29	206	25	209	5.60e-13	64.7
BFDCDEGE_00663	MER0001233	26.697	221	143	7	30	237	2	216	9.46e-13	64.7
BFDCDEGE_00663	MER0015259	30.435	161	106	5	30	187	26	183	2.32e-11	60.1
BFDCDEGE_00663	MER0122186	25.668	187	131	5	24	206	16	198	3.79e-11	59.3
BFDCDEGE_00663	MER0015090	25.000	208	148	4	30	234	2	204	7.17e-11	58.9
BFDCDEGE_00663	MER0001222	25.258	194	127	6	24	206	20	206	1.41e-10	57.8
BFDCDEGE_00663	MER0001214	27.815	151	103	4	29	176	25	172	5.06e-10	55.8
BFDCDEGE_00663	MER0011096	25.806	186	127	4	30	206	26	209	1.71e-09	54.7
BFDCDEGE_00663	MER0001220	25.123	203	137	7	55	246	9	207	1.92e-09	54.3
BFDCDEGE_00663	MER0011744	25.000	196	116	7	30	206	26	209	4.62e-09	53.1
BFDCDEGE_00663	MER0002283	37.363	91	55	2	24	112	20	110	1.07e-08	52.0
BFDCDEGE_00663	MER0003386	28.877	187	120	9	30	206	26	209	1.23e-08	52.0
BFDCDEGE_00663	MER0002423	38.554	83	50	1	29	110	25	107	3.02e-08	50.8
BFDCDEGE_00663	MER0169735	25.134	187	128	5	29	206	15	198	3.46e-08	50.4
BFDCDEGE_00663	MER0003823	34.091	88	56	2	29	114	25	112	3.21e-07	47.8
BFDCDEGE_00663	MER0188967	22.264	265	178	7	66	306	3	263	3.68e-07	48.9
BFDCDEGE_00663	MER0011292	22.807	171	123	4	46	209	64	232	5.09e-07	47.4
BFDCDEGE_00663	MER0390687	22.754	167	128	1	37	203	1	166	5.16e-07	46.6
BFDCDEGE_00663	MER0001219	25.000	128	88	4	30	149	26	153	9.50e-07	46.6
BFDCDEGE_00663	MER0014333	25.926	216	119	7	30	221	2	200	1.02e-06	46.6
BFDCDEGE_00663	MER0002008	24.762	210	141	7	30	230	2	203	1.59e-06	45.8
BFDCDEGE_00663	MER0026957	22.981	161	123	1	56	216	23	182	1.99e-06	45.4
BFDCDEGE_00663	MER0002345	32.955	88	57	2	29	114	25	112	4.61e-06	44.3
BFDCDEGE_00664	MER0237414	24.868	189	130	5	48	225	3	190	1.08e-13	68.2
BFDCDEGE_00664	MER0039456	26.590	173	112	4	80	240	38	207	7.54e-09	53.1
BFDCDEGE_00664	MER0003448	22.816	206	151	4	45	243	1	205	5.79e-07	47.8
BFDCDEGE_00664	MER0001233	24.091	220	145	8	45	246	1	216	1.25e-06	47.0
BFDCDEGE_00664	MER0188967	41.463	41	24	0	194	234	135	175	7.27e-06	45.8
BFDCDEGE_00709	MER0002639	40.698	172	99	1	82	253	8	176	9.17e-44	143
BFDCDEGE_00709	MER0002642	39.759	166	97	1	82	247	8	170	3.30e-41	137
BFDCDEGE_00709	MER0042387	27.848	158	102	3	98	250	30	180	1.66e-11	58.5
BFDCDEGE_00709	MER0026552	25.309	162	109	4	88	246	12	164	3.32e-10	54.7
BFDCDEGE_00709	MER0026545	20.833	216	144	8	55	250	59	267	4.14e-07	47.0
BFDCDEGE_00709	MER0031491	24.615	195	127	8	69	250	1	188	9.04e-07	45.1
BFDCDEGE_00709	MER0017394	48.571	35	18	0	105	139	33	67	1.96e-06	44.3
BFDCDEGE_00787	MER0019759	29.808	208	140	2	277	478	22	229	2.00e-25	102
BFDCDEGE_00787	MER0002746	32.864	213	128	5	277	478	22	230	3.34e-25	102
BFDCDEGE_00787	MER0002968	32.821	195	125	2	275	463	25	219	1.13e-24	100
BFDCDEGE_00787	MER0005045	35.079	191	114	5	277	459	10	198	1.41e-24	99.0
BFDCDEGE_00787	MER0011440	30.918	207	134	4	270	469	16	220	8.47e-24	97.4
BFDCDEGE_00787	MER0004243	31.472	197	111	4	273	452	20	209	1.66e-22	93.6
BFDCDEGE_00787	MER0000997	32.178	202	103	4	272	451	20	209	1.72e-22	93.6
BFDCDEGE_00787	MER0011183	27.962	211	145	4	275	478	12	222	2.97e-22	93.2
BFDCDEGE_00787	MER0001185	31.122	196	120	5	270	454	19	210	3.40e-22	92.8
BFDCDEGE_00787	MER0005046	32.642	193	116	5	277	459	10	198	6.89e-22	91.3
BFDCDEGE_00787	MER0011369	30.481	187	123	3	276	455	35	221	8.82e-22	91.7
BFDCDEGE_00787	MER0001010	28.641	206	132	5	277	471	1	202	1.05e-21	91.3
BFDCDEGE_00787	MER0005331	33.166	199	93	6	276	451	21	202	1.38e-21	90.9
BFDCDEGE_00787	MER0002003	30.570	193	126	3	275	459	25	217	2.85e-21	90.1
BFDCDEGE_00787	MER0091680	29.952	207	132	5	277	474	13	215	3.05e-21	90.1
BFDCDEGE_00787	MER0002060	30.412	194	127	4	273	459	23	215	6.07e-21	89.4
BFDCDEGE_00787	MER0001012	30.000	210	124	6	257	451	7	208	9.83e-21	88.6
BFDCDEGE_00787	MER0002078	27.313	227	155	4	259	478	7	230	2.24e-20	87.8
BFDCDEGE_00787	MER0001005	35.465	172	79	6	300	451	10	169	4.11e-20	85.9
BFDCDEGE_00787	MER0001003	32.461	191	96	5	282	452	1	178	5.26e-20	85.5
BFDCDEGE_00787	MER0002422	33.721	172	103	4	288	452	32	199	5.96e-20	85.9
BFDCDEGE_00787	MER0001009	31.677	161	106	2	334	490	20	180	6.41e-20	85.9
BFDCDEGE_00787	MER0011371	30.890	191	121	5	271	454	20	206	7.82e-20	85.9
BFDCDEGE_00787	MER0011438	28.723	188	119	4	272	448	16	199	6.59e-19	83.2
BFDCDEGE_00787	MER0028449	31.959	194	117	6	279	459	30	221	5.38e-18	80.9
BFDCDEGE_00787	MER0011423	29.858	211	114	6	256	451	15	206	3.56e-17	78.2
BFDCDEGE_00787	MER0006264	28.488	172	113	5	288	451	5	174	1.90e-16	75.1
BFDCDEGE_00787	MER0011370	26.596	188	123	4	276	452	20	203	4.90e-16	74.7
BFDCDEGE_00787	MER0002355	31.034	203	121	7	276	469	26	218	9.75e-16	73.9
BFDCDEGE_00787	MER0003500	29.897	194	114	7	287	465	17	203	4.83e-15	71.6
BFDCDEGE_00787	MER0168983	29.221	154	95	4	288	440	3	143	4.90e-15	70.5
BFDCDEGE_00787	MER0168177	33.333	135	79	4	305	439	20	143	8.51e-15	70.1
BFDCDEGE_00787	MER0015166	29.032	186	107	5	288	453	45	225	2.01e-14	70.5
BFDCDEGE_00787	MER0052595	28.500	200	128	4	272	459	24	220	4.46e-14	69.3
BFDCDEGE_00787	MER0011175	27.411	197	134	5	272	461	16	210	6.15e-14	68.6
BFDCDEGE_00787	MER0002210	28.302	159	98	3	300	446	2	156	1.36e-13	66.2
BFDCDEGE_00787	MER0001701	31.298	131	85	2	334	459	70	200	2.64e-13	67.0
BFDCDEGE_00787	MER0011400	28.230	209	137	6	270	467	13	219	6.57e-13	66.2
BFDCDEGE_00787	MER0003916	26.289	194	121	6	272	453	5	188	1.30e-12	64.3
BFDCDEGE_00787	MER0011720	29.255	188	118	5	276	459	26	202	1.57e-12	64.7
BFDCDEGE_00787	MER0016308	29.891	184	102	7	285	452	4	176	2.50e-12	63.2
BFDCDEGE_00787	MER0036308	29.213	178	101	6	288	453	41	205	2.64e-12	64.3
BFDCDEGE_00787	MER0040779	29.661	118	72	3	334	450	81	188	5.05e-12	62.8
BFDCDEGE_00787	MER0116688	26.486	185	105	6	300	465	45	217	2.65e-11	61.6
BFDCDEGE_00787	MER0011399	26.064	188	115	6	288	461	33	210	2.84e-11	61.2
BFDCDEGE_00787	MER0011401	31.737	167	85	6	301	447	38	195	7.25e-11	59.7
BFDCDEGE_00787	MER0019096	27.711	166	90	7	327	480	50	197	1.02e-10	58.9
BFDCDEGE_00787	MER0001017	28.492	179	106	5	288	453	43	212	2.96e-10	58.5
BFDCDEGE_00787	MER0026830	34.579	107	68	1	273	377	20	126	4.67e-10	56.6
BFDCDEGE_00787	MER0005328	29.480	173	98	7	290	448	34	196	1.17e-09	55.8
BFDCDEGE_00787	MER0011345	24.590	183	123	4	290	463	45	221	2.07e-09	55.8
BFDCDEGE_00787	MER0171631	31.481	108	69	2	263	365	7	114	6.44e-09	53.9
BFDCDEGE_00787	MER0002658	28.030	132	87	2	337	460	1	132	2.73e-07	48.1
BFDCDEGE_00787	MER0002281	26.786	168	107	5	281	439	37	197	3.13e-07	49.3
BFDCDEGE_00787	MER0002755	27.607	163	94	7	290	439	35	186	6.64e-07	47.8
BFDCDEGE_00787	MER0005037	25.904	166	116	4	287	446	20	184	6.98e-07	47.4
BFDCDEGE_00787	MER0012283	25.862	174	116	5	287	453	42	209	9.65e-07	47.4
BFDCDEGE_00787	MER0001013	27.879	165	96	6	290	442	46	199	3.55e-06	46.2
BFDCDEGE_00787	MER0019754	26.389	144	80	6	332	459	62	195	4.22e-06	45.1
BFDCDEGE_00830	MER0036308	31.492	181	99	9	314	481	44	212	6.57e-11	59.7
BFDCDEGE_00830	MER0005328	32.941	170	88	8	314	467	35	194	5.44e-08	50.4
BFDCDEGE_00830	MER0011369	25.850	147	104	2	329	470	69	215	9.57e-08	50.1
BFDCDEGE_00830	MER0011345	25.773	194	121	7	296	480	38	217	2.69e-07	48.9
BFDCDEGE_00830	MER0002281	26.020	196	123	8	302	481	30	219	1.38e-06	47.0
BFDCDEGE_00830	MER0002755	25.000	196	121	6	296	473	13	200	1.84e-06	45.8
BFDCDEGE_00847	MER0002251	43.231	229	124	4	5	230	2	227	1.98e-59	184
BFDCDEGE_00847	MER0001335	41.150	226	130	3	6	230	3	226	2.05e-51	164
BFDCDEGE_00856	MER0026494	33.263	472	289	8	1	454	4	467	6.64e-82	258
BFDCDEGE_00856	MER0015142	32.008	478	299	9	1	459	33	503	3.56e-74	238
BFDCDEGE_00856	MER0026471	29.876	482	310	7	1	459	1	477	4.33e-68	222
BFDCDEGE_00856	MER0003397	32.020	203	120	5	8	198	12	208	1.38e-23	97.8
BFDCDEGE_00856	MER0003397	32.184	87	59	0	364	450	215	301	1.80e-11	61.6
BFDCDEGE_00856	MER0026485	31.863	204	119	8	8	198	11	207	1.30e-20	89.0
BFDCDEGE_00856	MER0026485	31.731	104	69	1	355	458	207	308	1.14e-11	62.4
BFDCDEGE_00856	MER0052470	25.405	370	248	12	80	436	85	439	3.02e-20	89.7
BFDCDEGE_00856	MER0057434	31.553	206	119	9	7	198	2	199	1.95e-16	76.6
BFDCDEGE_00856	MER0057434	29.348	92	63	1	355	446	199	288	7.16e-08	50.8
BFDCDEGE_00856	MER0001272	28.834	163	95	6	32	187	16	164	2.19e-08	52.0
BFDCDEGE_00875	MER0015462	36.709	79	46	2	41	118	44	119	4.73e-09	50.8
BFDCDEGE_00875	MER0047976	31.646	79	51	1	41	119	9	84	2.07e-08	49.3
BFDCDEGE_00875	MER0048181	29.167	144	81	4	45	169	1	142	5.07e-08	47.4
BFDCDEGE_00875	MER0017405	25.185	135	91	3	41	175	42	166	1.26e-07	47.0
BFDCDEGE_00875	MER0015473	28.000	150	87	4	45	176	37	183	2.22e-07	46.6
BFDCDEGE_00875	MER0015472	28.758	153	95	4	45	188	45	192	1.66e-06	43.9
BFDCDEGE_00875	MER0026388	28.169	142	93	4	41	180	280	414	3.32e-06	43.9
BFDCDEGE_00875	MER0017194	35.366	82	52	1	38	119	57	137	7.12e-06	42.4
BFDCDEGE_00878	MER0001243	39.313	262	157	2	2	261	3	264	1.72e-60	189
BFDCDEGE_00878	MER0005690	39.744	234	140	1	13	246	14	246	1.01e-55	176
BFDCDEGE_00878	MER0001342	38.136	236	146	0	2	237	3	238	1.95e-54	174
BFDCDEGE_00878	MER0015127	34.694	245	159	1	2	246	3	246	9.82e-50	161
BFDCDEGE_00878	MER0013450	34.694	245	158	2	4	246	3	247	4.63e-47	154
BFDCDEGE_00878	MER0015128	32.911	237	153	3	13	246	14	247	3.76e-46	152
BFDCDEGE_00878	MER0013929	34.322	236	154	1	2	237	3	237	2.33e-45	150
BFDCDEGE_00878	MER0013589	32.510	243	163	1	4	246	1	242	6.67e-44	146
BFDCDEGE_00878	MER0010972	24.889	225	151	2	13	237	14	220	6.19e-19	80.5
BFDCDEGE_00878	MER0003880	29.902	204	128	5	13	212	6	198	5.75e-18	78.6
BFDCDEGE_00878	MER0004931	26.341	205	135	6	4	204	5	197	1.09e-14	68.6
BFDCDEGE_00878	MER0024896	28.244	131	87	2	122	246	337	466	1.20e-12	64.3
BFDCDEGE_00878	MER0024896	27.193	114	83	0	3	116	4	117	1.44e-11	60.8
BFDCDEGE_00878	MER0011746	25.962	208	135	8	13	207	14	215	2.03e-10	57.0
BFDCDEGE_00878	MER0004532	28.082	146	94	4	63	204	58	196	2.33e-10	56.2
BFDCDEGE_00878	MER0001728	28.507	221	129	11	13	216	14	222	4.65e-09	53.1
BFDCDEGE_00878	MER0005462	21.739	207	152	3	1	206	2	199	1.21e-08	51.2
BFDCDEGE_00878	MER0002038	22.481	129	95	2	77	204	74	198	4.20e-08	49.7
BFDCDEGE_00878	MER0001244	23.767	223	139	8	1	202	2	214	8.55e-07	45.8
BFDCDEGE_00908	MER0000589	33.333	117	38	3	147	263	1	77	2.92e-11	60.8
BFDCDEGE_00908	MER0000589	37.500	64	40	0	438	501	179	242	8.11e-09	53.5
BFDCDEGE_00908	MER0013626	23.776	143	72	4	363	485	18	143	8.22e-08	48.9
BFDCDEGE_00908	MER0004537	31.111	135	68	5	148	278	2	115	1.12e-07	49.3
BFDCDEGE_00908	MER0055964	26.562	128	49	1	149	276	3	85	4.03e-06	43.9
BFDCDEGE_00908	MER0015993	28.440	109	50	3	403	483	37	145	5.98e-06	43.5
BFDCDEGE_00908	MER0003273	24.348	115	56	1	400	483	38	152	7.08e-06	43.5
BFDCDEGE_00916	MER0001335	31.159	138	86	4	28	165	32	160	6.58e-13	62.4
BFDCDEGE_00916	MER0002251	33.577	137	79	4	28	163	33	158	4.46e-12	60.1
BFDCDEGE_00948	MER0492485	43.333	60	31	2	111	170	63	119	1.88e-07	46.2
BFDCDEGE_00949	MER0047723	43.697	476	259	3	6	474	2	475	7.19e-139	405
BFDCDEGE_00949	MER0001283	41.962	479	274	4	6	480	6	484	8.09e-134	392
BFDCDEGE_00949	MER0028941	28.488	172	99	5	11	170	2	161	1.11e-08	53.5
BFDCDEGE_00949	MER0369336	28.571	140	79	4	62	197	7	129	1.42e-07	50.1
BFDCDEGE_00950	MER0437468	37.536	349	203	5	198	532	1	348	3.77e-72	231
BFDCDEGE_00950	MER0065554	43.083	253	133	3	290	532	9	260	1.70e-67	216
BFDCDEGE_00950	MER0436717	34.826	402	191	9	198	534	1	396	1.08e-61	205
BFDCDEGE_00951	MER0001158	50.222	675	331	2	43	712	3	677	0.0	683
BFDCDEGE_00951	MER0001161	31.679	685	444	12	43	712	3	678	4.56e-110	345
BFDCDEGE_00951	MER0006087	31.206	705	438	18	41	713	10	699	1.76e-102	326
BFDCDEGE_00951	MER0015119	30.405	740	428	23	37	713	2	717	1.06e-94	306
BFDCDEGE_00951	MER0001149	30.148	607	387	15	123	712	90	676	1.80e-72	246
BFDCDEGE_00951	MER0001942	29.017	641	414	18	91	712	58	676	3.33e-63	220
BFDCDEGE_00951	MER0108144	26.580	696	429	21	60	712	6	662	6.12e-57	202
BFDCDEGE_00951	MER0003110	25.364	686	434	20	88	712	47	715	3.31e-47	175
BFDCDEGE_00951	MER0079465	26.723	595	387	16	147	711	58	633	1.32e-46	172
BFDCDEGE_00951	MER0001153	27.637	474	309	12	261	712	231	692	4.32e-45	169
BFDCDEGE_00951	MER0015170	24.870	579	397	12	139	710	81	628	1.94e-39	151
BFDCDEGE_00951	MER0001156	24.253	569	372	13	162	688	132	683	1.04e-34	137
BFDCDEGE_00951	MER0059435	30.935	139	86	5	462	598	458	588	1.81e-09	57.8
BFDCDEGE_00951	MER0021317	31.818	66	45	0	474	539	22	87	1.96e-06	43.5
BFDCDEGE_00953	MER0492485	37.681	69	37	2	73	141	56	118	1.49e-06	43.1
BFDCDEGE_00957	MER0034615	55.285	246	108	1	417	660	1	246	1.04e-97	297
BFDCDEGE_00957	MER0000263	35.656	244	150	5	421	660	1	241	1.36e-46	162
BFDCDEGE_00957	MER0016096	33.610	241	154	3	425	660	5	244	3.45e-46	161
BFDCDEGE_00957	MER0011583	29.185	233	157	5	436	663	19	248	7.22e-26	103
BFDCDEGE_00957	MER0005196	25.862	232	155	3	429	654	25	245	1.54e-19	85.5
BFDCDEGE_00957	MER0017401	29.843	191	124	6	430	617	10	193	4.33e-18	81.3
BFDCDEGE_00957	MER0000408	23.770	244	161	7	430	655	15	251	6.12e-17	78.2
BFDCDEGE_00957	MER0001920	26.293	232	156	4	441	663	21	246	8.85e-17	77.4
BFDCDEGE_00957	MER0005987	24.359	234	166	5	414	642	14	241	5.35e-15	72.4
BFDCDEGE_00957	MER0001423	26.582	237	147	8	425	648	1	223	1.13e-14	70.9
BFDCDEGE_00957	MER0015682	26.638	229	155	5	426	649	72	292	6.22e-14	70.1
BFDCDEGE_00957	MER0004921	24.312	218	157	3	429	644	7	218	7.08e-14	68.6
BFDCDEGE_00957	MER0003558	23.830	235	172	3	412	642	8	239	3.20e-13	67.0
BFDCDEGE_00957	MER0058228	29.197	137	90	3	429	561	10	143	3.05e-12	63.9
BFDCDEGE_00957	MER0018170	23.451	226	161	4	434	651	20	241	5.39e-12	63.2
BFDCDEGE_00957	MER0000403	28.148	135	95	2	429	561	28	162	6.79e-12	63.2
BFDCDEGE_00957	MER0000399	32.812	128	82	3	414	537	11	138	8.25e-12	62.8
BFDCDEGE_00957	MER0140224	23.394	218	155	4	441	651	14	226	2.21e-11	61.2
BFDCDEGE_00957	MER0013484	22.689	238	175	5	429	662	7	239	3.04e-11	60.8
BFDCDEGE_00957	MER0011413	24.790	238	170	5	429	662	7	239	5.31e-11	60.1
BFDCDEGE_00957	MER0000401	24.229	227	146	5	429	644	29	240	5.72e-11	60.5
BFDCDEGE_00957	MER0004504	32.727	110	64	3	429	531	2	108	1.30e-09	55.8
BFDCDEGE_00957	MER0000405	27.273	143	96	3	395	534	6	143	5.95e-09	54.3
BFDCDEGE_00957	MER0022823	29.189	185	111	7	439	613	42	216	6.27e-09	54.3
BFDCDEGE_00957	MER0006027	24.664	223	150	8	432	644	24	238	1.59e-08	53.1
BFDCDEGE_00957	MER0195666	23.377	231	167	6	433	658	10	235	1.10e-07	50.1
BFDCDEGE_00957	MER0004923	22.764	246	165	10	429	662	58	290	2.32e-07	49.7
BFDCDEGE_00957	MER0003361	29.825	114	66	4	429	536	22	127	3.19e-07	48.9
BFDCDEGE_00957	MER0192427	23.741	139	99	3	415	549	55	190	4.00e-07	48.9
BFDCDEGE_00957	MER0011305	31.429	105	70	2	429	531	23	127	4.70e-07	48.5
BFDCDEGE_00957	MER0011231	31.915	141	91	4	414	549	14	154	2.36e-06	46.2
BFDCDEGE_00957	MER0030932	25.532	188	108	6	437	613	29	195	3.72e-06	45.8
BFDCDEGE_00960	MER0004775	39.848	660	380	8	58	708	7	658	2.79e-162	480
BFDCDEGE_00960	MER0001058	33.853	641	405	10	72	708	1	626	8.92e-116	358
BFDCDEGE_00960	MER0002988	31.860	656	398	14	68	682	22	669	2.66e-97	312
BFDCDEGE_00960	MER0019832	32.466	653	407	12	69	708	17	648	2.02e-95	306
BFDCDEGE_00960	MER0001056	30.222	675	418	16	68	708	22	677	2.08e-94	304
BFDCDEGE_00960	MER0011141	30.178	676	429	17	68	708	22	689	2.67e-94	304
BFDCDEGE_00960	MER0001991	29.047	661	424	15	68	697	22	668	8.70e-86	281
BFDCDEGE_00960	MER0002350	29.726	693	417	19	68	708	22	696	5.11e-84	277
BFDCDEGE_00960	MER0001050	29.050	716	435	16	48	708	2	699	3.09e-83	275
BFDCDEGE_00960	MER0001059	32.188	553	356	11	72	613	2	546	2.18e-81	266
BFDCDEGE_00960	MER0011838	26.440	677	448	14	66	708	21	681	8.27e-81	268
BFDCDEGE_00960	MER0013406	27.445	685	443	13	68	708	22	696	2.71e-80	267
BFDCDEGE_00960	MER0004762	29.549	687	419	19	68	708	22	689	5.14e-80	266
BFDCDEGE_00960	MER0011159	26.194	691	471	16	47	708	2	682	4.37e-77	258
BFDCDEGE_00960	MER0019831	27.829	654	413	18	90	708	22	651	3.36e-75	252
BFDCDEGE_00960	MER0005528	27.019	681	440	17	68	708	22	685	3.11e-70	239
BFDCDEGE_00960	MER0002997	25.289	692	474	14	52	708	6	689	6.64e-69	236
BFDCDEGE_00960	MER0002062	26.945	694	440	21	68	708	22	701	5.13e-58	206
BFDCDEGE_00960	MER0002285	25.615	691	441	14	48	708	2	649	2.59e-56	200
BFDCDEGE_00960	MER0001365	25.485	722	439	23	68	708	28	731	1.01e-53	194
BFDCDEGE_00960	MER0038668	25.212	591	358	16	193	708	22	603	7.46e-49	178
BFDCDEGE_00960	MER0015175	23.514	740	449	26	68	708	29	750	1.19e-46	174
BFDCDEGE_00960	MER0162857	28.406	345	220	6	388	708	405	746	1.99e-44	167
BFDCDEGE_00960	MER0001054	24.780	682	428	25	69	708	23	661	9.20e-43	161
BFDCDEGE_00960	MER0011433	23.547	688	444	25	66	708	26	676	2.56e-39	151
BFDCDEGE_00960	MER0011432	23.913	690	419	23	66	697	26	667	1.71e-37	145
BFDCDEGE_00960	MER0024834	33.514	185	110	6	532	708	2	181	4.30e-30	114
BFDCDEGE_00960	MER0011427	23.611	360	241	11	377	708	330	683	4.89e-29	120
BFDCDEGE_00960	MER0026946	30.502	259	158	9	453	708	15	254	2.60e-28	111
BFDCDEGE_00960	MER0002990	28.013	307	198	10	415	708	351	647	1.72e-27	115
BFDCDEGE_00960	MER0004778	21.811	729	457	26	68	708	23	726	6.68e-27	113
BFDCDEGE_00960	MER0011355	25.073	343	229	10	389	708	329	666	2.94e-26	111
BFDCDEGE_00960	MER0011430	21.926	675	421	25	68	694	29	645	1.27e-25	108
BFDCDEGE_00960	MER0002987	23.547	344	242	8	370	700	237	572	1.16e-23	102
BFDCDEGE_00960	MER0004761	24.017	483	306	13	247	697	196	649	3.93e-23	101
BFDCDEGE_00960	MER0002989	25.077	323	206	8	403	708	337	640	6.81e-22	97.4
BFDCDEGE_00960	MER0002993	24.444	270	163	8	380	619	314	572	4.26e-21	94.7
BFDCDEGE_00960	MER0011429	23.284	670	430	26	66	697	27	650	9.05e-21	94.0
BFDCDEGE_00960	MER0015181	23.692	325	229	8	385	697	318	635	5.34e-16	78.6
BFDCDEGE_00960	MER0002991	25.403	248	166	7	469	708	444	680	5.52e-14	72.0
BFDCDEGE_00960	MER0004763	26.977	215	143	5	409	612	204	415	1.60e-12	67.0
BFDCDEGE_00960	MER0011195	25.000	216	130	8	499	708	466	655	2.72e-12	66.6
BFDCDEGE_00960	MER0011151	31.667	60	41	0	502	561	187	246	1.37e-08	54.3
BFDCDEGE_00960	MER0002999	35.714	70	43	1	499	566	447	516	2.78e-08	53.5
BFDCDEGE_00960	MER0011486	37.931	58	36	0	505	562	429	486	5.52e-08	52.8
BFDCDEGE_00960	MER0011306	25.478	157	96	5	498	650	459	598	5.65e-06	46.2
BFDCDEGE_00965	MER0011806	39.823	226	130	4	40	264	1	221	2.16e-46	158
BFDCDEGE_00965	MER0011781	40.000	220	127	3	40	259	1	215	8.05e-45	154
BFDCDEGE_00965	MER0004101	40.517	232	130	5	40	270	1	225	9.51e-45	154
BFDCDEGE_00965	MER0003314	35.600	250	132	6	40	262	1	248	4.07e-37	134
BFDCDEGE_00965	MER0003327	28.155	206	136	5	40	242	1	197	5.95e-19	82.8
BFDCDEGE_00965	MER0185695	30.516	213	128	10	40	242	1	203	2.25e-17	78.2
BFDCDEGE_00965	MER0003350	28.947	190	104	8	40	204	1	184	7.96e-13	64.3
BFDCDEGE_00965	MER0012158	28.947	190	104	8	40	204	1	184	6.77e-12	63.5
BFDCDEGE_00965	MER0003322	29.703	101	62	2	110	204	90	187	1.02e-08	52.4
BFDCDEGE_00965	MER0034539	24.082	245	126	11	40	275	1	194	9.00e-07	46.6
BFDCDEGE_00967	MER0014135	42.966	263	150	0	179	441	1	263	5.73e-79	243
BFDCDEGE_00977	MER0003105	44.358	257	136	4	295	547	1	254	7.30e-65	210
BFDCDEGE_00977	MER0016544	41.971	274	131	6	295	542	1	272	1.77e-61	202
BFDCDEGE_00977	MER0004321	43.798	258	138	4	295	547	1	256	1.19e-60	199
BFDCDEGE_00977	MER0016542	41.328	271	132	6	297	541	3	272	1.26e-57	192
BFDCDEGE_00977	MER0014518	40.078	257	146	6	297	547	3	257	1.00e-52	178
BFDCDEGE_00977	MER0027437	39.922	258	143	5	296	547	2	253	1.19e-51	175
BFDCDEGE_00977	MER0002039	39.921	253	149	2	295	547	1	250	2.42e-50	171
BFDCDEGE_00977	MER0005462	30.120	249	146	11	296	541	2	225	5.15e-18	80.5
BFDCDEGE_00977	MER0004532	32.292	192	117	7	333	522	34	214	6.57e-14	68.6
BFDCDEGE_00977	MER0004931	26.457	223	147	7	308	522	2	215	4.18e-13	65.9
BFDCDEGE_00977	MER0001244	26.768	198	100	8	358	522	58	243	9.67e-11	59.7
BFDCDEGE_00977	MER0001733	24.896	241	138	9	297	506	3	231	4.31e-09	54.7
BFDCDEGE_00977	MER0001248	27.072	181	99	6	358	507	16	194	5.49e-09	54.3
BFDCDEGE_00977	MER0002038	26.906	223	141	8	300	517	6	211	6.73e-09	53.5
BFDCDEGE_00997	MER0005196	61.290	248	95	1	459	705	3	250	1.66e-108	327
BFDCDEGE_00997	MER0058228	42.437	238	135	2	471	706	1	238	4.23e-67	218
BFDCDEGE_00997	MER0001423	42.609	230	131	1	477	705	2	231	2.57e-66	216
BFDCDEGE_00997	MER0004921	35.242	227	136	5	474	694	1	222	1.16e-48	168
BFDCDEGE_00997	MER0004923	33.962	265	163	6	433	690	13	272	9.18e-48	167
BFDCDEGE_00997	MER0192427	38.942	208	120	3	461	665	50	253	4.98e-47	165
BFDCDEGE_00997	MER0013484	36.199	221	137	2	474	690	1	221	5.77e-47	163
BFDCDEGE_00997	MER0005987	35.547	256	154	7	459	707	8	259	2.42e-46	162
BFDCDEGE_00997	MER0011413	34.389	221	141	2	474	690	1	221	7.12e-46	160
BFDCDEGE_00997	MER0011305	38.889	252	140	8	462	706	7	251	3.98e-44	156
BFDCDEGE_00997	MER0000399	34.109	258	156	5	460	706	1	255	7.60e-44	155
BFDCDEGE_00997	MER0005994	31.225	253	162	6	463	707	13	261	2.96e-42	151
BFDCDEGE_00997	MER0000401	36.161	224	136	4	471	690	20	240	2.58e-41	148
BFDCDEGE_00997	MER0004504	37.037	189	116	2	479	664	1	189	3.59e-37	136
BFDCDEGE_00997	MER0195666	32.843	204	124	6	477	672	1	199	3.10e-36	133
BFDCDEGE_00997	MER0004199	35.965	228	133	8	484	706	1	220	2.12e-35	130
BFDCDEGE_00997	MER0000405	34.862	218	135	5	478	690	33	248	7.00e-35	130
BFDCDEGE_00997	MER0011231	32.567	261	166	7	452	706	1	257	1.16e-34	129
BFDCDEGE_00997	MER0004193	29.032	217	149	4	477	690	3	217	2.26e-31	119
BFDCDEGE_00997	MER0000404	27.308	260	166	8	451	702	7	251	4.38e-27	108
BFDCDEGE_00997	MER0000403	25.210	238	168	5	476	706	24	258	1.60e-24	100
BFDCDEGE_00997	MER0003361	26.894	264	167	7	451	706	1	246	1.17e-22	94.7
BFDCDEGE_00997	MER0034615	27.039	233	157	3	469	691	2	231	1.35e-21	91.7
BFDCDEGE_00997	MER0000408	24.893	233	149	4	475	690	10	233	5.05e-16	75.5
BFDCDEGE_00997	MER0005988	30.909	110	75	1	582	690	2	111	1.10e-15	70.5
BFDCDEGE_00997	MER0003558	23.661	224	159	3	490	706	39	257	1.58e-15	73.9
BFDCDEGE_00997	MER0017401	27.556	225	145	8	487	701	16	232	1.15e-14	71.2
BFDCDEGE_00997	MER0140224	24.365	197	135	4	513	696	30	225	4.96e-12	63.2
BFDCDEGE_00997	MER0005807	25.000	216	143	7	485	691	57	262	1.01e-11	63.2
BFDCDEGE_00997	MER0126485	26.009	223	144	6	487	699	12	223	1.34e-11	62.0
BFDCDEGE_00997	MER0000263	23.950	238	149	9	473	691	2	226	2.77e-11	61.2
BFDCDEGE_00997	MER0018170	22.404	183	124	3	490	659	25	202	3.03e-10	58.2
BFDCDEGE_00997	MER0015682	23.301	206	149	3	487	689	87	286	1.00e-09	57.4
BFDCDEGE_00997	MER0016096	23.214	224	155	7	480	690	9	228	5.51e-09	54.3
BFDCDEGE_00997	MER0981959	23.377	154	114	1	456	609	5	154	1.32e-08	53.5
BFDCDEGE_00997	MER0001920	25.424	236	152	8	469	690	2	227	1.96e-08	52.8
BFDCDEGE_00997	MER0015621	25.874	143	102	2	467	609	27	165	5.10e-08	52.0
BFDCDEGE_00997	MER0011583	21.811	243	166	8	477	706	12	243	5.14e-08	51.6
BFDCDEGE_00997	MER0022823	27.397	146	97	2	532	668	80	225	1.88e-07	50.1
BFDCDEGE_00997	MER0005694	21.622	222	161	4	457	670	17	233	4.29e-07	48.9
BFDCDEGE_00997	MER0002490	22.727	154	115	2	456	609	16	165	5.77e-06	45.4
BFDCDEGE_00997	MER0030932	26.797	153	99	4	519	664	54	200	7.49e-06	44.7
BFDCDEGE_01007	MER0000471	29.167	456	252	17	57	463	2	435	1.26e-36	137
BFDCDEGE_01007	MER0011571	27.805	410	249	14	80	460	25	416	3.74e-33	127
BFDCDEGE_01007	MER0000472	26.304	441	245	15	87	476	32	443	6.28e-29	115
BFDCDEGE_01007	MER0053015	32.275	189	114	4	284	467	188	367	2.71e-19	86.3
BFDCDEGE_01007	MER0026276	32.927	164	93	7	310	460	285	444	4.65e-11	61.6
BFDCDEGE_01034	MER0045886	44.105	229	122	5	1	225	10	236	6.80e-62	199
BFDCDEGE_01034	MER0044889	42.857	224	126	1	5	226	19	242	5.20e-53	176
BFDCDEGE_01034	MER0043537	45.405	185	98	2	5	187	2	185	7.74e-46	155
BFDCDEGE_01034	MER0042974	41.237	194	106	3	12	197	1	194	1.16e-42	147
BFDCDEGE_01034	MER0038086	39.189	222	119	4	5	210	29	250	1.41e-42	149
BFDCDEGE_01034	MER0436735	33.205	259	135	4	5	225	4	262	6.53e-41	145
BFDCDEGE_01034	MER0043387	42.857	168	95	1	20	186	1	168	2.56e-39	137
BFDCDEGE_01034	MER0044812	32.941	170	103	6	5	170	58	220	1.96e-14	70.1
BFDCDEGE_01034	MER0043394	28.947	152	104	2	38	185	13	164	3.60e-14	67.4
BFDCDEGE_01034	MER0044622	25.131	191	127	8	5	183	28	214	1.10e-10	58.9
BFDCDEGE_01034	MER0044882	27.568	185	118	8	25	196	1	182	2.56e-10	56.6
BFDCDEGE_01034	MER0045945	27.320	194	131	7	2	191	31	218	5.20e-09	53.5
BFDCDEGE_01034	MER0045094	28.758	153	96	5	40	183	50	198	1.59e-08	52.4
BFDCDEGE_01034	MER0043392	25.949	158	110	5	27	180	1	155	2.88e-08	50.4
BFDCDEGE_01034	MER0115185	30.147	136	85	5	40	170	1	131	2.96e-08	49.7
BFDCDEGE_01034	MER0046161	25.134	187	122	7	5	186	67	240	2.02e-06	46.2
BFDCDEGE_01034	MER0060647	28.235	170	107	7	5	168	175	335	2.20e-06	46.6
BFDCDEGE_01036	MER0095620	41.160	362	192	7	48	391	2	360	6.91e-93	280
BFDCDEGE_01036	MER0003535	23.158	380	228	13	50	386	59	417	9.11e-12	63.2
BFDCDEGE_01036	MER0002628	24.599	374	219	16	50	380	59	412	2.33e-11	61.6
BFDCDEGE_01036	MER0000727	21.412	425	255	16	20	391	34	432	7.22e-10	57.0
BFDCDEGE_01036	MER0002481	20.976	410	245	18	38	392	51	436	6.97e-09	53.9
BFDCDEGE_01036	MER0003534	20.519	385	244	11	50	392	59	423	3.23e-07	48.9
BFDCDEGE_01052	MER0060647	41.111	360	188	8	5	349	1	351	2.29e-90	272
BFDCDEGE_01052	MER0078640	38.462	364	187	10	5	348	1	347	9.23e-70	219
BFDCDEGE_01052	MER0044812	52.332	193	91	1	167	359	53	244	2.15e-68	212
BFDCDEGE_01052	MER0045945	43.500	200	111	2	152	350	13	211	4.93e-57	182
BFDCDEGE_01052	MER0043540	39.207	227	131	5	132	353	1	225	4.79e-54	175
BFDCDEGE_01052	MER0115185	55.245	143	62	2	205	346	1	142	8.15e-49	158
BFDCDEGE_01052	MER0436691	35.714	280	141	5	90	363	9	255	1.22e-48	162
BFDCDEGE_01052	MER0046161	42.268	194	102	4	167	356	62	249	2.70e-46	156
BFDCDEGE_01052	MER0044882	29.651	172	108	5	200	360	12	181	1.06e-14	68.6
BFDCDEGE_01052	MER0045094	29.310	174	109	6	172	334	14	184	2.80e-12	62.8
BFDCDEGE_01052	MER0043394	27.329	161	98	5	201	350	11	163	1.27e-10	56.6
BFDCDEGE_01052	MER0044622	33.099	142	84	5	201	334	62	200	8.24e-10	55.8
BFDCDEGE_01052	MER0043195	30.323	155	88	6	212	348	54	206	6.38e-09	52.8
BFDCDEGE_01052	MER0043392	30.714	140	80	3	204	334	13	144	8.11e-08	48.5
BFDCDEGE_01052	MER0044889	25.000	176	112	6	171	334	18	185	9.75e-06	43.1
BFDCDEGE_01105	MER0002565	42.574	202	96	8	288	488	107	289	2.74e-32	124
BFDCDEGE_01105	MER0000332	40.513	195	89	9	286	475	62	234	1.77e-28	111
BFDCDEGE_01105	MER0001709	36.653	251	116	11	288	514	99	330	5.15e-27	108
BFDCDEGE_01105	MER0028365	35.833	240	132	8	288	518	125	351	2.43e-26	107
BFDCDEGE_01105	MER0028365	47.170	53	26	2	66	118	67	117	1.12e-08	53.9
BFDCDEGE_01105	MER0002057	34.831	267	124	10	288	510	102	362	5.33e-26	106
BFDCDEGE_01105	MER0000310	35.622	233	128	11	286	515	61	274	4.54e-25	101
BFDCDEGE_01105	MER0000333	38.627	233	117	12	286	515	62	271	1.31e-24	100
BFDCDEGE_01105	MER0002575	35.266	207	113	8	284	488	66	253	1.98e-23	97.1
BFDCDEGE_01105	MER0001699	36.555	238	119	13	286	515	60	273	4.05e-23	95.9
BFDCDEGE_01105	MER0001520	35.345	232	126	11	286	515	60	269	4.42e-23	95.9
BFDCDEGE_01105	MER0000362	34.538	249	124	10	288	514	99	330	5.20e-23	97.1
BFDCDEGE_01105	MER0001521	35.468	203	111	10	286	485	62	247	6.10e-23	95.5
BFDCDEGE_01105	MER0000313	35.468	203	111	10	286	485	62	247	6.77e-23	95.5
BFDCDEGE_01105	MER0001906	34.914	232	127	11	286	515	60	269	1.29e-22	94.4
BFDCDEGE_01105	MER0017009	32.773	238	138	6	288	512	117	345	1.34e-22	95.9
BFDCDEGE_01105	MER0017009	31.579	114	70	4	15	127	11	117	2.98e-09	55.5
BFDCDEGE_01105	MER0000316	35.345	232	126	11	286	515	59	268	1.40e-22	94.4
BFDCDEGE_01105	MER0001755	35.468	203	111	10	286	485	62	247	1.41e-22	94.4
BFDCDEGE_01105	MER0001523	35.961	203	110	10	286	485	62	247	1.48e-22	94.4
BFDCDEGE_01105	MER0000312	35.961	203	110	10	286	485	62	247	1.48e-22	94.4
BFDCDEGE_01105	MER0000315	34.914	232	127	11	286	515	60	269	1.63e-22	94.4
BFDCDEGE_01105	MER0077555	35.023	217	116	10	279	491	57	252	2.35e-22	94.0
BFDCDEGE_01105	MER0005821	36.126	191	106	9	288	474	86	264	4.90e-22	95.9
BFDCDEGE_01105	MER0000309	35.885	209	114	10	286	491	61	252	1.45e-21	91.7
BFDCDEGE_01105	MER0000311	34.894	235	127	11	286	515	62	275	3.41e-21	90.5
BFDCDEGE_01105	MER0001725	32.155	283	152	13	248	514	60	318	9.02e-21	90.1
BFDCDEGE_01105	MER0000349	32.246	276	153	12	245	493	100	368	9.70e-21	90.9
BFDCDEGE_01105	MER0001928	32.906	234	129	11	286	515	60	269	1.11e-20	89.0
BFDCDEGE_01105	MER0000361	34.400	250	123	12	288	514	105	336	1.51e-20	89.7
BFDCDEGE_01105	MER0062058	36.709	237	132	8	288	518	61	285	1.53e-20	90.9
BFDCDEGE_01105	MER0062058	48.387	62	31	1	66	127	1	61	1.84e-12	65.9
BFDCDEGE_01105	MER0014744	34.440	241	137	10	281	506	86	320	2.41e-20	89.4
BFDCDEGE_01105	MER0004690	29.057	265	160	9	271	517	81	335	2.84e-20	89.4
BFDCDEGE_01105	MER0004690	53.333	60	26	2	67	125	39	97	2.33e-10	58.9
BFDCDEGE_01105	MER0002267	32.889	225	131	9	267	488	49	256	1.18e-19	86.3
BFDCDEGE_01105	MER0000320	38.053	226	117	11	288	505	69	279	1.36e-19	86.3
BFDCDEGE_01105	MER0016978	34.361	227	107	10	288	488	78	288	2.98e-19	85.5
BFDCDEGE_01105	MER0054318	32.710	214	124	10	266	472	44	244	6.59e-19	84.7
BFDCDEGE_01105	MER0006074	33.333	231	113	10	285	501	79	282	1.81e-18	83.2
BFDCDEGE_01105	MER0013656	33.476	233	129	13	286	515	59	268	2.55e-18	82.0
BFDCDEGE_01105	MER0004085	32.000	250	110	11	288	506	96	316	3.47e-18	82.8
BFDCDEGE_01105	MER0002562	32.549	255	124	11	288	514	117	351	3.81e-18	82.8
BFDCDEGE_01105	MER0006023	33.772	228	117	9	283	491	95	307	7.05e-18	81.6
BFDCDEGE_01105	MER0050309	34.158	202	104	9	283	475	42	223	1.14e-17	82.0
BFDCDEGE_01105	MER0081072	32.857	210	122	9	286	494	59	250	4.76e-17	77.8
BFDCDEGE_01105	MER0000321	28.302	265	140	10	250	491	114	351	5.45e-17	79.3
BFDCDEGE_01105	MER0000358	31.390	223	118	10	283	492	66	266	1.05e-15	75.5
BFDCDEGE_01105	MER0000326	33.175	211	104	11	288	490	72	253	1.09e-15	74.7
BFDCDEGE_01105	MER0155676	30.588	255	137	11	268	491	106	351	1.12e-15	75.9
BFDCDEGE_01105	MER0030016	30.702	228	114	8	280	491	77	276	1.17e-15	74.3
BFDCDEGE_01105	MER0002516	32.057	209	115	10	285	489	79	264	1.61e-15	73.9
BFDCDEGE_01105	MER0002790	34.632	231	120	10	288	499	1	219	1.64e-15	73.2
BFDCDEGE_01105	MER0161312	31.452	248	130	8	288	497	94	339	5.68e-15	73.2
BFDCDEGE_01105	MER0000359	33.032	221	115	11	278	489	79	275	6.92e-15	72.4
BFDCDEGE_01105	MER0004123	30.116	259	135	11	288	510	79	327	9.01e-15	72.4
BFDCDEGE_01105	MER0003117	37.129	202	95	11	288	480	75	253	1.35e-14	71.2
BFDCDEGE_01105	MER0000357	33.824	204	98	9	288	477	77	257	2.72e-14	70.5
BFDCDEGE_01105	MER0000335	29.515	227	111	12	286	496	67	260	2.79e-14	70.1
BFDCDEGE_01105	MER0003536	33.628	226	114	11	288	492	71	281	4.09e-14	70.1
BFDCDEGE_01105	MER0016697	32.083	240	103	13	288	488	98	316	8.41e-14	69.7
BFDCDEGE_01105	MER0050310	27.344	256	160	9	230	474	42	282	1.05e-13	69.7
BFDCDEGE_01105	MER0016983	34.286	210	96	11	288	476	71	259	1.43e-13	68.6
BFDCDEGE_01105	MER0000356	33.333	204	99	8	288	477	89	269	1.78e-13	68.9
BFDCDEGE_01105	MER0005931	33.831	201	115	8	287	485	31	215	2.26e-13	67.0
BFDCDEGE_01105	MER0005078	30.453	243	118	13	251	472	36	248	3.77e-13	67.0
BFDCDEGE_01105	MER0005712	29.389	262	130	13	288	497	88	346	3.84e-13	67.8
BFDCDEGE_01105	MER0000319	31.963	219	124	11	288	505	69	263	4.61e-13	66.6
BFDCDEGE_01105	MER0042897	37.607	234	119	13	288	515	66	278	5.18e-13	66.2
BFDCDEGE_01105	MER0019280	29.762	252	134	12	288	515	73	305	1.30e-12	65.5
BFDCDEGE_01105	MER0004720	28.033	239	138	10	264	494	51	263	2.89e-12	64.3
BFDCDEGE_01105	MER0016688	32.340	235	120	11	288	494	74	297	4.54e-12	63.9
BFDCDEGE_01105	MER0003020	28.287	251	106	9	288	474	226	466	4.57e-12	65.1
BFDCDEGE_01105	MER0015437	34.783	115	63	3	389	496	324	433	6.59e-12	64.3
BFDCDEGE_01105	MER0000338	31.193	218	114	10	288	495	72	263	1.03e-11	62.4
BFDCDEGE_01105	MER0014300	27.213	305	145	14	278	523	69	355	1.28e-11	63.2
BFDCDEGE_01105	MER0000344	28.916	249	130	11	264	495	66	284	2.11e-11	61.6
BFDCDEGE_01105	MER0006048	25.175	286	130	8	286	498	83	357	3.00e-11	62.0
BFDCDEGE_01105	MER0015436	33.621	116	67	2	388	496	323	435	1.25e-10	60.5
BFDCDEGE_01105	MER0067924	28.163	245	128	13	275	490	49	274	1.29e-10	59.3
BFDCDEGE_01105	MER0000325	28.899	218	110	10	285	489	67	252	2.13e-10	58.9
BFDCDEGE_01105	MER0022415	25.792	221	121	10	285	489	80	273	2.64e-10	59.3
BFDCDEGE_01105	MER0000347	28.063	253	142	11	288	514	119	357	3.15e-10	59.3
BFDCDEGE_01105	MER0001454	25.795	283	127	11	277	491	60	327	3.21e-10	58.5
BFDCDEGE_01105	MER0015432	25.362	276	144	12	286	500	85	359	3.43e-10	58.5
BFDCDEGE_01105	MER0001451	26.449	276	132	11	275	491	55	318	3.58e-10	58.5
BFDCDEGE_01105	MER0005859	31.760	233	94	13	288	475	242	454	3.95e-10	58.9
BFDCDEGE_01105	MER0002764	33.155	187	99	10	288	470	89	253	4.94e-10	57.8
BFDCDEGE_01105	MER0014085	23.944	284	140	10	285	503	84	356	5.86e-10	57.8
BFDCDEGE_01105	MER0005756	25.180	278	141	10	286	500	110	383	6.10e-10	58.2
BFDCDEGE_01105	MER0037258	28.511	235	136	10	288	500	80	304	6.19e-10	57.4
BFDCDEGE_01105	MER0006297	28.151	238	137	10	281	491	258	488	7.91e-10	57.8
BFDCDEGE_01105	MER0028258	28.516	256	138	12	288	501	104	356	8.67e-10	57.4
BFDCDEGE_01105	MER0025143	29.130	230	92	12	288	474	71	272	2.89e-09	55.5
BFDCDEGE_01105	MER0014446	28.448	232	124	10	286	498	195	403	3.56e-09	55.5
BFDCDEGE_01105	MER0016986	25.733	307	167	13	246	504	53	346	4.78e-09	55.1
BFDCDEGE_01105	MER0002739	28.625	269	140	11	288	519	98	351	7.10e-09	54.7
BFDCDEGE_01105	MER0006037	30.675	163	86	7	315	470	104	246	8.34e-09	53.9
BFDCDEGE_01105	MER0087792	24.615	260	158	9	288	514	97	351	1.59e-08	53.1
BFDCDEGE_01105	MER0000351	28.807	243	113	11	258	472	73	283	2.42e-08	52.4
BFDCDEGE_01105	MER0005790	29.412	204	101	7	285	471	91	268	2.59e-08	52.0
BFDCDEGE_01105	MER0002500	29.327	208	121	9	283	472	152	351	4.36e-08	52.0
BFDCDEGE_01105	MER0013641	27.083	240	142	9	281	496	76	306	4.44e-08	52.0
BFDCDEGE_01105	MER0000353	29.870	231	114	11	258	467	124	327	8.82e-08	50.8
BFDCDEGE_01105	MER0016991	29.694	229	115	10	279	478	73	284	1.06e-07	50.8
BFDCDEGE_01105	MER0005774	31.429	140	67	5	405	515	325	464	1.75e-07	50.4
BFDCDEGE_01105	MER0015431	23.474	213	118	6	331	500	141	351	1.90e-07	50.1
BFDCDEGE_01105	MER0055027	29.469	207	113	10	282	475	67	253	2.06e-07	50.1
BFDCDEGE_01105	MER0005757	23.592	284	141	9	288	500	87	365	2.27e-07	49.7
BFDCDEGE_01105	MER0014325	24.000	300	159	11	262	494	41	338	3.09e-07	49.3
BFDCDEGE_01105	MER0000340	30.348	201	99	10	288	470	74	251	4.45e-07	48.5
BFDCDEGE_01105	MER0000350	27.200	250	121	11	288	489	90	326	5.79e-07	48.5
BFDCDEGE_01105	MER0001467	26.217	267	132	12	288	491	72	336	8.96e-07	47.8
BFDCDEGE_01105	MER0005710	34.314	102	52	3	405	491	332	433	1.31e-06	47.8
BFDCDEGE_01105	MER0017014	37.209	86	45	5	434	511	369	453	1.33e-06	47.4
BFDCDEGE_01105	MER0024902	23.144	229	163	4	288	506	97	322	1.35e-06	47.0
BFDCDEGE_01105	MER0015428	24.537	216	112	9	332	500	135	346	1.45e-06	47.4
BFDCDEGE_01105	MER0011813	36.957	92	35	4	434	506	366	453	1.64e-06	47.4
BFDCDEGE_01105	MER0005034	32.374	139	74	5	286	415	72	199	2.04e-06	47.0
BFDCDEGE_01105	MER0004652	38.356	73	36	2	434	497	441	513	4.22e-06	46.2
BFDCDEGE_01105	MER0005699	24.648	284	148	11	288	506	103	385	4.40e-06	45.8
BFDCDEGE_01105	MER0013893	32.609	92	53	1	414	496	423	514	4.69e-06	45.8
BFDCDEGE_01105	MER0014089	26.590	173	98	7	350	496	270	439	4.94e-06	45.8
BFDCDEGE_01105	MER0015433	33.962	106	55	5	403	496	337	439	5.93e-06	45.4
BFDCDEGE_01105	MER0006036	34.409	93	47	2	434	514	371	461	7.10e-06	45.1
BFDCDEGE_01105	MER0005775	27.273	110	61	3	425	515	375	484	7.94e-06	45.1
BFDCDEGE_01123	MER0015424	42.353	255	128	9	4	248	270	515	2.73e-51	172
BFDCDEGE_01123	MER0016991	37.692	130	66	3	13	132	213	337	5.45e-16	73.2
BFDCDEGE_01123	MER0019280	36.364	110	60	2	13	122	206	305	1.83e-11	60.1
BFDCDEGE_01123	MER0114485	40.580	69	39	1	7	75	266	332	1.73e-09	54.3
BFDCDEGE_01123	MER0000349	39.437	71	41	1	6	76	279	347	2.99e-09	53.5
BFDCDEGE_01123	MER0005859	34.711	121	59	4	12	122	387	497	3.77e-09	53.5
BFDCDEGE_01123	MER0067924	50.000	58	25	2	13	67	199	255	2.30e-08	50.4
BFDCDEGE_01123	MER0161312	40.426	94	51	3	6	98	246	335	2.43e-08	50.8
BFDCDEGE_01123	MER0002500	44.615	65	32	2	11	74	296	357	4.83e-08	50.1
BFDCDEGE_01123	MER0014446	33.333	108	63	4	15	117	322	425	5.10e-08	50.1
BFDCDEGE_01123	MER0003122	34.091	132	59	7	13	122	256	381	6.82e-08	49.7
BFDCDEGE_01123	MER0016983	32.000	100	61	4	27	122	216	312	1.21e-07	48.5
BFDCDEGE_01123	MER0003020	40.580	69	39	1	2	68	396	464	1.37e-07	48.9
BFDCDEGE_01123	MER0000351	40.000	60	34	1	11	70	228	285	1.41e-07	48.1
BFDCDEGE_01123	MER0080418	33.333	75	40	2	47	121	296	360	1.64e-07	48.5
BFDCDEGE_01123	MER0003536	35.616	73	36	2	11	72	193	265	2.79e-07	47.4
BFDCDEGE_01123	MER0002529	37.805	82	46	2	15	91	450	531	3.50e-07	47.8
BFDCDEGE_01123	MER0004123	43.056	72	29	2	9	68	218	289	4.17e-07	47.0
BFDCDEGE_01123	MER0002771	36.232	69	35	2	13	72	246	314	5.11e-07	47.0
BFDCDEGE_01123	MER0175622	33.333	117	63	5	11	120	192	300	5.21e-07	46.6
BFDCDEGE_01123	MER0014465	33.628	113	66	5	13	122	367	473	5.83e-07	47.0
BFDCDEGE_01123	MER0000347	32.759	116	69	4	11	125	254	361	7.95e-07	46.6
BFDCDEGE_01123	MER0004641	29.851	134	59	5	13	121	267	390	8.46e-07	46.2
BFDCDEGE_01123	MER0015433	37.500	72	39	2	7	72	348	419	8.52e-07	46.2
BFDCDEGE_01123	MER0005712	31.298	131	61	6	11	122	258	378	8.69e-07	46.2
BFDCDEGE_01123	MER0000321	32.609	92	48	3	11	97	270	352	1.24e-06	45.8
BFDCDEGE_01123	MER0001561	31.405	121	62	5	14	122	346	457	1.46e-06	45.4
BFDCDEGE_01123	MER0000329	36.486	74	37	2	48	121	298	361	1.56e-06	45.4
BFDCDEGE_01123	MER0015438	36.145	83	39	3	11	80	361	442	2.05e-06	45.1
BFDCDEGE_01123	MER0015437	43.333	60	29	2	15	72	357	413	4.20e-06	44.3
BFDCDEGE_01123	MER0015431	31.250	128	73	6	7	122	256	380	4.26e-06	43.9
BFDCDEGE_01123	MER0005700	34.722	72	41	2	7	72	271	342	4.98e-06	43.9
BFDCDEGE_01123	MER0005756	32.911	79	47	3	7	80	289	366	5.08e-06	43.9
BFDCDEGE_01123	MER0005790	41.509	53	29	1	15	67	218	268	5.35e-06	43.5
BFDCDEGE_01123	MER0015432	33.333	72	42	2	7	72	264	335	9.20e-06	43.1
BFDCDEGE_01124	MER0015424	33.333	123	71	4	29	145	135	252	3.72e-07	45.1
BFDCDEGE_01183	MER0002443	46.154	117	57	2	59	174	6	117	3.11e-32	109
BFDCDEGE_01183	MER0003986	42.623	122	63	3	54	173	1	117	9.48e-28	97.8
BFDCDEGE_01183	MER0004035	44.737	114	55	3	61	173	5	111	2.80e-26	94.0
BFDCDEGE_01183	MER0002450	43.802	121	59	4	54	174	1	112	4.45e-20	77.8
BFDCDEGE_01183	MER0003805	40.984	122	63	4	54	175	1	113	1.41e-19	76.6
BFDCDEGE_01183	MER0003808	40.164	122	64	4	54	175	1	113	4.27e-18	72.8
BFDCDEGE_01183	MER0377310	44.144	111	53	4	54	164	1	102	2.02e-17	70.9
BFDCDEGE_01183	MER0377307	44.144	111	53	4	54	164	1	102	2.02e-17	70.9
BFDCDEGE_01183	MER0004054	34.711	121	65	6	62	175	9	122	3.24e-17	70.9
BFDCDEGE_01183	MER0003807	37.398	123	69	4	54	174	1	117	4.95e-17	70.1
BFDCDEGE_01183	MER0377178	43.243	111	54	4	54	164	1	102	4.68e-16	67.4
BFDCDEGE_01183	MER0014188	41.509	106	50	5	58	161	5	100	3.59e-14	62.4
BFDCDEGE_01183	MER0376722	40.385	104	53	4	54	157	1	95	6.15e-12	56.2
BFDCDEGE_01183	MER0377450	39.796	98	51	3	54	151	1	90	3.38e-11	54.3
BFDCDEGE_01183	MER0014672	31.373	102	56	2	54	141	1	102	6.20e-11	54.3
BFDCDEGE_01183	MER0024252	32.673	101	57	3	66	162	14	107	1.75e-10	53.1
BFDCDEGE_01183	MER0038100	31.667	120	65	4	64	173	12	124	1.19e-09	50.8
BFDCDEGE_01183	MER0001322	30.973	113	62	5	54	163	1	100	4.76e-09	48.9
BFDCDEGE_01183	MER0031199	35.000	60	39	0	70	129	1	60	7.43e-08	44.7
BFDCDEGE_01198	MER0013829	33.129	326	214	3	10	335	6	327	6.10e-52	173
BFDCDEGE_01198	MER0005169	32.948	346	220	8	9	351	5	341	2.08e-51	171
BFDCDEGE_01198	MER0004410	32.362	343	220	7	9	346	5	340	3.67e-43	150
BFDCDEGE_01198	MER0005472	32.036	334	212	5	9	342	5	323	1.95e-42	147
BFDCDEGE_01198	MER0002046	30.435	345	218	9	5	346	1	326	2.32e-38	136
BFDCDEGE_01198	MER0002043	29.305	331	207	10	23	342	31	345	2.10e-34	127
BFDCDEGE_01198	MER0005160	29.290	338	219	10	8	342	4	324	1.14e-27	108
BFDCDEGE_01198	MER0002040	28.523	298	189	11	61	346	59	344	8.07e-23	94.7
BFDCDEGE_01198	MER0022215	22.923	349	244	7	8	349	3	333	9.92e-20	85.9
BFDCDEGE_01215	MER0034582	23.653	334	210	12	608	921	12	320	4.83e-20	89.7
BFDCDEGE_01284	MER0014366	38.048	707	401	14	24	714	27	712	5.06e-152	455
BFDCDEGE_01284	MER0217397	35.989	703	402	12	36	714	1	679	4.68e-146	439
BFDCDEGE_01284	MER0039993	35.972	720	407	11	25	714	1	696	9.67e-144	434
BFDCDEGE_01284	MER0501051	42.105	266	127	9	24	274	3	256	3.42e-53	186
BFDCDEGE_01284	MER0501051	42.000	150	85	2	567	715	253	401	4.40e-30	120
BFDCDEGE_01286	MER0056022	33.945	109	65	3	119	221	15	122	5.13e-11	55.8
BFDCDEGE_01286	MER0056047	37.975	79	46	2	144	221	4	80	9.06e-09	48.5
BFDCDEGE_01286	MER0055284	31.707	82	55	1	140	221	2	82	4.57e-08	46.6
BFDCDEGE_01293	MER0100667	34.000	200	88	8	113	298	42	211	1.07e-19	84.3
BFDCDEGE_01293	MER0004514	26.163	172	115	4	110	277	48	211	7.84e-16	73.6
BFDCDEGE_01293	MER0001284	27.168	173	112	5	110	277	48	211	2.63e-14	69.3
BFDCDEGE_01293	MER0037181	26.141	241	142	8	49	286	27	234	2.38e-13	67.0
BFDCDEGE_01293	MER0001290	29.518	166	104	6	48	207	46	204	2.06e-12	64.7
BFDCDEGE_01293	MER0013618	24.585	301	153	13	48	307	18	285	3.42e-12	63.5
BFDCDEGE_01293	MER0002161	26.829	246	143	8	33	272	8	222	4.60e-12	63.2
BFDCDEGE_01293	MER0001289	30.088	226	119	11	97	303	59	264	1.39e-11	61.6
BFDCDEGE_01293	MER0194228	29.817	218	113	11	113	314	2	195	1.85e-10	57.0
BFDCDEGE_01293	MER0032443	29.365	126	75	4	100	221	39	154	5.22e-08	50.4
BFDCDEGE_01293	MER0005131	32.237	152	80	7	90	234	37	172	1.33e-07	49.3
BFDCDEGE_01293	MER0005238	33.333	114	53	4	100	207	67	163	1.96e-06	45.8
BFDCDEGE_01293	MER0044627	32.727	110	53	4	112	211	16	114	2.10e-06	45.1
BFDCDEGE_01301	MER0031610	31.102	254	165	5	13	257	49	301	6.91e-36	126
BFDCDEGE_01301	MER0044900	26.950	282	165	11	9	254	83	359	5.87e-12	61.6
BFDCDEGE_01301	MER0044858	23.288	292	170	11	7	253	45	327	1.05e-11	60.8
BFDCDEGE_01301	MER0037236	19.522	251	189	5	9	248	11	259	1.56e-11	59.7
BFDCDEGE_01301	MER0017142	34.694	98	60	1	18	115	15	108	1.68e-09	53.5
BFDCDEGE_01301	MER0004146	25.000	252	156	9	18	248	20	259	2.17e-09	53.5
BFDCDEGE_01301	MER0044350	37.500	112	46	6	17	114	1	102	3.19e-09	53.1
BFDCDEGE_01301	MER0035038	23.264	288	170	13	9	256	23	299	3.57e-09	53.1
BFDCDEGE_01301	MER0031616	31.193	109	68	2	16	119	38	144	6.05e-08	49.3
BFDCDEGE_01301	MER0014065	29.412	136	80	4	13	132	29	164	9.93e-08	48.9
BFDCDEGE_01301	MER0035044	34.234	111	63	5	9	113	26	132	3.42e-07	47.0
BFDCDEGE_01301	MER0035032	31.532	111	66	5	9	113	24	130	5.96e-07	46.6
BFDCDEGE_01301	MER0031617	25.391	256	164	9	14	247	31	281	7.15e-07	46.2
BFDCDEGE_01301	MER0011509	27.523	109	72	2	16	119	37	143	1.00e-06	45.8
BFDCDEGE_01301	MER0035043	30.252	119	77	4	7	120	26	143	1.28e-06	45.4
BFDCDEGE_01301	MER0213280	29.661	118	71	5	4	114	18	130	1.48e-06	45.1
BFDCDEGE_01348	MER0003816	31.373	153	91	7	154	299	5	150	2.27e-08	51.6
BFDCDEGE_01348	MER0029203	27.778	180	111	6	172	343	23	191	2.85e-06	45.4
BFDCDEGE_01483	MER0016067	27.941	204	108	6	163	328	7	209	1.95e-12	64.3
BFDCDEGE_01562	MER0014664	32.283	127	79	2	1	126	1	121	3.87e-17	75.9
BFDCDEGE_01562	MER0002031	35.345	116	67	2	2	117	5	112	1.50e-16	73.9
BFDCDEGE_01562	MER0002884	28.947	152	80	4	10	151	6	139	2.40e-10	56.2
BFDCDEGE_01562	MER0002036	25.000	144	93	5	7	145	10	143	4.08e-10	55.8
BFDCDEGE_01562	MER0042832	25.850	147	85	5	10	148	6	136	2.12e-09	53.5
BFDCDEGE_01562	MER0014666	30.709	127	66	4	10	127	6	119	1.20e-07	48.5
BFDCDEGE_01562	MER0014665	28.800	125	77	3	10	130	6	122	5.59e-07	46.6
BFDCDEGE_01586	MER0043394	45.342	161	85	2	30	188	5	164	6.03e-45	143
BFDCDEGE_01586	MER0044622	43.158	190	99	5	3	186	28	214	6.07e-45	146
BFDCDEGE_01586	MER0045094	39.153	189	106	5	3	186	14	198	1.45e-41	137
BFDCDEGE_01586	MER0044882	38.462	169	97	5	25	186	2	170	2.56e-38	127
BFDCDEGE_01586	MER0043392	41.259	143	76	4	47	187	23	159	6.03e-27	97.8
BFDCDEGE_01586	MER0044619	32.292	192	119	7	1	186	8	194	2.20e-24	92.8
BFDCDEGE_01586	MER0045095	32.394	213	114	7	1	186	15	224	2.40e-22	87.8
BFDCDEGE_01586	MER0043195	30.846	201	118	8	4	185	8	206	1.75e-20	82.8
BFDCDEGE_01586	MER0043537	31.429	140	91	4	47	185	46	181	1.10e-14	65.9
BFDCDEGE_01586	MER0044812	28.261	138	81	3	45	176	98	223	8.33e-12	58.9
BFDCDEGE_01586	MER0044889	30.201	149	89	6	44	186	60	199	1.13e-09	52.8
BFDCDEGE_01586	MER0045945	32.653	147	85	5	45	186	73	210	3.12e-09	51.6
BFDCDEGE_01586	MER0038086	29.167	120	74	3	75	187	109	224	1.75e-08	49.7
BFDCDEGE_01586	MER0436691	25.333	150	98	5	44	187	101	242	5.50e-08	48.1
BFDCDEGE_01586	MER0042974	31.667	120	67	5	74	186	69	180	5.75e-08	47.8
BFDCDEGE_01586	MER0043540	28.467	137	82	5	45	176	85	210	1.37e-07	47.0
BFDCDEGE_01586	MER0043387	31.933	119	67	4	73	186	56	165	1.64e-07	46.2
BFDCDEGE_01586	MER0115185	27.206	136	88	4	45	177	8	135	3.66e-07	44.7
BFDCDEGE_01586	MER0045886	24.779	113	82	1	75	187	85	194	1.01e-06	44.3
BFDCDEGE_01586	MER0046161	26.667	150	96	5	44	188	103	243	1.19e-06	44.3
BFDCDEGE_01659	MER0003242	49.837	307	149	3	110	416	2	303	2.52e-107	316
BFDCDEGE_01659	MER0013876	30.612	294	180	8	30	316	1	277	8.20e-36	132
BFDCDEGE_01659	MER0003855	29.452	292	182	7	30	310	1	279	2.46e-34	128
BFDCDEGE_01659	MER0004416	28.767	292	169	9	42	314	11	282	2.55e-26	104
BFDCDEGE_01661	MER0195774	24.561	228	118	5	31	255	1	177	1.20e-14	70.1
BFDCDEGE_01661	MER0001233	24.231	260	138	8	31	281	2	211	3.43e-11	61.2
BFDCDEGE_01661	MER0122186	36.559	93	54	1	21	113	12	99	6.45e-10	56.6
BFDCDEGE_01661	MER0002423	44.262	61	34	0	22	82	17	77	3.95e-09	54.7
BFDCDEGE_01661	MER0011744	44.262	61	34	0	22	82	17	77	3.11e-08	52.0
BFDCDEGE_01661	MER0011096	42.623	61	35	0	22	82	17	77	1.75e-07	49.7
BFDCDEGE_01661	MER0002345	37.879	66	41	0	20	85	15	80	3.00e-07	48.9
BFDCDEGE_01661	MER0003386	36.066	61	39	0	22	82	17	77	5.08e-07	48.5
BFDCDEGE_01661	MER0001214	35.714	70	45	0	13	82	8	77	6.13e-07	47.8
BFDCDEGE_01661	MER0003823	38.095	63	39	0	20	82	15	77	6.84e-07	48.1
BFDCDEGE_01661	MER0001222	24.066	241	125	8	22	255	17	206	8.56e-07	47.8
BFDCDEGE_01661	MER0002283	38.095	63	39	0	20	82	15	77	1.24e-06	47.4
BFDCDEGE_01661	MER0015259	37.705	61	38	0	22	82	17	77	1.96e-06	46.6
BFDCDEGE_01661	MER0001218	38.710	62	38	0	22	83	17	78	3.14e-06	46.2
BFDCDEGE_01679	MER0195774	23.684	228	120	5	43	267	1	177	5.69e-16	73.9
BFDCDEGE_01679	MER0122186	41.270	63	37	0	33	95	12	74	2.09e-10	58.2
BFDCDEGE_01679	MER0001233	19.850	267	151	7	43	298	2	216	1.66e-09	56.2
BFDCDEGE_01679	MER0011744	26.776	183	83	3	39	219	22	155	1.52e-08	53.1
BFDCDEGE_01679	MER0003386	26.939	245	120	10	34	269	17	211	1.58e-08	52.8
BFDCDEGE_01679	MER0003448	20.079	254	150	5	43	294	2	204	3.97e-08	52.0
BFDCDEGE_01679	MER0002423	45.312	64	31	2	34	95	17	78	1.86e-07	49.7
BFDCDEGE_01679	MER0024891	26.829	164	104	6	140	288	16	178	2.15e-07	50.8
BFDCDEGE_01679	MER0011096	40.984	61	36	0	39	99	22	82	1.29e-06	47.4
BFDCDEGE_01679	MER0001214	25.500	200	95	5	30	224	10	160	2.13e-06	46.2
BFDCDEGE_01679	MER0002283	40.909	66	39	0	32	97	15	80	3.89e-06	45.8
BFDCDEGE_01728	MER0004468	31.797	217	135	5	272	484	211	418	3.46e-21	92.4
BFDCDEGE_01728	MER0004468	24.643	280	162	9	7	248	4	272	7.84e-10	57.4
BFDCDEGE_01728	MER0897124	29.954	217	139	5	272	484	211	418	2.55e-19	87.0
BFDCDEGE_01728	MER0897124	26.786	280	156	12	7	248	4	272	1.81e-11	62.8
BFDCDEGE_01728	MER0004480	20.776	438	223	15	11	442	1	320	8.47e-09	53.9
BFDCDEGE_01728	MER0004474	28.205	117	77	3	369	484	250	360	3.45e-07	48.9
BFDCDEGE_01728	MER0004471	29.245	106	68	3	380	484	267	366	3.76e-07	48.9
BFDCDEGE_01754	MER0016191	29.934	304	187	10	8	299	3	292	2.65e-35	126
BFDCDEGE_01754	MER0016172	31.000	200	132	3	53	246	46	245	6.27e-22	90.5
BFDCDEGE_01754	MER0016185	23.952	334	194	11	6	297	1	316	9.47e-18	79.0
BFDCDEGE_01758	MER0014366	37.624	707	412	6	18	712	23	712	2.92e-160	476
BFDCDEGE_01758	MER0039993	37.183	710	412	12	23	712	1	696	1.30e-149	449
BFDCDEGE_01758	MER0217397	29.885	696	451	8	37	712	1	679	1.07e-110	347
BFDCDEGE_01758	MER0501051	36.940	268	146	6	21	277	2	257	2.62e-47	169
BFDCDEGE_01758	MER0501051	42.073	164	84	3	553	713	246	401	4.98e-34	131
BFDCDEGE_01773	MER0000410	64.388	278	96	2	398	675	3	277	6.06e-127	374
BFDCDEGE_01773	MER0011872	43.116	276	151	4	413	684	16	289	1.11e-72	234
BFDCDEGE_01773	MER0082498	43.416	281	136	7	417	674	3	283	1.43e-69	225
BFDCDEGE_01773	MER0005694	34.317	271	165	4	412	677	15	277	1.10e-46	164
BFDCDEGE_01773	MER0079308	35.688	269	161	7	413	676	6	267	5.12e-45	159
BFDCDEGE_01773	MER0000392	33.091	275	170	6	413	677	6	276	3.53e-40	145
BFDCDEGE_01773	MER0004227	36.530	219	137	2	419	636	28	245	2.61e-39	144
BFDCDEGE_01773	MER0022823	33.212	274	172	6	410	676	3	272	4.78e-38	139
BFDCDEGE_01773	MER0015621	30.976	297	182	6	397	676	2	292	1.99e-37	138
BFDCDEGE_01773	MER0082653	33.725	255	139	10	424	654	16	264	3.56e-35	131
BFDCDEGE_01773	MER0002490	31.071	280	160	7	424	676	27	300	1.33e-34	130
BFDCDEGE_01773	MER0325901	33.704	270	172	6	412	677	3	269	2.93e-34	129
BFDCDEGE_01773	MER0011450	32.308	260	157	7	410	657	3	255	3.69e-33	125
BFDCDEGE_01773	MER0981959	30.072	276	171	6	418	676	10	280	3.57e-29	114
BFDCDEGE_01773	MER0003229	30.182	275	177	7	410	680	11	274	7.33e-27	107
BFDCDEGE_01773	MER0000398	30.263	228	147	5	451	677	36	252	6.88e-24	98.6
BFDCDEGE_01773	MER0005994	25.296	253	152	10	409	646	6	236	3.68e-06	45.8
BFDCDEGE_01773	MER0001920	22.772	202	136	5	464	655	35	226	6.41e-06	45.1
BFDCDEGE_01790	MER0002443	46.218	119	57	2	92	208	4	117	8.37e-31	107
BFDCDEGE_01790	MER0004035	41.071	112	61	1	96	207	5	111	6.54e-24	89.4
BFDCDEGE_01790	MER0003986	42.276	123	63	3	89	208	1	118	9.10e-24	89.0
BFDCDEGE_01790	MER0003807	37.719	114	60	4	89	198	1	107	8.78e-16	68.2
BFDCDEGE_01790	MER0002450	36.066	122	66	5	89	208	1	112	6.40e-15	65.9
BFDCDEGE_01790	MER0038100	34.426	122	63	5	99	209	12	127	6.69e-15	65.9
BFDCDEGE_01790	MER0004054	33.846	130	71	7	86	209	2	122	4.53e-14	63.5
BFDCDEGE_01790	MER0003808	38.333	120	62	6	89	206	1	110	1.09e-13	62.4
BFDCDEGE_01790	MER0377310	35.345	116	63	5	89	202	1	106	1.19e-13	62.0
BFDCDEGE_01790	MER0377307	35.345	116	63	5	89	202	1	106	1.19e-13	62.0
BFDCDEGE_01790	MER0014188	40.506	79	44	1	89	167	1	76	1.35e-13	62.0
BFDCDEGE_01790	MER0003805	35.833	120	67	5	89	207	1	111	6.66e-13	60.5
BFDCDEGE_01790	MER0377178	32.174	115	68	4	89	202	1	106	8.02e-13	60.1
BFDCDEGE_01790	MER0024252	41.791	67	38	1	101	167	14	79	4.73e-10	52.8
BFDCDEGE_01790	MER0376722	37.374	99	51	5	89	185	1	90	1.18e-09	50.8
BFDCDEGE_01790	MER0014672	34.524	84	41	2	89	159	1	83	4.05e-09	50.4
BFDCDEGE_01790	MER0377450	35.714	98	54	4	89	185	1	90	9.41e-09	48.5
BFDCDEGE_01790	MER0001322	36.957	92	46	4	93	183	5	85	8.35e-08	46.6
BFDCDEGE_01790	MER0031199	38.462	52	31	1	105	156	1	51	2.99e-07	43.9
