JBABMKKP_00061	MER0060647	37.088	364	204	8	11	362	1	351	1.27e-71	224
JBABMKKP_00061	MER0078640	37.466	363	199	8	11	361	1	347	2.59e-71	223
JBABMKKP_00061	MER0044812	40.969	227	118	3	156	369	18	241	2.00e-57	184
JBABMKKP_00061	MER0043540	38.496	226	129	5	139	362	4	221	4.88e-52	170
JBABMKKP_00061	MER0045945	41.176	204	115	4	162	365	15	213	8.24e-49	161
JBABMKKP_00061	MER0046161	36.709	237	131	4	151	373	22	253	1.31e-44	152
JBABMKKP_00061	MER0436691	31.786	280	145	6	91	365	6	244	4.68e-44	150
JBABMKKP_00061	MER0115185	46.897	145	75	1	216	360	1	143	3.96e-42	141
JBABMKKP_00061	MER0044882	28.000	150	86	5	213	347	14	156	2.67e-08	50.1
JBABMKKP_00061	MER0043537	27.273	176	106	7	193	357	14	178	5.65e-08	49.3
JBABMKKP_00061	MER0045886	35.955	89	53	3	183	269	14	100	1.58e-07	48.5
JBABMKKP_00061	MER0043394	25.000	140	97	3	213	347	12	148	2.14e-07	47.4
JBABMKKP_00061	MER0043195	24.845	161	101	5	223	368	54	209	1.91e-06	45.4
JBABMKKP_00075	MER0000576	30.769	78	54	0	25	102	1	78	1.09e-12	57.0
