EKCJFHBI_00022	MER0028365	33.468	248	128	11	262	489	98	328	1.54e-26	108
EKCJFHBI_00022	MER0028365	36.765	68	41	2	64	131	47	112	2.01e-06	47.0
EKCJFHBI_00022	MER0002565	33.588	262	131	10	268	511	86	322	3.29e-25	103
EKCJFHBI_00022	MER0000332	34.234	222	112	8	253	468	40	233	2.93e-22	93.6
EKCJFHBI_00022	MER0001709	29.181	281	144	11	261	505	66	327	9.65e-21	90.1
EKCJFHBI_00022	MER0000320	31.944	216	123	8	285	489	67	269	5.90e-20	87.0
EKCJFHBI_00022	MER0017009	30.545	275	151	11	240	487	65	326	1.59e-18	84.0
EKCJFHBI_00022	MER0017009	38.710	93	43	5	56	139	22	109	1.65e-07	50.1
EKCJFHBI_00022	MER0000321	31.535	241	131	12	266	489	132	355	2.20e-18	83.6
EKCJFHBI_00022	MER0001699	32.243	214	122	9	285	491	60	257	6.74e-18	80.9
EKCJFHBI_00022	MER0054318	32.420	219	129	10	284	494	64	271	9.86e-18	81.3
EKCJFHBI_00022	MER0005821	30.288	208	127	8	268	468	68	264	2.72e-17	81.3
EKCJFHBI_00022	MER0000310	30.374	214	129	8	282	489	57	256	3.92e-17	78.6
EKCJFHBI_00022	MER0014744	28.507	221	124	7	285	482	93	302	4.23e-17	79.3
EKCJFHBI_00022	MER0081072	28.992	238	136	8	260	485	31	247	1.49e-16	76.3
EKCJFHBI_00022	MER0000349	29.200	250	141	10	272	491	129	372	1.90e-16	78.2
EKCJFHBI_00022	MER0016978	29.310	232	111	8	285	482	76	288	2.83e-16	76.6
EKCJFHBI_00022	MER0062058	31.707	246	137	11	259	486	27	259	4.60e-16	77.0
EKCJFHBI_00022	MER0062058	51.020	49	24	0	84	132	1	49	8.11e-11	60.8
EKCJFHBI_00022	MER0001520	30.631	222	113	8	284	491	59	253	1.37e-15	73.9
EKCJFHBI_00022	MER0000319	31.088	193	111	6	284	471	66	241	1.72e-15	73.9
EKCJFHBI_00022	MER0050309	28.767	219	124	9	285	488	45	246	1.98e-15	75.1
EKCJFHBI_00022	MER0002575	34.928	209	103	13	266	465	53	237	2.25e-15	73.6
EKCJFHBI_00022	MER0000358	28.488	344	178	18	227	527	6	324	2.37e-15	74.3
EKCJFHBI_00022	MER0001725	32.979	188	108	6	286	468	98	272	3.73e-15	73.6
EKCJFHBI_00022	MER0001928	28.837	215	126	8	284	491	59	253	4.39e-15	72.4
EKCJFHBI_00022	MER0030016	30.165	242	120	11	266	485	62	276	5.20e-15	72.4
EKCJFHBI_00022	MER0155676	30.342	234	127	11	285	486	123	352	5.86e-15	73.6
EKCJFHBI_00022	MER0002516	32.870	216	119	10	279	488	74	269	8.47e-15	72.0
EKCJFHBI_00022	MER0000315	29.577	213	123	8	284	489	59	251	8.75e-15	71.6
EKCJFHBI_00022	MER0000326	28.571	280	159	12	216	484	4	253	1.00e-14	72.0
EKCJFHBI_00022	MER0001906	30.455	220	112	8	284	489	59	251	1.32e-14	70.9
EKCJFHBI_00022	MER0002057	25.806	248	136	8	280	482	95	339	1.38e-14	72.4
EKCJFHBI_00022	MER0004085	28.507	221	125	7	285	482	94	304	1.58e-14	71.6
EKCJFHBI_00022	MER0077555	27.650	217	139	5	280	491	55	258	2.57e-14	70.1
EKCJFHBI_00022	MER0004720	31.441	229	113	11	255	463	34	238	2.93e-14	70.1
EKCJFHBI_00022	MER0000359	30.364	247	133	11	250	487	63	279	2.94e-14	70.5
EKCJFHBI_00022	MER0000333	32.057	209	111	9	266	468	50	233	3.80e-14	69.7
EKCJFHBI_00022	MER0000316	31.278	227	114	10	280	491	53	252	6.28e-14	68.9
EKCJFHBI_00022	MER0006037	32.057	209	112	8	266	464	58	246	1.66e-13	68.2
EKCJFHBI_00022	MER0013656	29.412	221	119	6	284	492	58	253	2.04e-13	67.4
EKCJFHBI_00022	MER0006074	27.922	308	169	14	189	483	5	272	3.11e-13	67.4
EKCJFHBI_00022	MER0001521	29.646	226	126	7	278	491	55	259	4.87e-13	66.2
EKCJFHBI_00022	MER0000313	29.646	226	126	7	278	491	55	259	5.29e-13	66.2
EKCJFHBI_00022	MER0004690	28.421	285	166	9	255	516	65	334	1.21e-12	66.2
EKCJFHBI_00022	MER0004690	40.278	72	42	1	65	135	19	90	1.75e-09	56.2
EKCJFHBI_00022	MER0005078	30.732	205	111	9	272	466	65	248	1.58e-12	65.1
EKCJFHBI_00022	MER0000309	28.972	214	132	8	282	489	57	256	1.84e-12	64.7
EKCJFHBI_00022	MER0001755	29.907	214	117	7	278	479	55	247	2.04e-12	64.7
EKCJFHBI_00022	MER0003117	30.315	254	133	13	242	473	21	252	2.11e-12	64.7
EKCJFHBI_00022	MER0050310	25.984	254	146	12	285	520	100	329	3.92e-12	64.7
EKCJFHBI_00022	MER0002267	27.700	213	114	8	285	482	69	256	4.22e-12	63.5
EKCJFHBI_00022	MER0161312	27.668	253	122	10	287	488	94	336	6.82e-12	63.9
EKCJFHBI_00022	MER0016983	27.962	211	107	8	285	470	69	259	8.82e-12	63.2
EKCJFHBI_00022	MER0001523	29.545	220	134	8	278	491	55	259	1.05e-11	62.4
EKCJFHBI_00022	MER0000312	29.545	220	134	8	278	491	55	259	1.05e-11	62.4
EKCJFHBI_00022	MER0002500	27.016	248	145	10	287	506	157	396	1.24e-11	63.2
EKCJFHBI_00022	MER0005712	25.632	277	146	9	287	504	88	363	3.43e-11	61.6
EKCJFHBI_00022	MER0016697	28.070	285	145	14	263	505	75	341	5.65e-11	60.8
EKCJFHBI_00022	MER0003536	28.571	238	128	11	275	485	58	280	5.70e-11	60.5
EKCJFHBI_00022	MER0000348	27.004	237	125	6	286	477	87	320	6.34e-11	60.8
EKCJFHBI_00022	MER0014446	28.099	242	121	10	286	498	196	413	6.56e-11	61.2
EKCJFHBI_00022	MER0016688	27.459	244	125	11	284	490	71	299	1.04e-10	59.7
EKCJFHBI_00022	MER0000311	28.788	264	136	8	242	482	16	250	1.05e-10	59.3
EKCJFHBI_00022	MER0019280	30.620	258	131	14	252	485	47	280	1.51e-10	59.3
EKCJFHBI_00022	MER0000362	25.610	246	135	11	287	503	99	325	2.19e-10	58.9
EKCJFHBI_00022	MER0002764	28.358	201	115	7	272	464	74	253	2.64e-10	58.5
EKCJFHBI_00022	MER0037258	27.189	217	139	8	287	485	80	295	2.82e-10	58.5
EKCJFHBI_00022	MER0000344	30.328	244	126	13	263	487	63	281	3.35e-10	58.2
EKCJFHBI_00022	MER0000347	26.754	228	135	9	284	489	116	333	3.75e-10	58.9
EKCJFHBI_00022	MER0003020	29.064	203	95	9	303	468	276	466	4.41e-10	58.5
EKCJFHBI_00022	MER0022415	31.677	161	88	6	358	511	157	302	5.67e-10	58.2
EKCJFHBI_00022	MER0003122	29.126	206	104	8	328	491	146	351	6.16e-10	57.8
EKCJFHBI_00022	MER0002790	27.397	219	129	7	287	484	1	210	6.60e-10	56.6
EKCJFHBI_00022	MER0000328	32.870	216	111	14	287	486	72	269	8.90e-10	56.6
EKCJFHBI_00022	MER0002562	26.172	256	130	9	270	482	87	326	1.33e-09	56.6
EKCJFHBI_00022	MER0014085	28.436	211	107	9	318	485	131	340	1.61e-09	56.6
EKCJFHBI_00022	MER0000336	26.582	237	134	9	248	475	53	258	1.75e-09	55.8
EKCJFHBI_00022	MER0006297	26.316	247	141	10	272	485	250	488	1.89e-09	56.6
EKCJFHBI_00022	MER0016986	24.590	244	134	9	287	483	90	330	2.27e-09	55.8
EKCJFHBI_00022	MER0016991	28.692	237	120	10	282	483	73	295	5.74e-09	54.7
EKCJFHBI_00022	MER0001454	34.000	100	48	3	408	489	232	331	8.15e-09	54.3
EKCJFHBI_00022	MER0005859	30.088	226	104	11	286	469	241	454	1.06e-08	54.3
EKCJFHBI_00022	MER0001467	28.729	181	78	7	361	490	161	341	1.98e-08	53.1
EKCJFHBI_00022	MER0000325	29.412	204	120	9	285	483	68	252	2.64e-08	52.4
EKCJFHBI_00022	MER0055027	31.944	144	77	5	262	388	38	177	2.96e-08	52.8
EKCJFHBI_00022	MER0015436	34.314	102	57	4	415	508	352	451	3.15e-08	52.8
EKCJFHBI_00022	MER0006036	37.179	78	36	1	429	493	371	448	3.69e-08	52.4
EKCJFHBI_00022	MER0014325	35.417	96	40	3	417	490	245	340	3.82e-08	52.0
EKCJFHBI_00022	MER0001368	24.806	258	134	11	284	485	82	335	3.96e-08	52.0
EKCJFHBI_00022	MER0000340	28.636	220	119	11	271	470	52	253	5.61e-08	51.2
EKCJFHBI_00022	MER0011813	35.354	99	44	3	417	495	347	445	5.71e-08	52.0
EKCJFHBI_00022	MER0000361	29.268	205	105	10	287	468	105	292	7.03e-08	51.2
EKCJFHBI_00022	MER0000335	28.708	209	122	9	285	485	67	256	7.56e-08	50.8
EKCJFHBI_00022	MER0001561	33.945	109	54	4	408	499	335	442	9.47e-08	51.2
EKCJFHBI_00022	MER0014312	35.000	100	45	3	410	489	305	404	1.11e-07	50.8
EKCJFHBI_00022	MER0024902	25.676	222	134	7	287	484	97	311	1.14e-07	50.4
EKCJFHBI_00022	MER0004869	24.454	229	113	9	318	489	129	354	1.28e-07	50.4
EKCJFHBI_00022	MER0015438	37.778	90	36	3	416	485	361	450	1.65e-07	50.4
EKCJFHBI_00022	MER0005760	32.727	110	55	4	408	499	240	348	2.10e-07	49.7
EKCJFHBI_00022	MER0025143	28.017	232	111	12	275	468	59	272	2.59e-07	49.3
EKCJFHBI_00022	MER0006048	24.390	287	142	12	280	496	79	360	2.98e-07	49.3
EKCJFHBI_00022	MER0000338	34.058	138	72	6	335	472	128	246	3.15e-07	48.9
EKCJFHBI_00022	MER0006049	24.585	301	141	13	280	503	79	370	4.22e-07	48.9
EKCJFHBI_00022	MER0013896	35.238	105	48	4	407	491	347	451	4.78e-07	48.9
EKCJFHBI_00022	MER0015435	37.333	75	35	2	429	491	381	455	5.02e-07	48.9
EKCJFHBI_00022	MER0042897	29.958	237	132	8	265	482	32	253	7.04e-07	47.8
EKCJFHBI_00022	MER0014309	32.323	99	49	3	410	490	234	332	7.87e-07	48.1
EKCJFHBI_00022	MER0005931	38.095	63	39	0	427	489	163	225	9.05e-07	47.0
EKCJFHBI_00022	MER0005710	33.945	109	54	5	407	497	340	448	9.25e-07	48.1
EKCJFHBI_00022	MER0014313	32.039	103	49	4	410	492	279	380	1.08e-06	47.8
EKCJFHBI_00022	MER0004641	26.222	225	110	8	317	485	130	354	1.14e-06	47.8
EKCJFHBI_00022	MER0014311	36.667	90	37	4	416	485	310	399	1.19e-06	47.8
EKCJFHBI_00022	MER0013641	26.054	261	135	14	277	497	72	314	1.36e-06	47.4
EKCJFHBI_00022	MER0005610	30.275	109	55	4	408	495	239	347	1.54e-06	47.0
EKCJFHBI_00022	MER0014310	29.730	111	58	3	410	500	303	413	1.56e-06	47.4
EKCJFHBI_00022	MER0004516	27.519	258	130	12	285	491	81	332	1.66e-06	47.0
EKCJFHBI_00022	MER0002771	32.432	111	58	4	413	507	241	350	2.02e-06	46.6
EKCJFHBI_00022	MER0004123	31.365	271	125	16	253	482	55	305	2.17e-06	46.6
EKCJFHBI_00022	MER0014465	37.113	97	47	3	399	483	350	444	2.21e-06	47.0
EKCJFHBI_00022	MER0015437	32.673	101	56	4	415	504	352	451	2.32e-06	46.6
EKCJFHBI_00022	MER0015429	43.284	67	28	2	429	485	341	407	2.88e-06	46.6
EKCJFHBI_00022	MER0000350	23.109	238	143	7	286	483	89	326	4.03e-06	45.8
EKCJFHBI_00022	MER0114485	24.545	220	126	7	287	466	106	325	4.19e-06	45.8
EKCJFHBI_00022	MER0004652	38.806	67	31	1	429	485	441	507	7.80e-06	45.1
EKCJFHBI_00023	MER0011345	27.461	193	128	5	296	476	29	221	5.73e-15	72.0
EKCJFHBI_00023	MER0036308	27.179	195	124	6	296	477	27	216	2.89e-12	63.5
EKCJFHBI_00023	MER0002755	30.519	154	93	5	323	465	50	200	8.28e-12	61.6
EKCJFHBI_00023	MER0005328	27.957	186	111	6	296	463	18	198	5.52e-11	59.3
EKCJFHBI_00023	MER0019759	27.273	154	103	5	345	493	82	231	3.13e-10	57.8
EKCJFHBI_00023	MER0001013	27.513	189	126	5	296	473	30	218	4.03e-10	57.4
EKCJFHBI_00023	MER0001017	25.137	183	124	4	296	465	29	211	5.13e-10	57.0
EKCJFHBI_00023	MER0002746	22.174	230	138	7	295	495	17	234	8.92e-10	56.2
EKCJFHBI_00023	MER0012283	26.846	149	103	3	323	465	60	208	4.81e-09	53.9
EKCJFHBI_00023	MER0002968	24.818	137	86	2	345	472	87	215	1.05e-08	52.8
EKCJFHBI_00023	MER0001009	22.727	154	115	3	345	495	20	172	1.78e-08	52.0
EKCJFHBI_00023	MER0006264	24.286	140	84	3	345	472	53	182	2.78e-08	50.8
EKCJFHBI_00023	MER0091680	22.619	168	117	4	323	481	46	209	4.28e-08	51.2
EKCJFHBI_00023	MER0002003	21.759	216	151	6	275	472	2	217	5.57e-08	50.8
EKCJFHBI_00023	MER0001010	25.000	140	101	3	345	481	61	199	3.66e-07	48.1
EKCJFHBI_00023	MER0011370	25.352	142	88	4	341	472	77	210	3.97e-07	48.1
EKCJFHBI_00023	MER0002422	25.714	140	90	4	325	459	63	193	4.37e-07	47.8
EKCJFHBI_00023	MER0011423	21.935	155	99	2	330	472	70	214	1.15e-06	46.6
EKCJFHBI_00023	MER0004243	25.359	209	112	9	296	472	20	216	1.18e-06	46.6
EKCJFHBI_00023	MER0002281	26.590	173	107	7	309	465	43	211	1.37e-06	47.0
EKCJFHBI_00023	MER0011440	24.060	133	99	2	342	472	78	210	1.53e-06	46.2
EKCJFHBI_00023	MER0011720	25.434	173	116	6	295	459	22	189	2.01e-06	45.8
EKCJFHBI_00023	MER0002078	20.000	230	143	7	295	495	17	234	4.78e-06	45.1
EKCJFHBI_00023	MER0002210	23.438	128	81	3	342	459	36	156	5.42e-06	43.9
EKCJFHBI_00023	MER0002658	27.200	125	83	3	348	465	1	124	5.78e-06	43.5
EKCJFHBI_00023	MER0011369	21.765	170	121	3	305	472	66	225	9.06e-06	44.3
EKCJFHBI_00038	MER0192051	25.822	213	138	5	19	215	95	303	4.26e-09	53.9
EKCJFHBI_00122	MER0003380	39.831	118	67	2	155	272	119	232	1.06e-23	93.6
EKCJFHBI_00122	MER0069741	46.875	96	49	2	177	272	70	163	2.34e-23	90.9
EKCJFHBI_00122	MER0003376	37.143	105	58	2	165	262	33	136	6.60e-15	67.8
EKCJFHBI_00122	MER0013541	38.372	86	52	1	177	262	1	85	7.15e-15	65.5
EKCJFHBI_00122	MER0003906	38.095	105	58	4	177	275	1	104	3.08e-14	64.3
EKCJFHBI_00122	MER0005300	31.159	138	89	4	139	271	22	158	4.32e-14	65.5
EKCJFHBI_00122	MER0015415	28.395	162	101	5	120	271	8	164	2.57e-12	60.8
EKCJFHBI_00122	MER0003423	33.981	103	61	3	176	272	31	132	1.04e-10	55.8
EKCJFHBI_00122	MER0387040	33.000	100	65	2	177	275	1	99	2.52e-10	53.5
EKCJFHBI_00122	MER0066182	30.172	116	73	3	167	275	76	190	6.33e-10	54.7
EKCJFHBI_00122	MER0001419	32.609	92	59	2	177	266	32	122	3.18e-08	48.5
EKCJFHBI_00122	MER0388771	29.592	98	61	2	177	266	2	99	7.14e-06	41.2
EKCJFHBI_00122	MER0025070	29.592	98	61	2	177	266	6	103	7.75e-06	41.2
EKCJFHBI_00145	MER0001423	58.621	232	96	0	491	722	1	232	5.25e-101	307
EKCJFHBI_00145	MER0000399	40.000	260	150	4	468	724	1	257	1.11e-60	202
EKCJFHBI_00145	MER0000401	38.462	260	155	4	468	724	2	259	6.17e-58	194
EKCJFHBI_00145	MER0011305	40.945	254	140	7	474	721	1	250	4.48e-53	181
EKCJFHBI_00145	MER0004504	38.565	223	129	4	495	709	2	224	1.20e-50	174
EKCJFHBI_00145	MER0005987	34.717	265	160	7	468	724	1	260	1.55e-50	174
EKCJFHBI_00145	MER0005196	36.087	230	146	1	492	721	22	250	1.66e-50	174
EKCJFHBI_00145	MER0000405	35.606	264	153	8	468	718	2	261	1.11e-49	172
EKCJFHBI_00145	MER0011231	38.722	266	147	8	468	724	1	259	2.30e-49	171
EKCJFHBI_00145	MER0058228	38.288	222	135	2	488	707	3	224	1.49e-48	168
EKCJFHBI_00145	MER0000404	35.227	264	162	6	468	724	1	262	1.98e-47	166
EKCJFHBI_00145	MER0011413	34.874	238	151	2	490	723	2	239	2.59e-45	159
EKCJFHBI_00145	MER0013484	34.746	236	150	2	492	723	4	239	4.81e-43	152
EKCJFHBI_00145	MER0005994	31.179	263	173	5	468	724	2	262	1.57e-39	143
EKCJFHBI_00145	MER0004923	33.750	240	155	2	488	723	51	290	1.72e-39	144
EKCJFHBI_00145	MER0004921	31.818	242	152	5	490	724	2	237	7.18e-38	138
EKCJFHBI_00145	MER0004193	32.773	238	153	5	492	726	3	236	2.81e-36	133
EKCJFHBI_00145	MER0192427	34.419	215	132	4	495	705	69	278	1.03e-31	122
EKCJFHBI_00145	MER0000403	24.335	263	190	4	468	724	1	260	2.64e-31	120
EKCJFHBI_00145	MER0004199	30.870	230	147	7	499	724	1	222	2.60e-29	113
EKCJFHBI_00145	MER0003361	29.114	237	151	10	474	703	1	227	3.76e-28	110
EKCJFHBI_00145	MER0195666	30.660	212	135	6	492	695	1	208	4.51e-27	107
EKCJFHBI_00145	MER0005988	30.909	110	75	1	597	705	2	111	2.19e-16	72.8
EKCJFHBI_00145	MER0003558	22.275	211	152	2	505	708	39	244	4.74e-12	63.9
EKCJFHBI_00145	MER0005807	23.415	205	146	5	505	705	62	259	1.86e-09	56.2
EKCJFHBI_00145	MER0034615	24.893	233	160	5	484	705	2	230	1.99e-09	55.8
EKCJFHBI_00145	MER0018170	21.429	196	140	2	535	717	50	244	5.06e-09	54.7
EKCJFHBI_00145	MER0017401	23.246	228	153	8	488	704	3	219	8.27e-09	53.9
EKCJFHBI_00145	MER0016096	20.513	234	165	5	488	706	2	229	1.57e-07	50.1
EKCJFHBI_00145	MER0140224	23.005	213	145	4	506	705	13	219	6.47e-07	48.1
EKCJFHBI_00161	MER0061102	29.651	172	93	2	41	192	4	167	9.70e-17	74.7
EKCJFHBI_00161	MER0061059	25.888	197	104	9	41	209	18	200	3.87e-09	53.1
EKCJFHBI_00167	MER0167712	27.372	274	164	9	26	279	30	288	1.79e-23	98.2
EKCJFHBI_00222	MER0195376	32.381	210	104	9	1308	1507	2	183	2.10e-14	70.1
EKCJFHBI_00235	MER0005300	31.000	100	62	4	292	387	67	163	3.59e-07	46.6
EKCJFHBI_00237	MER0195774	35.593	177	114	0	29	205	1	177	8.99e-37	130
EKCJFHBI_00237	MER0001229	27.619	210	145	2	29	235	2	207	8.46e-21	87.4
EKCJFHBI_00237	MER0043985	27.619	210	145	2	29	235	2	207	1.77e-20	87.0
EKCJFHBI_00237	MER0003448	25.728	206	152	1	29	234	2	206	2.22e-17	77.8
EKCJFHBI_00237	MER0003543	26.471	204	148	2	29	232	2	203	1.72e-15	72.4
EKCJFHBI_00237	MER0001233	27.193	228	150	7	29	244	2	225	6.25e-15	71.2
EKCJFHBI_00237	MER0001218	28.351	194	128	4	20	205	19	209	3.94e-14	68.2
EKCJFHBI_00237	MER0001214	25.926	162	118	2	21	181	18	178	4.43e-13	64.7
EKCJFHBI_00237	MER0004423	27.381	168	116	3	65	232	33	194	3.03e-12	62.8
EKCJFHBI_00237	MER0390687	23.353	167	127	1	36	202	1	166	3.56e-12	61.6
EKCJFHBI_00237	MER0015090	23.902	205	154	2	29	233	2	204	2.33e-11	60.5
EKCJFHBI_00237	MER0122186	27.778	180	124	4	29	205	22	198	8.04e-11	58.2
EKCJFHBI_00237	MER0002008	26.941	219	125	8	29	229	2	203	2.46e-10	57.4
EKCJFHBI_00237	MER0011744	26.667	195	114	5	29	205	26	209	2.50e-10	57.0
EKCJFHBI_00237	MER0011096	25.837	209	126	5	15	205	12	209	2.82e-10	57.0
EKCJFHBI_00237	MER0003823	26.596	188	129	4	23	202	20	206	6.45e-10	55.8
EKCJFHBI_00237	MER0003386	36.585	82	51	1	29	109	26	107	9.13e-10	55.5
EKCJFHBI_00237	MER0002283	29.944	177	121	3	12	186	8	183	1.23e-09	55.1
EKCJFHBI_00237	MER0015259	24.862	181	131	3	29	205	26	205	2.12e-09	54.3
EKCJFHBI_00237	MER0002423	28.495	186	124	4	28	205	25	209	4.40e-09	53.5
EKCJFHBI_00237	MER0001413	28.467	137	96	2	13	148	14	149	7.62e-09	51.6
EKCJFHBI_00237	MER0169735	24.852	169	122	3	19	186	8	172	5.11e-08	50.1
EKCJFHBI_00237	MER0170820	32.432	74	49	1	45	117	13	86	3.31e-07	47.8
EKCJFHBI_00237	MER0026957	20.606	165	124	3	54	215	22	182	1.22e-06	46.2
EKCJFHBI_00237	MER0001219	21.081	185	136	5	12	188	10	192	1.42e-06	45.8
EKCJFHBI_00237	MER0188967	25.150	167	112	3	65	218	3	169	1.88e-06	46.6
EKCJFHBI_00237	MER0001223	28.846	104	73	1	55	157	36	139	3.76e-06	44.3
EKCJFHBI_00237	MER0002345	26.772	127	92	1	23	148	20	146	4.00e-06	44.7
EKCJFHBI_00237	MER0001222	24.590	183	130	5	29	205	26	206	4.19e-06	44.3
EKCJFHBI_00237	MER0011292	24.762	105	78	1	45	148	64	168	7.79e-06	43.9
EKCJFHBI_00238	MER0237414	27.826	230	144	7	46	260	3	225	4.24e-15	72.4
EKCJFHBI_00238	MER0003543	25.806	217	150	6	45	252	3	217	4.42e-11	60.1
EKCJFHBI_00238	MER0015090	25.871	201	140	5	45	238	3	201	1.42e-09	55.8
EKCJFHBI_00255	MER0011175	23.394	218	139	8	360	562	7	211	4.36e-08	51.2
EKCJFHBI_00255	MER0001009	25.478	157	92	5	427	573	20	161	1.42e-07	49.7
EKCJFHBI_00255	MER0001010	25.000	220	123	11	376	573	3	202	6.27e-07	47.8
EKCJFHBI_00255	MER0091680	24.528	159	114	4	420	578	65	217	1.23e-06	47.0
EKCJFHBI_00255	MER0011401	24.841	157	106	6	410	562	60	208	8.00e-06	44.3
EKCJFHBI_00255	MER0005331	25.118	211	136	10	363	562	12	211	8.47e-06	44.3
EKCJFHBI_00312	MER0000410	58.065	279	115	1	406	684	3	279	7.32e-115	343
EKCJFHBI_00312	MER0011872	41.045	268	149	3	423	684	18	282	1.13e-63	210
EKCJFHBI_00312	MER0082498	41.045	268	136	5	436	681	16	283	1.88e-62	206
EKCJFHBI_00312	MER0005694	31.752	274	183	2	414	686	9	279	3.33e-43	154
EKCJFHBI_00312	MER0079308	33.824	272	167	6	413	681	4	265	1.81e-41	149
EKCJFHBI_00312	MER0015621	34.444	270	157	5	432	684	27	293	5.08e-40	145
EKCJFHBI_00312	MER0082653	33.840	263	151	8	434	675	18	278	1.65e-38	141
EKCJFHBI_00312	MER0022823	31.852	270	174	6	418	680	3	269	1.29e-36	135
EKCJFHBI_00312	MER0002490	30.405	296	174	7	418	686	13	303	1.85e-36	136
EKCJFHBI_00312	MER0000392	29.562	274	180	4	418	681	3	273	2.30e-36	135
EKCJFHBI_00312	MER0004227	32.443	262	170	2	427	681	28	289	1.13e-35	134
EKCJFHBI_00312	MER0011450	29.961	257	166	5	418	664	3	255	3.56e-33	125
EKCJFHBI_00312	MER0325901	29.603	277	182	7	418	685	1	273	3.61e-33	125
EKCJFHBI_00312	MER0981959	29.021	286	181	6	418	685	2	283	2.72e-30	117
EKCJFHBI_00312	MER0000398	28.897	263	171	6	421	682	3	250	1.42e-26	106
EKCJFHBI_00312	MER0003229	27.798	277	185	7	408	681	4	268	1.02e-23	98.6
EKCJFHBI_00328	MER0004090	27.525	396	225	13	580	945	2	365	8.78e-33	128
EKCJFHBI_00328	MER0003800	28.321	399	228	14	573	943	2	370	1.80e-28	115
EKCJFHBI_00328	MER0035017	26.290	407	231	16	587	950	1	381	3.78e-28	114
EKCJFHBI_00328	MER0011700	23.132	281	189	9	588	861	2	262	7.48e-12	65.1
EKCJFHBI_00328	MER0026262	22.867	293	156	12	603	872	17	262	2.74e-11	63.2
EKCJFHBI_00328	MER0002489	24.370	238	133	10	603	833	24	221	2.29e-08	53.9
EKCJFHBI_00328	MER0354941	24.762	210	122	5	603	799	11	197	4.76e-08	51.2
EKCJFHBI_00328	MER0006204	29.310	116	77	2	588	699	6	120	2.85e-07	50.4
EKCJFHBI_00328	MER0005925	23.077	208	117	9	603	797	18	195	4.50e-06	46.6
EKCJFHBI_00328	MER0140154	18.919	222	155	7	603	818	2	204	9.37e-06	45.4
EKCJFHBI_00488	MER0001396	27.143	140	85	6	20	149	25	157	4.94e-09	50.8
EKCJFHBI_00533	MER0000589	31.148	122	41	3	140	261	1	79	2.36e-09	53.9
EKCJFHBI_00534	MER0000589	44.000	50	28	0	111	160	179	228	2.08e-09	52.8
EKCJFHBI_00534	MER0013626	43.902	41	23	0	118	158	103	143	8.64e-09	49.7
EKCJFHBI_00537	MER0015659	31.724	145	82	6	61	203	45	174	6.87e-09	52.0
EKCJFHBI_00537	MER0015472	30.556	144	86	3	65	202	44	179	4.27e-08	49.3
EKCJFHBI_00537	MER0034660	26.042	192	109	7	28	203	1	175	2.32e-06	44.7
EKCJFHBI_00537	MER0015630	30.405	148	80	7	61	203	48	177	5.79e-06	43.5
EKCJFHBI_00537	MER0035036	27.027	148	98	6	64	207	86	227	7.35e-06	43.1
EKCJFHBI_00538	MER0017194	28.788	198	86	4	46	234	60	211	2.92e-12	61.2
EKCJFHBI_00538	MER0015472	26.738	187	94	3	55	241	50	193	8.33e-11	56.6
EKCJFHBI_00538	MER0015468	31.111	90	62	0	12	101	8	97	1.04e-10	56.2
EKCJFHBI_00538	MER0015473	29.500	200	85	7	55	241	42	198	2.59e-09	52.8
EKCJFHBI_00538	MER0015458	28.272	191	92	6	47	230	49	201	6.35e-09	52.0
EKCJFHBI_00538	MER0035036	25.541	231	125	5	12	241	51	235	6.92e-09	51.6
EKCJFHBI_00538	MER0015459	33.846	65	43	0	43	107	43	107	1.83e-08	50.4
EKCJFHBI_00538	MER0030047	25.568	176	85	3	55	229	3	133	3.13e-07	45.4
EKCJFHBI_00538	MER0015631	32.099	81	53	1	26	106	30	108	7.28e-07	45.4
EKCJFHBI_00538	MER0015659	31.325	83	56	1	28	110	29	110	2.90e-06	43.9
EKCJFHBI_00538	MER0015630	25.556	180	80	3	48	227	51	176	6.11e-06	42.7
EKCJFHBI_00599	MER0198917	43.236	377	205	5	18	390	1	372	1.60e-102	329
EKCJFHBI_00599	MER1054487	39.267	382	217	6	18	390	1	376	1.39e-83	276
EKCJFHBI_00639	MER0056525	51.965	229	108	2	409	636	1	228	2.34e-79	249
EKCJFHBI_00639	MER0005496	51.754	228	110	0	409	636	1	228	3.33e-78	247
EKCJFHBI_00639	MER0011748	46.792	265	137	3	409	671	1	263	6.10e-77	244
EKCJFHBI_00639	MER0015609	50.218	229	110	2	409	636	1	226	3.26e-76	242
EKCJFHBI_00639	MER0023544	45.798	238	129	0	409	646	1	238	3.13e-74	237
EKCJFHBI_00639	MER0011224	46.053	228	123	0	409	636	1	228	1.13e-72	233
EKCJFHBI_00639	MER0015195	44.615	260	142	2	409	667	1	259	1.44e-72	233
EKCJFHBI_00639	MER0015194	44.939	247	131	3	410	653	2	246	3.61e-68	221
EKCJFHBI_00639	MER0002600	42.500	240	132	3	409	645	1	237	2.29e-64	210
EKCJFHBI_00639	MER0024898	45.887	231	123	2	409	637	1	231	2.73e-63	208
EKCJFHBI_00639	MER0171760	39.163	263	154	3	374	633	1	260	3.02e-63	207
EKCJFHBI_00639	MER0002605	43.231	229	127	2	409	636	1	227	3.56e-63	207
EKCJFHBI_00639	MER0014306	41.667	228	133	0	409	636	1	228	6.35e-60	199
EKCJFHBI_00639	MER0004454	41.558	231	133	2	409	637	1	231	1.66e-58	195
EKCJFHBI_00639	MER0005466	40.948	232	130	3	410	634	2	233	8.87e-55	184
EKCJFHBI_00639	MER0015199	42.083	240	130	3	409	639	1	240	1.47e-54	185
EKCJFHBI_00639	MER0002602	41.485	229	124	3	410	631	2	227	2.08e-51	176
EKCJFHBI_00639	MER0002563	37.778	225	129	4	410	623	2	226	1.12e-47	165
EKCJFHBI_00639	MER0017637	37.778	225	129	4	410	623	2	226	3.00e-45	158
EKCJFHBI_00639	MER0001620	35.448	268	161	5	409	664	1	268	1.11e-44	158
EKCJFHBI_00639	MER0015193	39.914	233	129	6	409	632	1	231	2.20e-43	153
EKCJFHBI_00639	MER0002408	37.143	245	142	6	409	644	1	242	2.37e-43	153
EKCJFHBI_00639	MER0015197	35.294	221	135	4	421	636	13	230	1.13e-41	149
EKCJFHBI_00639	MER0190577	34.764	233	139	4	409	638	1	223	4.16e-39	141
EKCJFHBI_00639	MER0014324	35.683	227	133	3	409	632	1	217	8.43e-39	140
EKCJFHBI_00639	MER0015137	31.837	245	155	6	409	644	1	242	2.21e-38	140
EKCJFHBI_00639	MER0011745	33.469	245	151	7	409	644	1	242	2.75e-38	139
EKCJFHBI_00639	MER0005755	36.522	230	134	4	410	635	2	223	1.17e-36	134
EKCJFHBI_00639	MER0002608	36.287	237	140	6	410	636	2	237	2.18e-36	134
EKCJFHBI_00639	MER0015690	33.891	239	145	6	409	634	1	239	2.55e-34	128
EKCJFHBI_00639	MER0190705	32.314	229	145	3	410	636	1	221	4.18e-34	126
EKCJFHBI_00639	MER0011120	35.021	237	141	6	409	632	1	237	5.61e-34	127
EKCJFHBI_00639	MER0002197	31.801	261	153	5	409	662	1	243	6.85e-34	127
EKCJFHBI_00639	MER0024900	34.661	251	147	8	410	654	2	241	7.71e-34	126
EKCJFHBI_00639	MER0001246	32.927	164	99	3	437	597	18	173	4.28e-21	87.8
EKCJFHBI_00639	MER0015204	26.506	249	145	8	410	623	2	247	1.88e-17	80.5
EKCJFHBI_00674	MER0065554	44.151	265	137	2	310	564	4	267	9.46e-78	243
EKCJFHBI_00674	MER0437468	35.244	349	211	5	223	557	1	348	9.65e-67	218
EKCJFHBI_00674	MER0436717	33.250	400	200	10	223	559	1	396	2.52e-56	191
EKCJFHBI_00676	MER0045886	40.789	228	130	4	1	224	10	236	8.38e-51	170
EKCJFHBI_00676	MER0044889	38.865	229	133	5	2	225	16	242	8.19e-40	141
EKCJFHBI_00676	MER0038086	37.198	207	111	6	5	193	29	234	1.13e-35	130
EKCJFHBI_00676	MER0436735	30.534	262	143	5	2	224	1	262	5.71e-35	129
EKCJFHBI_00676	MER0042974	37.368	190	110	4	12	192	1	190	1.22e-33	123
EKCJFHBI_00676	MER0043387	34.270	178	111	4	20	193	1	176	1.26e-22	92.0
EKCJFHBI_00676	MER0043537	32.597	181	117	3	5	181	2	181	1.31e-22	92.4
EKCJFHBI_00676	MER0044622	32.258	124	76	4	73	192	102	221	7.10e-08	50.4
EKCJFHBI_00676	MER0043394	27.586	145	94	5	45	182	22	162	9.59e-07	45.8
EKCJFHBI_00676	MER0045094	32.258	124	76	4	73	192	86	205	4.61e-06	44.7
EKCJFHBI_00725	MER0195376	30.097	206	112	7	281	477	1	183	7.42e-11	58.2
EKCJFHBI_00738	MER0003380	34.322	236	146	5	154	388	14	241	1.16e-37	134
EKCJFHBI_00738	MER0066182	40.678	118	65	2	264	380	75	188	2.80e-22	91.3
EKCJFHBI_00738	MER0069741	36.054	147	89	3	240	384	25	168	7.03e-22	89.4
EKCJFHBI_00738	MER0387040	44.330	97	53	1	285	380	1	97	1.35e-21	86.3
EKCJFHBI_00738	MER0013541	45.882	85	46	0	285	369	1	85	2.54e-19	79.3
EKCJFHBI_00738	MER0015415	40.404	99	52	3	287	378	66	164	1.64e-14	68.2
EKCJFHBI_00738	MER0003376	37.273	110	52	4	285	378	45	153	8.54e-14	66.2
EKCJFHBI_00738	MER0001419	32.558	86	56	2	285	368	32	117	1.29e-11	59.3
EKCJFHBI_00738	MER0003906	36.047	86	53	2	285	368	1	86	1.85e-10	54.7
EKCJFHBI_00738	MER0003423	32.558	86	56	2	285	368	32	117	3.19e-10	55.1
EKCJFHBI_00738	MER0005300	34.409	93	61	0	286	378	66	158	2.46e-09	53.1
EKCJFHBI_00738	MER0025070	33.636	110	60	4	283	379	4	113	4.14e-08	48.5
EKCJFHBI_00738	MER0388771	33.333	108	59	4	285	379	2	109	1.09e-07	47.0
EKCJFHBI_00750	MER0014418	32.624	423	228	7	28	444	4	375	8.24e-59	195
EKCJFHBI_00750	MER0002655	26.978	278	178	9	41	303	9	276	1.54e-18	84.0
EKCJFHBI_00750	MER0002013	27.742	310	199	11	45	340	21	319	7.65e-17	79.0
EKCJFHBI_00750	MER0005155	24.742	388	254	14	39	407	8	376	1.27e-14	72.0
EKCJFHBI_00750	MER0002664	31.646	158	95	4	36	193	2	146	1.77e-13	67.4
EKCJFHBI_00750	MER0003581	30.992	242	153	5	86	315	1	240	2.15e-13	68.2
EKCJFHBI_00750	MER0002007	25.362	276	173	11	26	281	2	264	7.95e-12	63.5
EKCJFHBI_00750	MER0015354	31.522	184	113	5	36	212	12	189	1.89e-11	61.6
EKCJFHBI_00750	MER0005163	29.032	155	105	3	54	208	21	170	6.13e-11	59.7
EKCJFHBI_00750	MER0021873	39.450	109	37	4	100	200	1	88	1.15e-10	58.2
EKCJFHBI_00750	MER0003815	30.719	153	99	4	42	193	18	164	2.64e-09	55.1
EKCJFHBI_00750	MER0005173	31.613	155	99	4	42	195	2	150	4.74e-09	54.7
EKCJFHBI_00750	MER0002014	22.830	311	217	8	40	338	16	315	5.20e-09	54.7
EKCJFHBI_00821	MER0014135	39.245	265	161	0	186	450	4	268	4.39e-72	226
EKCJFHBI_00857	MER0028025	43.396	159	89	1	6	164	11	168	3.63e-41	142
EKCJFHBI_00857	MER0028025	48.684	76	39	0	272	347	168	243	1.04e-18	81.3
EKCJFHBI_00857	MER0003798	23.529	306	196	12	62	331	97	400	2.71e-12	64.3
EKCJFHBI_00857	MER0001272	27.273	209	132	8	8	204	6	206	3.26e-12	62.8
EKCJFHBI_00857	MER0038758	23.841	302	186	11	63	341	62	342	1.50e-09	55.5
EKCJFHBI_00857	MER0001273	30.921	152	92	6	40	188	55	196	7.67e-09	52.8
EKCJFHBI_00857	MER0017385	25.749	167	108	6	3	167	2	154	2.60e-06	45.1
EKCJFHBI_00857	MER0026479	29.730	148	83	6	25	164	31	165	5.22e-06	43.9
EKCJFHBI_00857	MER0026485	42.105	57	31	1	57	111	88	144	6.96e-06	43.9
EKCJFHBI_00859	MER0026494	33.053	475	290	9	31	486	8	473	8.51e-76	243
EKCJFHBI_00859	MER0015142	31.875	480	291	11	31	486	37	504	3.01e-68	224
EKCJFHBI_00859	MER0026471	30.526	475	304	8	31	485	9	477	6.31e-67	220
EKCJFHBI_00859	MER0003397	33.505	194	111	4	43	224	21	208	3.84e-24	99.8
EKCJFHBI_00859	MER0003397	31.250	80	55	0	397	476	222	301	9.47e-08	50.4
EKCJFHBI_00859	MER0052470	25.508	443	287	16	45	462	15	439	4.06e-24	101
EKCJFHBI_00859	MER0026485	29.952	207	125	7	31	224	8	207	4.12e-18	82.0
EKCJFHBI_00859	MER0026485	30.769	91	63	0	394	484	218	308	6.37e-10	57.4
EKCJFHBI_00859	MER0057434	29.646	226	135	8	38	248	7	223	4.61e-17	78.6
EKCJFHBI_00859	MER0057434	30.435	92	62	1	381	472	199	288	8.12e-10	56.6
EKCJFHBI_00859	MER0001272	39.535	86	45	2	106	190	60	139	2.30e-10	58.2
EKCJFHBI_00859	MER0369972	25.625	160	108	5	42	201	2	150	6.65e-10	57.8
EKCJFHBI_00859	MER0033183	29.371	143	86	6	43	180	15	147	1.97e-06	46.2
EKCJFHBI_00859	MER0028025	26.974	152	91	6	45	195	16	148	5.17e-06	44.7
EKCJFHBI_00885	MER0000268	54.487	156	69	2	100	255	1	154	3.86e-49	162
EKCJFHBI_00885	MER0004111	50.000	156	77	1	100	255	1	155	1.55e-46	155
EKCJFHBI_00885	MER0013623	48.077	156	78	2	100	255	1	153	1.26e-44	150
EKCJFHBI_00885	MER0003850	43.503	177	97	3	99	274	2	176	5.76e-43	146
EKCJFHBI_00885	MER0000266	48.408	157	79	2	100	255	1	156	3.81e-41	141
EKCJFHBI_00885	MER0003290	49.375	160	73	4	100	255	1	156	1.97e-39	136
EKCJFHBI_00885	MER0004673	35.507	276	147	5	100	354	2	267	3.37e-38	137
EKCJFHBI_00885	MER0001372	46.497	157	82	2	100	255	1	156	4.41e-38	133
EKCJFHBI_00885	MER0005468	44.654	159	84	3	100	255	1	158	6.39e-37	130
EKCJFHBI_00885	MER0004149	41.104	163	89	2	100	255	1	163	2.59e-35	125
EKCJFHBI_00885	MER0028330	44.304	158	81	2	100	255	1	153	1.76e-34	123
EKCJFHBI_00885	MER0001373	49.057	159	77	3	100	255	1	158	1.88e-34	123
EKCJFHBI_00885	MER0001945	44.025	159	86	2	100	255	1	159	8.07e-34	121
EKCJFHBI_00885	MER0002577	43.038	158	83	2	100	255	1	153	2.74e-33	120
EKCJFHBI_00885	MER0014795	42.424	165	80	4	100	255	1	159	5.73e-33	119
EKCJFHBI_00885	MER0003293	46.000	150	79	2	100	249	1	148	9.98e-33	118
EKCJFHBI_00885	MER0016351	41.509	159	84	3	100	255	1	153	1.17e-32	118
EKCJFHBI_00885	MER0011375	43.750	160	80	4	100	255	1	154	1.03e-31	115
EKCJFHBI_00885	MER0004093	43.396	159	81	3	100	255	1	153	2.11e-30	112
EKCJFHBI_00885	MER0010944	41.279	172	84	4	100	255	1	171	5.07e-29	108
EKCJFHBI_00885	MER0004086	43.293	164	82	5	101	255	1	162	3.60e-28	106
EKCJFHBI_00885	MER0022668	40.351	171	87	6	100	255	1	171	1.32e-27	105
EKCJFHBI_00885	MER0006096	47.863	117	57	2	124	237	1	116	6.06e-27	102
EKCJFHBI_00885	MER0016031	40.476	168	86	5	100	255	1	166	6.87e-27	103
EKCJFHBI_00885	MER0015583	39.597	149	80	4	100	238	1	149	1.68e-24	96.3
EKCJFHBI_00885	MER0005093	38.994	159	84	5	100	245	1	159	2.59e-24	95.9
EKCJFHBI_00885	MER0063616	35.862	145	76	6	103	236	5	143	5.18e-16	72.4
EKCJFHBI_00885	MER0005094	32.667	150	90	5	108	248	8	155	1.27e-12	62.4
EKCJFHBI_00885	MER0005090	32.824	131	84	4	100	227	1	130	3.69e-08	49.7
EKCJFHBI_00885	MER0014317	27.481	131	88	4	111	236	10	138	4.23e-07	46.6
EKCJFHBI_00885	MER0004696	29.577	142	91	4	100	236	1	138	5.50e-07	45.8
EKCJFHBI_00885	MER0005089	30.827	133	84	5	100	227	1	130	4.68e-06	43.5
EKCJFHBI_00885	MER0145078	29.008	131	74	5	146	259	115	243	5.20e-06	44.7
EKCJFHBI_00885	MER0014314	33.582	134	73	6	100	224	1	127	6.47e-06	43.1
EKCJFHBI_00908	MER0006319	33.854	384	221	9	40	399	10	384	2.17e-49	168
EKCJFHBI_00908	MER0032370	30.270	370	206	11	47	398	3	338	2.54e-45	157
EKCJFHBI_00908	MER0015155	30.743	296	168	7	104	396	76	337	2.95e-41	146
EKCJFHBI_00908	MER0011422	31.507	292	168	7	104	392	86	348	5.93e-41	145
EKCJFHBI_00908	MER0011343	27.385	325	201	6	71	393	51	342	1.30e-39	142
EKCJFHBI_00908	MER0013499	31.081	296	167	9	104	396	76	337	2.17e-39	141
EKCJFHBI_00908	MER0013496	30.068	296	170	8	104	396	19	280	3.29e-37	135
EKCJFHBI_00908	MER0001260	24.425	348	228	5	53	398	31	345	3.62e-35	130
EKCJFHBI_00908	MER0013425	24.566	346	214	10	44	385	1	303	2.47e-23	96.3
EKCJFHBI_00908	MER0013479	24.412	340	185	7	77	390	24	317	2.85e-21	90.5
EKCJFHBI_00908	MER0026963	38.750	80	46	3	314	391	13	91	1.37e-11	57.8
EKCJFHBI_00908	MER0001265	26.277	137	92	2	167	298	147	279	3.78e-10	57.4
EKCJFHBI_00974	MER0005900	33.626	342	217	7	60	399	36	369	1.15e-44	157
EKCJFHBI_00999	MER0001161	34.993	683	428	7	4	675	3	680	2.38e-150	449
EKCJFHBI_00999	MER0006087	32.482	705	439	13	1	678	9	703	1.10e-126	388
EKCJFHBI_00999	MER0001158	34.021	679	439	8	2	673	1	677	2.37e-124	382
EKCJFHBI_00999	MER0015119	30.759	725	447	16	1	678	5	721	3.95e-117	364
EKCJFHBI_00999	MER0001149	31.158	613	391	13	80	678	86	681	1.49e-88	288
EKCJFHBI_00999	MER0003110	30.466	686	397	21	50	673	48	715	8.19e-85	278
EKCJFHBI_00999	MER0108144	27.976	672	451	13	24	673	2	662	1.86e-84	276
EKCJFHBI_00999	MER0001942	29.954	651	417	16	40	673	48	676	1.03e-83	275
EKCJFHBI_00999	MER0001153	28.702	655	424	13	50	675	54	694	2.09e-81	269
EKCJFHBI_00999	MER0079465	28.331	593	380	14	108	672	58	633	8.59e-67	228
EKCJFHBI_00999	MER0015170	26.332	638	422	18	43	668	24	625	2.45e-58	205
EKCJFHBI_00999	MER0001156	26.955	486	296	15	210	650	213	684	4.04e-41	157
EKCJFHBI_00999	MER0021317	37.333	75	47	0	428	502	13	87	2.36e-10	54.7
EKCJFHBI_01009	MER0037236	24.314	255	160	6	15	243	13	260	1.12e-16	74.3
EKCJFHBI_01009	MER0004146	25.483	259	157	8	13	243	10	260	1.43e-15	71.2
EKCJFHBI_01009	MER0036066	22.984	248	159	10	22	244	1	241	3.45e-10	55.5
EKCJFHBI_01009	MER0031611	21.371	248	167	6	17	239	35	279	9.33e-09	51.6
EKCJFHBI_01009	MER0036054	23.077	208	128	5	65	240	63	270	1.42e-07	48.1
EKCJFHBI_01009	MER0036074	21.154	208	131	6	76	251	179	385	1.57e-07	48.5
EKCJFHBI_01009	MER0017142	23.140	242	153	7	22	242	15	244	3.62e-07	46.6
EKCJFHBI_01009	MER0036059	29.730	111	70	3	140	242	240	350	7.84e-06	43.1
EKCJFHBI_01085	MER0195774	26.316	228	114	5	50	274	1	177	4.78e-20	85.5
EKCJFHBI_01085	MER0001233	23.346	257	142	7	50	299	2	210	1.99e-14	70.9
EKCJFHBI_01085	MER0001229	22.642	265	151	6	50	311	2	215	2.05e-13	67.4
EKCJFHBI_01085	MER0043985	22.509	271	156	6	50	317	2	221	3.19e-13	67.4
EKCJFHBI_01085	MER0003543	22.545	275	142	11	50	312	2	217	2.77e-11	61.2
EKCJFHBI_01085	MER0014333	24.812	266	144	7	50	307	2	219	3.09e-11	61.6
EKCJFHBI_01085	MER0002423	26.601	203	98	3	41	241	17	170	4.50e-11	60.5
EKCJFHBI_01085	MER0003448	23.643	258	136	8	50	301	2	204	5.70e-11	60.5
EKCJFHBI_01085	MER0001218	25.207	242	124	7	41	274	17	209	1.57e-10	58.9
EKCJFHBI_01085	MER0003823	24.757	206	104	3	41	244	17	173	1.69e-09	55.8
EKCJFHBI_01085	MER0122186	23.967	242	122	7	40	274	12	198	1.78e-09	55.5
EKCJFHBI_01085	MER0015090	20.233	257	137	8	50	297	2	199	1.34e-08	53.5
EKCJFHBI_01085	MER0001214	23.744	219	105	7	34	243	7	172	2.17e-08	52.0
EKCJFHBI_01085	MER0011744	22.822	241	121	6	46	274	22	209	3.77e-08	52.0
EKCJFHBI_01085	MER0002345	23.881	201	102	3	46	244	22	173	5.58e-08	51.2
EKCJFHBI_01085	MER0026957	24.537	216	102	8	75	284	22	182	1.30e-07	50.4
EKCJFHBI_01085	MER0169735	38.356	73	44	1	36	107	2	74	2.20e-07	49.3
EKCJFHBI_01085	MER0003386	23.577	246	123	7	41	274	17	209	2.53e-07	49.3
EKCJFHBI_01085	MER0011096	24.510	204	95	5	46	243	22	172	1.30e-06	47.4
EKCJFHBI_01085	MER0002283	39.062	64	39	0	39	102	15	78	2.09e-06	46.6
EKCJFHBI_01085	MER0004423	24.460	139	97	4	165	299	58	192	2.79e-06	46.6
EKCJFHBI_01085	MER0001222	23.485	264	122	10	24	274	10	206	6.53e-06	45.1
EKCJFHBI_01085	MER0001413	37.097	62	38	1	45	106	25	85	9.88e-06	43.5
EKCJFHBI_01088	MER0001243	37.247	247	153	2	2	246	3	249	4.24e-53	170
EKCJFHBI_01088	MER0005690	36.709	237	149	1	10	246	11	246	1.67e-46	153
EKCJFHBI_01088	MER0001342	33.061	245	164	0	2	246	3	247	1.16e-43	146
EKCJFHBI_01088	MER0015127	33.473	239	158	1	8	246	9	246	3.11e-43	144
EKCJFHBI_01088	MER0015128	31.915	235	158	2	13	246	14	247	8.36e-40	135
EKCJFHBI_01088	MER0013589	31.687	243	165	1	4	246	1	242	1.45e-38	132
EKCJFHBI_01088	MER0013450	30.645	248	170	2	4	249	3	250	1.30e-35	125
EKCJFHBI_01088	MER0013929	30.000	240	161	3	2	238	3	238	1.87e-33	119
EKCJFHBI_01088	MER0003880	32.402	179	106	5	38	212	31	198	1.61e-16	74.7
EKCJFHBI_01088	MER0004931	25.581	215	141	7	4	211	5	207	1.59e-14	68.2
EKCJFHBI_01088	MER0024896	25.000	160	115	1	4	163	5	159	3.01e-11	60.1
EKCJFHBI_01088	MER0024896	29.008	131	86	2	122	246	337	466	3.86e-10	56.6
EKCJFHBI_01088	MER0011746	26.961	204	126	8	13	201	14	209	5.43e-11	58.9
EKCJFHBI_01088	MER0004532	25.701	214	141	5	4	211	5	206	2.66e-10	55.8
EKCJFHBI_01088	MER0010972	22.010	209	149	1	2	210	3	197	3.88e-10	55.8
EKCJFHBI_01088	MER0005462	29.384	211	135	7	1	208	2	201	7.74e-10	54.7
EKCJFHBI_01088	MER0002038	24.667	150	104	3	63	209	60	203	6.10e-07	46.2
EKCJFHBI_01088	MER0001244	24.107	224	137	8	1	202	2	214	8.60e-07	45.8
EKCJFHBI_01171	MER0036044	32.051	156	93	5	8	158	20	167	2.74e-15	71.6
EKCJFHBI_01171	MER0036027	25.514	243	148	8	54	267	9	247	6.40e-14	67.0
EKCJFHBI_01171	MER0031563	33.962	106	61	3	57	157	12	113	3.51e-13	64.7
EKCJFHBI_01171	MER0031570	32.727	110	69	2	54	158	9	118	8.76e-13	63.9
EKCJFHBI_01171	MER0029616	28.814	118	63	3	59	155	1	118	2.57e-10	57.4
EKCJFHBI_01171	MER0034548	25.000	180	119	5	59	226	17	192	5.08e-10	55.8
EKCJFHBI_01171	MER0078701	29.060	117	67	4	51	151	9	125	8.33e-09	52.8
EKCJFHBI_01171	MER0036046	27.972	143	78	5	57	174	5	147	9.77e-09	52.0
EKCJFHBI_01171	MER0077885	29.915	117	66	4	51	151	18	134	1.78e-08	51.6
EKCJFHBI_01171	MER0036039	29.000	100	55	2	67	150	23	122	1.78e-08	51.2
EKCJFHBI_01171	MER0034727	29.915	117	66	4	51	151	9	125	2.43e-08	51.2
EKCJFHBI_01171	MER0033241	30.328	122	63	5	51	153	12	130	4.03e-08	50.4
EKCJFHBI_01171	MER0043201	33.333	111	57	5	53	147	12	121	4.37e-08	50.4
EKCJFHBI_01171	MER0042911	25.444	169	96	6	57	204	5	164	4.37e-08	50.1
EKCJFHBI_01171	MER0034726	29.060	117	67	4	51	151	9	125	7.61e-08	49.7
EKCJFHBI_01171	MER0036030	29.060	117	63	4	59	155	10	126	7.97e-08	49.3
EKCJFHBI_01171	MER0078925	29.032	124	70	5	49	155	7	129	1.03e-07	49.3
EKCJFHBI_01171	MER0034730	29.060	117	67	4	51	151	9	125	1.38e-07	48.9
EKCJFHBI_01171	MER0034723	28.571	126	64	6	51	155	9	129	1.42e-07	48.9
EKCJFHBI_01171	MER0033220	29.839	124	65	6	51	155	9	129	2.05e-07	48.5
EKCJFHBI_01171	MER0034745	26.496	117	70	4	51	151	9	125	2.60e-07	48.1
EKCJFHBI_01171	MER0043147	30.476	105	57	3	62	151	2	105	3.09e-07	47.8
EKCJFHBI_01171	MER0033224	29.508	122	64	6	53	155	10	128	3.09e-07	47.8
EKCJFHBI_01171	MER0034728	28.205	117	68	4	51	151	9	125	3.94e-07	47.4
EKCJFHBI_01171	MER0034742	30.000	130	74	5	42	155	1	129	4.88e-07	47.4
EKCJFHBI_01171	MER0034665	32.632	95	58	3	65	153	27	121	6.32e-07	46.6
EKCJFHBI_01171	MER0037852	29.412	119	68	4	51	153	9	127	9.60e-07	46.2
EKCJFHBI_01171	MER0030934	29.060	117	65	5	49	147	9	125	1.17e-06	46.2
EKCJFHBI_01171	MER0036028	30.841	107	55	3	68	155	24	130	2.42e-06	44.7
EKCJFHBI_01171	MER0033213	29.032	124	62	6	53	155	11	129	3.38e-06	44.7
EKCJFHBI_01171	MER0077889	26.613	124	75	4	45	152	2	125	3.61e-06	44.7
EKCJFHBI_01171	MER0036370	29.592	98	62	2	57	147	17	114	4.60e-06	43.1
EKCJFHBI_01171	MER0033188	25.984	127	74	6	46	152	3	129	5.27e-06	44.3
EKCJFHBI_01171	MER0034961	28.713	101	52	3	71	158	36	129	5.35e-06	43.9
EKCJFHBI_01171	MER0003558	27.059	170	108	6	69	223	39	207	8.99e-06	43.1
EKCJFHBI_01171	MER0033226	27.848	158	91	8	51	186	10	166	9.30e-06	43.1
EKCJFHBI_01199	MER0001244	39.163	263	145	6	175	425	2	261	3.54e-56	183
EKCJFHBI_01199	MER0013463	34.572	269	149	8	175	426	2	260	2.13e-46	157
EKCJFHBI_01199	MER0001733	30.584	291	158	6	176	423	3	292	4.74e-41	144
EKCJFHBI_01199	MER0028601	30.370	270	162	10	176	425	3	266	1.05e-35	129
EKCJFHBI_01199	MER0004931	31.950	241	138	5	175	411	2	220	5.45e-32	118
EKCJFHBI_01199	MER0004532	32.218	239	129	6	175	406	2	214	1.38e-30	114
EKCJFHBI_01199	MER0005462	29.412	238	142	5	175	408	2	217	3.32e-28	108
EKCJFHBI_01199	MER0005715	31.873	251	135	7	175	419	2	222	3.22e-27	105
EKCJFHBI_01199	MER0001248	28.512	242	121	8	231	425	16	252	3.82e-26	103
EKCJFHBI_01199	MER0001250	26.174	298	152	10	176	419	3	286	1.84e-18	82.0
EKCJFHBI_01199	MER0002038	25.281	178	107	4	231	404	59	214	5.98e-14	67.8
EKCJFHBI_01199	MER0002039	28.877	187	101	7	229	406	62	225	1.21e-12	64.3
EKCJFHBI_01199	MER0027437	29.050	179	95	8	231	400	67	222	8.33e-12	62.0
EKCJFHBI_01199	MER0004321	25.668	187	104	9	230	404	63	226	2.26e-10	57.8
EKCJFHBI_01199	MER0003105	24.335	263	153	11	174	414	1	239	1.57e-08	52.4
EKCJFHBI_01199	MER0014518	26.738	187	96	9	230	400	64	225	6.92e-08	50.4
EKCJFHBI_01210	MER0004480	25.064	391	222	12	12	398	1	324	1.18e-17	80.5
EKCJFHBI_01210	MER0897124	28.216	241	130	6	219	436	198	418	1.40e-17	81.3
EKCJFHBI_01210	MER0897124	30.526	95	62	2	81	174	147	238	1.75e-06	46.6
EKCJFHBI_01210	MER0897124	35.135	74	46	1	11	84	7	78	8.54e-06	44.7
EKCJFHBI_01210	MER0004468	26.971	241	133	6	219	436	198	418	3.47e-17	80.1
EKCJFHBI_01210	MER0004468	29.474	95	63	2	81	174	147	238	4.35e-06	45.4
EKCJFHBI_01210	MER0004468	38.462	65	38	1	11	75	7	69	7.56e-06	44.7
EKCJFHBI_01210	MER0004469	32.031	128	81	2	3	130	2	123	1.29e-13	68.9
EKCJFHBI_01210	MER0004474	25.984	127	81	5	15	140	89	203	1.43e-07	50.1
EKCJFHBI_01210	MER0004471	26.984	126	81	4	15	140	95	209	7.87e-07	47.8
EKCJFHBI_01229	MER0013829	32.424	330	211	7	3	328	6	327	5.17e-51	170
EKCJFHBI_01229	MER0005169	31.792	346	226	5	3	346	6	343	1.36e-49	166
EKCJFHBI_01229	MER0005472	32.416	327	204	6	9	334	12	322	2.17e-43	150
EKCJFHBI_01229	MER0004410	26.648	349	238	8	2	342	5	343	9.94e-36	130
EKCJFHBI_01229	MER0002043	27.042	355	231	8	8	345	11	354	6.85e-33	122
EKCJFHBI_01229	MER0002046	28.896	308	197	10	32	336	35	323	5.22e-32	119
EKCJFHBI_01229	MER0005160	29.276	304	196	9	34	334	36	323	7.62e-30	114
EKCJFHBI_01229	MER0002040	28.803	309	196	10	54	350	59	355	2.09e-25	102
EKCJFHBI_01229	MER0022215	27.389	314	199	9	38	342	40	333	1.17e-24	99.8
EKCJFHBI_01229	MER0025084	22.472	356	241	14	1	341	4	339	1.53e-10	58.5
EKCJFHBI_01254	MER0003336	65.116	129	40	2	188	311	1	129	1.90e-56	177
EKCJFHBI_01254	MER0011465	41.379	116	63	2	188	303	1	111	1.03e-22	89.4
EKCJFHBI_01254	MER0017622	33.480	227	120	10	51	249	16	239	5.11e-20	84.7
EKCJFHBI_01254	MER0003299	47.253	91	48	0	188	278	1	91	1.49e-16	72.4
EKCJFHBI_01254	MER0003338	33.333	111	70	2	188	297	1	108	2.72e-15	68.9
EKCJFHBI_01254	MER0003303	32.432	111	68	3	188	297	1	105	3.89e-12	59.7
EKCJFHBI_01254	MER0013976	33.333	111	67	4	188	297	1	105	2.84e-11	57.0
EKCJFHBI_01254	MER0016969	31.193	109	61	4	188	290	1	101	4.87e-08	48.9
EKCJFHBI_01315	MER0011781	25.000	280	147	11	38	316	17	234	2.55e-11	60.8
EKCJFHBI_01315	MER0011806	23.077	273	137	12	38	304	17	222	4.96e-09	54.3
EKCJFHBI_01350	MER0044622	40.838	191	102	6	6	188	28	215	7.64e-41	135
EKCJFHBI_01350	MER0045094	39.683	189	105	5	6	188	14	199	7.17e-40	133
EKCJFHBI_01350	MER0043394	40.244	164	94	3	28	188	1	163	6.01e-38	125
EKCJFHBI_01350	MER0044882	40.351	171	94	6	26	188	1	171	1.25e-35	120
EKCJFHBI_01350	MER0043392	39.437	142	77	5	49	187	23	158	5.86e-28	100
EKCJFHBI_01350	MER0043195	31.000	200	117	6	9	188	10	208	1.13e-20	83.2
EKCJFHBI_01350	MER0045095	32.212	208	115	6	6	187	17	224	6.95e-17	73.2
EKCJFHBI_01350	MER0044619	28.272	191	126	8	5	188	9	195	1.03e-16	72.4
EKCJFHBI_01350	MER0043537	30.435	184	121	6	6	186	2	181	7.09e-16	69.3
EKCJFHBI_01350	MER0044812	24.719	178	121	6	5	177	54	223	1.37e-10	55.5
EKCJFHBI_01350	MER0045945	27.684	177	117	4	15	187	41	210	7.95e-10	53.1
EKCJFHBI_01350	MER0436691	29.323	133	80	6	46	172	101	225	4.93e-08	48.5
EKCJFHBI_01350	MER0043540	28.030	132	80	5	47	173	85	206	1.05e-06	44.3
EKCJFHBI_01350	MER0043387	29.167	144	95	4	46	187	27	165	2.40e-06	42.7
EKCJFHBI_01350	MER0044889	29.730	111	76	2	77	187	91	199	2.67e-06	43.1
EKCJFHBI_01350	MER0115185	26.471	136	86	5	47	177	8	134	4.92e-06	41.6
EKCJFHBI_01372	MER0001299	33.190	464	293	8	92	542	52	511	1.20e-73	243
EKCJFHBI_01372	MER0011114	38.860	193	117	1	339	530	181	373	3.73e-38	142
EKCJFHBI_01372	MER0321345	37.500	168	99	3	353	516	9	174	2.69e-31	117
EKCJFHBI_01372	MER0321345	27.389	157	110	3	99	253	1	155	5.43e-13	64.7
EKCJFHBI_01372	MER0003812	36.905	168	100	3	353	516	9	174	1.64e-30	115
EKCJFHBI_01372	MER0003812	27.389	157	110	3	99	253	1	155	1.62e-12	63.5
EKCJFHBI_01372	MER0001300	40.000	160	89	5	357	513	9	164	2.66e-23	94.4
EKCJFHBI_01372	MER0013957	33.136	169	113	0	345	513	1	169	8.25e-23	93.2
EKCJFHBI_01372	MER0044046	31.183	186	127	1	345	530	1	185	2.99e-21	88.6
EKCJFHBI_01372	MER0001303	21.893	169	131	1	345	513	1	168	1.20e-07	49.3
EKCJFHBI_01395	MER0195376	32.367	207	106	9	479	675	1	183	4.96e-14	68.2
EKCJFHBI_01397	MER0002489	29.897	194	129	3	43	234	9	197	3.84e-20	88.2
EKCJFHBI_01397	MER0011700	33.333	195	100	7	56	230	18	202	1.27e-19	86.7
EKCJFHBI_01397	MER0026262	25.915	328	190	10	56	374	18	301	6.75e-19	84.3
EKCJFHBI_01397	MER0000459	27.957	186	117	5	58	237	26	200	4.45e-16	75.9
EKCJFHBI_01397	MER0005925	24.490	196	129	5	41	227	4	189	1.56e-15	74.3
EKCJFHBI_01397	MER0140154	26.344	186	123	5	56	230	3	185	1.53e-14	71.2
EKCJFHBI_01397	MER1143079	31.183	186	91	8	56	233	13	169	1.08e-13	68.2
EKCJFHBI_01397	MER0017069	28.342	187	106	5	54	230	10	178	3.01e-13	67.4
EKCJFHBI_01397	MER0004154	28.415	183	108	5	56	230	18	185	1.78e-12	65.1
EKCJFHBI_01397	MER0003800	22.703	370	203	13	56	365	32	378	5.50e-11	60.8
EKCJFHBI_01397	MER0003802	28.814	177	101	9	58	231	19	173	1.88e-10	58.5
EKCJFHBI_01397	MER0000457	23.762	202	139	5	39	238	6	194	1.41e-09	56.2
EKCJFHBI_01397	MER0028284	23.500	200	135	5	40	236	2	186	1.65e-09	55.8
EKCJFHBI_01397	MER0005964	22.857	210	137	5	39	240	2	194	2.87e-09	55.1
EKCJFHBI_01397	MER0005836	23.529	204	143	7	35	234	7	201	1.94e-08	52.0
EKCJFHBI_01397	MER0354941	25.854	205	106	8	56	234	12	196	2.36e-08	50.8
EKCJFHBI_01397	MER0006204	21.053	209	132	4	40	230	6	199	6.65e-08	51.2
EKCJFHBI_01397	MER0015683	25.592	211	139	6	30	236	14	210	1.70e-07	49.3
EKCJFHBI_01397	MER0005923	32.692	104	53	3	54	150	27	120	4.37e-07	48.5
EKCJFHBI_01397	MER0219770	24.324	185	114	6	56	231	16	183	6.08e-07	47.8
EKCJFHBI_01397	MER0122661	21.429	252	162	7	81	329	43	261	1.08e-06	47.0
EKCJFHBI_01397	MER0004090	24.390	205	124	8	56	245	25	213	2.71e-06	45.8
EKCJFHBI_01400	MER0026469	32.115	383	256	3	21	400	2	383	2.13e-58	192
EKCJFHBI_01400	MER0026472	30.964	197	123	6	22	207	1	195	2.21e-21	90.5
EKCJFHBI_01400	MER0026472	32.353	68	42	1	329	392	215	282	5.71e-07	47.8
EKCJFHBI_01410	MER0005767	29.467	319	182	8	53	368	27	305	9.12e-34	125
EKCJFHBI_01410	MER0030136	23.210	405	273	13	5	383	2	394	4.39e-15	73.6
EKCJFHBI_01410	MER0030151	21.357	398	289	13	5	383	2	394	3.65e-10	58.2
EKCJFHBI_01410	MER0030143	20.596	403	286	12	5	383	2	394	1.19e-08	53.5
EKCJFHBI_01410	MER0030155	26.667	120	86	1	5	122	2	121	4.92e-07	48.5
EKCJFHBI_01410	MER0001495	34.694	98	57	3	4	95	1	97	1.16e-06	47.0
EKCJFHBI_01460	MER0031610	35.772	246	145	6	16	252	55	296	7.12e-40	137
EKCJFHBI_01460	MER0031617	26.217	267	165	10	4	246	22	280	1.89e-12	62.8
EKCJFHBI_01460	MER0044900	24.265	272	180	7	13	258	92	363	7.80e-12	61.2
EKCJFHBI_01460	MER0044858	27.758	281	155	14	17	256	57	330	1.15e-10	57.8
EKCJFHBI_01460	MER0036076	25.403	248	161	14	11	248	58	291	4.31e-10	55.8
EKCJFHBI_01460	MER0208880	33.036	112	66	3	11	113	8	119	8.17e-10	54.7
EKCJFHBI_01460	MER0036069	25.468	267	172	13	3	253	68	323	2.69e-09	53.5
EKCJFHBI_01460	MER0017142	30.435	115	73	3	7	121	6	113	2.75e-09	53.1
EKCJFHBI_01460	MER0036115	28.358	134	87	4	4	130	23	154	1.06e-08	51.6
EKCJFHBI_01460	MER0031616	24.000	275	170	10	16	257	40	308	1.67e-08	51.2
EKCJFHBI_01460	MER0004146	20.866	254	192	5	4	249	8	260	3.39e-08	50.1
EKCJFHBI_01460	MER0014065	21.498	307	160	14	11	247	30	325	4.05e-08	50.1
EKCJFHBI_01460	MER0037236	23.864	264	171	10	4	249	9	260	4.74e-08	49.7
EKCJFHBI_01460	MER0036068	23.282	262	160	12	11	248	49	293	5.70e-08	49.3
EKCJFHBI_01460	MER0044350	29.348	184	89	10	16	170	2	173	6.31e-07	46.2
EKCJFHBI_01460	MER0036057	25.391	256	148	14	16	249	63	297	1.28e-06	45.4
EKCJFHBI_01460	MER0036072	20.285	281	156	10	9	245	72	328	1.96e-06	45.1
EKCJFHBI_01460	MER0036084	26.957	115	75	3	7	115	11	122	3.03e-06	44.3
EKCJFHBI_01460	MER0033259	28.571	147	88	6	4	140	20	159	4.14e-06	43.5
EKCJFHBI_01460	MER0036067	20.312	256	161	13	15	246	51	287	7.53e-06	43.1
EKCJFHBI_01477	MER0069741	43.478	115	63	2	200	314	51	163	1.46e-26	100
EKCJFHBI_01477	MER0003380	45.370	108	56	2	208	314	127	232	1.08e-25	100
EKCJFHBI_01477	MER0013541	49.425	87	43	1	219	305	1	86	2.25e-22	87.0
EKCJFHBI_01477	MER0001419	36.220	127	74	3	196	316	9	134	1.42e-16	72.8
EKCJFHBI_01477	MER0003423	36.585	123	71	3	200	316	13	134	1.65e-16	72.4
EKCJFHBI_01477	MER0003376	37.634	93	52	1	219	305	45	137	3.12e-15	69.7
EKCJFHBI_01477	MER0015415	31.343	134	75	3	172	304	32	149	2.44e-14	67.0
EKCJFHBI_01477	MER0003906	36.559	93	56	2	219	309	1	92	3.16e-14	65.1
EKCJFHBI_01477	MER0387040	32.075	106	62	3	219	319	1	101	6.82e-09	50.1
EKCJFHBI_01477	MER0066182	30.769	130	78	4	195	319	70	192	1.23e-08	51.2
EKCJFHBI_01581	MER0001295	45.652	184	89	3	371	552	2	176	1.66e-44	154
EKCJFHBI_01581	MER0001425	41.279	172	65	6	396	552	19	169	1.00e-25	101
EKCJFHBI_01581	MER0001297	41.549	142	73	3	370	511	1	132	1.39e-23	95.1
EKCJFHBI_01581	MER0003413	42.202	109	62	1	403	511	26	133	7.31e-21	87.4
EKCJFHBI_01581	MER0003065	36.145	166	92	5	387	551	10	162	8.73e-21	87.0
EKCJFHBI_01581	MER0004196	34.177	158	90	4	396	551	19	164	9.00e-19	81.3
EKCJFHBI_01581	MER0003514	34.615	182	99	6	370	551	1	162	3.71e-18	79.3
EKCJFHBI_01581	MER0015684	36.585	123	70	4	393	511	16	134	9.21e-17	75.5
EKCJFHBI_01581	MER0005714	34.228	149	81	4	372	512	3	142	4.22e-15	70.9
EKCJFHBI_01581	MER0004195	34.959	123	69	4	394	511	17	133	4.72e-13	64.7
EKCJFHBI_01594	MER0001425	43.750	160	78	3	205	356	5	160	1.93e-33	122
EKCJFHBI_01594	MER0003514	37.821	156	95	2	202	357	2	155	8.09e-31	114
EKCJFHBI_01594	MER0001297	38.562	153	92	2	205	357	5	155	2.13e-30	113
EKCJFHBI_01594	MER0004196	39.241	158	94	2	201	357	1	157	7.16e-30	112
EKCJFHBI_01594	MER0003413	36.774	155	97	1	203	357	3	156	1.52e-28	108
EKCJFHBI_01594	MER0003065	35.484	155	98	2	203	357	3	155	1.01e-27	106
EKCJFHBI_01594	MER0005714	33.742	163	101	1	202	357	2	164	1.77e-26	102
EKCJFHBI_01594	MER0001295	40.157	127	75	1	203	329	3	128	5.02e-25	99.0
EKCJFHBI_01594	MER0004195	34.839	155	96	2	205	357	5	156	2.15e-24	97.1
EKCJFHBI_01594	MER0015684	30.137	146	102	0	205	350	5	150	1.81e-20	85.9
EKCJFHBI_01594	MER0195376	27.211	147	83	2	203	325	1	147	2.92e-06	44.7
EKCJFHBI_01626	MER0060647	36.438	365	205	7	9	360	1	351	2.74e-65	208
EKCJFHBI_01626	MER0078640	34.332	367	205	9	9	359	1	347	9.33e-61	196
EKCJFHBI_01626	MER0044812	41.949	236	121	3	148	370	12	244	7.76e-56	180
EKCJFHBI_01626	MER0045945	41.204	216	118	5	148	363	7	213	8.12e-49	161
EKCJFHBI_01626	MER0043540	35.714	210	131	2	151	359	14	220	2.39e-42	144
EKCJFHBI_01626	MER0046161	37.838	222	119	4	160	367	33	249	1.61e-40	141
EKCJFHBI_01626	MER0436691	31.673	281	146	4	91	363	2	244	3.24e-39	137
EKCJFHBI_01626	MER0115185	46.575	146	68	3	215	356	2	141	5.33e-37	128
EKCJFHBI_01626	MER0043537	24.457	184	99	6	192	355	15	178	1.14e-06	45.4
EKCJFHBI_01638	MER0000485	41.296	247	140	2	575	816	2	248	1.95e-56	191
EKCJFHBI_01638	MER0003442	45.078	193	102	2	617	806	29	220	1.69e-48	168
EKCJFHBI_01638	MER0011056	44.041	193	104	2	617	806	29	220	5.29e-47	164
EKCJFHBI_01638	MER0014970	37.885	227	130	3	594	809	55	281	8.60e-47	166
EKCJFHBI_01638	MER0000495	37.190	242	141	3	575	806	2	242	1.05e-45	161
EKCJFHBI_01638	MER0003443	43.299	194	105	2	611	799	27	220	2.11e-45	159
EKCJFHBI_01638	MER0011057	43.069	202	110	3	609	806	20	220	5.93e-45	158
EKCJFHBI_01638	MER0000488	37.662	231	138	3	575	802	2	229	6.08e-43	152
EKCJFHBI_01638	MER0004236	36.434	258	131	6	575	802	2	256	8.38e-41	147
EKCJFHBI_01638	MER0005837	37.391	230	120	6	575	789	2	222	7.39e-39	142
EKCJFHBI_01638	MER0000496	38.916	203	117	3	595	791	76	277	1.15e-36	137
EKCJFHBI_01638	MER0108906	36.864	236	138	5	575	806	2	230	1.97e-32	122
EKCJFHBI_01638	MER0026213	31.081	148	94	3	660	803	111	254	1.92e-18	82.8
EKCJFHBI_01638	MER0017402	30.496	141	88	2	644	780	41	175	3.39e-15	72.4
EKCJFHBI_01638	MER0003859	30.189	159	104	2	652	810	77	228	2.17e-14	70.5
EKCJFHBI_01638	MER0003359	30.864	162	103	3	632	786	45	204	6.79e-13	65.9
EKCJFHBI_01638	MER0003017	35.821	67	43	0	712	778	66	132	2.50e-07	48.1
EKCJFHBI_01638	MER0017403	31.034	87	60	0	694	780	93	179	1.31e-06	47.4
EKCJFHBI_01694	MER0044357	28.000	225	127	8	5	199	32	251	1.27e-15	73.9
EKCJFHBI_01694	MER0044357	30.275	109	71	2	208	315	340	444	3.44e-08	51.2
EKCJFHBI_01713	MER0000474	51.579	190	92	0	28	217	15	204	1.16e-73	219
EKCJFHBI_01713	MER0004857	54.651	172	77	1	46	217	34	204	1.52e-66	201
EKCJFHBI_01713	MER0006046	49.735	189	95	0	28	216	15	203	7.98e-66	199
EKCJFHBI_01713	MER0005687	48.128	187	92	1	31	217	27	208	4.38e-64	195
EKCJFHBI_01713	MER0002211	47.090	189	100	0	29	217	16	204	2.16e-61	187
EKCJFHBI_01713	MER0002299	45.503	189	103	0	27	215	8	196	1.86e-59	182
EKCJFHBI_01713	MER0004855	40.385	208	113	2	9	216	9	205	9.87e-56	173
EKCJFHBI_01713	MER0006063	44.505	182	101	0	35	216	23	204	2.07e-55	172
EKCJFHBI_01713	MER0004847	46.354	192	102	1	27	217	14	205	7.55e-55	171
EKCJFHBI_01713	MER0006056	46.512	172	91	1	45	216	37	207	4.03e-53	167
EKCJFHBI_01713	MER0004182	42.197	173	100	0	44	216	27	199	3.28e-48	154
EKCJFHBI_01713	MER0006308	39.106	179	108	1	40	217	17	195	2.02e-46	149
EKCJFHBI_01713	MER0011666	38.462	169	102	2	50	216	17	185	6.37e-41	135
EKCJFHBI_01713	MER0001369	35.802	81	50	1	71	151	52	130	1.44e-06	43.1
EKCJFHBI_01782	MER0005813	23.677	359	188	17	33	350	10	323	1.28e-06	48.1
EKCJFHBI_01874	MER0001244	38.403	263	146	4	270	518	1	261	1.11e-55	185
EKCJFHBI_01874	MER0028601	37.828	267	147	6	270	518	1	266	3.85e-51	173
EKCJFHBI_01874	MER0013463	36.293	259	155	3	270	518	1	259	1.96e-47	163
EKCJFHBI_01874	MER0004931	34.298	242	133	6	271	507	2	222	1.21e-38	138
EKCJFHBI_01874	MER0001733	32.979	282	144	7	270	507	1	281	5.93e-38	138
EKCJFHBI_01874	MER0005462	29.289	239	141	5	270	502	1	217	1.98e-31	118
EKCJFHBI_01874	MER0001248	28.112	249	132	7	316	518	5	252	1.45e-27	108
EKCJFHBI_01874	MER0004532	31.197	234	134	6	270	498	1	212	7.32e-26	102
EKCJFHBI_01874	MER0005715	30.544	239	136	6	271	500	2	219	1.22e-21	90.9
EKCJFHBI_01874	MER0002038	28.992	238	142	5	271	502	2	218	1.98e-20	87.4
EKCJFHBI_01874	MER0001250	25.442	283	160	8	272	507	3	281	2.86e-15	73.2
EKCJFHBI_01874	MER0027437	26.829	246	135	11	270	494	1	222	2.02e-11	61.2
EKCJFHBI_01874	MER0013929	24.155	207	137	5	273	473	4	196	1.30e-08	52.8
EKCJFHBI_01874	MER0004321	29.787	188	89	9	328	498	65	226	9.13e-08	50.4
EKCJFHBI_01874	MER0016544	27.368	190	95	9	328	500	85	248	1.54e-06	46.6
EKCJFHBI_01874	MER0016542	26.131	199	101	9	310	494	78	244	4.55e-06	45.4
EKCJFHBI_01874	MER0013450	21.012	257	162	7	274	504	3	244	7.40e-06	44.3
EKCJFHBI_01878	MER0001978	43.284	536	292	5	27	554	18	549	1.10e-151	444
EKCJFHBI_01878	MER0011811	36.235	494	272	10	31	503	25	496	4.10e-76	248
EKCJFHBI_01878	MER0011800	32.917	480	304	10	32	503	26	495	1.91e-75	247
EKCJFHBI_01878	MER0011211	30.071	562	342	14	12	543	1	541	2.87e-71	235
EKCJFHBI_01878	MER0001629	30.725	524	337	12	13	520	2	515	8.29e-70	231
EKCJFHBI_01878	MER0011143	33.465	508	306	15	14	506	7	497	1.14e-68	228
EKCJFHBI_01878	MER0005029	31.608	541	322	18	40	551	1	522	1.64e-67	224
EKCJFHBI_01878	MER0011215	31.518	514	316	15	31	525	2	498	2.65e-66	221
EKCJFHBI_01878	MER0003580	31.434	509	318	10	29	522	23	515	2.90e-63	214
EKCJFHBI_01878	MER0006124	31.495	562	326	20	29	557	23	558	4.65e-63	213
EKCJFHBI_01878	MER0005831	29.960	494	305	15	29	498	23	499	1.90e-60	206
EKCJFHBI_01878	MER0002728	32.000	525	303	16	50	537	47	554	2.77e-60	206
EKCJFHBI_01878	MER0004194	31.600	500	296	18	41	515	1	479	1.15e-53	187
EKCJFHBI_01878	MER0011193	27.799	518	338	19	29	526	20	521	6.59e-49	174
EKCJFHBI_01878	MER0002720	29.480	519	288	17	43	548	17	470	5.46e-47	168
EKCJFHBI_01878	MER0004202	26.629	537	340	12	32	551	9	508	7.32e-47	168
EKCJFHBI_01878	MER0001977	26.316	532	321	18	37	525	31	534	4.81e-40	150
EKCJFHBI_01878	MER0016970	25.360	556	350	19	29	556	22	540	7.47e-33	129
EKCJFHBI_01878	MER0003440	25.682	440	264	12	23	453	17	402	2.56e-29	117
EKCJFHBI_01878	MER0094876	23.792	538	367	14	32	553	3	513	4.36e-29	117
EKCJFHBI_01878	MER0006132	23.175	630	358	18	32	560	26	630	1.37e-27	114
EKCJFHBI_01878	MER0002718	42.336	137	78	1	368	503	54	190	2.61e-26	103
EKCJFHBI_01878	MER0026204	30.472	233	147	4	13	237	2	227	3.29e-26	103
EKCJFHBI_01878	MER0002721	32.597	181	92	4	368	520	37	215	5.65e-21	89.4
EKCJFHBI_01878	MER0026205	35.065	154	97	3	368	520	37	188	3.40e-20	86.7
EKCJFHBI_01878	MER0001976	32.468	154	91	5	368	520	37	178	1.08e-14	70.5
EKCJFHBI_01878	MER0037241	32.203	118	77	1	122	236	111	228	4.40e-14	68.9
EKCJFHBI_01878	MER0026207	28.758	153	82	4	368	520	37	162	9.77e-12	61.2
EKCJFHBI_01878	MER0159283	28.108	185	99	6	31	209	8	164	2.01e-11	62.4
EKCJFHBI_01878	MER0016605	27.568	185	100	6	30	208	7	163	9.44e-11	60.5
EKCJFHBI_01886	MER0015473	35.461	141	79	5	50	178	40	180	1.31e-11	58.5
EKCJFHBI_01886	MER0015462	34.940	83	52	1	38	120	39	119	2.33e-11	57.8
EKCJFHBI_01886	MER0048181	31.690	142	79	4	49	174	3	142	1.02e-10	55.1
EKCJFHBI_01886	MER0015458	25.455	220	121	9	6	191	3	213	1.06e-10	56.6
EKCJFHBI_01886	MER0015632	27.500	160	95	5	39	188	37	185	4.63e-09	51.6
EKCJFHBI_01886	MER0015459	26.950	141	91	3	39	178	42	171	2.92e-08	49.3
EKCJFHBI_01886	MER0030047	28.467	137	86	4	50	179	1	132	5.11e-07	44.7
EKCJFHBI_01886	MER0020201	26.923	182	108	5	45	214	56	224	1.49e-06	44.3
EKCJFHBI_01886	MER0015472	25.564	133	96	1	50	179	48	180	2.29e-06	43.5
EKCJFHBI_01886	MER0035036	26.804	194	115	8	1	179	41	222	5.94e-06	42.7
EKCJFHBI_01886	MER0015465	23.000	200	131	7	4	195	1	185	9.19e-06	41.6
EKCJFHBI_01914	MER0065588	46.429	196	102	3	1	193	1	196	2.76e-58	178
EKCJFHBI_01993	MER0004090	25.000	224	132	9	82	276	17	233	5.21e-11	60.5
EKCJFHBI_01993	MER0281397	23.762	202	130	5	120	301	4	201	7.55e-11	58.2
EKCJFHBI_01993	MER0028284	25.269	186	117	7	76	247	2	179	7.69e-07	47.4
EKCJFHBI_01993	MER0122661	20.803	274	167	8	120	351	56	321	3.12e-06	45.4
EKCJFHBI_02107	MER0000576	39.130	115	67	3	37	149	1	114	5.81e-17	68.9
EKCJFHBI_02107	MER0022664	34.118	85	53	2	60	142	40	123	2.25e-07	44.3
EKCJFHBI_02170	MER0069741	28.244	131	66	5	67	197	69	171	3.04e-10	56.2
EKCJFHBI_02170	MER0003423	34.234	111	47	3	68	177	32	117	2.20e-08	50.4
EKCJFHBI_02170	MER0003376	35.106	94	31	3	102	188	83	153	9.36e-08	48.9
EKCJFHBI_02170	MER0001419	33.036	112	49	3	67	177	31	117	4.89e-07	46.6
EKCJFHBI_02170	MER0003380	33.594	128	54	7	68	192	138	237	7.64e-06	44.3
EKCJFHBI_02172	MER0003414	26.506	166	104	7	42	205	5	154	4.40e-10	58.5
EKCJFHBI_02172	MER0005778	28.655	171	106	6	69	234	27	186	1.11e-09	57.0
EKCJFHBI_02172	MER0005764	28.571	168	102	6	63	225	22	176	2.51e-09	55.8
EKCJFHBI_02172	MER0010960	30.137	146	83	8	65	208	31	159	2.33e-08	53.1
EKCJFHBI_02172	MER0000428	27.329	161	91	5	58	212	15	155	4.55e-08	52.0
EKCJFHBI_02172	MER0006012	28.889	135	82	5	69	201	21	143	5.73e-08	48.9
EKCJFHBI_02172	MER0000426	27.374	179	101	9	40	212	2	157	8.93e-08	51.2
EKCJFHBI_02172	MER0004682	26.857	175	110	7	65	237	26	184	2.44e-07	49.7
EKCJFHBI_02172	MER0011754	27.168	173	103	7	63	225	22	181	3.01e-07	49.3
EKCJFHBI_02172	MER0005833	28.859	149	88	6	62	208	21	153	4.26e-07	48.9
EKCJFHBI_02172	MER0005684	28.655	171	96	8	42	205	6	157	5.57e-07	48.5
EKCJFHBI_02172	MER0004128	29.605	152	94	5	61	210	582	722	5.74e-07	49.3
EKCJFHBI_02172	MER1152302	28.873	142	86	5	69	208	26	154	7.05e-07	48.1
EKCJFHBI_02172	MER0020180	28.873	142	86	5	69	208	1122	1250	7.14e-07	48.9
EKCJFHBI_02172	MER0020180	26.429	140	89	5	67	205	32	158	3.31e-06	46.6
EKCJFHBI_02172	MER0004615	28.402	169	90	8	44	205	11	155	8.52e-07	48.1
EKCJFHBI_02172	MER0006018	29.518	166	98	9	43	205	6	155	1.31e-06	47.4
EKCJFHBI_02172	MER0011762	26.012	173	110	7	42	212	6	162	2.73e-06	46.2
EKCJFHBI_02172	MER0013916	26.761	213	121	10	65	268	26	212	2.87e-06	46.2
EKCJFHBI_02172	MER0015618	25.118	211	127	10	65	268	26	212	5.10e-06	45.4
EKCJFHBI_02172	MER0005701	26.163	172	105	7	63	225	22	180	5.94e-06	45.4
EKCJFHBI_02172	MER0005597	28.378	148	84	7	69	208	28	161	6.84e-06	45.1
EKCJFHBI_02172	MER0013917	25.714	175	113	7	65	237	26	185	7.39e-06	45.1
EKCJFHBI_02172	MER0001944	24.852	169	101	7	63	225	23	171	9.08e-06	44.7
EKCJFHBI_02172	MER0003541	26.174	149	90	8	65	211	28	158	9.12e-06	44.7
EKCJFHBI_02282	MER0034539	50.485	206	102	0	2	207	1	206	3.62e-70	221
EKCJFHBI_02282	MER0033254	36.364	143	84	4	28	165	23	163	2.08e-22	93.6
EKCJFHBI_02307	MER0005244	35.912	181	116	0	261	441	3	183	8.67e-37	131
EKCJFHBI_02307	MER0005241	31.628	215	131	7	261	459	3	217	1.84e-21	90.1
EKCJFHBI_02307	MER0001284	32.283	127	74	2	263	377	36	162	1.64e-15	73.2
EKCJFHBI_02307	MER0004514	34.343	99	54	2	250	340	26	121	2.43e-13	66.6
EKCJFHBI_02307	MER0005238	35.455	110	62	4	262	364	66	173	1.59e-11	61.6
EKCJFHBI_02307	MER0002104	31.818	110	66	3	262	364	66	173	1.75e-11	61.6
EKCJFHBI_02307	MER0100667	27.317	205	127	7	261	453	22	216	2.10e-10	57.4
EKCJFHBI_02307	MER0015691	30.968	155	96	5	262	408	52	203	2.13e-10	57.8
EKCJFHBI_02307	MER0001288	27.273	176	120	6	241	415	2	170	1.44e-09	55.1
EKCJFHBI_02307	MER0015336	33.735	83	50	2	262	341	61	141	1.57e-09	55.5
EKCJFHBI_02307	MER0037181	26.728	217	126	7	262	453	65	273	2.00e-09	55.5
EKCJFHBI_02307	MER0005149	38.554	83	45	2	263	341	65	145	3.30e-09	54.7
EKCJFHBI_02307	MER0002161	34.615	78	50	1	262	339	65	141	5.11e-09	53.9
EKCJFHBI_02307	MER0005239	30.588	85	53	2	261	341	67	149	3.14e-08	51.6
EKCJFHBI_02307	MER0005131	24.545	220	141	10	255	452	30	246	1.13e-07	49.7
EKCJFHBI_02307	MER0005139	30.952	84	52	2	262	341	62	143	3.00e-07	48.5
EKCJFHBI_02307	MER0001911	27.083	144	91	5	261	395	39	177	3.50e-07	48.1
EKCJFHBI_02348	MER0042827	57.576	99	42	0	981	1079	1	99	4.09e-33	120
EKCJFHBI_02439	MER0195376	29.907	214	104	9	280	478	1	183	6.94e-13	64.3
EKCJFHBI_02453	MER0015121	27.397	146	86	3	30	159	31	172	2.41e-08	52.0
EKCJFHBI_02453	MER0107602	32.653	98	52	4	61	154	67	154	2.23e-06	45.8
EKCJFHBI_02453	MER0003817	28.800	125	67	4	30	135	31	152	3.68e-06	45.1
EKCJFHBI_02479	MER0002161	24.837	306	162	11	43	324	16	277	1.84e-14	69.7
EKCJFHBI_02479	MER0005139	35.455	110	62	2	103	211	62	163	4.37e-14	68.6
EKCJFHBI_02479	MER0015691	33.913	115	66	2	97	209	44	150	1.97e-12	63.2
EKCJFHBI_02479	MER0001284	44.828	87	41	4	103	186	35	117	2.86e-12	62.8
EKCJFHBI_02479	MER0194228	26.818	220	126	7	119	330	2	194	8.62e-12	60.5
EKCJFHBI_02479	MER0001289	25.806	248	152	6	90	330	48	270	1.32e-11	60.8
EKCJFHBI_02479	MER0005238	35.238	105	60	1	104	208	67	163	3.64e-11	59.7
EKCJFHBI_02479	MER0005131	25.751	233	142	8	104	324	38	251	9.48e-11	58.2
EKCJFHBI_02479	MER0015336	26.540	211	129	6	104	307	62	253	1.21e-10	58.2
EKCJFHBI_02479	MER0005239	33.945	109	63	2	102	209	67	167	1.83e-10	57.8
EKCJFHBI_02479	MER0001288	27.197	239	119	10	102	319	21	225	2.45e-10	57.0
EKCJFHBI_02479	MER0037181	26.772	254	135	10	90	323	54	276	1.10e-09	55.5
EKCJFHBI_02479	MER0002104	30.476	105	65	2	104	208	67	163	3.93e-09	53.5
EKCJFHBI_02479	MER0100667	24.017	229	142	6	99	323	19	219	3.95e-09	53.1
EKCJFHBI_02479	MER0005149	32.407	108	64	3	104	210	65	164	6.09e-09	53.1
EKCJFHBI_02479	MER0004514	32.432	111	65	4	103	209	35	139	8.84e-09	52.4
EKCJFHBI_02479	MER0002105	26.733	202	126	7	104	301	58	241	2.39e-08	51.2
EKCJFHBI_02479	MER0005152	33.735	83	47	1	104	186	60	134	2.95e-08	50.8
EKCJFHBI_02479	MER0015688	29.630	162	85	7	116	259	68	218	3.20e-07	47.8
EKCJFHBI_02479	MER0026972	32.967	91	54	2	104	194	40	123	5.19e-07	47.0
EKCJFHBI_02479	MER0001290	26.163	172	108	5	48	208	41	204	9.97e-07	46.6
EKCJFHBI_02479	MER0005241	30.000	90	55	2	102	189	3	86	1.46e-06	45.4
