BNLAHGGM_00088	MER0034539	55.769	208	90	2	2	208	1	207	1.94e-80	248
BNLAHGGM_00088	MER0033254	33.597	253	135	10	2	226	1	248	2.41e-28	110
BNLAHGGM_00088	MER0011781	33.333	117	64	5	61	165	85	199	2.76e-06	45.8
BNLAHGGM_00094	MER0492485	30.534	131	72	6	39	169	7	118	2.66e-08	48.9
BNLAHGGM_00104	MER0001283	45.155	485	258	4	2	480	2	484	4.70e-144	419
BNLAHGGM_00104	MER0047723	42.737	475	267	2	5	474	1	475	5.35e-140	408
BNLAHGGM_00104	MER0028941	28.571	168	96	5	15	170	6	161	4.16e-10	58.2
BNLAHGGM_00104	MER0369336	25.523	239	135	9	63	288	8	216	3.73e-08	51.6
BNLAHGGM_00110	MER0237414	25.263	190	128	6	49	226	3	190	4.12e-13	66.2
BNLAHGGM_00110	MER0003448	22.596	208	151	4	46	245	1	206	2.20e-07	49.3
BNLAHGGM_00110	MER0039456	23.214	168	116	4	83	239	40	205	2.81e-07	48.5
BNLAHGGM_00111	MER0195774	36.158	177	113	0	30	206	1	177	9.92e-39	135
BNLAHGGM_00111	MER0001233	28.111	217	137	6	30	233	2	212	1.14e-14	70.5
BNLAHGGM_00111	MER0001229	23.902	205	155	1	30	234	2	205	1.36e-14	69.7
BNLAHGGM_00111	MER0043985	23.902	205	155	1	30	234	2	205	2.32e-14	69.3
BNLAHGGM_00111	MER0003543	27.679	224	149	5	30	248	2	217	3.22e-14	68.6
BNLAHGGM_00111	MER0004423	26.816	179	125	3	55	233	22	194	2.98e-13	65.9
BNLAHGGM_00111	MER0003448	23.671	207	157	1	30	236	2	207	2.06e-11	60.5
BNLAHGGM_00111	MER0001218	28.042	189	121	6	29	206	25	209	1.49e-10	57.8
BNLAHGGM_00111	MER0122186	26.064	188	129	4	24	206	16	198	3.14e-10	56.6
BNLAHGGM_00111	MER0002283	36.735	98	59	2	24	120	20	115	9.95e-10	55.1
BNLAHGGM_00111	MER0015259	30.488	164	102	7	30	187	26	183	1.21e-09	55.1
BNLAHGGM_00111	MER0390687	24.841	157	117	1	47	203	11	166	1.21e-09	53.9
BNLAHGGM_00111	MER0001214	26.897	145	92	3	29	161	25	167	1.73e-09	54.3
BNLAHGGM_00111	MER0003386	36.585	82	51	1	30	110	26	107	1.23e-08	52.0
BNLAHGGM_00111	MER0015090	22.330	206	156	3	30	234	2	204	4.99e-08	50.4
BNLAHGGM_00111	MER0002423	36.145	83	52	1	29	110	25	107	1.05e-07	49.3
BNLAHGGM_00111	MER0002008	26.667	195	127	8	30	216	2	188	1.43e-07	49.3
BNLAHGGM_00111	MER0014333	26.733	202	135	6	30	221	2	200	1.78e-07	48.9
BNLAHGGM_00111	MER0001220	23.223	211	137	6	48	242	2	203	2.10e-07	48.1
BNLAHGGM_00111	MER0002345	32.955	88	58	1	24	110	20	107	8.89e-07	46.6
BNLAHGGM_00111	MER0003823	31.818	88	59	1	24	110	20	107	1.23e-06	45.8
BNLAHGGM_00111	MER0188967	24.907	269	166	11	66	306	3	263	1.39e-06	47.0
BNLAHGGM_00111	MER0011744	24.490	196	117	8	30	206	26	209	1.78e-06	45.4
BNLAHGGM_00111	MER0011096	30.488	82	56	1	30	110	26	107	5.80e-06	43.9
BNLAHGGM_00111	MER0001222	22.680	194	132	7	24	206	20	206	5.97e-06	43.9
BNLAHGGM_00117	MER0045479	25.098	255	158	7	30	279	28	254	2.94e-15	70.9
BNLAHGGM_00117	MER0031565	28.319	226	138	9	30	249	28	235	1.33e-14	68.9
BNLAHGGM_00117	MER0036038	27.511	229	136	9	30	249	28	235	3.45e-14	67.8
BNLAHGGM_00117	MER0036036	24.348	230	152	6	30	253	28	241	3.87e-11	58.9
BNLAHGGM_00117	MER0031569	22.363	237	141	9	30	249	24	234	4.82e-07	46.6
BNLAHGGM_00131	MER0031431	34.969	163	84	6	66	212	1	157	9.13e-20	80.5
BNLAHGGM_00131	MER0031432	33.333	141	82	4	66	197	1	138	1.20e-19	80.1
BNLAHGGM_00131	MER0031433	33.333	141	82	4	66	197	1	138	1.20e-19	80.1
BNLAHGGM_00131	MER0034659	31.361	169	85	7	66	216	1	156	1.69e-16	71.6
BNLAHGGM_00131	MER0038141	27.551	98	65	2	116	209	57	152	5.34e-07	45.1
BNLAHGGM_00131	MER0002601	24.242	132	70	6	104	234	26	128	3.68e-06	42.4
