PEMAJCJK_00019	MER0001026	36.705	346	167	12	236	574	15	315	6.50e-46	162
PEMAJCJK_00019	MER0001025	36.949	295	154	7	280	574	56	318	6.15e-43	154
PEMAJCJK_00019	MER0029719	35.103	339	174	13	238	574	12	306	6.18e-38	140
PEMAJCJK_00019	MER0001029	35.260	346	171	15	238	574	13	314	9.84e-36	134
PEMAJCJK_00019	MER0004744	34.343	297	137	11	297	574	63	320	5.67e-35	132
PEMAJCJK_00019	MER0001032	36.396	283	126	13	295	574	69	300	1.07e-34	130
PEMAJCJK_00019	MER0002103	32.861	353	169	15	239	574	19	320	7.33e-33	126
PEMAJCJK_00019	MER0029961	35.390	308	148	13	288	574	74	351	1.52e-32	125
PEMAJCJK_00019	MER0004711	33.784	296	144	13	283	574	52	299	1.26e-28	113
PEMAJCJK_00019	MER0001047	32.107	299	144	14	283	574	60	306	9.59e-28	110
PEMAJCJK_00019	MER0033481	29.655	290	141	12	304	574	79	324	1.03e-20	90.5
PEMAJCJK_00019	MER0115298	29.818	275	152	13	307	574	50	290	2.88e-19	85.5
PEMAJCJK_00019	MER0091601	33.668	199	106	9	307	499	50	228	2.79e-18	82.8
PEMAJCJK_00019	MER0029796	31.658	199	98	5	358	556	122	282	9.99e-17	78.2
PEMAJCJK_00019	MER0001045	29.455	275	153	12	307	574	83	323	1.45e-16	78.2
PEMAJCJK_00019	MER0002810	29.720	286	147	13	297	575	78	316	3.53e-15	73.9
PEMAJCJK_00019	MER0001024	36.184	152	72	6	349	499	107	234	5.72e-15	72.8
PEMAJCJK_00019	MER0001039	34.722	144	69	5	358	499	134	254	3.04e-14	71.2
PEMAJCJK_00019	MER0029943	32.367	207	104	8	358	558	115	291	4.22e-14	70.1
PEMAJCJK_00019	MER0001043	35.915	142	67	5	358	499	122	239	7.65e-14	69.7
PEMAJCJK_00019	MER0020240	31.414	191	98	7	358	539	122	288	1.10e-10	60.1
PEMAJCJK_00019	MER0024591	25.503	149	87	4	353	499	128	254	9.56e-06	44.7
PEMAJCJK_00027	MER0039993	39.235	706	406	11	25	717	1	696	4.32e-161	478
PEMAJCJK_00027	MER0014366	36.544	706	422	9	21	717	24	712	3.07e-149	448
PEMAJCJK_00027	MER0217397	35.000	700	413	11	39	717	1	679	1.28e-127	391
PEMAJCJK_00027	MER0501051	41.245	257	144	6	22	275	1	253	4.60e-53	185
PEMAJCJK_00027	MER0501051	45.161	155	77	4	566	718	253	401	1.26e-32	127
PEMAJCJK_00046	MER0001161	39.265	680	402	6	1	671	1	678	2.64e-165	487
PEMAJCJK_00046	MER0001158	35.747	663	418	7	14	671	18	677	2.63e-139	420
PEMAJCJK_00046	MER0006087	33.864	691	433	12	3	672	12	699	2.29e-129	395
PEMAJCJK_00046	MER0015119	33.609	726	410	19	3	672	8	717	3.12e-124	382
PEMAJCJK_00046	MER0001149	30.826	678	437	12	11	671	14	676	2.05e-102	324
PEMAJCJK_00046	MER0108144	30.746	657	419	14	37	671	20	662	3.02e-94	302
PEMAJCJK_00046	MER0003110	30.312	706	414	18	30	671	24	715	2.26e-87	285
PEMAJCJK_00046	MER0001153	31.825	641	387	16	62	671	71	692	2.91e-87	285
PEMAJCJK_00046	MER0001942	32.040	593	371	13	92	671	103	676	7.99e-87	283
PEMAJCJK_00046	MER0079465	28.393	560	367	14	130	671	91	634	1.96e-70	238
PEMAJCJK_00046	MER0015170	26.230	549	374	11	121	666	105	625	7.25e-54	192
PEMAJCJK_00046	MER0001156	27.442	645	388	22	61	648	63	684	1.30e-49	181
PEMAJCJK_00046	MER0021317	35.616	73	47	0	428	500	15	87	4.37e-09	50.8
PEMAJCJK_00046	MER0059435	21.321	333	205	11	324	612	337	656	2.58e-06	47.4
PEMAJCJK_00093	MER0035089	42.056	321	181	5	144	462	33	350	3.72e-74	234
PEMAJCJK_00093	MER0001236	41.853	313	173	5	151	460	175	481	1.88e-73	236
PEMAJCJK_00093	MER0001235	37.594	399	235	8	70	463	95	484	2.46e-72	233
PEMAJCJK_00093	MER0001238	35.561	374	219	9	96	457	119	482	9.20e-65	213
PEMAJCJK_00093	MER0024892	36.240	367	213	9	108	460	38	397	1.57e-63	208
PEMAJCJK_00093	MER0041673	33.713	439	267	10	32	455	40	469	4.54e-62	206
PEMAJCJK_00093	MER0026959	43.015	272	146	7	192	458	3	270	1.12e-59	194
PEMAJCJK_00093	MER0004597	34.454	357	212	10	118	461	1	348	4.15e-59	195
PEMAJCJK_00093	MER0003825	39.048	315	181	6	150	457	129	439	3.28e-58	195
PEMAJCJK_00093	MER0014397	37.224	317	195	4	144	458	39	353	5.13e-56	187
PEMAJCJK_00093	MER0004598	33.427	356	215	10	118	460	1	347	2.84e-55	184
PEMAJCJK_00093	MER0002497	35.882	340	204	8	130	459	91	426	5.44e-55	186
PEMAJCJK_00093	MER0003919	37.304	319	187	9	152	463	58	370	8.79e-55	184
PEMAJCJK_00093	MER0001910	35.938	320	195	8	149	461	176	492	1.96e-52	181
PEMAJCJK_00093	MER0002271	33.422	377	228	10	96	459	118	484	1.90e-48	170
PEMAJCJK_00093	MER0105906	35.625	320	186	10	148	457	160	469	1.84e-44	159
PEMAJCJK_00093	MER0011357	32.448	339	204	9	131	458	194	518	2.93e-42	154
PEMAJCJK_00093	MER0013416	33.138	341	203	9	129	458	49	375	1.03e-41	149
PEMAJCJK_00093	MER0001240	33.143	350	214	12	108	445	131	472	2.31e-37	139
PEMAJCJK_00093	MER0079520	32.386	176	106	7	212	377	243	415	1.80e-14	72.0
PEMAJCJK_00093	MER0081108	28.302	318	187	16	149	431	145	456	2.14e-13	68.6
PEMAJCJK_00109	MER0013450	42.400	250	142	2	1	249	1	249	7.49e-68	207
PEMAJCJK_00109	MER0001243	34.677	248	160	2	1	247	3	249	9.57e-48	156
PEMAJCJK_00109	MER0001342	33.065	248	164	2	1	248	3	248	1.50e-40	137
PEMAJCJK_00109	MER0005690	35.242	227	140	4	26	248	24	247	6.77e-40	135
PEMAJCJK_00109	MER0015127	33.613	238	155	3	12	249	14	248	3.63e-39	133
PEMAJCJK_00109	MER0015128	32.627	236	157	2	12	247	14	247	4.49e-38	130
PEMAJCJK_00109	MER0013589	31.429	245	165	3	3	247	1	242	8.89e-36	124
PEMAJCJK_00109	MER0013929	30.800	250	168	5	1	249	3	248	1.94e-32	116
PEMAJCJK_00109	MER0003880	34.463	177	103	4	30	204	24	189	5.51e-22	89.4
PEMAJCJK_00109	MER0010972	24.473	237	159	3	11	247	13	229	1.48e-16	73.6
PEMAJCJK_00109	MER0024896	32.847	137	84	2	122	252	337	471	6.35e-15	70.5
PEMAJCJK_00109	MER0024896	31.707	82	55	1	33	114	35	115	5.36e-09	53.1
PEMAJCJK_00109	MER0011746	24.771	218	139	8	12	214	14	221	7.92e-09	52.0
PEMAJCJK_00109	MER0004931	24.699	166	116	4	74	237	71	229	1.16e-08	50.8
PEMAJCJK_00109	MER0064643	35.227	88	47	3	61	140	68	153	6.27e-08	49.3
PEMAJCJK_00109	MER0005497	33.333	90	53	3	61	147	68	153	2.20e-07	47.8
PEMAJCJK_00109	MER0029983	45.902	61	26	3	61	118	76	132	3.47e-07	47.4
PEMAJCJK_00109	MER0005715	24.064	187	116	6	3	177	5	177	2.08e-06	44.3
PEMAJCJK_00109	MER0004532	27.885	104	73	2	76	178	72	174	3.87e-06	43.5
PEMAJCJK_00128	MER0034615	59.109	247	100	1	382	628	1	246	3.52e-111	331
PEMAJCJK_00128	MER0000263	37.705	244	142	5	389	628	4	241	1.30e-50	172
PEMAJCJK_00128	MER0016096	34.034	238	152	3	394	628	9	244	2.25e-44	155
PEMAJCJK_00128	MER0011583	32.806	253	144	8	390	631	11	248	4.10e-31	119
PEMAJCJK_00128	MER0000408	25.333	225	159	5	391	610	11	231	3.10e-19	84.7
PEMAJCJK_00128	MER0005196	25.660	265	162	9	373	623	3	246	7.34e-17	77.8
PEMAJCJK_00128	MER0001423	28.571	238	144	7	390	616	1	223	1.85e-16	75.9
PEMAJCJK_00128	MER0017401	28.054	221	131	6	393	597	8	216	3.29e-16	75.5
PEMAJCJK_00128	MER0058228	25.000	224	154	4	391	610	7	220	3.90e-13	66.6
PEMAJCJK_00128	MER0000403	27.673	159	105	4	361	517	1	151	5.88e-13	66.2
PEMAJCJK_00128	MER0004921	30.709	127	84	3	391	514	4	129	2.82e-12	63.9
PEMAJCJK_00128	MER0140224	24.336	226	163	4	406	626	14	236	3.32e-12	63.5
PEMAJCJK_00128	MER0000399	33.645	107	70	1	391	496	25	131	4.86e-12	63.5
PEMAJCJK_00128	MER0011413	26.104	249	162	6	391	630	4	239	6.47e-12	62.8
PEMAJCJK_00128	MER0000401	34.921	126	79	2	391	514	26	150	7.23e-12	63.2
PEMAJCJK_00128	MER0005807	27.232	224	132	9	368	583	30	230	1.13e-11	62.8
PEMAJCJK_00128	MER0018170	23.305	236	169	5	393	619	9	241	9.89e-11	59.3
PEMAJCJK_00128	MER0013484	25.306	245	163	8	394	630	7	239	1.05e-10	59.3
PEMAJCJK_00128	MER0001920	22.368	228	173	2	406	631	21	246	1.25e-10	58.9
PEMAJCJK_00128	MER0005987	22.984	248	179	4	367	610	2	241	1.88e-10	58.9
PEMAJCJK_00128	MER0195666	23.810	252	161	9	391	627	1	236	3.17e-10	57.8
PEMAJCJK_00128	MER0015682	25.532	235	159	5	396	626	82	304	5.68e-10	57.8
PEMAJCJK_00128	MER0003558	23.558	208	151	3	404	610	39	239	9.92e-10	56.6
PEMAJCJK_00128	MER0004504	32.432	111	65	3	393	496	1	108	8.50e-09	53.5
PEMAJCJK_00128	MER0022823	26.531	196	135	4	404	596	42	231	1.59e-08	53.1
PEMAJCJK_00128	MER0003361	24.590	244	161	9	392	633	20	242	2.15e-08	52.4
PEMAJCJK_00128	MER0004923	26.295	251	153	13	394	630	58	290	2.40e-08	52.8
PEMAJCJK_00128	MER0192427	30.827	133	75	5	393	517	68	191	4.65e-07	48.5
PEMAJCJK_00128	MER0011305	26.056	142	99	3	379	518	8	145	5.79e-07	48.1
PEMAJCJK_00128	MER0000405	27.966	118	80	3	384	496	23	140	8.60e-07	47.8
PEMAJCJK_00189	MER0492485	34.524	168	105	3	19	185	1	164	1.57e-26	96.7
PEMAJCJK_00239	MER0000576	29.915	117	78	4	34	148	1	115	4.18e-13	59.3
PEMAJCJK_00239	MER0022664	31.169	77	51	2	65	140	48	123	6.72e-07	42.7
PEMAJCJK_00239	MER0037220	34.146	82	48	3	47	122	23	104	4.27e-06	40.8
PEMAJCJK_00254	MER0209507	33.663	101	61	2	100	196	7	105	3.52e-10	52.8
PEMAJCJK_00254	MER0200434	34.000	100	61	2	100	194	12	111	2.20e-09	50.4
PEMAJCJK_00256	MER0005767	25.442	283	176	7	56	336	29	278	2.81e-11	60.8
PEMAJCJK_00261	MER0033259	27.354	223	142	8	30	240	30	244	7.77e-18	77.4
PEMAJCJK_00261	MER0035041	23.182	220	159	7	29	240	42	259	1.62e-10	57.0
PEMAJCJK_00261	MER0000431	27.857	140	86	6	1	133	1	132	8.49e-08	48.9
PEMAJCJK_00273	MER0065554	49.407	253	117	2	289	531	9	260	6.22e-82	253
PEMAJCJK_00273	MER0437468	36.963	349	205	5	197	531	1	348	1.17e-73	235
PEMAJCJK_00273	MER0436717	34.925	398	192	8	197	531	1	394	3.67e-60	201
PEMAJCJK_00322	MER0026494	31.042	480	305	7	1	462	4	475	3.21e-71	230
PEMAJCJK_00322	MER0015142	30.417	480	307	8	1	462	33	503	3.15e-68	223
PEMAJCJK_00322	MER0026471	30.655	473	292	9	12	459	16	477	1.90e-67	220
PEMAJCJK_00322	MER0052470	25.849	383	244	11	77	440	82	443	2.38e-22	96.3
PEMAJCJK_00322	MER0026485	32.227	211	123	7	1	198	4	207	2.40e-21	91.3
PEMAJCJK_00322	MER0026485	29.293	99	68	1	355	453	207	303	8.12e-10	56.6
PEMAJCJK_00322	MER0003397	32.812	192	111	6	19	198	23	208	9.59e-21	89.4
PEMAJCJK_00322	MER0003397	30.303	99	66	1	364	462	215	310	3.31e-11	60.8
PEMAJCJK_00322	MER0057434	28.986	207	125	8	6	198	1	199	6.72e-15	72.0
PEMAJCJK_00322	MER0057434	35.802	81	49	1	381	461	223	300	9.01e-09	53.5
PEMAJCJK_00322	MER0001272	29.577	142	83	4	22	162	12	137	5.87e-09	53.9
PEMAJCJK_00322	MER0369972	30.534	131	81	5	58	188	43	163	4.95e-07	48.5
PEMAJCJK_00322	MER0033183	34.118	85	49	2	75	159	76	153	5.07e-07	48.1
PEMAJCJK_00341	MER0028047	58.101	179	72	2	445	623	1	176	4.01e-66	212
PEMAJCJK_00341	MER0118932	23.832	214	127	5	430	607	6	219	5.61e-06	45.1
PEMAJCJK_00364	MER0000474	54.404	193	88	0	31	223	12	204	2.02e-76	226
PEMAJCJK_00364	MER0005687	53.158	190	84	1	33	222	23	207	4.90e-67	202
PEMAJCJK_00364	MER0002211	49.206	189	96	0	35	223	16	204	8.30e-64	194
PEMAJCJK_00364	MER0002299	48.663	187	96	0	37	223	12	198	2.02e-63	193
PEMAJCJK_00364	MER0004857	53.801	171	78	1	52	222	34	203	7.41e-63	192
PEMAJCJK_00364	MER0006046	47.090	189	100	0	34	222	15	203	1.00e-62	191
PEMAJCJK_00364	MER0004855	48.555	173	89	0	50	222	33	205	9.34e-59	181
PEMAJCJK_00364	MER0006063	47.802	182	95	0	41	222	23	204	1.09e-58	181
PEMAJCJK_00364	MER0004847	50.000	188	93	1	37	223	18	205	7.39e-58	179
PEMAJCJK_00364	MER0006056	47.239	163	85	1	60	222	46	207	1.41e-50	160
PEMAJCJK_00364	MER0004182	40.299	201	105	1	25	225	17	202	2.42e-47	152
PEMAJCJK_00364	MER0006308	41.040	173	101	1	50	221	21	193	7.80e-47	150
PEMAJCJK_00364	MER0011666	42.604	169	95	1	56	222	17	185	1.41e-43	142
PEMAJCJK_00364	MER0001369	40.741	81	46	1	77	157	52	130	3.29e-08	47.8
PEMAJCJK_00369	MER0031610	31.225	253	166	4	13	258	49	300	6.18e-39	134
PEMAJCJK_00369	MER0044858	26.689	296	161	15	5	252	37	324	6.36e-13	64.3
PEMAJCJK_00369	MER0014065	35.644	101	60	3	16	112	31	130	6.90e-11	58.5
PEMAJCJK_00369	MER0044900	21.723	267	168	8	20	252	96	355	2.65e-10	56.6
PEMAJCJK_00369	MER0036115	30.508	118	70	4	7	114	18	133	4.17e-09	52.8
PEMAJCJK_00369	MER0031619	31.250	112	71	3	11	117	19	129	5.99e-09	52.4
PEMAJCJK_00369	MER0036072	25.397	126	84	2	16	132	78	202	1.07e-08	52.0
PEMAJCJK_00369	MER0031617	21.094	256	180	7	13	249	29	281	3.54e-08	50.1
PEMAJCJK_00369	MER0017193	27.679	112	78	3	9	117	16	127	5.03e-08	49.7
PEMAJCJK_00369	MER0036053	23.952	167	110	6	12	167	2	162	5.21e-08	49.3
PEMAJCJK_00369	MER0037236	20.866	254	175	8	14	250	15	259	1.27e-07	48.1
PEMAJCJK_00369	MER0017142	30.097	103	67	2	19	121	15	112	1.29e-07	48.1
PEMAJCJK_00369	MER0011509	30.556	108	67	3	13	114	33	138	3.94e-07	47.0
PEMAJCJK_00369	MER0034563	26.667	150	91	4	16	161	10	144	4.34e-07	46.6
PEMAJCJK_00369	MER0017177	17.915	307	173	8	14	259	30	318	7.55e-07	46.2
PEMAJCJK_00369	MER0045479	25.296	253	153	10	14	259	28	251	2.16e-06	44.7
PEMAJCJK_00369	MER0036084	24.490	147	91	5	11	150	11	144	2.64e-06	44.3
PEMAJCJK_00369	MER0026339	31.731	104	69	2	16	117	22	125	3.15e-06	44.3
PEMAJCJK_00369	MER0043008	18.868	265	170	9	11	250	13	257	5.20e-06	43.5
PEMAJCJK_00369	MER0036069	37.838	74	38	4	49	115	110	182	6.65e-06	43.5
PEMAJCJK_00369	MER0036066	30.303	99	65	3	19	114	1	98	7.30e-06	42.7
PEMAJCJK_00369	MER0210990	33.333	78	49	1	42	116	54	131	8.53e-06	43.1
PEMAJCJK_00394	MER0036027	25.610	246	159	6	29	274	2	223	1.82e-12	63.2
PEMAJCJK_00394	MER0036044	24.382	283	189	8	7	289	29	286	9.17e-12	61.6
PEMAJCJK_00394	MER0031570	26.639	244	154	8	29	272	2	220	5.13e-11	58.9
PEMAJCJK_00394	MER0033236	21.714	175	119	4	30	192	1	169	5.11e-07	47.4
PEMAJCJK_00394	MER0033235	21.714	175	119	4	30	192	1	169	9.83e-07	46.6
PEMAJCJK_00394	MER0034961	32.292	96	57	4	58	151	36	125	1.20e-06	46.2
PEMAJCJK_00394	MER0001920	22.400	250	135	9	57	290	20	226	1.97e-06	45.1
PEMAJCJK_00394	MER0033188	25.000	112	79	2	38	144	13	124	2.01e-06	45.8
PEMAJCJK_00394	MER0034959	29.565	115	63	5	44	151	20	123	2.96e-06	45.1
PEMAJCJK_00394	MER0034548	28.926	121	74	6	30	148	3	113	3.05e-06	44.7
PEMAJCJK_00394	MER0033283	22.759	145	98	2	54	190	29	167	3.40e-06	45.1
PEMAJCJK_00394	MER0043138	28.571	112	69	2	38	141	14	122	3.72e-06	44.7
PEMAJCJK_00394	MER0031563	30.435	115	69	5	36	150	6	109	5.60e-06	43.5
PEMAJCJK_00394	MER0029616	27.273	110	69	2	53	153	12	119	7.60e-06	43.9
PEMAJCJK_00394	MER0033227	29.710	138	79	8	25	148	1	134	8.12e-06	43.9
PEMAJCJK_00409	MER0015121	26.901	171	93	6	8	150	6	172	4.60e-08	51.2
PEMAJCJK_00409	MER0013471	32.450	151	74	8	28	150	29	179	1.44e-07	49.7
PEMAJCJK_00409	MER0107602	27.972	143	86	4	17	142	13	155	1.69e-06	46.2
PEMAJCJK_00427	MER0002968	31.222	221	128	7	208	410	1	215	9.24e-22	91.3
PEMAJCJK_00427	MER0011440	32.444	225	125	9	214	418	1	218	2.36e-21	90.1
PEMAJCJK_00427	MER0015166	27.966	236	140	5	198	409	1	230	1.79e-20	87.8
PEMAJCJK_00427	MER0001012	31.081	222	128	7	208	410	1	216	8.42e-20	85.5
PEMAJCJK_00427	MER0002355	29.358	218	141	6	208	416	1	214	9.08e-20	85.5
PEMAJCJK_00427	MER0011438	32.353	204	111	7	214	397	1	197	1.86e-19	84.3
PEMAJCJK_00427	MER0036308	28.571	245	151	9	201	431	2	236	1.87e-19	85.1
PEMAJCJK_00427	MER0011720	29.126	206	139	2	208	410	1	202	4.24e-19	83.6
PEMAJCJK_00427	MER0001017	28.571	224	115	8	214	410	13	218	8.65e-19	83.2
PEMAJCJK_00427	MER0002003	29.018	224	131	6	208	410	1	217	1.16e-18	82.4
PEMAJCJK_00427	MER0011369	33.684	190	99	7	240	410	44	225	1.59e-18	82.0
PEMAJCJK_00427	MER0019759	30.256	195	116	4	232	410	20	210	1.90e-18	82.0
PEMAJCJK_00427	MER0005046	33.503	197	111	7	230	410	6	198	2.35e-18	80.9
PEMAJCJK_00427	MER0001701	28.641	206	121	5	230	415	6	205	3.33e-18	81.3
PEMAJCJK_00427	MER0011370	32.719	217	110	9	223	410	1	210	5.74e-18	80.1
PEMAJCJK_00427	MER0000997	31.771	192	113	4	230	404	21	211	9.70e-18	79.7
PEMAJCJK_00427	MER0028449	31.818	198	118	4	230	410	24	221	1.06e-17	79.7
PEMAJCJK_00427	MER0002422	31.351	185	116	4	237	411	24	207	1.10e-17	79.3
PEMAJCJK_00427	MER0019754	30.303	198	115	6	233	411	3	196	1.98e-17	78.2
PEMAJCJK_00427	MER0006264	29.412	187	108	6	242	410	2	182	3.17e-17	77.0
PEMAJCJK_00427	MER0002060	27.315	216	143	5	208	410	1	215	4.05e-17	77.8
PEMAJCJK_00427	MER0091680	29.557	203	116	8	232	415	11	205	6.64e-17	77.0
PEMAJCJK_00427	MER0005331	27.368	190	126	3	233	410	21	210	1.90e-16	75.5
PEMAJCJK_00427	MER0002746	30.808	198	112	7	232	410	20	211	2.93e-16	75.5
PEMAJCJK_00427	MER0011345	31.694	183	102	6	244	410	42	217	3.32e-16	75.9
PEMAJCJK_00427	MER0011423	29.032	217	130	8	214	410	2	214	1.12e-15	73.6
PEMAJCJK_00427	MER0004243	29.907	214	130	5	216	410	4	216	1.63e-15	73.2
PEMAJCJK_00427	MER0011371	31.395	172	97	5	253	407	41	208	5.54e-15	71.2
PEMAJCJK_00427	MER0001010	28.643	199	117	5	236	415	3	195	6.10e-15	71.2
PEMAJCJK_00427	MER0001009	34.752	141	71	5	290	415	20	154	6.83e-15	71.2
PEMAJCJK_00427	MER0002281	29.231	195	111	6	243	419	42	227	8.48e-15	71.6
PEMAJCJK_00427	MER0001013	30.769	208	113	9	222	410	22	217	9.31e-15	71.6
PEMAJCJK_00427	MER0005328	29.187	209	115	8	214	401	2	198	1.25e-14	70.1
PEMAJCJK_00427	MER0012283	31.515	165	97	4	258	411	57	216	2.39e-14	69.7
PEMAJCJK_00427	MER0011183	27.835	194	123	6	232	410	12	203	1.32e-13	67.8
PEMAJCJK_00427	MER0001003	31.694	183	106	6	243	409	5	184	1.34e-13	66.6
PEMAJCJK_00427	MER0005045	28.643	199	118	6	230	410	6	198	3.67e-13	65.9
PEMAJCJK_00427	MER0001185	27.778	198	120	7	230	410	24	215	3.79e-13	66.2
PEMAJCJK_00427	MER0052595	29.442	197	122	4	230	410	25	220	4.08e-13	66.2
PEMAJCJK_00427	MER0168983	26.316	171	112	4	245	411	3	163	9.36e-13	63.9
PEMAJCJK_00427	MER0016308	28.191	188	104	7	243	409	5	182	2.02e-12	63.2
PEMAJCJK_00427	MER0001005	26.816	179	105	8	244	404	1	171	2.49e-12	62.8
PEMAJCJK_00427	MER0002078	28.829	222	128	8	232	432	20	232	2.62e-12	63.9
PEMAJCJK_00427	MER0012271	27.322	183	114	5	244	412	43	220	3.34e-12	63.9
PEMAJCJK_00427	MER0002755	27.624	181	100	6	244	404	32	201	4.02e-12	62.8
PEMAJCJK_00427	MER0011175	25.571	219	132	6	214	410	1	210	6.10e-12	62.4
PEMAJCJK_00427	MER0001001	25.405	185	127	5	238	411	26	210	1.20e-11	61.6
PEMAJCJK_00427	MER0011401	27.439	164	102	5	258	404	38	201	1.32e-11	61.6
PEMAJCJK_00427	MER0026830	34.021	97	61	1	229	322	19	115	3.37e-11	59.7
PEMAJCJK_00427	MER0168177	32.540	126	82	3	288	411	40	164	2.44e-10	56.6
PEMAJCJK_00427	MER0171631	28.125	192	126	4	230	409	17	208	9.83e-10	55.8
PEMAJCJK_00427	MER0003916	24.365	197	129	4	228	410	4	194	1.24e-09	55.5
PEMAJCJK_00427	MER0011400	29.121	182	106	7	255	418	43	219	7.21e-09	53.9
PEMAJCJK_00427	MER0011399	24.286	210	137	5	214	406	2	206	1.03e-08	53.1
PEMAJCJK_00427	MER0002658	26.400	125	79	2	293	404	1	125	2.72e-08	50.8
PEMAJCJK_00427	MER0116688	34.066	91	56	2	237	323	25	115	7.95e-08	50.8
PEMAJCJK_00427	MER0026493	24.818	137	91	4	222	352	11	141	9.02e-08	49.3
PEMAJCJK_00427	MER0002210	35.443	79	45	2	257	329	2	80	1.08e-06	45.8
PEMAJCJK_00427	MER0002865	25.806	155	103	3	261	407	17	167	2.55e-06	45.4
PEMAJCJK_00427	MER0001525	22.816	206	126	8	217	395	12	211	6.21e-06	45.1
PEMAJCJK_00427	MER0003500	31.111	90	58	1	237	322	12	101	6.87e-06	44.3
PEMAJCJK_00561	MER0043394	40.491	163	94	2	26	186	1	162	1.51e-39	129
PEMAJCJK_00561	MER0045094	36.216	185	113	4	3	184	14	196	1.03e-36	124
PEMAJCJK_00561	MER0044622	38.298	188	111	4	3	186	28	214	6.74e-36	123
PEMAJCJK_00561	MER0044882	39.535	172	93	6	25	187	2	171	2.16e-34	117
PEMAJCJK_00561	MER0043392	34.043	141	89	3	47	187	23	159	3.21e-25	93.2
PEMAJCJK_00561	MER0043195	31.841	201	112	7	6	185	10	206	1.61e-18	77.4
PEMAJCJK_00561	MER0044619	28.646	192	128	6	1	187	8	195	2.71e-17	73.9
PEMAJCJK_00561	MER0043537	30.319	188	122	7	3	187	2	183	5.18e-17	72.0
PEMAJCJK_00561	MER0045095	28.169	213	125	7	1	187	15	225	3.51e-12	60.1
PEMAJCJK_00561	MER0045945	28.188	149	97	3	43	188	71	212	1.07e-10	55.5
PEMAJCJK_00561	MER0436691	30.075	133	82	4	44	172	101	226	1.40e-10	55.5
PEMAJCJK_00561	MER0044889	33.058	121	76	3	67	186	83	199	1.99e-09	52.4
PEMAJCJK_00561	MER0043540	27.941	136	84	3	45	176	85	210	8.51e-09	50.4
PEMAJCJK_00561	MER0044812	23.494	166	115	6	14	176	67	223	1.71e-08	49.7
PEMAJCJK_00561	MER0115185	25.185	135	92	3	45	177	8	135	3.18e-08	47.8
PEMAJCJK_00561	MER0038086	24.528	159	93	4	34	186	86	223	6.05e-07	45.1
PEMAJCJK_00561	MER0046161	27.152	151	86	6	42	182	101	237	6.48e-07	45.1
PEMAJCJK_00561	MER0436735	26.106	226	122	8	2	188	3	222	1.82e-06	43.9
PEMAJCJK_00561	MER0043387	27.381	168	113	7	21	186	5	165	3.63e-06	42.4
PEMAJCJK_00561	MER0042974	23.276	116	88	1	71	186	66	180	5.55e-06	42.0
PEMAJCJK_00561	MER0045886	27.027	111	78	2	75	185	85	192	9.29e-06	41.6
PEMAJCJK_00576	MER0033186	36.875	320	194	3	66	380	1	317	5.85e-64	205
PEMAJCJK_00582	MER0005694	53.169	284	128	3	437	718	1	281	6.33e-100	306
PEMAJCJK_00582	MER0015621	53.237	278	113	4	449	710	13	289	3.77e-98	302
PEMAJCJK_00582	MER0000392	52.000	275	122	4	453	718	7	280	4.01e-98	301
PEMAJCJK_00582	MER0022823	55.970	268	111	6	449	710	3	269	3.51e-96	296
PEMAJCJK_00582	MER0079308	50.752	266	127	4	452	715	6	269	5.75e-90	280
PEMAJCJK_00582	MER0002490	48.951	286	121	5	449	710	13	297	5.80e-90	281
PEMAJCJK_00582	MER0981959	49.281	278	123	5	449	710	2	277	8.76e-88	274
PEMAJCJK_00582	MER0011450	49.446	271	126	5	449	710	3	271	1.25e-85	268
PEMAJCJK_00582	MER0325901	46.350	274	142	5	449	718	1	273	1.63e-75	241
PEMAJCJK_00582	MER0000398	45.769	260	128	6	453	712	4	250	1.54e-63	209
PEMAJCJK_00582	MER0003229	37.050	278	166	6	439	715	2	271	1.43e-52	180
PEMAJCJK_00582	MER0000410	33.466	251	161	4	449	696	13	260	4.88e-42	151
PEMAJCJK_00582	MER0011872	29.286	280	190	5	443	716	7	284	3.41e-30	117
PEMAJCJK_00582	MER0082498	30.631	222	144	4	463	674	12	233	5.02e-26	105
PEMAJCJK_00582	MER0082653	27.481	262	168	8	463	703	16	276	4.94e-23	96.7
PEMAJCJK_00582	MER0004227	27.650	217	153	2	463	676	33	248	5.27e-21	91.3
PEMAJCJK_00582	MER0001920	27.189	217	142	9	502	710	35	243	1.54e-08	53.1
PEMAJCJK_00593	MER0001158	40.058	684	398	6	35	714	3	678	0.0	534
PEMAJCJK_00593	MER0001161	32.267	688	445	8	35	713	3	678	5.88e-130	397
PEMAJCJK_00593	MER0006087	32.148	703	437	16	35	713	12	698	6.36e-113	353
PEMAJCJK_00593	MER0015119	31.405	726	434	19	35	713	8	716	5.13e-108	341
PEMAJCJK_00593	MER0001149	30.590	644	413	13	81	713	56	676	6.03e-90	293
PEMAJCJK_00593	MER0108144	28.274	672	440	16	64	713	11	662	4.60e-78	260
PEMAJCJK_00593	MER0003110	29.318	689	410	15	81	713	48	715	3.14e-75	254
PEMAJCJK_00593	MER0001942	29.584	649	409	18	84	714	59	677	4.14e-72	244
PEMAJCJK_00593	MER0001153	28.098	694	452	18	46	713	20	692	8.60e-68	233
PEMAJCJK_00593	MER0079465	27.011	659	426	21	84	713	2	634	1.75e-53	192
PEMAJCJK_00593	MER0015170	23.697	633	440	14	84	711	34	628	1.32e-49	181
PEMAJCJK_00593	MER0001156	25.637	667	430	19	89	714	62	703	6.75e-48	177
PEMAJCJK_00593	MER0021317	31.646	79	54	0	464	542	9	87	1.35e-10	55.5
PEMAJCJK_00594	MER0492485	36.691	139	87	1	7	144	8	146	6.59e-32	109
PEMAJCJK_00603	MER0001243	38.866	247	149	2	2	246	3	249	1.93e-63	197
PEMAJCJK_00603	MER0001342	40.816	245	145	0	2	246	3	247	2.54e-57	181
PEMAJCJK_00603	MER0005690	37.917	240	148	1	7	246	8	246	1.32e-54	174
PEMAJCJK_00603	MER0015127	38.075	239	147	1	8	246	9	246	1.24e-49	161
PEMAJCJK_00603	MER0015128	36.287	237	145	3	13	246	14	247	1.12e-48	159
PEMAJCJK_00603	MER0013589	35.366	246	152	3	4	246	1	242	3.44e-46	152
PEMAJCJK_00603	MER0013929	34.694	245	159	1	2	246	3	246	2.87e-45	150
PEMAJCJK_00603	MER0013450	31.174	247	168	2	2	246	1	247	3.33e-42	142
PEMAJCJK_00603	MER0010972	25.417	240	161	2	7	246	8	229	2.56e-20	84.3
PEMAJCJK_00603	MER0004931	26.961	204	137	4	3	204	4	197	9.77e-18	77.0
PEMAJCJK_00603	MER0003880	28.804	184	116	5	32	211	25	197	1.90e-17	77.4
PEMAJCJK_00603	MER0005462	23.108	251	162	6	1	248	2	224	2.74e-11	58.9
PEMAJCJK_00603	MER0004532	26.108	203	139	3	3	204	4	196	2.77e-11	58.9
PEMAJCJK_00603	MER0024896	27.481	131	88	2	122	246	337	466	7.65e-11	58.9
PEMAJCJK_00603	MER0024896	26.549	113	83	0	4	116	5	117	3.66e-09	53.9
PEMAJCJK_00603	MER0011746	26.147	218	134	9	13	213	14	221	1.03e-09	55.1
PEMAJCJK_00603	MER0002038	25.641	156	109	4	77	230	74	224	2.28e-08	50.4
PEMAJCJK_00603	MER0001244	22.624	221	144	6	1	202	2	214	3.80e-08	50.1
PEMAJCJK_00605	MER0001233	39.749	239	135	1	38	267	1	239	1.21e-53	184
PEMAJCJK_00605	MER0014333	36.214	243	154	1	38	279	1	243	1.58e-52	181
PEMAJCJK_00605	MER0002008	30.275	218	130	6	38	247	1	204	1.03e-21	92.0
PEMAJCJK_00605	MER0003543	26.761	213	137	6	39	246	2	200	3.28e-19	84.7
PEMAJCJK_00605	MER0015090	29.146	199	122	6	39	232	2	186	2.05e-17	79.3
PEMAJCJK_00605	MER0390687	29.885	174	109	5	49	219	3	166	2.37e-16	74.7
PEMAJCJK_00605	MER0001229	26.484	219	147	4	38	253	1	208	5.05e-15	72.0
PEMAJCJK_00605	MER0043985	25.820	244	163	5	38	274	1	233	6.67e-15	72.0
PEMAJCJK_00605	MER0195774	29.570	186	120	6	39	222	1	177	4.52e-14	68.2
PEMAJCJK_00605	MER0003448	27.136	199	129	5	38	232	1	187	7.53e-14	68.9
PEMAJCJK_00605	MER0026957	25.926	189	122	3	64	241	21	202	9.58e-14	68.6
PEMAJCJK_00605	MER0188967	32.558	172	103	6	76	237	3	171	3.63e-13	69.7
PEMAJCJK_00605	MER0003909	25.215	349	219	13	76	396	6	340	4.11e-11	63.2
PEMAJCJK_00605	MER0011292	28.161	174	104	5	61	224	69	231	1.17e-09	56.6
PEMAJCJK_00605	MER0142407	25.888	197	129	7	76	261	4	194	3.44e-09	56.2
PEMAJCJK_00605	MER0035181	22.791	215	112	6	63	235	16	218	4.96e-09	54.7
PEMAJCJK_00605	MER0001220	29.327	208	112	9	61	250	5	195	7.13e-09	53.9
PEMAJCJK_00605	MER0169735	29.070	172	106	6	61	224	37	200	1.26e-08	53.1
PEMAJCJK_00605	MER0001222	29.208	202	110	12	38	224	25	208	1.35e-08	53.1
PEMAJCJK_00605	MER0122186	24.020	204	133	8	29	224	11	200	1.88e-08	52.4
PEMAJCJK_00605	MER0004423	23.077	182	108	6	76	247	33	192	4.10e-08	52.0
PEMAJCJK_00605	MER0001218	29.500	200	121	8	35	224	22	211	4.49e-08	51.6
PEMAJCJK_00605	MER0003386	34.545	110	60	6	26	130	11	113	2.16e-07	49.7
PEMAJCJK_00605	MER0011192	28.058	139	89	3	61	199	2	129	3.78e-07	47.8
PEMAJCJK_00605	MER0092828	28.070	114	74	3	63	175	24	130	3.87e-07	47.8
PEMAJCJK_00605	MER0024891	25.359	209	126	8	76	265	3	200	5.44e-07	49.7
PEMAJCJK_00605	MER0021876	24.762	210	136	8	39	240	1	196	2.12e-06	46.2
PEMAJCJK_00605	MER0002423	32.075	106	65	4	27	130	13	113	2.99e-06	46.2
PEMAJCJK_00605	MER0003823	31.776	107	66	4	38	142	25	126	5.74e-06	45.1
PEMAJCJK_00605	MER0003001	27.329	161	97	6	58	215	29	172	6.46e-06	44.3
PEMAJCJK_00605	MER0002283	27.273	198	122	10	38	224	25	211	9.27e-06	44.7
PEMAJCJK_00705	MER0001299	35.135	555	315	11	36	554	1	546	3.92e-87	278
PEMAJCJK_00705	MER0011114	31.481	432	235	7	89	519	2	373	6.73e-53	182
PEMAJCJK_00705	MER0321345	41.989	181	103	1	334	512	1	181	2.37e-39	139
PEMAJCJK_00705	MER0003812	41.622	185	106	1	334	516	1	185	2.96e-39	139
PEMAJCJK_00705	MER0044046	36.126	191	111	2	334	519	1	185	1.86e-27	106
PEMAJCJK_00705	MER0044046	26.190	168	109	7	114	274	26	185	2.66e-09	53.9
PEMAJCJK_00705	MER0013957	33.520	179	119	0	334	512	1	179	4.88e-25	99.4
PEMAJCJK_00705	MER0013957	32.308	130	79	3	137	263	52	175	8.96e-11	58.2
PEMAJCJK_00705	MER0001300	33.140	172	102	5	346	511	9	173	1.12e-20	87.0
PEMAJCJK_00705	MER0001303	23.858	197	141	3	334	526	1	192	2.78e-10	57.0
PEMAJCJK_00792	MER0026339	22.072	222	124	8	72	244	14	235	3.74e-09	53.1
PEMAJCJK_00792	MER0035035	25.444	169	110	8	73	232	26	187	1.49e-08	51.6
PEMAJCJK_00792	MER0031611	26.106	226	116	10	76	282	35	228	5.93e-08	49.7
PEMAJCJK_00792	MER0037863	24.500	200	117	9	76	250	64	254	1.62e-06	45.4
PEMAJCJK_00792	MER0031618	32.143	84	48	1	78	152	33	116	1.74e-06	45.1
PEMAJCJK_00792	MER0004146	22.979	235	129	7	79	264	18	249	1.91e-06	45.1
PEMAJCJK_00792	MER0031569	23.529	221	129	10	76	265	24	235	2.00e-06	45.1
PEMAJCJK_00792	MER0035032	28.846	156	93	8	73	220	22	167	4.39e-06	43.9
PEMAJCJK_00792	MER0036038	24.880	209	136	7	76	265	28	234	5.26e-06	43.5
PEMAJCJK_00792	MER0036064	25.926	162	112	4	77	232	24	183	5.99e-06	43.5
PEMAJCJK_00792	MER0035044	32.110	109	64	5	73	173	24	130	9.85e-06	43.1
PEMAJCJK_00832	MER0000410	62.278	281	104	1	426	706	1	279	4.08e-127	376
PEMAJCJK_00832	MER0082498	43.446	267	129	5	459	703	17	283	7.51e-70	227
PEMAJCJK_00832	MER0011872	38.290	269	163	2	443	708	16	284	1.32e-63	210
PEMAJCJK_00832	MER0005694	37.276	279	160	4	440	710	13	284	4.92e-55	187
PEMAJCJK_00832	MER0000392	34.296	277	163	6	440	703	3	273	7.82e-46	162
PEMAJCJK_00832	MER0079308	35.338	266	161	6	443	703	6	265	8.24e-46	161
PEMAJCJK_00832	MER0015621	32.993	294	173	5	429	703	2	290	5.62e-44	157
PEMAJCJK_00832	MER0002490	31.715	309	169	9	426	703	1	298	1.58e-41	150
PEMAJCJK_00832	MER0004227	33.209	268	172	2	449	709	28	295	1.23e-40	148
PEMAJCJK_00832	MER0981959	30.961	281	173	5	440	703	2	278	2.33e-37	138
PEMAJCJK_00832	MER0082653	32.432	259	154	7	445	683	7	264	7.87e-37	136
PEMAJCJK_00832	MER0325901	31.636	275	182	5	440	710	1	273	1.25e-36	135
PEMAJCJK_00832	MER0011450	32.432	259	157	7	440	686	3	255	2.76e-36	135
PEMAJCJK_00832	MER0022823	31.183	279	180	7	440	710	3	277	1.27e-35	133
PEMAJCJK_00832	MER0003229	30.258	271	175	6	440	706	11	271	9.10e-31	119
PEMAJCJK_00832	MER0000398	28.295	258	169	7	448	704	8	250	2.40e-24	99.8
PEMAJCJK_00932	MER0000332	39.149	235	105	11	249	480	34	233	1.54e-28	111
PEMAJCJK_00932	MER0002565	34.276	283	138	10	238	519	79	314	8.57e-27	108
PEMAJCJK_00932	MER0002575	35.981	214	109	9	288	499	71	258	2.07e-25	102
PEMAJCJK_00932	MER0000310	35.780	218	116	9	282	497	57	252	5.31e-24	98.6
PEMAJCJK_00932	MER0002057	33.214	280	135	11	262	494	65	339	9.68e-23	97.1
PEMAJCJK_00932	MER0001709	35.776	232	106	9	284	494	95	304	1.29e-22	95.9
PEMAJCJK_00932	MER0004690	32.270	282	152	13	245	499	42	311	1.82e-22	95.9
PEMAJCJK_00932	MER0004690	44.615	65	35	1	77	140	26	90	9.17e-09	54.3
PEMAJCJK_00932	MER0077555	35.111	225	113	9	277	497	57	252	3.01e-22	93.6
PEMAJCJK_00932	MER0001699	35.023	217	119	9	284	499	58	253	1.45e-21	91.7
PEMAJCJK_00932	MER0028365	32.967	273	142	14	249	503	81	330	2.04e-21	93.2
PEMAJCJK_00932	MER0028365	39.286	84	49	2	63	146	41	122	1.29e-10	60.1
PEMAJCJK_00932	MER0001928	32.727	220	122	8	283	501	57	251	4.18e-21	90.1
PEMAJCJK_00932	MER0054318	36.041	197	109	7	284	478	63	244	2.41e-20	89.0
PEMAJCJK_00932	MER0054318	36.364	55	33	1	86	138	19	73	7.52e-06	44.7
PEMAJCJK_00932	MER0000315	31.818	220	124	8	283	501	57	251	6.97e-20	86.7
PEMAJCJK_00932	MER0001520	32.407	216	120	8	283	497	57	247	8.99e-20	86.3
PEMAJCJK_00932	MER0001755	33.810	210	117	7	283	491	59	247	9.21e-20	86.3
PEMAJCJK_00932	MER0017009	30.204	245	133	11	284	512	114	336	9.57e-20	87.4
PEMAJCJK_00932	MER0017009	38.202	89	48	3	61	142	22	110	7.28e-09	54.3
PEMAJCJK_00932	MER0001521	33.333	210	118	7	283	491	59	247	1.41e-19	85.9
PEMAJCJK_00932	MER0000333	35.088	228	115	8	254	480	38	233	2.15e-19	85.1
PEMAJCJK_00932	MER0000313	33.333	210	118	7	283	491	59	247	2.28e-19	85.1
PEMAJCJK_00932	MER0000361	35.593	236	103	11	283	494	100	310	3.02e-19	85.9
PEMAJCJK_00932	MER0016978	32.231	242	118	9	286	502	76	296	3.07e-19	85.5
PEMAJCJK_00932	MER0001906	31.364	220	125	8	283	501	57	251	3.31e-19	84.7
PEMAJCJK_00932	MER0001523	33.333	210	118	7	283	491	59	247	4.53e-19	84.3
PEMAJCJK_00932	MER0000312	33.333	210	118	7	283	491	59	247	4.53e-19	84.3
PEMAJCJK_00932	MER0002267	34.101	217	116	8	284	497	67	259	8.26e-19	84.0
PEMAJCJK_00932	MER0005821	31.651	218	117	9	272	480	70	264	1.82e-18	84.7
PEMAJCJK_00932	MER0000309	35.023	217	119	8	282	497	57	252	2.69e-18	82.0
PEMAJCJK_00932	MER0000320	33.478	230	127	10	254	481	39	244	3.64e-18	82.0
PEMAJCJK_00932	MER0001725	29.965	287	171	11	249	534	62	319	1.01e-17	81.3
PEMAJCJK_00932	MER0006023	29.787	235	127	6	280	497	94	307	3.55e-17	79.7
PEMAJCJK_00932	MER0004085	31.760	233	121	10	284	496	92	306	4.27e-17	79.3
PEMAJCJK_00932	MER0000316	31.163	215	122	8	284	497	57	246	4.73e-17	78.2
PEMAJCJK_00932	MER0081072	36.364	220	107	12	283	497	56	247	4.76e-17	77.8
PEMAJCJK_00932	MER0000349	28.870	239	141	7	287	504	143	373	8.09e-17	79.3
PEMAJCJK_00932	MER0016697	32.130	277	122	15	241	480	50	297	2.71e-16	77.0
PEMAJCJK_00932	MER0013656	32.227	211	117	10	283	492	56	241	3.78e-16	75.5
PEMAJCJK_00932	MER0002562	31.967	244	113	9	282	497	111	329	6.80e-16	76.3
PEMAJCJK_00932	MER0014744	32.314	229	134	7	279	496	86	304	8.27e-16	75.5
PEMAJCJK_00932	MER0000311	33.796	216	121	7	283	497	59	253	1.11e-15	74.3
PEMAJCJK_00932	MER0000362	32.174	230	109	11	288	494	99	304	1.13e-15	75.1
PEMAJCJK_00932	MER0062058	31.915	235	132	8	256	484	33	245	2.88e-15	74.7
PEMAJCJK_00932	MER0062058	51.020	49	24	0	89	137	1	49	5.41e-11	61.2
PEMAJCJK_00932	MER0003536	28.788	264	139	9	254	497	46	280	3.82e-15	73.2
PEMAJCJK_00932	MER0000319	30.374	214	124	9	283	495	64	253	4.41e-15	72.8
PEMAJCJK_00932	MER0005931	34.722	216	119	7	283	497	27	221	5.81e-15	71.6
PEMAJCJK_00932	MER0000321	28.889	270	147	13	249	501	114	355	6.70e-15	73.2
PEMAJCJK_00932	MER0004720	29.078	282	138	14	234	497	23	260	1.13e-14	71.2
PEMAJCJK_00932	MER0005078	28.315	279	139	14	249	510	52	286	1.41e-14	71.2
PEMAJCJK_00932	MER0000326	29.520	271	139	11	235	494	22	251	2.14e-14	70.9
PEMAJCJK_00932	MER0016983	32.727	220	100	9	284	482	67	259	7.93e-14	69.3
PEMAJCJK_00932	MER0002790	31.746	252	148	10	288	529	1	238	1.30e-13	67.4
PEMAJCJK_00932	MER0006074	31.878	229	110	12	284	497	78	275	1.79e-13	68.2
PEMAJCJK_00932	MER0003117	30.739	257	126	10	242	485	35	252	2.90e-13	67.4
PEMAJCJK_00932	MER0050309	30.918	207	102	9	286	480	45	222	2.96e-13	68.6
PEMAJCJK_00932	MER0006037	30.435	230	115	9	264	478	49	248	6.45e-13	66.2
PEMAJCJK_00932	MER0161312	30.522	249	139	10	277	495	83	327	1.58e-12	65.9
PEMAJCJK_00932	MER0042897	33.488	215	122	9	284	497	62	256	1.90e-12	64.7
PEMAJCJK_00932	MER0030016	30.493	223	111	8	288	497	85	276	6.48e-12	63.2
PEMAJCJK_00932	MER0002516	30.415	217	116	10	283	494	77	263	1.17e-11	62.4
PEMAJCJK_00932	MER0000358	27.391	230	118	10	281	493	64	261	1.60e-11	62.8
PEMAJCJK_00932	MER0000359	30.469	256	124	13	256	499	66	279	1.63e-11	62.4
PEMAJCJK_00932	MER0016688	27.626	257	123	11	284	503	70	300	4.13e-11	61.2
PEMAJCJK_00932	MER0002500	28.906	256	138	8	276	505	145	382	5.03e-11	61.6
PEMAJCJK_00932	MER0005712	26.437	261	147	10	276	492	76	335	5.44e-11	61.2
PEMAJCJK_00932	MER0000350	25.911	247	140	7	284	494	86	325	6.09e-11	60.8
PEMAJCJK_00932	MER0067924	30.290	241	103	12	288	494	63	272	1.15e-10	59.3
PEMAJCJK_00932	MER0002764	27.434	226	126	8	260	476	57	253	1.71e-10	58.9
PEMAJCJK_00932	MER0022415	24.907	269	120	12	256	492	52	270	3.47e-10	58.9
PEMAJCJK_00932	MER0037258	30.804	224	133	10	288	497	80	295	5.62e-10	57.8
PEMAJCJK_00932	MER0014446	31.858	226	110	11	288	496	197	395	5.62e-10	58.2
PEMAJCJK_00932	MER0155676	28.750	240	138	9	284	498	121	352	6.13e-10	58.2
PEMAJCJK_00932	MER0000356	29.348	276	129	13	232	483	36	269	7.29e-10	57.8
PEMAJCJK_00932	MER0000357	29.572	257	123	14	256	497	54	267	8.13e-10	57.0
PEMAJCJK_00932	MER0013641	26.562	256	133	11	267	494	70	298	1.12e-09	57.4
PEMAJCJK_00932	MER0114485	26.244	221	132	7	288	478	106	325	1.30e-09	57.0
PEMAJCJK_00932	MER0000338	27.344	256	130	11	254	497	48	259	1.32e-09	56.2
PEMAJCJK_00932	MER0000340	28.044	271	125	16	256	501	52	277	1.79e-09	55.8
PEMAJCJK_00932	MER0024902	27.397	219	146	5	288	499	97	309	3.75e-09	55.1
PEMAJCJK_00932	MER0000335	27.381	252	126	12	254	493	46	252	5.77e-09	54.3
PEMAJCJK_00932	MER0015432	25.899	278	142	11	276	494	75	347	6.95e-09	54.7
PEMAJCJK_00932	MER0055027	33.557	149	74	6	264	399	38	174	7.50e-09	54.7
PEMAJCJK_00932	MER0000347	25.974	231	138	9	284	497	115	329	9.52e-09	54.7
PEMAJCJK_00932	MER0003020	27.344	256	133	9	275	480	214	466	1.33e-08	53.9
PEMAJCJK_00932	MER0000348	25.506	247	127	8	277	477	73	308	1.52e-08	53.5
PEMAJCJK_00932	MER0014085	22.295	305	173	10	250	494	37	337	1.73e-08	53.5
PEMAJCJK_00932	MER0000344	31.429	210	97	11	284	480	84	259	2.49e-08	52.4
PEMAJCJK_00932	MER0004123	24.014	279	152	9	254	496	53	307	3.16e-08	52.4
PEMAJCJK_00932	MER0005859	28.467	274	131	12	280	509	234	486	3.20e-08	52.8
PEMAJCJK_00932	MER0011813	33.673	98	45	3	428	505	346	443	3.41e-08	52.8
PEMAJCJK_00932	MER0000336	26.923	234	124	9	251	476	53	247	3.58e-08	52.0
PEMAJCJK_00932	MER0000351	27.830	212	102	10	287	479	105	284	6.90e-08	50.8
PEMAJCJK_00932	MER0005699	22.414	348	185	14	234	520	72	395	7.04e-08	51.6
PEMAJCJK_00932	MER0000325	40.230	87	41	3	430	510	186	267	8.42e-08	50.8
PEMAJCJK_00932	MER0015431	26.692	266	140	11	278	492	76	337	8.58e-08	51.2
PEMAJCJK_00932	MER0001454	23.729	295	164	10	257	494	34	324	1.13e-07	50.8
PEMAJCJK_00932	MER0006048	23.985	271	144	10	283	494	80	347	1.73e-07	50.1
PEMAJCJK_00932	MER0050310	26.996	263	140	14	288	533	102	329	2.22e-07	50.1
PEMAJCJK_00932	MER0001451	23.741	278	167	8	269	504	51	325	2.40e-07	49.7
PEMAJCJK_00932	MER0003122	23.741	278	143	10	283	502	84	350	2.70e-07	49.7
PEMAJCJK_00932	MER0004641	24.731	279	145	10	278	494	76	351	3.07e-07	49.3
PEMAJCJK_00932	MER0016991	27.138	269	139	13	243	482	42	282	3.80e-07	48.9
PEMAJCJK_00932	MER0028258	27.820	266	141	11	273	495	86	343	4.14e-07	48.9
PEMAJCJK_00932	MER0014300	28.685	251	124	11	288	497	79	315	4.16e-07	48.9
PEMAJCJK_00932	MER0001368	23.438	256	149	8	283	494	80	332	7.64e-07	48.1
PEMAJCJK_00932	MER0004869	23.856	306	149	13	283	518	77	368	7.96e-07	48.1
PEMAJCJK_00932	MER0014309	25.497	302	166	11	257	502	34	332	9.24e-07	47.8
PEMAJCJK_00932	MER0014310	32.979	94	43	3	429	502	310	403	9.41e-07	48.1
PEMAJCJK_00932	MER0006036	27.778	90	51	2	432	507	361	450	1.40e-06	47.4
PEMAJCJK_00932	MER0005790	24.912	285	141	9	235	477	15	268	1.85e-06	46.6
PEMAJCJK_00932	MER0015438	35.821	67	30	2	441	494	381	447	1.95e-06	47.0
PEMAJCJK_00932	MER0001467	24.194	310	169	12	257	502	34	341	2.28e-06	46.6
PEMAJCJK_00932	MER0014311	32.979	94	43	4	429	502	311	404	3.25e-06	46.2
PEMAJCJK_00932	MER0014312	34.884	86	36	3	429	494	312	397	4.26e-06	45.8
PEMAJCJK_00932	MER0014325	32.468	77	37	2	441	502	264	340	4.45e-06	45.8
PEMAJCJK_00932	MER0005756	23.881	268	151	10	278	492	102	369	5.11e-06	45.8
PEMAJCJK_00932	MER0000353	27.189	217	105	10	276	473	145	327	5.65e-06	45.4
PEMAJCJK_00932	MER0011484	30.677	251	120	17	264	480	243	473	9.04e-06	45.1
PEMAJCJK_00933	MER0005328	27.749	191	113	6	315	488	17	199	6.56e-12	62.0
PEMAJCJK_00933	MER0001017	27.717	184	109	6	315	481	28	204	3.11e-09	54.7
PEMAJCJK_00933	MER0011345	24.615	195	129	6	315	495	28	218	9.94e-09	53.5
PEMAJCJK_00933	MER0002281	25.773	194	121	6	305	482	19	205	1.22e-08	53.1
PEMAJCJK_00933	MER0003916	24.088	137	85	3	365	494	70	194	2.79e-08	51.2
PEMAJCJK_00933	MER0011369	23.944	142	103	3	354	494	88	225	1.33e-07	49.7
PEMAJCJK_00933	MER0002755	25.698	179	109	7	325	486	28	199	3.15e-07	48.1
PEMAJCJK_00933	MER0019759	25.658	152	110	3	365	515	82	231	3.34e-07	48.5
PEMAJCJK_00933	MER0019096	22.477	218	132	6	316	516	1	198	5.48e-07	47.4
PEMAJCJK_00933	MER0002003	31.783	129	73	6	365	483	87	210	1.13e-06	47.0
PEMAJCJK_00933	MER0006264	19.745	157	120	3	343	494	27	182	1.34e-06	46.2
PEMAJCJK_00933	MER0002060	30.841	107	55	4	316	405	23	127	3.25e-06	45.4
PEMAJCJK_00933	MER0001013	23.858	197	127	8	315	495	29	218	3.85e-06	45.4
PEMAJCJK_00933	MER0011720	24.026	154	103	4	361	507	68	214	4.12e-06	45.1
PEMAJCJK_00933	MER0036308	26.829	164	98	7	315	464	26	181	5.41e-06	45.1
PEMAJCJK_00933	MER0001012	27.338	139	83	4	365	494	87	216	5.85e-06	44.7
PEMAJCJK_00933	MER0011371	27.068	133	83	5	365	490	82	207	5.89e-06	44.7
PEMAJCJK_00933	MER0011423	25.517	145	84	6	352	482	72	206	6.78e-06	44.3
PEMAJCJK_00940	MER0192051	22.430	214	156	4	17	222	96	307	8.43e-08	50.1
PEMAJCJK_01106	MER0492485	29.932	147	80	5	83	222	35	165	9.42e-07	44.3
PEMAJCJK_01135	MER0004035	47.525	101	51	1	87	187	4	102	1.98e-31	107
PEMAJCJK_01135	MER0002443	46.535	101	52	2	88	187	8	107	3.50e-28	99.8
PEMAJCJK_01135	MER0004054	38.261	115	61	4	85	192	5	116	1.01e-20	80.5
PEMAJCJK_01135	MER0003986	36.364	99	62	1	90	187	10	108	1.29e-17	72.4
PEMAJCJK_01135	MER0014188	37.500	96	54	2	90	184	10	100	4.67e-16	67.8
PEMAJCJK_01135	MER0003808	41.667	108	58	4	90	197	10	112	5.91e-16	67.8
PEMAJCJK_01135	MER0003807	36.036	111	67	4	90	198	10	118	6.13e-15	65.1
PEMAJCJK_01135	MER0377310	43.878	98	50	4	90	187	10	102	6.71e-15	64.7
PEMAJCJK_01135	MER0377307	43.878	98	50	4	90	187	10	102	6.71e-15	64.7
PEMAJCJK_01135	MER0002450	43.878	98	50	4	90	187	10	102	1.05e-14	64.3
PEMAJCJK_01135	MER0003805	37.755	98	56	4	90	187	10	102	2.42e-14	63.5
PEMAJCJK_01135	MER0377178	44.898	98	49	4	90	187	10	102	4.00e-14	62.8
PEMAJCJK_01135	MER0376722	42.857	91	47	4	90	180	10	95	6.45e-13	59.3
PEMAJCJK_01135	MER0377450	35.294	85	51	3	90	174	10	90	1.10e-10	53.1
PEMAJCJK_01135	MER0038100	33.645	107	58	4	91	187	12	115	1.51e-10	53.9
PEMAJCJK_01135	MER0001322	32.955	88	50	3	86	172	6	85	7.32e-10	51.6
PEMAJCJK_01135	MER0024252	34.375	96	56	3	93	184	14	106	9.92e-09	48.9
PEMAJCJK_01135	MER0014672	30.000	100	53	3	90	176	10	105	5.25e-08	47.0
PEMAJCJK_01166	MER0004775	38.626	655	394	4	30	683	11	658	2.37e-169	497
PEMAJCJK_01166	MER0011141	31.433	684	423	16	33	683	19	689	2.21e-109	343
PEMAJCJK_01166	MER0001991	31.336	651	403	11	33	656	19	652	1.63e-105	332
PEMAJCJK_01166	MER0019832	31.692	650	423	8	37	683	17	648	8.64e-105	330
PEMAJCJK_01166	MER0001056	29.080	674	440	11	33	683	19	677	1.10e-101	322
PEMAJCJK_01166	MER0011159	29.586	676	439	12	33	683	19	682	2.77e-99	316
PEMAJCJK_01166	MER0013406	29.957	691	431	15	33	683	19	696	2.35e-98	314
PEMAJCJK_01166	MER0002988	29.898	689	443	14	26	683	14	693	1.54e-96	309
PEMAJCJK_01166	MER0001050	29.667	691	436	16	33	683	19	699	4.29e-94	303
PEMAJCJK_01166	MER0011838	28.167	671	447	12	36	683	23	681	5.24e-93	300
PEMAJCJK_01166	MER0001058	28.460	643	436	11	44	683	5	626	2.25e-81	267
PEMAJCJK_01166	MER0019831	27.508	658	413	13	60	683	24	651	1.98e-80	265
PEMAJCJK_01166	MER0001059	31.159	552	362	9	44	588	6	546	1.52e-77	255
PEMAJCJK_01166	MER0004762	26.812	690	447	16	33	683	19	689	9.55e-77	256
PEMAJCJK_01166	MER0002350	26.437	696	443	18	36	683	22	696	2.54e-72	244
PEMAJCJK_01166	MER0005528	27.948	687	439	19	33	683	19	685	2.16e-71	242
PEMAJCJK_01166	MER0002062	25.369	678	463	15	33	672	19	691	1.21e-68	234
PEMAJCJK_01166	MER0002285	26.036	676	430	17	33	683	19	649	4.70e-68	232
PEMAJCJK_01166	MER0002997	25.108	697	456	15	30	683	16	689	2.06e-64	223
PEMAJCJK_01166	MER0015175	24.829	733	461	25	33	683	26	750	8.34e-56	200
PEMAJCJK_01166	MER0001365	32.022	356	211	10	353	683	382	731	3.52e-50	183
PEMAJCJK_01166	MER0162857	30.725	345	214	8	361	683	405	746	3.64e-48	178
PEMAJCJK_01166	MER0038668	24.877	611	383	18	140	683	2	603	8.14e-48	175
PEMAJCJK_01166	MER0001054	22.941	680	450	25	37	683	23	661	6.70e-40	152
PEMAJCJK_01166	MER0011432	24.329	559	344	20	151	672	151	667	1.39e-34	137
PEMAJCJK_01166	MER0024834	36.196	163	98	3	507	664	2	163	1.82e-32	120
PEMAJCJK_01166	MER0004778	22.101	733	463	27	33	683	20	726	8.77e-32	128
PEMAJCJK_01166	MER0011433	23.309	695	432	28	22	666	18	661	1.26e-29	121
PEMAJCJK_01166	MER0011427	25.905	359	236	10	350	683	330	683	6.24e-26	110
PEMAJCJK_01166	MER0011430	24.632	544	351	23	157	683	156	657	1.45e-25	108
PEMAJCJK_01166	MER0026946	26.820	261	167	9	426	683	15	254	2.83e-24	99.4
PEMAJCJK_01166	MER0002993	25.926	270	175	6	350	596	311	578	1.61e-21	96.3
PEMAJCJK_01166	MER0011429	21.450	662	457	22	35	672	28	650	4.51e-20	91.7
PEMAJCJK_01166	MER0002990	25.969	258	178	5	364	614	327	578	5.28e-20	91.3
PEMAJCJK_01166	MER0004761	23.478	345	242	8	352	683	323	658	8.26e-19	87.4
PEMAJCJK_01166	MER0011355	24.269	342	235	12	362	683	329	666	3.73e-18	85.5
PEMAJCJK_01166	MER0002987	23.494	332	241	7	343	666	237	563	3.61e-17	82.0
PEMAJCJK_01166	MER0002991	21.571	700	458	25	35	683	21	680	3.81e-15	75.9
PEMAJCJK_01166	MER0002989	20.250	400	279	10	293	683	272	640	4.99e-15	75.5
PEMAJCJK_01166	MER0015181	22.124	226	169	4	364	584	324	547	9.10e-12	65.1
PEMAJCJK_01166	MER0011195	24.786	234	132	10	461	683	455	655	2.94e-10	60.1
PEMAJCJK_01166	MER0004763	23.858	197	138	4	400	587	222	415	5.78e-10	58.9
PEMAJCJK_01166	MER0011151	31.667	60	41	0	477	536	187	246	2.32e-09	56.6
PEMAJCJK_01166	MER0011486	28.205	117	64	4	480	592	429	529	5.84e-07	49.3
PEMAJCJK_01166	MER0002999	33.333	87	54	2	474	558	447	531	1.01e-06	48.5
PEMAJCJK_01167	MER0004775	39.357	653	391	2	31	683	11	658	2.41e-173	507
PEMAJCJK_01167	MER0011141	32.301	678	424	14	34	683	19	689	1.53e-111	348
PEMAJCJK_01167	MER0019832	32.462	650	417	10	38	683	17	648	1.66e-105	332
PEMAJCJK_01167	MER0001056	30.299	670	436	12	34	683	19	677	6.47e-101	320
PEMAJCJK_01167	MER0001991	31.211	644	418	11	31	656	16	652	5.79e-100	318
PEMAJCJK_01167	MER0002988	29.463	689	433	16	34	683	19	693	1.62e-97	312
PEMAJCJK_01167	MER0011838	28.889	675	436	14	37	683	23	681	5.49e-95	305
PEMAJCJK_01167	MER0001058	29.595	642	429	10	45	683	5	626	1.74e-91	294
PEMAJCJK_01167	MER0001050	29.683	694	431	15	34	683	19	699	7.21e-89	289
PEMAJCJK_01167	MER0011159	27.811	676	450	12	34	683	19	682	2.56e-88	287
PEMAJCJK_01167	MER0019831	28.284	647	421	12	61	683	24	651	1.19e-84	276
PEMAJCJK_01167	MER0013406	28.981	697	429	17	34	683	19	696	2.95e-84	277
PEMAJCJK_01167	MER0005528	28.909	678	445	15	33	683	18	685	1.05e-79	264
PEMAJCJK_01167	MER0002350	28.093	687	442	14	37	683	22	696	6.56e-75	251
PEMAJCJK_01167	MER0004762	26.551	693	450	12	31	683	16	689	4.05e-73	246
PEMAJCJK_01167	MER0001059	29.121	546	381	4	45	589	6	546	6.76e-73	243
PEMAJCJK_01167	MER0002062	26.734	692	456	15	34	683	19	701	2.73e-72	244
PEMAJCJK_01167	MER0002285	27.541	679	415	19	34	683	19	649	1.14e-71	242
PEMAJCJK_01167	MER0002997	26.031	703	441	18	31	683	16	689	4.40e-67	230
PEMAJCJK_01167	MER0162857	31.884	345	209	7	362	683	405	746	2.17e-53	193
PEMAJCJK_01167	MER0001365	32.113	355	211	10	354	683	382	731	1.32e-51	187
PEMAJCJK_01167	MER0015175	25.170	735	455	27	34	683	26	750	2.54e-51	187
PEMAJCJK_01167	MER0038668	25.169	592	370	20	159	683	18	603	1.97e-44	165
PEMAJCJK_01167	MER0001054	23.021	682	446	21	38	683	23	661	1.44e-40	154
PEMAJCJK_01167	MER0011433	23.964	676	428	23	36	666	27	661	1.81e-38	148
PEMAJCJK_01167	MER0011432	24.082	681	423	22	36	667	27	662	5.11e-37	144
PEMAJCJK_01167	MER0004778	22.853	722	470	21	34	683	20	726	8.32e-32	128
PEMAJCJK_01167	MER0024834	33.333	186	108	6	508	683	2	181	1.84e-29	112
PEMAJCJK_01167	MER0011427	26.243	362	224	10	354	683	333	683	3.11e-27	114
PEMAJCJK_01167	MER0011430	23.193	664	426	24	37	666	29	642	7.53e-27	112
PEMAJCJK_01167	MER0002990	25.369	406	258	14	293	683	272	647	2.53e-24	104
PEMAJCJK_01167	MER0002993	25.547	274	167	8	353	597	313	578	7.32e-21	94.0
PEMAJCJK_01167	MER0011429	23.401	688	411	27	36	672	28	650	4.75e-20	91.3
PEMAJCJK_01167	MER0015181	25.407	307	187	9	293	585	269	547	1.84e-19	89.4
PEMAJCJK_01167	MER0002987	23.274	391	257	11	289	666	203	563	1.69e-18	86.3
PEMAJCJK_01167	MER0011355	23.055	347	244	9	357	683	323	666	3.70e-18	85.5
PEMAJCJK_01167	MER0026946	27.350	234	144	8	457	683	40	254	7.31e-18	80.9
PEMAJCJK_01167	MER0002989	21.516	409	264	12	293	683	271	640	6.03e-17	81.6
PEMAJCJK_01167	MER0004761	24.597	248	177	4	353	593	323	567	4.18e-14	72.4
PEMAJCJK_01167	MER0002991	25.000	336	213	13	371	683	361	680	1.04e-11	64.7
PEMAJCJK_01167	MER0004763	25.652	230	144	7	370	588	202	415	1.32e-11	63.9
PEMAJCJK_01167	MER0011195	20.860	628	397	24	38	625	37	604	2.03e-10	60.5
PEMAJCJK_01167	MER0011151	35.000	60	39	0	478	537	187	246	2.50e-10	59.7
PEMAJCJK_01167	MER0011486	24.710	259	142	10	363	593	296	529	1.90e-09	57.4
PEMAJCJK_01167	MER0011306	24.324	148	94	3	481	625	466	598	9.69e-08	52.0
PEMAJCJK_01167	MER0002998	18.961	385	248	12	185	540	189	538	1.10e-06	48.5
PEMAJCJK_01203	MER0031431	34.328	134	80	5	41	169	1	131	9.69e-14	63.9
PEMAJCJK_01203	MER0031433	31.496	127	79	4	41	162	1	124	5.05e-13	62.0
PEMAJCJK_01203	MER0031432	31.496	127	79	4	41	162	1	124	5.46e-13	62.0
PEMAJCJK_01203	MER0034659	27.344	128	87	3	41	163	1	127	7.76e-13	61.6
PEMAJCJK_01203	MER0002601	27.835	97	63	2	86	176	27	122	4.22e-06	42.0
PEMAJCJK_01261	MER0001313	27.895	190	83	8	7	191	13	153	2.89e-07	45.4
PEMAJCJK_01283	MER0003380	35.745	235	143	3	149	382	12	239	8.81e-48	160
PEMAJCJK_01283	MER0069741	40.789	152	86	3	232	381	20	169	9.54e-30	110
PEMAJCJK_01283	MER0013541	55.294	85	38	0	281	365	1	85	2.95e-27	100
PEMAJCJK_01283	MER0066182	39.844	128	71	3	260	384	74	198	1.39e-19	83.2
PEMAJCJK_01283	MER0387040	45.263	95	51	1	281	374	1	95	3.92e-18	76.3
PEMAJCJK_01283	MER0003376	36.567	134	61	4	256	374	29	153	8.45e-16	71.6
PEMAJCJK_01283	MER0003906	37.000	100	57	3	281	374	1	100	2.14e-14	65.9
PEMAJCJK_01283	MER0003423	32.432	111	73	2	272	380	23	133	6.55e-14	65.9
PEMAJCJK_01283	MER0001419	34.737	95	60	2	272	364	23	117	1.85e-12	61.6
PEMAJCJK_01283	MER0015415	33.721	86	56	1	281	365	64	149	1.48e-10	56.6
PEMAJCJK_01283	MER0005300	33.654	104	69	0	271	374	55	158	4.03e-10	55.5
PEMAJCJK_01283	MER0025070	30.303	99	60	2	279	368	4	102	3.01e-08	48.9
PEMAJCJK_01283	MER0388771	30.928	97	58	2	281	368	2	98	3.80e-08	48.5
PEMAJCJK_01306	MER0035017	29.524	420	228	15	579	955	1	395	1.54e-42	157
PEMAJCJK_01306	MER0004090	31.156	398	222	13	571	941	1	373	8.04e-38	143
PEMAJCJK_01306	MER0003800	30.051	396	220	17	568	934	5	372	1.22e-27	113
PEMAJCJK_01306	MER0026262	22.835	381	221	16	580	937	2	332	1.08e-13	70.5
PEMAJCJK_01306	MER0006204	24.567	289	178	10	580	848	6	274	9.71e-13	67.8
PEMAJCJK_01306	MER0122661	22.193	374	233	12	581	937	1	333	6.90e-12	64.7
PEMAJCJK_01306	MER0354941	28.230	209	115	8	595	790	11	197	2.17e-10	58.2
PEMAJCJK_01306	MER0011700	23.265	245	154	10	579	811	1	223	1.15e-08	55.1
PEMAJCJK_01306	MER0017069	24.731	186	107	6	604	784	20	177	1.99e-08	53.9
PEMAJCJK_01306	MER0015683	23.318	223	124	7	596	802	40	231	1.11e-07	51.2
PEMAJCJK_01306	MER0003802	19.863	292	185	8	599	885	20	267	4.15e-07	49.7
PEMAJCJK_01306	MER0005923	29.592	98	64	2	594	687	23	119	5.29e-07	50.1
PEMAJCJK_01306	MER0140154	20.382	314	192	10	595	876	2	289	3.36e-06	47.0
PEMAJCJK_01306	MER0011726	29.293	99	59	4	596	689	23	115	9.13e-06	45.8
PEMAJCJK_01309	MER0005244	29.348	184	117	4	277	457	1	174	1.08e-16	75.9
PEMAJCJK_01309	MER0005149	29.185	233	121	12	252	453	36	255	1.51e-13	68.2
PEMAJCJK_01309	MER0005241	37.500	104	59	2	281	378	5	108	2.01e-13	67.0
PEMAJCJK_01309	MER0001289	27.490	251	155	7	240	480	29	262	7.17e-13	65.9
PEMAJCJK_01309	MER0194228	29.231	195	118	6	296	480	2	186	2.03e-12	63.2
PEMAJCJK_01309	MER0002161	34.314	102	65	2	275	375	60	160	2.76e-11	61.2
PEMAJCJK_01309	MER0038832	35.644	101	62	3	281	379	48	147	1.04e-10	58.9
PEMAJCJK_01309	MER0005238	38.272	81	45	2	277	354	63	141	1.19e-10	59.3
PEMAJCJK_01309	MER0100667	27.136	199	126	8	276	467	19	205	2.01e-10	57.8
PEMAJCJK_01309	MER0005139	28.346	127	83	4	264	385	47	170	2.84e-10	58.2
PEMAJCJK_01309	MER0015691	38.272	81	45	2	277	354	49	127	4.00e-10	57.4
PEMAJCJK_01309	MER0002104	31.200	125	79	4	256	376	43	164	6.30e-10	57.0
PEMAJCJK_01309	MER0011461	27.488	211	137	10	281	484	47	248	1.13e-09	55.8
PEMAJCJK_01309	MER0005239	33.333	96	58	2	281	372	69	162	1.19e-09	56.2
PEMAJCJK_01309	MER0037181	31.707	164	98	7	280	439	65	218	2.13e-09	55.5
PEMAJCJK_01309	MER0032443	35.514	107	56	5	280	375	38	142	1.62e-08	52.4
PEMAJCJK_01309	MER0001288	35.354	99	60	3	278	375	20	115	4.14e-08	51.2
PEMAJCJK_01309	MER0005131	28.829	111	64	3	278	375	35	143	5.03e-08	50.8
PEMAJCJK_01309	MER0001911	35.802	81	49	2	281	361	41	118	5.50e-08	50.8
PEMAJCJK_01309	MER0001284	26.786	168	107	5	281	436	36	199	1.98e-07	49.3
PEMAJCJK_01309	MER0030257	26.816	179	105	7	295	461	63	227	2.37e-07	48.9
PEMAJCJK_01309	MER0004514	33.735	83	47	1	281	355	36	118	3.60e-07	48.1
PEMAJCJK_01309	MER0015336	34.524	84	50	2	278	358	59	140	5.13e-07	48.1
PEMAJCJK_01309	MER0011487	24.510	204	123	7	281	469	48	235	7.72e-07	47.4
PEMAJCJK_01309	MER0002105	22.535	213	135	10	269	462	46	247	9.68e-07	47.0
PEMAJCJK_01309	MER0011464	32.222	90	60	1	287	376	52	140	1.39e-06	46.6
PEMAJCJK_01309	MER0029965	21.905	210	134	5	275	468	40	235	5.02e-06	45.1
PEMAJCJK_01309	MER0011462	30.476	105	70	3	277	379	44	147	6.31e-06	44.7
PEMAJCJK_01396	MER1143079	32.890	301	175	10	77	374	7	283	1.98e-34	126
PEMAJCJK_01396	MER0000459	27.336	289	176	9	67	335	11	285	6.86e-24	98.6
PEMAJCJK_01396	MER0017069	30.594	219	139	8	85	295	15	228	1.03e-21	92.0
PEMAJCJK_01396	MER0002489	27.636	275	169	7	80	334	22	286	3.89e-21	90.5
PEMAJCJK_01396	MER0000457	23.028	317	222	8	83	389	24	328	3.50e-19	84.7
PEMAJCJK_01396	MER0003802	25.969	258	170	6	80	333	15	255	1.33e-18	82.8
PEMAJCJK_01396	MER0026262	25.641	312	207	12	87	379	23	328	2.13e-18	82.8
PEMAJCJK_01396	MER0122661	25.080	311	197	11	71	353	5	307	1.16e-17	80.5
PEMAJCJK_01396	MER0219770	31.361	169	100	5	100	260	34	194	1.02e-15	74.3
PEMAJCJK_01396	MER0005964	26.160	237	145	8	98	310	37	267	2.16e-15	73.9
PEMAJCJK_01396	MER0140154	24.324	333	206	13	86	377	7	334	5.95e-15	72.4
PEMAJCJK_01396	MER0006204	31.313	198	115	7	86	268	26	217	2.61e-14	70.5
PEMAJCJK_01396	MER0354941	29.744	195	112	7	78	252	7	196	3.24e-14	67.8
PEMAJCJK_01396	MER0011700	27.488	211	122	8	87	273	23	226	3.51e-13	67.0
PEMAJCJK_01396	MER0028284	25.243	309	179	13	100	381	35	318	2.57e-11	61.2
PEMAJCJK_01396	MER0034963	26.901	171	112	4	65	232	6	166	4.71e-11	60.5
PEMAJCJK_01396	MER0003800	30.769	195	110	9	78	252	27	216	5.11e-11	60.5
PEMAJCJK_01396	MER0005923	32.258	93	56	1	87	172	30	122	3.60e-10	58.2
PEMAJCJK_01396	MER0005925	25.146	171	111	5	87	245	24	189	1.93e-09	55.5
PEMAJCJK_01396	MER0004090	22.727	352	214	14	85	390	28	367	1.37e-08	53.1
PEMAJCJK_01396	MER0034964	24.793	121	84	2	57	174	2	118	1.23e-06	47.0
PEMAJCJK_01396	MER0011726	26.776	183	112	6	56	233	1	166	1.45e-06	46.6
PEMAJCJK_01474	MER0065588	45.918	196	99	4	2	192	3	196	3.21e-49	155
PEMAJCJK_01520	MER0005139	32.308	195	107	8	108	288	62	245	1.75e-18	81.3
PEMAJCJK_01520	MER0001284	28.800	250	150	11	90	329	18	249	3.47e-16	73.9
PEMAJCJK_01520	MER0015336	32.727	110	66	2	103	211	56	158	1.45e-12	63.5
PEMAJCJK_01520	MER0194228	26.267	217	129	7	124	333	2	194	3.09e-12	61.6
PEMAJCJK_01520	MER0005239	35.714	112	63	3	103	212	63	167	4.97e-12	62.4
PEMAJCJK_01520	MER0001289	26.244	221	131	8	120	333	75	270	1.15e-11	61.2
PEMAJCJK_01520	MER0005149	36.449	107	59	4	109	213	65	164	1.27e-11	61.2
PEMAJCJK_01520	MER0004514	27.053	207	128	9	108	307	35	225	1.31e-11	60.8
PEMAJCJK_01520	MER0015691	35.514	107	59	3	108	212	52	150	1.58e-11	60.5
PEMAJCJK_01520	MER0005238	33.654	104	61	2	109	211	67	163	2.75e-10	57.4
PEMAJCJK_01520	MER0005152	37.805	82	44	1	109	190	60	134	3.05e-10	57.0
PEMAJCJK_01520	MER0002161	25.271	277	139	12	41	305	13	233	2.38e-09	54.3
PEMAJCJK_01520	MER0002105	36.145	83	45	2	109	190	58	133	2.92e-09	53.9
PEMAJCJK_01520	MER0002104	29.524	105	64	4	109	211	67	163	3.41e-09	53.9
PEMAJCJK_01520	MER0005131	24.082	245	166	7	91	327	19	251	5.39e-09	53.1
PEMAJCJK_01520	MER0005241	34.444	90	52	3	106	193	2	86	3.19e-08	50.4
PEMAJCJK_01520	MER0015688	37.975	79	41	2	117	195	64	134	2.05e-07	48.1
PEMAJCJK_01520	MER0001288	27.311	238	110	12	107	318	21	221	4.96e-07	47.0
PEMAJCJK_01520	MER0044627	29.358	109	67	4	114	215	9	114	1.92e-06	44.7
PEMAJCJK_01554	MER0004925	57.034	263	111	2	542	803	1	262	4.85e-108	328
PEMAJCJK_01554	MER0014827	54.717	265	114	3	542	803	1	262	4.35e-102	313
PEMAJCJK_01554	MER0005196	27.861	201	109	9	561	746	22	201	2.00e-12	65.1
PEMAJCJK_01554	MER0034615	27.368	190	121	5	615	789	50	237	6.43e-11	60.5
PEMAJCJK_01554	MER0058228	25.283	265	149	13	560	803	6	242	1.76e-09	55.8
PEMAJCJK_01554	MER0017401	26.712	146	96	4	663	800	96	238	2.51e-09	55.5
PEMAJCJK_01554	MER0011583	28.105	153	82	6	651	780	77	224	2.25e-08	52.8
PEMAJCJK_01554	MER0126485	27.848	158	99	4	646	792	74	227	2.98e-08	52.4
PEMAJCJK_01554	MER0015682	24.242	198	137	5	613	801	113	306	4.69e-08	52.4
PEMAJCJK_01554	MER0001423	25.773	194	120	6	564	748	5	183	5.50e-08	51.2
PEMAJCJK_01554	MER0004923	26.515	264	154	11	545	790	39	280	1.03e-07	51.2
PEMAJCJK_01554	MER0005987	30.075	133	80	4	657	781	115	242	1.90e-07	50.1
PEMAJCJK_01554	MER0016096	22.917	240	144	8	562	780	7	226	2.10e-07	49.7
PEMAJCJK_01554	MER0140224	26.961	204	120	10	611	792	33	229	4.44e-07	48.5
PEMAJCJK_01554	MER0011413	25.668	187	106	7	615	781	47	220	5.28e-07	48.5
PEMAJCJK_01554	MER0000401	22.917	192	117	7	631	801	78	259	7.92e-07	48.1
PEMAJCJK_01554	MER0000408	28.105	153	93	5	644	781	82	232	8.16e-07	48.1
PEMAJCJK_01554	MER0003558	20.884	249	161	7	551	782	12	241	3.06e-06	46.2
PEMAJCJK_01554	MER0001920	24.561	171	105	7	653	805	82	246	3.61e-06	45.8
PEMAJCJK_01554	MER0230379	25.296	253	123	10	561	780	1	220	4.32e-06	45.8
PEMAJCJK_01554	MER0011305	33.000	100	53	5	659	748	109	204	8.46e-06	45.1
PEMAJCJK_01557	MER0195774	36.723	177	112	0	30	206	1	177	5.56e-35	125
PEMAJCJK_01557	MER0003448	28.986	207	144	2	30	235	2	206	1.15e-17	79.0
PEMAJCJK_01557	MER0001229	26.415	212	152	4	30	239	2	211	7.34e-15	70.5
PEMAJCJK_01557	MER0043985	26.415	212	152	4	30	239	2	211	1.53e-14	69.7
PEMAJCJK_01557	MER0001233	28.365	208	134	6	30	226	2	205	3.86e-14	68.9
PEMAJCJK_01557	MER0003543	27.094	203	146	2	30	232	2	202	1.51e-13	66.6
PEMAJCJK_01557	MER0122186	28.108	185	117	5	30	206	22	198	3.39e-12	62.4
PEMAJCJK_01557	MER0015259	28.235	170	116	5	22	188	18	184	7.57e-12	61.6
PEMAJCJK_01557	MER0001218	29.032	186	121	4	30	206	26	209	8.81e-12	61.2
PEMAJCJK_01557	MER0001214	28.205	156	110	2	22	176	18	172	3.38e-11	59.3
PEMAJCJK_01557	MER0004423	29.412	153	100	4	66	217	33	178	4.94e-11	59.3
PEMAJCJK_01557	MER0015090	24.272	206	152	3	30	234	2	204	5.54e-11	59.3
PEMAJCJK_01557	MER0001413	29.752	121	83	2	13	132	13	132	3.74e-10	55.1
PEMAJCJK_01557	MER0011096	27.219	169	117	4	22	187	18	183	3.76e-10	56.6
PEMAJCJK_01557	MER0002345	30.000	190	120	7	24	210	20	199	7.54e-10	55.5
PEMAJCJK_01557	MER0011744	27.976	168	113	4	24	187	20	183	1.72e-09	54.7
PEMAJCJK_01557	MER0003386	32.759	116	71	3	24	137	20	130	4.95e-09	53.1
PEMAJCJK_01557	MER0169735	23.469	196	118	5	30	206	16	198	5.31e-09	52.8
PEMAJCJK_01557	MER0002008	25.114	219	129	8	30	230	2	203	7.57e-09	53.1
PEMAJCJK_01557	MER0002283	40.000	85	49	2	30	112	26	110	1.08e-08	52.0
PEMAJCJK_01557	MER0002423	37.805	82	50	1	30	110	26	107	1.50e-08	51.6
PEMAJCJK_01557	MER0001222	24.615	130	91	2	24	149	20	146	1.85e-08	51.6
PEMAJCJK_01557	MER0390687	23.353	167	127	1	37	203	1	166	2.52e-08	50.1
PEMAJCJK_01557	MER0021876	24.468	188	127	7	30	210	1	180	3.56e-08	50.4
PEMAJCJK_01557	MER0003823	34.409	93	59	2	24	114	20	112	6.04e-08	50.1
PEMAJCJK_01557	MER0011292	25.714	105	77	1	46	149	64	168	3.91e-07	47.8
PEMAJCJK_01557	MER0188967	21.201	283	188	9	66	320	3	278	7.59e-07	47.8
PEMAJCJK_01557	MER0026957	27.083	96	70	0	56	151	23	118	2.78e-06	45.1
PEMAJCJK_01558	MER0237414	23.361	244	155	7	46	274	3	229	2.78e-10	58.2
PEMAJCJK_01569	MER0001322	39.048	105	51	4	130	229	1	97	7.27e-16	68.9
PEMAJCJK_01569	MER0014188	42.857	91	46	3	130	219	1	86	1.13e-15	68.2
PEMAJCJK_01569	MER0024252	41.975	81	45	2	142	222	14	92	1.92e-14	65.1
PEMAJCJK_01569	MER0003807	36.170	94	56	3	130	220	1	93	3.78e-12	58.9
PEMAJCJK_01569	MER0003986	36.559	93	55	4	130	219	1	92	2.49e-11	56.6
PEMAJCJK_01569	MER0002443	41.176	85	47	3	137	219	8	91	3.20e-11	56.2
PEMAJCJK_01569	MER0004035	39.241	79	45	3	142	219	10	86	4.47e-09	50.1
PEMAJCJK_01569	MER0377310	33.333	102	64	3	130	230	1	99	8.47e-09	49.3
PEMAJCJK_01569	MER0377307	33.333	102	64	3	130	230	1	99	8.47e-09	49.3
PEMAJCJK_01569	MER0003805	32.967	91	58	2	130	220	1	88	1.02e-08	49.3
PEMAJCJK_01569	MER0002450	33.333	102	64	3	130	230	1	99	1.07e-08	48.9
PEMAJCJK_01569	MER0376722	28.421	95	55	2	130	219	1	87	1.12e-08	48.5
PEMAJCJK_01569	MER0377450	33.333	93	55	3	130	220	1	88	1.17e-08	48.5
PEMAJCJK_01569	MER0003808	28.421	95	55	2	130	219	1	87	1.56e-08	48.5
PEMAJCJK_01569	MER0004054	36.782	87	49	5	138	219	9	94	7.87e-08	47.0
PEMAJCJK_01569	MER0377178	31.818	110	55	4	130	230	1	99	1.17e-07	45.8
PEMAJCJK_01609	MER0005196	63.200	250	92	0	462	711	1	250	2.25e-115	344
PEMAJCJK_01609	MER0058228	43.388	242	135	2	477	716	1	242	4.36e-61	202
PEMAJCJK_01609	MER0001423	39.130	230	139	1	483	711	2	231	4.64e-57	191
PEMAJCJK_01609	MER0011413	38.605	215	128	2	486	696	7	221	1.30e-48	168
PEMAJCJK_01609	MER0004921	38.559	236	134	7	483	712	4	234	1.31e-48	168
PEMAJCJK_01609	MER0013484	37.500	224	128	4	481	696	2	221	1.42e-47	165
PEMAJCJK_01609	MER0004923	38.839	224	133	2	477	696	49	272	1.32e-46	164
PEMAJCJK_01609	MER0005994	35.433	254	153	5	466	712	11	260	4.72e-46	162
PEMAJCJK_01609	MER0192427	36.929	241	134	6	463	696	49	278	8.12e-44	156
PEMAJCJK_01609	MER0004504	38.806	201	116	3	486	681	2	200	6.92e-39	140
PEMAJCJK_01609	MER0005987	31.418	261	169	7	458	712	2	258	3.30e-37	137
PEMAJCJK_01609	MER0000405	33.929	224	139	6	479	696	28	248	9.75e-37	135
PEMAJCJK_01609	MER0000401	32.569	218	142	3	482	696	25	240	6.88e-36	133
PEMAJCJK_01609	MER0011305	33.205	259	163	8	463	716	1	254	8.26e-36	132
PEMAJCJK_01609	MER0000399	30.645	248	161	6	462	704	6	247	2.58e-35	131
PEMAJCJK_01609	MER0195666	31.884	207	131	4	483	682	1	204	4.77e-34	127
PEMAJCJK_01609	MER0004193	29.487	234	159	5	483	713	3	233	7.50e-31	118
PEMAJCJK_01609	MER0011231	30.620	258	170	7	460	712	4	257	1.81e-30	117
PEMAJCJK_01609	MER0000403	29.070	258	173	5	462	713	6	259	9.48e-30	115
PEMAJCJK_01609	MER0004199	32.895	228	140	8	490	712	1	220	1.18e-29	114
PEMAJCJK_01609	MER0000404	29.752	242	159	7	462	696	6	243	2.55e-29	114
PEMAJCJK_01609	MER0034615	27.500	240	148	6	474	697	2	231	2.04e-18	82.4
PEMAJCJK_01609	MER0003361	24.268	239	155	8	486	712	22	246	4.86e-18	81.3
PEMAJCJK_01609	MER0017401	27.706	231	130	8	491	701	14	227	5.44e-17	77.8
PEMAJCJK_01609	MER0005988	35.455	110	70	1	588	696	2	111	8.93e-17	73.6
PEMAJCJK_01609	MER0000408	26.316	228	148	4	483	696	12	233	5.35e-16	75.5
PEMAJCJK_01609	MER0001920	27.442	215	134	5	497	696	20	227	1.01e-12	65.5
PEMAJCJK_01609	MER0003558	22.368	228	159	3	496	713	39	258	2.83e-12	64.3
PEMAJCJK_01609	MER0005807	23.827	277	185	6	428	696	1	259	3.00e-12	64.7
PEMAJCJK_01609	MER0126485	27.717	184	115	5	491	664	10	185	4.41e-11	60.5
PEMAJCJK_01609	MER0018170	21.333	225	159	2	496	707	25	244	2.35e-10	58.5
PEMAJCJK_01609	MER0140224	25.641	195	125	5	524	702	35	225	4.93e-10	57.4
PEMAJCJK_01609	MER0000263	28.571	119	75	3	478	592	1	113	9.04e-09	53.5
PEMAJCJK_01609	MER0079308	24.737	190	129	6	496	676	39	223	2.01e-08	53.1
PEMAJCJK_01609	MER0030932	28.977	176	112	4	526	694	55	224	5.15e-08	51.6
PEMAJCJK_01609	MER0016096	21.488	242	137	7	486	696	9	228	1.99e-07	49.7
PEMAJCJK_01609	MER0022823	25.641	195	131	7	532	712	73	267	1.53e-06	47.4
PEMAJCJK_01609	MER0003229	25.287	174	117	7	524	687	71	241	1.59e-06	47.0
PEMAJCJK_01609	MER0005694	21.525	223	159	5	464	677	19	234	2.06e-06	47.0
PEMAJCJK_01634	MER0045886	47.162	229	116	5	1	226	10	236	1.05e-69	220
PEMAJCJK_01634	MER0044889	41.071	224	131	1	5	227	19	242	7.99e-54	179
PEMAJCJK_01634	MER0436735	36.680	259	127	4	5	226	4	262	5.32e-48	164
PEMAJCJK_01634	MER0043537	45.405	185	99	2	5	188	2	185	2.39e-47	159
PEMAJCJK_01634	MER0042974	43.299	194	103	3	12	198	1	194	4.78e-47	159
PEMAJCJK_01634	MER0038086	39.286	224	121	4	5	213	29	252	1.43e-45	157
PEMAJCJK_01634	MER0043387	43.452	168	95	0	20	187	1	168	1.10e-41	144
PEMAJCJK_01634	MER0044812	31.609	174	101	7	5	171	58	220	1.55e-13	67.4
PEMAJCJK_01634	MER0043394	28.667	150	104	2	38	184	13	162	3.52e-13	64.3
PEMAJCJK_01634	MER0044882	26.667	165	108	6	38	191	15	177	7.60e-11	58.2
PEMAJCJK_01634	MER0044622	26.623	154	103	6	38	184	64	214	3.42e-10	57.4
PEMAJCJK_01634	MER0043392	25.478	157	113	2	27	181	1	155	4.00e-09	52.8
PEMAJCJK_01634	MER0046161	27.326	172	110	6	5	171	67	228	4.54e-09	54.3
PEMAJCJK_01634	MER0043195	27.344	128	74	5	72	183	82	206	5.44e-09	53.9
PEMAJCJK_01634	MER0043475	29.787	141	86	5	40	169	56	194	5.75e-09	53.9
PEMAJCJK_01634	MER0045945	26.108	203	125	6	5	204	34	214	6.34e-09	53.1
PEMAJCJK_01634	MER0043540	25.397	189	106	8	5	177	44	213	3.04e-08	51.2
PEMAJCJK_01634	MER0045094	26.490	151	107	3	38	184	48	198	1.11e-07	49.7
PEMAJCJK_01634	MER0115185	25.694	144	82	5	40	171	1	131	5.24e-06	43.1
PEMAJCJK_01634	MER0436691	25.381	197	134	8	5	194	61	251	8.13e-06	44.3
PEMAJCJK_01688	MER0056525	49.573	234	115	2	400	632	1	232	4.50e-78	246
PEMAJCJK_01688	MER0005496	48.069	233	120	1	400	632	1	232	2.69e-73	234
PEMAJCJK_01688	MER0011748	47.479	238	122	2	400	636	1	236	3.45e-72	231
PEMAJCJK_01688	MER0015609	48.052	231	115	2	400	629	1	227	1.24e-71	229
PEMAJCJK_01688	MER0011224	43.777	233	130	1	400	632	1	232	1.70e-68	221
PEMAJCJK_01688	MER0023544	44.444	234	129	1	400	633	1	233	4.37e-68	220
PEMAJCJK_01688	MER0015195	43.775	249	136	4	400	646	1	247	3.04e-67	218
PEMAJCJK_01688	MER0015194	42.373	236	131	2	401	634	2	234	9.17e-62	203
PEMAJCJK_01688	MER0171760	38.519	270	155	5	365	629	1	264	1.21e-59	197
PEMAJCJK_01688	MER0002605	40.426	235	136	2	400	633	1	232	2.27e-59	197
PEMAJCJK_01688	MER0014306	39.662	237	142	1	400	636	1	236	2.35e-58	194
PEMAJCJK_01688	MER0002600	39.149	235	140	2	400	633	1	233	3.26e-57	191
PEMAJCJK_01688	MER0024898	41.810	232	132	3	400	629	1	231	1.67e-54	184
PEMAJCJK_01688	MER0004454	37.975	237	146	1	400	635	1	237	5.55e-51	174
PEMAJCJK_01688	MER0015199	41.558	231	130	2	400	625	1	231	1.93e-49	171
PEMAJCJK_01688	MER0002602	37.190	242	146	2	401	636	2	243	9.28e-49	168
PEMAJCJK_01688	MER0001620	40.426	235	133	3	400	627	1	235	2.51e-47	165
PEMAJCJK_01688	MER0005466	36.638	232	141	3	401	626	2	233	3.42e-47	163
PEMAJCJK_01688	MER0002563	35.897	234	140	3	401	624	2	235	7.05e-45	157
PEMAJCJK_01688	MER0002408	38.723	235	133	6	400	626	1	232	6.26e-42	149
PEMAJCJK_01688	MER0017637	37.021	235	136	4	401	624	2	235	1.34e-41	148
PEMAJCJK_01688	MER0015197	35.185	216	133	4	412	623	13	225	3.44e-40	144
PEMAJCJK_01688	MER0011745	33.047	233	145	6	400	624	1	230	7.09e-37	135
PEMAJCJK_01688	MER0015193	36.052	233	139	6	400	624	1	231	1.27e-36	134
PEMAJCJK_01688	MER0015137	32.618	233	146	6	400	624	1	230	1.94e-35	131
PEMAJCJK_01688	MER0002608	35.887	248	155	3	401	644	2	249	5.83e-35	130
PEMAJCJK_01688	MER0190577	33.772	228	137	3	400	624	1	217	7.96e-35	129
PEMAJCJK_01688	MER0005755	35.498	231	136	4	401	627	2	223	5.89e-34	126
PEMAJCJK_01688	MER0190705	34.199	231	141	3	401	629	1	222	6.47e-34	126
PEMAJCJK_01688	MER0002197	34.746	236	139	4	400	630	1	226	4.37e-33	125
PEMAJCJK_01688	MER0014324	34.649	228	135	4	400	624	1	217	1.71e-32	122
PEMAJCJK_01688	MER0024900	33.929	224	137	4	401	621	2	217	1.02e-31	120
PEMAJCJK_01688	MER0015690	35.349	215	127	6	400	602	1	215	1.18e-31	120
PEMAJCJK_01688	MER0011120	36.744	215	124	7	400	602	1	215	2.26e-31	120
PEMAJCJK_01688	MER0001246	32.121	165	100	3	428	589	18	173	4.04e-20	85.1
PEMAJCJK_01688	MER0015204	26.829	246	149	7	401	615	2	247	5.50e-16	75.9
PEMAJCJK_01692	MER0017243	26.214	206	131	10	97	284	117	319	2.72e-06	44.7
PEMAJCJK_01692	MER0044350	35.366	82	40	4	83	155	2	79	3.05e-06	44.3
PEMAJCJK_01692	MER0031558	25.926	216	134	12	47	242	13	222	3.51e-06	44.3
PEMAJCJK_01692	MER0048002	34.146	82	43	3	84	156	81	160	8.30e-06	43.5
PEMAJCJK_01693	MER0042387	37.714	175	94	5	89	256	17	183	1.89e-34	120
PEMAJCJK_01693	MER0026552	39.080	174	83	4	80	247	2	158	2.18e-32	114
PEMAJCJK_01693	MER0026545	32.961	179	104	4	87	258	99	268	4.01e-30	111
PEMAJCJK_01693	MER0026496	34.483	174	105	4	92	258	100	271	1.82e-24	96.3
PEMAJCJK_01693	MER0031491	30.357	168	106	5	92	252	20	183	3.26e-23	90.9
PEMAJCJK_01693	MER0002642	28.824	170	107	5	94	259	16	175	2.68e-13	63.5
PEMAJCJK_01693	MER0002639	26.012	173	122	3	80	252	2	168	2.20e-09	52.4
PEMAJCJK_01696	MER0000485	47.479	238	124	1	587	823	1	238	4.86e-72	233
PEMAJCJK_01696	MER0000495	40.964	249	138	1	587	826	1	249	2.58e-56	191
PEMAJCJK_01696	MER0011056	45.455	209	99	3	621	820	19	221	7.05e-54	183
PEMAJCJK_01696	MER0003442	44.444	207	112	1	621	824	19	225	1.55e-53	182
PEMAJCJK_01696	MER0014970	36.071	280	132	3	587	820	1	279	2.49e-53	184
PEMAJCJK_01696	MER0000488	40.260	231	134	3	587	815	1	229	9.49e-52	177
PEMAJCJK_01696	MER0011057	43.842	203	111	1	621	820	19	221	3.11e-51	176
PEMAJCJK_01696	MER0003443	42.932	191	104	3	627	812	30	220	1.09e-46	163
PEMAJCJK_01696	MER0004236	47.159	176	91	1	642	817	85	258	1.27e-46	164
PEMAJCJK_01696	MER0000496	41.117	197	111	1	613	804	81	277	2.48e-42	154
PEMAJCJK_01696	MER0108906	37.657	239	136	6	587	820	1	231	2.31e-37	137
PEMAJCJK_01696	MER0005837	36.486	222	120	4	588	792	2	219	2.69e-34	129
PEMAJCJK_01696	MER0026213	31.579	152	101	1	673	824	111	259	3.53e-21	90.9
PEMAJCJK_01696	MER0017402	32.787	183	111	5	645	822	28	203	2.29e-19	84.7
PEMAJCJK_01696	MER0003859	28.141	199	126	6	632	823	40	228	6.50e-14	69.3
PEMAJCJK_01696	MER0003359	31.847	157	98	4	645	793	45	200	2.70e-10	58.5
PEMAJCJK_01696	MER0000491	26.126	111	79	1	683	793	5	112	2.17e-07	48.9
PEMAJCJK_01696	MER0017403	31.461	89	60	1	703	791	89	176	1.06e-06	47.8
PEMAJCJK_01702	MER0014366	37.696	703	407	8	22	710	27	712	4.72e-164	486
PEMAJCJK_01702	MER0039993	38.959	711	396	12	23	710	1	696	1.29e-163	485
PEMAJCJK_01702	MER0217397	38.143	700	386	12	37	710	1	679	6.75e-154	459
PEMAJCJK_01702	MER0501051	40.996	261	141	5	22	276	3	256	7.21e-55	190
PEMAJCJK_01702	MER0501051	44.000	150	82	2	563	711	253	401	3.64e-32	126
PEMAJCJK_01769	MER0003850	52.571	175	80	3	103	275	3	176	2.64e-54	176
PEMAJCJK_01769	MER0000268	54.194	155	69	2	103	256	1	154	1.15e-52	171
PEMAJCJK_01769	MER0013623	52.597	154	72	1	103	256	1	153	4.56e-51	167
PEMAJCJK_01769	MER0001372	57.051	156	65	2	103	256	1	156	2.07e-50	166
PEMAJCJK_01769	MER0000266	55.128	156	68	2	103	256	1	156	9.21e-50	164
PEMAJCJK_01769	MER0004111	51.592	157	71	2	103	256	1	155	6.44e-49	161
PEMAJCJK_01769	MER0004149	50.610	164	70	4	103	256	1	163	4.28e-45	152
PEMAJCJK_01769	MER0001373	50.633	158	74	2	103	256	1	158	4.87e-43	146
PEMAJCJK_01769	MER0004673	36.594	276	142	5	103	355	2	267	1.04e-41	146
PEMAJCJK_01769	MER0003290	48.428	159	74	3	103	256	1	156	1.76e-41	142
PEMAJCJK_01769	MER0001945	46.875	160	78	3	103	256	1	159	9.51e-40	137
PEMAJCJK_01769	MER0005468	44.025	159	83	3	103	256	1	158	5.08e-39	135
PEMAJCJK_01769	MER0002577	46.835	158	75	2	103	256	1	153	6.98e-39	135
PEMAJCJK_01769	MER0028330	45.570	158	77	2	103	256	1	153	3.18e-38	133
PEMAJCJK_01769	MER0016351	42.405	158	82	2	103	256	1	153	3.83e-36	127
PEMAJCJK_01769	MER0003293	45.638	149	79	2	103	250	1	148	5.87e-34	122
PEMAJCJK_01769	MER0004086	44.512	164	78	5	104	256	1	162	1.58e-33	121
PEMAJCJK_01769	MER0010944	43.605	172	78	6	103	256	1	171	1.60e-33	121
PEMAJCJK_01769	MER0022668	44.444	171	78	6	103	256	1	171	3.21e-33	120
PEMAJCJK_01769	MER0014795	42.683	164	79	3	103	256	1	159	1.05e-32	119
PEMAJCJK_01769	MER0016031	43.114	167	81	4	103	256	1	166	2.83e-32	117
PEMAJCJK_01769	MER0011375	41.875	160	81	4	103	256	1	154	1.10e-31	115
PEMAJCJK_01769	MER0004093	41.772	158	83	2	103	256	1	153	6.03e-31	114
PEMAJCJK_01769	MER0006096	43.284	134	69	2	127	256	1	131	1.04e-28	107
PEMAJCJK_01769	MER0015583	40.000	150	78	4	103	240	1	150	3.17e-23	92.8
PEMAJCJK_01769	MER0005093	38.125	160	84	5	103	247	1	160	1.66e-21	88.2
PEMAJCJK_01769	MER0063616	38.028	142	75	5	106	237	5	143	3.41e-18	78.6
PEMAJCJK_01769	MER0005094	31.724	145	83	6	103	237	1	139	3.90e-12	61.2
PEMAJCJK_01769	MER0005089	34.074	135	81	7	103	231	1	133	3.11e-08	49.7
PEMAJCJK_01769	MER0014317	30.534	131	82	5	114	237	10	138	6.29e-08	48.9
PEMAJCJK_01769	MER0014318	32.374	139	78	7	103	231	1	133	9.16e-08	48.5
PEMAJCJK_01769	MER0024901	34.932	146	76	9	103	237	1	138	1.02e-07	47.8
PEMAJCJK_01769	MER0005090	31.655	139	79	6	103	231	1	133	1.82e-07	47.8
PEMAJCJK_01787	MER0034582	25.617	324	210	7	597	906	14	320	1.12e-26	109
PEMAJCJK_01844	MER0281397	25.837	209	118	8	116	298	4	201	1.66e-10	57.0
PEMAJCJK_01844	MER0028284	28.676	136	83	5	116	246	55	181	7.61e-08	50.4
PEMAJCJK_01844	MER0034963	34.722	72	46	1	103	174	48	118	5.01e-07	47.8
PEMAJCJK_01844	MER0015683	28.369	141	90	6	110	246	72	205	1.35e-06	46.2
PEMAJCJK_01847	MER0014721	52.258	155	73	1	29	182	1	155	2.45e-53	164
PEMAJCJK_01847	MER0019092	46.452	155	82	1	29	182	1	155	6.14e-50	156
PEMAJCJK_01847	MER0002455	37.097	124	67	3	63	182	19	135	7.22e-22	83.6
PEMAJCJK_01847	MER0121992	31.707	123	83	1	29	150	1	123	4.36e-18	73.6
PEMAJCJK_01847	MER0002601	31.250	112	73	1	65	172	23	134	4.45e-17	71.2
PEMAJCJK_01854	MER0015458	29.648	199	83	6	46	234	50	201	1.88e-13	65.1
PEMAJCJK_01854	MER0015473	26.316	228	115	8	29	251	17	196	5.88e-13	63.2
PEMAJCJK_01854	MER0035036	24.576	236	119	8	2	231	39	221	2.73e-08	50.1
PEMAJCJK_01854	MER0015633	41.818	55	32	0	46	100	48	102	2.38e-07	47.0
PEMAJCJK_01854	MER0017194	28.807	243	111	8	5	234	13	206	5.06e-07	46.2
PEMAJCJK_01854	MER0015459	34.615	52	34	0	46	97	48	99	5.59e-07	46.2
PEMAJCJK_01854	MER0047976	29.688	64	45	0	42	105	7	70	2.75e-06	43.5
PEMAJCJK_01854	MER0015630	38.182	55	34	0	46	100	51	105	4.49e-06	43.1
PEMAJCJK_01854	MER0094384	35.593	59	38	0	42	100	30	88	4.70e-06	43.1
PEMAJCJK_01854	MER0015465	29.508	61	41	1	31	91	31	89	5.69e-06	42.7
PEMAJCJK_01854	MER0015468	29.670	91	59	2	6	93	3	91	5.96e-06	42.4
PEMAJCJK_01855	MER0030047	29.927	137	85	2	64	193	2	134	5.82e-10	53.1
PEMAJCJK_01855	MER0035036	25.000	140	94	2	58	190	86	221	1.15e-08	51.2
PEMAJCJK_01855	MER0015630	28.467	137	91	2	58	194	51	180	8.54e-08	48.5
PEMAJCJK_01855	MER0047976	30.435	138	86	2	54	185	7	140	1.07e-07	47.8
PEMAJCJK_01855	MER0015473	31.507	146	87	4	64	196	41	186	4.72e-07	46.2
PEMAJCJK_01855	MER0015632	26.519	181	109	8	39	203	15	187	6.87e-07	45.8
PEMAJCJK_01855	MER0015686	29.371	143	82	3	58	194	48	177	3.92e-06	43.5
PEMAJCJK_01855	MER0015633	30.769	143	80	4	58	194	48	177	7.54e-06	42.7
PEMAJCJK_01855	MER0015472	23.153	203	132	6	20	211	7	196	8.84e-06	42.4
PEMAJCJK_01859	MER0000589	50.000	50	25	0	420	469	179	228	6.02e-11	59.7
PEMAJCJK_01859	MER0013626	46.512	43	23	0	427	469	103	145	1.85e-09	53.5
PEMAJCJK_01940	MER0004480	26.601	406	205	17	11	405	1	324	3.97e-15	72.8
PEMAJCJK_01940	MER0897124	23.691	363	181	8	80	440	147	415	2.51e-14	71.2
PEMAJCJK_01940	MER0897124	40.000	65	37	1	10	74	7	69	1.43e-06	47.0
PEMAJCJK_01940	MER0004468	23.626	364	180	9	80	440	147	415	2.13e-13	68.6
PEMAJCJK_01940	MER0004468	40.000	65	37	1	10	74	7	69	1.22e-06	47.4
PEMAJCJK_01940	MER0004469	26.000	200	123	8	10	190	10	203	5.28e-13	67.0
PEMAJCJK_01940	MER0004474	29.907	107	68	3	14	120	89	188	9.08e-08	50.4
PEMAJCJK_01940	MER0004474	34.066	91	57	2	347	434	261	351	1.82e-06	46.6
PEMAJCJK_01940	MER0004471	42.424	66	37	1	370	434	292	357	1.13e-06	47.4
PEMAJCJK_01940	MER0004471	29.907	107	68	3	14	120	95	194	1.54e-06	47.0
PEMAJCJK_01941	MER0002746	33.553	152	93	4	317	463	82	230	1.29e-18	82.4
PEMAJCJK_01941	MER0019759	35.256	156	84	4	317	463	82	229	1.64e-18	82.0
PEMAJCJK_01941	MER0168177	34.848	132	60	3	308	428	33	149	2.05e-17	77.0
PEMAJCJK_01941	MER0011440	32.877	146	80	4	317	452	81	218	3.35e-17	77.8
PEMAJCJK_01941	MER0001009	31.250	160	102	4	316	470	19	175	4.64e-17	77.4
PEMAJCJK_01941	MER0004243	32.057	209	102	10	267	444	17	216	4.75e-17	77.4
PEMAJCJK_01941	MER0002078	34.868	152	91	4	317	463	82	230	6.12e-17	77.4
PEMAJCJK_01941	MER0005045	34.426	122	76	3	318	435	70	191	9.79e-17	76.3
PEMAJCJK_01941	MER0011438	29.730	185	95	8	273	429	20	197	1.13e-16	76.3
PEMAJCJK_01941	MER0005046	34.127	126	79	2	314	435	66	191	1.56e-16	75.5
PEMAJCJK_01941	MER0011369	37.037	135	67	5	317	441	96	222	3.45e-16	75.1
PEMAJCJK_01941	MER0002968	27.315	216	133	5	254	448	7	219	4.78e-16	74.7
PEMAJCJK_01941	MER0001010	31.579	152	92	4	317	461	61	207	1.11e-15	73.2
PEMAJCJK_01941	MER0011183	30.464	151	97	4	318	463	75	222	1.73e-15	73.2
PEMAJCJK_01941	MER0168983	32.099	162	81	9	282	428	1	148	1.75e-15	71.6
PEMAJCJK_01941	MER0011423	34.921	126	72	4	317	436	85	206	7.42e-15	70.9
PEMAJCJK_01941	MER0002060	32.520	123	78	2	317	435	87	208	1.23e-14	70.5
PEMAJCJK_01941	MER0019754	27.895	190	98	7	272	430	2	183	1.59e-14	69.7
PEMAJCJK_01941	MER0001185	30.769	130	86	2	317	444	88	215	1.82e-14	69.7
PEMAJCJK_01941	MER0001005	31.746	126	77	2	317	435	47	170	2.08e-14	68.9
PEMAJCJK_01941	MER0002003	34.074	135	80	4	316	444	86	217	5.27e-14	68.6
PEMAJCJK_01941	MER0036308	30.256	195	94	8	255	421	10	190	5.80e-14	68.9
PEMAJCJK_01941	MER0000997	34.752	141	55	6	317	436	85	209	9.10e-14	67.8
PEMAJCJK_01941	MER0091680	31.081	148	93	6	317	459	72	215	1.79e-13	67.0
PEMAJCJK_01941	MER0002422	29.688	128	78	2	314	435	78	199	2.47e-13	66.2
PEMAJCJK_01941	MER0001701	31.452	124	68	4	317	429	70	187	2.65e-13	66.6
PEMAJCJK_01941	MER0011175	29.600	125	78	4	318	435	82	203	3.49e-13	65.9
PEMAJCJK_01941	MER0028449	31.884	138	80	5	317	444	88	221	5.12e-13	65.9
PEMAJCJK_01941	MER0011370	31.405	121	79	2	318	434	82	202	5.94e-13	65.5
PEMAJCJK_01941	MER0002210	27.731	119	79	3	317	429	39	156	1.02e-12	63.2
PEMAJCJK_01941	MER0011720	28.426	197	116	6	254	434	7	194	1.06e-12	64.7
PEMAJCJK_01941	MER0006264	28.462	130	75	4	317	435	53	175	1.30e-12	63.5
PEMAJCJK_01941	MER0002355	29.082	196	118	7	257	435	10	201	1.53e-12	64.3
PEMAJCJK_01941	MER0001012	28.037	214	117	8	250	434	3	208	1.90e-12	63.9
PEMAJCJK_01941	MER0005331	32.759	116	73	2	318	429	83	197	3.53e-12	63.2
PEMAJCJK_01941	MER0003916	27.624	181	113	6	267	437	17	189	4.04e-12	62.4
PEMAJCJK_01941	MER0011371	31.356	118	75	3	317	429	82	198	4.18e-12	62.8
PEMAJCJK_01941	MER0011401	35.433	127	69	4	313	429	71	194	6.89e-12	62.0
PEMAJCJK_01941	MER0005328	30.612	147	86	5	300	430	49	195	3.10e-11	60.1
PEMAJCJK_01941	MER0015166	32.203	118	76	2	317	430	102	219	4.23e-11	60.1
PEMAJCJK_01941	MER0001003	30.645	124	80	2	318	435	55	178	4.74e-11	59.3
PEMAJCJK_01941	MER0052595	29.104	134	79	5	316	439	88	215	6.21e-11	59.7
PEMAJCJK_01941	MER0002281	31.875	160	83	8	276	417	41	192	1.55e-09	55.8
PEMAJCJK_01941	MER0002755	29.412	153	87	8	300	434	50	199	1.65e-09	55.1
PEMAJCJK_01941	MER0019096	28.105	153	89	6	318	465	61	197	8.58e-09	52.8
PEMAJCJK_01941	MER0001017	29.143	175	86	8	300	448	60	222	1.70e-08	52.8
PEMAJCJK_01941	MER0040779	25.217	115	77	1	317	431	81	186	1.82e-08	52.0
PEMAJCJK_01941	MER0016308	27.869	122	72	4	318	429	55	170	2.70e-08	51.2
PEMAJCJK_01941	MER0011400	28.689	122	79	4	319	434	84	203	4.17e-08	51.6
PEMAJCJK_01941	MER0026830	56.250	32	14	0	317	348	83	114	4.22e-08	50.4
PEMAJCJK_01941	MER0002865	28.378	148	81	5	300	429	17	157	5.05e-08	50.1
PEMAJCJK_01941	MER0011399	24.348	230	146	10	254	461	2	225	1.50e-07	49.7
PEMAJCJK_01941	MER0012283	23.611	144	95	4	300	429	60	202	1.85e-07	49.3
PEMAJCJK_01941	MER0171631	66.667	30	10	0	319	348	85	114	2.86e-07	48.5
PEMAJCJK_01941	MER0002658	26.087	138	90	3	320	448	1	135	2.92e-07	47.4
PEMAJCJK_01941	MER0001525	39.535	43	26	0	314	356	87	129	3.07e-07	48.5
PEMAJCJK_01941	MER0001013	26.994	163	103	6	300	448	61	221	6.49e-07	47.8
PEMAJCJK_01941	MER0003500	27.692	130	78	5	305	425	58	180	7.18e-07	47.4
PEMAJCJK_01941	MER0012271	28.182	110	68	4	318	418	86	193	9.30e-07	47.4
PEMAJCJK_01941	MER0001001	26.613	124	71	3	317	429	82	196	9.74e-07	47.0
PEMAJCJK_01941	MER0011345	29.221	154	90	6	300	438	60	209	1.21e-06	47.0
PEMAJCJK_01989	MER0011781	25.175	286	147	13	38	321	17	237	2.10e-09	55.5
PEMAJCJK_01989	MER0011806	24.324	296	158	14	27	321	7	237	9.06e-09	53.5
PEMAJCJK_01989	MER0004101	24.138	290	155	13	33	321	12	237	2.02e-08	52.4
PEMAJCJK_01996	MER0037236	25.000	252	167	6	13	243	11	261	1.24e-18	79.7
PEMAJCJK_01996	MER0004146	24.809	262	162	9	10	243	7	261	2.02e-18	79.0
PEMAJCJK_01996	MER0031611	23.529	255	166	6	17	245	35	286	7.58e-12	60.8
PEMAJCJK_01996	MER0036066	24.490	245	156	9	22	242	1	240	2.24e-11	58.9
PEMAJCJK_01996	MER0017033	21.973	223	140	5	45	243	88	300	1.63e-08	51.2
PEMAJCJK_01996	MER0031610	21.622	259	159	8	22	249	55	300	3.66e-08	50.1
PEMAJCJK_01996	MER0011509	30.172	116	59	2	20	121	37	144	7.48e-08	49.3
PEMAJCJK_01996	MER0035973	25.731	171	111	6	83	242	121	286	1.23e-07	48.5
PEMAJCJK_01996	MER0036068	23.280	189	128	4	70	241	105	293	1.28e-07	48.5
PEMAJCJK_01996	MER0036076	22.430	214	137	8	47	241	88	291	3.28e-07	47.0
PEMAJCJK_01996	MER0036053	21.978	273	154	9	17	243	4	263	4.65e-07	46.6
PEMAJCJK_01996	MER0011785	27.966	118	69	4	18	123	31	144	7.11e-07	46.2
PEMAJCJK_01996	MER0036057	18.519	243	170	6	22	243	63	298	1.21e-06	45.4
PEMAJCJK_01996	MER0036115	22.222	117	85	3	17	128	31	146	1.47e-06	45.1
PEMAJCJK_01996	MER0033259	24.615	260	151	9	10	246	19	256	3.93e-06	43.9
PEMAJCJK_02071	MER0100667	30.288	208	122	10	88	292	21	208	4.83e-14	67.0
PEMAJCJK_02071	MER0001289	26.201	229	142	9	88	308	59	268	1.14e-12	63.9
PEMAJCJK_02071	MER0001284	32.847	137	83	4	91	224	36	166	2.08e-12	62.8
PEMAJCJK_02071	MER0194228	26.190	210	129	8	107	308	1	192	2.21e-12	62.0
PEMAJCJK_02071	MER0013618	36.697	109	56	4	89	196	56	152	2.34e-10	57.4
PEMAJCJK_02071	MER0004514	29.310	116	79	2	99	213	42	155	1.46e-09	54.3
PEMAJCJK_02071	MER0005139	31.304	115	59	4	91	199	63	163	1.90e-09	54.3
PEMAJCJK_02071	MER0005238	36.458	96	43	3	90	181	66	147	4.81e-09	53.1
PEMAJCJK_02071	MER0037181	26.316	228	133	12	37	258	16	214	4.62e-08	50.1
PEMAJCJK_02071	MER0001288	34.951	103	54	5	108	209	37	127	6.00e-08	49.7
PEMAJCJK_02071	MER0002104	31.132	106	51	4	90	187	66	157	3.48e-07	47.8
PEMAJCJK_02071	MER0005239	31.373	102	51	3	89	185	67	154	1.08e-06	46.2
PEMAJCJK_02071	MER0032443	28.696	115	70	3	90	199	38	145	2.45e-06	44.7
PEMAJCJK_02084	MER0095620	42.936	361	182	7	56	395	3	360	3.27e-103	306
PEMAJCJK_02084	MER0000727	22.936	436	256	16	15	396	24	433	1.46e-15	74.7
PEMAJCJK_02084	MER0000728	22.518	413	260	15	17	389	21	413	4.95e-13	67.0
PEMAJCJK_02084	MER0003535	21.163	430	277	14	14	396	9	423	2.67e-10	58.5
PEMAJCJK_02084	MER0002628	23.760	383	222	15	53	387	55	415	5.01e-09	54.3
PEMAJCJK_02084	MER0003534	21.814	408	246	15	36	395	40	422	2.67e-08	52.4
PEMAJCJK_02084	MER0052377	51.282	39	18	1	332	370	162	199	2.11e-06	45.1
PEMAJCJK_02084	MER0003651	28.704	108	63	3	276	371	90	195	6.75e-06	43.5
PEMAJCJK_02084	MER0014289	33.333	57	38	0	332	388	161	217	9.27e-06	43.1
PEMAJCJK_02084	MER0002233	48.780	41	20	1	330	370	158	197	9.58e-06	43.1
PEMAJCJK_02091	MER0016191	27.083	288	193	7	13	287	4	287	2.44e-32	118
PEMAJCJK_02091	MER0016172	26.056	284	189	6	26	295	18	294	5.89e-20	85.1
PEMAJCJK_02091	MER0016185	24.528	318	194	11	10	287	1	312	3.58e-16	74.3
PEMAJCJK_02116	MER0002968	23.200	125	89	2	933	1051	87	210	5.36e-06	45.8
PEMAJCJK_02129	MER0001297	40.385	156	91	2	200	355	2	155	1.63e-33	122
PEMAJCJK_02129	MER0001425	42.308	156	86	1	203	354	5	160	1.47e-32	119
PEMAJCJK_02129	MER0003514	39.506	162	93	3	201	362	3	159	1.49e-32	119
PEMAJCJK_02129	MER0004196	43.226	155	84	4	203	355	5	157	1.59e-32	119
PEMAJCJK_02129	MER0005714	35.802	162	97	1	201	355	3	164	1.31e-29	111
PEMAJCJK_02129	MER0003065	40.645	155	90	2	201	355	3	155	2.88e-29	110
PEMAJCJK_02129	MER0003413	35.256	156	100	1	200	355	2	156	6.12e-29	109
PEMAJCJK_02129	MER0015684	35.374	147	95	0	203	349	5	151	1.58e-26	102
PEMAJCJK_02129	MER0004195	36.538	156	92	2	203	355	5	156	2.19e-25	99.8
PEMAJCJK_02129	MER0001295	31.361	169	101	3	200	355	2	168	2.09e-17	77.4
PEMAJCJK_02129	MER0195376	24.490	147	87	4	201	323	1	147	4.75e-06	44.3
PEMAJCJK_02131	MER0014135	42.537	268	154	0	185	452	1	268	6.68e-77	238
PEMAJCJK_02131	MER0026213	23.704	135	90	3	325	453	128	255	4.63e-07	47.8
PEMAJCJK_02131	MER0004236	29.000	100	65	1	359	452	161	260	1.03e-06	47.0
PEMAJCJK_02131	MER0003359	25.000	92	68	1	363	453	131	222	5.32e-06	44.3
PEMAJCJK_02131	MER0005837	21.849	119	81	3	347	453	129	247	7.27e-06	44.3
PEMAJCJK_02138	MER0003327	50.000	218	104	4	2	218	1	214	5.65e-66	213
PEMAJCJK_02138	MER0012158	37.574	338	137	11	2	267	1	336	1.14e-58	197
PEMAJCJK_02138	MER0185695	40.090	222	127	4	2	218	1	221	1.59e-46	160
PEMAJCJK_02138	MER0003350	43.478	207	93	7	2	185	1	206	4.03e-45	156
PEMAJCJK_02138	MER0003322	39.320	206	100	6	2	182	1	206	2.59e-38	137
PEMAJCJK_02138	MER0011781	31.902	163	105	3	2	162	1	159	1.20e-15	73.6
PEMAJCJK_02138	MER0004101	32.353	136	88	3	2	134	1	135	1.42e-14	70.5
PEMAJCJK_02138	MER0011806	31.618	136	89	3	2	134	1	135	2.90e-14	69.7
PEMAJCJK_02138	MER0003314	31.250	144	88	3	2	134	1	144	3.92e-13	67.0
PEMAJCJK_02155	MER0003242	33.333	99	65	1	352	449	198	296	9.16e-11	59.7
PEMAJCJK_02175	MER0018486	24.194	372	235	15	1394	1741	637	985	4.49e-06	48.9
PEMAJCJK_02203	MER0069741	38.053	113	43	3	47	159	69	154	8.52e-17	75.1
PEMAJCJK_02203	MER0013541	36.036	111	45	4	48	158	1	85	3.77e-10	53.9
PEMAJCJK_02203	MER0015415	29.808	104	50	1	60	163	74	154	1.36e-08	51.6
PEMAJCJK_02203	MER0003380	36.937	111	44	4	48	158	138	222	1.49e-08	52.4
PEMAJCJK_02203	MER0003376	31.667	120	45	5	48	158	45	136	1.65e-08	51.2
PEMAJCJK_02203	MER0001419	33.036	112	49	3	47	157	31	117	2.34e-06	44.3
PEMAJCJK_02295	MER0015424	31.238	509	258	17	134	574	31	515	6.19e-44	162
PEMAJCJK_02295	MER0016991	28.214	280	170	11	169	442	70	324	2.07e-08	53.5
PEMAJCJK_02295	MER0019280	34.906	106	58	4	334	439	205	299	6.75e-06	45.4
PEMAJCJK_02354	MER0060647	36.740	362	207	7	11	361	1	351	2.65e-72	226
PEMAJCJK_02354	MER0078640	36.740	362	202	7	11	360	1	347	6.07e-70	220
PEMAJCJK_02354	MER0044812	41.975	243	124	4	141	370	5	243	3.54e-59	189
PEMAJCJK_02354	MER0043540	39.207	227	132	3	145	368	5	228	1.39e-52	171
PEMAJCJK_02354	MER0045945	41.791	201	112	4	161	361	15	210	1.26e-48	160
PEMAJCJK_02354	MER0046161	39.640	222	115	4	161	368	33	249	6.52e-46	155
PEMAJCJK_02354	MER0115185	50.345	145	70	1	215	359	1	143	4.18e-43	144
PEMAJCJK_02354	MER0436691	30.712	267	140	5	101	361	14	241	5.25e-40	139
PEMAJCJK_02354	MER0044882	30.818	159	91	6	202	346	3	156	6.75e-11	57.8
PEMAJCJK_02354	MER0043195	31.690	142	78	6	222	346	54	193	3.81e-07	47.8
PEMAJCJK_02354	MER0045094	28.571	168	98	6	192	346	26	184	4.98e-07	47.4
PEMAJCJK_02354	MER0043537	26.190	168	100	6	192	347	14	169	2.86e-06	44.3
PEMAJCJK_02354	MER0043394	24.113	141	97	5	212	346	12	148	9.38e-06	42.4
PEMAJCJK_02380	MER0002251	45.570	237	115	5	2	231	1	230	2.78e-67	204
PEMAJCJK_02380	MER0001335	38.496	226	130	5	4	225	3	223	5.79e-50	160
PEMAJCJK_02407	MER0042387	32.215	149	97	2	88	232	22	170	5.81e-25	95.1
PEMAJCJK_02407	MER0026496	25.806	248	164	7	8	236	18	264	1.01e-15	72.0
PEMAJCJK_02407	MER0031491	25.397	189	114	5	68	233	2	186	3.03e-15	69.3
PEMAJCJK_02407	MER0026552	25.850	147	107	1	90	236	18	162	9.45e-15	67.4
PEMAJCJK_02407	MER0002639	26.347	167	112	4	79	238	7	169	1.80e-13	63.9
PEMAJCJK_02407	MER0002642	28.409	176	109	7	79	244	7	175	2.58e-12	60.8
PEMAJCJK_02407	MER0026545	28.082	146	94	3	97	234	117	259	8.14e-10	55.1
PEMAJCJK_02462	MER0015475	30.055	183	119	3	17	191	5	186	2.62e-15	69.3
PEMAJCJK_02503	MER0002489	33.088	272	143	13	74	320	58	315	5.08e-20	87.0
PEMAJCJK_02503	MER0026262	28.205	312	181	13	54	337	30	326	9.67e-20	86.3
PEMAJCJK_02503	MER0003802	29.730	259	152	13	42	291	18	255	3.05e-17	78.2
PEMAJCJK_02503	MER1143079	28.947	266	161	12	52	313	21	262	8.86e-17	76.6
PEMAJCJK_02503	MER0005964	25.074	339	201	17	34	337	14	334	9.85e-15	71.2
PEMAJCJK_02503	MER0028284	23.958	288	202	10	73	352	50	328	3.72e-14	69.3
PEMAJCJK_02503	MER0000459	26.623	308	178	17	60	340	42	328	2.07e-13	67.4
PEMAJCJK_02503	MER0017069	32.768	177	99	7	45	211	14	180	4.13e-13	66.2
PEMAJCJK_02503	MER0219770	26.667	240	148	9	68	291	44	271	5.36e-13	65.9
PEMAJCJK_02503	MER0011700	27.027	259	143	10	54	281	30	273	8.21e-12	62.8
PEMAJCJK_02503	MER0005925	28.313	166	103	6	55	209	32	192	4.86e-11	60.1
PEMAJCJK_02503	MER0140154	26.776	183	112	9	45	209	7	185	1.71e-10	58.5
PEMAJCJK_02503	MER0122661	27.092	251	147	10	52	282	25	259	6.73e-10	56.6
PEMAJCJK_02503	MER0000463	22.015	268	168	10	39	293	17	256	2.27e-09	55.1
PEMAJCJK_02503	MER0004090	25.175	143	99	5	73	209	65	205	2.62e-08	52.0
PEMAJCJK_02503	MER0005923	32.847	137	79	6	15	146	3	131	2.45e-07	48.9
PEMAJCJK_02503	MER0356183	30.588	170	101	7	74	230	34	199	4.50e-07	47.4
PEMAJCJK_02503	MER0192873	27.189	217	126	10	76	270	2	208	6.99e-07	46.6
PEMAJCJK_02503	MER0354941	24.855	173	100	5	56	211	35	194	7.20e-07	46.2
PEMAJCJK_02503	MER0005836	24.658	219	139	10	60	265	45	250	7.34e-06	43.5
PEMAJCJK_02527	MER0044357	22.857	210	130	6	21	203	52	256	1.64e-13	67.4
PEMAJCJK_02558	MER0001421	53.750	400	180	3	16	415	1	395	1.15e-155	442
PEMAJCJK_02558	MER0028941	28.019	414	238	14	6	410	1	363	1.41e-28	112
PEMAJCJK_02558	MER0369336	30.000	280	187	8	133	410	39	311	4.79e-26	104
PEMAJCJK_02575	MER0047723	46.778	481	244	5	7	481	1	475	3.56e-149	431
PEMAJCJK_02575	MER0001283	44.898	490	257	4	4	487	2	484	8.53e-149	431
PEMAJCJK_02575	MER0028941	28.846	156	87	5	13	156	2	145	2.69e-08	52.4
PEMAJCJK_02575	MER0369336	29.464	112	65	3	65	172	8	109	1.16e-06	47.0
PEMAJCJK_02577	MER0042827	55.208	96	43	0	984	1079	1	96	3.99e-30	112
PEMAJCJK_02705	MER0005767	30.408	319	179	10	52	367	27	305	1.02e-33	125
PEMAJCJK_02705	MER0030136	23.039	408	273	16	4	383	1	395	6.98e-18	82.0
PEMAJCJK_02705	MER0030151	24.378	402	275	14	4	383	1	395	1.22e-14	72.0
PEMAJCJK_02705	MER0030149	23.573	403	277	15	4	383	1	395	4.91e-13	67.0
PEMAJCJK_02705	MER0015112	27.126	247	162	8	4	236	1	243	6.00e-12	63.9
PEMAJCJK_02705	MER0030143	21.053	399	292	13	4	383	1	395	6.23e-11	60.5
PEMAJCJK_02705	MER0030155	24.609	256	171	8	4	245	1	248	4.21e-10	58.2
PEMAJCJK_02776	MER0004146	26.180	233	143	8	5	217	4	227	4.34e-16	72.8
PEMAJCJK_02776	MER0036053	31.159	138	90	2	15	152	4	136	4.27e-15	70.1
PEMAJCJK_02776	MER0036115	33.962	106	60	3	17	116	33	134	1.73e-14	68.6
PEMAJCJK_02776	MER0044581	34.545	110	65	4	12	114	64	173	8.84e-14	67.0
PEMAJCJK_02776	MER0017177	23.986	296	178	8	8	256	23	318	2.21e-13	65.9
PEMAJCJK_02776	MER0014065	37.624	101	57	2	19	115	34	132	8.90e-13	63.9
PEMAJCJK_02776	MER0031569	28.185	259	141	12	13	256	22	250	9.51e-13	63.2
PEMAJCJK_02776	MER0036072	30.822	146	86	3	13	150	74	212	1.02e-12	63.9
PEMAJCJK_02776	MER0035973	25.311	241	146	7	10	233	47	270	1.12e-12	63.2
PEMAJCJK_02776	MER0031619	32.075	106	70	1	14	117	23	128	2.06e-12	62.8
PEMAJCJK_02776	MER0037236	34.167	120	66	3	4	114	4	119	4.95e-12	61.2
PEMAJCJK_02776	MER0036084	21.212	264	178	8	14	258	15	267	1.68e-11	59.7
PEMAJCJK_02776	MER0036054	33.333	102	66	2	19	118	16	117	1.94e-11	59.7
PEMAJCJK_02776	MER0031617	29.412	119	72	3	8	118	21	135	2.86e-11	59.3
PEMAJCJK_02776	MER0044578	32.353	102	62	4	20	114	74	175	3.16e-11	59.3
PEMAJCJK_02776	MER0036057	27.572	243	150	8	19	245	62	294	7.73e-11	58.2
PEMAJCJK_02776	MER0213280	26.230	122	83	2	20	139	31	147	8.11e-11	58.2
PEMAJCJK_02776	MER0036075	29.851	134	86	5	6	131	57	190	1.36e-10	57.4
PEMAJCJK_02776	MER0017142	26.027	219	139	8	9	215	3	210	2.27e-10	56.2
PEMAJCJK_02776	MER0003280	27.907	172	105	5	4	169	11	169	2.40e-10	56.6
PEMAJCJK_02776	MER0017123	33.088	136	77	5	1	122	12	147	2.43e-10	56.6
PEMAJCJK_02776	MER0011785	28.467	137	89	4	4	132	21	156	3.15e-10	56.2
PEMAJCJK_02776	MER0035035	30.275	109	66	3	15	116	29	134	1.01e-09	54.7
PEMAJCJK_02776	MER0026339	28.077	260	155	10	6	240	9	261	1.24e-09	54.3
PEMAJCJK_02776	MER0035038	30.612	98	66	1	20	115	31	128	1.28e-09	54.3
PEMAJCJK_02776	MER0045479	25.591	254	151	12	13	256	26	251	1.82e-09	53.5
PEMAJCJK_02776	MER0017033	34.343	99	64	1	19	116	64	162	1.93e-09	53.9
PEMAJCJK_02776	MER0031611	29.661	118	77	3	3	114	20	137	3.57e-09	53.1
PEMAJCJK_02776	MER0035032	29.592	98	67	1	20	115	32	129	5.29e-09	52.8
PEMAJCJK_02776	MER0031616	27.778	108	74	1	20	123	40	147	5.72e-09	52.4
PEMAJCJK_02776	MER0035044	32.292	96	62	2	20	113	34	128	8.36e-09	52.0
PEMAJCJK_02776	MER0036066	27.197	239	153	10	20	242	1	234	8.78e-09	51.6
PEMAJCJK_02776	MER0035043	35.227	88	55	1	20	105	36	123	1.34e-08	51.6
PEMAJCJK_02776	MER0036065	30.476	105	66	2	20	117	3	107	2.27e-08	50.4
PEMAJCJK_02776	MER0036038	25.969	258	145	14	13	256	26	251	2.66e-08	50.1
PEMAJCJK_02776	MER0044350	26.042	96	68	1	20	112	2	97	3.58e-08	50.1
PEMAJCJK_02776	MER0044633	29.600	125	79	5	20	138	74	195	3.80e-08	50.1
PEMAJCJK_02776	MER0036074	27.586	145	70	4	8	117	76	220	3.85e-08	50.4
PEMAJCJK_02776	MER0030163	31.915	94	59	2	46	135	56	148	4.00e-08	50.1
PEMAJCJK_02776	MER0213829	27.928	111	72	4	20	122	50	160	5.77e-08	49.7
PEMAJCJK_02776	MER0043008	25.455	110	77	2	15	119	16	125	6.83e-08	49.3
PEMAJCJK_02776	MER0011509	25.191	131	80	3	9	128	28	151	9.89e-08	48.9
PEMAJCJK_02776	MER0036069	32.632	95	60	2	11	101	72	166	1.81e-07	48.1
PEMAJCJK_02776	MER0017193	25.540	278	175	9	3	257	9	277	2.18e-07	47.8
PEMAJCJK_02776	MER0033259	25.410	244	144	11	8	236	19	239	2.31e-07	47.4
PEMAJCJK_02776	MER0036068	22.509	271	171	7	3	248	38	294	4.64e-07	46.6
PEMAJCJK_02776	MER0036064	30.693	101	68	2	20	118	28	128	5.09e-07	46.6
PEMAJCJK_02776	MER0037853	33.636	110	63	5	5	105	12	120	1.85e-06	45.1
PEMAJCJK_02776	MER0031653	33.333	81	43	3	36	115	137	207	1.92e-06	45.1
PEMAJCJK_02776	MER0183709	31.624	117	56	6	16	114	28	138	2.74e-06	44.3
PEMAJCJK_02776	MER0036076	30.208	96	64	2	20	113	63	157	4.58e-06	43.9
PEMAJCJK_02776	MER0044900	29.808	104	64	3	19	113	94	197	5.14e-06	43.9
PEMAJCJK_02776	MER0031614	29.060	117	69	4	8	115	71	182	5.74e-06	43.5
PEMAJCJK_02776	MER0213595	29.524	105	69	4	21	121	6	109	9.50e-06	42.4
PEMAJCJK_02781	MER0001295	47.541	183	83	3	375	553	5	178	3.26e-50	170
PEMAJCJK_02781	MER0001297	36.170	141	80	3	373	513	3	133	9.03e-23	92.8
PEMAJCJK_02781	MER0001425	34.409	186	102	6	371	552	1	170	2.74e-22	91.7
PEMAJCJK_02781	MER0003413	34.459	148	88	2	405	552	27	165	3.48e-22	91.3
PEMAJCJK_02781	MER0004196	32.051	156	94	3	397	550	19	164	9.10e-21	87.0
PEMAJCJK_02781	MER0003514	33.728	169	99	5	383	550	6	162	3.40e-20	85.5
PEMAJCJK_02781	MER0003065	32.353	170	104	4	383	552	6	164	4.13e-19	82.0
PEMAJCJK_02781	MER0015684	31.461	178	104	6	373	549	3	163	7.32e-17	75.9
PEMAJCJK_02781	MER0004195	32.099	162	97	5	396	554	18	169	1.20e-15	72.4
PEMAJCJK_02781	MER0005714	29.008	131	84	3	391	513	13	142	8.31e-12	61.2
PEMAJCJK_02785	MER0004035	42.105	114	59	4	85	197	4	111	2.04e-26	95.1
PEMAJCJK_02785	MER0002443	42.982	114	60	3	86	198	8	117	8.75e-26	93.6
PEMAJCJK_02785	MER0004054	39.655	116	61	5	88	198	10	121	2.96e-18	74.3
PEMAJCJK_02785	MER0003986	35.714	112	66	3	79	188	1	108	5.62e-17	70.9
PEMAJCJK_02785	MER0003807	33.065	124	72	5	79	198	1	117	3.47e-15	65.9
PEMAJCJK_02785	MER0014188	37.349	83	46	2	79	160	1	78	8.58e-14	62.0
PEMAJCJK_02785	MER0038100	36.634	101	54	3	101	197	30	124	1.98e-12	58.9
PEMAJCJK_02785	MER0014672	36.585	82	39	1	83	151	5	86	2.61e-11	55.8
PEMAJCJK_02785	MER0024252	33.333	99	56	3	91	185	14	106	6.56e-11	54.7
PEMAJCJK_02785	MER0003808	34.783	115	57	7	79	188	1	102	1.45e-09	50.8
PEMAJCJK_02785	MER0002450	36.000	125	60	8	79	197	1	111	2.81e-09	50.1
PEMAJCJK_02785	MER0377310	37.931	116	52	8	79	188	1	102	3.44e-09	49.7
PEMAJCJK_02785	MER0377307	37.931	116	52	8	79	188	1	102	3.44e-09	49.7
PEMAJCJK_02785	MER0003805	30.159	126	70	6	79	199	1	113	4.67e-09	49.3
PEMAJCJK_02785	MER0376722	35.185	108	52	7	79	181	1	95	2.06e-08	47.4
PEMAJCJK_02785	MER0377450	34.483	87	44	4	79	160	1	79	1.18e-07	45.1
PEMAJCJK_02785	MER0031199	35.088	57	37	0	95	151	1	57	6.22e-07	42.7
PEMAJCJK_02785	MER0377178	35.577	104	53	7	88	188	10	102	1.30e-06	42.7
PEMAJCJK_02791	MER0001423	65.517	232	80	0	488	719	1	232	1.63e-109	329
PEMAJCJK_02791	MER0000399	44.231	260	136	6	464	719	1	255	2.78e-63	209
PEMAJCJK_02791	MER0000401	44.017	234	126	4	489	719	26	257	8.99e-62	204
PEMAJCJK_02791	MER0000405	40.741	270	138	9	464	718	2	264	7.79e-58	194
PEMAJCJK_02791	MER0005196	39.565	230	138	1	489	718	22	250	7.42e-57	191
PEMAJCJK_02791	MER0004504	43.750	224	106	5	492	702	2	218	2.98e-55	186
PEMAJCJK_02791	MER0058228	41.284	218	126	2	489	704	7	224	2.12e-54	184
PEMAJCJK_02791	MER0005987	40.625	224	123	6	500	718	39	257	1.11e-51	177
PEMAJCJK_02791	MER0000404	37.984	258	152	5	464	715	1	256	5.63e-51	175
PEMAJCJK_02791	MER0013484	37.815	238	142	4	487	719	2	238	6.41e-50	172
PEMAJCJK_02791	MER0011305	39.823	226	127	6	492	712	23	244	7.13e-48	166
PEMAJCJK_02791	MER0004923	34.457	267	169	4	458	719	24	289	7.46e-48	167
PEMAJCJK_02791	MER0011231	36.122	263	159	6	464	721	1	259	1.53e-47	166
PEMAJCJK_02791	MER0011413	33.191	235	153	2	489	719	4	238	8.13e-46	160
PEMAJCJK_02791	MER0005994	34.100	261	165	5	464	719	2	260	2.10e-43	154
PEMAJCJK_02791	MER0004921	35.135	222	129	6	489	702	4	218	2.36e-42	150
PEMAJCJK_02791	MER0192427	34.783	230	141	4	477	702	54	278	1.23e-39	144
PEMAJCJK_02791	MER0000403	30.888	259	169	5	469	721	6	260	2.08e-39	143
PEMAJCJK_02791	MER0004199	34.529	223	132	7	502	719	7	220	1.51e-35	131
PEMAJCJK_02791	MER0004193	35.023	217	136	4	489	702	3	217	1.64e-35	131
PEMAJCJK_02791	MER0003361	30.045	223	143	7	484	700	12	227	1.02e-30	118
PEMAJCJK_02791	MER0195666	28.807	243	161	5	489	723	1	239	9.51e-30	115
PEMAJCJK_02791	MER0003558	27.239	268	175	9	467	722	1	260	2.34e-20	88.2
PEMAJCJK_02791	MER0005988	36.364	110	69	1	594	702	2	111	3.45e-20	83.6
PEMAJCJK_02791	MER0034615	23.790	248	142	8	482	702	3	230	4.47e-15	72.4
PEMAJCJK_02791	MER0005807	27.184	206	137	7	502	702	62	259	1.50e-14	71.6
PEMAJCJK_02791	MER0006027	26.786	224	139	6	495	702	24	238	5.64e-14	69.3
PEMAJCJK_02791	MER0000408	24.255	235	158	6	482	702	5	233	9.18e-14	68.9
PEMAJCJK_02791	MER0018170	26.776	183	117	4	534	701	52	232	1.44e-12	65.1
PEMAJCJK_02791	MER0017401	27.347	245	159	9	484	720	2	235	2.08e-12	64.3
PEMAJCJK_02791	MER0140224	25.472	212	139	4	503	701	13	218	2.49e-12	64.3
PEMAJCJK_02791	MER0126485	27.612	134	87	4	543	668	52	183	5.47e-08	51.2
PEMAJCJK_02791	MER0000263	26.160	237	145	12	484	702	1	225	1.03e-07	50.4
PEMAJCJK_02791	MER0016096	20.482	249	177	8	485	718	2	244	3.07e-07	48.9
PEMAJCJK_02791	MER0030932	29.252	147	85	4	567	700	84	224	7.15e-07	48.1
PEMAJCJK_02791	MER0004925	22.727	242	173	6	471	701	2	240	1.54e-06	47.0
PEMAJCJK_02791	MER0015682	22.449	245	170	8	467	701	52	286	3.66e-06	46.2
PEMAJCJK_02808	MER0001244	40.684	263	141	6	175	425	2	261	2.45e-56	184
PEMAJCJK_02808	MER0013463	35.985	264	154	4	174	426	1	260	8.68e-48	161
PEMAJCJK_02808	MER0028601	33.455	275	147	11	176	425	3	266	6.27e-40	140
PEMAJCJK_02808	MER0001733	29.452	292	163	4	176	426	3	292	8.05e-36	130
PEMAJCJK_02808	MER0004931	32.773	238	134	6	175	408	2	217	3.19e-30	114
PEMAJCJK_02808	MER0004532	30.342	234	136	5	175	404	2	212	4.32e-29	110
PEMAJCJK_02808	MER0001248	29.600	250	126	6	222	425	7	252	1.64e-28	109
PEMAJCJK_02808	MER0005462	28.916	249	149	7	174	418	1	225	3.88e-26	102
PEMAJCJK_02808	MER0005715	26.293	232	145	7	175	400	2	213	3.24e-16	74.7
PEMAJCJK_02808	MER0002038	26.141	241	149	8	175	409	2	219	2.86e-15	71.6
PEMAJCJK_02808	MER0001250	25.424	295	158	11	176	419	3	286	3.44e-13	66.6
PEMAJCJK_02808	MER0027437	26.512	215	110	11	213	407	44	230	9.89e-10	55.8
PEMAJCJK_02808	MER0016544	29.016	193	95	11	228	404	81	247	3.50e-09	54.3
PEMAJCJK_02845	MER0281397	25.490	204	124	5	117	298	4	201	3.41e-14	67.8
PEMAJCJK_02845	MER0005925	23.077	234	147	5	117	319	57	288	3.11e-07	48.5
PEMAJCJK_02845	MER0026262	21.752	331	193	12	79	355	10	328	1.83e-06	46.2
