CHGKFFII_00050	MER0058228	26.180	233	141	8	693	911	7	222	1.68e-15	74.3
CHGKFFII_00050	MER0034615	24.691	243	141	7	696	916	13	235	3.01e-15	73.6
CHGKFFII_00050	MER0003558	28.365	208	129	6	724	919	50	249	1.39e-12	65.9
CHGKFFII_00050	MER0005196	31.655	139	73	5	693	815	22	154	7.88e-11	60.5
CHGKFFII_00050	MER0000408	27.326	172	112	3	754	919	77	241	8.78e-11	60.5
CHGKFFII_00050	MER0004925	21.374	262	165	9	677	916	4	246	4.26e-10	58.5
CHGKFFII_00050	MER0013484	34.058	138	72	7	691	813	2	135	1.08e-09	57.0
CHGKFFII_00050	MER0014827	20.599	267	161	9	677	916	4	246	2.84e-09	55.8
CHGKFFII_00050	MER0011583	26.250	160	100	6	777	930	98	245	7.33e-09	54.7
CHGKFFII_00050	MER0000263	25.896	251	134	12	692	916	6	230	1.18e-08	53.9
CHGKFFII_00050	MER0015682	24.038	208	135	4	732	928	109	304	1.90e-07	50.8
CHGKFFII_00050	MER0126485	23.469	196	130	5	726	909	28	215	1.38e-06	47.4
CHGKFFII_00050	MER0017401	23.121	173	124	3	758	930	76	239	3.79e-06	46.2
CHGKFFII_00050	MER0030932	25.000	204	127	7	729	921	48	236	5.26e-06	45.8
CHGKFFII_00086	MER0437468	38.218	348	200	6	198	531	1	347	2.85e-73	234
CHGKFFII_00086	MER0065554	43.529	255	133	3	290	534	9	262	2.03e-68	218
CHGKFFII_00086	MER0436717	33.250	400	200	7	198	534	1	396	6.31e-58	195
CHGKFFII_00086	MER0031278	27.363	201	115	8	339	533	70	245	2.06e-08	52.4
CHGKFFII_00087	MER0492485	32.716	162	106	2	28	189	10	168	6.69e-21	82.0
CHGKFFII_00088	MER0014135	43.346	263	149	0	181	443	1	263	3.90e-79	243
CHGKFFII_00092	MER0019759	26.339	224	142	11	364	570	12	229	1.17e-11	62.4
CHGKFFII_00092	MER0002746	25.688	218	138	10	364	563	12	223	3.95e-09	54.7
CHGKFFII_00092	MER0091680	26.733	202	131	8	380	568	20	217	5.42e-09	54.3
CHGKFFII_00092	MER0001010	25.980	204	122	11	380	563	8	202	1.06e-06	47.0
CHGKFFII_00127	MER0002031	29.600	125	86	2	2	126	5	127	2.34e-18	79.3
CHGKFFII_00127	MER0014664	31.746	126	83	2	1	124	1	125	3.32e-18	79.0
CHGKFFII_00127	MER0002036	33.065	124	77	4	7	124	10	133	4.45e-18	78.6
CHGKFFII_00127	MER0014665	31.405	121	73	4	10	124	6	122	1.94e-09	53.5
CHGKFFII_00127	MER0002884	25.600	125	80	3	10	126	6	125	3.29e-08	50.1
CHGKFFII_00127	MER0042832	23.333	120	85	3	10	124	6	123	3.30e-07	47.4
CHGKFFII_00127	MER0003813	26.549	113	75	4	2	108	4	114	1.97e-06	45.1
CHGKFFII_00139	MER0002575	28.197	305	174	12	165	461	11	278	8.41e-14	68.9
CHGKFFII_00139	MER0000320	25.862	290	170	9	165	441	11	268	2.74e-13	67.4
CHGKFFII_00139	MER0001709	25.146	342	170	13	156	444	5	313	7.58e-13	66.6
CHGKFFII_00139	MER0077555	24.373	279	179	7	165	443	11	257	1.35e-12	65.1
CHGKFFII_00139	MER0001928	27.559	254	146	11	165	415	11	229	4.12e-12	63.5
CHGKFFII_00139	MER0000310	28.723	282	157	12	163	438	9	252	1.36e-10	58.9
CHGKFFII_00139	MER0175622	25.256	293	196	10	152	438	3	278	2.14e-10	58.9
CHGKFFII_00139	MER0000362	25.970	335	164	16	156	438	5	307	2.62e-10	58.9
CHGKFFII_00139	MER0001521	26.667	255	155	7	165	416	11	236	5.84e-10	57.4
CHGKFFII_00139	MER0001755	26.667	255	155	7	165	416	11	236	7.82e-10	57.0
CHGKFFII_00139	MER0000313	26.667	255	155	7	165	416	11	236	8.12e-10	56.6
CHGKFFII_00139	MER0001523	26.275	255	156	7	165	416	11	236	1.26e-09	56.2
CHGKFFII_00139	MER0000312	26.275	255	156	7	165	416	11	236	1.26e-09	56.2
CHGKFFII_00139	MER0000319	24.088	274	171	8	165	435	18	257	5.76e-09	54.3
CHGKFFII_00139	MER0000361	25.000	316	177	12	164	438	17	313	2.22e-08	52.8
CHGKFFII_00139	MER0000316	26.482	253	150	11	165	415	10	228	2.99e-08	52.0
CHGKFFII_00139	MER0028365	23.929	397	227	14	91	462	2	348	1.35e-07	50.4
CHGKFFII_00139	MER0002267	24.783	230	129	8	222	443	71	264	1.66e-07	49.7
CHGKFFII_00139	MER0002516	26.027	292	149	14	165	441	30	269	2.33e-07	49.3
CHGKFFII_00139	MER0054318	26.882	279	155	13	172	433	15	261	4.64e-07	48.5
CHGKFFII_00139	MER0013656	26.897	290	162	12	165	439	10	264	5.94e-07	48.1
CHGKFFII_00139	MER0000315	24.111	253	156	10	165	415	11	229	1.25e-06	47.0
CHGKFFII_00139	MER0001906	23.715	253	157	10	165	415	11	229	5.05e-06	45.1
CHGKFFII_00139	MER0001725	27.149	221	136	7	220	438	97	294	7.37e-06	45.1
