KCAFJCOO_00049	MER0034582	24.024	333	223	8	596	914	1	317	2.07e-24	102
KCAFJCOO_00054	MER0100667	33.974	156	85	6	152	306	39	177	4.33e-14	67.8
KCAFJCOO_00054	MER0001284	34.058	138	81	6	135	267	30	162	1.58e-12	63.5
KCAFJCOO_00054	MER0194228	32.283	127	74	4	155	280	2	117	1.30e-11	60.1
KCAFJCOO_00054	MER0004514	26.630	184	123	7	104	285	3	176	2.23e-11	60.1
KCAFJCOO_00054	MER0001289	30.556	144	87	5	138	280	62	193	3.44e-11	60.1
KCAFJCOO_00054	MER0037181	29.630	189	103	10	95	277	27	191	9.05e-11	58.9
KCAFJCOO_00054	MER0002161	28.333	180	105	8	122	298	50	208	1.95e-10	57.8
KCAFJCOO_00054	MER0005238	37.895	95	40	4	137	226	66	146	1.69e-09	55.1
KCAFJCOO_00054	MER0002104	37.895	95	40	4	137	226	66	146	1.60e-08	52.0
KCAFJCOO_00054	MER0001290	27.586	174	106	5	94	253	46	213	6.93e-08	50.4
KCAFJCOO_00054	MER0005139	28.070	114	63	4	138	245	63	163	8.07e-07	47.0
KCAFJCOO_00054	MER0005239	32.632	95	44	4	138	226	69	149	1.86e-06	45.8
KCAFJCOO_00074	MER0001161	40.353	679	392	7	14	682	3	678	2.04e-170	501
KCAFJCOO_00074	MER0001158	36.937	666	413	6	22	682	14	677	5.41e-143	430
KCAFJCOO_00074	MER0006087	37.000	700	403	16	12	683	10	699	1.46e-137	417
KCAFJCOO_00074	MER0015119	33.981	721	418	15	12	683	6	717	1.77e-124	383
KCAFJCOO_00074	MER0108144	32.030	665	423	11	35	682	10	662	4.64e-108	339
KCAFJCOO_00074	MER0001149	33.940	604	371	12	90	682	90	676	5.42e-99	316
KCAFJCOO_00074	MER0003110	30.780	705	407	18	41	683	31	716	3.98e-92	298
KCAFJCOO_00074	MER0001942	32.704	636	398	13	59	682	59	676	3.30e-91	295
KCAFJCOO_00074	MER0001153	30.713	687	431	17	24	682	23	692	1.61e-86	283
KCAFJCOO_00074	MER0079465	29.647	651	413	22	59	682	2	634	5.43e-73	245
KCAFJCOO_00074	MER0015170	26.372	565	376	13	120	677	94	625	9.91e-54	192
KCAFJCOO_00074	MER0001156	26.355	664	419	19	41	659	46	684	1.10e-46	173
KCAFJCOO_00074	MER0021317	32.051	78	53	0	434	511	10	87	1.89e-08	49.3
KCAFJCOO_00088	MER0015475	32.143	168	95	8	56	212	40	199	4.67e-13	62.8
KCAFJCOO_00113	MER0192051	24.747	198	138	7	18	210	95	286	1.34e-08	52.8
KCAFJCOO_00147	MER0065588	42.347	196	110	3	1	193	1	196	3.28e-50	158
KCAFJCOO_00147	MER0043387	30.000	140	71	7	59	190	44	164	3.28e-06	42.4
KCAFJCOO_00255	MER0011369	36.735	196	123	1	160	354	25	220	4.56e-38	138
KCAFJCOO_00255	MER0002078	34.071	226	144	2	157	381	12	233	1.75e-36	134
KCAFJCOO_00255	MER0002968	36.598	194	121	2	171	363	27	219	1.01e-35	131
KCAFJCOO_00255	MER0005046	32.308	195	132	0	165	359	4	198	3.63e-32	120
KCAFJCOO_00255	MER0011370	33.503	197	130	1	164	359	14	210	1.32e-31	119
KCAFJCOO_00255	MER0019759	32.127	221	146	3	164	381	13	232	2.09e-31	119
KCAFJCOO_00255	MER0016308	35.870	184	105	3	176	353	1	177	1.66e-30	115
KCAFJCOO_00255	MER0011371	33.679	193	123	2	155	346	10	198	6.90e-30	114
KCAFJCOO_00255	MER0005045	31.795	195	133	0	165	359	4	198	7.40e-30	114
KCAFJCOO_00255	MER0005331	33.158	190	125	2	171	359	22	210	4.69e-29	112
KCAFJCOO_00255	MER0002003	30.928	194	128	3	170	359	26	217	1.92e-28	110
KCAFJCOO_00255	MER0001185	33.505	194	120	3	170	359	27	215	2.89e-28	110
KCAFJCOO_00255	MER0001003	34.659	176	112	2	180	353	5	179	2.98e-28	108
KCAFJCOO_00255	MER0011440	31.771	192	126	2	171	359	21	210	3.17e-28	110
KCAFJCOO_00255	MER0028449	30.516	213	143	3	156	363	13	225	3.20e-28	110
KCAFJCOO_00255	MER0001012	34.737	190	123	1	166	354	22	211	3.37e-28	110
KCAFJCOO_00255	MER0002746	28.767	219	155	1	164	381	15	233	4.75e-28	110
KCAFJCOO_00255	MER0011183	30.348	201	139	1	164	363	7	207	1.89e-26	105
KCAFJCOO_00255	MER0091680	29.048	210	146	2	164	371	4	212	2.11e-26	104
KCAFJCOO_00255	MER0011438	30.000	180	125	1	165	343	15	194	1.01e-25	102
KCAFJCOO_00255	MER0002060	29.474	190	132	2	171	359	27	215	1.14e-25	102
KCAFJCOO_00255	MER0001010	29.167	192	131	2	173	359	3	194	3.23e-25	101
KCAFJCOO_00255	MER0006264	29.213	178	126	0	182	359	5	182	4.87e-25	99.8
KCAFJCOO_00255	MER0011423	29.000	200	138	2	164	359	15	214	5.30e-25	100
KCAFJCOO_00255	MER0001005	35.673	171	108	2	191	359	7	177	5.77e-25	99.8
KCAFJCOO_00255	MER0001701	29.907	214	126	5	164	363	1	204	7.95e-25	100
KCAFJCOO_00255	MER0052595	30.542	203	127	4	162	359	27	220	2.61e-24	99.0
KCAFJCOO_00255	MER0000997	30.769	182	122	2	182	359	36	217	3.60e-24	98.6
KCAFJCOO_00255	MER0004243	29.016	193	133	2	171	359	24	216	4.76e-24	98.2
KCAFJCOO_00255	MER0011400	33.333	174	115	1	174	346	25	198	6.43e-23	95.5
KCAFJCOO_00255	MER0019754	30.102	196	128	6	170	359	3	195	5.96e-22	91.3
KCAFJCOO_00255	MER0011175	27.041	196	142	1	165	359	15	210	9.99e-22	91.3
KCAFJCOO_00255	MER0116688	31.034	174	119	1	174	346	25	198	4.12e-21	90.1
KCAFJCOO_00255	MER0011401	29.885	174	117	2	187	355	30	203	1.01e-20	88.2
KCAFJCOO_00255	MER0002422	30.978	184	118	3	174	354	24	201	1.74e-20	87.4
KCAFJCOO_00255	MER0171631	30.928	194	118	6	169	354	19	204	2.43e-20	87.0
KCAFJCOO_00255	MER0003500	29.255	188	129	4	174	359	12	197	4.51e-20	86.3
KCAFJCOO_00255	MER0001009	26.554	177	129	1	213	388	2	178	4.50e-18	80.5
KCAFJCOO_00255	MER0002210	27.564	156	111	2	193	346	1	156	2.37e-17	77.0
KCAFJCOO_00255	MER0002355	26.020	196	138	2	159	354	15	203	3.80e-17	78.2
KCAFJCOO_00255	MER0011399	27.053	207	143	4	174	374	25	229	6.61e-17	77.8
KCAFJCOO_00255	MER0026830	34.862	109	70	1	167	274	19	127	1.61e-16	75.5
KCAFJCOO_00255	MER0011720	26.064	188	122	3	182	367	38	210	7.13e-16	74.3
KCAFJCOO_00255	MER0001525	26.267	217	125	7	147	343	9	210	9.60e-13	65.5
KCAFJCOO_00255	MER0003916	24.859	177	127	3	171	346	10	181	1.51e-11	61.2
KCAFJCOO_00255	MER0015166	24.873	197	137	4	172	358	35	230	2.90e-11	60.8
KCAFJCOO_00255	MER0001001	26.667	180	113	6	190	360	41	210	3.60e-10	57.4
KCAFJCOO_00255	MER0011345	28.834	163	102	6	193	350	55	208	1.75e-09	55.8
KCAFJCOO_00255	MER0036308	25.641	195	99	6	193	369	53	219	1.81e-08	52.8
KCAFJCOO_00255	MER0001017	24.658	219	135	9	178	380	39	243	1.09e-07	50.4
KCAFJCOO_00255	MER0002865	33.721	86	50	3	182	267	2	80	2.60e-07	48.5
KCAFJCOO_00255	MER0040779	25.434	173	113	5	190	360	40	198	7.91e-07	47.4
KCAFJCOO_00255	MER0005328	26.667	165	106	7	193	351	44	199	2.43e-06	45.8
KCAFJCOO_00255	MER0012283	24.419	172	117	5	182	349	43	205	9.79e-06	44.3
KCAFJCOO_00257	MER0001297	42.675	157	87	1	187	343	3	156	3.47e-36	129
KCAFJCOO_00257	MER0003514	40.909	154	88	1	187	340	3	153	1.33e-35	128
KCAFJCOO_00257	MER0003065	39.073	151	89	1	187	337	3	150	1.22e-33	122
KCAFJCOO_00257	MER0001425	44.172	163	86	2	185	343	1	162	1.62e-33	122
KCAFJCOO_00257	MER0003413	36.424	151	94	1	187	337	3	151	3.44e-31	115
KCAFJCOO_00257	MER0015684	39.597	149	89	1	188	336	4	151	3.53e-29	110
KCAFJCOO_00257	MER0004196	40.764	157	90	3	188	343	4	158	2.11e-26	102
KCAFJCOO_00257	MER0005714	36.970	165	82	4	186	336	2	158	1.44e-25	100
KCAFJCOO_00257	MER0001295	33.908	174	87	5	187	341	3	167	3.69e-21	88.2
KCAFJCOO_00257	MER0004195	31.818	154	103	1	188	341	4	155	2.36e-20	85.5
KCAFJCOO_00266	MER0036069	28.000	125	87	2	51	175	51	172	7.04e-07	47.0
KCAFJCOO_00266	MER0036063	30.201	149	91	7	44	185	2	144	6.14e-06	43.9
KCAFJCOO_00292	MER0027775	40.000	120	66	3	69	186	1	116	9.55e-23	85.9
KCAFJCOO_00292	MER0001602	30.882	136	76	3	69	186	1	136	6.05e-15	65.9
KCAFJCOO_00304	MER0005742	26.950	141	63	5	51	191	1	101	2.36e-08	47.8
KCAFJCOO_00304	MER0013458	26.230	183	96	9	30	194	1	162	7.88e-06	42.4
KCAFJCOO_00308	MER0002251	47.788	226	112	4	2	224	1	223	1.56e-68	207
KCAFJCOO_00308	MER0001335	39.819	221	124	5	4	220	3	218	2.52e-49	158
KCAFJCOO_00347	MER0001400	41.176	238	109	7	563	794	173	385	1.09e-50	180
KCAFJCOO_00347	MER0001400	38.728	173	100	3	242	412	3	171	1.86e-23	100
KCAFJCOO_00355	MER0281397	26.368	201	136	5	120	311	4	201	1.49e-12	63.2
KCAFJCOO_00377	MER0001297	42.581	155	87	2	203	357	3	155	1.03e-33	122
KCAFJCOO_00377	MER0003514	42.208	154	87	2	204	357	4	155	9.21e-33	120
KCAFJCOO_00377	MER0004195	38.217	157	92	2	203	357	3	156	9.08e-31	114
KCAFJCOO_00377	MER0003065	37.662	154	94	1	204	357	4	155	5.06e-30	112
KCAFJCOO_00377	MER0003413	36.774	155	95	2	204	357	4	156	2.25e-29	110
KCAFJCOO_00377	MER0001425	40.127	157	90	1	204	356	4	160	3.21e-28	107
KCAFJCOO_00377	MER0004196	39.744	156	90	3	204	357	4	157	3.41e-28	107
KCAFJCOO_00377	MER0005714	35.625	160	96	1	205	357	5	164	5.48e-28	107
KCAFJCOO_00377	MER0015684	35.897	156	100	0	201	356	1	156	7.30e-27	103
KCAFJCOO_00377	MER0001295	31.548	168	102	3	202	357	2	168	4.00e-16	73.6
KCAFJCOO_00377	MER0030244	26.667	150	91	5	204	338	15	160	1.43e-07	48.9
KCAFJCOO_00377	MER0030235	27.007	137	85	5	204	327	4	138	5.07e-07	47.0
KCAFJCOO_00408	MER0001161	40.385	676	396	4	6	674	3	678	5.66e-175	512
KCAFJCOO_00408	MER0001158	38.381	667	402	7	14	674	14	677	2.47e-148	443
KCAFJCOO_00408	MER0006087	35.776	696	417	13	4	675	10	699	6.16e-138	417
KCAFJCOO_00408	MER0015119	35.097	718	414	16	4	675	6	717	1.27e-132	404
KCAFJCOO_00408	MER0108144	31.548	672	428	13	23	674	3	662	7.36e-101	320
KCAFJCOO_00408	MER0001149	32.656	640	399	14	48	674	56	676	3.33e-95	305
KCAFJCOO_00408	MER0003110	31.526	701	405	18	33	674	31	715	3.14e-91	296
KCAFJCOO_00408	MER0001942	31.772	683	425	18	6	674	21	676	5.41e-91	294
KCAFJCOO_00408	MER0001153	32.528	621	387	14	76	674	82	692	3.26e-86	282
KCAFJCOO_00408	MER0079465	29.430	649	417	19	51	674	2	634	4.26e-71	239
KCAFJCOO_00408	MER0001156	27.273	671	417	21	30	651	36	684	5.72e-53	191
KCAFJCOO_00408	MER0015170	25.618	566	379	11	112	669	94	625	3.25e-52	187
KCAFJCOO_00408	MER0021317	31.646	79	54	0	425	503	9	87	6.44e-09	50.4
KCAFJCOO_00426	MER0001243	40.000	250	148	2	2	249	3	252	1.32e-61	192
KCAFJCOO_00426	MER0005690	38.683	243	148	1	4	246	5	246	1.93e-55	176
KCAFJCOO_00426	MER0001342	37.551	245	153	0	2	246	3	247	6.83e-55	175
KCAFJCOO_00426	MER0015127	38.075	239	147	1	8	246	9	246	1.87e-49	160
KCAFJCOO_00426	MER0015128	36.596	235	147	2	13	246	14	247	1.12e-48	159
KCAFJCOO_00426	MER0013450	33.603	247	162	2	2	246	1	247	1.12e-48	159
KCAFJCOO_00426	MER0013589	34.156	243	159	1	4	246	1	242	1.59e-44	147
KCAFJCOO_00426	MER0013929	33.198	247	164	1	2	248	3	248	5.58e-43	144
KCAFJCOO_00426	MER0004931	28.922	204	129	6	3	202	4	195	1.72e-19	81.6
KCAFJCOO_00426	MER0010972	25.000	240	150	4	13	246	14	229	1.00e-17	77.4
KCAFJCOO_00426	MER0003880	29.891	184	114	4	32	211	25	197	2.71e-14	68.2
KCAFJCOO_00426	MER0024896	28.947	114	79	2	4	116	5	117	9.49e-14	67.4
KCAFJCOO_00426	MER0024896	26.718	131	89	2	122	246	337	466	1.21e-10	58.2
KCAFJCOO_00426	MER0011746	26.636	214	138	7	13	213	14	221	3.94e-12	62.4
KCAFJCOO_00426	MER0005462	25.967	181	128	3	1	180	2	177	5.74e-12	60.8
KCAFJCOO_00426	MER0004532	26.923	182	116	4	3	178	4	174	1.68e-10	56.6
KCAFJCOO_00426	MER0001728	28.846	208	129	6	13	207	14	215	2.87e-10	56.6
KCAFJCOO_00426	MER0002038	26.562	128	87	3	77	202	74	196	3.02e-08	50.1
KCAFJCOO_00426	MER0005715	22.439	205	143	7	4	202	5	199	4.11e-07	46.6
KCAFJCOO_00426	MER0001244	24.324	148	104	3	1	146	2	143	3.73e-06	43.9
KCAFJCOO_00449	MER0004957	38.679	106	52	4	16	117	26	122	9.54e-11	54.3
KCAFJCOO_00511	MER0001295	45.902	183	87	3	367	546	5	178	7.54e-48	164
KCAFJCOO_00511	MER0003065	38.750	160	85	4	385	543	15	162	1.10e-24	98.2
KCAFJCOO_00511	MER0003514	38.125	160	88	3	386	545	16	164	1.47e-23	95.1
KCAFJCOO_00511	MER0001297	34.615	182	100	4	364	545	2	164	2.95e-23	94.0
KCAFJCOO_00511	MER0001425	39.860	143	75	3	404	545	38	170	5.17e-23	93.6
KCAFJCOO_00511	MER0003413	33.333	159	96	2	385	543	15	163	6.28e-20	84.7
KCAFJCOO_00511	MER0004196	32.919	161	95	4	385	543	15	164	3.24e-18	79.7
KCAFJCOO_00511	MER0005714	33.140	172	95	5	381	543	11	171	9.00e-18	78.6
KCAFJCOO_00511	MER0015684	36.242	149	73	6	396	535	26	161	1.68e-17	77.8
KCAFJCOO_00511	MER0004195	30.769	169	97	6	385	547	15	169	2.68e-14	68.6
KCAFJCOO_00511	MER0030235	28.161	174	94	6	390	546	21	180	3.11e-07	48.1
KCAFJCOO_00511	MER0030244	27.381	168	94	5	393	546	38	191	1.33e-06	46.6
KCAFJCOO_00529	MER0025086	57.724	123	44	2	236	350	1	123	8.30e-45	147
KCAFJCOO_00529	MER0029657	42.975	121	63	3	235	351	28	146	6.52e-20	82.4
KCAFJCOO_00529	MER0002084	29.442	197	117	8	131	310	6	197	2.63e-10	56.6
KCAFJCOO_00529	MER0011122	34.014	147	73	8	225	350	3	146	1.44e-09	53.1
KCAFJCOO_00580	MER0015475	35.570	149	76	6	54	188	38	180	1.82e-16	72.0
KCAFJCOO_00593	MER0004514	30.000	130	85	2	105	232	30	155	4.72e-13	65.9
KCAFJCOO_00593	MER0001284	36.364	110	67	2	115	222	36	144	1.04e-12	64.7
KCAFJCOO_00593	MER0100667	35.780	109	58	3	115	219	24	124	2.07e-10	57.4
KCAFJCOO_00593	MER0194228	34.286	70	45	1	150	218	14	83	2.47e-06	45.1
KCAFJCOO_00593	MER0001289	34.286	70	45	1	150	218	90	159	4.95e-06	44.7
KCAFJCOO_00594	MER0168983	25.862	174	111	6	275	444	1	160	5.39e-11	58.2
KCAFJCOO_00594	MER0168177	28.931	159	83	7	275	422	1	140	5.43e-08	49.7
KCAFJCOO_00594	MER0005331	24.402	209	138	6	247	440	2	205	8.77e-08	49.7
KCAFJCOO_00594	MER0001013	23.982	221	132	6	250	450	17	221	1.71e-07	49.3
KCAFJCOO_00594	MER0002755	24.272	206	128	6	253	441	8	202	3.20e-07	48.1
KCAFJCOO_00594	MER0001017	24.883	213	124	9	259	450	25	222	1.81e-06	46.2
KCAFJCOO_00594	MER0002060	22.115	208	144	6	244	437	4	207	5.02e-06	44.7
KCAFJCOO_00594	MER0036308	26.515	132	68	4	253	374	17	129	7.92e-06	44.3
KCAFJCOO_00621	MER0003376	29.204	113	68	5	98	206	45	149	2.74e-07	45.8
KCAFJCOO_00661	MER0005900	30.526	380	241	9	53	421	26	393	1.64e-42	151
KCAFJCOO_00698	MER0000268	53.205	156	71	2	103	258	1	154	4.53e-50	164
KCAFJCOO_00698	MER0000266	55.063	158	67	3	103	258	1	156	3.67e-49	162
KCAFJCOO_00698	MER0013623	50.641	156	74	2	103	258	1	153	4.79e-49	162
KCAFJCOO_00698	MER0003850	48.045	179	84	4	103	277	3	176	2.05e-48	161
KCAFJCOO_00698	MER0004111	50.314	159	72	2	103	258	1	155	2.10e-46	155
KCAFJCOO_00698	MER0001372	51.592	157	74	2	103	258	1	156	3.16e-45	152
KCAFJCOO_00698	MER0005468	50.943	159	74	3	103	258	1	158	4.13e-43	146
KCAFJCOO_00698	MER0004149	49.080	163	76	2	103	258	1	163	1.25e-42	145
KCAFJCOO_00698	MER0003290	49.057	159	75	3	103	258	1	156	2.94e-39	136
KCAFJCOO_00698	MER0004673	34.420	276	148	7	103	356	2	266	5.18e-38	136
KCAFJCOO_00698	MER0001945	45.912	159	83	2	103	258	1	159	9.20e-37	129
KCAFJCOO_00698	MER0003293	47.333	150	77	2	103	252	1	148	2.62e-36	128
KCAFJCOO_00698	MER0001373	45.283	159	83	2	103	258	1	158	5.14e-35	125
KCAFJCOO_00698	MER0002577	45.570	158	79	2	103	258	1	153	6.44e-35	124
KCAFJCOO_00698	MER0028330	44.304	158	81	2	103	258	1	153	8.66e-34	121
KCAFJCOO_00698	MER0004093	44.654	159	79	3	103	258	1	153	5.65e-33	119
KCAFJCOO_00698	MER0010944	41.520	171	85	3	103	258	1	171	3.38e-32	117
KCAFJCOO_00698	MER0016351	40.252	159	86	3	103	258	1	153	3.86e-31	114
KCAFJCOO_00698	MER0014795	42.424	165	80	4	103	258	1	159	1.52e-30	113
KCAFJCOO_00698	MER0022668	39.181	171	89	5	103	258	1	171	7.44e-30	111
KCAFJCOO_00698	MER0004086	40.491	163	88	4	104	258	1	162	1.16e-29	110
KCAFJCOO_00698	MER0016031	42.857	168	82	6	103	258	1	166	1.03e-28	108
KCAFJCOO_00698	MER0011375	39.375	160	87	4	103	258	1	154	1.14e-27	105
KCAFJCOO_00698	MER0006096	40.299	134	75	2	127	258	1	131	8.01e-26	99.0
KCAFJCOO_00698	MER0015583	44.000	150	72	5	103	241	1	149	6.80e-23	91.7
KCAFJCOO_00698	MER0005093	35.625	160	90	4	103	249	1	160	1.38e-20	85.5
KCAFJCOO_00698	MER0063616	34.320	169	81	7	106	258	5	159	9.69e-14	65.9
KCAFJCOO_00698	MER0005094	32.653	147	81	5	103	239	1	139	4.99e-11	58.2
KCAFJCOO_00698	MER0005090	33.083	133	81	5	103	230	1	130	2.45e-06	44.3
KCAFJCOO_00741	MER0219770	27.132	258	168	8	99	352	34	275	1.23e-23	97.4
KCAFJCOO_00741	MER0026262	22.767	347	230	7	66	396	3	327	2.75e-23	97.1
KCAFJCOO_00741	MER0028284	25.676	296	185	8	113	399	49	318	5.30e-23	96.3
KCAFJCOO_00741	MER1143079	23.881	335	196	14	65	393	1	282	1.05e-12	65.1
KCAFJCOO_00741	MER0140154	19.274	358	230	9	79	398	1	337	9.01e-12	62.8
KCAFJCOO_00741	MER0002489	22.648	287	181	10	115	388	58	316	2.69e-11	61.2
KCAFJCOO_00741	MER0000457	23.770	366	234	15	64	419	6	336	7.53e-11	60.1
KCAFJCOO_00741	MER0000459	28.485	165	95	5	94	245	39	193	8.17e-11	60.1
KCAFJCOO_00741	MER0011700	23.333	240	161	6	79	297	16	253	1.70e-10	58.9
KCAFJCOO_00741	MER0000463	23.724	333	186	15	98	395	34	333	2.18e-10	58.5
KCAFJCOO_00741	MER0005925	24.176	182	121	4	74	242	12	189	1.34e-09	56.2
KCAFJCOO_00741	MER0006204	24.378	201	137	5	60	246	1	200	2.12e-08	52.4
KCAFJCOO_00741	MER0004154	22.672	247	163	7	76	308	8	240	7.26e-08	50.8
KCAFJCOO_00741	MER0034963	25.253	198	127	7	67	251	9	198	1.03e-07	50.4
KCAFJCOO_00741	MER0003802	28.571	161	86	9	97	248	35	175	1.48e-06	46.6
KCAFJCOO_00774	MER0001421	52.381	399	183	4	16	411	1	395	3.44e-148	423
KCAFJCOO_00774	MER0028941	26.923	416	242	13	7	410	2	367	1.97e-27	108
KCAFJCOO_00774	MER0369336	30.142	282	188	7	133	410	39	315	2.63e-26	104
KCAFJCOO_00786	MER0011345	26.994	163	101	5	380	528	59	217	1.74e-09	55.8
KCAFJCOO_00786	MER0001010	22.517	151	97	4	403	541	61	203	1.53e-07	49.3
KCAFJCOO_00786	MER0019759	23.418	158	98	5	403	547	82	229	1.58e-07	49.7
KCAFJCOO_00786	MER0005328	25.309	162	108	4	372	521	40	200	9.42e-07	47.0
KCAFJCOO_00786	MER0052595	27.820	133	88	3	403	528	89	220	2.85e-06	45.8
KCAFJCOO_00786	MER0019096	27.703	148	90	6	406	549	63	197	3.45e-06	45.1
KCAFJCOO_00786	MER0002746	23.871	155	102	5	403	547	82	230	7.58e-06	44.7
KCAFJCOO_00786	MER0001017	25.904	166	102	5	372	521	51	211	7.67e-06	44.7
KCAFJCOO_00792	MER0011806	23.158	285	153	13	38	320	17	237	8.37e-07	47.4
KCAFJCOO_00834	MER0002635	39.286	280	152	5	142	404	1	279	1.04e-53	177
KCAFJCOO_00834	MER0002646	33.876	307	164	3	142	409	1	307	3.77e-53	176
KCAFJCOO_00834	MER0173063	38.290	269	159	4	144	408	2	267	7.49e-50	166
KCAFJCOO_00834	MER0049282	33.992	253	162	4	161	409	21	272	2.32e-38	136
KCAFJCOO_00834	MER0003824	34.944	269	162	7	144	408	3	262	1.51e-37	134
KCAFJCOO_00834	MER0120615	30.075	266	171	6	144	404	1	256	2.54e-36	130
KCAFJCOO_00834	MER0011469	28.669	293	177	5	141	409	4	288	8.45e-31	116
KCAFJCOO_00834	MER0003772	24.901	253	173	6	165	407	24	269	2.36e-25	101
KCAFJCOO_00834	MER0011470	27.174	276	178	5	150	404	4	277	3.85e-25	100
KCAFJCOO_00834	MER0142760	32.374	139	92	1	243	381	301	437	5.92e-16	76.3
KCAFJCOO_00834	MER0142760	30.818	159	87	6	67	216	69	213	1.36e-08	53.1
KCAFJCOO_00834	MER0006292	26.794	209	108	8	212	410	1	174	7.90e-13	63.5
KCAFJCOO_00869	MER0013829	34.375	352	214	8	13	357	6	347	7.77e-54	178
KCAFJCOO_00869	MER0005169	32.934	334	213	5	13	343	6	331	7.81e-54	178
KCAFJCOO_00869	MER0005472	33.028	327	203	6	19	344	12	323	1.09e-42	148
KCAFJCOO_00869	MER0004410	30.904	343	216	10	12	344	5	336	4.96e-42	147
KCAFJCOO_00869	MER0002046	31.410	312	189	10	42	348	35	326	1.09e-37	135
KCAFJCOO_00869	MER0002043	26.136	352	234	8	4	344	9	345	3.55e-34	126
KCAFJCOO_00869	MER0005160	29.167	288	187	7	60	344	51	324	2.80e-29	112
KCAFJCOO_00869	MER0022215	24.419	344	225	9	11	343	3	322	1.16e-22	94.4
KCAFJCOO_00869	MER0002040	26.855	283	185	9	64	336	59	329	2.41e-22	93.6
KCAFJCOO_00882	MER0001244	40.684	263	141	6	195	445	2	261	5.63e-57	186
KCAFJCOO_00882	MER0013463	38.346	266	143	6	194	445	1	259	1.84e-51	171
KCAFJCOO_00882	MER0001733	30.584	291	159	4	196	445	3	291	2.29e-42	148
KCAFJCOO_00882	MER0028601	33.333	270	154	9	196	445	3	266	3.14e-41	144
KCAFJCOO_00882	MER0005462	33.891	239	132	5	194	428	1	217	1.11e-35	129
KCAFJCOO_00882	MER0004931	32.353	238	135	5	195	428	2	217	1.49e-34	125
KCAFJCOO_00882	MER0004532	33.750	240	126	7	195	427	2	215	2.34e-32	119
KCAFJCOO_00882	MER0001248	31.200	250	122	7	242	445	7	252	1.59e-29	112
KCAFJCOO_00882	MER0005715	30.252	238	140	6	195	426	2	219	1.46e-26	104
KCAFJCOO_00882	MER0002038	26.400	250	144	9	195	432	2	223	1.41e-16	75.9
KCAFJCOO_00882	MER0001250	25.430	291	163	9	196	439	3	286	8.36e-15	71.6
KCAFJCOO_00882	MER0016544	28.372	215	108	8	248	444	81	267	1.51e-12	64.7
KCAFJCOO_00882	MER0003105	25.359	209	117	8	243	435	55	240	1.41e-10	58.5
KCAFJCOO_00882	MER0002039	28.877	187	101	7	249	426	62	225	1.15e-09	55.8
KCAFJCOO_00882	MER0014518	26.027	219	114	11	243	439	57	249	2.85e-08	51.6
KCAFJCOO_00888	MER0014135	44.106	263	147	0	186	448	3	265	1.09e-79	245
KCAFJCOO_00895	MER0003327	42.982	228	124	5	2	228	1	223	6.54e-54	181
KCAFJCOO_00895	MER0012158	34.706	340	147	11	2	269	1	337	7.27e-51	176
KCAFJCOO_00895	MER0185695	36.486	222	135	2	2	218	1	221	4.69e-41	145
KCAFJCOO_00895	MER0003350	39.130	207	102	6	2	185	1	206	2.12e-38	137
KCAFJCOO_00895	MER0003322	38.647	207	100	6	2	182	1	206	4.73e-34	125
KCAFJCOO_00895	MER0011781	28.070	171	114	6	2	168	1	166	9.42e-11	59.3
KCAFJCOO_00895	MER0004101	28.467	137	92	4	2	134	1	135	2.11e-09	55.1
KCAFJCOO_00895	MER0011806	27.737	137	93	4	2	134	1	135	4.10e-09	54.3
KCAFJCOO_00895	MER0003314	26.897	145	93	4	2	134	1	144	8.35e-09	53.9
KCAFJCOO_00908	MER0015473	31.469	143	86	3	50	180	40	182	2.71e-14	66.2
KCAFJCOO_00908	MER0048181	28.671	143	86	2	47	174	1	142	2.25e-11	56.6
KCAFJCOO_00908	MER0015462	30.323	155	95	4	34	186	36	179	1.95e-10	55.1
KCAFJCOO_00908	MER0015472	28.058	139	97	1	43	178	41	179	2.98e-09	52.0
KCAFJCOO_00908	MER0030047	29.630	135	85	3	50	178	1	131	4.86e-08	47.4
KCAFJCOO_00908	MER0015459	31.206	141	87	3	39	179	42	172	8.24e-07	45.1
KCAFJCOO_00908	MER0015458	27.660	188	113	5	42	209	47	231	1.95e-06	44.3
KCAFJCOO_00908	MER0035036	29.008	131	91	2	50	178	91	221	2.04e-06	43.9
KCAFJCOO_00908	MER0015632	26.667	165	88	6	39	187	37	184	2.80e-06	43.5
KCAFJCOO_00947	MER0034541	22.371	894	615	22	7	842	509	1381	4.28e-39	154
KCAFJCOO_00947	MER0018471	23.784	370	230	17	260	590	769	1125	5.84e-06	47.0
KCAFJCOO_01043	MER0005139	36.364	110	60	3	118	225	62	163	9.85e-14	67.4
KCAFJCOO_01043	MER0005238	38.095	105	56	3	119	222	67	163	1.23e-13	67.4
KCAFJCOO_01043	MER0001284	38.889	108	61	3	118	223	35	139	1.84e-13	66.2
KCAFJCOO_01043	MER0005131	26.201	229	144	7	119	337	38	251	4.85e-13	65.1
KCAFJCOO_01043	MER0002161	27.801	241	133	9	56	295	15	215	1.56e-12	63.9
KCAFJCOO_01043	MER0005239	33.929	112	64	3	114	223	64	167	1.21e-11	61.2
KCAFJCOO_01043	MER0015691	34.234	111	64	3	114	223	48	150	2.23e-11	60.1
KCAFJCOO_01043	MER0002104	35.238	105	59	3	119	222	67	163	2.90e-11	60.1
KCAFJCOO_01043	MER0015336	30.081	123	77	2	101	222	44	158	4.60e-11	59.3
KCAFJCOO_01043	MER0100667	27.350	234	136	10	110	336	13	219	2.12e-10	57.0
KCAFJCOO_01043	MER0004514	27.670	206	118	9	118	312	35	220	2.66e-10	57.0
KCAFJCOO_01043	MER0005149	33.929	112	64	4	115	224	61	164	5.73e-10	56.6
KCAFJCOO_01043	MER0005152	32.584	89	52	1	119	207	60	140	2.72e-09	54.3
KCAFJCOO_01043	MER0005241	33.333	90	52	2	117	204	3	86	3.56e-09	53.5
KCAFJCOO_01043	MER0037181	25.172	290	156	12	68	336	27	276	6.95e-09	53.1
KCAFJCOO_01043	MER0026972	32.609	92	55	2	115	206	36	120	3.63e-08	50.4
KCAFJCOO_01043	MER0005244	36.364	88	47	2	117	204	3	81	6.75e-08	49.3
KCAFJCOO_01043	MER0026971	29.787	94	59	2	114	207	51	137	1.95e-07	48.5
KCAFJCOO_01043	MER0002105	31.461	89	52	2	119	206	58	138	2.21e-07	48.1
KCAFJCOO_01043	MER0001911	30.097	103	61	2	117	219	39	130	3.25e-06	44.7
KCAFJCOO_01123	MER0195376	31.973	147	95	2	238	379	1	147	3.38e-14	67.8
KCAFJCOO_01123	MER0003514	24.378	201	112	6	236	432	1	165	2.17e-06	44.7
KCAFJCOO_01123	MER0003065	26.238	202	111	5	238	437	3	168	5.69e-06	43.5
KCAFJCOO_01124	MER0195376	32.000	150	91	3	230	371	1	147	4.31e-15	70.5
KCAFJCOO_01165	MER0000474	54.974	191	86	0	32	222	14	204	6.35e-76	225
KCAFJCOO_01165	MER0005687	51.075	186	86	1	36	221	27	207	2.81e-65	198
KCAFJCOO_01165	MER0006046	47.872	188	98	0	34	221	16	203	2.34e-62	190
KCAFJCOO_01165	MER0002211	48.936	188	96	0	34	221	16	203	1.80e-60	186
KCAFJCOO_01165	MER0002299	48.649	185	95	0	36	220	12	196	8.44e-60	184
KCAFJCOO_01165	MER0004857	48.454	194	98	2	30	222	12	204	1.55e-59	183
KCAFJCOO_01165	MER0006063	44.505	182	101	0	40	221	23	204	5.57e-57	177
KCAFJCOO_01165	MER0004847	50.000	188	93	1	36	222	18	205	3.42e-56	175
KCAFJCOO_01165	MER0004855	45.665	173	94	0	49	221	33	205	7.14e-56	174
KCAFJCOO_01165	MER0006056	46.512	172	91	1	50	221	37	207	9.05e-51	161
KCAFJCOO_01165	MER0004182	41.053	190	112	0	35	224	13	202	2.65e-48	154
KCAFJCOO_01165	MER0006308	38.596	171	104	1	49	218	21	191	1.12e-45	147
KCAFJCOO_01165	MER0011666	40.237	169	99	2	55	221	17	185	2.61e-40	134
KCAFJCOO_01165	MER0001369	41.975	81	45	1	76	156	52	130	1.09e-07	46.2
KCAFJCOO_01170	MER0031610	37.500	216	130	3	4	215	86	300	3.63e-40	136
KCAFJCOO_01170	MER0014065	34.286	70	43	1	4	70	64	133	9.43e-07	45.4
KCAFJCOO_01170	MER0011509	33.784	74	44	2	1	69	65	138	1.63e-06	44.7
KCAFJCOO_01170	MER0037236	36.620	71	42	1	22	89	73	143	2.20e-06	43.9
KCAFJCOO_01170	MER0033259	31.092	119	72	5	6	118	71	185	3.18e-06	43.5
KCAFJCOO_01180	MER0005767	25.316	316	201	8	31	344	3	285	3.75e-12	63.5
KCAFJCOO_01182	MER0213229	29.670	91	61	1	96	183	2	92	7.19e-09	48.9
KCAFJCOO_01182	MER0209507	31.944	72	49	0	103	174	10	81	7.18e-08	46.2
KCAFJCOO_01182	MER0200434	30.000	100	68	2	88	186	1	99	1.27e-06	43.1
KCAFJCOO_01221	MER0015654	25.551	227	130	11	46	258	7	208	2.71e-07	49.7
KCAFJCOO_01221	MER0005778	26.994	163	102	6	72	229	27	177	2.97e-07	49.3
KCAFJCOO_01221	MER0004682	23.585	212	130	9	46	247	7	196	6.37e-07	48.5
KCAFJCOO_01221	MER0004684	23.697	211	131	10	46	247	7	196	2.20e-06	46.6
KCAFJCOO_01221	MER0016609	24.038	208	135	7	46	247	7	197	2.70e-06	46.6
KCAFJCOO_01221	MER0015657	24.402	209	135	9	46	245	7	201	3.10e-06	46.2
KCAFJCOO_01221	MER0005764	26.667	180	111	8	64	236	21	186	3.64e-06	45.8
KCAFJCOO_01250	MER0000332	44.493	227	96	9	283	507	50	248	1.04e-37	137
KCAFJCOO_01250	MER0002565	37.768	233	121	7	291	522	98	307	1.67e-31	122
KCAFJCOO_01250	MER0077555	39.381	226	110	7	290	507	46	252	1.54e-30	117
KCAFJCOO_01250	MER0000310	37.915	211	115	6	298	507	57	252	3.11e-29	113
KCAFJCOO_01250	MER0001928	38.679	212	110	8	300	510	58	250	4.17e-29	113
KCAFJCOO_01250	MER0001521	38.350	206	111	6	297	501	57	247	3.82e-28	110
KCAFJCOO_01250	MER0000313	38.350	206	111	6	297	501	57	247	4.21e-28	110
KCAFJCOO_01250	MER0054318	42.105	190	93	9	304	488	67	244	4.93e-28	111
KCAFJCOO_01250	MER0002057	36.400	250	110	11	299	504	95	339	6.99e-28	112
KCAFJCOO_01250	MER0001755	38.350	206	111	6	297	501	57	247	1.40e-27	108
KCAFJCOO_01250	MER0028365	41.121	214	102	10	304	507	125	324	1.72e-27	111
KCAFJCOO_01250	MER0028365	37.255	102	58	4	31	128	13	112	5.19e-10	58.2
KCAFJCOO_01250	MER0001699	37.681	207	113	8	304	509	62	253	3.29e-27	107
KCAFJCOO_01250	MER0000315	38.028	213	110	9	300	510	58	250	3.46e-27	107
KCAFJCOO_01250	MER0001520	38.095	210	108	9	300	507	58	247	9.31e-27	106
KCAFJCOO_01250	MER0017009	35.268	224	126	9	298	509	110	326	1.40e-26	107
KCAFJCOO_01250	MER0001906	37.559	213	111	9	300	510	58	250	1.92e-26	105
KCAFJCOO_01250	MER0001709	35.249	261	119	11	278	507	66	307	5.93e-26	105
KCAFJCOO_01250	MER0001523	36.893	206	114	6	297	501	57	247	2.35e-25	102
KCAFJCOO_01250	MER0000312	36.893	206	114	6	297	501	57	247	2.35e-25	102
KCAFJCOO_01250	MER0000321	35.246	244	121	11	283	510	132	354	4.69e-25	103
KCAFJCOO_01250	MER0013656	33.948	271	146	9	244	507	2	246	7.21e-25	101
KCAFJCOO_01250	MER0005821	33.190	232	130	11	288	509	71	287	1.15e-24	103
KCAFJCOO_01250	MER0000316	36.364	209	113	8	300	507	57	246	1.22e-24	100
KCAFJCOO_01250	MER0004690	32.549	255	150	7	268	504	56	306	1.56e-23	99.0
KCAFJCOO_01250	MER0004690	44.444	54	29	1	79	131	36	89	3.57e-06	46.2
KCAFJCOO_01250	MER0000311	36.111	216	114	7	297	507	57	253	3.66e-23	96.3
KCAFJCOO_01250	MER0000333	39.623	212	93	6	304	507	64	248	3.99e-23	96.3
KCAFJCOO_01250	MER0000320	38.220	191	100	8	304	491	69	244	6.51e-23	95.9
KCAFJCOO_01250	MER0016978	34.568	243	107	9	301	512	75	296	7.70e-23	96.3
KCAFJCOO_01250	MER0002575	34.802	227	120	11	304	523	71	276	9.55e-23	95.1
KCAFJCOO_01250	MER0081072	33.191	235	135	9	277	507	31	247	2.00e-22	93.6
KCAFJCOO_01250	MER0050309	31.321	265	137	12	272	512	5	248	2.05e-22	97.1
KCAFJCOO_01250	MER0000309	36.967	211	117	6	298	507	57	252	2.73e-22	94.0
KCAFJCOO_01250	MER0016983	36.792	212	92	7	304	494	71	261	4.73e-22	94.0
KCAFJCOO_01250	MER0006023	34.091	220	113	6	300	502	98	302	5.39e-22	94.0
KCAFJCOO_01250	MER0042897	39.535	215	109	8	297	507	59	256	5.76e-22	92.8
KCAFJCOO_01250	MER0002267	37.209	215	106	9	300	507	67	259	1.18e-21	92.0
KCAFJCOO_01250	MER0000361	34.601	263	128	11	278	512	72	318	2.20e-20	89.4
KCAFJCOO_01250	MER0001725	36.458	192	107	5	300	490	95	272	2.74e-20	89.0
KCAFJCOO_01250	MER0016697	33.929	224	95	9	300	490	94	297	2.13e-19	86.7
KCAFJCOO_01250	MER0000319	32.000	200	117	6	304	502	69	250	5.01e-19	84.3
KCAFJCOO_01250	MER0062058	35.780	218	121	8	298	508	54	259	5.39e-19	86.3
KCAFJCOO_01250	MER0062058	57.692	52	22	0	81	132	1	52	1.23e-11	63.5
KCAFJCOO_01250	MER0155676	32.645	242	120	10	300	508	121	352	5.73e-19	85.9
KCAFJCOO_01250	MER0002562	34.894	235	112	9	298	507	111	329	8.08e-19	85.1
KCAFJCOO_01250	MER0004085	33.333	234	118	10	304	514	96	314	1.69e-18	83.6
KCAFJCOO_01250	MER0000349	33.175	211	108	8	304	492	144	343	1.93e-18	84.3
KCAFJCOO_01250	MER0030016	32.599	227	109	10	298	507	77	276	3.47e-18	81.6
KCAFJCOO_01250	MER0000362	32.911	237	117	10	297	507	87	307	1.10e-17	81.3
KCAFJCOO_01250	MER0014744	34.703	219	106	8	300	496	91	294	1.15e-17	81.3
KCAFJCOO_01250	MER0005931	34.529	223	126	5	290	507	14	221	2.74e-17	78.6
KCAFJCOO_01250	MER0002790	34.956	226	119	9	304	512	1	215	3.37e-17	78.2
KCAFJCOO_01250	MER0006074	32.314	229	120	9	289	505	67	272	6.82e-17	78.6
KCAFJCOO_01250	MER0000359	34.842	221	111	12	298	509	83	279	1.42e-16	77.4
KCAFJCOO_01250	MER0003536	30.973	226	120	8	300	504	67	277	4.49e-16	75.9
KCAFJCOO_01250	MER0004720	28.390	236	131	8	283	504	46	257	1.56e-15	73.9
KCAFJCOO_01250	MER0005712	27.481	262	141	8	300	512	84	345	2.63e-15	74.7
KCAFJCOO_01250	MER0014085	27.273	264	130	9	300	507	83	340	3.21e-15	74.3
KCAFJCOO_01250	MER0006037	32.143	224	114	9	279	488	49	248	7.42e-15	72.0
KCAFJCOO_01250	MER0002516	31.628	215	118	9	296	505	74	264	1.40e-14	71.2
KCAFJCOO_01250	MER0000326	31.429	210	117	7	300	506	68	253	3.88e-14	70.1
KCAFJCOO_01250	MER0000347	30.317	221	127	7	304	507	119	329	4.93e-14	71.2
KCAFJCOO_01250	MER0161312	35.586	222	109	10	299	489	89	307	5.83e-14	70.5
KCAFJCOO_01250	MER0016986	28.519	270	137	10	282	505	71	330	7.39e-14	69.7
KCAFJCOO_01250	MER0003117	33.023	215	108	10	304	506	75	265	7.41e-14	69.3
KCAFJCOO_01250	MER0014446	28.906	256	135	11	304	539	197	425	8.24e-14	70.5
KCAFJCOO_01250	MER0001451	27.857	280	141	10	291	512	47	323	1.25e-13	69.3
KCAFJCOO_01250	MER0001467	28.777	278	129	10	300	512	68	341	2.26e-13	68.6
KCAFJCOO_01250	MER0002500	31.188	202	115	9	304	488	157	351	2.92e-13	68.6
KCAFJCOO_01250	MER0000350	27.132	258	133	9	300	512	86	333	3.10e-13	67.8
KCAFJCOO_01250	MER0000356	33.333	201	115	7	298	493	83	269	3.38e-13	68.2
KCAFJCOO_01250	MER0005859	33.755	237	98	12	300	494	238	457	3.49e-13	68.6
KCAFJCOO_01250	MER0000358	29.358	218	117	9	300	503	67	261	5.66e-13	67.4
KCAFJCOO_01250	MER0005078	31.556	225	120	9	289	503	65	265	8.74e-13	65.9
KCAFJCOO_01250	MER0000357	32.642	193	115	7	304	493	77	257	9.37e-13	66.2
KCAFJCOO_01250	MER0000328	28.808	302	174	14	239	522	2	280	1.31e-12	65.5
KCAFJCOO_01250	MER0003020	27.586	319	135	15	300	544	222	518	2.12e-12	66.2
KCAFJCOO_01250	MER0016688	30.380	237	126	9	304	512	74	299	2.25e-12	65.1
KCAFJCOO_01250	MER0001368	24.419	258	142	7	304	511	85	339	2.45e-12	65.5
KCAFJCOO_01250	MER0000351	31.193	218	105	9	291	489	93	284	2.53e-12	64.3
KCAFJCOO_01250	MER0005790	30.542	203	96	8	303	487	93	268	3.29e-12	63.9
KCAFJCOO_01250	MER0013641	27.039	233	127	9	304	507	83	301	3.34e-12	65.1
KCAFJCOO_01250	MER0114485	28.455	246	128	10	279	488	92	325	4.08e-12	64.7
KCAFJCOO_01250	MER0004641	26.740	273	135	10	300	507	82	354	6.30e-12	64.3
KCAFJCOO_01250	MER0004869	27.338	278	125	13	304	510	82	353	6.39e-12	64.3
KCAFJCOO_01250	MER0067924	26.556	241	132	8	292	506	53	274	1.29e-11	62.4
KCAFJCOO_01250	MER0050310	26.459	257	147	10	304	545	102	331	1.65e-11	63.2
KCAFJCOO_01250	MER0002764	32.114	246	130	11	289	524	74	292	1.67e-11	62.0
KCAFJCOO_01250	MER0037258	28.378	222	135	7	304	507	80	295	2.77e-11	61.6
KCAFJCOO_01250	MER0003122	24.437	311	170	12	265	512	42	350	2.86e-11	62.0
KCAFJCOO_01250	MER0004123	26.582	237	128	8	304	504	79	305	2.90e-11	61.6
KCAFJCOO_01250	MER0016991	29.864	221	115	7	300	492	74	282	3.08e-11	61.6
KCAFJCOO_01250	MER0006297	27.711	249	139	10	289	507	250	487	3.30e-11	62.4
KCAFJCOO_01250	MER0000348	26.446	242	124	7	290	487	77	308	6.45e-11	60.8
KCAFJCOO_01250	MER0001454	25.094	267	139	7	300	507	63	327	8.04e-11	60.5
KCAFJCOO_01250	MER0019280	29.545	220	127	8	304	507	73	280	1.28e-10	59.7
KCAFJCOO_01250	MER0000353	31.132	212	99	10	291	483	144	327	1.29e-10	59.7
KCAFJCOO_01250	MER0002739	28.685	251	123	11	295	507	89	321	1.44e-10	60.5
KCAFJCOO_01250	MER0015436	35.052	97	52	3	439	524	354	450	1.56e-10	60.1
KCAFJCOO_01250	MER0015428	28.125	256	133	12	300	507	81	333	1.84e-10	59.7
KCAFJCOO_01250	MER0015431	26.740	273	143	10	297	512	75	347	2.40e-10	59.3
KCAFJCOO_01250	MER0024902	26.754	228	142	8	300	511	93	311	2.50e-10	58.9
KCAFJCOO_01250	MER0015432	24.164	269	144	7	304	512	87	355	3.22e-10	58.9
KCAFJCOO_01250	MER0015437	34.821	112	53	4	431	531	342	444	3.59e-10	58.9
KCAFJCOO_01250	MER0000344	31.064	235	122	12	296	516	80	288	3.74e-10	58.2
KCAFJCOO_01250	MER0005757	25.170	294	151	9	300	524	83	376	3.93e-10	58.5
KCAFJCOO_01250	MER0006048	23.420	269	138	8	304	507	85	350	6.75e-10	57.8
KCAFJCOO_01250	MER0002771	26.642	274	136	10	304	516	69	338	1.62e-09	56.6
KCAFJCOO_01250	MER0000336	27.363	201	114	7	296	488	73	249	1.83e-09	55.8
KCAFJCOO_01250	MER0005760	26.335	281	144	10	299	516	64	344	2.30e-09	56.2
KCAFJCOO_01250	MER0014300	28.346	254	109	9	304	504	79	312	2.82e-09	55.8
KCAFJCOO_01250	MER0015439	25.000	288	133	11	300	507	114	398	3.25e-09	55.8
KCAFJCOO_01250	MER0005700	32.800	125	66	4	436	544	273	395	3.27e-09	55.8
KCAFJCOO_01250	MER0000325	29.075	227	132	9	300	521	66	268	3.62e-09	55.1
KCAFJCOO_01250	MER0014309	26.766	269	134	10	304	512	67	332	3.76e-09	55.5
KCAFJCOO_01250	MER0006049	25.623	281	132	9	300	507	81	357	3.89e-09	55.5
KCAFJCOO_01250	MER0014325	37.755	98	39	4	439	514	245	342	3.95e-09	55.5
KCAFJCOO_01250	MER0005756	25.088	283	150	10	304	524	112	394	4.38e-09	55.5
KCAFJCOO_01250	MER0025143	27.074	229	106	8	300	490	67	272	4.46e-09	54.7
KCAFJCOO_01250	MER0000338	28.125	224	125	8	294	507	62	259	4.98e-09	54.3
KCAFJCOO_01250	MER0068994	28.137	263	123	13	279	488	94	343	6.15e-09	54.7
KCAFJCOO_01250	MER0055027	30.488	246	119	14	263	491	43	253	7.19e-09	54.7
KCAFJCOO_01250	MER0000335	28.638	213	118	10	300	503	65	252	7.44e-09	53.9
KCAFJCOO_01250	MER0013896	33.333	93	43	2	439	512	358	450	1.20e-08	54.3
KCAFJCOO_01250	MER0005710	36.145	83	40	3	439	508	352	434	1.30e-08	53.9
KCAFJCOO_01250	MER0005610	26.596	282	141	13	299	516	64	343	1.68e-08	53.5
KCAFJCOO_01250	MER0014310	35.106	94	41	3	439	512	310	403	1.80e-08	53.5
KCAFJCOO_01250	MER0014312	38.202	89	35	4	439	507	312	400	2.41e-08	53.1
KCAFJCOO_01250	MER0005699	25.746	268	135	11	304	507	103	370	2.73e-08	52.8
KCAFJCOO_01250	MER0022415	24.219	256	151	13	268	506	45	274	3.14e-08	52.8
KCAFJCOO_01250	MER0014311	36.170	94	40	4	439	512	311	404	4.21e-08	52.4
KCAFJCOO_01250	MER0004516	27.473	273	142	9	288	507	57	326	4.66e-08	52.0
KCAFJCOO_01250	MER0015438	34.831	89	38	2	439	507	362	450	4.66e-08	52.4
KCAFJCOO_01250	MER0006036	34.568	81	40	1	451	518	371	451	5.05e-08	52.0
KCAFJCOO_01250	MER0015433	34.483	87	44	2	439	512	353	439	6.37e-08	52.0
KCAFJCOO_01250	MER0011791	48.077	52	25	1	463	512	374	425	9.40e-08	51.2
KCAFJCOO_01250	MER0014328	23.453	307	136	12	291	512	75	367	1.16e-07	50.8
KCAFJCOO_01250	MER0004988	28.426	197	123	7	300	490	67	251	1.30e-07	50.1
KCAFJCOO_01250	MER0014089	37.113	97	48	4	429	512	343	439	1.48e-07	50.8
KCAFJCOO_01250	MER0004652	30.337	89	48	2	451	529	441	525	1.68e-07	50.8
KCAFJCOO_01250	MER0005774	33.333	96	47	3	439	521	345	436	1.81e-07	50.4
KCAFJCOO_01250	MER0011813	30.469	128	65	5	400	507	312	435	1.98e-07	50.4
KCAFJCOO_01250	MER0005034	34.444	90	39	3	438	507	344	433	3.66e-07	49.3
KCAFJCOO_01250	MER0003256	25.000	220	121	12	292	485	48	249	4.31e-07	48.5
KCAFJCOO_01250	MER0005775	28.571	119	67	4	437	544	373	484	4.46e-07	49.3
KCAFJCOO_01250	MER0015427	23.755	261	139	11	304	507	86	343	5.68e-07	48.5
KCAFJCOO_01250	MER0000389	25.806	248	121	10	304	507	77	305	5.73e-07	48.5
KCAFJCOO_01250	MER0015435	33.333	90	41	2	439	509	362	451	7.08e-07	48.5
KCAFJCOO_01250	MER0014329	33.333	75	37	1	451	512	385	459	1.90e-06	47.4
KCAFJCOO_01250	MER0013893	42.222	45	26	0	465	509	467	511	1.97e-06	47.4
KCAFJCOO_01250	MER0197239	30.337	89	42	2	439	507	344	432	2.02e-06	47.0
KCAFJCOO_01250	MER0014313	31.915	94	44	3	439	512	286	379	2.53e-06	46.6
KCAFJCOO_01250	MER0047718	50.820	61	21	3	436	488	250	309	2.82e-06	46.2
KCAFJCOO_01250	MER0017014	37.879	66	37	3	451	512	369	434	3.14e-06	46.6
KCAFJCOO_01250	MER0011484	30.672	238	120	13	301	504	265	491	3.32e-06	46.6
KCAFJCOO_01250	MER0028258	27.239	268	133	13	288	504	86	342	4.87e-06	45.8
KCAFJCOO_01250	MER0001561	27.660	94	51	2	438	514	343	436	5.31e-06	45.8
KCAFJCOO_01250	MER0175622	27.313	227	128	11	300	507	70	278	8.09e-06	44.7
KCAFJCOO_01251	MER0002755	28.415	183	112	6	303	469	21	200	3.70e-11	59.7
KCAFJCOO_01251	MER0019096	25.243	206	132	5	301	495	1	195	4.09e-10	56.6
KCAFJCOO_01251	MER0036308	26.923	156	109	3	328	478	58	213	3.89e-09	54.3
KCAFJCOO_01251	MER0011345	25.654	191	129	6	300	477	28	218	4.94e-08	51.2
KCAFJCOO_01251	MER0005328	32.143	112	64	3	300	402	17	125	1.16e-07	49.3
KCAFJCOO_01251	MER0001009	25.556	180	119	6	350	522	20	191	1.74e-07	49.3
KCAFJCOO_01251	MER0001010	27.273	143	93	4	350	485	61	199	1.75e-07	48.9
KCAFJCOO_01251	MER0006264	24.375	160	106	4	328	476	27	182	1.89e-07	48.5
KCAFJCOO_01251	MER0002003	24.427	131	95	2	350	476	87	217	2.82e-07	48.5
KCAFJCOO_01251	MER0012283	27.673	159	102	3	328	476	60	215	4.27e-07	48.1
KCAFJCOO_01251	MER0019759	24.359	156	104	3	350	497	82	231	5.36e-07	47.8
KCAFJCOO_01251	MER0002281	26.115	157	98	4	310	451	39	192	1.07e-06	47.0
KCAFJCOO_01251	MER0001017	25.767	163	105	6	328	477	60	219	1.86e-06	46.6
KCAFJCOO_01251	MER0001013	26.457	223	146	7	286	490	15	237	2.03e-06	46.2
KCAFJCOO_01251	MER0011369	24.812	133	97	1	347	476	93	225	2.26e-06	45.8
KCAFJCOO_01251	MER0002968	22.000	200	125	6	301	476	23	215	5.63e-06	44.7
KCAFJCOO_01251	MER0011440	22.059	136	97	3	347	476	78	210	7.75e-06	44.3
KCAFJCOO_01254	MER0015473	28.743	167	94	5	53	202	27	185	4.75e-10	55.5
KCAFJCOO_01254	MER0048181	30.986	142	87	2	63	193	1	142	1.66e-09	52.4
KCAFJCOO_01254	MER0035036	24.022	179	118	6	61	234	86	251	2.68e-08	50.4
KCAFJCOO_01254	MER0015472	28.758	153	99	5	62	209	44	191	3.20e-07	47.0
KCAFJCOO_01255	MER0015468	40.506	79	44	2	10	87	7	83	3.52e-10	54.7
KCAFJCOO_01255	MER0015473	27.604	192	87	5	56	243	43	186	4.29e-10	55.1
KCAFJCOO_01255	MER0035036	25.214	234	105	9	11	237	51	221	1.17e-06	45.4
KCAFJCOO_01255	MER0015472	22.388	201	101	4	53	253	50	195	1.62e-06	44.3
KCAFJCOO_01255	MER0030047	27.957	186	75	8	59	243	7	134	1.72e-06	43.5
KCAFJCOO_01295	MER0045886	42.544	228	128	3	6	231	10	236	1.19e-56	186
KCAFJCOO_01295	MER0044889	35.043	234	137	6	7	232	16	242	5.93e-38	136
KCAFJCOO_01295	MER0038086	33.624	229	127	7	10	218	29	252	5.07e-34	126
KCAFJCOO_01295	MER0436735	29.924	264	138	6	10	231	4	262	1.73e-33	125
KCAFJCOO_01295	MER0042974	36.979	192	110	4	17	199	1	190	9.14e-31	115
KCAFJCOO_01295	MER0043387	34.831	178	112	3	25	200	1	176	8.42e-26	100
KCAFJCOO_01295	MER0043537	34.615	182	114	3	10	188	2	181	3.72e-25	99.4
KCAFJCOO_01295	MER0043392	29.221	154	105	4	38	189	7	158	1.75e-11	59.7
KCAFJCOO_01295	MER0044622	30.409	171	105	6	44	208	68	230	3.07e-09	54.7
KCAFJCOO_01295	MER0044619	27.068	133	91	5	79	208	83	212	1.36e-07	49.3
KCAFJCOO_01295	MER0043475	27.660	141	91	4	44	174	55	194	2.00e-07	49.3
KCAFJCOO_01295	MER0043394	30.172	116	78	2	76	189	48	162	5.59e-07	46.6
KCAFJCOO_01295	MER0045094	31.148	122	69	5	76	189	84	198	7.68e-06	44.3
KCAFJCOO_01312	MER0195774	35.912	181	112	3	44	224	1	177	5.71e-30	114
KCAFJCOO_01312	MER0001229	27.602	221	145	7	44	259	2	212	1.72e-17	79.3
KCAFJCOO_01312	MER0001229	19.767	172	136	2	540	710	22	192	6.86e-06	45.1
KCAFJCOO_01312	MER0043985	27.602	221	145	7	44	259	2	212	2.35e-17	79.3
KCAFJCOO_01312	MER0043985	19.767	172	136	2	540	710	22	192	5.15e-06	45.8
KCAFJCOO_01312	MER0188967	25.954	262	172	8	80	322	3	261	8.08e-14	71.6
KCAFJCOO_01312	MER0001233	25.221	226	144	7	44	255	2	216	1.14e-13	68.6
KCAFJCOO_01312	MER0001233	25.253	198	136	6	519	706	1	196	1.04e-06	47.8
KCAFJCOO_01312	MER0390687	22.222	162	125	1	531	692	5	165	3.31e-12	62.8
KCAFJCOO_01312	MER0014333	29.694	229	145	9	44	264	2	222	8.45e-12	63.2
KCAFJCOO_01312	MER0237414	22.747	233	157	8	522	739	3	227	5.66e-10	57.8
KCAFJCOO_01312	MER0003448	24.766	214	148	5	44	253	2	206	6.78e-10	57.4
KCAFJCOO_01312	MER0003448	22.561	164	123	3	550	711	32	193	1.05e-09	56.6
KCAFJCOO_01312	MER0003543	26.201	229	149	7	44	267	2	215	9.76e-10	56.6
KCAFJCOO_01312	MER0003543	26.230	183	123	6	520	696	2	178	8.43e-09	53.9
KCAFJCOO_01312	MER0015259	25.989	177	115	6	36	206	18	184	3.48e-09	54.7
KCAFJCOO_01312	MER0004423	29.814	161	93	6	80	235	33	178	4.39e-09	54.7
KCAFJCOO_01312	MER0024891	28.261	184	108	6	80	246	3	179	7.65e-09	55.5
KCAFJCOO_01312	MER0122186	25.397	189	131	4	39	224	17	198	1.87e-08	52.4
KCAFJCOO_01312	MER0023436	26.064	188	115	6	60	230	25	205	5.39e-08	51.2
KCAFJCOO_01312	MER0001220	25.490	204	127	8	62	251	2	194	1.00e-07	50.4
KCAFJCOO_01312	MER0011096	25.373	201	129	9	36	224	18	209	2.80e-07	49.3
KCAFJCOO_01312	MER0001222	25.888	197	124	7	39	224	21	206	2.64e-06	46.2
KCAFJCOO_01312	MER0002008	24.201	219	137	9	44	249	2	204	4.18e-06	45.8
KCAFJCOO_01312	MER0015090	21.765	170	129	3	520	688	2	168	4.99e-06	45.4
KCAFJCOO_01312	MER0011744	23.881	201	128	7	38	224	20	209	6.90e-06	45.1
KCAFJCOO_01312	MER0001218	25.294	170	117	5	39	205	21	183	8.61e-06	44.7
KCAFJCOO_01312	MER0001214	30.189	106	72	2	30	134	12	116	9.66e-06	44.3
KCAFJCOO_01348	MER0000410	58.865	282	114	1	420	701	1	280	1.75e-115	346
KCAFJCOO_01348	MER0011872	41.264	269	155	2	437	702	16	284	1.00e-66	218
KCAFJCOO_01348	MER0082498	39.576	283	147	5	439	697	1	283	2.27e-64	212
KCAFJCOO_01348	MER0005694	34.859	284	174	5	420	700	2	277	6.64e-49	170
KCAFJCOO_01348	MER0015621	35.235	298	171	5	420	700	1	293	2.89e-48	169
KCAFJCOO_01348	MER0000392	33.212	274	170	4	434	697	3	273	1.54e-45	160
KCAFJCOO_01348	MER0079308	33.333	264	169	5	437	697	6	265	1.73e-41	149
KCAFJCOO_01348	MER0002490	30.844	308	179	7	420	700	1	301	2.17e-41	150
KCAFJCOO_01348	MER0981959	35.745	235	138	3	434	658	2	233	6.88e-41	148
KCAFJCOO_01348	MER0004227	37.156	218	136	1	443	659	28	245	4.85e-39	143
KCAFJCOO_01348	MER0022823	33.579	271	170	6	434	697	3	270	7.10e-39	142
KCAFJCOO_01348	MER0325901	31.636	275	178	7	434	702	1	271	8.40e-34	127
KCAFJCOO_01348	MER0082653	32.889	225	136	7	450	660	18	241	2.77e-32	123
KCAFJCOO_01348	MER0011450	29.183	257	168	5	434	680	3	255	2.50e-31	120
KCAFJCOO_01348	MER0003229	28.623	276	187	5	424	697	1	268	2.89e-29	114
KCAFJCOO_01348	MER0000398	30.196	255	162	8	445	698	11	250	5.03e-25	101
KCAFJCOO_01361	MER0037236	31.206	141	87	4	82	215	16	153	2.02e-12	63.5
KCAFJCOO_01361	MER0011509	31.776	107	69	2	86	189	39	144	4.85e-11	59.7
KCAFJCOO_01361	MER0004146	33.607	122	69	4	66	181	3	118	6.54e-11	58.9
KCAFJCOO_01361	MER0014065	35.577	104	64	3	82	183	30	132	1.20e-10	58.5
KCAFJCOO_01361	MER0036115	28.037	107	75	2	82	187	32	137	9.78e-10	55.8
KCAFJCOO_01361	MER0011785	30.909	110	65	3	86	188	36	141	1.37e-09	55.5
KCAFJCOO_01361	MER0210990	36.709	79	49	1	109	186	54	132	1.76e-09	55.1
KCAFJCOO_01361	MER0017193	21.961	255	171	7	83	329	23	257	1.84e-09	54.7
KCAFJCOO_01361	MER0031616	25.862	116	80	3	76	187	30	143	2.07e-09	54.7
KCAFJCOO_01361	MER0017177	30.303	99	68	1	82	179	31	129	3.19e-09	54.3
KCAFJCOO_01361	MER0035973	32.710	107	67	4	79	183	50	153	4.04e-09	53.9
KCAFJCOO_01361	MER0031614	28.972	107	72	2	86	188	84	190	6.76e-09	53.5
KCAFJCOO_01361	MER0044578	27.500	120	79	3	73	184	58	177	1.01e-08	52.8
KCAFJCOO_01361	MER0003537	26.115	157	98	5	86	236	24	168	1.39e-08	52.0
KCAFJCOO_01361	MER0036076	33.333	108	65	5	77	181	54	157	2.39e-08	51.6
KCAFJCOO_01361	MER0036066	31.959	97	64	2	86	181	1	96	2.50e-08	50.8
KCAFJCOO_01361	MER0044581	25.781	128	85	4	64	184	51	175	8.08e-08	50.1
KCAFJCOO_01361	MER0213829	25.203	123	86	2	75	191	39	161	1.00e-07	49.7
KCAFJCOO_01361	MER0043008	23.280	189	116	7	64	246	2	167	1.25e-07	49.3
KCAFJCOO_01361	MER0044633	29.167	120	71	4	84	199	72	181	1.52e-07	49.3
KCAFJCOO_01361	MER0036075	23.016	126	91	3	65	184	46	171	2.29e-07	48.5
KCAFJCOO_01361	MER0030163	29.348	92	61	2	117	204	60	151	4.67e-07	47.4
KCAFJCOO_01361	MER0036068	23.929	280	167	10	77	340	45	294	7.45e-07	47.0
KCAFJCOO_01361	MER0000436	31.429	105	67	3	86	185	24	128	8.63e-07	46.6
KCAFJCOO_01361	MER0003280	28.571	112	78	2	80	189	23	134	1.21e-06	46.2
KCAFJCOO_01361	MER0025512	35.366	82	49	3	117	194	79	160	1.32e-06	46.2
KCAFJCOO_01361	MER0017142	31.373	102	63	3	79	180	8	102	1.90e-06	45.4
KCAFJCOO_01361	MER0036084	19.728	294	181	11	75	349	9	266	2.17e-06	45.4
KCAFJCOO_01361	MER0033249	25.758	132	88	4	73	195	21	151	4.23e-06	43.9
KCAFJCOO_01361	MER0031653	42.500	40	23	0	150	189	174	213	5.88e-06	44.3
KCAFJCOO_01363	MER0005239	37.544	285	153	8	267	528	2	284	9.97e-53	181
KCAFJCOO_01363	MER0015691	37.175	269	153	5	267	533	2	256	2.07e-52	179
KCAFJCOO_01363	MER0002104	36.806	288	158	7	267	533	2	286	8.20e-52	178
KCAFJCOO_01363	MER0005238	36.655	281	160	5	266	528	1	281	6.95e-50	173
KCAFJCOO_01363	MER0015336	35.165	273	162	6	266	533	1	263	3.40e-48	167
KCAFJCOO_01363	MER0005149	37.687	268	144	8	267	515	2	265	6.64e-44	157
KCAFJCOO_01363	MER0005139	32.374	278	171	7	267	528	2	278	6.93e-38	139
KCAFJCOO_01363	MER0005152	29.688	256	171	6	266	516	1	252	9.93e-30	115
KCAFJCOO_01363	MER0002105	27.559	254	170	5	266	516	1	243	7.77e-23	95.5
KCAFJCOO_01363	MER0026971	26.776	183	119	3	319	500	50	218	4.96e-15	72.4
KCAFJCOO_01363	MER0026972	33.010	103	68	1	310	411	25	127	2.71e-11	61.2
KCAFJCOO_01363	MER0004514	36.667	90	44	2	322	401	33	119	4.04e-09	54.7
KCAFJCOO_01363	MER0002161	37.000	100	57	3	324	421	65	160	1.25e-08	53.9
KCAFJCOO_01363	MER0005244	27.273	132	84	4	323	448	3	128	3.60e-08	51.2
KCAFJCOO_01363	MER0001284	34.483	87	44	2	325	401	36	119	5.11e-08	51.6
KCAFJCOO_01363	MER0005131	32.292	96	55	2	316	401	29	124	2.27e-07	49.7
KCAFJCOO_01363	MER0005241	25.630	238	130	8	325	544	5	213	9.71e-07	47.4
KCAFJCOO_01363	MER0037181	34.000	100	60	3	324	421	65	160	1.20e-06	47.8
KCAFJCOO_01389	MER0002007	41.534	378	202	7	32	407	14	374	2.63e-91	278
KCAFJCOO_01389	MER0002655	39.401	401	213	10	28	424	2	376	4.76e-86	264
KCAFJCOO_01389	MER0002013	37.313	402	227	7	31	424	9	393	1.56e-75	238
KCAFJCOO_01389	MER0002659	36.318	402	228	9	31	424	9	390	4.76e-72	229
KCAFJCOO_01389	MER0002014	36.041	394	226	9	36	424	18	390	1.21e-70	225
KCAFJCOO_01389	MER0005155	34.974	386	231	5	36	417	11	380	1.22e-70	224
KCAFJCOO_01389	MER0003770	34.456	386	226	9	35	417	5	366	2.29e-55	184
KCAFJCOO_01389	MER0005173	31.496	381	221	9	40	409	6	357	6.69e-52	175
KCAFJCOO_01389	MER0005163	49.432	176	73	4	29	204	2	161	6.31e-46	156
KCAFJCOO_01389	MER0005163	39.683	63	38	0	362	424	202	264	4.89e-10	57.0
KCAFJCOO_01389	MER0003815	41.304	184	92	4	36	219	18	185	7.86e-36	130
KCAFJCOO_01389	MER0003815	28.571	91	63	2	335	424	205	294	5.96e-07	47.8
KCAFJCOO_01389	MER0015354	37.879	198	107	4	26	223	8	189	1.11e-34	127
KCAFJCOO_01389	MER0003581	27.299	348	238	7	78	423	1	335	4.98e-29	113
KCAFJCOO_01389	MER0002664	37.209	172	84	5	29	200	1	148	1.15e-25	102
KCAFJCOO_01389	MER0014418	26.298	289	163	11	37	317	19	265	1.35e-11	62.4
KCAFJCOO_01389	MER0369336	26.705	176	108	7	155	329	72	227	3.83e-06	45.4
KCAFJCOO_01398	MER0015166	30.396	227	137	4	205	410	4	230	4.57e-26	103
KCAFJCOO_01398	MER0019759	29.717	212	129	4	235	430	22	229	3.56e-24	98.6
KCAFJCOO_01398	MER0091680	31.731	208	119	8	236	426	14	215	2.91e-21	89.7
KCAFJCOO_01398	MER0005046	34.536	194	103	6	236	411	11	198	4.30e-21	89.0
KCAFJCOO_01398	MER0002746	32.692	208	125	7	237	430	24	230	2.49e-20	87.4
KCAFJCOO_01398	MER0011720	28.241	216	144	3	209	419	1	210	6.57e-19	82.8
KCAFJCOO_01398	MER0028449	31.429	210	121	6	224	411	13	221	1.22e-18	82.4
KCAFJCOO_01398	MER0011183	25.592	211	142	4	234	430	13	222	2.75e-18	81.3
KCAFJCOO_01398	MER0002968	27.442	215	144	4	209	411	1	215	7.24e-18	80.1
KCAFJCOO_01398	MER0002355	30.137	219	142	5	209	419	1	216	7.98e-18	80.1
KCAFJCOO_01398	MER0001012	26.389	216	146	4	209	411	1	216	1.10e-17	79.3
KCAFJCOO_01398	MER0005331	28.272	191	123	5	234	411	21	210	1.15e-17	79.3
KCAFJCOO_01398	MER0011440	27.778	198	126	4	229	411	15	210	1.54e-17	79.0
KCAFJCOO_01398	MER0011438	30.270	185	106	5	234	400	20	199	2.55e-17	78.2
KCAFJCOO_01398	MER0002060	27.397	219	139	5	209	411	1	215	2.90e-17	78.2
KCAFJCOO_01398	MER0002003	30.631	222	134	9	209	413	1	219	8.92e-17	77.0
KCAFJCOO_01398	MER0011401	30.303	165	98	3	259	406	38	202	1.79e-16	75.5
KCAFJCOO_01398	MER0006264	28.729	181	117	4	243	411	2	182	6.03e-16	73.6
KCAFJCOO_01398	MER0011369	27.854	219	133	7	212	411	13	225	6.05e-16	74.7
KCAFJCOO_01398	MER0001701	28.000	225	125	7	234	430	9	224	6.72e-16	74.3
KCAFJCOO_01398	MER0005045	29.688	192	115	6	236	411	11	198	6.78e-16	73.6
KCAFJCOO_01398	MER0001003	33.690	187	105	6	240	410	1	184	7.46e-16	73.2
KCAFJCOO_01398	MER0168983	28.902	173	107	4	246	413	3	164	8.93e-16	72.4
KCAFJCOO_01398	MER0001010	29.851	201	126	5	237	423	3	202	1.26e-15	73.2
KCAFJCOO_01398	MER0001009	33.333	156	93	3	291	436	20	174	1.81e-15	72.8
KCAFJCOO_01398	MER0002422	29.891	184	120	5	238	412	24	207	1.97e-15	72.8
KCAFJCOO_01398	MER0011370	30.319	188	104	5	244	411	30	210	4.42e-15	71.6
KCAFJCOO_01398	MER0019754	26.396	197	124	5	234	412	3	196	3.60e-14	68.6
KCAFJCOO_01398	MER0011423	28.019	207	119	4	228	411	15	214	9.05e-14	67.8
KCAFJCOO_01398	MER0000997	28.571	189	117	4	234	405	24	211	1.07e-13	67.8
KCAFJCOO_01398	MER0002078	27.477	222	142	6	229	432	12	232	1.14e-13	68.2
KCAFJCOO_01398	MER0004243	29.231	195	120	5	234	411	23	216	1.52e-13	67.4
KCAFJCOO_01398	MER0168177	32.824	131	75	2	289	412	40	164	2.86e-13	65.1
KCAFJCOO_01398	MER0116688	26.702	191	125	4	238	414	25	214	3.32e-13	66.6
KCAFJCOO_01398	MER0052595	26.531	196	121	6	234	410	28	219	7.26e-13	65.5
KCAFJCOO_01398	MER0001017	26.842	190	113	6	240	411	37	218	1.17e-12	65.1
KCAFJCOO_01398	MER0012283	29.091	165	101	4	259	412	57	216	2.10e-12	63.9
KCAFJCOO_01398	MER0016308	29.891	184	104	7	245	410	6	182	5.39e-12	62.0
KCAFJCOO_01398	MER0011400	28.351	194	115	7	244	418	31	219	5.75e-12	63.2
KCAFJCOO_01398	MER0001185	26.341	205	134	5	216	405	7	209	1.52e-11	61.6
KCAFJCOO_01398	MER0011345	26.562	192	108	6	241	411	38	217	1.79e-11	61.6
KCAFJCOO_01398	MER0001005	28.977	176	105	7	245	405	1	171	1.82e-11	60.5
KCAFJCOO_01398	MER0011399	25.714	210	134	6	238	430	25	229	1.93e-11	61.2
KCAFJCOO_01398	MER0011371	27.374	179	115	4	244	408	31	208	2.06e-11	60.8
KCAFJCOO_01398	MER0005328	39.286	84	45	2	240	322	26	104	3.66e-11	60.1
KCAFJCOO_01398	MER0011175	25.373	201	135	4	225	411	11	210	3.94e-11	60.1
KCAFJCOO_01398	MER0003500	26.842	190	119	5	238	411	12	197	4.24e-11	60.1
KCAFJCOO_01398	MER0036308	26.455	189	110	4	246	417	41	217	4.40e-11	60.5
KCAFJCOO_01398	MER0001001	26.486	185	125	4	239	412	26	210	9.14e-11	58.9
KCAFJCOO_01398	MER0026830	29.897	97	65	1	230	323	19	115	1.71e-10	57.8
KCAFJCOO_01398	MER0001013	26.178	191	115	7	238	411	36	217	2.05e-10	58.5
KCAFJCOO_01398	MER0002281	27.094	203	123	7	228	412	24	219	2.75e-10	58.2
KCAFJCOO_01398	MER0002755	26.804	194	121	7	229	406	14	202	4.68e-09	53.9
KCAFJCOO_01398	MER0012271	27.358	212	133	7	217	412	13	219	1.45e-08	53.1
KCAFJCOO_01398	MER0002210	26.452	155	100	3	258	398	2	156	4.88e-08	50.1
KCAFJCOO_01398	MER0003916	23.404	188	132	4	234	411	9	194	9.41e-08	49.7
KCAFJCOO_01398	MER0019096	25.899	139	99	1	293	431	62	196	9.71e-08	49.7
KCAFJCOO_01398	MER0002865	29.032	155	98	6	262	408	17	167	5.94e-07	47.4
KCAFJCOO_01398	MER0026493	26.733	101	65	2	227	322	13	109	1.20e-06	46.2
KCAFJCOO_01398	MER0019730	27.333	150	79	6	293	412	85	234	4.40e-06	45.4
KCAFJCOO_01404	MER0028025	47.531	162	84	1	6	167	8	168	1.20e-43	148
KCAFJCOO_01404	MER0028025	53.165	79	37	0	275	353	168	246	4.27e-22	90.9
KCAFJCOO_01404	MER0003798	25.553	407	228	16	4	345	15	411	3.76e-17	79.0
KCAFJCOO_01404	MER0001272	26.733	202	130	6	11	201	6	200	4.90e-14	68.2
KCAFJCOO_01404	MER0001273	30.000	210	117	9	11	204	9	204	7.39e-14	67.8
KCAFJCOO_01404	MER0038758	25.806	310	198	11	61	353	57	351	7.82e-14	68.6
KCAFJCOO_01404	MER0238460	25.240	313	199	11	65	345	94	403	3.35e-11	60.8
KCAFJCOO_01404	MER0025046	31.288	163	90	7	3	162	5	148	3.10e-06	44.7
KCAFJCOO_01404	MER0001361	30.841	107	71	3	53	157	69	174	5.80e-06	44.7
KCAFJCOO_01415	MER0004090	27.136	398	237	14	581	951	2	373	6.65e-28	114
KCAFJCOO_01415	MER0035017	25.837	418	243	16	590	963	3	397	5.51e-27	111
KCAFJCOO_01415	MER0003800	27.835	388	234	14	578	942	6	370	5.71e-24	102
KCAFJCOO_01415	MER0026262	22.295	305	188	8	590	884	3	268	4.20e-10	59.3
KCAFJCOO_01415	MER0006204	26.957	115	79	2	590	700	7	120	2.30e-07	50.8
KCAFJCOO_01415	MER0354941	27.184	206	110	8	603	793	10	190	1.28e-06	47.0
KCAFJCOO_01432	MER0003558	25.000	184	111	8	96	264	69	240	1.14e-08	52.0
KCAFJCOO_01432	MER0140224	22.513	191	124	5	96	270	42	224	5.19e-06	43.5
KCAFJCOO_01432	MER0031570	22.363	237	162	7	41	261	4	234	9.07e-06	43.1
KCAFJCOO_01481	MER0026552	37.572	173	100	2	87	259	7	171	1.01e-30	110
KCAFJCOO_01481	MER0026545	34.463	177	101	3	89	257	99	268	4.27e-29	108
KCAFJCOO_01481	MER0042387	35.185	162	93	4	91	247	17	171	5.60e-29	105
KCAFJCOO_01481	MER0031491	32.919	161	102	3	94	248	20	180	2.25e-24	94.0
KCAFJCOO_01481	MER0026496	26.838	272	155	7	10	257	20	271	4.38e-23	92.4
KCAFJCOO_01481	MER0002642	25.166	151	110	2	96	246	16	163	4.82e-08	48.5
KCAFJCOO_01481	MER0002639	23.837	172	114	5	81	246	3	163	7.00e-07	45.4
KCAFJCOO_01486	MER0001244	40.678	236	125	6	1	224	29	261	5.50e-51	163
KCAFJCOO_01486	MER0013463	38.235	238	126	6	1	224	29	259	1.92e-44	146
KCAFJCOO_01486	MER0028601	33.913	230	128	8	13	224	43	266	7.62e-37	127
KCAFJCOO_01486	MER0001733	30.859	256	134	4	10	224	38	291	8.32e-37	127
KCAFJCOO_01486	MER0001248	30.800	250	123	7	21	224	7	252	1.36e-29	108
KCAFJCOO_01486	MER0005462	32.227	211	117	5	1	207	29	217	1.30e-28	105
KCAFJCOO_01486	MER0004931	33.171	205	111	6	7	207	35	217	1.37e-28	104
KCAFJCOO_01486	MER0004532	33.684	190	100	5	21	206	48	215	2.79e-26	99.0
KCAFJCOO_01486	MER0005715	31.401	207	116	6	5	205	33	219	7.32e-22	87.4
KCAFJCOO_01486	MER0002038	29.016	193	98	8	30	211	59	223	1.17e-15	70.5
KCAFJCOO_01486	MER0016544	28.372	215	108	8	27	223	81	267	6.66e-12	60.5
KCAFJCOO_01486	MER0003105	25.837	209	116	8	22	214	55	240	1.03e-11	59.7
KCAFJCOO_01486	MER0002039	28.877	187	101	7	28	205	62	225	1.72e-10	56.2
KCAFJCOO_01486	MER0004321	27.570	214	115	11	5	203	38	226	2.48e-10	55.8
KCAFJCOO_01486	MER0001250	23.755	261	145	7	5	218	33	286	2.52e-10	55.8
KCAFJCOO_01486	MER0016542	27.128	188	100	8	35	209	91	254	1.26e-09	53.9
KCAFJCOO_01486	MER0014518	25.571	219	115	11	22	218	57	249	1.01e-08	51.2
KCAFJCOO_01492	MER0003380	30.380	237	154	4	148	383	14	240	4.55e-36	129
KCAFJCOO_01492	MER0069741	40.123	162	92	3	224	383	13	171	4.38e-32	116
KCAFJCOO_01492	MER0013541	45.882	85	46	0	281	365	1	85	7.14e-22	86.3
KCAFJCOO_01492	MER0066182	37.931	116	67	2	260	374	75	186	1.44e-18	80.5
KCAFJCOO_01492	MER0003376	36.765	136	59	6	255	374	29	153	5.48e-17	75.1
KCAFJCOO_01492	MER0387040	38.947	95	57	1	281	374	1	95	2.96e-16	71.2
KCAFJCOO_01492	MER0001419	36.735	98	55	3	281	376	32	124	4.99e-14	65.9
KCAFJCOO_01492	MER0003423	39.535	86	50	2	281	364	32	117	2.86e-13	63.9
KCAFJCOO_01492	MER0003906	37.864	103	56	4	281	376	1	102	3.96e-13	62.4
KCAFJCOO_01492	MER0015415	32.184	87	52	2	283	365	66	149	4.63e-09	52.4
KCAFJCOO_01492	MER0005300	32.258	93	63	0	282	374	66	158	1.94e-06	44.7
KCAFJCOO_01498	MER0005900	24.808	391	209	21	97	461	40	371	9.22e-07	47.8
KCAFJCOO_01528	MER0013499	29.185	233	142	6	147	372	118	334	1.53e-15	73.9
KCAFJCOO_01528	MER0011343	26.877	253	152	8	128	368	107	338	2.26e-15	73.6
KCAFJCOO_01528	MER0013479	22.812	320	197	8	74	367	20	315	1.02e-13	68.2
KCAFJCOO_01528	MER0013496	25.000	296	170	9	101	368	2	273	1.26e-13	68.2
KCAFJCOO_01528	MER0001260	22.753	356	212	13	45	367	10	335	4.07e-13	66.6
KCAFJCOO_01528	MER0006319	26.271	236	156	7	116	347	92	313	5.69e-13	66.2
KCAFJCOO_01528	MER0015155	25.328	229	150	5	147	369	118	331	1.84e-12	64.7
KCAFJCOO_01528	MER0011422	26.068	234	141	8	147	368	132	345	5.54e-12	63.2
KCAFJCOO_01528	MER0013425	24.107	224	147	9	95	310	52	260	7.81e-10	56.2
KCAFJCOO_01528	MER0001265	22.222	162	114	2	120	278	104	256	4.98e-09	53.9
KCAFJCOO_01528	MER0032370	23.673	245	153	9	137	368	106	329	7.23e-08	50.4
KCAFJCOO_01540	MER0066178	27.861	201	109	8	33	225	2	174	1.59e-10	56.6
KCAFJCOO_01572	MER0056525	51.899	237	110	3	412	646	1	235	1.01e-80	253
KCAFJCOO_01572	MER0011748	51.489	235	111	2	412	645	1	233	3.42e-79	250
KCAFJCOO_01572	MER0015609	50.649	231	109	2	412	641	1	227	7.55e-77	243
KCAFJCOO_01572	MER0005496	46.957	230	121	1	412	641	1	229	1.16e-74	238
KCAFJCOO_01572	MER0011224	45.259	232	126	1	412	643	1	231	2.13e-70	227
KCAFJCOO_01572	MER0023544	43.478	230	129	1	412	641	1	229	3.62e-68	221
KCAFJCOO_01572	MER0015195	43.750	240	131	3	412	649	1	238	1.06e-67	219
KCAFJCOO_01572	MER0002605	42.194	237	133	2	412	647	1	234	4.14e-66	215
KCAFJCOO_01572	MER0002600	42.678	239	130	3	412	647	1	235	6.48e-63	206
KCAFJCOO_01572	MER0015194	42.424	231	128	2	413	641	2	229	4.03e-62	204
KCAFJCOO_01572	MER0171760	38.745	271	154	5	376	641	1	264	1.20e-60	201
KCAFJCOO_01572	MER0014306	39.565	230	138	1	412	641	1	229	1.19e-57	192
KCAFJCOO_01572	MER0024898	41.463	246	139	4	412	653	1	245	1.70e-57	192
KCAFJCOO_01572	MER0004454	40.435	230	136	1	412	640	1	230	6.57e-56	188
KCAFJCOO_01572	MER0005466	40.000	240	137	4	413	646	2	240	5.93e-54	182
KCAFJCOO_01572	MER0015199	41.597	238	129	4	412	640	1	237	2.68e-49	170
KCAFJCOO_01572	MER0002602	39.819	221	127	2	413	627	2	222	4.07e-49	169
KCAFJCOO_01572	MER0002563	35.043	234	142	4	413	636	2	235	3.77e-45	158
KCAFJCOO_01572	MER0001620	37.021	235	141	3	412	639	1	235	6.12e-44	156
KCAFJCOO_01572	MER0015197	36.364	220	137	2	424	641	13	231	1.10e-43	154
KCAFJCOO_01572	MER0002408	35.573	253	144	6	412	657	1	241	2.57e-43	153
KCAFJCOO_01572	MER0015193	39.056	233	132	6	412	636	1	231	1.80e-42	150
KCAFJCOO_01572	MER0011745	34.764	233	141	6	412	636	1	230	5.43e-42	150
KCAFJCOO_01572	MER0017637	35.745	235	139	5	413	636	2	235	7.10e-42	149
KCAFJCOO_01572	MER0015137	33.906	233	143	6	412	636	1	230	3.75e-40	144
KCAFJCOO_01572	MER0002608	37.603	242	147	3	413	650	2	243	1.88e-39	143
KCAFJCOO_01572	MER0014324	34.649	228	135	4	412	636	1	217	3.19e-35	130
KCAFJCOO_01572	MER0005755	34.764	233	140	3	413	642	2	225	3.35e-35	130
KCAFJCOO_01572	MER0002197	31.489	235	150	3	412	643	1	227	1.42e-34	129
KCAFJCOO_01572	MER0190705	32.900	231	144	3	413	641	1	222	1.53e-33	125
KCAFJCOO_01572	MER0190577	32.018	228	141	3	412	636	1	217	2.48e-33	125
KCAFJCOO_01572	MER0024900	31.102	254	155	6	413	655	2	246	8.49e-31	118
KCAFJCOO_01572	MER0015690	33.473	239	147	6	412	638	1	239	2.74e-30	117
KCAFJCOO_01572	MER0011120	35.321	218	129	7	412	617	1	218	6.31e-28	110
KCAFJCOO_01572	MER0015204	28.862	246	144	8	413	627	2	247	6.07e-21	90.9
KCAFJCOO_01572	MER0001246	30.220	182	115	3	423	601	1	173	9.17e-21	87.0
KCAFJCOO_01598	MER0034539	57.767	206	87	0	2	207	1	206	3.56e-86	263
KCAFJCOO_01598	MER0033254	31.765	255	137	9	2	226	1	248	3.18e-24	99.0
KCAFJCOO_01598	MER0004101	34.259	108	60	4	68	166	95	200	6.37e-07	47.8
KCAFJCOO_01598	MER0011806	34.259	108	60	4	68	166	95	200	1.04e-06	47.0
KCAFJCOO_01598	MER0011781	31.624	117	67	5	61	166	85	199	2.17e-06	45.8
KCAFJCOO_01606	MER0035041	25.439	228	129	11	73	265	38	259	2.38e-08	50.8
KCAFJCOO_01606	MER0036052	29.524	105	65	2	79	174	82	186	7.08e-07	46.6
KCAFJCOO_01606	MER0031618	32.967	91	51	3	70	150	26	116	4.19e-06	43.9
KCAFJCOO_01606	MER0036075	28.689	122	78	5	60	174	52	171	8.04e-06	43.5
KCAFJCOO_01606	MER0036050	28.235	85	52	1	79	154	83	167	9.54e-06	43.1
KCAFJCOO_01640	MER0011681	27.338	139	95	5	13	146	6	143	3.59e-07	48.1
KCAFJCOO_01640	MER0003817	26.174	149	81	5	13	134	2	148	1.96e-06	46.2
KCAFJCOO_01640	MER0015121	28.846	104	63	2	71	163	70	173	6.01e-06	44.7
KCAFJCOO_01668	MER0014418	32.547	424	225	10	20	434	2	373	8.58e-61	200
KCAFJCOO_01668	MER0002655	25.000	272	184	7	48	306	22	286	6.31e-15	73.2
KCAFJCOO_01668	MER0005155	26.190	294	190	10	39	316	14	296	1.71e-13	68.6
KCAFJCOO_01668	MER0002013	28.205	273	170	11	39	296	21	282	3.57e-13	67.8
KCAFJCOO_01668	MER0002007	27.106	273	178	11	38	294	20	287	1.09e-12	66.2
KCAFJCOO_01668	MER0021873	38.614	101	44	2	96	193	3	88	7.85e-12	61.2
KCAFJCOO_01668	MER0002664	28.272	191	116	6	30	218	2	173	8.26e-12	62.4
KCAFJCOO_01668	MER0005173	26.797	306	179	14	48	331	14	296	1.74e-11	62.4
KCAFJCOO_01668	MER0015354	31.613	155	100	4	39	192	21	170	3.41e-11	60.8
KCAFJCOO_01668	MER0003581	27.500	280	180	7	80	342	1	274	4.06e-11	60.8
KCAFJCOO_01668	MER0002014	28.452	239	153	9	38	265	20	251	1.57e-10	59.3
KCAFJCOO_01668	MER0003815	30.263	152	100	4	39	189	21	167	1.25e-09	56.2
KCAFJCOO_01668	MER0005163	30.000	150	83	6	46	186	19	155	1.55e-09	55.5
KCAFJCOO_01669	MER0005300	25.000	96	71	1	320	414	67	162	4.16e-06	43.5
KCAFJCOO_01678	MER0168983	23.226	155	102	4	275	425	1	142	5.14e-09	52.8
KCAFJCOO_01678	MER0168177	23.214	168	94	7	275	429	1	146	1.06e-06	45.8
KCAFJCOO_01678	MER0011440	24.286	140	92	4	327	454	81	218	5.99e-06	44.3
KCAFJCOO_01680	MER0002959	39.216	204	123	1	859	1061	73	276	3.89e-45	161
KCAFJCOO_01680	MER0011097	35.468	203	128	2	874	1075	83	283	1.16e-28	114
KCAFJCOO_01680	MER0011097	31.868	91	60	1	678	766	2	92	2.27e-08	53.5
KCAFJCOO_01681	MER0000408	26.515	264	171	5	425	679	3	252	1.11e-28	112
KCAFJCOO_01681	MER0011583	27.309	249	157	8	441	680	16	249	9.43e-20	86.7
KCAFJCOO_01681	MER0005196	29.224	219	136	7	414	628	1	204	2.11e-19	85.5
KCAFJCOO_01681	MER0003558	26.667	240	159	6	426	660	14	241	3.08e-19	85.5
KCAFJCOO_01681	MER0017401	25.941	239	152	7	441	671	13	234	5.56e-19	84.3
KCAFJCOO_01681	MER0018170	28.507	221	145	5	443	659	21	232	3.91e-18	82.0
KCAFJCOO_01681	MER0000263	28.175	252	166	7	429	676	1	241	4.23e-18	81.6
KCAFJCOO_01681	MER0011413	32.117	137	91	2	432	566	2	138	2.68e-17	79.3
KCAFJCOO_01681	MER0034615	25.676	222	159	4	437	658	13	228	3.51e-17	79.0
KCAFJCOO_01681	MER0140224	27.103	214	148	5	448	660	13	219	7.94e-17	77.8
KCAFJCOO_01681	MER0015682	28.054	221	139	7	444	662	87	289	1.04e-16	79.0
KCAFJCOO_01681	MER0058228	26.087	230	153	7	434	660	7	222	1.08e-16	77.4
KCAFJCOO_01681	MER0016096	25.106	235	150	8	435	658	7	226	1.80e-16	77.0
KCAFJCOO_01681	MER0001423	25.778	225	152	4	437	660	5	215	1.06e-15	74.3
KCAFJCOO_01681	MER0005807	27.717	184	116	4	447	629	62	229	2.50e-15	74.3
KCAFJCOO_01681	MER0013484	31.387	137	92	2	432	566	2	138	1.00e-14	71.6
KCAFJCOO_01681	MER0000399	22.957	257	173	9	414	664	6	243	2.74e-14	70.9
KCAFJCOO_01681	MER0126485	25.738	237	159	7	442	675	10	232	5.68e-14	69.3
KCAFJCOO_01681	MER0005994	25.974	231	152	6	432	658	26	241	6.75e-14	69.7
KCAFJCOO_01681	MER0000401	25.322	233	157	7	437	666	29	247	3.53e-13	67.4
KCAFJCOO_01681	MER0004923	25.197	254	168	9	413	660	35	272	6.83e-13	67.0
KCAFJCOO_01681	MER0192427	28.477	151	103	2	418	566	50	197	3.18e-12	65.1
KCAFJCOO_01681	MER1137425	22.182	275	179	8	431	685	3	262	7.35e-11	60.8
KCAFJCOO_01681	MER0004921	26.277	137	97	3	432	566	2	136	1.61e-10	59.3
KCAFJCOO_01681	MER0000404	30.625	160	101	6	414	567	6	161	8.03e-10	57.4
KCAFJCOO_01681	MER0004199	25.210	238	143	9	447	670	7	223	5.61e-09	54.3
KCAFJCOO_01681	MER0004193	27.119	118	84	2	433	549	2	118	5.97e-09	54.3
KCAFJCOO_01681	MER0004925	21.818	275	190	7	416	680	2	261	4.21e-08	52.4
KCAFJCOO_01681	MER0011305	25.676	222	140	8	415	628	1	205	1.67e-07	50.4
KCAFJCOO_01681	MER0006027	22.449	245	172	7	438	676	22	254	5.18e-07	48.9
KCAFJCOO_01681	MER0014827	21.505	279	186	9	416	680	2	261	7.24e-07	48.5
KCAFJCOO_01681	MER0022823	25.397	252	140	11	447	677	42	266	6.32e-06	45.8
KCAFJCOO_01684	MER0056022	37.975	79	44	2	140	218	49	122	9.43e-10	52.8
KCAFJCOO_01684	MER0056047	35.897	78	45	2	141	218	8	80	2.15e-07	44.7
KCAFJCOO_01692	MER0002489	29.508	305	173	8	39	303	9	311	5.32e-33	122
KCAFJCOO_01692	MER0005964	23.907	343	203	5	37	325	4	342	2.27e-22	93.6
KCAFJCOO_01692	MER0026262	30.918	207	128	6	45	239	8	211	5.28e-20	86.7
KCAFJCOO_01692	MER0000459	25.444	338	182	10	36	319	4	325	1.49e-19	85.1
KCAFJCOO_01692	MER0006204	27.136	199	117	6	73	252	40	229	6.15e-15	72.0
KCAFJCOO_01692	MER0005925	30.061	163	99	4	80	234	44	199	6.25e-15	71.6
KCAFJCOO_01692	MER0354941	27.072	181	116	6	54	223	20	195	2.93e-14	67.8
KCAFJCOO_01692	MER0219770	27.429	175	121	5	71	243	32	202	1.32e-13	67.4
KCAFJCOO_01692	MER0122661	28.652	178	123	3	60	235	21	196	2.59e-13	66.6
KCAFJCOO_01692	MER0017069	28.141	199	121	6	55	243	12	198	2.44e-12	63.9
KCAFJCOO_01692	MER1143079	28.777	139	88	3	86	223	41	169	3.48e-12	62.8
KCAFJCOO_01692	MER0005923	34.615	104	64	2	50	150	20	122	1.51e-11	62.0
KCAFJCOO_01692	MER0004090	26.000	200	133	6	39	223	9	208	1.80e-11	61.6
KCAFJCOO_01692	MER0028284	25.140	179	126	3	70	245	32	205	4.08e-11	60.1
KCAFJCOO_01692	MER0003800	24.876	201	130	7	41	223	18	215	4.29e-11	60.5
KCAFJCOO_01692	MER0000463	23.364	214	140	5	55	254	18	221	6.76e-10	56.6
KCAFJCOO_01692	MER0011700	23.834	193	124	8	52	223	15	205	8.98e-10	56.2
KCAFJCOO_01692	MER0003802	22.857	280	174	10	89	344	51	312	1.43e-09	55.5
KCAFJCOO_01692	MER0004154	27.273	143	97	3	86	223	48	188	6.89e-09	53.5
KCAFJCOO_01692	MER0034963	28.030	132	92	2	55	186	23	151	1.41e-08	52.4
KCAFJCOO_01692	MER0015683	26.816	179	108	5	55	222	40	206	1.90e-08	51.6
KCAFJCOO_01692	MER0140154	22.798	193	130	6	55	229	3	194	2.73e-06	45.4
KCAFJCOO_01692	MER0005836	27.673	159	90	7	82	225	54	202	2.80e-06	45.1
KCAFJCOO_01692	MER0000457	23.370	184	117	5	50	222	18	188	4.20e-06	44.7
KCAFJCOO_01700	MER0004925	58.779	262	107	1	540	800	1	262	1.94e-109	332
KCAFJCOO_01700	MER0014827	56.489	262	113	1	540	800	1	262	1.55e-103	317
KCAFJCOO_01700	MER0017401	31.206	141	80	5	660	789	96	230	8.79e-14	68.9
KCAFJCOO_01700	MER0126485	30.488	164	87	4	643	789	74	227	1.34e-13	68.2
KCAFJCOO_01700	MER0015682	25.532	235	153	6	565	792	81	300	2.59e-13	68.6
KCAFJCOO_01700	MER0140224	27.451	204	115	7	610	789	35	229	6.24e-12	63.2
KCAFJCOO_01700	MER0003558	25.498	251	146	10	549	779	12	241	2.12e-11	62.0
KCAFJCOO_01700	MER0011583	28.652	178	96	8	648	799	77	249	5.85e-10	57.4
KCAFJCOO_01700	MER0034615	24.793	242	152	8	551	777	2	228	8.10e-10	57.0
KCAFJCOO_01700	MER0005196	33.645	107	61	4	643	743	99	201	4.09e-09	55.1
KCAFJCOO_01700	MER0058228	27.419	248	138	12	558	787	6	229	4.02e-08	52.0
KCAFJCOO_01700	MER0011413	26.540	211	126	8	592	784	27	226	8.52e-08	50.8
KCAFJCOO_01700	MER0000401	28.289	152	94	6	656	798	114	259	6.66e-07	48.5
KCAFJCOO_01700	MER0016096	24.051	158	102	4	643	786	83	236	7.99e-07	48.1
KCAFJCOO_01700	MER0018170	26.562	192	119	6	610	782	48	236	2.82e-06	46.6
KCAFJCOO_01707	MER0002104	37.544	285	160	5	267	533	2	286	1.29e-52	181
KCAFJCOO_01707	MER0005239	37.544	285	151	8	267	527	2	283	1.56e-52	181
KCAFJCOO_01707	MER0005238	37.367	281	156	6	266	527	1	280	1.25e-51	178
KCAFJCOO_01707	MER0015691	36.431	269	155	5	267	533	2	256	5.25e-51	175
KCAFJCOO_01707	MER0015336	35.531	273	161	7	266	533	1	263	3.42e-50	173
KCAFJCOO_01707	MER0005149	37.407	270	142	7	267	515	2	265	1.13e-45	162
KCAFJCOO_01707	MER0005139	32.852	277	169	6	267	527	2	277	1.13e-39	144
KCAFJCOO_01707	MER0005152	29.688	256	171	6	266	516	1	252	4.01e-29	114
KCAFJCOO_01707	MER0002105	30.078	256	161	7	266	516	1	243	1.27e-24	100
KCAFJCOO_01707	MER0026971	26.633	199	117	5	310	500	41	218	5.60e-15	72.4
KCAFJCOO_01707	MER0026972	32.653	98	65	1	310	406	25	122	6.79e-11	60.1
KCAFJCOO_01707	MER0002161	38.000	100	56	3	324	421	65	160	2.69e-09	55.8
KCAFJCOO_01707	MER0004514	36.667	90	44	2	322	401	33	119	1.43e-08	53.1
KCAFJCOO_01707	MER0005244	30.208	96	62	2	323	416	3	95	3.57e-08	51.2
KCAFJCOO_01707	MER0001284	34.483	87	44	2	325	401	36	119	1.07e-07	50.4
KCAFJCOO_01707	MER0005131	31.959	97	56	2	315	401	28	124	5.63e-07	48.5
KCAFJCOO_01707	MER0037181	28.571	203	103	9	315	509	56	224	2.50e-06	46.6
KCAFJCOO_01707	MER0005241	23.950	238	134	7	325	544	5	213	7.80e-06	44.7
KCAFJCOO_01709	MER0037236	33.036	112	66	3	51	156	16	124	7.49e-12	61.6
KCAFJCOO_01709	MER0014065	36.538	104	63	3	51	152	30	132	5.52e-11	59.3
KCAFJCOO_01709	MER0017177	32.323	99	66	1	51	148	31	129	1.05e-10	58.5
KCAFJCOO_01709	MER0011509	34.821	112	59	4	55	158	39	144	1.43e-10	58.2
KCAFJCOO_01709	MER0210990	39.241	79	47	1	78	155	54	132	2.02e-10	57.8
KCAFJCOO_01709	MER0036115	28.972	107	74	2	51	156	32	137	3.33e-10	57.0
KCAFJCOO_01709	MER0011785	31.818	110	64	3	55	157	36	141	6.16e-10	56.2
KCAFJCOO_01709	MER0036068	26.182	275	167	13	46	309	45	294	6.48e-10	55.8
KCAFJCOO_01709	MER0017193	22.993	274	183	8	52	317	23	276	1.22e-09	55.1
KCAFJCOO_01709	MER0035973	33.645	107	66	4	48	152	50	153	2.31e-09	54.3
KCAFJCOO_01709	MER0036066	23.704	270	159	9	55	308	1	239	4.00e-09	53.1
KCAFJCOO_01709	MER0031616	26.724	116	79	3	45	156	30	143	4.02e-09	53.5
KCAFJCOO_01709	MER0004146	31.092	119	76	2	35	150	3	118	5.02e-09	53.1
KCAFJCOO_01709	MER0036076	35.780	109	61	6	46	150	54	157	8.98e-09	52.4
KCAFJCOO_01709	MER0003537	24.908	273	180	9	55	316	24	282	1.75e-08	51.6
KCAFJCOO_01709	MER0031614	29.907	107	71	2	55	157	84	190	2.22e-08	51.6
KCAFJCOO_01709	MER0000436	24.742	291	161	12	55	316	24	285	3.13e-08	50.8
KCAFJCOO_01709	MER0036054	25.368	272	165	11	53	304	15	268	3.30e-08	50.8
KCAFJCOO_01709	MER0044578	26.667	120	80	3	42	153	58	177	4.98e-08	50.4
KCAFJCOO_01709	MER0003280	28.571	112	78	2	49	158	23	134	7.22e-08	49.7
KCAFJCOO_01709	MER0031653	24.359	234	128	12	119	317	174	393	9.95e-08	49.7
KCAFJCOO_01709	MER0044581	24.615	130	88	4	31	153	49	175	1.82e-07	48.9
KCAFJCOO_01709	MER0030163	31.111	90	58	2	86	171	60	149	5.10e-07	47.4
KCAFJCOO_01709	MER0017033	27.928	111	77	3	45	154	55	163	1.74e-06	45.4
KCAFJCOO_01709	MER0043008	21.107	289	172	13	33	303	2	252	2.32e-06	45.1
KCAFJCOO_01709	MER0017123	32.927	82	53	1	55	134	35	116	3.96e-06	44.7
KCAFJCOO_01709	MER0036072	23.162	272	174	12	48	303	74	326	4.82e-06	44.3
KCAFJCOO_01709	MER0036073	25.874	143	104	2	10	150	34	176	5.00e-06	44.3
KCAFJCOO_01709	MER0036075	21.429	126	93	3	34	153	46	171	6.97e-06	43.9
KCAFJCOO_01709	MER0031619	25.346	217	133	10	55	249	29	238	7.66e-06	43.5
KCAFJCOO_01748	MER0000589	25.723	346	154	9	140	485	1	243	9.06e-23	94.4
KCAFJCOO_01748	MER0013626	42.308	52	30	0	424	475	99	150	3.29e-11	58.5
KCAFJCOO_01748	MER0004537	33.813	139	66	7	141	277	2	116	7.85e-08	49.7
KCAFJCOO_01780	MER0036072	31.579	114	70	1	13	118	74	187	4.16e-14	67.8
KCAFJCOO_01780	MER0036115	33.010	103	67	1	16	116	32	134	6.89e-13	63.9
KCAFJCOO_01780	MER0031611	33.010	103	66	2	15	114	35	137	4.65e-12	61.6
KCAFJCOO_01780	MER0036053	32.039	103	70	0	15	117	4	106	6.48e-12	60.8
KCAFJCOO_01780	MER0014065	24.380	242	153	7	18	253	33	250	1.00e-10	57.8
KCAFJCOO_01780	MER0037236	29.167	192	118	6	8	185	8	195	1.86e-10	56.6
KCAFJCOO_01780	MER0031617	27.778	108	76	1	15	120	30	137	1.22e-09	54.3
KCAFJCOO_01780	MER0004146	30.000	110	71	3	11	114	10	119	1.80e-09	53.5
KCAFJCOO_01780	MER0017177	27.941	136	94	3	9	141	24	158	2.25e-09	53.9
KCAFJCOO_01780	MER0044900	34.545	110	62	4	18	118	93	201	7.69e-09	52.4
KCAFJCOO_01780	MER0031619	29.126	103	71	1	18	118	27	129	2.81e-08	50.4
KCAFJCOO_01780	MER0017142	33.913	115	66	4	7	118	1	108	3.11e-08	50.1
KCAFJCOO_01780	MER0210990	28.244	131	72	3	9	117	1	131	8.62e-08	48.9
KCAFJCOO_01780	MER0036065	33.962	106	61	3	18	115	1	105	2.25e-07	47.4
KCAFJCOO_01780	MER0044350	27.679	112	77	3	20	127	2	113	3.25e-07	47.0
KCAFJCOO_01780	MER0035973	33.000	100	66	1	18	116	55	154	4.09e-07	47.0
KCAFJCOO_01780	MER0042913	23.394	218	138	8	15	221	10	209	4.50e-07	46.6
KCAFJCOO_01780	MER0011785	26.087	115	80	1	7	116	23	137	7.65e-07	46.2
KCAFJCOO_01780	MER0043008	27.273	121	82	3	3	118	5	124	1.09e-06	45.4
KCAFJCOO_01780	MER0213280	24.752	101	74	1	19	117	30	130	2.59e-06	44.3
KCAFJCOO_01780	MER0026339	28.448	116	75	4	9	118	12	125	2.91e-06	44.3
KCAFJCOO_01780	MER0035044	26.471	102	73	1	16	115	30	131	9.52e-06	42.7
KCAFJCOO_01837	MER0026262	24.863	366	224	16	25	358	3	349	4.97e-16	75.1
KCAFJCOO_01837	MER0219770	26.421	299	192	10	25	311	1	283	7.00e-14	68.6
KCAFJCOO_01837	MER0002489	25.092	271	187	7	19	278	1	266	6.87e-13	65.9
KCAFJCOO_01837	MER0140154	24.036	337	213	10	38	335	1	333	5.05e-11	60.1
KCAFJCOO_01837	MER1143079	27.099	262	140	10	70	316	41	266	1.17e-08	52.4
KCAFJCOO_01837	MER0011700	27.684	177	95	5	65	219	44	209	3.07e-08	51.6
KCAFJCOO_01837	MER0028284	23.464	179	132	3	23	201	1	174	4.56e-08	50.8
KCAFJCOO_01837	MER0005964	23.154	298	183	11	35	306	17	294	8.19e-07	47.0
KCAFJCOO_01837	MER0000463	19.382	356	224	10	23	337	1	334	1.47e-06	46.2
KCAFJCOO_01837	MER0011726	23.602	161	98	6	70	219	54	200	4.13e-06	45.1
KCAFJCOO_01839	MER0001423	69.397	232	71	0	488	719	1	232	1.12e-117	350
KCAFJCOO_01839	MER0000399	42.578	256	139	5	470	721	6	257	5.84e-62	205
KCAFJCOO_01839	MER0000405	40.824	267	143	7	467	721	4	267	2.05e-60	201
KCAFJCOO_01839	MER0000401	42.194	237	130	4	489	721	26	259	2.00e-58	196
KCAFJCOO_01839	MER0005196	39.565	230	138	1	489	718	22	250	7.97e-58	193
KCAFJCOO_01839	MER0011413	37.815	238	144	2	487	720	2	239	8.77e-57	190
KCAFJCOO_01839	MER0004504	41.850	227	124	4	492	710	2	228	2.95e-54	183
KCAFJCOO_01839	MER0058228	39.419	241	143	3	485	723	3	242	3.53e-54	183
KCAFJCOO_01839	MER0000404	38.153	249	142	6	481	721	18	262	1.43e-53	182
KCAFJCOO_01839	MER0013484	39.827	231	131	3	489	711	4	234	5.84e-52	177
KCAFJCOO_01839	MER0011305	41.350	237	130	6	487	718	18	250	1.75e-50	174
KCAFJCOO_01839	MER0004921	36.364	242	141	5	487	721	2	237	1.62e-49	170
KCAFJCOO_01839	MER0011231	40.851	235	130	6	492	721	29	259	4.71e-49	170
KCAFJCOO_01839	MER0005987	39.914	233	126	7	496	721	35	260	2.02e-48	168
KCAFJCOO_01839	MER0004923	35.270	241	152	2	484	720	50	290	1.15e-47	167
KCAFJCOO_01839	MER0005994	33.333	258	164	5	470	721	7	262	6.67e-42	150
KCAFJCOO_01839	MER0004193	36.325	234	142	5	489	719	3	232	9.39e-42	149
KCAFJCOO_01839	MER0192427	35.981	214	130	3	492	702	69	278	1.20e-40	147
KCAFJCOO_01839	MER0000403	27.941	272	179	5	455	721	1	260	2.85e-37	137
KCAFJCOO_01839	MER0004199	35.217	230	137	7	496	721	1	222	7.90e-37	134
KCAFJCOO_01839	MER0195666	36.058	208	121	5	489	688	1	204	4.14e-35	130
KCAFJCOO_01839	MER0003361	28.326	233	151	9	475	700	4	227	3.91e-26	104
KCAFJCOO_01839	MER0005988	37.273	110	68	1	594	702	2	111	7.21e-20	82.4
KCAFJCOO_01839	MER0003558	24.900	249	171	4	470	707	3	246	1.72e-19	85.9
KCAFJCOO_01839	MER0034615	24.893	233	160	4	481	702	2	230	3.70e-17	78.6
KCAFJCOO_01839	MER0017401	27.391	230	143	9	484	701	2	219	8.77e-14	68.6
KCAFJCOO_01839	MER0000408	21.795	234	165	4	482	702	5	233	1.45e-13	68.2
KCAFJCOO_01839	MER0005807	25.366	205	142	4	502	702	62	259	9.76e-13	66.2
KCAFJCOO_01839	MER0018170	24.167	240	155	4	475	701	7	232	2.14e-12	64.7
KCAFJCOO_01839	MER0140224	26.316	190	126	3	526	702	31	219	8.64e-12	62.8
KCAFJCOO_01839	MER0000263	23.377	231	159	7	484	702	1	225	2.33e-10	58.5
KCAFJCOO_01839	MER0030932	32.593	135	72	4	567	688	84	212	4.80e-10	57.4
KCAFJCOO_01839	MER0015682	23.420	269	182	8	469	720	45	306	1.07e-09	57.4
KCAFJCOO_01839	MER0126485	27.559	127	83	3	550	668	58	183	6.39e-08	51.2
KCAFJCOO_01839	MER0016096	20.648	247	179	7	485	718	2	244	8.29e-08	50.8
KCAFJCOO_01839	MER0022823	26.636	214	139	8	502	701	42	251	1.79e-07	50.1
KCAFJCOO_01839	MER0004925	23.967	242	170	7	481	711	12	250	2.15e-07	49.7
KCAFJCOO_01839	MER0011583	23.364	214	144	6	499	700	19	224	2.18e-07	49.7
KCAFJCOO_01839	MER0006027	22.280	193	126	5	528	702	52	238	3.80e-07	48.9
KCAFJCOO_01839	MER0014827	24.701	251	157	9	481	711	12	250	2.23e-06	46.6
KCAFJCOO_01839	MER0981959	26.573	143	101	2	473	615	10	148	2.54e-06	46.6
KCAFJCOO_01839	MER0001920	19.118	204	152	1	531	721	43	246	3.73e-06	45.8
KCAFJCOO_01886	MER0037236	25.984	254	162	6	27	257	11	261	3.43e-17	75.9
KCAFJCOO_01886	MER0004146	25.769	260	162	11	24	257	7	261	6.67e-16	72.4
KCAFJCOO_01886	MER0036066	21.224	245	164	7	36	256	1	240	6.42e-10	55.1
KCAFJCOO_01886	MER0036068	24.339	189	126	5	84	255	105	293	1.81e-08	51.2
KCAFJCOO_01886	MER0036057	19.342	243	168	6	36	257	63	298	2.32e-08	50.8
KCAFJCOO_01886	MER0031611	21.547	181	124	3	101	263	110	290	2.85e-08	50.4
KCAFJCOO_01886	MER0036076	21.963	214	138	7	61	255	88	291	4.30e-08	50.1
KCAFJCOO_01886	MER0035973	24.551	167	110	4	101	256	125	286	6.42e-08	49.3
KCAFJCOO_01886	MER0017033	21.739	184	113	4	95	257	127	300	5.95e-07	46.6
KCAFJCOO_01886	MER0017177	19.741	309	167	8	24	264	23	318	2.46e-06	44.7
KCAFJCOO_01886	MER0011509	29.167	120	75	3	34	143	37	156	3.25e-06	44.3
KCAFJCOO_01886	MER0036073	26.347	167	105	6	105	257	154	316	5.18e-06	43.9
KCAFJCOO_01906	MER0001322	37.500	104	52	4	128	226	2	97	3.05e-17	72.4
KCAFJCOO_01906	MER0014188	39.560	91	49	3	127	216	1	86	4.55e-15	66.2
KCAFJCOO_01906	MER0024252	35.897	117	65	4	139	249	14	126	1.20e-12	60.5
KCAFJCOO_01906	MER0003986	39.024	82	46	4	128	206	2	82	2.84e-09	50.8
KCAFJCOO_01906	MER0377310	31.959	97	58	4	135	228	9	100	4.38e-09	50.1
KCAFJCOO_01906	MER0377307	31.959	97	58	4	135	228	9	100	4.38e-09	50.1
KCAFJCOO_01906	MER0002450	31.959	97	58	4	135	228	9	100	4.55e-09	50.1
KCAFJCOO_01906	MER0376722	36.667	90	50	3	128	215	2	86	5.33e-09	49.3
KCAFJCOO_01906	MER0002443	36.082	97	59	3	137	231	11	106	6.35e-09	49.7
KCAFJCOO_01906	MER0003808	36.264	91	51	3	128	216	2	87	6.39e-09	49.7
KCAFJCOO_01906	MER0003805	35.870	92	52	3	128	217	2	88	7.42e-09	49.7
KCAFJCOO_01906	MER0377450	36.471	85	47	3	135	217	9	88	1.47e-08	48.1
KCAFJCOO_01906	MER0377178	30.928	97	59	4	135	228	9	100	1.82e-07	45.4
KCAFJCOO_01906	MER0004035	35.443	79	48	3	139	216	10	86	3.15e-06	42.0
KCAFJCOO_01938	MER0031570	36.190	105	67	0	40	144	11	115	4.00e-17	75.9
KCAFJCOO_01938	MER0036044	36.893	103	65	0	40	142	60	162	3.17e-16	73.9
KCAFJCOO_01938	MER0036027	35.294	102	66	0	40	141	11	112	7.02e-16	72.4
KCAFJCOO_01938	MER0031563	23.445	209	142	3	34	235	5	202	7.57e-15	69.3
KCAFJCOO_01938	MER0029616	29.752	121	69	4	43	147	1	121	1.54e-11	60.8
KCAFJCOO_01938	MER0034548	36.538	104	63	2	42	144	16	117	9.17e-11	57.8
KCAFJCOO_01938	MER0030934	31.092	119	65	4	41	144	18	134	3.96e-09	53.5
KCAFJCOO_01938	MER0043147	31.818	132	66	6	53	164	5	132	4.16e-09	53.5
KCAFJCOO_01938	MER0034961	34.444	90	57	2	56	143	36	125	2.07e-08	51.2
KCAFJCOO_01938	MER0033237	32.039	103	63	4	56	153	36	136	2.52e-08	50.8
KCAFJCOO_01938	MER0033220	26.619	139	81	5	21	146	1	131	2.58e-08	51.2
KCAFJCOO_01938	MER0033227	29.586	169	91	9	29	176	4	165	9.08e-08	49.3
KCAFJCOO_01938	MER0033213	27.143	140	79	6	21	146	1	131	1.38e-07	48.9
KCAFJCOO_01938	MER0037852	25.000	128	80	5	32	146	7	131	1.42e-07	48.9
KCAFJCOO_01938	MER0033280	29.268	123	72	5	33	145	13	130	2.63e-07	48.1
KCAFJCOO_01938	MER0032203	27.049	122	67	6	41	146	16	131	2.68e-07	47.8
KCAFJCOO_01938	MER0033212	25.984	127	80	4	32	146	7	131	2.88e-07	47.8
KCAFJCOO_01938	MER0034723	24.800	125	82	4	33	146	8	131	3.09e-07	47.8
KCAFJCOO_01938	MER0033235	28.455	123	65	6	41	145	13	130	3.30e-07	47.8
KCAFJCOO_01938	MER0043201	30.328	122	55	7	41	141	17	129	3.33e-07	47.8
KCAFJCOO_01938	MER0037850	26.667	120	70	5	41	146	16	131	3.58e-07	47.4
KCAFJCOO_01938	MER0078701	25.352	142	81	7	41	166	16	148	4.03e-07	47.4
KCAFJCOO_01938	MER0033224	26.667	120	70	5	41	146	15	130	4.33e-07	47.4
KCAFJCOO_01938	MER0034742	22.517	151	94	6	32	162	7	154	4.48e-07	47.4
KCAFJCOO_01938	MER0036370	29.565	115	77	3	41	153	17	129	5.21e-07	45.8
KCAFJCOO_01938	MER0033198	25.833	120	72	3	41	146	17	133	7.54e-07	46.6
KCAFJCOO_01938	MER0078925	26.613	124	65	5	41	146	16	131	7.58e-07	46.6
KCAFJCOO_01938	MER0033236	27.049	122	68	5	41	145	13	130	9.10e-07	46.2
KCAFJCOO_01938	MER0034730	24.837	153	90	7	30	166	5	148	9.95e-07	46.2
KCAFJCOO_01938	MER0045935	27.619	105	63	4	55	146	32	136	1.69e-06	45.4
KCAFJCOO_01938	MER0034745	28.440	109	62	5	41	136	16	121	1.79e-06	45.4
KCAFJCOO_01938	MER0044819	24.528	106	69	2	55	151	33	136	2.87e-06	44.7
KCAFJCOO_01938	MER0044867	21.698	106	81	1	41	146	18	121	3.99e-06	43.9
KCAFJCOO_01938	MER0034728	27.869	122	66	6	41	146	16	131	4.37e-06	44.3
KCAFJCOO_01938	MER0033242	29.630	108	69	4	40	140	18	125	4.63e-06	43.9
KCAFJCOO_01954	MER0002601	54.955	111	48	2	55	164	26	135	7.11e-37	122
KCAFJCOO_01954	MER0002455	47.059	136	67	2	28	163	1	131	3.54e-35	117
KCAFJCOO_01954	MER0014721	30.081	123	81	2	50	168	35	156	3.40e-16	68.9
KCAFJCOO_01954	MER0019092	31.915	94	61	2	59	152	45	135	1.24e-14	65.1
KCAFJCOO_02026	MER0066178	29.825	171	97	7	842	1007	3	155	2.02e-07	50.1
KCAFJCOO_02078	MER0006204	30.769	390	220	11	47	415	1	361	1.35e-45	159
KCAFJCOO_02078	MER0026262	28.615	325	177	12	53	364	3	285	3.05e-29	114
KCAFJCOO_02078	MER0004090	27.907	344	199	15	43	360	1	321	6.87e-22	93.6
KCAFJCOO_02078	MER0003802	30.131	229	116	7	70	296	19	205	1.46e-21	91.7
KCAFJCOO_02078	MER0122661	26.761	284	163	11	72	351	20	262	1.84e-21	91.7
KCAFJCOO_02078	MER0140154	29.646	226	126	8	66	281	1	203	1.18e-19	86.7
KCAFJCOO_02078	MER0002489	32.338	201	107	6	67	264	24	198	1.50e-18	83.2
KCAFJCOO_02078	MER0003800	26.074	349	209	15	38	360	3	328	1.50e-18	84.0
KCAFJCOO_02078	MER0005925	30.049	203	120	8	61	261	12	194	9.14e-18	80.9
KCAFJCOO_02078	MER1143079	28.718	195	98	5	70	262	14	169	1.31e-16	76.6
KCAFJCOO_02078	MER0011700	29.167	216	125	8	55	262	10	205	4.92e-16	75.9
KCAFJCOO_02078	MER0354941	27.404	208	120	8	67	264	11	197	7.96e-16	72.8
KCAFJCOO_02078	MER0004154	27.863	262	144	9	70	328	19	238	4.73e-15	72.8
KCAFJCOO_02078	MER0005923	33.333	114	63	3	67	179	24	125	2.25e-12	65.1
KCAFJCOO_02078	MER0000459	26.126	222	117	8	58	267	15	201	2.71e-12	64.3
KCAFJCOO_02078	MER0028284	26.168	214	121	8	53	262	3	183	2.61e-11	61.2
KCAFJCOO_02078	MER0005964	22.745	255	151	7	95	337	50	270	4.43e-11	60.8
KCAFJCOO_02078	MER0219770	21.698	212	137	5	53	262	1	185	2.34e-10	58.2
KCAFJCOO_02078	MER0017069	24.272	206	123	6	61	262	5	181	4.53e-08	51.2
KCAFJCOO_02078	MER0192873	26.754	228	134	9	102	323	1	201	6.45e-07	47.0
KCAFJCOO_02078	MER0015683	23.500	200	118	7	64	259	36	204	7.59e-07	47.4
KCAFJCOO_02078	MER0356183	27.586	203	118	7	71	264	1	183	1.53e-06	45.8
KCAFJCOO_02078	MER0005836	22.936	218	131	8	53	262	12	200	5.11e-06	44.7
KCAFJCOO_02079	MER0005244	30.726	179	116	3	276	453	3	174	2.71e-21	89.0
KCAFJCOO_02079	MER0005149	29.870	231	124	11	278	476	65	289	7.06e-17	78.2
KCAFJCOO_02079	MER0005241	47.674	86	40	1	278	358	5	90	8.54e-17	77.0
KCAFJCOO_02079	MER0005139	39.316	117	59	5	262	372	50	160	1.05e-15	74.3
KCAFJCOO_02079	MER0015691	31.527	203	104	9	278	459	53	241	3.79e-15	72.4
KCAFJCOO_02079	MER0001284	27.660	188	117	5	280	453	38	220	1.01e-12	65.1
KCAFJCOO_02079	MER0004514	27.692	195	118	5	275	453	33	220	8.30e-12	62.4
KCAFJCOO_02079	MER0005239	29.493	217	106	10	278	457	69	275	1.66e-11	62.0
KCAFJCOO_02079	MER0005131	25.806	217	140	5	258	457	18	230	6.71e-11	59.7
KCAFJCOO_02079	MER0015336	28.571	203	109	11	278	458	62	250	5.28e-10	57.0
KCAFJCOO_02079	MER0005238	35.955	89	52	2	277	362	66	152	5.30e-10	57.4
KCAFJCOO_02079	MER0100667	25.664	226	146	7	263	477	5	219	7.63e-10	55.8
KCAFJCOO_02079	MER0011487	24.479	192	137	5	278	465	48	235	1.37e-09	55.8
KCAFJCOO_02079	MER0001289	37.500	120	54	5	257	358	24	140	1.90e-09	55.5
KCAFJCOO_02079	MER0029965	25.714	210	140	8	278	479	50	251	3.87e-09	54.3
KCAFJCOO_02079	MER0002104	35.955	89	52	2	277	362	66	152	5.73e-09	54.3
KCAFJCOO_02079	MER0194228	46.970	66	32	3	293	358	2	64	5.83e-09	52.8
KCAFJCOO_02079	MER0001911	34.568	81	50	2	278	358	41	118	1.02e-08	53.1
KCAFJCOO_02079	MER0038832	31.818	88	58	2	290	376	61	147	1.50e-08	52.8
KCAFJCOO_02079	MER0032443	26.244	221	132	7	277	474	38	250	1.63e-08	52.4
KCAFJCOO_02079	MER0002161	32.143	84	56	1	277	360	65	147	3.95e-08	51.6
KCAFJCOO_02079	MER0011461	31.633	98	62	3	283	376	50	146	1.57e-07	49.3
KCAFJCOO_02079	MER0005152	28.571	98	64	3	257	351	40	134	2.53e-07	48.9
KCAFJCOO_02079	MER0030257	29.688	192	118	8	292	474	63	246	5.66e-07	47.8
KCAFJCOO_02079	MER0011464	32.836	67	45	0	292	358	60	126	6.65e-07	47.4
KCAFJCOO_02079	MER0037181	32.927	82	52	3	277	357	65	144	1.57e-06	46.6
KCAFJCOO_02079	MER0015688	32.432	74	50	0	286	359	64	137	3.20e-06	45.4
KCAFJCOO_02079	MER0015338	25.301	83	61	1	278	359	52	134	8.54e-06	44.3
KCAFJCOO_02079	MER0001288	35.443	79	48	2	276	354	21	96	8.91e-06	43.9
KCAFJCOO_02079	MER0013618	34.091	88	51	3	272	356	52	135	9.12e-06	44.3
KCAFJCOO_02115	MER0003376	34.228	149	76	6	157	286	13	158	1.73e-19	80.5
KCAFJCOO_02115	MER0003906	41.905	105	54	3	187	285	1	104	8.29e-19	77.0
KCAFJCOO_02115	MER0069741	38.947	95	56	2	187	281	70	162	1.35e-17	75.5
KCAFJCOO_02115	MER0003380	33.636	110	65	2	172	281	130	231	1.72e-16	73.9
KCAFJCOO_02115	MER0005300	34.746	118	72	2	172	285	46	162	1.12e-15	70.1
KCAFJCOO_02115	MER0013541	33.721	86	56	1	187	272	1	85	2.54e-13	61.6
KCAFJCOO_02115	MER0387040	33.663	101	63	3	187	285	1	99	7.12e-11	55.1
KCAFJCOO_02115	MER0003423	37.500	88	52	2	186	271	31	117	1.05e-10	55.8
KCAFJCOO_02115	MER0066182	33.663	101	63	3	187	285	92	190	1.73e-10	56.2
KCAFJCOO_02115	MER0001419	33.333	87	55	2	187	271	32	117	7.94e-10	53.1
KCAFJCOO_02115	MER0015415	26.667	120	77	4	172	281	46	164	5.47e-08	48.5
KCAFJCOO_02126	MER0004923	34.156	243	151	5	289	525	38	277	5.52e-34	127
KCAFJCOO_02126	MER0013484	35.780	218	129	5	314	525	14	226	6.69e-32	120
KCAFJCOO_02126	MER0058228	32.314	229	151	4	314	541	17	242	2.97e-31	118
KCAFJCOO_02126	MER0001423	30.319	188	130	1	346	533	42	228	1.44e-30	116
KCAFJCOO_02126	MER0011413	35.196	179	111	3	346	520	44	221	1.05e-27	108
KCAFJCOO_02126	MER0192427	30.508	236	152	5	289	519	49	277	1.51e-27	108
KCAFJCOO_02126	MER0005994	29.918	244	161	6	281	518	2	241	1.56e-26	105
KCAFJCOO_02126	MER0004921	32.850	207	121	7	321	519	21	217	4.65e-25	100
KCAFJCOO_02126	MER0005196	28.095	210	148	2	314	523	32	238	8.38e-24	97.4
KCAFJCOO_02126	MER0000403	30.000	200	134	3	347	541	64	262	1.02e-22	94.7
KCAFJCOO_02126	MER0195666	29.851	201	130	4	342	536	37	232	1.93e-22	93.2
KCAFJCOO_02126	MER0011231	38.776	147	85	4	358	500	78	223	1.42e-21	91.3
KCAFJCOO_02126	MER0004199	30.857	175	114	4	354	525	40	210	9.80e-21	88.2
KCAFJCOO_02126	MER0000399	31.395	172	114	3	352	520	69	239	1.22e-20	88.6
KCAFJCOO_02126	MER0005987	31.977	172	112	4	353	520	73	243	2.08e-20	88.2
KCAFJCOO_02126	MER0000404	31.073	177	117	3	347	518	65	241	6.95e-20	86.7
KCAFJCOO_02126	MER0004193	30.460	174	115	5	350	520	47	217	5.29e-19	83.2
KCAFJCOO_02126	MER0000405	28.500	200	137	3	321	518	51	246	6.59e-19	84.0
KCAFJCOO_02126	MER0003361	34.351	131	83	2	399	527	107	236	1.18e-18	82.4
KCAFJCOO_02126	MER0003558	25.911	247	157	6	289	520	6	241	2.30e-18	82.0
KCAFJCOO_02126	MER0004504	28.729	181	123	3	324	501	20	197	3.31e-18	80.9
KCAFJCOO_02126	MER0000401	27.368	190	134	4	355	541	73	261	8.03e-18	80.5
KCAFJCOO_02126	MER0005807	28.194	227	149	5	298	520	43	259	4.31e-17	78.6
KCAFJCOO_02126	MER0005988	36.697	109	67	2	411	518	2	109	1.39e-16	72.8
KCAFJCOO_02126	MER0017401	26.316	209	138	7	318	519	20	219	4.36e-16	74.7
KCAFJCOO_02126	MER0015682	29.143	175	119	3	349	520	115	287	1.60e-15	74.3
KCAFJCOO_02126	MER0000408	25.333	225	147	4	319	530	27	243	5.52e-15	72.0
KCAFJCOO_02126	MER0001920	26.295	251	147	8	300	533	11	240	3.94e-14	69.3
KCAFJCOO_02126	MER0011305	29.341	167	112	5	358	519	70	235	4.27e-14	69.3
KCAFJCOO_02126	MER0140224	27.957	186	119	4	349	521	37	220	4.61e-13	65.9
KCAFJCOO_02126	MER0018170	25.405	185	124	3	349	520	50	233	2.55e-12	63.9
KCAFJCOO_02126	MER0126485	24.500	200	141	4	348	539	39	236	1.08e-10	58.9
KCAFJCOO_02126	MER0034615	22.176	239	170	7	298	525	2	235	7.35e-08	50.4
KCAFJCOO_02126	MER0011583	25.000	192	121	7	306	485	12	192	2.56e-07	48.9
KCAFJCOO_02126	MER0079308	22.500	160	118	2	288	447	9	162	1.27e-06	47.0
KCAFJCOO_02219	MER0065554	45.274	201	100	1	9	199	68	268	8.56e-65	198
KCAFJCOO_02219	MER0437468	44.737	190	102	3	4	191	160	348	1.65e-51	166
KCAFJCOO_02219	MER0436717	44.503	191	99	6	6	193	210	396	4.75e-43	145
KCAFJCOO_02247	MER0281397	28.856	201	119	6	120	300	4	200	1.32e-15	71.6
KCAFJCOO_02247	MER1143079	31.111	135	83	4	113	247	41	165	2.15e-08	51.6
KCAFJCOO_02247	MER0026262	22.917	336	186	14	85	365	13	330	4.31e-07	48.1
KCAFJCOO_02247	MER0028284	27.338	139	76	5	120	247	55	179	2.01e-06	45.8
KCAFJCOO_02247	MER0000457	25.287	174	105	6	95	253	28	191	3.02e-06	45.4
KCAFJCOO_02266	MER0005767	30.721	319	178	9	54	369	27	305	3.39e-34	127
KCAFJCOO_02266	MER0030136	25.432	405	269	15	4	385	1	395	4.96e-18	82.4
KCAFJCOO_02266	MER0030143	25.062	403	273	15	4	385	1	395	1.42e-15	75.1
KCAFJCOO_02266	MER0030151	24.500	400	279	12	4	385	1	395	1.99e-15	74.3
KCAFJCOO_02266	MER0030155	22.277	404	283	12	4	385	1	395	6.65e-11	60.5
KCAFJCOO_02266	MER0030149	22.139	402	286	13	4	385	1	395	5.82e-10	57.8
KCAFJCOO_02284	MER0069741	39.310	145	78	4	155	299	30	164	5.33e-26	99.0
KCAFJCOO_02284	MER0003380	45.763	118	60	3	184	299	118	233	3.97e-25	98.6
KCAFJCOO_02284	MER0013541	47.126	87	45	1	203	289	1	86	8.73e-20	79.7
KCAFJCOO_02284	MER0015415	34.653	101	56	1	188	288	59	149	4.64e-16	72.0
KCAFJCOO_02284	MER0001419	40.187	107	63	1	182	287	11	117	2.70e-15	68.9
KCAFJCOO_02284	MER0003376	39.785	93	50	1	203	289	45	137	8.05e-15	68.2
KCAFJCOO_02284	MER0003423	38.318	107	65	1	182	287	11	117	5.30e-14	65.5
KCAFJCOO_02284	MER0066182	33.588	131	73	4	179	303	70	192	2.97e-12	61.6
KCAFJCOO_02284	MER0387040	35.294	102	64	2	203	303	1	101	7.81e-12	58.2
KCAFJCOO_02284	MER0003906	36.957	92	55	2	203	292	1	91	1.33e-11	57.8
KCAFJCOO_02284	MER0005300	28.777	139	96	3	163	300	25	161	1.74e-08	50.1
KCAFJCOO_02284	MER0025070	34.286	105	57	4	200	294	3	105	1.44e-06	43.5
KCAFJCOO_02284	MER0388771	33.981	103	56	4	202	294	1	101	7.70e-06	41.6
KCAFJCOO_02302	MER0000474	48.066	181	93	1	2	181	23	203	5.49e-56	172
KCAFJCOO_02302	MER0005687	45.614	171	92	1	12	181	37	207	1.36e-48	154
KCAFJCOO_02302	MER0002211	45.614	171	92	1	12	181	33	203	1.39e-47	151
KCAFJCOO_02302	MER0006046	43.275	171	96	1	12	181	33	203	3.66e-47	150
KCAFJCOO_02302	MER0011666	45.506	178	94	2	7	181	8	185	1.48e-46	148
KCAFJCOO_02302	MER0002299	45.198	177	96	1	5	180	20	196	2.22e-46	148
KCAFJCOO_02302	MER0006063	43.114	167	94	1	16	181	38	204	3.23e-46	147
KCAFJCOO_02302	MER0004857	40.642	187	105	1	1	181	17	203	8.88e-45	144
KCAFJCOO_02302	MER0006056	39.766	171	101	1	13	181	37	207	8.56e-43	139
KCAFJCOO_02302	MER0004855	43.114	167	94	1	16	181	39	205	3.69e-42	137
KCAFJCOO_02302	MER0004847	42.941	170	95	2	14	181	35	204	3.42e-38	127
KCAFJCOO_02302	MER0006308	37.725	167	100	3	15	178	26	191	1.49e-34	117
KCAFJCOO_02302	MER0004182	34.463	177	114	2	6	181	24	199	2.02e-32	112
KCAFJCOO_02324	MER0059846	32.615	325	209	6	5	322	15	336	2.77e-48	162
KCAFJCOO_02324	MER0199690	25.786	318	208	10	10	303	1	314	5.45e-25	99.8
KCAFJCOO_02324	MER0214074	27.568	185	114	5	135	302	2	183	1.42e-16	73.6
KCAFJCOO_02423	MER0034959	35.714	112	63	4	75	180	15	123	2.91e-12	65.1
KCAFJCOO_02423	MER0034961	37.363	91	55	2	92	180	35	125	4.69e-12	64.3
KCAFJCOO_02423	MER0031570	32.673	101	68	0	77	177	11	111	1.40e-11	62.0
KCAFJCOO_02423	MER0036027	23.980	196	134	3	77	259	11	204	3.76e-11	60.8
KCAFJCOO_02423	MER0036044	32.673	101	68	0	77	177	60	160	7.96e-11	60.5
KCAFJCOO_02423	MER0034548	27.586	174	116	5	91	262	25	190	1.33e-10	59.3
KCAFJCOO_02423	MER0045469	23.904	251	138	9	62	301	6	214	6.62e-09	53.5
KCAFJCOO_02423	MER0031563	28.696	115	76	2	65	179	1	109	9.93e-09	53.1
KCAFJCOO_02423	MER0036040	34.375	96	53	4	81	170	12	103	1.35e-08	53.5
KCAFJCOO_02423	MER0034742	31.858	113	65	3	76	177	14	125	2.05e-08	53.5
KCAFJCOO_02423	MER0034723	29.358	109	65	3	76	173	14	121	4.15e-08	52.4
KCAFJCOO_02423	MER0033220	27.826	115	71	3	76	179	14	127	4.54e-08	52.4
KCAFJCOO_02423	MER0031562	31.481	108	70	2	75	178	14	121	5.77e-08	51.2
KCAFJCOO_02423	MER0078925	29.358	109	65	3	76	173	14	121	1.02e-07	51.2
KCAFJCOO_02423	MER0033224	29.358	109	65	3	76	173	13	120	1.04e-07	51.2
KCAFJCOO_02423	MER0034665	22.892	166	116	4	63	225	2	158	1.72e-07	49.7
KCAFJCOO_02423	MER0033235	27.778	126	74	4	76	186	11	134	2.27e-07	50.1
KCAFJCOO_02423	MER0033213	26.957	115	72	3	76	179	14	127	2.59e-07	50.1
KCAFJCOO_02423	MER0037852	31.858	113	65	3	76	177	14	125	2.63e-07	50.1
KCAFJCOO_02423	MER0033231	26.214	103	66	2	86	179	4	105	4.50e-07	46.2
KCAFJCOO_02423	MER0036028	30.392	102	56	3	89	175	23	124	4.86e-07	48.5
KCAFJCOO_02423	MER0033236	26.984	126	75	4	76	186	11	134	9.47e-07	48.1
KCAFJCOO_02423	MER0036029	39.024	82	39	4	81	154	13	91	1.07e-06	47.8
KCAFJCOO_02423	MER0034726	28.440	109	66	3	76	173	14	121	1.30e-06	47.8
KCAFJCOO_02423	MER0078701	28.440	109	66	3	76	173	14	121	1.41e-06	47.4
KCAFJCOO_02423	MER0033212	29.825	114	66	4	76	177	14	125	1.91e-06	47.4
KCAFJCOO_02423	MER0036033	29.915	117	70	4	74	181	8	121	3.21e-06	45.8
KCAFJCOO_02423	MER0030934	25.581	129	83	4	76	191	16	144	4.51e-06	45.8
KCAFJCOO_02423	MER0043146	28.571	112	72	3	71	176	12	121	6.24e-06	45.1
KCAFJCOO_02423	MER0034730	27.523	109	67	3	76	173	14	121	6.41e-06	45.4
KCAFJCOO_02451	MER0047723	45.992	474	255	1	9	481	2	475	1.09e-144	420
KCAFJCOO_02451	MER0001283	43.478	483	273	0	5	487	2	484	6.34e-144	419
KCAFJCOO_02451	MER0028941	27.861	201	114	6	17	205	5	186	4.35e-10	58.2
KCAFJCOO_02451	MER0369336	31.250	112	63	3	66	173	8	109	1.46e-07	50.1
KCAFJCOO_02457	MER0069741	31.618	136	65	5	44	179	64	171	1.58e-09	54.3
KCAFJCOO_02457	MER0003376	25.714	175	93	4	3	170	2	146	2.44e-07	47.8
KCAFJCOO_02457	MER0015415	27.869	122	63	3	40	161	54	150	5.13e-07	47.0
KCAFJCOO_02505	MER0004090	28.960	404	228	12	53	433	10	377	1.51e-37	138
KCAFJCOO_02505	MER0035017	28.606	416	232	16	52	430	1	388	1.72e-35	132
KCAFJCOO_02505	MER0003800	28.822	399	235	13	53	433	17	384	2.07e-34	129
KCAFJCOO_02505	MER0026262	23.427	286	174	9	52	328	1	250	1.09e-17	80.9
KCAFJCOO_02505	MER0354941	28.037	214	119	5	64	265	7	197	3.25e-15	70.9
KCAFJCOO_02505	MER0006204	23.650	389	247	13	48	416	1	359	1.73e-14	71.6
KCAFJCOO_02505	MER0122661	23.077	351	219	11	70	412	17	324	1.30e-11	62.4
KCAFJCOO_02505	MER0000459	26.923	208	128	9	51	258	8	191	1.08e-10	59.7
KCAFJCOO_02505	MER0011700	22.511	231	152	7	53	273	2	215	1.92e-10	58.9
KCAFJCOO_02505	MER0005925	27.053	207	113	7	67	263	17	195	2.95e-10	58.2
KCAFJCOO_02505	MER1143079	28.218	202	105	8	62	262	6	168	2.44e-09	55.1
KCAFJCOO_02505	MER0003802	20.282	355	209	10	70	416	18	306	3.90e-07	48.5
KCAFJCOO_02505	MER0034963	31.481	108	70	3	55	161	9	113	5.02e-06	45.1
KCAFJCOO_02513	MER0031562	30.131	229	148	6	71	295	19	239	6.25e-23	92.4
KCAFJCOO_02513	MER0003558	25.743	202	128	9	111	307	76	260	1.74e-07	48.5
KCAFJCOO_02513	MER0034961	31.210	157	79	10	63	206	9	149	3.58e-07	47.8
KCAFJCOO_02513	MER0034959	29.530	149	87	7	63	206	12	147	4.67e-07	47.4
KCAFJCOO_02513	MER0034548	25.463	216	131	7	89	287	33	235	1.50e-06	45.4
KCAFJCOO_02550	MER0078640	37.466	363	199	8	11	361	1	347	6.37e-67	212
KCAFJCOO_02550	MER0060647	36.364	363	208	8	11	362	1	351	2.04e-65	208
KCAFJCOO_02550	MER0043540	43.939	198	107	3	166	362	27	221	1.06e-54	177
KCAFJCOO_02550	MER0044812	40.496	242	128	4	139	367	1	239	1.62e-53	174
KCAFJCOO_02550	MER0045945	42.289	201	111	4	162	362	15	210	5.73e-49	162
KCAFJCOO_02550	MER0115185	53.901	141	63	1	220	360	5	143	2.36e-44	147
KCAFJCOO_02550	MER0046161	37.004	227	122	5	155	367	28	247	7.99e-40	139
KCAFJCOO_02550	MER0436691	29.137	278	149	6	91	362	6	241	4.32e-37	131
KCAFJCOO_02550	MER0044882	31.507	146	86	6	213	347	14	156	3.10e-09	52.8
KCAFJCOO_02550	MER0043195	29.487	156	90	8	223	361	54	206	5.11e-07	47.4
KCAFJCOO_02550	MER0045094	26.812	138	92	3	216	347	50	184	9.55e-07	46.2
KCAFJCOO_02550	MER0043537	32.895	76	42	2	194	265	15	85	3.58e-06	43.9
KCAFJCOO_02563	MER0029965	31.401	207	135	5	102	305	50	252	1.01e-25	103
KCAFJCOO_02563	MER0011464	30.769	247	156	9	65	303	7	246	4.26e-25	102
KCAFJCOO_02563	MER0015338	29.000	200	134	6	102	297	52	247	5.80e-23	96.3
KCAFJCOO_02563	MER0011461	29.437	231	151	5	80	303	22	247	1.29e-22	94.7
KCAFJCOO_02563	MER0011487	29.915	234	153	6	78	304	21	250	2.00e-21	91.3
KCAFJCOO_02563	MER0038831	30.526	190	126	3	116	303	64	249	3.50e-21	90.9
KCAFJCOO_02563	MER0015688	34.419	215	129	6	98	305	49	258	5.22e-21	90.5
KCAFJCOO_02563	MER0030257	29.474	190	128	3	116	303	64	249	2.46e-20	88.2
KCAFJCOO_02563	MER0011462	26.423	246	168	6	65	303	10	249	2.75e-19	85.1
KCAFJCOO_02563	MER0038832	27.751	209	141	5	101	304	47	250	4.12e-19	84.7
KCAFJCOO_02563	MER0038833	26.609	233	160	5	78	303	21	249	2.43e-18	82.4
KCAFJCOO_02563	MER0038822	29.302	215	142	6	94	303	2	211	4.81e-18	80.5
KCAFJCOO_02563	MER0005158	31.100	209	132	5	102	303	51	254	1.90e-17	79.7
KCAFJCOO_02563	MER0001911	27.604	192	127	7	100	288	39	221	1.02e-13	68.6
KCAFJCOO_02563	MER0038830	25.000	232	128	7	78	304	21	211	1.21e-11	62.0
KCAFJCOO_02563	MER0002161	30.201	149	94	5	57	203	27	167	6.24e-07	48.5
KCAFJCOO_02563	MER0032443	37.931	116	50	8	77	181	23	127	4.22e-06	45.8
KCAFJCOO_02567	MER0004775	41.590	654	377	5	29	681	9	658	7.31e-179	521
KCAFJCOO_02567	MER0001056	31.899	674	422	14	23	670	6	668	1.75e-108	340
KCAFJCOO_02567	MER0011141	31.278	681	425	16	34	681	19	689	1.25e-105	333
KCAFJCOO_02567	MER0001991	31.556	675	431	14	19	670	2	668	2.29e-104	329
KCAFJCOO_02567	MER0011159	31.118	662	424	12	34	670	19	673	5.26e-102	323
KCAFJCOO_02567	MER0013406	32.148	703	415	17	23	681	12	696	8.24e-102	323
KCAFJCOO_02567	MER0001050	32.277	694	411	15	34	681	19	699	1.03e-100	320
KCAFJCOO_02567	MER0011838	29.894	659	432	11	35	670	21	672	2.06e-98	314
KCAFJCOO_02567	MER0002988	29.678	684	430	14	37	681	22	693	5.28e-92	297
KCAFJCOO_02567	MER0019831	30.596	621	395	11	76	670	32	642	2.10e-88	286
KCAFJCOO_02567	MER0002350	30.103	681	416	18	36	670	21	687	3.03e-88	287
KCAFJCOO_02567	MER0019832	30.376	665	437	12	24	681	3	648	3.52e-88	286
KCAFJCOO_02567	MER0004762	30.189	689	434	17	28	681	13	689	1.76e-83	275
KCAFJCOO_02567	MER0001058	29.128	642	432	13	44	681	4	626	2.52e-81	267
KCAFJCOO_02567	MER0001059	30.811	555	367	10	40	586	1	546	1.17e-80	264
KCAFJCOO_02567	MER0005528	30.376	665	428	14	34	670	19	676	1.13e-79	264
KCAFJCOO_02567	MER0002062	26.934	698	445	17	34	681	19	701	8.04e-72	243
KCAFJCOO_02567	MER0002997	26.324	680	456	15	36	681	21	689	1.93e-69	236
KCAFJCOO_02567	MER0002285	27.246	679	427	17	28	681	13	649	1.10e-68	234
KCAFJCOO_02567	MER0001365	33.702	362	209	13	347	681	374	731	4.63e-52	189
KCAFJCOO_02567	MER0038668	26.123	601	344	22	162	681	22	603	8.30e-47	172
KCAFJCOO_02567	MER0015175	23.465	733	468	23	34	681	26	750	9.88e-45	167
KCAFJCOO_02567	MER0162857	30.000	350	207	10	362	681	405	746	2.74e-44	166
KCAFJCOO_02567	MER0001054	23.495	681	450	25	34	681	19	661	2.28e-42	160
KCAFJCOO_02567	MER0011433	25.147	680	423	24	37	670	28	667	6.14e-42	159
KCAFJCOO_02567	MER0011432	25.581	688	410	24	37	670	28	667	2.05e-41	157
KCAFJCOO_02567	MER0024834	39.011	182	104	4	505	681	2	181	4.41e-38	136
KCAFJCOO_02567	MER0011427	27.614	373	228	14	342	681	320	683	1.81e-30	124
KCAFJCOO_02567	MER0011430	24.467	703	415	30	21	670	9	648	1.96e-30	124
KCAFJCOO_02567	MER0004778	26.237	465	290	18	255	681	277	726	1.14e-26	112
KCAFJCOO_02567	MER0011355	24.460	417	260	16	310	681	260	666	1.13e-25	109
KCAFJCOO_02567	MER0026946	27.308	260	164	8	427	681	15	254	4.24e-23	96.3
KCAFJCOO_02567	MER0002987	26.301	346	242	8	334	670	228	569	2.56e-22	98.2
KCAFJCOO_02567	MER0002993	26.510	298	182	9	326	595	291	579	6.99e-22	97.1
KCAFJCOO_02567	MER0002989	22.917	336	232	7	349	670	309	631	7.27e-20	90.9
KCAFJCOO_02567	MER0002990	22.699	326	230	7	359	670	321	638	7.91e-20	90.5
KCAFJCOO_02567	MER0004761	25.305	328	222	7	359	670	329	649	8.57e-19	87.4
KCAFJCOO_02567	MER0011195	21.408	682	389	27	1	623	11	604	2.07e-17	83.2
KCAFJCOO_02567	MER0011429	21.829	678	436	23	37	673	29	653	1.54e-16	80.1
KCAFJCOO_02567	MER0002991	25.559	313	216	7	372	670	362	671	5.45e-15	75.5
KCAFJCOO_02567	MER0015181	23.344	317	219	10	367	670	330	635	1.68e-11	63.9
KCAFJCOO_02567	MER0011151	23.980	196	120	7	476	664	188	361	1.09e-09	57.4
KCAFJCOO_02567	MER0004763	24.576	236	143	8	367	582	192	412	1.37e-08	54.3
KCAFJCOO_02567	MER0011306	26.797	153	85	4	478	623	466	598	4.61e-08	53.1
KCAFJCOO_02567	MER0011486	31.776	107	61	3	484	590	435	529	3.26e-07	50.1
KCAFJCOO_02567	MER0002999	34.091	88	53	3	472	555	447	533	5.39e-07	49.3
