ANDNMNCL_00003	MER0001400	42.931	389	204	10	257	635	3	383	2.21e-82	271
ANDNMNCL_00006	MER0031565	27.404	208	138	4	10	210	14	215	2.88e-21	89.4
ANDNMNCL_00006	MER0045479	26.636	214	150	4	1	210	5	215	5.29e-21	88.6
ANDNMNCL_00006	MER0036038	25.822	213	145	4	5	210	9	215	4.56e-19	83.2
ANDNMNCL_00006	MER0031569	28.440	218	144	7	1	210	1	214	7.26e-15	70.9
ANDNMNCL_00006	MER0036036	24.895	237	164	7	1	229	5	235	2.67e-13	66.2
ANDNMNCL_00006	MER0037863	27.624	181	101	7	46	211	86	251	3.34e-09	54.3
ANDNMNCL_00006	MER0033245	32.174	115	59	4	49	147	2	113	4.70e-08	50.1
ANDNMNCL_00006	MER0036049	31.532	111	67	6	10	114	7	114	6.58e-06	44.3
ANDNMNCL_00006	MER0066184	24.044	183	130	6	58	236	57	234	7.39e-06	43.9
ANDNMNCL_00006	MER0045469	29.907	107	67	3	29	134	46	145	8.80e-06	43.5
ANDNMNCL_00023	MER0003336	63.121	141	48	1	190	326	1	141	7.19e-59	183
ANDNMNCL_00023	MER0011465	45.872	109	56	2	190	298	1	106	8.28e-23	89.7
ANDNMNCL_00023	MER0017622	32.143	224	130	9	48	251	18	239	3.57e-22	90.9
ANDNMNCL_00023	MER0003299	42.478	113	62	1	190	302	1	110	3.55e-18	77.0
ANDNMNCL_00023	MER0003338	34.545	110	67	2	190	298	1	106	3.74e-15	68.6
ANDNMNCL_00023	MER0034967	27.807	187	104	7	89	249	2	183	1.47e-14	68.6
ANDNMNCL_00023	MER0003303	32.432	111	67	3	190	299	1	104	1.23e-12	61.2
ANDNMNCL_00023	MER0013976	36.036	111	63	4	190	299	1	104	1.03e-11	58.5
ANDNMNCL_00023	MER0016969	30.882	68	41	1	190	251	1	68	3.51e-06	43.5
ANDNMNCL_00037	MER0013623	55.128	156	67	2	101	256	1	153	6.16e-53	172
ANDNMNCL_00037	MER0000266	53.797	158	69	3	101	256	1	156	2.62e-50	165
ANDNMNCL_00037	MER0003850	49.162	179	82	4	101	275	3	176	1.01e-49	164
ANDNMNCL_00037	MER0000268	51.592	157	72	3	101	256	1	154	7.56e-49	161
ANDNMNCL_00037	MER0004111	48.428	159	75	2	101	256	1	155	1.18e-45	153
ANDNMNCL_00037	MER0004149	50.307	163	74	2	101	256	1	163	1.77e-45	153
ANDNMNCL_00037	MER0001372	49.682	157	77	2	101	256	1	156	5.00e-45	151
ANDNMNCL_00037	MER0005468	47.799	159	79	3	101	256	1	158	7.65e-42	143
ANDNMNCL_00037	MER0003290	46.875	160	77	4	101	256	1	156	4.58e-40	138
ANDNMNCL_00037	MER0028330	48.101	158	75	2	101	256	1	153	1.16e-39	137
ANDNMNCL_00037	MER0004673	35.273	275	145	6	101	353	2	265	1.95e-38	137
ANDNMNCL_00037	MER0001373	46.875	160	79	3	101	256	1	158	5.85e-38	132
ANDNMNCL_00037	MER0002577	46.203	158	78	2	101	256	1	153	1.53e-37	131
ANDNMNCL_00037	MER0001945	44.025	159	86	3	101	256	1	159	2.76e-37	131
ANDNMNCL_00037	MER0016351	44.654	159	79	3	101	256	1	153	1.51e-36	129
ANDNMNCL_00037	MER0014795	44.910	167	73	4	101	256	1	159	2.77e-36	128
ANDNMNCL_00037	MER0010944	41.520	171	85	3	101	256	1	171	2.36e-34	123
ANDNMNCL_00037	MER0004093	43.827	162	76	4	101	256	1	153	1.38e-33	120
ANDNMNCL_00037	MER0003293	44.667	150	81	2	101	250	1	148	5.83e-33	119
ANDNMNCL_00037	MER0022668	39.766	171	88	5	101	256	1	171	4.24e-31	114
ANDNMNCL_00037	MER0004086	41.104	163	87	4	102	256	1	162	9.23e-31	113
ANDNMNCL_00037	MER0016031	41.916	167	85	5	101	256	1	166	4.78e-30	112
ANDNMNCL_00037	MER0011375	41.104	163	80	5	101	256	1	154	1.16e-29	110
ANDNMNCL_00037	MER0015583	45.333	150	70	5	101	239	1	149	7.47e-29	108
ANDNMNCL_00037	MER0006096	42.222	135	71	3	125	256	1	131	1.85e-26	100
ANDNMNCL_00037	MER0005093	37.500	160	87	3	101	247	1	160	2.33e-25	99.0
ANDNMNCL_00037	MER0063616	38.095	147	76	5	104	240	5	146	9.88e-18	77.4
ANDNMNCL_00037	MER0005094	30.769	156	101	7	101	251	1	154	2.51e-10	55.8
ANDNMNCL_00037	MER0014317	30.612	147	92	7	112	251	10	153	6.60e-10	54.7
ANDNMNCL_00037	MER0004696	31.469	143	87	7	101	237	1	138	2.13e-08	50.1
ANDNMNCL_00037	MER0005089	31.884	138	76	5	101	228	1	130	1.50e-07	47.8
ANDNMNCL_00037	MER0005090	32.824	131	84	4	101	228	1	130	3.04e-07	47.0
ANDNMNCL_00037	MER0014318	35.766	137	72	8	101	228	1	130	1.30e-06	45.1
ANDNMNCL_00037	MER0145078	32.727	110	59	5	145	240	113	221	2.20e-06	45.8
ANDNMNCL_00060	MER0004775	41.311	656	372	8	35	685	11	658	1.42e-172	505
ANDNMNCL_00060	MER0011141	32.897	687	408	17	37	685	18	689	3.54e-108	340
ANDNMNCL_00060	MER0001056	28.869	672	443	11	37	685	18	677	3.47e-98	313
ANDNMNCL_00060	MER0011159	29.970	674	438	13	37	685	18	682	6.59e-94	302
ANDNMNCL_00060	MER0001050	29.769	692	433	15	37	685	18	699	1.56e-92	299
ANDNMNCL_00060	MER0001058	29.755	652	415	11	48	685	4	626	4.25e-92	296
ANDNMNCL_00060	MER0001991	29.501	661	437	13	35	674	16	668	1.82e-89	290
ANDNMNCL_00060	MER0002988	28.963	694	430	16	37	685	18	693	3.58e-88	287
ANDNMNCL_00060	MER0019832	30.229	655	423	11	42	685	17	648	7.02e-88	285
ANDNMNCL_00060	MER0013406	28.198	688	446	14	37	685	18	696	6.97e-87	284
ANDNMNCL_00060	MER0011838	28.232	673	445	15	39	685	21	681	1.26e-83	275
ANDNMNCL_00060	MER0002350	28.959	701	434	19	32	685	13	696	4.14e-80	266
ANDNMNCL_00060	MER0019831	29.248	612	389	15	105	685	53	651	6.24e-77	256
ANDNMNCL_00060	MER0004762	28.035	692	439	18	35	685	16	689	4.31e-75	252
ANDNMNCL_00060	MER0002997	26.647	683	460	14	35	685	16	689	2.11e-74	250
ANDNMNCL_00060	MER0001059	28.991	545	382	5	48	590	5	546	2.23e-74	247
ANDNMNCL_00060	MER0005528	25.588	680	463	14	37	685	18	685	4.45e-71	241
ANDNMNCL_00060	MER0002062	25.106	705	461	18	32	685	13	701	3.78e-63	219
ANDNMNCL_00060	MER0002285	25.186	671	439	13	38	685	19	649	2.04e-58	206
ANDNMNCL_00060	MER0015175	24.430	745	472	20	25	685	13	750	5.77e-53	192
ANDNMNCL_00060	MER0001365	32.222	360	217	9	351	685	374	731	2.97e-51	186
ANDNMNCL_00060	MER0038668	25.952	578	357	21	175	685	30	603	1.63e-47	174
ANDNMNCL_00060	MER0162857	28.696	345	218	7	366	685	405	746	3.34e-42	160
ANDNMNCL_00060	MER0001054	23.650	685	444	25	38	685	19	661	7.85e-41	155
ANDNMNCL_00060	MER0011432	24.457	691	444	23	26	674	13	667	9.75e-37	143
ANDNMNCL_00060	MER0011433	23.478	690	452	19	26	674	13	667	6.81e-36	140
ANDNMNCL_00060	MER0024834	37.500	184	104	6	509	685	2	181	1.02e-34	127
ANDNMNCL_00060	MER0011427	26.330	376	232	12	345	685	318	683	1.58e-31	127
ANDNMNCL_00060	MER0011430	23.883	716	423	28	27	685	7	657	1.52e-28	118
ANDNMNCL_00060	MER0026946	27.863	262	160	8	431	685	15	254	3.31e-26	105
ANDNMNCL_00060	MER0004778	26.923	338	214	9	372	685	398	726	8.68e-26	109
ANDNMNCL_00060	MER0011355	25.073	343	224	13	369	685	331	666	2.41e-23	102
ANDNMNCL_00060	MER0002990	26.198	313	192	11	396	685	351	647	1.27e-22	99.4
ANDNMNCL_00060	MER0002987	23.932	351	244	8	338	674	228	569	4.40e-22	97.4
ANDNMNCL_00060	MER0011429	24.060	665	431	23	41	674	29	650	2.87e-21	95.1
ANDNMNCL_00060	MER0002993	25.091	275	178	6	352	600	308	580	5.57e-21	94.4
ANDNMNCL_00060	MER0004761	23.333	330	240	6	366	685	332	658	4.49e-20	91.7
ANDNMNCL_00060	MER0002989	22.742	299	206	8	399	685	355	640	7.05e-19	87.8
ANDNMNCL_00060	MER0002991	29.437	231	140	8	465	685	463	680	1.02e-16	80.9
ANDNMNCL_00060	MER0015181	22.712	295	206	9	394	674	349	635	5.99e-12	65.5
ANDNMNCL_00060	MER0011195	26.267	217	126	8	476	685	466	655	4.83e-11	62.8
ANDNMNCL_00060	MER0004763	25.604	207	131	6	399	589	216	415	8.48e-11	61.6
ANDNMNCL_00060	MER0011151	22.564	195	126	5	479	668	187	361	2.90e-09	56.2
ANDNMNCL_00060	MER0011486	33.750	80	49	1	464	539	407	486	1.51e-07	51.2
ANDNMNCL_00060	MER0011306	27.273	143	85	3	488	627	472	598	1.76e-07	51.2
ANDNMNCL_00060	MER0002999	37.143	70	42	1	476	543	447	516	1.07e-06	48.5
ANDNMNCL_00060	MER0002998	18.626	553	351	23	41	541	33	538	6.84e-06	45.8
ANDNMNCL_00246	MER0005767	29.653	317	184	9	55	370	27	305	2.51e-34	127
ANDNMNCL_00246	MER0030136	23.951	405	275	14	5	386	1	395	1.35e-13	68.9
ANDNMNCL_00246	MER0030151	24.060	399	282	12	5	386	1	395	2.12e-12	65.1
ANDNMNCL_00246	MER0015112	22.716	405	284	15	5	386	1	399	3.21e-12	64.7
ANDNMNCL_00246	MER0030149	23.457	405	277	15	5	386	1	395	5.13e-09	54.7
ANDNMNCL_00301	MER0059846	32.990	291	187	5	14	299	24	311	1.32e-49	165
ANDNMNCL_00301	MER0199690	24.351	308	212	9	15	301	6	313	2.06e-20	86.7
ANDNMNCL_00301	MER0214074	28.022	182	117	5	134	301	2	183	4.03e-17	75.1
ANDNMNCL_00301	MER0045479	33.333	93	59	3	59	150	29	119	3.88e-06	44.3
ANDNMNCL_00317	MER0000277	33.766	231	125	6	220	436	1	217	1.44e-26	104
ANDNMNCL_00317	MER0054461	32.374	278	146	12	201	457	1	257	5.04e-24	98.6
ANDNMNCL_00317	MER0005081	30.000	210	124	10	231	434	5	197	4.68e-15	70.9
ANDNMNCL_00321	MER0016191	29.897	291	182	6	20	295	4	287	1.65e-31	116
ANDNMNCL_00321	MER0016185	25.688	327	196	9	17	303	1	320	2.45e-17	78.2
ANDNMNCL_00321	MER0016172	24.910	277	196	6	22	289	7	280	1.18e-16	75.9
ANDNMNCL_00351	MER0000277	33.188	229	129	5	220	436	1	217	5.58e-28	108
ANDNMNCL_00351	MER0054461	29.927	274	158	9	201	457	1	257	7.00e-22	92.4
ANDNMNCL_00351	MER0005081	29.412	187	113	7	235	415	8	181	1.82e-12	63.5
ANDNMNCL_00361	MER0037236	24.206	252	169	6	13	243	11	261	3.17e-17	75.9
ANDNMNCL_00361	MER0004146	26.172	256	166	11	10	243	7	261	3.95e-17	75.5
ANDNMNCL_00361	MER0031611	21.875	256	169	7	17	245	35	286	3.04e-11	59.3
ANDNMNCL_00361	MER0036068	25.275	182	119	5	77	241	112	293	1.12e-09	54.7
ANDNMNCL_00361	MER0036066	21.545	246	162	8	22	242	1	240	1.74e-08	50.4
ANDNMNCL_00361	MER0000436	22.776	281	160	10	16	249	15	285	2.25e-08	50.4
ANDNMNCL_00361	MER0036067	21.250	240	161	8	22	238	52	286	2.51e-08	50.4
ANDNMNCL_00361	MER0003537	24.870	193	115	7	85	249	92	282	8.90e-08	48.9
ANDNMNCL_00361	MER0036053	21.612	273	155	9	17	243	4	263	1.88e-07	47.8
ANDNMNCL_00361	MER0017033	22.989	174	111	5	87	243	133	300	3.03e-07	47.4
ANDNMNCL_00361	MER0036076	23.404	188	118	6	70	241	114	291	3.44e-07	47.0
ANDNMNCL_00361	MER0035973	22.826	184	126	4	70	242	108	286	3.56e-07	47.0
ANDNMNCL_00361	MER0036115	21.488	121	77	2	19	128	33	146	4.10e-07	47.0
ANDNMNCL_00361	MER0011509	29.688	128	64	4	20	129	37	156	6.45e-07	46.2
ANDNMNCL_00361	MER0044350	25.275	182	113	8	21	187	1	174	1.19e-06	45.4
ANDNMNCL_00361	MER0036074	21.226	212	133	7	73	251	176	386	2.04e-06	45.1
ANDNMNCL_00361	MER0036073	25.150	167	107	5	91	243	154	316	2.39e-06	44.7
ANDNMNCL_00372	MER0034582	25.946	185	129	4	6	190	78	254	2.44e-14	71.2
ANDNMNCL_00386	MER0015424	33.475	236	131	9	406	620	280	510	3.98e-25	107
ANDNMNCL_00386	MER0016991	31.548	336	172	17	208	501	1	320	2.66e-15	75.1
ANDNMNCL_00386	MER0019280	32.013	303	142	13	240	506	29	303	8.53e-12	63.9
ANDNMNCL_00386	MER0000321	31.786	280	130	12	239	484	100	352	5.37e-11	62.0
ANDNMNCL_00386	MER0030016	28.826	281	132	13	239	484	30	277	1.80e-08	53.5
ANDNMNCL_00386	MER0001725	28.571	294	164	11	237	506	46	317	3.59e-08	53.1
ANDNMNCL_00386	MER0002267	38.272	81	44	1	421	501	203	277	4.11e-08	52.4
ANDNMNCL_00386	MER0003536	28.223	287	154	14	225	475	7	277	3.40e-07	49.7
ANDNMNCL_00386	MER0077555	31.086	267	143	12	237	489	19	258	4.65e-07	49.3
ANDNMNCL_00386	MER0016983	29.688	128	72	3	391	511	196	312	5.02e-07	49.3
ANDNMNCL_00386	MER0000349	28.372	215	112	9	275	462	144	343	7.33e-07	49.3
ANDNMNCL_00386	MER0014465	33.962	106	67	2	399	501	361	466	1.31e-06	48.5
ANDNMNCL_00386	MER0161312	40.909	88	48	2	401	485	249	335	4.84e-06	46.6
ANDNMNCL_00388	MER0005300	28.455	123	81	3	286	407	46	162	1.82e-08	50.4
ANDNMNCL_00388	MER0013541	43.333	60	30	2	329	387	19	75	2.48e-06	42.4
ANDNMNCL_00399	MER0004466	33.333	60	40	0	67	126	203	262	3.17e-08	47.8
ANDNMNCL_00421	MER0001012	29.091	220	135	4	201	403	1	216	2.22e-24	99.0
ANDNMNCL_00421	MER0015166	32.609	230	120	6	198	399	5	227	1.58e-23	96.7
ANDNMNCL_00421	MER0019759	28.440	218	134	5	225	425	20	232	2.45e-21	90.5
ANDNMNCL_00421	MER0005331	30.526	190	120	4	226	403	21	210	2.07e-20	87.0
ANDNMNCL_00421	MER0002003	29.864	221	131	6	201	402	1	216	7.28e-20	85.9
ANDNMNCL_00421	MER0011720	28.293	205	132	4	201	398	1	197	7.66e-20	85.5
ANDNMNCL_00421	MER0002968	28.837	215	141	4	201	403	1	215	1.07e-19	85.1
ANDNMNCL_00421	MER0002746	29.384	211	134	7	229	425	24	233	2.65e-19	84.7
ANDNMNCL_00421	MER0011440	27.778	216	139	5	207	407	1	214	3.22e-19	84.0
ANDNMNCL_00421	MER0001013	30.000	210	121	7	230	418	36	240	1.04e-18	83.2
ANDNMNCL_00421	MER0011438	30.939	181	110	3	225	391	19	198	1.22e-18	82.0
ANDNMNCL_00421	MER0002355	26.364	220	153	4	201	413	1	218	2.33e-18	81.6
ANDNMNCL_00421	MER0011183	29.384	211	129	8	225	417	12	220	2.57e-18	81.3
ANDNMNCL_00421	MER0005046	33.152	184	109	5	228	398	11	193	6.72e-18	79.7
ANDNMNCL_00421	MER0091680	28.774	212	118	8	228	417	14	214	9.53e-18	79.7
ANDNMNCL_00421	MER0011369	26.457	223	149	4	196	403	3	225	1.19e-17	79.3
ANDNMNCL_00421	MER0005328	33.333	180	100	6	232	396	26	200	2.59e-17	77.8
ANDNMNCL_00421	MER0028449	29.534	193	119	4	227	402	28	220	2.64e-17	78.6
ANDNMNCL_00421	MER0002060	27.064	218	145	4	201	405	1	217	2.19e-16	75.5
ANDNMNCL_00421	MER0011401	29.240	171	104	4	251	404	38	208	3.22e-16	74.7
ANDNMNCL_00421	MER0011370	27.751	209	124	4	215	403	9	210	4.68e-16	74.3
ANDNMNCL_00421	MER0001010	27.094	203	133	4	229	417	3	204	5.33e-16	74.3
ANDNMNCL_00421	MER0001185	30.000	210	122	8	208	398	7	210	1.02e-15	73.6
ANDNMNCL_00421	MER0012271	31.868	182	105	6	238	405	44	220	1.80e-15	73.6
ANDNMNCL_00421	MER0000997	29.064	203	116	6	223	403	21	217	2.00e-15	72.8
ANDNMNCL_00421	MER0004243	30.928	194	114	5	223	398	20	211	2.10e-15	72.8
ANDNMNCL_00421	MER0002422	28.090	178	119	5	230	398	24	201	2.31e-15	72.4
ANDNMNCL_00421	MER0036308	32.292	192	114	5	223	404	27	212	2.81e-15	72.8
ANDNMNCL_00421	MER0011175	29.101	189	119	4	225	399	19	206	3.65e-15	72.0
ANDNMNCL_00421	MER0006264	28.571	182	116	4	235	403	2	182	4.46e-15	70.9
ANDNMNCL_00421	MER0001009	32.051	156	95	4	283	428	20	174	4.67e-15	71.6
ANDNMNCL_00421	MER0001017	28.856	201	99	7	230	403	35	218	6.94e-15	71.6
ANDNMNCL_00421	MER0012283	28.866	194	95	5	237	405	42	217	9.11e-15	70.9
ANDNMNCL_00421	MER0011399	22.124	226	154	3	206	414	1	221	9.78e-15	71.2
ANDNMNCL_00421	MER0168983	29.714	175	101	5	238	404	3	163	1.22e-14	69.3
ANDNMNCL_00421	MER0011371	33.140	172	94	6	246	400	41	208	1.43e-14	70.1
ANDNMNCL_00421	MER0002281	27.523	218	131	8	210	405	8	220	1.99e-14	70.5
ANDNMNCL_00421	MER0011345	31.383	188	104	8	233	403	38	217	2.93e-14	70.1
ANDNMNCL_00421	MER0001701	28.365	208	113	6	221	403	4	200	3.46e-14	69.3
ANDNMNCL_00421	MER0052595	27.723	202	123	4	216	398	18	215	5.17e-14	68.9
ANDNMNCL_00421	MER0019754	27.835	194	125	4	226	404	3	196	6.37e-14	67.8
ANDNMNCL_00421	MER0002755	31.056	161	93	5	251	398	47	202	1.02e-13	67.4
ANDNMNCL_00421	MER0011423	25.000	216	132	3	206	398	1	209	1.10e-13	67.8
ANDNMNCL_00421	MER0005045	30.435	184	114	5	228	398	11	193	4.35e-13	65.5
ANDNMNCL_00421	MER0002078	26.639	244	144	8	206	425	1	233	1.48e-12	64.7
ANDNMNCL_00421	MER0026830	33.333	96	61	1	223	315	20	115	1.11e-11	61.2
ANDNMNCL_00421	MER0001005	26.111	180	109	5	245	405	5	179	1.66e-10	57.8
ANDNMNCL_00421	MER0002210	30.189	159	89	5	250	390	2	156	1.74e-10	57.0
ANDNMNCL_00421	MER0003500	26.590	173	115	3	230	390	12	184	2.95e-10	57.4
ANDNMNCL_00421	MER0016308	29.310	174	108	5	238	398	7	178	3.13e-10	57.0
ANDNMNCL_00421	MER0001003	27.174	184	113	5	232	398	1	180	1.20e-09	55.1
ANDNMNCL_00421	MER0116688	27.174	184	117	6	230	398	25	206	1.84e-09	55.5
ANDNMNCL_00421	MER0168177	31.852	135	71	4	281	404	40	164	3.10e-09	53.5
ANDNMNCL_00421	MER0001001	24.865	185	128	3	231	404	26	210	4.31e-09	53.9
ANDNMNCL_00421	MER0002658	30.147	136	76	3	286	405	1	133	7.21e-09	52.4
ANDNMNCL_00421	MER0003916	30.097	103	68	2	225	323	8	110	2.62e-08	51.6
ANDNMNCL_00421	MER0011400	24.064	187	126	5	245	416	40	225	3.47e-08	51.6
ANDNMNCL_00421	MER0171631	26.042	192	130	5	223	402	17	208	3.80e-08	51.2
ANDNMNCL_00421	MER0026493	26.050	119	78	3	219	331	13	127	4.71e-06	44.3
ANDNMNCL_00435	MER0004195	38.854	157	89	2	203	356	4	156	1.62e-32	119
ANDNMNCL_00435	MER0001425	43.671	158	83	3	203	355	4	160	1.65e-32	119
ANDNMNCL_00435	MER0003514	41.290	155	89	2	202	356	3	155	2.28e-32	119
ANDNMNCL_00435	MER0001297	37.662	154	94	2	203	356	4	155	3.34e-30	113
ANDNMNCL_00435	MER0003065	40.000	155	91	1	202	356	3	155	6.14e-30	112
ANDNMNCL_00435	MER0004196	37.179	156	94	3	203	356	4	157	2.64e-29	110
ANDNMNCL_00435	MER0005714	36.420	162	96	1	202	356	3	164	2.70e-29	110
ANDNMNCL_00435	MER0015684	37.195	164	98	1	200	363	1	159	8.59e-28	106
ANDNMNCL_00435	MER0003413	38.462	156	93	2	202	356	3	156	2.08e-27	105
ANDNMNCL_00435	MER0001295	31.579	171	98	4	201	356	2	168	6.76e-17	75.9
ANDNMNCL_00435	MER0030244	30.282	142	82	5	199	326	11	149	3.44e-08	50.8
ANDNMNCL_00501	MER0001243	42.105	247	141	2	2	246	3	249	3.45e-64	199
ANDNMNCL_00501	MER0001342	37.344	241	151	0	6	246	7	247	3.58e-52	168
ANDNMNCL_00501	MER0005690	36.250	240	152	1	7	246	8	246	9.94e-52	166
ANDNMNCL_00501	MER0015127	37.238	239	149	1	8	246	9	246	1.43e-49	161
ANDNMNCL_00501	MER0015128	35.021	237	148	3	13	246	14	247	1.07e-45	151
ANDNMNCL_00501	MER0013450	32.794	247	164	2	2	246	1	247	5.40e-43	144
ANDNMNCL_00501	MER0013589	32.645	242	162	1	5	246	2	242	1.19e-41	140
ANDNMNCL_00501	MER0013929	31.174	247	169	1	2	248	3	248	3.51e-37	129
ANDNMNCL_00501	MER0004931	25.854	205	138	5	3	204	4	197	3.96e-16	72.4
ANDNMNCL_00501	MER0010972	23.849	239	164	2	8	246	9	229	2.17e-15	70.9
ANDNMNCL_00501	MER0003880	32.609	184	109	5	32	211	25	197	3.46e-15	70.9
ANDNMNCL_00501	MER0011746	27.103	214	137	6	13	213	14	221	4.28e-12	62.0
ANDNMNCL_00501	MER0005462	25.405	185	124	7	1	180	2	177	3.29e-11	58.5
ANDNMNCL_00501	MER0024896	25.954	131	90	2	122	246	337	466	2.41e-10	57.4
ANDNMNCL_00501	MER0024896	23.214	112	86	0	5	116	6	117	7.72e-09	52.8
ANDNMNCL_00501	MER0002038	27.950	161	109	4	72	230	69	224	5.09e-10	55.1
ANDNMNCL_00501	MER0004532	23.645	203	144	3	3	204	4	196	2.97e-09	52.8
ANDNMNCL_00501	MER0001728	26.887	212	128	8	13	207	14	215	4.57e-08	50.1
ANDNMNCL_00501	MER0005715	23.415	205	143	6	5	204	6	201	2.37e-07	47.4
ANDNMNCL_00501	MER0001244	26.087	138	92	4	1	135	2	132	3.75e-07	47.0
ANDNMNCL_00505	MER0042387	33.880	183	111	6	74	250	2	180	6.05e-27	100
ANDNMNCL_00505	MER0031491	30.055	183	108	5	74	241	2	179	1.76e-20	83.2
ANDNMNCL_00505	MER0026545	25.283	265	169	8	8	250	10	267	1.33e-18	79.7
ANDNMNCL_00505	MER0026552	31.250	144	96	3	98	240	17	158	1.55e-16	72.0
ANDNMNCL_00505	MER0026496	25.843	267	167	11	2	244	5	264	1.33e-15	71.2
ANDNMNCL_00505	MER0002642	24.706	170	111	7	88	248	10	171	5.87e-08	48.1
ANDNMNCL_00505	MER0006292	24.845	161	103	7	99	247	21	175	5.06e-06	42.7
ANDNMNCL_00506	MER0005742	26.241	141	64	5	54	194	1	101	5.91e-07	43.9
ANDNMNCL_00507	MER0002251	46.552	232	118	4	2	230	1	229	1.47e-71	215
ANDNMNCL_00507	MER0001335	39.474	228	131	4	4	228	3	226	1.09e-51	164
ANDNMNCL_00547	MER0015475	32.184	174	102	6	42	204	29	197	1.27e-16	72.8
ANDNMNCL_00568	MER0005694	54.348	276	125	1	428	703	1	275	2.59e-104	317
ANDNMNCL_00568	MER0000392	50.709	282	129	4	440	712	3	283	1.37e-96	297
ANDNMNCL_00568	MER0015621	50.345	290	126	5	429	701	1	289	2.75e-94	292
ANDNMNCL_00568	MER0022823	52.239	268	121	6	440	701	3	269	6.94e-90	280
ANDNMNCL_00568	MER0079308	52.239	268	120	5	443	706	6	269	1.60e-89	278
ANDNMNCL_00568	MER0011450	52.030	271	119	5	440	701	3	271	2.27e-88	275
ANDNMNCL_00568	MER0002490	47.902	286	124	5	440	701	13	297	4.16e-86	271
ANDNMNCL_00568	MER0981959	48.387	279	126	6	439	701	1	277	1.68e-84	266
ANDNMNCL_00568	MER0325901	46.350	274	142	5	440	709	1	273	2.08e-74	239
ANDNMNCL_00568	MER0000398	46.304	257	123	6	451	706	11	253	5.57e-65	213
ANDNMNCL_00568	MER0003229	36.691	278	167	6	430	706	2	271	1.06e-50	175
ANDNMNCL_00568	MER0000410	30.714	280	186	6	429	703	1	277	2.83e-41	149
ANDNMNCL_00568	MER0011872	28.470	281	195	3	434	709	7	286	1.84e-31	121
ANDNMNCL_00568	MER0082498	29.762	252	154	6	454	682	12	263	3.99e-27	108
ANDNMNCL_00568	MER0004227	28.692	237	158	3	454	687	33	261	1.77e-24	101
ANDNMNCL_00568	MER0082653	28.800	250	156	7	454	682	16	264	2.26e-24	100
ANDNMNCL_00568	MER0001920	27.189	217	142	8	493	701	35	243	1.10e-07	50.4
ANDNMNCL_00568	MER0005807	25.000	184	131	3	447	630	34	210	1.38e-06	47.4
ANDNMNCL_00568	MER0003558	24.793	121	83	2	477	593	39	155	8.86e-06	44.7
ANDNMNCL_00603	MER0013471	29.104	134	78	4	19	135	11	144	4.77e-07	48.1
ANDNMNCL_00603	MER0015121	29.197	137	79	4	41	160	37	172	8.31e-07	47.4
ANDNMNCL_00603	MER0001505	31.250	96	61	1	39	129	32	127	7.73e-06	43.9
ANDNMNCL_00721	MER0000332	43.915	189	86	6	310	496	64	234	9.13e-32	120
ANDNMNCL_00721	MER0002565	36.681	229	126	5	307	534	104	314	1.45e-30	119
ANDNMNCL_00721	MER0017009	31.164	292	178	9	244	521	49	331	1.00e-28	114
ANDNMNCL_00721	MER0017009	39.535	86	41	4	57	133	22	105	1.33e-06	47.4
ANDNMNCL_00721	MER0000310	38.537	205	109	7	310	512	63	252	7.83e-28	109
ANDNMNCL_00721	MER0000315	36.406	217	116	9	302	515	53	250	2.99e-25	102
ANDNMNCL_00721	MER0054318	40.107	187	100	7	310	493	67	244	4.15e-25	102
ANDNMNCL_00721	MER0028365	38.384	198	102	7	302	493	118	301	6.66e-25	103
ANDNMNCL_00721	MER0028365	40.541	74	42	2	59	132	41	112	5.71e-09	55.1
ANDNMNCL_00721	MER0001520	36.449	214	114	9	302	512	53	247	8.04e-25	100
ANDNMNCL_00721	MER0002575	34.694	245	130	11	284	516	38	264	1.14e-24	100
ANDNMNCL_00721	MER0016978	30.794	315	146	12	234	514	17	293	1.28e-24	101
ANDNMNCL_00721	MER0001906	35.945	217	117	9	302	515	53	250	1.46e-24	100
ANDNMNCL_00721	MER0004690	29.932	294	173	9	241	512	27	309	2.90e-24	101
ANDNMNCL_00721	MER0004690	46.032	63	33	1	74	135	27	89	2.14e-08	53.1
ANDNMNCL_00721	MER0077555	36.161	224	119	7	297	514	49	254	3.00e-24	99.4
ANDNMNCL_00721	MER0001928	35.945	217	117	9	302	515	53	250	5.85e-24	98.6
ANDNMNCL_00721	MER0002057	33.466	251	117	9	303	509	95	339	6.79e-24	100
ANDNMNCL_00721	MER0001521	36.667	210	116	7	302	509	56	250	1.16e-22	95.1
ANDNMNCL_00721	MER0001709	34.728	239	111	9	301	512	87	307	1.27e-22	95.9
ANDNMNCL_00721	MER0000313	36.667	210	116	7	302	509	56	250	2.09e-22	94.4
ANDNMNCL_00721	MER0000320	37.037	216	116	9	287	495	41	243	2.39e-22	94.4
ANDNMNCL_00721	MER0001699	36.098	205	102	9	310	506	62	245	5.79e-22	92.8
ANDNMNCL_00721	MER0001755	36.190	210	117	7	302	509	56	250	9.92e-22	92.0
ANDNMNCL_00721	MER0001523	36.190	210	117	7	302	509	56	250	2.63e-21	90.9
ANDNMNCL_00721	MER0000312	36.190	210	117	7	302	509	56	250	2.63e-21	90.9
ANDNMNCL_00721	MER0005821	33.684	190	111	8	310	495	86	264	1.11e-20	91.7
ANDNMNCL_00721	MER0004085	35.455	220	111	9	310	509	96	304	1.78e-20	89.7
ANDNMNCL_00721	MER0000316	33.803	213	121	7	302	512	52	246	2.61e-20	87.8
ANDNMNCL_00721	MER0081072	32.627	236	136	8	281	512	31	247	2.68e-20	87.4
ANDNMNCL_00721	MER0000333	35.965	228	125	8	287	512	40	248	2.85e-20	87.8
ANDNMNCL_00721	MER0000309	38.119	202	108	7	310	509	63	249	3.36e-20	87.8
ANDNMNCL_00721	MER0000321	30.182	275	147	12	256	515	110	354	4.32e-20	89.0
ANDNMNCL_00721	MER0030016	31.655	278	134	12	253	512	37	276	5.61e-20	87.0
ANDNMNCL_00721	MER0000349	33.054	239	120	9	307	515	141	369	7.12e-20	88.6
ANDNMNCL_00721	MER0013656	33.654	208	118	7	302	507	52	241	2.09e-19	85.1
ANDNMNCL_00721	MER0000361	35.000	240	109	12	301	512	93	313	3.26e-19	85.9
ANDNMNCL_00721	MER0016697	34.884	215	96	8	310	495	98	297	4.54e-19	85.5
ANDNMNCL_00721	MER0002562	33.212	274	136	12	273	515	75	332	5.00e-19	85.5
ANDNMNCL_00721	MER0050309	27.632	304	174	13	274	552	3	285	5.24e-19	86.7
ANDNMNCL_00721	MER0016983	34.928	209	95	7	310	497	71	259	6.63e-19	84.7
ANDNMNCL_00721	MER0006023	32.099	243	127	7	287	512	86	307	6.92e-19	85.1
ANDNMNCL_00721	MER0002267	34.450	209	115	7	310	514	71	261	8.41e-19	84.0
ANDNMNCL_00721	MER0000362	32.794	247	121	10	292	515	77	301	1.11e-18	84.3
ANDNMNCL_00721	MER0014744	35.747	221	112	6	310	511	95	304	1.16e-18	84.3
ANDNMNCL_00721	MER0000311	36.406	217	113	10	302	512	56	253	1.17e-18	83.2
ANDNMNCL_00721	MER0062058	33.210	271	160	9	252	513	1	259	1.34e-18	85.1
ANDNMNCL_00721	MER0062058	51.923	52	25	0	85	136	1	52	2.45e-11	62.4
ANDNMNCL_00721	MER0042897	38.863	211	111	7	302	509	58	253	5.11e-18	81.3
ANDNMNCL_00721	MER0002790	34.259	216	118	5	310	509	1	208	5.59e-18	80.5
ANDNMNCL_00721	MER0000358	31.390	223	117	10	310	518	71	271	5.95e-18	82.4
ANDNMNCL_00721	MER0155676	32.328	232	127	10	309	513	124	352	1.08e-17	82.0
ANDNMNCL_00721	MER0001725	37.619	210	110	10	310	512	99	294	3.01e-17	79.7
ANDNMNCL_00721	MER0000319	30.583	206	125	6	305	509	64	252	4.53e-17	78.6
ANDNMNCL_00721	MER0003117	30.916	262	139	10	281	523	46	284	7.66e-17	78.2
ANDNMNCL_00721	MER0003536	29.893	281	141	11	253	512	35	280	8.76e-17	78.2
ANDNMNCL_00721	MER0005931	35.514	214	121	5	301	512	23	221	1.08e-16	76.6
ANDNMNCL_00721	MER0000359	35.217	230	110	13	295	514	79	279	1.40e-16	77.4
ANDNMNCL_00721	MER0006074	32.273	220	118	10	302	510	73	272	1.67e-16	77.4
ANDNMNCL_00721	MER0002500	32.328	232	130	9	310	520	157	382	3.61e-15	74.3
ANDNMNCL_00721	MER0004123	29.876	241	124	9	307	511	76	307	7.91e-15	72.8
ANDNMNCL_00721	MER0161312	33.641	217	113	7	310	496	94	309	9.04e-15	72.8
ANDNMNCL_00721	MER0016688	30.576	278	137	12	298	540	62	318	1.67e-14	71.6
ANDNMNCL_00721	MER0000356	32.314	229	105	9	310	511	89	294	1.92e-14	72.0
ANDNMNCL_00721	MER0004720	28.571	273	134	11	252	512	37	260	2.32e-14	70.5
ANDNMNCL_00721	MER0005790	31.500	200	97	7	309	492	93	268	3.05e-14	70.1
ANDNMNCL_00721	MER0002516	32.287	223	116	11	297	510	68	264	5.04e-14	69.7
ANDNMNCL_00721	MER0000326	32.273	220	122	9	302	517	63	259	7.62e-14	69.3
ANDNMNCL_00721	MER0013641	28.879	232	123	10	310	512	83	301	9.57e-14	70.1
ANDNMNCL_00721	MER0000357	33.659	205	98	9	310	499	77	258	2.03e-13	68.2
ANDNMNCL_00721	MER0000351	30.769	208	98	9	307	494	103	284	4.19e-13	67.0
ANDNMNCL_00721	MER0000350	28.514	249	123	11	310	512	90	329	5.08e-13	67.4
ANDNMNCL_00721	MER0014085	25.846	325	140	13	254	512	51	340	8.13e-13	67.0
ANDNMNCL_00721	MER0019280	29.694	229	134	8	307	519	70	287	9.69e-13	65.9
ANDNMNCL_00721	MER0000353	31.373	204	94	9	304	488	151	327	1.70e-12	65.5
ANDNMNCL_00721	MER0050310	27.027	259	153	11	303	542	91	332	1.86e-12	65.9
ANDNMNCL_00721	MER0067924	26.860	242	129	9	297	511	54	274	2.42e-12	64.3
ANDNMNCL_00721	MER0014446	31.120	241	119	12	294	511	179	395	3.81e-12	65.1
ANDNMNCL_00721	MER0000344	31.330	233	114	13	310	523	88	293	5.56e-12	63.5
ANDNMNCL_00721	MER0005859	31.481	270	103	13	307	514	238	487	8.33e-12	64.3
ANDNMNCL_00721	MER0006037	34.375	192	95	8	310	493	80	248	1.01e-11	62.8
ANDNMNCL_00721	MER0014300	29.297	256	130	9	299	512	69	315	1.01e-11	63.5
ANDNMNCL_00721	MER0016986	26.820	261	138	8	296	511	79	331	1.55e-11	62.8
ANDNMNCL_00721	MER0002764	35.106	188	93	9	310	491	89	253	2.01e-11	62.0
ANDNMNCL_00721	MER0005078	30.583	206	116	8	310	508	80	265	2.10e-11	61.6
ANDNMNCL_00721	MER0000328	35.176	199	94	13	310	495	72	248	2.61e-11	61.6
ANDNMNCL_00721	MER0006297	23.860	285	165	9	261	510	218	485	2.92e-11	62.4
ANDNMNCL_00721	MER0000347	29.596	223	131	7	307	512	116	329	3.48e-11	62.4
ANDNMNCL_00721	MER0005712	25.667	300	160	11	275	512	42	340	3.92e-11	61.6
ANDNMNCL_00721	MER0047718	26.689	296	158	11	253	493	18	309	4.16e-11	61.2
ANDNMNCL_00721	MER0016991	30.415	217	110	7	310	497	78	282	4.68e-11	61.2
ANDNMNCL_00721	MER0000325	30.942	223	117	11	310	519	70	268	7.06e-11	60.5
ANDNMNCL_00721	MER0022415	25.833	240	142	9	281	511	62	274	9.17e-11	60.8
ANDNMNCL_00721	MER0006048	24.275	276	139	9	303	512	79	350	9.52e-11	60.5
ANDNMNCL_00721	MER0024902	25.571	219	151	6	310	518	97	313	9.76e-11	60.1
ANDNMNCL_00721	MER0003122	27.007	274	134	12	303	514	78	347	1.14e-10	60.1
ANDNMNCL_00721	MER0000389	27.969	261	115	12	301	512	69	305	3.10e-10	58.5
ANDNMNCL_00721	MER0037258	29.661	236	134	9	301	512	68	295	3.29e-10	58.2
ANDNMNCL_00721	MER0055027	32.941	170	89	8	302	468	66	213	3.35e-10	58.9
ANDNMNCL_00721	MER0114485	28.507	221	120	7	310	493	106	325	4.41e-10	58.5
ANDNMNCL_00721	MER0015428	26.364	330	157	17	237	512	36	333	6.75e-10	57.8
ANDNMNCL_00721	MER0068994	28.519	270	127	13	308	518	107	369	9.14e-10	57.4
ANDNMNCL_00721	MER0000335	29.327	208	114	8	310	508	69	252	1.88e-09	55.8
ANDNMNCL_00721	MER0000338	28.017	232	130	9	310	532	72	275	1.94e-09	55.8
ANDNMNCL_00721	MER0004869	25.000	276	144	11	297	512	78	350	2.04e-09	56.2
ANDNMNCL_00721	MER0003020	29.365	252	101	10	310	495	226	466	5.48e-09	55.5
ANDNMNCL_00721	MER0000348	26.778	239	123	8	304	497	82	313	5.72e-09	54.7
ANDNMNCL_00721	MER0000329	27.138	269	117	10	310	509	76	334	9.67e-09	54.3
ANDNMNCL_00721	MER0028258	31.325	249	126	10	308	512	102	349	1.95e-08	53.1
ANDNMNCL_00721	MER0000336	27.619	210	119	8	290	491	63	247	3.41e-08	52.0
ANDNMNCL_00721	MER0006036	32.955	88	46	1	456	530	371	458	3.80e-08	52.8
ANDNMNCL_00721	MER0001467	27.536	276	116	13	310	512	72	336	9.15e-08	51.2
ANDNMNCL_00721	MER0005699	24.026	308	149	13	302	531	91	391	1.04e-07	51.2
ANDNMNCL_00721	MER0004652	31.933	119	61	4	404	512	399	507	1.23e-07	51.2
ANDNMNCL_00721	MER0013896	34.091	88	39	3	444	512	358	445	1.47e-07	50.8
ANDNMNCL_00721	MER0005757	25.148	338	160	13	244	512	43	356	1.49e-07	50.4
ANDNMNCL_00721	MER0025143	26.407	231	114	8	302	496	63	273	1.74e-07	50.1
ANDNMNCL_00721	MER0014310	33.333	96	44	3	437	512	303	398	1.80e-07	50.4
ANDNMNCL_00721	MER0015436	32.099	81	47	2	444	516	354	434	1.82e-07	50.4
ANDNMNCL_00721	MER0002771	22.112	303	162	8	273	512	38	329	1.96e-07	50.1
ANDNMNCL_00721	MER0005756	25.475	263	136	10	310	512	112	374	2.46e-07	50.1
ANDNMNCL_00721	MER0015437	34.211	76	42	2	444	512	354	428	2.84e-07	49.7
ANDNMNCL_00721	MER0015438	34.831	89	38	2	444	512	362	450	3.17e-07	49.7
ANDNMNCL_00721	MER0004988	26.244	221	125	10	310	512	71	271	4.34e-07	48.5
ANDNMNCL_00721	MER0001454	30.851	94	47	2	437	512	234	327	5.29e-07	48.5
ANDNMNCL_00721	MER0015431	26.689	296	147	12	271	512	63	342	8.11e-07	48.1
ANDNMNCL_00721	MER0000364	25.641	234	124	7	301	508	61	270	9.93e-07	47.4
ANDNMNCL_00721	MER0015432	23.774	265	139	10	310	512	87	350	1.10e-06	47.8
ANDNMNCL_00721	MER0013893	37.681	69	33	2	456	514	443	511	1.87e-06	47.4
ANDNMNCL_00721	MER0014325	31.092	119	56	4	438	534	239	353	1.89e-06	47.0
ANDNMNCL_00721	MER0015427	22.903	310	144	13	297	534	82	368	3.13e-06	46.2
ANDNMNCL_00721	MER0004516	26.721	247	134	7	310	512	83	326	3.62e-06	46.2
ANDNMNCL_00721	MER0014312	29.365	126	64	6	407	512	280	400	3.83e-06	46.2
ANDNMNCL_00721	MER0014311	33.696	92	41	3	441	512	308	399	3.96e-06	46.2
ANDNMNCL_00721	MER0000340	28.571	196	108	7	310	491	74	251	6.25e-06	45.1
ANDNMNCL_00721	MER0005034	34.000	100	44	5	441	518	342	441	7.01e-06	45.4
ANDNMNCL_00721	MER0002739	27.928	222	107	9	310	495	98	302	9.22e-06	45.1
ANDNMNCL_00721	MER0015433	32.927	82	42	3	444	512	353	434	9.55e-06	45.1
ANDNMNCL_00722	MER0036308	28.846	156	106	2	314	464	58	213	3.52e-12	63.5
ANDNMNCL_00722	MER0011345	27.000	200	133	4	276	462	18	217	3.64e-11	60.5
ANDNMNCL_00722	MER0019759	25.743	202	128	6	301	483	33	231	9.61e-11	58.9
ANDNMNCL_00722	MER0002003	23.116	199	122	7	289	462	25	217	2.30e-10	57.8
ANDNMNCL_00722	MER0012283	25.616	203	134	5	275	463	17	216	4.68e-10	57.0
ANDNMNCL_00722	MER0019096	25.822	213	128	8	287	484	1	198	1.11e-09	55.5
ANDNMNCL_00722	MER0005328	27.094	203	118	8	273	453	4	198	1.12e-09	55.5
ANDNMNCL_00722	MER0002755	27.692	195	98	8	289	455	21	200	3.49e-09	53.9
ANDNMNCL_00722	MER0011720	25.000	220	152	6	263	475	1	214	1.13e-08	52.8
ANDNMNCL_00722	MER0002078	22.167	203	135	5	301	483	33	232	3.75e-08	51.2
ANDNMNCL_00722	MER0002281	29.730	185	107	9	286	455	35	211	1.36e-07	49.7
ANDNMNCL_00722	MER0002968	24.865	185	109	6	301	462	38	215	2.61e-07	48.5
ANDNMNCL_00722	MER0011369	24.812	133	97	2	333	462	93	225	4.78e-07	47.8
ANDNMNCL_00722	MER0001017	25.926	162	90	7	314	455	60	211	4.98e-07	48.1
ANDNMNCL_00722	MER0001013	26.061	165	98	5	314	462	61	217	8.60e-07	47.4
ANDNMNCL_00722	MER0004243	20.707	198	136	6	286	462	19	216	1.01e-06	47.0
ANDNMNCL_00722	MER0091680	25.503	149	101	4	333	475	69	213	1.75e-06	46.2
ANDNMNCL_00722	MER0011440	20.290	207	147	5	274	462	4	210	1.81e-06	46.2
ANDNMNCL_00722	MER0003916	27.068	133	87	4	334	462	68	194	1.85e-06	45.8
ANDNMNCL_00722	MER0011438	26.829	123	75	4	274	381	4	126	4.62e-06	44.7
ANDNMNCL_00722	MER0002060	19.417	206	149	5	274	462	10	215	5.07e-06	44.7
ANDNMNCL_00725	MER0001425	46.061	165	80	3	185	343	1	162	1.12e-35	128
ANDNMNCL_00725	MER0003514	41.290	155	84	2	188	340	4	153	3.01e-32	119
ANDNMNCL_00725	MER0003065	41.447	152	82	2	188	337	4	150	1.80e-31	116
ANDNMNCL_00725	MER0003413	37.333	150	92	1	188	337	4	151	2.11e-30	114
ANDNMNCL_00725	MER0001297	41.026	156	89	1	188	343	4	156	3.03e-30	113
ANDNMNCL_00725	MER0004196	39.645	169	81	4	185	343	1	158	1.98e-27	105
ANDNMNCL_00725	MER0015684	39.474	152	85	3	188	336	4	151	6.47e-25	98.6
ANDNMNCL_00725	MER0005714	35.849	159	86	4	189	336	5	158	6.09e-23	93.2
ANDNMNCL_00725	MER0001295	33.918	171	89	5	188	341	4	167	4.44e-19	82.0
ANDNMNCL_00725	MER0004195	31.210	157	100	2	188	341	4	155	7.33e-19	81.3
ANDNMNCL_00748	MER0078640	38.251	366	192	9	11	361	1	347	7.50e-72	225
ANDNMNCL_00748	MER0060647	36.364	363	208	7	11	362	1	351	8.65e-66	209
ANDNMNCL_00748	MER0044812	40.574	244	127	4	139	368	1	240	5.85e-57	183
ANDNMNCL_00748	MER0043540	41.206	199	113	2	166	363	27	222	1.01e-51	169
ANDNMNCL_00748	MER0115185	55.396	139	60	1	221	359	6	142	4.71e-46	151
ANDNMNCL_00748	MER0046161	40.909	220	111	5	162	367	33	247	1.40e-45	154
ANDNMNCL_00748	MER0045945	35.945	217	128	5	162	375	15	223	7.18e-43	146
ANDNMNCL_00748	MER0436691	31.834	289	149	7	91	372	6	253	1.14e-41	144
ANDNMNCL_00748	MER0044882	28.481	158	96	7	203	347	3	156	2.35e-08	50.4
ANDNMNCL_00748	MER0043195	23.750	160	102	5	227	371	58	212	5.17e-07	47.4
ANDNMNCL_00748	MER0043394	24.286	140	98	3	213	347	12	148	1.97e-06	44.3
ANDNMNCL_00756	MER0014135	25.000	148	91	5	35	168	128	269	3.77e-06	45.4
ANDNMNCL_00756	MER0003359	25.424	177	110	6	5	164	47	218	5.64e-06	44.7
ANDNMNCL_00783	MER0492485	33.333	51	34	0	91	141	68	118	7.96e-07	43.9
ANDNMNCL_00785	MER0043394	42.424	165	91	2	26	188	2	164	1.88e-45	144
ANDNMNCL_00785	MER0045094	38.378	185	109	3	3	184	14	196	3.74e-45	146
ANDNMNCL_00785	MER0044622	40.526	190	106	4	3	187	28	215	2.10e-44	145
ANDNMNCL_00785	MER0044882	41.667	168	92	5	25	186	3	170	3.50e-39	129
ANDNMNCL_00785	MER0043392	43.165	139	74	3	46	184	23	156	1.49e-34	117
ANDNMNCL_00785	MER0043195	32.338	201	115	7	4	185	8	206	4.92e-22	86.7
ANDNMNCL_00785	MER0044619	33.166	199	110	9	1	187	8	195	3.10e-21	84.3
ANDNMNCL_00785	MER0045095	32.547	212	115	8	1	186	15	224	1.78e-19	80.1
ANDNMNCL_00785	MER0043537	25.405	185	133	3	3	186	2	182	3.28e-18	75.5
ANDNMNCL_00785	MER0044812	27.108	166	107	5	15	176	68	223	2.14e-15	68.9
ANDNMNCL_00785	MER0045945	29.677	155	97	4	25	176	54	199	8.62e-12	58.5
ANDNMNCL_00785	MER0045886	28.947	114	77	2	73	186	84	193	2.75e-10	54.7
ANDNMNCL_00785	MER0436691	28.188	149	94	5	43	186	101	241	3.21e-10	54.7
ANDNMNCL_00785	MER0043387	35.897	117	66	5	72	186	56	165	8.91e-10	52.4
ANDNMNCL_00785	MER0038086	29.412	119	76	3	73	186	108	223	6.94e-09	50.8
ANDNMNCL_00785	MER0436735	27.429	175	91	9	46	186	48	220	1.62e-08	49.7
ANDNMNCL_00785	MER0044889	30.769	117	71	3	73	186	90	199	1.14e-07	47.4
ANDNMNCL_00785	MER0043540	26.667	135	88	5	44	176	85	210	3.37e-07	45.8
ANDNMNCL_00785	MER0046161	26.374	182	115	8	1	177	65	232	3.51e-07	45.8
ANDNMNCL_00785	MER0042974	22.764	123	87	2	67	186	63	180	3.09e-06	42.7
ANDNMNCL_00805	MER0000474	51.765	170	81	1	11	179	33	202	1.60e-58	179
ANDNMNCL_00805	MER0005687	48.235	170	87	1	11	179	37	206	1.34e-53	167
ANDNMNCL_00805	MER0004857	47.953	171	89	0	9	179	32	202	1.71e-53	166
ANDNMNCL_00805	MER0006063	45.181	166	90	1	15	179	38	203	2.65e-51	160
ANDNMNCL_00805	MER0002299	48.824	170	86	1	11	179	27	196	6.11e-51	159
ANDNMNCL_00805	MER0002211	47.647	170	88	1	11	179	33	202	8.23e-51	159
ANDNMNCL_00805	MER0006046	44.706	170	93	1	11	179	33	202	3.10e-50	158
ANDNMNCL_00805	MER0006056	42.515	167	96	0	15	181	42	208	6.34e-47	149
ANDNMNCL_00805	MER0011666	43.407	182	96	3	3	179	5	184	7.87e-47	149
ANDNMNCL_00805	MER0004855	44.048	168	93	1	13	179	37	204	1.50e-45	146
ANDNMNCL_00805	MER0004182	36.628	172	108	1	11	181	29	200	8.42e-39	129
ANDNMNCL_00805	MER0006308	39.884	173	100	3	11	180	23	194	1.37e-38	128
ANDNMNCL_00805	MER0004847	42.262	168	95	2	14	179	36	203	7.50e-37	124
ANDNMNCL_00861	MER0004090	30.326	399	226	13	572	944	1	373	7.09e-38	143
ANDNMNCL_00861	MER0035017	26.055	403	242	12	580	945	1	384	1.16e-30	122
ANDNMNCL_00861	MER0003800	27.481	393	234	13	570	937	6	372	6.30e-28	114
ANDNMNCL_00861	MER0026262	23.269	361	218	12	595	940	16	332	1.93e-14	72.8
ANDNMNCL_00861	MER0006204	30.000	100	65	2	597	692	22	120	2.25e-10	60.5
ANDNMNCL_00861	MER0011700	24.597	248	155	9	580	817	1	226	7.44e-10	58.5
ANDNMNCL_00861	MER0122661	20.402	348	219	11	601	933	20	324	5.60e-09	55.8
ANDNMNCL_00861	MER0004154	21.569	306	187	10	597	897	18	275	1.11e-08	54.7
ANDNMNCL_00861	MER0354941	24.885	217	122	6	592	793	7	197	2.34e-08	52.0
ANDNMNCL_00861	MER0034963	32.609	92	61	1	597	688	23	113	1.64e-07	51.2
ANDNMNCL_00861	MER0011726	31.915	94	63	1	597	690	23	115	5.07e-06	46.6
ANDNMNCL_00884	MER0069741	33.824	136	62	4	43	178	64	171	8.96e-15	69.3
ANDNMNCL_00884	MER0003376	30.682	176	80	7	1	169	1	141	5.32e-13	64.3
ANDNMNCL_00884	MER0015415	27.815	151	77	4	26	171	43	166	2.62e-09	53.5
ANDNMNCL_00884	MER0003380	29.299	157	76	7	21	170	104	232	1.08e-08	53.1
ANDNMNCL_00884	MER0013541	33.333	99	42	3	61	159	11	85	2.72e-06	42.7
ANDNMNCL_00904	MER0002007	41.623	382	204	7	27	406	9	373	2.11e-93	284
ANDNMNCL_00904	MER0002655	37.000	400	224	10	30	426	4	378	3.82e-81	252
ANDNMNCL_00904	MER0002013	36.881	404	228	8	31	425	9	394	1.14e-73	233
ANDNMNCL_00904	MER0002659	34.663	401	230	11	35	425	13	391	1.25e-68	220
ANDNMNCL_00904	MER0002014	34.430	395	233	9	36	425	18	391	4.54e-67	216
ANDNMNCL_00904	MER0005155	34.555	382	228	7	36	412	11	375	1.99e-63	206
ANDNMNCL_00904	MER0003770	36.415	357	201	8	35	386	5	340	2.06e-55	185
ANDNMNCL_00904	MER0005173	31.910	398	229	11	40	425	6	373	4.48e-52	176
ANDNMNCL_00904	MER0005163	46.243	173	77	4	32	204	5	161	2.34e-43	150
ANDNMNCL_00904	MER0005163	31.746	63	43	0	362	424	202	264	2.71e-07	48.5
ANDNMNCL_00904	MER0003815	39.378	193	97	5	31	219	9	185	7.42e-37	133
ANDNMNCL_00904	MER0003815	29.577	71	50	0	354	424	224	294	6.80e-06	44.3
ANDNMNCL_00904	MER0015354	38.071	197	102	5	31	223	9	189	9.25e-36	130
ANDNMNCL_00904	MER0003581	28.448	348	234	7	78	423	1	335	1.33e-30	117
ANDNMNCL_00904	MER0002664	38.012	171	82	5	30	200	2	148	1.79e-26	104
ANDNMNCL_00904	MER0014418	28.636	220	110	9	23	234	5	185	6.68e-12	63.5
ANDNMNCL_00948	MER0011464	38.164	207	117	7	100	300	45	246	6.17e-29	113
ANDNMNCL_00948	MER0015688	37.198	207	119	6	101	302	58	258	1.49e-27	109
ANDNMNCL_00948	MER0029965	30.040	253	156	8	68	302	3	252	1.69e-27	109
ANDNMNCL_00948	MER0011461	33.333	249	146	9	64	300	7	247	3.86e-26	105
ANDNMNCL_00948	MER0011462	29.675	246	162	6	62	300	8	249	1.15e-25	103
ANDNMNCL_00948	MER0038832	33.816	207	128	5	100	301	48	250	1.64e-24	100
ANDNMNCL_00948	MER0030257	28.455	246	167	7	61	300	7	249	1.67e-23	97.4
ANDNMNCL_00948	MER0015338	29.208	202	136	6	97	294	49	247	6.87e-23	95.9
ANDNMNCL_00948	MER0038831	32.275	189	123	4	114	300	64	249	6.59e-22	92.8
ANDNMNCL_00948	MER0011487	29.435	248	162	6	62	301	8	250	1.26e-20	89.4
ANDNMNCL_00948	MER0038822	34.197	193	121	5	114	303	26	215	2.19e-20	87.4
ANDNMNCL_00948	MER0001911	31.132	212	129	9	97	302	38	238	9.13e-19	83.6
ANDNMNCL_00948	MER0038833	29.600	250	160	10	66	305	12	255	1.44e-18	83.2
ANDNMNCL_00948	MER0005158	29.297	256	161	9	66	308	12	260	7.47e-18	81.3
ANDNMNCL_00948	MER0038830	25.000	244	139	8	62	301	8	211	3.75e-10	57.4
ANDNMNCL_00948	MER0005131	34.426	122	64	5	87	196	29	146	1.10e-08	53.5
ANDNMNCL_00948	MER0002161	32.432	111	72	2	100	208	66	175	1.53e-08	53.5
ANDNMNCL_00957	MER0001313	27.128	188	95	6	5	184	11	164	2.58e-10	53.9
ANDNMNCL_00969	MER0003380	31.933	238	150	5	152	388	14	240	2.21e-34	125
ANDNMNCL_00969	MER0069741	40.690	145	81	3	243	385	27	168	2.41e-26	101
ANDNMNCL_00969	MER0013541	45.882	85	46	0	286	370	1	85	5.11e-21	84.0
ANDNMNCL_00969	MER0066182	35.714	126	74	3	265	387	75	196	4.07e-17	76.3
ANDNMNCL_00969	MER0387040	38.947	95	57	1	286	379	1	95	9.10e-16	69.7
ANDNMNCL_00969	MER0001419	36.449	107	59	3	272	369	11	117	2.07e-14	67.0
ANDNMNCL_00969	MER0003376	35.897	117	57	5	280	379	38	153	2.49e-14	67.4
ANDNMNCL_00969	MER0003423	36.449	107	59	3	272	369	11	117	1.50e-13	64.7
ANDNMNCL_00969	MER0015415	31.200	125	68	5	276	393	52	165	1.19e-10	57.0
ANDNMNCL_00969	MER0003906	34.000	100	60	3	286	379	1	100	1.28e-10	55.1
ANDNMNCL_00969	MER0025070	31.532	111	63	5	283	380	3	113	7.10e-07	45.1
ANDNMNCL_00994	MER0005900	34.605	367	212	9	47	403	22	370	3.37e-54	182
ANDNMNCL_01005	MER0042827	54.839	93	42	0	524	616	1	93	6.34e-30	110
ANDNMNCL_01006	MER0001212	30.915	317	155	14	135	421	10	292	6.44e-27	109
ANDNMNCL_01006	MER0001608	31.224	237	122	8	127	357	3	204	8.04e-25	102
ANDNMNCL_01006	MER0021822	28.287	251	127	6	130	357	6	226	1.83e-24	102
ANDNMNCL_01006	MER0005813	28.512	242	133	6	136	365	12	225	4.53e-22	95.1
ANDNMNCL_01006	MER0011257	27.554	323	174	13	130	430	5	289	7.95e-22	94.0
ANDNMNCL_01006	MER0011153	30.374	214	119	7	182	385	44	237	9.98e-22	93.6
ANDNMNCL_01006	MER0013421	28.349	321	169	15	127	425	6	287	4.19e-21	91.7
ANDNMNCL_01006	MER0001190	26.426	333	186	11	136	446	12	307	2.88e-20	89.4
ANDNMNCL_01006	MER0003003	30.000	250	132	9	133	365	9	232	3.27e-20	89.7
ANDNMNCL_01006	MER0016044	29.388	245	133	10	211	433	70	296	3.81e-19	85.9
ANDNMNCL_01006	MER0001196	28.713	303	160	15	172	446	27	301	4.77e-19	85.5
ANDNMNCL_01006	MER0003004	26.667	300	161	12	133	401	3	274	7.65e-19	85.1
ANDNMNCL_01006	MER0011258	29.237	236	131	8	211	428	130	347	4.05e-18	84.0
ANDNMNCL_01006	MER0003908	31.122	196	108	7	201	382	60	242	6.64e-18	82.4
ANDNMNCL_01006	MER0004975	27.049	244	135	10	138	371	14	224	1.33e-17	81.6
ANDNMNCL_01006	MER0011254	29.758	289	151	15	186	446	45	309	1.90e-17	80.9
ANDNMNCL_01006	MER0011311	30.075	266	143	13	184	425	44	290	2.95e-17	80.5
ANDNMNCL_01006	MER0011155	28.037	321	163	14	149	443	25	303	5.27e-17	79.7
ANDNMNCL_01006	MER0001189	24.422	303	187	11	169	448	27	310	1.11e-16	78.6
ANDNMNCL_01006	MER0011256	27.509	269	159	12	198	446	47	299	8.76e-16	75.9
ANDNMNCL_01006	MER0011253	27.692	260	141	11	211	446	71	307	1.36e-15	75.5
ANDNMNCL_01006	MER0005814	34.161	161	84	6	211	362	71	218	1.94e-15	75.1
ANDNMNCL_01006	MER0045266	29.048	210	111	8	165	357	17	205	2.22e-15	74.7
ANDNMNCL_01006	MER0001191	26.695	236	136	7	136	365	12	216	7.01e-15	73.2
ANDNMNCL_01006	MER0011308	32.292	192	98	8	182	363	44	213	7.44e-15	73.2
ANDNMNCL_01006	MER0011307	30.890	191	104	7	182	364	44	214	1.02e-14	72.8
ANDNMNCL_01006	MER0001193	27.304	293	164	12	166	430	24	295	1.54e-14	72.4
ANDNMNCL_01006	MER0013456	31.928	166	81	8	211	363	69	215	3.22e-14	71.2
ANDNMNCL_01006	MER0011506	32.673	202	101	9	169	357	27	206	5.00e-14	70.5
ANDNMNCL_01006	MER0011312	28.358	268	149	13	182	425	44	292	1.08e-13	69.7
ANDNMNCL_01006	MER0002357	28.492	179	90	5	211	365	71	235	1.76e-13	69.3
ANDNMNCL_01006	MER0023950	27.014	211	112	8	211	404	68	253	1.80e-13	68.9
ANDNMNCL_01006	MER0017121	28.022	182	112	4	201	376	59	227	4.48e-13	67.8
ANDNMNCL_01006	MER0003006	24.920	313	170	15	141	430	2	272	1.23e-12	66.2
ANDNMNCL_01006	MER0011412	30.357	168	95	5	198	358	50	202	2.75e-12	65.5
ANDNMNCL_01006	MER0011260	25.833	240	134	9	136	365	12	217	3.29e-12	65.1
ANDNMNCL_01006	MER0037222	30.128	156	84	5	182	330	44	181	1.17e-11	63.5
ANDNMNCL_01006	MER0001202	25.862	232	156	5	182	400	43	271	1.30e-11	64.3
ANDNMNCL_01006	MER0011681	26.415	212	107	8	136	330	12	191	2.31e-11	62.8
ANDNMNCL_01006	MER0013471	27.219	169	99	5	135	301	10	156	3.10e-11	62.8
ANDNMNCL_01006	MER0004959	28.235	170	91	4	188	355	49	189	5.99e-11	62.0
ANDNMNCL_01006	MER0003428	23.273	275	171	9	182	425	43	308	7.68e-11	61.2
ANDNMNCL_01006	MER0011485	26.154	195	111	8	182	363	43	217	5.99e-10	58.2
ANDNMNCL_01006	MER0003889	27.919	197	124	5	182	367	43	232	1.74e-09	57.4
ANDNMNCL_01006	MER0001207	33.981	103	63	2	187	288	47	145	2.13e-09	57.0
ANDNMNCL_01006	MER0001198	22.791	215	148	5	180	381	41	250	2.28e-09	56.6
ANDNMNCL_01006	MER0030212	30.088	113	70	2	180	288	41	148	3.63e-09	56.2
ANDNMNCL_01006	MER0002356	24.464	233	122	7	155	372	23	216	6.65e-09	55.1
ANDNMNCL_01006	MER0011255	26.347	167	99	6	211	367	71	223	9.27e-09	54.7
ANDNMNCL_01006	MER0005410	23.404	235	152	7	188	402	49	275	2.81e-08	53.5
ANDNMNCL_01006	MER0015694	29.921	127	71	4	238	364	155	263	5.09e-08	52.8
ANDNMNCL_01006	MER0001625	32.174	115	68	4	603	716	358	463	5.29e-08	53.1
ANDNMNCL_01006	MER0011251	25.281	178	104	7	200	366	59	218	7.77e-08	51.6
ANDNMNCL_01006	MER0003495	26.339	224	131	11	187	399	47	247	1.39e-07	51.2
ANDNMNCL_01006	MER0001505	25.391	256	168	8	200	442	51	296	7.05e-07	48.5
ANDNMNCL_01006	MER0015121	31.683	101	55	2	188	288	49	135	7.45e-07	48.9
ANDNMNCL_01006	MER0013404	23.113	212	135	7	188	379	49	252	7.92e-07	48.9
ANDNMNCL_01006	MER0001205	22.660	203	120	6	187	379	47	222	1.03e-06	48.1
ANDNMNCL_01006	MER0004607	24.876	201	123	7	188	368	49	241	1.53e-06	48.1
ANDNMNCL_01006	MER0026952	24.876	201	123	7	188	368	49	241	3.19e-06	47.0
ANDNMNCL_01006	MER0003817	26.241	141	97	4	153	288	11	149	8.95e-06	45.4
ANDNMNCL_01014	MER0001978	45.620	548	273	6	34	570	22	555	2.89e-164	476
ANDNMNCL_01014	MER0011800	32.587	491	308	9	33	515	21	496	6.90e-81	261
ANDNMNCL_01014	MER0011811	33.911	519	313	13	31	533	19	523	1.01e-79	258
ANDNMNCL_01014	MER0011211	32.169	544	332	15	22	547	10	534	6.34e-70	232
ANDNMNCL_01014	MER0001629	32.624	564	343	16	22	570	11	552	7.99e-69	229
ANDNMNCL_01014	MER0006124	32.028	562	325	22	36	567	24	558	1.40e-67	226
ANDNMNCL_01014	MER0005029	31.047	554	313	21	46	562	1	522	2.73e-65	219
ANDNMNCL_01014	MER0011215	32.731	498	295	16	38	516	3	479	2.44e-63	213
ANDNMNCL_01014	MER0003580	32.812	512	314	13	38	537	26	519	4.21e-63	214
ANDNMNCL_01014	MER0011143	31.698	530	307	22	24	533	18	512	3.78e-62	211
ANDNMNCL_01014	MER0005831	30.072	552	340	18	34	562	22	550	8.62e-60	205
ANDNMNCL_01014	MER0004194	32.411	506	291	19	47	527	1	480	1.03e-58	201
ANDNMNCL_01014	MER0004202	28.058	556	331	15	35	568	6	514	3.52e-51	181
ANDNMNCL_01014	MER0002728	31.518	514	313	19	51	535	40	543	3.09e-50	179
ANDNMNCL_01014	MER0002720	30.691	492	263	20	49	530	17	440	9.29e-47	167
ANDNMNCL_01014	MER0011193	27.439	492	332	14	36	514	21	500	3.55e-38	144
ANDNMNCL_01014	MER0001977	27.254	488	309	14	45	503	33	503	8.65e-38	144
ANDNMNCL_01014	MER0094876	26.557	546	349	18	37	564	2	513	7.23e-32	126
ANDNMNCL_01014	MER0016970	26.568	542	311	22	32	535	19	511	1.57e-31	125
ANDNMNCL_01014	MER0006132	24.149	617	359	17	37	563	25	622	3.17e-30	122
ANDNMNCL_01014	MER0002718	35.204	196	118	3	323	515	2	191	4.13e-29	111
ANDNMNCL_01014	MER0002721	33.803	213	110	5	379	563	37	246	1.87e-24	99.8
ANDNMNCL_01014	MER0026205	37.113	194	115	7	379	570	37	225	2.89e-24	98.2
ANDNMNCL_01014	MER0003440	25.977	435	258	17	36	463	24	401	2.18e-22	96.7
ANDNMNCL_01014	MER0026204	27.778	216	144	4	32	243	20	227	2.27e-19	84.3
ANDNMNCL_01014	MER0001976	34.536	194	110	8	379	570	37	215	1.62e-17	78.6
ANDNMNCL_01014	MER0026207	29.630	189	105	5	379	567	37	197	3.13e-14	68.6
ANDNMNCL_01014	MER0037241	30.508	118	79	1	128	242	111	228	1.51e-11	61.2
ANDNMNCL_01026	MER0209507	35.000	80	46	3	104	180	10	86	9.76e-07	43.1
ANDNMNCL_01026	MER0066178	37.931	58	36	0	110	167	112	169	5.46e-06	42.7
ANDNMNCL_01030	MER0005767	24.046	262	164	7	56	314	29	258	6.69e-10	56.6
ANDNMNCL_01040	MER0034582	24.339	189	134	3	8	189	134	320	3.38e-13	67.4
ANDNMNCL_01051	MER0000410	64.057	281	99	1	399	679	1	279	3.80e-131	385
ANDNMNCL_01051	MER0082498	42.403	283	139	7	418	676	1	283	7.55e-69	223
ANDNMNCL_01051	MER0011872	40.149	269	158	2	416	681	16	284	1.60e-67	220
ANDNMNCL_01051	MER0005694	34.767	279	167	4	413	683	13	284	8.15e-48	167
ANDNMNCL_01051	MER0079308	34.586	266	163	6	416	676	6	265	1.58e-43	155
ANDNMNCL_01051	MER0000392	32.246	276	170	5	413	676	3	273	5.94e-43	153
ANDNMNCL_01051	MER0015621	29.866	298	185	5	401	679	1	293	2.77e-40	146
ANDNMNCL_01051	MER0004227	36.697	218	137	1	422	638	28	245	1.86e-39	144
ANDNMNCL_01051	MER0022823	32.374	278	178	6	413	683	3	277	2.52e-39	143
ANDNMNCL_01051	MER0002490	28.710	310	183	8	399	679	1	301	7.84e-38	140
ANDNMNCL_01051	MER0981959	31.224	237	150	3	413	639	2	235	1.08e-36	136
ANDNMNCL_01051	MER0082653	33.755	237	142	7	418	640	7	242	2.81e-35	132
ANDNMNCL_01051	MER0325901	31.522	276	181	7	413	683	1	273	4.61e-35	131
ANDNMNCL_01051	MER0003229	33.210	271	167	6	413	679	11	271	2.17e-34	129
ANDNMNCL_01051	MER0011450	30.888	259	161	6	413	659	3	255	2.65e-33	126
ANDNMNCL_01051	MER0000398	31.373	255	159	7	424	677	11	250	7.55e-28	109
ANDNMNCL_01065	MER0492485	31.944	144	93	3	34	173	4	146	2.34e-17	73.2
ANDNMNCL_01098	MER0001244	40.684	263	141	6	214	464	2	261	1.61e-58	191
ANDNMNCL_01098	MER0013463	36.882	263	151	4	213	464	1	259	7.72e-53	176
ANDNMNCL_01098	MER0001733	28.866	291	164	4	215	464	3	291	9.43e-39	139
ANDNMNCL_01098	MER0028601	32.727	275	149	10	215	464	3	266	1.83e-38	137
ANDNMNCL_01098	MER0004532	31.120	241	129	6	214	445	2	214	1.87e-32	120
ANDNMNCL_01098	MER0001248	32.000	250	120	6	261	464	7	252	1.15e-31	119
ANDNMNCL_01098	MER0004931	31.513	238	137	5	214	447	2	217	1.29e-31	118
ANDNMNCL_01098	MER0005715	32.489	237	130	6	214	442	2	216	5.97e-30	114
ANDNMNCL_01098	MER0005462	30.924	249	144	6	213	457	1	225	3.00e-29	111
ANDNMNCL_01098	MER0001250	26.502	283	145	10	215	445	3	274	4.63e-17	78.2
ANDNMNCL_01098	MER0002038	24.686	239	153	5	214	447	2	218	6.19e-16	73.9
ANDNMNCL_01098	MER0003105	25.856	263	149	12	214	454	2	240	4.51e-11	60.1
ANDNMNCL_01098	MER0027437	26.016	246	139	12	213	439	1	222	4.71e-11	60.1
ANDNMNCL_01098	MER0016544	29.947	187	94	10	273	445	86	249	7.25e-09	53.5
ANDNMNCL_01098	MER0013589	25.229	218	133	9	217	424	1	198	6.58e-08	50.4
ANDNMNCL_01100	MER0004146	33.333	114	71	2	11	119	10	123	1.31e-12	62.8
ANDNMNCL_01100	MER0036115	32.353	102	67	1	18	117	33	134	6.63e-11	58.2
ANDNMNCL_01100	MER0037236	35.088	114	63	3	10	115	9	119	3.18e-10	55.8
ANDNMNCL_01100	MER0044900	29.545	176	104	5	19	176	93	266	6.13e-10	55.5
ANDNMNCL_01100	MER0026339	25.769	260	176	7	7	250	9	267	7.58e-10	54.7
ANDNMNCL_01100	MER0036067	33.981	103	65	2	17	117	48	149	1.19e-09	54.3
ANDNMNCL_01100	MER0036053	33.621	116	69	3	16	127	4	115	1.24e-09	54.3
ANDNMNCL_01100	MER0035043	31.897	116	74	3	21	132	36	150	1.64e-09	54.3
ANDNMNCL_01100	MER0031619	29.412	136	86	3	19	144	27	162	2.09e-09	53.9
ANDNMNCL_01100	MER0011785	30.081	123	78	3	19	133	34	156	2.43e-09	53.5
ANDNMNCL_01100	MER0014065	29.000	100	69	1	19	116	33	132	1.22e-08	51.6
ANDNMNCL_01100	MER0035044	29.592	98	67	1	21	116	34	131	1.90e-08	50.8
ANDNMNCL_01100	MER0036072	25.833	120	80	2	18	128	78	197	2.75e-08	50.4
ANDNMNCL_01100	MER0035038	28.571	98	68	1	21	116	31	128	4.06e-08	50.1
ANDNMNCL_01100	MER0034563	27.941	136	93	3	19	154	15	145	4.64e-08	49.3
ANDNMNCL_01100	MER0044350	27.723	101	60	2	21	113	2	97	4.96e-08	49.7
ANDNMNCL_01100	MER0044633	27.559	127	86	4	21	141	74	200	5.71e-08	49.7
ANDNMNCL_01100	MER0017177	26.230	122	87	2	7	125	21	142	8.31e-08	48.9
ANDNMNCL_01100	MER0044578	28.431	102	66	4	21	115	74	175	1.33e-07	48.5
ANDNMNCL_01100	MER0044581	29.412	102	65	4	21	115	72	173	1.45e-07	48.5
ANDNMNCL_01100	MER0011509	28.319	113	77	1	21	129	39	151	1.76e-07	48.1
ANDNMNCL_01100	MER0035032	27.551	98	69	1	21	116	32	129	1.98e-07	47.8
ANDNMNCL_01100	MER0031617	30.097	103	70	1	16	116	30	132	7.02e-07	46.2
ANDNMNCL_01100	MER0017193	31.818	88	59	1	8	94	13	100	8.70e-07	45.8
ANDNMNCL_01100	MER0209971	31.034	116	59	3	20	115	3	117	9.53e-07	45.8
ANDNMNCL_01100	MER0213280	26.000	100	72	1	21	118	31	130	1.20e-06	45.4
ANDNMNCL_01100	MER0035035	25.455	110	78	2	24	130	39	147	1.59e-06	45.1
ANDNMNCL_01100	MER0031611	28.704	108	64	3	16	115	35	137	1.68e-06	45.1
ANDNMNCL_01100	MER0036084	26.549	113	78	2	13	120	11	123	1.72e-06	45.1
ANDNMNCL_01100	MER0033249	28.571	119	77	2	9	119	18	136	2.65e-06	43.9
ANDNMNCL_01100	MER0017142	30.000	110	71	3	10	118	3	107	8.70e-06	42.7
ANDNMNCL_01100	MER0017033	32.353	102	68	1	17	117	61	162	8.93e-06	42.7
ANDNMNCL_01100	MER0031616	26.000	100	70	1	21	116	40	139	9.51e-06	42.7
ANDNMNCL_01132	MER0003338	60.902	133	52	0	95	227	1	133	6.57e-54	167
ANDNMNCL_01132	MER0003303	57.143	133	54	2	95	227	1	130	2.29e-45	145
ANDNMNCL_01132	MER0013976	53.175	126	56	2	95	220	1	123	7.01e-38	125
ANDNMNCL_01132	MER0003336	37.719	114	62	2	95	200	1	113	2.60e-17	72.8
ANDNMNCL_01132	MER0016969	40.426	94	45	2	95	182	1	89	9.30e-13	61.2
ANDNMNCL_01132	MER0017622	25.882	170	100	7	2	152	73	235	2.14e-10	55.8
ANDNMNCL_01132	MER0034967	24.138	174	104	4	2	154	17	183	9.35e-09	50.8
ANDNMNCL_01132	MER0011465	29.787	94	61	1	95	188	1	89	5.64e-08	47.4
ANDNMNCL_01132	MER0003299	38.043	92	55	2	95	186	1	90	1.09e-07	46.6
ANDNMNCL_01133	MER0005768	35.271	258	156	2	1	258	3	249	4.84e-51	165
ANDNMNCL_01191	MER0005244	37.017	181	114	0	266	446	3	183	1.08e-34	125
ANDNMNCL_01191	MER0005241	30.263	228	141	7	264	474	1	227	2.25e-20	87.0
ANDNMNCL_01191	MER0001284	31.081	148	89	3	268	402	36	183	6.15e-15	71.6
ANDNMNCL_01191	MER0005238	37.273	110	60	4	267	369	66	173	2.24e-13	67.4
ANDNMNCL_01191	MER0002104	38.182	110	59	4	267	369	66	173	2.41e-13	67.4
ANDNMNCL_01191	MER0005131	34.211	114	62	4	265	366	35	147	2.24e-11	60.8
ANDNMNCL_01191	MER0004514	32.692	104	62	1	267	362	35	138	3.59e-11	60.1
ANDNMNCL_01191	MER0005239	35.714	98	57	2	265	358	66	161	1.13e-09	56.2
ANDNMNCL_01191	MER0100667	26.066	211	126	8	264	458	20	216	9.96e-09	52.4
ANDNMNCL_01191	MER0015691	31.395	86	54	2	267	349	52	135	8.42e-08	50.1
ANDNMNCL_01191	MER0005139	32.584	89	54	2	267	351	62	148	1.68e-07	49.3
ANDNMNCL_01191	MER0005149	32.099	81	53	1	268	346	65	145	1.87e-07	49.3
ANDNMNCL_01191	MER0002161	33.333	78	51	1	267	344	65	141	4.86e-07	48.1
ANDNMNCL_01191	MER0001911	30.693	101	68	1	265	365	38	136	1.38e-06	46.2
ANDNMNCL_01191	MER0015336	29.545	88	57	2	267	351	61	146	7.03e-06	44.3
ANDNMNCL_01213	MER0031610	38.618	246	143	4	15	253	56	300	1.68e-48	159
ANDNMNCL_01213	MER0017193	25.670	261	163	11	3	241	15	266	1.42e-10	57.0
ANDNMNCL_01213	MER0036072	23.616	271	156	8	9	244	76	330	2.98e-10	56.2
ANDNMNCL_01213	MER0044900	22.593	270	170	8	15	251	96	359	3.18e-09	53.5
ANDNMNCL_01213	MER0044858	25.725	276	158	11	15	249	57	326	1.76e-07	48.1
ANDNMNCL_01213	MER0026339	31.481	108	66	3	10	112	21	125	3.91e-07	46.6
ANDNMNCL_01213	MER0036115	25.000	156	111	4	11	162	33	186	5.86e-07	46.6
ANDNMNCL_01213	MER0011509	23.729	295	155	11	6	250	31	305	6.17e-07	46.2
ANDNMNCL_01213	MER0031616	22.711	273	169	10	12	249	38	303	2.45e-06	44.7
ANDNMNCL_01213	MER0014065	28.829	111	71	4	11	117	31	137	2.79e-06	44.3
ANDNMNCL_01218	MER0000474	52.880	191	90	0	32	222	14	204	3.93e-74	220
ANDNMNCL_01218	MER0005687	47.196	214	102	3	10	221	3	207	3.50e-65	198
ANDNMNCL_01218	MER0006046	48.404	188	97	0	34	221	16	203	1.52e-62	191
ANDNMNCL_01218	MER0002211	48.936	188	96	0	34	221	16	203	8.79e-61	186
ANDNMNCL_01218	MER0002299	49.189	185	94	0	36	220	12	196	1.02e-60	186
ANDNMNCL_01218	MER0004857	47.938	194	99	2	30	222	12	204	3.71e-59	182
ANDNMNCL_01218	MER0006063	46.154	182	98	0	40	221	23	204	1.12e-58	181
ANDNMNCL_01218	MER0004847	49.468	188	94	1	36	222	18	205	9.71e-55	171
ANDNMNCL_01218	MER0004855	43.750	176	99	0	49	224	33	208	1.04e-53	168
ANDNMNCL_01218	MER0006056	48.256	172	88	1	50	221	37	207	9.93e-53	166
ANDNMNCL_01218	MER0004182	42.246	187	108	0	35	221	13	199	2.09e-48	155
ANDNMNCL_01218	MER0006308	37.427	171	106	1	49	218	21	191	3.77e-44	144
ANDNMNCL_01218	MER0011666	39.412	170	99	4	55	221	17	185	7.68e-37	125
ANDNMNCL_01218	MER0001369	41.975	81	45	1	76	156	52	130	3.90e-07	44.7
ANDNMNCL_01263	MER0492485	27.907	172	115	4	23	192	2	166	7.77e-14	63.5
ANDNMNCL_01275	MER0011583	33.878	245	152	5	436	674	9	249	6.45e-40	144
ANDNMNCL_01275	MER0017401	30.804	224	152	3	434	656	2	223	4.53e-33	124
ANDNMNCL_01275	MER0000263	29.508	244	162	6	434	670	1	241	2.98e-29	113
ANDNMNCL_01275	MER0034615	27.426	237	165	3	431	661	2	237	6.90e-24	98.2
ANDNMNCL_01275	MER0003558	27.799	259	170	6	422	671	7	257	1.89e-23	97.4
ANDNMNCL_01275	MER0015682	24.351	308	192	7	389	673	17	306	1.98e-21	92.4
ANDNMNCL_01275	MER0000408	26.609	233	158	4	432	654	5	234	2.00e-21	91.3
ANDNMNCL_01275	MER0126485	27.184	206	143	3	452	653	15	217	1.55e-17	79.3
ANDNMNCL_01275	MER0140224	25.957	235	151	6	453	673	13	238	2.03e-17	79.0
ANDNMNCL_01275	MER0016096	27.511	229	154	4	435	653	2	228	5.56e-17	77.8
ANDNMNCL_01275	MER0058228	27.160	243	160	6	439	673	7	240	9.54e-17	77.4
ANDNMNCL_01275	MER0018170	26.047	215	152	3	452	659	25	239	6.66e-14	68.9
ANDNMNCL_01275	MER0006027	25.523	239	159	9	445	671	24	255	1.27e-13	68.2
ANDNMNCL_01275	MER0005807	30.049	203	136	3	452	653	62	259	1.42e-13	68.6
ANDNMNCL_01275	MER0002490	25.271	277	172	10	416	665	15	283	2.09e-12	65.5
ANDNMNCL_01275	MER0001920	23.830	235	157	3	453	673	20	246	4.44e-11	60.5
ANDNMNCL_01275	MER0000399	23.372	261	166	10	421	668	16	255	4.66e-11	60.8
ANDNMNCL_01275	MER0005694	23.506	251	176	8	421	661	20	264	1.07e-10	60.1
ANDNMNCL_01275	MER0005196	27.979	193	114	5	439	619	22	201	1.19e-10	59.3
ANDNMNCL_01275	MER0004199	25.862	232	151	7	446	668	1	220	3.46e-10	57.4
ANDNMNCL_01275	MER0000401	22.358	246	161	8	439	668	26	257	4.33e-10	57.8
ANDNMNCL_01275	MER0015621	24.111	253	164	8	400	635	3	244	7.34e-10	57.4
ANDNMNCL_01275	MER0011413	25.108	231	150	8	442	659	7	227	9.91e-10	56.2
ANDNMNCL_01275	MER0000392	21.978	273	182	12	423	673	12	275	1.73e-09	56.2
ANDNMNCL_01275	MER0011450	25.632	277	172	15	420	673	9	274	1.56e-08	53.1
ANDNMNCL_01275	MER0001423	22.523	222	159	5	438	653	1	215	1.94e-08	52.4
ANDNMNCL_01275	MER0014827	25.094	267	160	10	431	674	12	261	3.18e-08	52.0
ANDNMNCL_01275	MER0004921	27.211	147	101	4	439	579	4	150	3.42e-08	51.6
ANDNMNCL_01275	MER0981959	24.257	202	130	6	451	635	38	233	7.31e-08	51.2
ANDNMNCL_01275	MER0011305	27.200	250	146	10	439	671	20	250	1.46e-07	50.1
ANDNMNCL_01275	MER0192427	23.684	228	160	7	432	653	59	278	2.01e-07	49.7
ANDNMNCL_01275	MER0000404	24.167	240	163	8	426	653	11	243	2.19e-07	49.7
ANDNMNCL_01275	MER0000405	24.291	247	159	10	432	662	23	257	8.87e-07	47.8
ANDNMNCL_01275	MER0000410	25.517	145	101	3	431	571	29	170	1.28e-06	47.4
ANDNMNCL_01275	MER0004923	26.797	153	105	4	423	568	39	191	3.13e-06	46.2
ANDNMNCL_01275	MER0022823	22.097	267	186	10	423	673	12	272	3.69e-06	45.8
ANDNMNCL_01275	MER0000398	23.413	252	178	7	426	673	11	251	4.08e-06	45.4
ANDNMNCL_01275	MER0013484	23.952	167	113	5	437	596	2	161	7.66e-06	44.7
ANDNMNCL_01310	MER0000485	48.739	238	121	1	572	808	1	238	3.02e-72	234
ANDNMNCL_01310	MER0000495	43.373	249	132	2	572	811	1	249	2.20e-61	204
ANDNMNCL_01310	MER0003442	43.860	228	117	2	581	805	2	221	1.32e-55	188
ANDNMNCL_01310	MER0011056	46.500	200	104	1	609	805	22	221	1.04e-53	182
ANDNMNCL_01310	MER0003443	46.535	202	98	4	604	797	21	220	5.51e-53	181
ANDNMNCL_01310	MER0000488	41.631	233	128	2	572	800	1	229	6.75e-53	181
ANDNMNCL_01310	MER0011057	44.550	211	112	2	598	805	13	221	6.36e-52	177
ANDNMNCL_01310	MER0014970	36.429	280	131	4	572	805	1	279	8.04e-52	180
ANDNMNCL_01310	MER0004236	44.318	176	96	1	627	802	85	258	9.27e-44	156
ANDNMNCL_01310	MER0000496	38.356	219	130	1	598	811	81	299	4.47e-42	153
ANDNMNCL_01310	MER0108906	38.397	237	137	4	572	805	1	231	1.20e-40	146
ANDNMNCL_01310	MER0005837	37.826	230	119	5	573	787	2	222	2.74e-39	143
ANDNMNCL_01310	MER0026213	31.126	151	99	3	660	809	113	259	1.22e-19	86.3
ANDNMNCL_01310	MER0017402	31.765	170	105	3	642	807	41	203	2.27e-18	81.6
ANDNMNCL_01310	MER0003859	32.051	156	99	3	650	805	77	225	3.70e-15	72.8
ANDNMNCL_01310	MER0003359	33.735	83	55	0	698	780	120	202	8.16e-09	53.9
ANDNMNCL_01310	MER0017403	38.272	81	50	0	695	775	96	176	1.96e-07	49.7
ANDNMNCL_01348	MER0026545	35.393	178	100	3	89	259	99	268	1.67e-32	117
ANDNMNCL_01348	MER0026552	36.207	174	101	2	81	254	1	164	5.32e-31	110
ANDNMNCL_01348	MER0042387	31.325	166	102	5	91	252	17	174	4.78e-25	95.5
ANDNMNCL_01348	MER0026496	27.907	258	174	6	9	259	19	271	1.47e-24	96.3
ANDNMNCL_01348	MER0031491	26.163	172	121	3	94	260	20	190	6.71e-18	76.6
ANDNMNCL_01348	MER0002642	23.353	167	119	4	96	260	16	175	2.04e-08	49.7
ANDNMNCL_01370	MER0033186	35.625	320	198	4	67	381	1	317	3.45e-58	190
ANDNMNCL_01392	MER0281397	26.829	205	117	5	124	302	4	201	3.30e-14	67.8
ANDNMNCL_01392	MER0000457	30.657	137	91	3	117	251	54	188	5.58e-10	57.0
ANDNMNCL_01392	MER0028284	28.571	133	79	3	124	248	55	179	1.60e-07	49.3
ANDNMNCL_01392	MER0026262	24.545	330	182	15	86	359	10	328	5.10e-07	47.8
ANDNMNCL_01392	MER1143079	27.737	137	84	4	116	248	40	165	1.26e-06	46.2
ANDNMNCL_01392	MER0004090	31.111	90	57	2	162	248	117	204	9.62e-06	43.9
ANDNMNCL_01412	MER0004514	33.636	110	70	2	109	216	36	144	1.63e-12	63.9
ANDNMNCL_01412	MER0001284	22.892	249	145	6	65	310	4	208	9.07e-12	62.0
ANDNMNCL_01412	MER0100667	35.780	109	58	3	109	213	24	124	1.06e-10	58.2
ANDNMNCL_01412	MER0194228	38.028	71	43	1	144	213	14	84	4.19e-07	47.4
ANDNMNCL_01412	MER0001289	38.571	70	42	1	144	212	90	159	7.30e-07	47.4
ANDNMNCL_01412	MER0005239	24.686	239	145	6	109	341	69	278	2.11e-06	45.8
ANDNMNCL_01443	MER0005244	30.387	181	115	4	274	452	3	174	1.05e-17	78.6
ANDNMNCL_01443	MER0015691	33.333	201	106	8	255	435	32	224	3.34e-17	78.6
ANDNMNCL_01443	MER0005149	29.004	231	127	8	276	475	65	289	8.63e-16	75.1
ANDNMNCL_01443	MER0005241	45.349	86	42	1	272	352	1	86	4.12e-15	72.0
ANDNMNCL_01443	MER0005139	37.383	107	56	4	254	355	44	144	6.36e-14	68.9
ANDNMNCL_01443	MER0005238	36.937	111	62	3	253	360	47	152	4.83e-13	66.6
ANDNMNCL_01443	MER0015336	30.049	203	111	10	276	459	62	252	1.72e-12	64.7
ANDNMNCL_01443	MER0001284	27.749	191	118	5	276	452	36	220	2.83e-12	63.9
ANDNMNCL_01443	MER0005239	29.237	236	109	11	263	456	56	275	9.06e-12	62.8
ANDNMNCL_01443	MER0004514	26.263	198	118	5	273	452	33	220	1.08e-11	62.0
ANDNMNCL_01443	MER0002104	35.455	110	63	3	254	360	48	152	1.34e-11	62.0
ANDNMNCL_01443	MER0011461	25.389	193	133	6	281	466	50	238	1.23e-10	58.9
ANDNMNCL_01443	MER0038832	29.310	174	105	10	291	456	64	227	2.60e-09	55.1
ANDNMNCL_01443	MER0001911	35.443	79	49	1	276	354	41	117	3.85e-09	54.3
ANDNMNCL_01443	MER0002161	33.333	84	55	1	275	358	65	147	4.61e-09	54.3
ANDNMNCL_01443	MER0001289	35.294	119	57	4	254	354	23	139	5.92e-09	53.9
ANDNMNCL_01443	MER0100667	26.432	227	135	9	254	465	2	211	7.34e-09	53.1
ANDNMNCL_01443	MER0011464	27.545	167	109	7	290	451	60	219	7.61e-09	53.5
ANDNMNCL_01443	MER0005131	25.688	218	134	8	275	471	37	247	7.75e-09	53.5
ANDNMNCL_01443	MER0001288	34.653	101	58	3	264	359	11	108	1.29e-08	52.4
ANDNMNCL_01443	MER0005158	29.775	178	108	8	288	457	65	233	1.56e-08	52.8
ANDNMNCL_01443	MER0194228	43.750	64	34	2	291	354	2	63	2.82e-08	50.8
ANDNMNCL_01443	MER0029965	23.223	211	145	8	276	478	50	251	3.26e-08	51.6
ANDNMNCL_01443	MER0037181	32.099	81	54	1	275	355	65	144	6.42e-08	50.8
ANDNMNCL_01443	MER0005152	29.126	103	67	3	255	354	40	139	8.00e-08	50.4
ANDNMNCL_01443	MER0011487	23.784	185	131	6	284	464	57	235	1.48e-07	49.7
ANDNMNCL_01443	MER0011462	24.064	187	129	8	276	456	48	227	3.72e-07	48.5
ANDNMNCL_01443	MER0002105	29.358	109	69	4	250	354	34	138	1.02e-06	47.0
ANDNMNCL_01443	MER0030257	26.562	192	125	8	290	473	63	246	1.87e-06	46.2
ANDNMNCL_01443	MER0032443	22.749	211	143	5	275	468	38	245	6.08e-06	44.7
ANDNMNCL_01471	MER0001289	28.326	233	134	9	86	302	44	259	9.77e-15	70.9
ANDNMNCL_01471	MER0194228	28.788	198	113	7	117	302	2	183	1.23e-13	66.2
ANDNMNCL_01471	MER0001290	31.176	170	104	4	40	207	46	204	1.13e-12	65.5
ANDNMNCL_01471	MER0100667	26.364	220	115	7	99	298	19	211	2.20e-12	63.2
ANDNMNCL_01471	MER0037181	29.452	146	95	5	144	286	94	234	1.89e-07	48.9
ANDNMNCL_01471	MER0013618	28.729	181	98	7	103	266	57	223	6.29e-07	47.4
ANDNMNCL_01471	MER0005149	25.850	147	77	7	103	239	64	188	2.72e-06	45.4
ANDNMNCL_01471	MER0002161	26.923	182	105	8	98	271	60	221	2.76e-06	45.4
ANDNMNCL_01471	MER0001288	27.041	196	104	7	117	291	37	214	4.25e-06	44.7
ANDNMNCL_01541	MER0066178	24.880	209	133	8	21	219	5	199	1.47e-08	50.4
ANDNMNCL_01542	MER0001236	41.935	310	171	6	159	465	176	479	4.03e-76	243
ANDNMNCL_01542	MER0024892	38.483	356	205	6	118	465	46	395	4.71e-70	225
ANDNMNCL_01542	MER0001238	35.214	443	256	13	44	466	53	484	4.83e-70	228
ANDNMNCL_01542	MER0035089	41.980	293	166	4	150	441	32	321	2.43e-69	221
ANDNMNCL_01542	MER0003825	34.763	443	251	11	55	466	6	441	8.80e-68	220
ANDNMNCL_01542	MER0041673	37.164	409	244	8	59	455	55	462	4.59e-66	217
ANDNMNCL_01542	MER0001235	37.719	342	204	7	103	440	117	453	5.30e-66	217
ANDNMNCL_01542	MER0004598	36.103	349	207	8	127	467	7	347	7.68e-66	213
ANDNMNCL_01542	MER0004597	36.152	343	207	7	131	467	11	347	2.24e-64	209
ANDNMNCL_01542	MER0014397	37.079	356	217	7	114	465	1	353	3.66e-64	208
ANDNMNCL_01542	MER0002271	36.427	431	248	15	54	465	60	483	3.88e-61	204
ANDNMNCL_01542	MER0026959	40.590	271	156	5	197	464	1	269	7.54e-58	189
ANDNMNCL_01542	MER0001910	38.095	294	172	7	154	440	174	464	4.58e-54	185
ANDNMNCL_01542	MER0003919	33.884	363	226	10	108	465	12	365	7.62e-53	179
ANDNMNCL_01542	MER0002497	35.093	322	201	5	153	467	107	427	1.27e-52	180
ANDNMNCL_01542	MER0105906	32.390	318	197	5	156	464	161	469	4.44e-47	166
ANDNMNCL_01542	MER0011357	33.333	327	204	6	142	461	195	514	1.62e-45	163
ANDNMNCL_01542	MER0013416	36.691	278	165	5	188	461	101	371	9.42e-45	157
ANDNMNCL_01542	MER0001240	34.056	323	195	6	151	465	168	480	1.51e-44	159
ANDNMNCL_01542	MER0079520	33.758	157	97	3	233	382	259	415	1.02e-16	79.3
ANDNMNCL_01542	MER0081108	29.963	267	158	10	202	439	190	456	1.55e-16	78.6
ANDNMNCL_01564	MER0004469	26.087	207	126	6	10	196	7	206	2.30e-15	74.3
ANDNMNCL_01564	MER0004468	26.754	228	149	5	225	447	203	417	3.37e-13	67.8
ANDNMNCL_01564	MER0004468	30.000	130	73	5	83	202	147	268	3.59e-08	52.0
ANDNMNCL_01564	MER0004468	35.294	68	42	1	10	77	4	69	4.87e-06	45.4
ANDNMNCL_01564	MER0897124	27.313	227	147	5	226	447	204	417	5.86e-13	67.0
ANDNMNCL_01564	MER0897124	31.538	130	71	4	83	202	147	268	2.67e-09	55.5
ANDNMNCL_01564	MER0897124	35.294	68	42	1	10	77	4	69	4.42e-06	45.4
ANDNMNCL_01564	MER0004480	25.080	311	193	12	14	308	1	287	8.53e-12	62.8
ANDNMNCL_01564	MER0004474	28.800	125	78	4	10	134	82	195	1.18e-07	50.4
ANDNMNCL_01564	MER0004471	31.897	116	68	4	10	123	88	194	3.46e-07	48.9
ANDNMNCL_01577	MER0195376	32.828	198	106	7	217	402	1	183	9.08e-18	78.2
ANDNMNCL_01577	MER0015684	28.313	166	99	6	216	376	2	152	2.17e-07	47.8
ANDNMNCL_01620	MER0028047	59.777	179	69	2	447	625	1	176	3.09e-68	218
ANDNMNCL_01620	MER0003564	25.854	205	116	7	447	615	21	225	1.57e-06	46.6
ANDNMNCL_01670	MER0012158	37.389	337	137	11	2	266	1	335	1.29e-59	199
ANDNMNCL_01670	MER0003327	46.575	219	110	5	2	218	1	214	3.42e-57	189
ANDNMNCL_01670	MER0003350	41.546	207	97	6	2	185	1	206	1.97e-44	154
ANDNMNCL_01670	MER0185695	39.286	224	126	5	2	218	1	221	8.59e-43	150
ANDNMNCL_01670	MER0003322	39.130	207	99	6	2	182	1	206	4.27e-39	139
ANDNMNCL_01670	MER0011781	30.000	170	113	4	2	169	1	166	7.07e-15	71.6
ANDNMNCL_01670	MER0011806	28.655	171	115	4	2	169	1	167	1.78e-13	67.4
ANDNMNCL_01670	MER0004101	28.324	173	113	5	2	169	1	167	6.42e-13	65.9
ANDNMNCL_01670	MER0003314	25.652	230	140	7	2	201	1	229	1.15e-12	65.5
ANDNMNCL_01677	MER0014135	42.264	265	153	0	184	448	1	265	1.15e-74	232
ANDNMNCL_01699	MER0173063	40.370	270	152	5	144	408	2	267	3.08e-51	170
ANDNMNCL_01699	MER0002635	36.749	283	163	2	142	408	1	283	1.00e-49	167
ANDNMNCL_01699	MER0002646	34.641	306	157	5	146	408	1	306	2.97e-49	166
ANDNMNCL_01699	MER0049282	36.508	252	151	5	157	404	21	267	9.13e-40	140
ANDNMNCL_01699	MER0003824	33.835	266	169	5	144	408	3	262	3.81e-39	138
ANDNMNCL_01699	MER0120615	29.779	272	172	6	144	408	1	260	6.07e-32	119
ANDNMNCL_01699	MER0011469	26.042	288	189	3	141	408	4	287	8.04e-28	108
ANDNMNCL_01699	MER0003772	25.581	258	165	4	165	407	24	269	3.80e-23	95.1
ANDNMNCL_01699	MER0011470	27.612	268	165	6	161	404	15	277	1.26e-22	94.0
ANDNMNCL_01699	MER0142760	32.374	139	92	1	243	381	301	437	1.15e-16	78.2
ANDNMNCL_01699	MER0142760	26.829	164	88	6	66	216	69	213	5.69e-06	45.1
ANDNMNCL_01699	MER0006292	28.358	201	111	9	212	408	1	172	2.52e-12	62.0
ANDNMNCL_01742	MER0003338	59.559	136	55	0	207	342	1	136	1.36e-50	162
ANDNMNCL_01742	MER0003303	54.074	135	59	2	207	341	1	132	3.42e-41	137
ANDNMNCL_01742	MER0013976	50.794	126	59	2	207	332	1	123	2.11e-34	119
ANDNMNCL_01742	MER0017622	28.897	263	156	6	31	277	1	248	2.10e-25	100
ANDNMNCL_01742	MER0003336	36.842	114	63	2	207	312	1	113	4.79e-16	71.2
ANDNMNCL_01742	MER0016969	35.897	78	44	1	207	278	1	78	8.40e-10	54.3
ANDNMNCL_01742	MER0034967	23.737	198	115	5	92	267	1	184	1.20e-08	51.6
ANDNMNCL_01742	MER0003299	36.364	88	55	1	207	294	1	87	3.71e-08	48.9
ANDNMNCL_01742	MER0011465	40.000	60	36	0	207	266	1	60	4.20e-08	48.5
ANDNMNCL_01750	MER0095620	41.436	362	184	6	34	371	3	360	1.13e-89	271
ANDNMNCL_01750	MER0003535	21.705	387	242	14	30	372	54	423	4.78e-11	60.5
ANDNMNCL_01750	MER0000728	22.775	382	232	17	29	366	52	414	2.25e-10	58.5
ANDNMNCL_01750	MER0002628	22.340	376	230	14	30	360	54	412	1.70e-08	52.8
ANDNMNCL_01750	MER0000622	43.137	51	29	0	34	84	15	65	2.32e-08	50.8
ANDNMNCL_01750	MER0001692	35.106	94	50	2	34	127	15	97	5.06e-08	50.1
ANDNMNCL_01750	MER0003469	45.833	48	26	0	33	80	14	61	7.47e-08	49.7
ANDNMNCL_01750	MER0030145	54.054	37	17	0	34	70	14	50	8.27e-08	46.6
ANDNMNCL_01750	MER0000727	30.400	125	68	3	15	121	42	165	9.77e-08	50.4
ANDNMNCL_01750	MER0004437	46.809	47	25	0	34	80	15	61	1.20e-07	48.9
ANDNMNCL_01750	MER0026802	47.826	46	24	0	33	78	14	59	2.01e-07	48.1
ANDNMNCL_01750	MER0026801	43.478	46	26	0	33	78	14	59	3.17e-07	47.4
ANDNMNCL_01750	MER0002789	42.000	50	29	0	34	83	15	64	4.56e-07	47.4
ANDNMNCL_01750	MER0102838	46.809	47	25	0	34	80	16	62	4.72e-07	47.0
ANDNMNCL_01750	MER0000657	32.075	106	61	3	22	127	2	96	1.52e-06	45.4
ANDNMNCL_01750	MER0003534	20.725	386	237	13	29	366	53	417	1.54e-06	46.6
ANDNMNCL_01750	MER0000644	48.649	37	19	0	33	69	13	49	2.02e-06	45.1
ANDNMNCL_01750	MER0000629	45.238	42	23	0	33	74	15	56	3.83e-06	44.3
ANDNMNCL_01750	MER0002332	31.034	116	67	2	22	136	3	106	3.96e-06	44.3
ANDNMNCL_01750	MER0016115	52.778	36	17	0	34	69	15	50	4.33e-06	44.3
ANDNMNCL_01750	MER0010980	35.294	68	33	1	34	90	15	82	7.92e-06	43.5
ANDNMNCL_01759	MER0048181	30.070	143	78	3	47	168	1	142	3.22e-12	58.9
ANDNMNCL_01759	MER0015462	37.349	83	50	1	38	120	39	119	1.10e-11	58.2
ANDNMNCL_01759	MER0015459	28.261	138	95	1	39	176	42	175	2.80e-10	55.1
ANDNMNCL_01759	MER0015473	31.757	148	79	6	47	174	37	182	2.13e-09	52.4
ANDNMNCL_01759	MER0015472	27.660	141	93	3	43	174	41	181	8.19e-09	50.4
ANDNMNCL_01759	MER0015631	31.655	139	87	4	39	173	44	178	5.33e-08	48.5
ANDNMNCL_01759	MER0094384	31.544	149	97	3	39	185	28	173	5.66e-08	48.1
ANDNMNCL_01759	MER0015659	37.349	83	49	1	39	121	42	121	1.27e-07	47.4
ANDNMNCL_01759	MER0015632	25.478	157	94	5	39	181	37	184	2.43e-06	43.5
ANDNMNCL_01759	MER0015630	32.593	135	77	5	46	174	52	178	2.45e-06	43.5
ANDNMNCL_01759	MER0015633	33.333	84	51	2	39	121	42	121	4.87e-06	42.7
ANDNMNCL_01759	MER0030047	27.481	131	87	3	50	172	1	131	5.15e-06	41.6
ANDNMNCL_01759	MER0035036	29.474	95	64	2	47	138	88	182	9.84e-06	42.0
ANDNMNCL_01823	MER0000589	40.000	65	38	1	468	531	179	243	1.04e-09	56.2
ANDNMNCL_01823	MER0013626	40.385	52	31	0	471	522	99	150	2.00e-09	53.5
ANDNMNCL_01823	MER0055964	32.558	86	50	2	433	511	57	141	5.53e-07	46.2
ANDNMNCL_01862	MER0045886	43.860	228	125	3	1	226	10	236	1.97e-56	185
ANDNMNCL_01862	MER0044889	36.245	229	139	5	3	227	17	242	3.49e-40	142
ANDNMNCL_01862	MER0038086	33.482	224	134	3	5	213	29	252	1.94e-36	132
ANDNMNCL_01862	MER0436735	27.027	259	152	4	5	226	4	262	2.15e-29	113
ANDNMNCL_01862	MER0043387	35.556	180	108	4	20	195	1	176	1.99e-27	105
ANDNMNCL_01862	MER0042974	34.555	191	116	4	12	194	1	190	3.15e-27	105
ANDNMNCL_01862	MER0043537	32.973	185	113	4	5	183	2	181	6.01e-26	101
ANDNMNCL_01862	MER0044622	32.386	176	101	7	39	206	68	233	4.59e-12	63.2
ANDNMNCL_01862	MER0043392	29.936	157	101	5	35	184	4	158	1.50e-10	57.0
ANDNMNCL_01862	MER0043394	32.231	121	69	5	71	184	48	162	7.28e-08	48.9
ANDNMNCL_01862	MER0045094	30.534	131	75	5	71	194	84	205	1.58e-07	49.3
ANDNMNCL_01862	MER0043475	28.188	149	80	6	39	169	55	194	2.12e-06	45.8
ANDNMNCL_01862	MER0044882	27.966	118	78	5	74	184	53	170	4.98e-06	43.9
ANDNMNCL_01867	MER0065554	48.837	258	121	2	305	552	9	265	3.66e-86	265
ANDNMNCL_01867	MER0437468	39.828	349	195	5	213	547	1	348	1.95e-79	250
ANDNMNCL_01867	MER0436717	35.500	400	187	9	213	547	1	394	1.38e-62	207
ANDNMNCL_01913	MER0034541	23.126	1401	942	43	187	1501	36	1387	5.71e-76	275
ANDNMNCL_01913	MER0018486	23.133	415	247	14	909	1282	774	1157	3.00e-07	52.0
ANDNMNCL_01913	MER0023251	20.470	298	204	10	872	1142	708	999	4.29e-06	48.1
ANDNMNCL_01929	MER0011781	23.239	284	154	9	38	320	17	237	3.10e-09	54.7
ANDNMNCL_01929	MER0011806	22.615	283	157	10	38	320	17	237	8.02e-08	50.4
ANDNMNCL_01929	MER0004101	22.968	283	156	11	38	320	17	237	8.17e-08	50.4
ANDNMNCL_01954	MER0027775	37.500	120	69	3	68	185	1	116	7.32e-21	80.9
ANDNMNCL_01954	MER0001602	30.882	136	76	4	68	185	1	136	1.01e-12	60.1
ANDNMNCL_01957	MER0002161	29.150	247	133	10	52	296	16	222	5.44e-14	68.2
ANDNMNCL_01957	MER0005139	29.630	216	128	8	113	311	62	270	6.63e-14	68.2
ANDNMNCL_01957	MER0001289	26.293	232	140	7	112	335	60	268	8.97e-13	64.7
ANDNMNCL_01957	MER0194228	26.457	223	118	8	128	335	1	192	1.11e-12	63.2
ANDNMNCL_01957	MER0001284	37.500	112	64	3	109	217	31	139	3.22e-12	62.8
ANDNMNCL_01957	MER0100667	27.632	228	126	9	112	330	22	219	4.93e-12	61.6
ANDNMNCL_01957	MER0015336	28.500	200	124	6	114	308	62	247	1.26e-11	60.8
ANDNMNCL_01957	MER0037181	28.226	248	136	11	63	309	27	233	1.61e-11	60.8
ANDNMNCL_01957	MER0032443	27.111	225	146	7	114	330	39	253	7.22e-11	58.5
ANDNMNCL_01957	MER0005131	24.000	225	153	6	114	331	38	251	7.36e-11	58.5
ANDNMNCL_01957	MER0005238	35.577	104	59	3	114	216	67	163	1.08e-10	58.5
ANDNMNCL_01957	MER0005239	33.058	121	72	3	99	217	54	167	1.87e-10	57.8
ANDNMNCL_01957	MER0015691	34.259	108	63	2	110	216	49	149	2.52e-10	57.0
ANDNMNCL_01957	MER0004514	36.170	94	48	3	109	196	31	118	4.05e-10	56.2
ANDNMNCL_01957	MER0005149	34.259	108	62	4	113	218	64	164	9.21e-10	55.8
ANDNMNCL_01957	MER0002104	33.654	104	61	3	114	216	67	163	5.31e-09	53.5
ANDNMNCL_01957	MER0005241	34.444	90	52	2	111	198	2	86	1.61e-08	51.6
ANDNMNCL_01957	MER0001911	32.283	127	68	5	87	213	22	130	8.54e-08	49.3
ANDNMNCL_01957	MER0005244	40.000	90	43	4	111	198	2	82	2.34e-07	47.8
ANDNMNCL_01957	MER0001288	26.293	232	142	10	112	341	21	225	1.41e-06	45.4
ANDNMNCL_01957	MER0005152	23.129	147	91	4	68	201	3	140	7.34e-06	43.5
ANDNMNCL_01974	MER0001289	30.332	211	121	9	253	456	59	250	5.98e-13	65.9
ANDNMNCL_01974	MER0194228	31.414	191	107	8	273	456	1	174	1.37e-11	60.5
ANDNMNCL_01974	MER0100667	27.979	193	106	6	270	455	39	205	9.85e-10	55.5
ANDNMNCL_01974	MER0001911	26.452	155	95	4	254	408	39	174	5.26e-06	44.7
ANDNMNCL_01974	MER0001288	30.208	96	54	2	250	345	17	99	7.72e-06	43.9
ANDNMNCL_02007	MER0015473	26.866	201	91	6	49	245	38	186	8.51e-10	54.3
ANDNMNCL_02007	MER0015472	23.188	207	102	3	49	255	46	195	1.30e-08	50.4
ANDNMNCL_02007	MER0047976	26.000	100	69	1	41	135	6	105	2.31e-08	49.7
ANDNMNCL_02007	MER0030047	27.660	188	76	5	53	239	3	131	2.96e-08	48.5
ANDNMNCL_02007	MER0035036	34.043	94	57	2	153	245	138	227	7.43e-08	48.9
ANDNMNCL_02007	MER0015458	24.020	204	98	6	46	243	50	202	2.37e-07	47.4
ANDNMNCL_02007	MER0048181	26.203	187	92	5	49	235	2	142	6.18e-07	44.7
ANDNMNCL_02007	MER0015462	37.736	53	33	0	41	93	41	93	1.25e-06	44.7
ANDNMNCL_02007	MER0015459	33.333	48	32	0	46	93	48	95	4.48e-06	43.5
ANDNMNCL_02007	MER0015449	30.612	98	62	2	23	116	30	125	9.81e-06	42.4
ANDNMNCL_02020	MER0047723	45.684	475	255	2	8	479	1	475	1.80e-150	435
ANDNMNCL_02020	MER0001283	43.154	482	272	1	6	485	3	484	1.03e-145	423
ANDNMNCL_02020	MER0028941	30.769	156	84	5	14	157	2	145	1.10e-09	57.0
ANDNMNCL_02020	MER0369336	30.357	112	64	3	66	173	8	109	5.14e-07	48.1
ANDNMNCL_02043	MER0217243	24.107	224	132	10	68	265	25	236	3.01e-09	53.5
ANDNMNCL_02092	MER0001322	40.000	105	50	4	127	226	1	97	1.11e-17	73.6
ANDNMNCL_02092	MER0014188	39.560	91	49	3	127	216	1	86	7.54e-16	68.6
ANDNMNCL_02092	MER0024252	35.897	117	65	4	139	249	14	126	1.27e-14	65.5
ANDNMNCL_02092	MER0003807	39.362	94	53	4	127	217	1	93	9.83e-12	57.8
ANDNMNCL_02092	MER0377310	33.981	103	64	3	127	228	1	100	1.55e-10	53.9
ANDNMNCL_02092	MER0377307	33.981	103	64	3	127	228	1	100	1.55e-10	53.9
ANDNMNCL_02092	MER0002450	33.981	103	64	3	127	228	1	100	1.86e-10	53.9
ANDNMNCL_02092	MER0376722	31.522	92	56	3	127	216	1	87	3.34e-09	50.1
ANDNMNCL_02092	MER0003808	31.522	92	56	3	127	216	1	87	4.01e-09	50.1
ANDNMNCL_02092	MER0377178	33.981	103	64	3	127	228	1	100	4.17e-09	50.1
ANDNMNCL_02092	MER0003805	31.522	92	58	2	127	217	1	88	4.74e-09	50.1
ANDNMNCL_02092	MER0377450	31.522	92	58	2	127	217	1	88	7.05e-09	48.9
ANDNMNCL_02092	MER0002443	37.805	82	48	3	137	216	11	91	2.17e-08	48.1
ANDNMNCL_02092	MER0004035	38.750	80	44	4	139	216	10	86	5.23e-07	44.3
ANDNMNCL_02092	MER0004054	35.632	87	50	5	135	216	9	94	9.75e-06	40.8
ANDNMNCL_02140	MER0001421	53.401	397	182	3	16	411	1	395	7.89e-151	430
ANDNMNCL_02140	MER0028941	27.512	418	237	14	7	410	2	367	7.74e-27	107
ANDNMNCL_02140	MER0369336	29.433	282	190	7	133	410	39	315	4.42e-22	92.8
ANDNMNCL_02147	MER0003428	26.829	205	104	9	55	237	10	190	6.04e-07	49.3
ANDNMNCL_02147	MER0001198	26.699	206	108	8	53	240	11	191	9.94e-07	48.5
ANDNMNCL_02147	MER0003817	29.670	182	83	9	50	224	6	149	1.14e-06	48.1
ANDNMNCL_02175	MER0069741	47.009	117	60	2	183	299	50	164	1.74e-30	110
ANDNMNCL_02175	MER0003380	44.068	118	62	3	184	299	118	233	1.10e-24	97.4
ANDNMNCL_02175	MER0013541	50.575	87	42	1	203	289	1	86	5.32e-22	85.5
ANDNMNCL_02175	MER0015415	35.644	101	55	1	188	288	59	149	5.94e-17	74.3
ANDNMNCL_02175	MER0001419	39.450	109	65	1	180	287	9	117	3.37e-16	71.6
ANDNMNCL_02175	MER0003376	36.607	112	57	3	203	300	45	156	4.90e-16	71.6
ANDNMNCL_02175	MER0003423	39.252	107	64	1	182	287	11	117	8.14e-16	70.5
ANDNMNCL_02175	MER0003906	35.165	91	58	1	203	292	1	91	1.29e-13	63.2
ANDNMNCL_02175	MER0387040	36.275	102	63	2	203	303	1	101	3.24e-12	59.3
ANDNMNCL_02175	MER0066182	33.333	126	80	3	179	303	70	192	1.40e-11	59.7
ANDNMNCL_02175	MER0005300	33.654	104	67	2	198	300	59	161	3.68e-08	49.3
ANDNMNCL_02175	MER0025070	34.579	107	56	5	199	294	2	105	1.87e-06	43.1
ANDNMNCL_02220	MER0039457	27.168	173	91	7	13	175	12	159	7.26e-07	46.6
ANDNMNCL_02228	MER0001295	46.196	184	85	4	383	562	5	178	2.77e-46	159
ANDNMNCL_02228	MER0003413	35.220	159	93	2	401	559	15	163	1.80e-24	97.8
ANDNMNCL_02228	MER0001297	38.732	142	77	3	380	521	2	133	1.08e-23	95.5
ANDNMNCL_02228	MER0001425	36.416	173	93	6	392	561	12	170	1.64e-23	95.1
ANDNMNCL_02228	MER0003065	37.267	161	86	5	401	559	15	162	5.46e-23	93.6
ANDNMNCL_02228	MER0003514	35.220	159	90	4	402	559	16	162	2.85e-20	85.5
ANDNMNCL_02228	MER0004196	29.814	161	100	3	401	559	15	164	1.08e-17	78.2
ANDNMNCL_02228	MER0004195	32.203	177	103	7	391	563	6	169	2.27e-17	77.4
ANDNMNCL_02228	MER0005714	31.183	186	100	6	383	559	5	171	1.75e-16	75.1
ANDNMNCL_02228	MER0015684	34.091	132	82	4	391	520	6	134	1.33e-14	69.3
ANDNMNCL_02232	MER0002443	40.833	120	65	4	46	164	3	117	1.50e-27	97.1
ANDNMNCL_02232	MER0004035	39.474	114	61	3	51	163	5	111	6.71e-25	89.7
ANDNMNCL_02232	MER0004054	39.831	118	61	6	53	165	10	122	2.31e-20	78.6
ANDNMNCL_02232	MER0003986	36.066	122	71	4	44	163	1	117	2.96e-19	75.5
ANDNMNCL_02232	MER0003807	35.246	122	73	3	44	164	1	117	8.38e-19	74.3
ANDNMNCL_02232	MER0002450	35.772	123	64	6	44	163	1	111	1.02e-16	68.9
ANDNMNCL_02232	MER0377310	37.391	115	57	6	44	155	1	103	1.13e-15	65.9
ANDNMNCL_02232	MER0377307	37.391	115	57	6	44	155	1	103	1.13e-15	65.9
ANDNMNCL_02232	MER0003805	34.146	123	66	7	44	163	1	111	1.44e-14	63.2
ANDNMNCL_02232	MER0003808	32.203	118	65	7	48	162	5	110	2.51e-13	60.1
ANDNMNCL_02232	MER0377178	35.185	108	61	5	48	155	5	103	1.09e-12	58.2
ANDNMNCL_02232	MER0038100	32.520	123	65	5	54	165	12	127	5.73e-12	57.0
ANDNMNCL_02232	MER0024252	36.471	85	47	2	56	140	14	91	2.46e-10	52.4
ANDNMNCL_02232	MER0001322	30.357	112	64	4	44	153	1	100	3.54e-09	49.3
ANDNMNCL_02232	MER0376722	32.039	103	55	7	48	147	5	95	1.23e-08	47.4
ANDNMNCL_02232	MER0377450	35.052	97	49	6	48	141	5	90	5.47e-08	45.4
ANDNMNCL_02232	MER0031199	32.812	64	43	0	60	123	1	64	2.53e-07	43.1
ANDNMNCL_02232	MER0014672	31.250	64	44	0	60	123	30	93	4.69e-07	43.5
ANDNMNCL_02232	MER0014188	29.464	112	63	6	44	151	1	100	1.50e-06	42.0
ANDNMNCL_02238	MER0001423	63.362	232	85	0	490	721	1	232	1.63e-109	329
ANDNMNCL_02238	MER0000399	40.076	262	151	4	467	725	1	259	1.25e-61	204
ANDNMNCL_02238	MER0000401	37.687	268	156	5	467	728	2	264	1.05e-58	197
ANDNMNCL_02238	MER0000405	38.258	264	146	8	467	717	2	261	1.14e-57	194
ANDNMNCL_02238	MER0005196	38.767	227	138	1	494	720	25	250	3.14e-57	192
ANDNMNCL_02238	MER0004504	40.084	237	134	4	494	723	2	237	8.21e-57	191
ANDNMNCL_02238	MER0058228	39.834	241	142	3	487	725	3	242	2.84e-55	186
ANDNMNCL_02238	MER0011413	39.908	218	127	2	491	704	4	221	1.21e-53	182
ANDNMNCL_02238	MER0000404	35.581	267	163	6	467	726	1	265	7.57e-51	175
ANDNMNCL_02238	MER0011305	40.948	232	128	6	494	720	23	250	1.97e-50	174
ANDNMNCL_02238	MER0005987	35.317	252	139	6	486	725	23	262	1.07e-48	169
ANDNMNCL_02238	MER0011231	36.466	266	159	7	467	726	1	262	1.44e-48	169
ANDNMNCL_02238	MER0013484	38.865	229	132	3	493	713	6	234	2.32e-48	167
ANDNMNCL_02238	MER0004923	38.532	218	130	2	491	704	55	272	1.06e-47	167
ANDNMNCL_02238	MER0005994	36.502	263	159	5	467	723	2	262	4.25e-47	165
ANDNMNCL_02238	MER0004921	36.667	240	139	5	491	723	4	237	1.40e-46	162
ANDNMNCL_02238	MER0192427	32.906	234	150	3	474	704	49	278	4.55e-40	145
ANDNMNCL_02238	MER0000403	28.571	259	175	5	474	725	7	262	9.77e-40	144
ANDNMNCL_02238	MER0004193	33.333	234	149	5	491	721	3	232	3.37e-38	139
ANDNMNCL_02238	MER0195666	35.714	210	125	4	491	693	1	207	2.47e-34	128
ANDNMNCL_02238	MER0004199	32.189	233	144	8	498	725	1	224	3.59e-34	127
ANDNMNCL_02238	MER0003361	27.907	215	144	6	492	702	20	227	9.37e-28	109
ANDNMNCL_02238	MER0003558	24.696	247	169	4	474	709	6	246	4.07e-17	79.0
ANDNMNCL_02238	MER0005988	29.091	110	77	1	596	704	2	111	4.99e-17	74.3
ANDNMNCL_02238	MER0034615	25.911	247	140	8	483	704	2	230	5.02e-16	75.5
ANDNMNCL_02238	MER0005807	28.780	205	135	4	504	704	62	259	6.81e-16	75.5
ANDNMNCL_02238	MER0017401	25.664	226	152	7	486	703	2	219	1.48e-12	65.1
ANDNMNCL_02238	MER0140224	24.883	213	141	4	505	704	13	219	1.53e-11	62.0
ANDNMNCL_02238	MER0000408	24.576	236	156	7	484	704	5	233	4.20e-11	60.8
ANDNMNCL_02238	MER0030932	31.884	138	75	4	569	693	84	215	7.17e-11	60.1
ANDNMNCL_02238	MER0018170	22.018	218	152	3	499	703	20	232	2.39e-10	58.5
ANDNMNCL_02238	MER0000263	23.109	238	151	7	486	704	1	225	5.33e-09	54.3
ANDNMNCL_02238	MER0126485	26.712	146	98	5	533	670	39	183	6.54e-09	53.9
ANDNMNCL_02238	MER0015682	23.828	256	178	8	476	722	59	306	2.22e-08	53.1
ANDNMNCL_02238	MER0004925	23.984	246	165	7	483	713	12	250	8.26e-08	51.2
ANDNMNCL_02238	MER0016096	19.574	235	166	7	487	705	2	229	2.74e-07	49.3
ANDNMNCL_02238	MER0001920	19.807	207	147	4	533	723	43	246	8.63e-06	44.7
ANDNMNCL_02298	MER0001161	38.579	591	352	6	1	582	92	680	8.42e-146	434
ANDNMNCL_02298	MER0006087	39.160	595	333	11	12	582	111	700	2.90e-138	415
ANDNMNCL_02298	MER0015119	36.755	604	341	12	12	582	123	718	4.01e-126	384
ANDNMNCL_02298	MER0001158	35.163	583	372	5	2	580	97	677	4.05e-121	370
ANDNMNCL_02298	MER0001149	33.108	592	364	15	2	580	104	676	2.55e-97	308
ANDNMNCL_02298	MER0001942	32.715	593	369	11	2	582	104	678	1.14e-95	303
ANDNMNCL_02298	MER0108144	30.931	569	361	10	30	580	108	662	1.65e-89	287
ANDNMNCL_02298	MER0003110	30.769	637	368	16	1	580	95	715	3.17e-84	274
ANDNMNCL_02298	MER0001153	31.796	607	370	17	2	580	102	692	2.81e-80	263
ANDNMNCL_02298	MER0079465	26.786	560	376	14	39	580	91	634	2.89e-66	224
ANDNMNCL_02298	MER0015170	27.402	562	374	12	18	575	94	625	7.50e-66	223
ANDNMNCL_02298	MER0001156	27.869	488	299	16	112	557	208	684	3.13e-41	155
ANDNMNCL_02298	MER0021317	36.364	66	42	0	344	409	22	87	2.19e-09	51.6
ANDNMNCL_02298	MER0059435	23.009	226	141	5	324	521	436	656	5.33e-07	49.3
ANDNMNCL_02317	MER0192051	24.841	157	109	2	17	167	95	248	4.26e-11	58.9
ANDNMNCL_02317	MER0191412	22.222	225	123	5	21	193	22	246	8.54e-09	52.0
