KLKKHBKC_00044	MER0002443	38.043	92	54	3	115	204	1	91	3.17e-14	64.3
KLKKHBKC_00044	MER0014188	36.264	91	52	3	115	204	1	86	1.71e-13	62.0
KLKKHBKC_00044	MER0024252	35.897	117	65	4	127	237	14	126	2.17e-13	62.0
KLKKHBKC_00044	MER0376722	36.364	88	49	3	119	204	5	87	7.15e-11	54.3
KLKKHBKC_00044	MER0003808	31.624	117	64	4	119	233	5	107	7.17e-11	55.1
KLKKHBKC_00044	MER0003986	38.202	89	51	4	119	204	5	92	8.50e-11	54.7
KLKKHBKC_00044	MER0377450	35.556	90	51	3	117	204	3	87	9.81e-10	51.2
KLKKHBKC_00044	MER0003805	35.556	90	51	3	117	204	3	87	1.26e-09	51.6
KLKKHBKC_00044	MER0004035	36.585	82	47	4	125	204	8	86	5.35e-09	49.7
KLKKHBKC_00044	MER0003807	35.955	89	53	4	119	204	5	92	7.54e-09	49.3
KLKKHBKC_00044	MER0377310	28.889	90	61	1	115	204	1	87	1.38e-08	48.5
KLKKHBKC_00044	MER0377307	28.889	90	61	1	115	204	1	87	1.38e-08	48.5
KLKKHBKC_00044	MER0002450	28.889	90	61	1	115	204	1	87	1.57e-08	48.5
KLKKHBKC_00044	MER0001322	27.966	118	65	5	117	225	3	109	2.04e-08	48.1
KLKKHBKC_00044	MER0377178	28.155	103	70	2	115	216	1	100	4.86e-07	44.3
KLKKHBKC_00080	MER0031431	35.211	142	78	4	74	205	1	138	1.84e-18	77.0
KLKKHBKC_00080	MER0031432	32.639	144	85	5	74	208	1	141	5.84e-18	75.9
KLKKHBKC_00080	MER0031433	32.639	144	85	5	74	208	1	141	7.01e-18	75.5
KLKKHBKC_00080	MER0034659	32.331	133	76	3	95	220	34	159	2.06e-14	66.2
KLKKHBKC_00080	MER0038141	27.848	79	54	2	119	196	51	127	5.61e-06	42.4
KLKKHBKC_00093	MER0001161	37.500	680	406	9	1	667	1	674	3.86e-160	474
KLKKHBKC_00093	MER0001158	36.256	673	419	8	3	667	3	673	1.14e-140	424
KLKKHBKC_00093	MER0006087	36.075	693	405	16	3	667	12	694	4.46e-136	412
KLKKHBKC_00093	MER0015119	35.097	718	400	18	3	667	8	712	1.05e-130	399
KLKKHBKC_00093	MER0108144	32.681	664	405	16	31	667	10	658	3.00e-100	318
KLKKHBKC_00093	MER0001149	32.231	605	366	17	83	666	90	671	6.81e-92	296
KLKKHBKC_00093	MER0003110	29.972	724	428	18	7	667	4	711	5.11e-88	287
KLKKHBKC_00093	MER0001153	30.475	653	414	16	43	667	48	688	4.43e-84	276
KLKKHBKC_00093	MER0001942	29.206	630	414	14	52	666	59	671	4.34e-83	273
KLKKHBKC_00093	MER0079465	30.102	588	371	16	106	667	57	630	1.18e-73	246
KLKKHBKC_00093	MER0015170	24.448	634	418	17	52	666	34	625	2.89e-52	187
KLKKHBKC_00093	MER0001156	27.391	690	426	26	9	648	20	684	2.35e-46	172
KLKKHBKC_00093	MER0021317	30.769	78	54	0	425	502	10	87	2.15e-08	48.9
KLKKHBKC_00093	MER0059435	22.531	324	210	8	327	613	337	656	4.10e-06	46.6
KLKKHBKC_00107	MER0492485	33.108	148	97	2	19	166	1	146	9.40e-20	79.0
