BJACBGNL_00014	MER0000268	52.866	157	70	3	99	254	1	154	4.52e-48	159
BJACBGNL_00014	MER0013623	51.282	156	73	2	99	254	1	153	4.93e-48	159
BJACBGNL_00014	MER0003850	47.727	176	89	3	99	273	3	176	1.60e-47	158
BJACBGNL_00014	MER0004149	48.466	163	77	2	99	254	1	163	1.59e-46	155
BJACBGNL_00014	MER0004111	49.045	157	77	2	99	254	1	155	5.21e-46	154
BJACBGNL_00014	MER0001372	51.899	158	72	3	99	254	1	156	8.62e-46	153
BJACBGNL_00014	MER0000266	50.633	158	74	3	99	254	1	156	1.73e-45	152
BJACBGNL_00014	MER0005468	49.686	159	76	3	99	254	1	158	1.34e-43	147
BJACBGNL_00014	MER0004673	34.909	275	148	5	99	352	2	266	4.89e-38	136
BJACBGNL_00014	MER0001373	52.518	139	65	1	99	237	1	138	2.62e-37	131
BJACBGNL_00014	MER0003290	44.654	159	82	3	99	254	1	156	4.67e-36	127
BJACBGNL_00014	MER0001945	44.654	159	85	2	99	254	1	159	9.48e-36	127
BJACBGNL_00014	MER0028330	43.396	159	81	3	99	254	1	153	2.42e-33	120
BJACBGNL_00014	MER0003293	47.333	150	77	2	99	248	1	148	3.24e-33	119
BJACBGNL_00014	MER0002577	43.396	159	81	3	99	254	1	153	2.35e-32	117
BJACBGNL_00014	MER0016351	42.767	159	82	4	99	254	1	153	2.40e-32	117
BJACBGNL_00014	MER0010944	42.105	171	84	3	99	254	1	171	4.12e-32	117
BJACBGNL_00014	MER0004093	43.396	159	81	3	99	254	1	153	1.87e-31	115
BJACBGNL_00014	MER0016031	41.317	167	86	4	99	254	1	166	1.11e-30	113
BJACBGNL_00014	MER0004086	43.046	151	80	3	109	254	13	162	1.21e-30	113
BJACBGNL_00014	MER0014795	41.818	165	81	4	99	254	1	159	1.70e-30	112
BJACBGNL_00014	MER0022668	39.181	171	89	5	99	254	1	171	8.80e-30	111
BJACBGNL_00014	MER0011375	39.752	161	85	5	99	254	1	154	3.86e-29	108
BJACBGNL_00014	MER0006096	43.590	117	62	2	123	236	1	116	1.54e-26	100
BJACBGNL_00014	MER0005093	37.255	153	83	5	99	238	1	153	5.08e-21	86.7
BJACBGNL_00014	MER0015583	37.908	153	77	4	99	237	1	149	3.76e-20	84.0
BJACBGNL_00014	MER0063616	36.735	147	78	3	102	238	5	146	2.49e-19	81.6
BJACBGNL_00014	MER0005094	32.090	134	84	4	107	235	8	139	1.00e-11	60.1
BJACBGNL_00014	MER0014317	33.588	131	80	4	110	235	10	138	1.98e-11	58.9
BJACBGNL_00014	MER0004696	30.345	145	86	7	99	235	1	138	1.91e-09	52.8
BJACBGNL_00014	MER0005089	33.088	136	77	6	99	226	1	130	1.37e-08	50.8
BJACBGNL_00014	MER0014318	35.862	145	78	7	99	235	1	138	5.03e-08	49.3
BJACBGNL_00014	MER0014314	32.331	133	82	5	99	226	1	130	8.17e-07	45.8
BJACBGNL_00014	MER0016543	31.618	136	74	7	110	235	11	137	1.75e-06	44.3
BJACBGNL_00014	MER0005090	30.534	131	87	4	99	226	1	130	2.40e-06	44.3
BJACBGNL_00048	MER0000485	48.739	238	121	1	572	808	1	238	1.48e-69	226
BJACBGNL_00048	MER0000495	45.200	250	126	4	572	811	1	249	9.47e-58	195
BJACBGNL_00048	MER0003442	45.415	229	110	5	581	804	2	220	1.50e-54	185
BJACBGNL_00048	MER0014970	37.276	279	128	4	572	804	1	278	1.98e-52	181
BJACBGNL_00048	MER0011056	48.925	186	91	2	622	804	36	220	3.66e-52	178
BJACBGNL_00048	MER0003443	45.545	202	95	3	609	800	27	223	1.77e-51	176
BJACBGNL_00048	MER0011057	45.755	212	106	5	598	804	13	220	2.99e-51	176
BJACBGNL_00048	MER0000488	39.655	232	134	3	572	800	1	229	6.93e-48	167
BJACBGNL_00048	MER0004236	37.879	264	125	7	573	803	2	259	1.64e-44	158
BJACBGNL_00048	MER0005837	35.772	246	137	4	573	801	2	243	7.36e-40	144
BJACBGNL_00048	MER0108906	40.756	238	128	6	572	804	1	230	7.91e-40	144
BJACBGNL_00048	MER0000496	39.000	200	117	1	608	802	91	290	1.12e-36	137
BJACBGNL_00048	MER0017402	34.010	197	118	4	616	807	14	203	2.15e-24	99.4
BJACBGNL_00048	MER0026213	32.895	152	99	1	658	809	111	259	2.10e-22	94.4
BJACBGNL_00048	MER0003859	33.149	181	109	4	630	805	52	225	1.35e-18	83.2
BJACBGNL_00048	MER0003359	30.769	182	108	5	630	801	45	218	1.82e-12	64.7
BJACBGNL_00048	MER0017403	35.156	128	74	4	651	776	56	176	9.32e-09	53.9
BJACBGNL_00048	MER0000491	27.737	137	91	4	668	804	5	133	3.02e-08	51.6
BJACBGNL_00074	MER0001244	38.550	262	149	3	273	522	1	262	3.00e-59	194
BJACBGNL_00074	MER0013463	35.659	258	156	3	274	521	2	259	7.70e-48	164
BJACBGNL_00074	MER0028601	39.623	265	141	6	275	521	3	266	1.50e-46	160
BJACBGNL_00074	MER0001733	31.915	282	149	6	273	511	1	282	9.42e-35	129
BJACBGNL_00074	MER0004931	30.864	243	142	4	273	510	1	222	4.76e-32	120
BJACBGNL_00074	MER0001248	29.880	251	129	6	318	522	4	253	4.74e-28	109
BJACBGNL_00074	MER0005462	29.536	237	141	6	274	505	2	217	2.90e-26	103
BJACBGNL_00074	MER0005715	32.016	253	140	11	273	514	1	232	4.44e-22	92.0
BJACBGNL_00074	MER0004532	29.388	245	146	5	273	512	1	223	1.57e-21	90.5
BJACBGNL_00074	MER0002038	30.476	210	119	5	302	505	30	218	1.67e-18	81.6
BJACBGNL_00074	MER0001250	28.571	287	146	10	275	510	3	281	4.00e-18	81.6
BJACBGNL_00074	MER0013450	24.806	258	151	9	277	507	3	244	2.91e-09	54.7
BJACBGNL_00074	MER0004321	31.720	186	88	11	331	501	65	226	2.32e-08	52.0
BJACBGNL_00074	MER0027437	26.540	211	104	10	308	497	42	222	8.83e-08	50.4
BJACBGNL_00074	MER0014518	27.473	182	95	8	331	497	66	225	6.08e-07	47.8
BJACBGNL_00074	MER0016542	29.282	181	93	8	337	504	93	251	1.17e-06	47.0
BJACBGNL_00074	MER0015128	25.153	163	104	6	275	425	1	157	4.60e-06	45.1
BJACBGNL_00074	MER0015127	26.490	151	95	5	276	416	4	148	5.96e-06	44.7
BJACBGNL_00081	MER0014188	41.758	91	47	3	127	216	1	86	2.27e-17	72.4
BJACBGNL_00081	MER0001322	36.792	106	54	4	127	227	1	98	7.36e-15	66.2
BJACBGNL_00081	MER0024252	43.210	81	44	2	139	219	14	92	1.17e-12	60.5
BJACBGNL_00081	MER0003807	38.947	95	52	5	127	217	1	93	2.93e-11	56.2
BJACBGNL_00081	MER0003805	31.068	103	67	2	127	228	1	100	3.58e-11	55.8
BJACBGNL_00081	MER0377450	31.868	91	59	1	127	217	1	88	5.28e-11	54.7
BJACBGNL_00081	MER0002443	41.463	82	45	3	137	216	11	91	1.87e-10	53.9
BJACBGNL_00081	MER0377310	33.654	104	63	4	127	228	1	100	2.56e-10	53.5
BJACBGNL_00081	MER0377307	33.654	104	63	4	127	228	1	100	2.56e-10	53.5
BJACBGNL_00081	MER0004035	41.250	80	42	4	139	216	10	86	2.86e-10	53.5
BJACBGNL_00081	MER0376722	34.066	91	55	3	127	216	1	87	2.88e-10	52.8
BJACBGNL_00081	MER0003808	33.333	108	63	4	127	233	1	100	2.90e-10	53.5
BJACBGNL_00081	MER0002450	33.654	104	63	4	127	228	1	100	3.43e-10	53.1
BJACBGNL_00081	MER0003986	38.298	94	52	5	127	216	1	92	1.27e-09	51.6
BJACBGNL_00081	MER0377178	33.654	104	63	4	127	228	1	100	1.02e-08	48.9
BJACBGNL_00114	MER0037236	25.591	254	163	6	13	243	11	261	4.85e-18	78.2
BJACBGNL_00114	MER0004146	24.898	245	162	9	20	243	18	261	1.11e-13	65.9
BJACBGNL_00114	MER0031611	19.504	282	193	8	1	251	14	292	1.42e-12	63.2
BJACBGNL_00114	MER0000436	24.908	273	151	10	21	249	23	285	3.51e-11	58.9
BJACBGNL_00114	MER0036053	23.741	278	149	8	14	243	1	263	5.28e-11	58.2
BJACBGNL_00114	MER0036068	24.339	189	126	5	70	241	105	293	1.53e-10	57.0
BJACBGNL_00114	MER0035973	24.457	184	123	5	70	242	108	286	1.97e-10	56.6
BJACBGNL_00114	MER0036066	21.224	245	164	6	22	242	1	240	3.65e-10	55.5
BJACBGNL_00114	MER0036057	19.342	243	168	6	22	243	63	298	1.12e-09	54.7
BJACBGNL_00114	MER0017033	20.000	250	172	7	15	243	58	300	4.98e-09	52.8
BJACBGNL_00114	MER0036076	20.675	237	163	7	22	241	63	291	1.53e-07	48.1
BJACBGNL_00114	MER0031569	27.517	149	86	6	86	232	105	233	2.66e-07	47.4
BJACBGNL_00114	MER0036067	24.194	248	152	9	18	238	48	286	6.38e-07	46.2
BJACBGNL_00114	MER0036059	30.337	89	53	1	153	241	271	350	7.24e-07	46.2
BJACBGNL_00114	MER0036054	21.839	261	166	8	20	243	15	274	9.27e-07	45.8
BJACBGNL_00114	MER0043008	22.619	252	174	8	17	249	16	265	1.19e-06	45.4
BJACBGNL_00114	MER0011509	28.037	107	71	2	21	121	38	144	5.93e-06	43.5
BJACBGNL_00114	MER0036073	22.800	250	152	9	22	243	80	316	6.16e-06	43.5
BJACBGNL_00133	MER0001161	36.934	685	410	8	1	670	1	678	7.21e-145	434
BJACBGNL_00133	MER0006087	35.673	698	410	14	3	671	12	699	3.13e-130	397
BJACBGNL_00133	MER0001158	34.815	675	433	6	3	670	3	677	1.51e-127	390
BJACBGNL_00133	MER0015119	34.031	717	418	16	3	671	8	717	3.75e-119	369
BJACBGNL_00133	MER0001149	29.678	684	443	13	10	672	12	678	1.56e-91	295
BJACBGNL_00133	MER0108144	28.158	657	438	15	36	670	18	662	4.53e-85	278
BJACBGNL_00133	MER0001942	29.742	659	425	14	31	670	37	676	1.11e-83	275
BJACBGNL_00133	MER0003110	28.654	691	415	18	41	670	42	715	7.72e-76	254
BJACBGNL_00133	MER0001153	27.454	652	428	14	50	670	55	692	3.57e-71	241
BJACBGNL_00133	MER0079465	28.899	654	409	21	52	670	2	634	1.08e-66	228
BJACBGNL_00133	MER0015170	25.181	552	369	12	126	665	106	625	1.01e-45	169
BJACBGNL_00133	MER0001156	24.317	695	440	20	9	647	20	684	2.82e-40	154
BJACBGNL_00133	MER0021317	31.081	74	51	0	426	499	14	87	1.84e-08	49.3
BJACBGNL_00133	MER0059435	21.136	317	186	11	346	611	353	656	7.93e-06	45.8
BJACBGNL_00153	MER0026494	30.998	471	299	6	3	455	11	473	2.05e-66	217
BJACBGNL_00153	MER0015142	31.390	446	288	7	16	455	71	504	3.14e-63	210
BJACBGNL_00153	MER0026471	30.233	473	286	12	11	454	20	477	1.62e-60	202
BJACBGNL_00153	MER0052470	24.413	426	273	12	30	431	39	439	7.84e-25	103
BJACBGNL_00153	MER0003397	31.841	201	110	8	10	193	18	208	1.23e-18	83.2
BJACBGNL_00153	MER0003397	32.143	84	57	0	362	445	218	301	2.66e-10	58.2
BJACBGNL_00153	MER0026485	30.000	210	117	8	2	193	10	207	1.42e-17	80.1
BJACBGNL_00153	MER0026485	29.808	104	71	1	350	453	207	308	8.51e-11	59.7
BJACBGNL_00153	MER0057434	36.885	122	67	5	75	193	85	199	8.23e-13	65.9
BJACBGNL_00153	MER0057434	32.609	92	60	1	350	441	199	288	5.94e-09	53.9
BJACBGNL_00153	MER0001272	34.483	87	48	3	75	159	60	139	6.61e-09	53.5
BJACBGNL_00194	MER0000392	48.544	103	45	2	2	96	181	283	1.89e-27	98.6
BJACBGNL_00194	MER0079308	51.111	90	43	1	2	90	180	269	2.53e-27	98.2
BJACBGNL_00194	MER0022823	50.575	87	40	2	2	85	183	269	5.39e-25	92.0
BJACBGNL_00194	MER0011450	47.826	92	40	2	2	85	180	271	1.04e-22	85.9
BJACBGNL_00194	MER0015621	45.455	99	39	2	2	85	191	289	1.99e-22	85.5
BJACBGNL_00194	MER0005694	44.186	86	48	0	2	87	190	275	7.24e-21	81.3
BJACBGNL_00194	MER0002490	40.187	107	41	3	2	85	191	297	2.57e-19	77.4
BJACBGNL_00194	MER0325901	45.161	93	49	2	2	92	180	272	8.51e-19	75.5
BJACBGNL_00194	MER0981959	42.424	99	41	3	2	85	180	277	9.62e-19	75.5
BJACBGNL_00194	MER0000398	44.706	85	43	2	3	87	170	250	6.17e-18	73.2
BJACBGNL_00194	MER0000410	34.884	86	55	1	2	87	193	277	1.85e-10	52.8
BJACBGNL_00194	MER0003229	32.584	89	56	2	2	90	187	271	2.24e-09	49.7
BJACBGNL_00194	MER0011872	30.435	92	62	1	2	91	193	284	1.34e-08	47.8
BJACBGNL_00194	MER0082653	33.803	71	41	2	2	66	194	264	2.38e-08	47.0
BJACBGNL_00228	MER0039497	43.182	44	22	2	16	58	2	43	2.44e-07	40.0
BJACBGNL_00241	MER0005244	28.125	96	69	0	5	100	88	183	1.76e-07	44.7
BJACBGNL_00258	MER0065588	45.408	196	104	3	1	193	1	196	2.19e-52	164
BJACBGNL_00274	MER0048181	33.099	142	79	2	47	173	2	142	3.31e-15	67.0
BJACBGNL_00274	MER0015472	28.188	149	104	1	47	192	46	194	2.68e-13	63.2
BJACBGNL_00274	MER0015473	29.371	143	89	3	49	179	40	182	3.67e-11	57.4
BJACBGNL_00274	MER0035036	29.197	137	87	3	49	179	91	223	1.78e-09	53.1
BJACBGNL_00274	MER0015458	28.302	159	93	5	42	182	48	203	2.34e-09	52.8
BJACBGNL_00274	MER0030047	27.941	136	88	3	49	178	1	132	9.26e-09	49.3
BJACBGNL_00274	MER0003940	34.524	84	53	1	43	126	39	120	7.90e-08	47.8
BJACBGNL_00274	MER0015459	33.333	96	60	1	40	135	44	135	8.82e-08	48.1
BJACBGNL_00274	MER0015462	35.897	78	48	1	42	119	44	119	3.06e-07	45.8
BJACBGNL_00274	MER0015465	26.667	180	117	7	3	179	4	171	4.67e-07	45.4
BJACBGNL_00274	MER0094384	25.000	188	114	5	20	193	2	176	2.72e-06	43.1
BJACBGNL_00274	MER0015630	34.444	90	59	0	38	127	45	134	3.04e-06	43.5
BJACBGNL_00274	MER0015659	35.632	87	56	0	41	127	45	131	4.74e-06	42.7
BJACBGNL_00274	MER0015632	29.126	103	59	3	38	130	37	135	8.58e-06	42.0
BJACBGNL_00278	MER0001978	45.896	536	281	4	24	554	18	549	1.89e-166	481
BJACBGNL_00278	MER0011800	34.756	492	286	13	29	503	22	495	4.07e-84	270
BJACBGNL_00278	MER0011811	36.550	487	284	9	29	503	23	496	3.50e-83	267
BJACBGNL_00278	MER0001629	34.879	539	318	16	29	551	23	544	7.90e-74	242
BJACBGNL_00278	MER0006124	33.586	527	307	15	20	520	14	523	1.15e-70	234
BJACBGNL_00278	MER0011143	33.205	521	286	14	31	522	25	512	2.21e-70	233
BJACBGNL_00278	MER0011215	34.375	512	304	14	31	525	2	498	5.62e-68	225
BJACBGNL_00278	MER0011211	31.214	519	311	15	29	522	23	520	9.94e-68	226
BJACBGNL_00278	MER0005831	32.037	540	326	18	29	543	23	546	7.15e-66	221
BJACBGNL_00278	MER0003580	32.514	529	323	15	31	541	25	537	4.60e-65	219
BJACBGNL_00278	MER0005029	31.685	546	315	20	40	551	1	522	6.43e-64	215
BJACBGNL_00278	MER0004194	31.653	496	303	17	41	516	1	480	1.25e-60	206
BJACBGNL_00278	MER0002720	30.039	516	289	18	43	548	17	470	5.26e-53	184
BJACBGNL_00278	MER0002728	30.000	550	328	21	28	537	22	554	1.67e-51	182
BJACBGNL_00278	MER0004202	28.253	538	342	13	32	557	9	514	6.93e-51	179
BJACBGNL_00278	MER0011193	27.342	523	352	17	20	526	11	521	4.35e-45	164
BJACBGNL_00278	MER0001977	28.312	551	342	18	11	525	1	534	1.03e-43	160
BJACBGNL_00278	MER0094876	27.675	542	341	13	32	553	3	513	1.51e-38	145
BJACBGNL_00278	MER0016970	26.763	553	356	20	24	556	17	540	3.83e-32	127
BJACBGNL_00278	MER0006132	24.480	625	352	17	32	558	26	628	6.67e-31	124
BJACBGNL_00278	MER0002718	37.056	197	104	6	318	503	3	190	6.14e-28	107
BJACBGNL_00278	MER0002721	35.377	212	105	6	368	551	37	244	9.09e-27	106
BJACBGNL_00278	MER0026205	36.757	185	112	5	368	551	37	217	3.35e-25	100
BJACBGNL_00278	MER0003440	25.057	435	267	16	25	452	19	401	1.20e-22	97.4
BJACBGNL_00278	MER0026204	33.333	213	130	5	29	237	23	227	1.01e-19	85.1
BJACBGNL_00278	MER0001976	34.054	185	107	6	368	551	37	207	1.32e-18	81.6
BJACBGNL_00278	MER0026207	30.435	184	99	6	368	551	37	191	2.76e-16	74.3
BJACBGNL_00278	MER0037241	35.772	123	76	1	117	236	106	228	9.49e-14	67.8
BJACBGNL_00278	MER0159283	24.324	185	112	5	29	210	6	165	4.21e-06	45.8
BJACBGNL_00290	MER0003336	55.963	109	43	2	1	104	26	134	2.09e-39	125
BJACBGNL_00290	MER0011465	38.202	89	49	2	3	91	28	110	1.11e-13	60.1
BJACBGNL_00290	MER0003299	36.697	109	62	2	1	105	26	131	1.70e-11	54.3
BJACBGNL_00290	MER0003338	36.232	69	40	2	1	68	26	91	1.21e-07	44.3
BJACBGNL_00294	MER0031610	31.048	248	163	3	14	254	55	301	4.40e-35	124
BJACBGNL_00294	MER0017193	37.113	97	58	3	2	96	15	110	1.20e-09	54.3
BJACBGNL_00294	MER0044858	23.333	300	149	11	9	250	51	327	1.56e-08	51.2
BJACBGNL_00294	MER0004146	22.814	263	177	8	2	247	8	261	3.21e-08	50.1
BJACBGNL_00294	MER0044900	23.529	272	163	12	15	250	96	358	1.08e-07	48.9
BJACBGNL_00294	MER0036072	30.097	103	62	2	15	108	82	183	1.09e-07	48.9
BJACBGNL_00294	MER0026339	34.579	107	64	4	10	110	18	124	2.51e-07	47.4
BJACBGNL_00294	MER0017177	22.286	175	121	6	7	174	29	195	1.67e-06	45.1
BJACBGNL_00294	MER0037236	23.137	255	181	8	2	245	9	259	4.68e-06	43.5
BJACBGNL_00294	MER0014065	26.016	123	80	4	9	128	30	144	8.29e-06	43.1
BJACBGNL_00298	MER0006204	29.787	376	223	9	37	395	5	356	1.99e-39	142
BJACBGNL_00298	MER0026262	28.319	339	189	11	45	370	9	306	4.56e-28	110
BJACBGNL_00298	MER0004090	26.904	394	227	16	30	395	2	362	4.09e-26	105
BJACBGNL_00298	MER0140154	27.707	314	182	12	52	342	1	292	2.30e-24	100
BJACBGNL_00298	MER0003800	26.566	399	234	17	23	394	2	368	1.30e-23	99.0
BJACBGNL_00298	MER0003802	29.483	329	141	16	55	371	18	267	7.56e-22	92.4
BJACBGNL_00298	MER0122661	24.716	352	207	11	58	396	20	326	6.27e-21	90.1
BJACBGNL_00298	MER1143079	27.491	291	151	10	55	342	13	246	1.06e-19	85.5
BJACBGNL_00298	MER0005925	25.991	227	147	6	44	266	9	218	1.16e-17	80.5
BJACBGNL_00298	MER0004154	25.668	374	217	11	39	400	2	326	3.06e-17	79.3
BJACBGNL_00298	MER0011700	25.545	321	187	13	47	349	11	297	3.17e-17	79.3
BJACBGNL_00298	MER0005964	23.547	327	195	12	39	350	8	294	1.77e-16	77.0
BJACBGNL_00298	MER0354941	26.829	205	120	8	52	245	10	195	3.74e-16	73.6
BJACBGNL_00298	MER0002489	28.517	263	155	11	55	314	25	257	7.96e-16	75.1
BJACBGNL_00298	MER0000459	25.882	340	180	18	49	370	20	305	1.09e-15	74.7
BJACBGNL_00298	MER0028284	25.943	212	123	6	38	245	2	183	8.25e-13	65.9
BJACBGNL_00298	MER0000457	26.042	192	115	5	53	243	22	187	5.35e-11	60.5
BJACBGNL_00298	MER0034963	24.275	276	180	11	36	307	4	254	3.15e-10	58.2
BJACBGNL_00298	MER0005923	32.710	107	61	2	53	159	24	119	1.24e-09	56.6
BJACBGNL_00298	MER0219770	22.277	202	133	3	45	245	7	185	2.03e-09	55.5
BJACBGNL_00298	MER0017069	24.878	205	128	6	47	249	5	185	3.43e-09	54.7
BJACBGNL_00298	MER0015683	23.077	234	149	7	31	260	17	223	1.15e-08	52.8
BJACBGNL_00298	MER0192873	23.684	266	152	10	89	339	1	230	1.03e-07	49.3
BJACBGNL_00298	MER0017074	23.554	242	131	9	34	260	2	204	2.86e-06	45.8
BJACBGNL_00298	MER0356183	23.755	261	154	10	64	312	8	235	5.88e-06	44.3
BJACBGNL_00298	MER0011726	24.057	212	122	8	54	258	23	202	8.61e-06	44.3
BJACBGNL_00299	MER0061102	32.692	156	105	0	92	247	2	157	4.07e-23	92.8
BJACBGNL_00365	MER0028025	47.799	159	82	1	7	165	11	168	3.65e-43	147
BJACBGNL_00365	MER0028025	46.429	84	44	1	265	348	162	244	4.09e-18	79.7
BJACBGNL_00365	MER0003798	23.096	394	237	12	7	339	20	408	1.84e-16	77.0
BJACBGNL_00365	MER0001273	33.171	205	112	8	1	189	1	196	9.51e-15	70.5
BJACBGNL_00365	MER0001272	27.647	170	102	6	9	164	6	168	1.56e-09	54.7
BJACBGNL_00365	MER0002655	22.519	262	181	9	9	256	11	264	1.09e-08	52.8
BJACBGNL_00365	MER0033183	27.273	220	121	13	6	205	8	208	4.27e-07	47.8
BJACBGNL_00365	MER0026479	29.480	173	100	6	5	165	3	165	1.83e-06	45.4
BJACBGNL_00365	MER0026485	30.612	98	63	3	58	151	88	184	2.74e-06	45.4
BJACBGNL_00365	MER0015142	31.915	94	58	4	58	147	119	210	7.63e-06	44.3
BJACBGNL_00377	MER0213595	28.402	169	111	5	1	159	76	244	2.27e-13	62.8
BJACBGNL_00377	MER0214939	26.590	173	110	5	1	159	74	243	5.47e-11	56.2
BJACBGNL_00377	MER0214730	26.966	178	103	7	1	159	74	243	1.98e-10	54.7
BJACBGNL_00384	MER0002720	28.974	390	246	11	1	383	107	472	3.83e-32	123
BJACBGNL_00384	MER0001978	27.604	384	235	11	1	352	145	517	5.86e-31	120
BJACBGNL_00384	MER0011800	25.429	350	228	8	1	323	141	484	2.39e-28	113
BJACBGNL_00384	MER0011811	26.934	349	226	9	1	323	140	485	7.48e-23	97.1
BJACBGNL_00384	MER0003580	27.671	365	226	10	1	333	140	498	1.58e-22	96.3
BJACBGNL_00384	MER0011215	27.451	357	219	11	1	323	116	466	9.63e-21	90.5
BJACBGNL_00384	MER0001629	28.659	328	200	9	1	298	140	463	1.25e-19	87.4
BJACBGNL_00384	MER0011143	25.886	367	235	14	1	337	138	497	8.09e-19	85.1
BJACBGNL_00384	MER0004202	25.248	404	261	14	1	388	133	511	2.25e-18	83.6
BJACBGNL_00384	MER0094876	25.846	325	229	5	4	321	126	445	5.78e-17	79.3
BJACBGNL_00384	MER0005831	26.975	367	208	15	1	323	143	493	2.66e-16	77.4
BJACBGNL_00384	MER0006124	24.234	359	231	10	1	323	143	496	3.96e-16	76.6
BJACBGNL_00384	MER0011193	23.691	401	263	14	3	370	142	532	3.35e-15	73.9
BJACBGNL_00384	MER0005029	22.067	358	241	9	1	323	110	464	1.06e-14	72.4
BJACBGNL_00384	MER0016970	26.404	356	215	13	36	358	172	513	1.18e-14	72.0
BJACBGNL_00384	MER0002728	23.041	434	269	17	1	383	146	565	2.81e-13	68.2
BJACBGNL_00384	MER0004194	25.912	274	179	5	73	323	185	457	2.91e-13	67.8
BJACBGNL_00384	MER0011211	23.177	384	267	8	1	357	141	523	9.30e-12	63.2
BJACBGNL_00384	MER0002718	30.159	126	71	2	215	323	54	179	3.95e-11	58.9
BJACBGNL_00384	MER0001977	25.163	306	187	7	58	323	200	503	6.44e-11	60.5
BJACBGNL_00384	MER0006132	30.612	196	105	7	213	384	432	620	2.52e-10	58.9
BJACBGNL_00389	MER0001244	40.824	267	137	7	175	426	2	262	4.37e-58	188
BJACBGNL_00389	MER0013463	35.714	266	150	5	174	425	1	259	9.65e-45	153
BJACBGNL_00389	MER0028601	34.074	270	152	10	176	425	3	266	7.67e-42	146
BJACBGNL_00389	MER0001733	29.553	291	162	4	176	425	3	291	8.07e-40	141
BJACBGNL_00389	MER0004532	34.286	245	133	7	175	415	2	222	1.58e-34	125
BJACBGNL_00389	MER0004931	33.193	238	133	4	175	408	2	217	2.63e-33	122
BJACBGNL_00389	MER0005462	32.218	239	136	5	174	408	1	217	2.93e-32	119
BJACBGNL_00389	MER0001248	33.878	245	106	8	231	426	16	253	2.35e-30	114
BJACBGNL_00389	MER0005715	27.344	256	155	8	175	421	2	235	5.55e-18	79.7
BJACBGNL_00389	MER0002038	26.531	245	141	8	175	408	2	218	1.52e-17	78.6
BJACBGNL_00389	MER0001250	23.675	283	151	9	176	405	3	273	1.25e-13	67.8
BJACBGNL_00389	MER0027437	24.797	246	142	11	174	400	1	222	2.62e-10	57.4
BJACBGNL_00401	MER0014135	42.586	263	151	0	183	445	3	265	9.01e-74	230
BJACBGNL_00412	MER0000589	52.000	50	24	0	463	512	179	228	1.80e-10	58.5
BJACBGNL_00412	MER0000589	31.967	122	40	3	140	261	1	79	2.18e-10	58.2
BJACBGNL_00412	MER0013626	46.512	43	23	0	470	512	103	145	3.99e-09	52.8
BJACBGNL_00412	MER0002550	37.634	93	50	5	422	509	58	147	1.00e-06	45.8
BJACBGNL_00421	MER0003380	32.203	236	150	4	139	373	14	240	8.36e-38	134
BJACBGNL_00421	MER0069741	33.333	162	102	4	215	373	13	171	7.42e-20	83.6
BJACBGNL_00421	MER0066182	38.983	118	67	2	250	366	75	188	2.17e-19	82.8
BJACBGNL_00421	MER0013541	44.318	88	49	0	271	358	1	88	1.46e-18	77.0
BJACBGNL_00421	MER0387040	40.206	97	57	1	271	366	1	97	1.15e-16	72.4
BJACBGNL_00421	MER0001419	36.047	86	53	2	271	354	32	117	2.57e-14	67.0
BJACBGNL_00421	MER0003423	38.372	86	51	2	271	354	32	117	7.83e-14	65.5
BJACBGNL_00421	MER0003376	37.273	110	52	4	271	364	45	153	6.18e-13	63.5
BJACBGNL_00421	MER0003906	38.372	86	51	2	271	354	1	86	8.80e-12	58.5
BJACBGNL_00421	MER0005300	33.333	93	62	0	272	364	66	158	8.45e-10	54.3
BJACBGNL_00421	MER0015415	29.126	103	58	3	273	364	66	164	2.26e-07	47.4
BJACBGNL_00421	MER0025070	32.653	98	57	4	269	357	4	101	6.31e-06	42.0
BJACBGNL_00421	MER0388771	32.292	96	56	4	271	357	2	97	8.03e-06	41.6
BJACBGNL_00444	MER0005778	27.957	186	112	7	68	244	24	196	8.56e-10	57.4
BJACBGNL_00444	MER0006012	30.556	144	76	6	68	205	18	143	2.00e-09	53.1
BJACBGNL_00444	MER0010960	30.612	147	81	7	69	212	31	159	2.94e-09	55.8
BJACBGNL_00444	MER0000426	29.480	173	99	7	86	256	39	190	4.25e-09	55.5
BJACBGNL_00444	MER0005764	28.655	171	104	6	64	229	19	176	9.17e-09	54.3
BJACBGNL_00444	MER0004684	25.434	173	114	6	70	241	26	184	2.10e-08	53.1
BJACBGNL_00444	MER0004683	25.882	170	109	6	69	231	26	185	1.34e-07	50.4
BJACBGNL_00444	MER0022863	32.237	152	81	8	65	212	26	159	3.67e-07	49.3
BJACBGNL_00444	MER0011754	28.916	166	97	7	64	221	19	171	4.89e-07	48.9
BJACBGNL_00444	MER0173043	28.351	194	106	9	59	245	12	179	5.19e-07	48.5
BJACBGNL_00444	MER0023481	25.896	251	147	12	67	310	28	246	5.99e-07	48.5
BJACBGNL_00444	MER0000413	28.477	151	95	5	60	205	26	168	7.14e-07	48.1
BJACBGNL_00444	MER0003414	27.907	172	102	8	47	214	6	159	7.21e-07	48.1
BJACBGNL_00444	MER0005701	28.814	177	100	8	64	229	19	180	1.31e-06	47.4
BJACBGNL_00444	MER0011792	27.143	140	79	5	84	216	5	128	2.29e-06	46.6
BJACBGNL_00444	MER0011747	27.381	168	104	7	73	231	28	186	2.82e-06	46.2
BJACBGNL_00444	MER0004615	29.677	155	72	9	68	209	25	155	3.12e-06	46.2
BJACBGNL_00444	MER0015612	28.000	200	121	10	68	262	24	205	3.70e-06	45.8
BJACBGNL_00444	MER0015654	26.347	167	103	7	73	229	28	184	5.22e-06	45.4
BJACBGNL_00444	MER0074064	28.276	145	93	6	65	202	21	161	7.79e-06	45.1
BJACBGNL_00452	MER0001495	32.927	82	49	2	46	124	2	80	2.27e-06	46.2
BJACBGNL_00478	MER0069741	43.307	127	67	3	173	299	43	164	9.84e-29	106
BJACBGNL_00478	MER0003380	47.222	108	56	1	192	299	127	233	6.60e-26	100
BJACBGNL_00478	MER0013541	54.651	86	38	1	203	288	1	85	7.26e-25	93.2
BJACBGNL_00478	MER0015415	40.594	101	50	1	188	288	59	149	1.95e-19	81.3
BJACBGNL_00478	MER0003376	39.474	114	61	2	203	310	45	156	6.64e-19	79.7
BJACBGNL_00478	MER0001419	43.564	101	56	1	188	287	17	117	4.83e-18	76.6
BJACBGNL_00478	MER0003423	42.574	101	57	1	188	287	17	117	1.07e-17	75.5
BJACBGNL_00478	MER0387040	42.157	102	57	2	203	303	1	101	5.52e-16	69.7
BJACBGNL_00478	MER0066182	38.843	121	70	3	184	303	75	192	6.87e-15	69.3
BJACBGNL_00478	MER0003906	35.870	92	58	1	203	293	1	92	1.37e-14	65.9
BJACBGNL_00478	MER0005300	36.000	100	62	2	202	300	63	161	1.46e-10	56.2
BJACBGNL_00478	MER0025070	39.623	106	50	6	200	294	3	105	2.72e-08	48.5
BJACBGNL_00486	MER0000472	25.989	177	111	3	80	236	260	436	7.01e-11	58.5
BJACBGNL_00486	MER0000471	31.098	164	103	4	94	248	291	453	9.52e-09	52.0
BJACBGNL_00486	MER0026276	30.469	128	78	5	91	209	296	421	1.16e-07	48.9
BJACBGNL_00486	MER0011571	28.859	149	102	2	84	230	273	419	1.83e-06	45.1
BJACBGNL_00487	MER0032370	30.523	344	164	10	3	339	64	339	1.85e-36	131
BJACBGNL_00487	MER0006319	32.267	344	190	9	1	335	71	380	1.03e-35	130
BJACBGNL_00487	MER0011422	27.692	325	168	7	16	337	93	353	1.22e-34	127
BJACBGNL_00487	MER0013499	28.425	292	144	4	41	330	103	331	2.63e-32	120
BJACBGNL_00487	MER0015155	27.273	297	151	5	49	343	111	344	2.94e-30	115
BJACBGNL_00487	MER0011343	27.414	321	159	7	16	330	87	339	9.04e-30	114
BJACBGNL_00487	MER0013496	26.562	320	165	7	13	330	23	274	4.52e-29	112
BJACBGNL_00487	MER0001260	31.325	166	108	3	16	178	85	247	3.97e-25	101
BJACBGNL_00487	MER0001260	33.735	83	54	1	257	338	263	345	7.91e-08	50.1
BJACBGNL_00487	MER0013479	29.032	186	121	3	4	189	40	214	5.26e-19	83.2
BJACBGNL_00487	MER0013425	29.577	142	94	3	48	189	95	230	1.59e-12	64.3
BJACBGNL_00487	MER0013425	37.681	69	41	2	258	325	236	303	9.49e-06	43.5
BJACBGNL_00487	MER0026963	34.177	79	51	1	253	330	12	90	3.02e-10	53.9
BJACBGNL_00487	MER0001265	27.211	147	101	3	36	178	110	254	1.17e-09	55.5
BJACBGNL_00497	MER0001423	59.483	232	94	0	485	716	1	232	6.32e-105	317
BJACBGNL_00497	MER0000399	38.824	255	148	5	466	716	5	255	1.11e-55	188
BJACBGNL_00497	MER0000405	38.931	262	147	6	462	712	2	261	1.52e-55	188
BJACBGNL_00497	MER0000401	37.795	254	151	4	467	716	7	257	3.25e-55	187
BJACBGNL_00497	MER0005196	36.255	251	157	2	467	715	1	250	6.38e-54	183
BJACBGNL_00497	MER0011413	37.872	235	142	2	486	716	4	238	1.99e-53	181
BJACBGNL_00497	MER0058228	39.286	224	134	2	482	703	3	226	2.56e-52	178
BJACBGNL_00497	MER0004504	42.534	221	113	5	489	699	2	218	5.47e-51	174
BJACBGNL_00497	MER0000404	38.760	258	149	6	462	712	1	256	5.85e-50	172
BJACBGNL_00497	MER0013484	38.496	226	135	2	486	707	4	229	1.80e-49	170
BJACBGNL_00497	MER0004923	37.021	235	144	2	486	716	55	289	1.00e-47	167
BJACBGNL_00497	MER0005987	39.474	228	128	6	493	715	35	257	1.35e-47	166
BJACBGNL_00497	MER0011305	41.277	235	129	6	486	715	20	250	1.93e-46	162
BJACBGNL_00497	MER0004921	34.043	235	146	4	486	715	4	234	1.54e-44	157
BJACBGNL_00497	MER0011231	37.643	263	154	7	462	718	1	259	1.74e-44	157
BJACBGNL_00497	MER0005994	34.100	261	164	5	462	716	2	260	3.38e-42	151
BJACBGNL_00497	MER0000403	29.070	258	174	4	467	718	6	260	2.39e-40	145
BJACBGNL_00497	MER0192427	35.981	214	130	3	489	699	69	278	2.61e-40	146
BJACBGNL_00497	MER0195666	36.190	210	124	4	486	688	1	207	1.90e-36	134
BJACBGNL_00497	MER0004199	34.649	228	137	7	493	716	1	220	5.49e-36	132
BJACBGNL_00497	MER0004193	32.500	240	151	6	486	720	3	236	7.02e-34	126
BJACBGNL_00497	MER0003361	29.114	237	151	6	468	697	1	227	4.09e-28	110
BJACBGNL_00497	MER0003558	25.962	208	140	4	499	698	39	240	1.79e-17	79.7
BJACBGNL_00497	MER0005988	30.909	110	75	1	591	699	2	111	8.89e-16	70.9
BJACBGNL_00497	MER0005807	26.341	205	140	4	499	699	62	259	5.72e-15	72.8
BJACBGNL_00497	MER0018170	22.936	218	150	2	494	698	20	232	5.31e-14	69.3
BJACBGNL_00497	MER0034615	22.634	243	153	7	478	699	2	230	3.12e-11	61.2
BJACBGNL_00497	MER0001920	23.982	221	134	9	500	699	20	227	2.50e-09	55.5
BJACBGNL_00497	MER0000408	23.830	235	159	6	479	699	5	233	5.20e-09	54.7
BJACBGNL_00497	MER0140224	25.352	213	140	4	500	699	13	219	5.30e-09	54.3
BJACBGNL_00497	MER0017401	24.603	252	165	10	475	716	1	237	5.11e-08	51.2
BJACBGNL_00497	MER0030932	27.517	149	89	5	562	697	82	224	5.17e-08	51.6
BJACBGNL_00497	MER0016096	18.623	247	178	6	482	712	2	241	9.29e-08	50.4
BJACBGNL_00497	MER0006027	23.134	134	89	2	580	699	105	238	4.84e-06	45.4
BJACBGNL_00504	MER0001295	47.541	183	84	3	366	545	5	178	3.63e-48	164
BJACBGNL_00504	MER0003065	35.088	171	95	5	374	542	6	162	5.40e-23	93.6
BJACBGNL_00504	MER0001425	33.898	177	99	7	374	544	6	170	2.34e-22	91.7
BJACBGNL_00504	MER0001297	41.667	132	72	4	374	504	6	133	2.55e-22	91.3
BJACBGNL_00504	MER0003514	35.294	170	96	5	374	542	6	162	1.27e-21	89.4
BJACBGNL_00504	MER0004196	34.911	169	91	5	384	546	15	170	1.46e-20	86.7
BJACBGNL_00504	MER0003413	36.364	121	76	1	384	504	15	134	1.02e-19	84.0
BJACBGNL_00504	MER0005714	34.320	169	91	5	383	542	14	171	1.19e-17	78.2
BJACBGNL_00504	MER0004195	30.508	177	106	7	374	546	6	169	1.38e-15	72.0
BJACBGNL_00504	MER0015684	33.858	127	78	4	381	503	10	134	8.24e-15	70.1
BJACBGNL_00504	MER0030244	26.738	187	110	5	374	545	17	191	2.61e-09	54.3
BJACBGNL_00504	MER0030235	25.668	187	112	5	374	545	6	180	1.28e-08	52.4
BJACBGNL_00504	MER0059675	25.397	189	110	7	374	545	21	195	7.22e-06	44.3
BJACBGNL_00535	MER0026469	29.847	392	266	4	38	423	2	390	6.89e-54	181
BJACBGNL_00535	MER0026472	30.120	166	107	4	66	222	30	195	3.61e-15	72.8
BJACBGNL_00535	MER0026472	61.111	36	14	0	368	403	242	277	1.30e-06	46.6
BJACBGNL_00554	MER0000410	68.085	141	45	0	1	141	142	282	7.76e-68	204
BJACBGNL_00554	MER0011872	45.324	139	73	2	3	138	144	282	6.20e-39	130
BJACBGNL_00554	MER0082498	39.130	161	71	5	1	140	128	282	6.04e-29	103
BJACBGNL_00554	MER0082653	37.363	91	55	2	11	99	152	242	1.54e-16	70.9
BJACBGNL_00554	MER0022823	30.216	139	90	3	1	135	135	270	1.79e-15	68.2
BJACBGNL_00554	MER0005694	29.496	139	94	2	1	138	142	277	1.02e-14	66.2
BJACBGNL_00554	MER0011450	27.778	144	92	3	1	135	132	272	2.04e-13	62.4
BJACBGNL_00554	MER0004227	31.206	141	90	2	2	135	149	289	8.73e-13	60.8
BJACBGNL_00554	MER0000392	23.611	144	98	3	1	135	133	273	3.18e-11	56.2
BJACBGNL_00554	MER0000398	28.467	137	90	5	1	136	121	250	1.39e-10	54.3
BJACBGNL_00554	MER0079308	27.206	136	94	3	1	134	132	264	2.73e-10	53.5
BJACBGNL_00554	MER0015621	22.727	154	100	3	1	138	143	293	2.78e-08	48.1
BJACBGNL_00554	MER0003229	25.352	142	99	4	1	141	139	274	6.61e-08	47.0
BJACBGNL_00557	MER0003339	24.490	343	228	12	2	328	207	534	1.14e-12	65.5
BJACBGNL_00557	MER0003306	29.412	102	69	2	2	101	207	307	9.53e-07	47.0
BJACBGNL_00563	MER0001297	41.667	156	89	2	198	353	2	155	1.42e-31	117
BJACBGNL_00563	MER0003514	42.857	154	86	2	200	353	4	155	5.31e-31	115
BJACBGNL_00563	MER0004196	35.443	158	100	2	197	353	1	157	5.11e-30	112
BJACBGNL_00563	MER0001425	39.506	162	86	3	199	352	3	160	9.56e-30	112
BJACBGNL_00563	MER0003065	42.208	154	87	2	200	353	4	155	7.46e-29	109
BJACBGNL_00563	MER0004195	38.462	156	95	1	198	353	2	156	1.49e-28	108
BJACBGNL_00563	MER0003413	37.821	156	96	1	198	353	2	156	1.09e-26	103
BJACBGNL_00563	MER0005714	36.875	160	94	1	201	353	5	164	2.63e-26	102
BJACBGNL_00563	MER0015684	35.714	154	99	0	199	352	3	156	1.14e-25	100
BJACBGNL_00563	MER0001295	33.636	220	102	4	198	413	2	181	3.02e-21	88.2
BJACBGNL_00563	MER0030235	29.412	136	85	4	199	323	3	138	8.82e-06	43.5
BJACBGNL_00584	MER0281397	25.000	204	125	6	118	299	4	201	2.90e-12	62.4
BJACBGNL_00584	MER1143079	25.000	244	152	9	92	317	16	246	1.36e-10	58.5
BJACBGNL_00584	MER0026262	23.577	246	132	5	83	282	13	248	3.76e-09	54.7
BJACBGNL_00595	MER0281397	30.882	204	123	6	115	306	4	201	1.44e-15	71.6
BJACBGNL_00601	MER0369336	26.230	305	191	10	107	399	1	283	7.61e-14	68.9
BJACBGNL_00601	MER0028941	22.792	351	235	12	66	399	4	335	1.85e-08	52.8
BJACBGNL_00601	MER0002655	27.626	257	165	10	65	306	7	257	1.05e-07	50.4
BJACBGNL_00601	MER0001266	24.837	306	187	13	107	394	72	352	1.80e-07	49.7
BJACBGNL_00601	MER0001284	29.787	94	56	4	107	199	36	120	9.80e-06	43.5
BJACBGNL_00612	MER0013458	30.968	155	90	7	45	198	34	172	6.14e-15	67.8
BJACBGNL_00612	MER0005742	26.950	141	63	4	45	185	1	101	4.78e-09	49.7
BJACBGNL_00612	MER0014983	30.370	135	70	6	53	185	1	113	1.53e-07	46.2
BJACBGNL_00612	MER0001333	24.503	151	81	6	38	186	80	199	3.06e-07	47.0
BJACBGNL_00616	MER0091680	26.415	159	111	4	423	581	65	217	1.12e-06	47.0
BJACBGNL_00616	MER0001009	22.086	163	121	3	414	576	5	161	1.61e-06	46.6
BJACBGNL_00616	MER0011401	25.532	141	97	4	428	565	73	208	7.28e-06	44.7
BJACBGNL_00628	MER0000576	41.772	79	45	1	1	79	37	114	1.35e-19	73.2
BJACBGNL_00628	MER0006172	37.500	64	40	0	1	64	16	79	2.96e-11	50.8
BJACBGNL_00628	MER0000569	35.897	78	49	1	1	77	36	113	4.23e-11	51.6
BJACBGNL_00643	MER0079705	35.965	114	66	2	254	364	1	110	1.06e-16	72.4
BJACBGNL_00643	MER0004893	29.134	127	85	3	254	377	1	125	4.41e-15	68.2
BJACBGNL_00643	MER0013629	36.283	113	68	2	254	362	1	113	2.48e-13	63.5
BJACBGNL_00644	MER0167712	27.097	310	201	6	26	320	25	324	2.38e-25	103
BJACBGNL_00660	MER0014418	26.238	202	117	4	5	205	205	375	3.55e-15	70.9
BJACBGNL_00680	MER0026471	25.874	286	169	8	2	270	213	472	1.55e-24	99.0
BJACBGNL_00680	MER0026494	27.113	284	168	9	2	270	208	467	1.98e-24	99.0
BJACBGNL_00680	MER0015142	26.394	269	179	7	2	265	239	493	8.01e-23	94.4
BJACBGNL_00700	MER0005767	26.962	293	179	9	45	335	18	277	2.42e-13	67.0
BJACBGNL_00716	MER0100667	27.807	187	113	6	117	298	42	211	3.51e-11	59.7
BJACBGNL_00716	MER0194228	30.435	184	98	8	117	287	2	168	4.03e-11	58.9
BJACBGNL_00716	MER0002161	31.982	222	118	10	115	323	78	279	7.53e-11	59.3
BJACBGNL_00716	MER0001289	30.435	184	98	8	117	287	78	244	9.77e-11	58.9
BJACBGNL_00716	MER0004514	26.842	190	126	5	95	277	28	211	6.19e-10	56.2
BJACBGNL_00716	MER0037181	30.337	178	113	7	120	294	73	242	2.63e-09	54.7
BJACBGNL_00716	MER0001290	24.691	243	134	8	7	221	14	235	9.93e-09	53.1
BJACBGNL_00716	MER0013618	31.319	182	90	9	104	266	58	223	5.30e-07	47.8
BJACBGNL_00725	MER0001602	46.094	128	66	2	2	129	14	138	1.40e-37	122
BJACBGNL_00737	MER0002565	36.667	210	106	8	24	228	102	289	3.78e-26	102
BJACBGNL_00737	MER0028365	36.548	197	112	4	25	218	121	307	2.51e-24	97.8
BJACBGNL_00737	MER0000332	37.306	193	101	7	24	214	59	233	4.82e-24	95.1
BJACBGNL_00737	MER0005821	31.621	253	143	9	14	253	72	307	4.61e-23	94.7
BJACBGNL_00737	MER0000310	33.178	214	124	7	25	235	59	256	5.09e-23	92.4
BJACBGNL_00737	MER0000320	32.323	198	119	5	29	224	69	253	4.77e-22	89.7
BJACBGNL_00737	MER0077555	34.545	220	120	7	22	235	55	256	1.15e-21	88.6
BJACBGNL_00737	MER0000349	32.083	240	119	10	29	236	144	371	9.31e-21	87.4
BJACBGNL_00737	MER0001699	33.945	218	119	9	24	235	57	255	1.48e-20	85.5
BJACBGNL_00737	MER0000316	29.796	245	129	7	23	255	55	268	3.21e-20	84.7
BJACBGNL_00737	MER0002575	33.486	218	118	9	23	233	65	262	3.67e-20	84.7
BJACBGNL_00737	MER0001520	34.298	242	118	12	25	255	58	269	3.91e-20	84.3
BJACBGNL_00737	MER0000315	33.180	217	116	9	25	235	58	251	1.64e-19	82.8
BJACBGNL_00737	MER0001906	33.641	217	115	9	25	235	58	251	2.79e-19	82.0
BJACBGNL_00737	MER0062058	31.950	241	141	9	2	232	32	259	3.44e-19	83.6
BJACBGNL_00737	MER0054318	34.673	199	112	7	23	215	61	247	5.24e-19	82.0
BJACBGNL_00737	MER0001928	30.380	237	134	9	25	255	58	269	7.92e-19	80.9
BJACBGNL_00737	MER0004690	28.214	280	163	9	4	262	72	334	9.49e-19	81.6
BJACBGNL_00737	MER0002267	31.776	214	124	7	25	234	67	262	2.38e-18	79.7
BJACBGNL_00737	MER0001521	29.279	222	132	9	20	235	55	257	4.65e-18	78.6
BJACBGNL_00737	MER0000313	29.279	222	132	9	20	235	55	257	5.74e-18	78.6
BJACBGNL_00737	MER0001725	34.872	195	107	6	25	215	95	273	1.24e-17	78.2
BJACBGNL_00737	MER0000311	32.558	215	120	7	20	228	55	250	1.64e-17	77.0
BJACBGNL_00737	MER0001755	28.829	222	133	9	20	235	55	257	1.73e-17	77.0
BJACBGNL_00737	MER0017009	30.357	224	133	8	25	234	113	327	1.75e-17	77.8
BJACBGNL_00737	MER0000309	30.508	236	139	9	25	255	59	274	5.72e-17	75.5
BJACBGNL_00737	MER0013656	30.476	210	117	7	25	228	57	243	9.24e-17	75.1
BJACBGNL_00737	MER0050309	31.696	224	113	9	27	233	45	245	1.18e-16	76.3
BJACBGNL_00737	MER0001523	29.279	222	132	8	20	235	55	257	1.21e-16	74.7
BJACBGNL_00737	MER0000312	29.279	222	132	8	20	235	55	257	1.21e-16	74.7
BJACBGNL_00737	MER0003117	34.112	214	105	10	13	217	64	250	1.29e-16	74.7
BJACBGNL_00737	MER0000351	31.556	225	105	12	13	213	85	284	1.68e-16	74.3
BJACBGNL_00737	MER0014744	31.481	216	134	7	25	229	91	303	1.75e-16	75.1
BJACBGNL_00737	MER0002057	28.800	250	134	7	22	230	95	341	4.78e-16	73.9
BJACBGNL_00737	MER0081072	27.404	208	133	4	25	231	57	247	5.30e-16	72.4
BJACBGNL_00737	MER0006074	31.222	221	112	9	25	230	78	273	1.00e-15	72.4
BJACBGNL_00737	MER0000321	28.270	237	142	7	10	235	136	355	4.75e-15	70.9
BJACBGNL_00737	MER0004085	29.114	237	127	8	16	229	87	305	8.86e-15	70.1
BJACBGNL_00737	MER0002516	30.516	213	122	8	21	229	74	264	1.01e-14	69.3
BJACBGNL_00737	MER0001709	31.496	254	114	12	25	249	95	317	1.43e-14	69.3
BJACBGNL_00737	MER0042897	34.722	216	111	8	22	228	59	253	1.69e-14	68.6
BJACBGNL_00737	MER0003536	28.139	231	125	7	25	231	67	280	2.75e-14	68.6
BJACBGNL_00737	MER0005712	25.758	264	146	7	25	238	84	347	2.95e-14	68.9
BJACBGNL_00737	MER0016978	30.126	239	118	10	27	235	76	295	4.22e-14	67.8
BJACBGNL_00737	MER0016697	32.218	239	114	11	8	214	75	297	4.42e-14	68.2
BJACBGNL_00737	MER0024902	27.442	215	140	6	29	231	97	307	8.03e-14	67.0
BJACBGNL_00737	MER0155676	29.880	251	131	13	23	239	119	358	9.51e-14	67.4
BJACBGNL_00737	MER0006037	29.707	239	137	10	14	243	65	281	3.07e-13	65.1
BJACBGNL_00737	MER0000328	33.628	226	121	12	15	230	58	264	4.50e-13	64.7
BJACBGNL_00737	MER0000353	30.594	219	101	12	13	207	136	327	5.16e-13	64.7
BJACBGNL_00737	MER0050310	28.000	225	133	8	29	239	102	311	6.42e-13	65.1
BJACBGNL_00737	MER0161312	29.699	266	134	11	29	251	94	349	1.05e-12	64.3
BJACBGNL_00737	MER0000359	31.481	216	122	10	25	234	85	280	1.16e-12	63.5
BJACBGNL_00737	MER0000358	30.415	217	115	11	25	227	67	261	1.35e-12	63.9
BJACBGNL_00737	MER0000333	29.474	190	110	6	29	214	64	233	1.96e-12	62.8
BJACBGNL_00737	MER0030016	28.704	216	119	5	26	229	82	274	2.45e-12	62.4
BJACBGNL_00737	MER0014085	24.427	262	147	9	25	235	83	344	1.08e-11	61.2
BJACBGNL_00737	MER0000326	31.100	209	118	8	25	230	68	253	1.87e-11	60.1
BJACBGNL_00737	MER0002562	29.339	242	129	8	25	240	113	338	1.93e-11	60.5
BJACBGNL_00737	MER0005790	30.288	208	87	8	29	211	94	268	2.08e-11	59.7
BJACBGNL_00737	MER0006297	28.800	250	130	11	14	229	250	485	2.54e-11	60.5
BJACBGNL_00737	MER0000319	28.111	217	128	7	25	235	65	259	2.56e-11	59.7
BJACBGNL_00737	MER0005078	28.155	206	119	7	14	212	65	248	2.67e-11	59.7
BJACBGNL_00737	MER0004720	29.798	198	110	8	25	215	69	244	3.21e-11	59.3
BJACBGNL_00737	MER0019280	28.452	239	140	10	9	231	57	280	3.45e-11	59.3
BJACBGNL_00737	MER0000362	32.850	207	99	9	29	214	99	286	4.06e-11	59.3
BJACBGNL_00737	MER0016688	29.098	244	125	12	25	235	70	298	8.49e-11	58.2
BJACBGNL_00737	MER0000361	31.754	211	96	11	29	214	105	292	1.21e-10	57.8
BJACBGNL_00737	MER0014446	28.319	226	117	9	28	230	196	399	2.00e-10	57.4
BJACBGNL_00737	MER0001454	23.774	265	144	7	25	231	63	327	4.09e-10	56.2
BJACBGNL_00737	MER0002790	29.730	222	122	9	29	229	1	209	4.57e-10	55.5
BJACBGNL_00737	MER0000335	29.665	209	116	9	25	225	65	250	7.35e-10	55.1
BJACBGNL_00737	MER0016986	25.681	257	127	10	25	229	86	330	1.01e-09	55.1
BJACBGNL_00737	MER0025143	27.119	236	112	9	17	214	59	272	1.07e-09	55.1
BJACBGNL_00737	MER0015436	35.294	85	47	2	162	238	353	437	1.23e-09	55.1
BJACBGNL_00737	MER0022415	25.243	206	136	5	28	229	82	273	1.75e-09	54.7
BJACBGNL_00737	MER0001451	24.632	272	150	8	21	240	59	327	3.47e-09	53.5
BJACBGNL_00737	MER0000357	29.384	211	115	11	22	217	66	257	4.42e-09	53.1
BJACBGNL_00737	MER0068994	28.571	280	138	14	29	251	109	383	5.37e-09	53.1
BJACBGNL_00737	MER0000325	29.108	213	117	9	25	229	66	252	5.76e-09	52.8
BJACBGNL_00737	MER0003122	26.038	265	138	12	25	233	85	347	5.78e-09	53.1
BJACBGNL_00737	MER0016983	30.734	218	107	12	25	219	67	263	6.74e-09	52.4
BJACBGNL_00737	MER0002500	28.634	227	124	10	13	212	136	351	9.52e-09	52.4
BJACBGNL_00737	MER0005931	41.818	55	32	0	174	228	164	218	1.04e-08	51.6
BJACBGNL_00737	MER0000338	29.060	234	127	11	19	238	62	270	1.12e-08	51.6
BJACBGNL_00737	MER0005859	28.854	253	121	13	25	235	238	473	1.30e-08	52.0
BJACBGNL_00737	MER0001368	22.519	262	151	7	25	236	81	340	1.47e-08	51.6
BJACBGNL_00737	MER0006023	27.876	226	128	7	25	231	98	307	1.89e-08	51.2
BJACBGNL_00737	MER0037258	31.841	201	112	10	59	239	107	302	1.98e-08	51.2
BJACBGNL_00737	MER0000356	29.187	209	110	10	24	217	84	269	2.27e-08	51.2
BJACBGNL_00737	MER0000344	28.182	220	122	8	21	227	80	276	2.32e-08	50.8
BJACBGNL_00737	MER0067924	27.542	236	123	9	24	230	58	274	2.47e-08	50.4
BJACBGNL_00737	MER0006036	36.486	74	34	1	175	235	371	444	5.24e-08	50.1
BJACBGNL_00737	MER0000350	23.256	258	144	10	23	235	84	332	5.40e-08	50.1
BJACBGNL_00737	MER0015431	24.068	295	156	13	29	261	86	374	5.48e-08	50.1
BJACBGNL_00737	MER0004652	37.313	67	32	1	175	231	441	507	7.15e-08	50.1
BJACBGNL_00737	MER0055027	34.000	100	60	3	28	124	72	168	8.48e-08	49.3
BJACBGNL_00737	MER0004123	27.711	249	132	13	17	228	68	305	1.16e-07	48.9
BJACBGNL_00737	MER0005756	31.818	88	48	2	162	237	293	380	1.82e-07	48.5
BJACBGNL_00737	MER0015437	37.500	64	39	1	175	238	373	435	1.89e-07	48.5
BJACBGNL_00737	MER0000336	27.919	197	113	7	21	210	73	247	2.11e-07	47.8
BJACBGNL_00737	MER0000347	27.386	241	140	10	25	244	115	341	2.11e-07	48.5
BJACBGNL_00737	MER0002739	28.340	247	119	9	25	234	94	319	2.42e-07	48.1
BJACBGNL_00737	MER0005034	35.354	99	44	4	163	241	345	443	2.67e-07	48.1
BJACBGNL_00737	MER0005774	31.111	90	49	3	162	238	344	433	2.91e-07	47.8
BJACBGNL_00737	MER0005775	27.848	79	51	1	166	238	375	453	2.99e-07	47.8
BJACBGNL_00737	MER0014325	23.368	291	143	11	17	235	57	339	3.24e-07	47.8
BJACBGNL_00737	MER0005710	31.579	95	50	3	153	232	340	434	4.37e-07	47.4
BJACBGNL_00737	MER0015433	33.696	92	44	4	162	238	352	441	4.86e-07	47.4
BJACBGNL_00737	MER0015438	36.000	75	34	2	175	236	381	454	5.28e-07	47.0
BJACBGNL_00737	MER0016991	26.360	239	133	7	25	233	74	299	5.58e-07	47.0
BJACBGNL_00737	MER0013641	26.667	240	128	11	28	235	82	305	6.49e-07	46.6
BJACBGNL_00737	MER0013893	32.558	86	47	2	159	233	426	511	6.89e-07	47.0
BJACBGNL_00737	MER0000340	25.514	243	140	10	25	248	70	290	8.02e-07	46.2
BJACBGNL_00737	MER0014311	30.851	94	45	3	162	235	310	403	8.05e-07	46.6
BJACBGNL_00737	MER0014328	23.239	284	137	13	25	231	83	362	8.40e-07	46.2
BJACBGNL_00737	MER0114485	28.270	237	129	10	29	226	106	340	1.17e-06	45.8
BJACBGNL_00737	MER0004988	26.522	230	140	9	25	241	67	280	1.23e-06	45.4
BJACBGNL_00737	MER0028258	28.682	129	76	5	12	124	85	213	1.30e-06	45.8
BJACBGNL_00737	MER0015432	23.333	270	146	12	29	237	87	356	1.87e-06	45.4
BJACBGNL_00737	MER0014465	32.990	97	51	3	145	229	350	444	2.31e-06	45.1
BJACBGNL_00737	MER0000348	24.242	231	125	8	25	211	84	308	3.27e-06	44.7
BJACBGNL_00737	MER0015429	24.579	297	132	11	24	228	108	404	4.28e-06	44.3
BJACBGNL_00737	MER0005610	33.766	77	40	1	175	240	267	343	4.57e-06	43.9
BJACBGNL_00737	MER0005700	26.966	89	52	2	162	237	275	363	4.65e-06	44.3
BJACBGNL_00737	MER0014313	40.426	47	28	0	192	238	335	381	4.87e-06	43.9
BJACBGNL_00737	MER0014312	39.130	46	28	0	192	237	361	406	5.85e-06	43.9
BJACBGNL_00737	MER0001467	24.074	270	141	10	25	231	68	336	6.68e-06	43.5
BJACBGNL_00737	MER0003256	24.419	172	95	9	29	187	60	209	9.27e-06	42.7
BJACBGNL_00737	MER0005760	32.468	77	41	2	175	240	268	344	9.33e-06	43.1
BJACBGNL_00739	MER0002655	34.694	196	114	4	1	185	142	334	2.80e-29	108
BJACBGNL_00739	MER0002007	34.286	175	111	3	1	174	152	323	3.53e-28	105
BJACBGNL_00739	MER0002014	31.500	200	126	5	1	196	148	340	1.67e-23	93.2
BJACBGNL_00739	MER0002659	31.492	181	115	4	1	177	148	323	2.22e-22	90.1
BJACBGNL_00739	MER0003770	34.146	164	107	1	1	164	136	298	1.17e-20	85.1
BJACBGNL_00739	MER0002013	28.571	182	123	3	1	178	148	326	2.93e-19	81.3
BJACBGNL_00739	MER0005155	29.348	184	122	4	1	179	141	321	3.52e-17	75.5
BJACBGNL_00739	MER0005173	24.204	157	111	3	1	157	132	280	5.66e-08	48.5
BJACBGNL_00792	MER0045886	46.491	228	119	3	1	226	10	236	5.73e-63	202
BJACBGNL_00792	MER0038086	38.095	210	115	3	3	197	27	236	3.25e-43	150
BJACBGNL_00792	MER0044889	35.776	232	138	5	2	227	16	242	1.82e-37	135
BJACBGNL_00792	MER0436735	29.885	261	146	5	3	226	2	262	1.39e-35	130
BJACBGNL_00792	MER0042974	35.789	190	115	3	12	194	1	190	4.01e-32	119
BJACBGNL_00792	MER0043387	37.079	178	108	3	20	195	1	176	1.17e-31	117
BJACBGNL_00792	MER0043537	34.066	182	115	4	5	183	2	181	1.51e-26	103
BJACBGNL_00792	MER0043394	29.752	121	72	4	71	184	48	162	1.63e-07	48.1
BJACBGNL_00792	MER0045094	25.926	162	102	5	71	221	84	238	3.98e-07	48.1
BJACBGNL_00792	MER0044622	26.705	176	111	6	39	206	68	233	5.84e-07	47.8
BJACBGNL_00792	MER0043392	27.329	161	113	4	27	185	1	159	6.98e-07	46.2
BJACBGNL_00816	MER0042827	56.701	97	42	0	980	1076	1	97	3.94e-30	112
BJACBGNL_00838	MER0195376	34.536	194	111	5	228	416	1	183	8.37e-22	89.7
BJACBGNL_00838	MER0003514	27.545	167	99	4	226	392	1	145	4.32e-08	49.7
BJACBGNL_00838	MER0001297	27.211	147	84	2	226	371	1	125	3.32e-07	47.4
BJACBGNL_00838	MER0003413	29.114	158	91	5	227	384	2	138	3.82e-06	44.3
BJACBGNL_00927	MER0005900	33.871	372	221	8	52	414	24	379	3.13e-46	161
BJACBGNL_00929	MER0035254	24.865	555	333	17	183	675	1	533	1.75e-38	147
BJACBGNL_00929	MER0006198	26.325	547	322	19	183	681	1	514	1.94e-36	140
BJACBGNL_00929	MER0030255	24.561	570	344	22	183	681	1	555	2.85e-24	104
BJACBGNL_00929	MER0003306	25.418	299	209	7	224	520	41	327	8.82e-15	74.3
BJACBGNL_00931	MER0004090	28.429	401	223	16	577	945	2	370	6.54e-31	122
BJACBGNL_00931	MER0035017	25.564	399	242	14	584	945	1	381	3.88e-30	120
BJACBGNL_00931	MER0003800	25.781	384	243	12	578	940	10	372	5.07e-23	99.8
BJACBGNL_00931	MER0354941	25.943	212	117	9	600	796	11	197	3.79e-07	48.5
BJACBGNL_00931	MER0004154	25.405	370	190	19	620	959	31	344	6.80e-07	49.3
BJACBGNL_00931	MER0017069	21.463	205	131	4	593	794	4	181	1.06e-06	48.5
BJACBGNL_00970	MER0004468	25.281	356	180	12	81	435	147	417	8.66e-16	75.9
BJACBGNL_00970	MER0004468	38.806	67	39	1	9	75	5	69	8.62e-06	44.7
BJACBGNL_00970	MER0897124	29.741	232	136	6	219	435	198	417	2.18e-14	71.2
BJACBGNL_00970	MER0897124	38.028	71	42	1	5	75	1	69	5.91e-06	45.1
BJACBGNL_00970	MER0004469	26.623	154	105	3	4	156	3	149	6.15e-12	63.9
BJACBGNL_00970	MER0004480	29.474	190	118	7	12	196	1	179	2.28e-11	61.6
BJACBGNL_00970	MER0004474	30.833	120	70	5	15	133	89	196	4.04e-08	51.6
BJACBGNL_00970	MER0004471	28.358	134	81	5	9	140	89	209	3.20e-06	45.8
BJACBGNL_01052	MER0026213	28.333	120	79	2	51	165	136	253	1.13e-06	44.7
BJACBGNL_01052	MER0014135	25.749	167	115	5	5	166	106	268	8.41e-06	42.0
BJACBGNL_01088	MER0078640	37.534	365	195	8	11	360	1	347	1.70e-67	214
BJACBGNL_01088	MER0060647	35.440	364	207	7	11	360	1	350	8.57e-66	209
BJACBGNL_01088	MER0043540	38.983	236	130	5	137	367	1	227	7.99e-51	167
BJACBGNL_01088	MER0044812	37.190	242	134	4	138	365	1	238	3.68e-48	160
BJACBGNL_01088	MER0045945	41.000	200	113	4	161	360	15	209	1.93e-45	152
BJACBGNL_01088	MER0115185	52.899	138	63	1	222	359	8	143	3.63e-42	141
BJACBGNL_01088	MER0046161	39.720	214	110	5	161	360	33	241	5.22e-39	137
BJACBGNL_01088	MER0436691	30.303	264	143	3	101	360	14	240	1.58e-38	135
BJACBGNL_01088	MER0043387	26.901	171	100	5	199	356	3	161	5.55e-07	46.2
BJACBGNL_01088	MER0043195	25.478	157	101	6	222	363	54	209	1.05e-06	46.2
BJACBGNL_01102	MER0069741	41.053	95	54	2	187	281	70	162	2.87e-19	80.1
BJACBGNL_01102	MER0005300	40.426	94	55	1	192	285	70	162	5.14e-16	71.2
BJACBGNL_01102	MER0003380	30.081	123	82	2	159	281	113	231	1.08e-15	72.0
BJACBGNL_01102	MER0003376	30.469	128	69	5	175	285	33	157	2.07e-13	63.9
BJACBGNL_01102	MER0003906	33.333	105	63	3	187	285	1	104	2.72e-13	62.0
BJACBGNL_01102	MER0003423	34.091	88	55	2	186	271	31	117	2.62e-11	57.4
BJACBGNL_01102	MER0013541	31.395	86	58	1	187	272	1	85	1.42e-10	53.9
BJACBGNL_01102	MER0001419	33.333	87	55	2	187	271	32	117	1.78e-10	55.1
BJACBGNL_01102	MER0066182	29.703	101	67	3	187	285	92	190	5.31e-08	48.9
BJACBGNL_01102	MER0387040	27.000	100	71	2	187	285	1	99	1.07e-07	46.2
BJACBGNL_01102	MER0015415	28.889	90	62	2	184	272	61	149	5.94e-07	45.4
BJACBGNL_01111	MER0198917	43.501	377	205	5	18	391	1	372	2.95e-104	317
BJACBGNL_01111	MER1054487	40.310	387	207	7	18	391	1	376	7.32e-91	282
BJACBGNL_01111	MER0037955	26.752	157	89	5	186	337	132	267	2.42e-07	49.3
BJACBGNL_01173	MER0003338	58.824	136	56	0	204	339	1	136	3.13e-49	159
BJACBGNL_01173	MER0003303	54.412	136	59	2	204	339	1	133	8.28e-42	139
BJACBGNL_01173	MER0013976	46.825	126	64	2	204	329	1	123	3.09e-33	116
BJACBGNL_01173	MER0017622	25.573	262	164	5	30	274	1	248	4.80e-25	99.0
BJACBGNL_01173	MER0003336	41.935	93	52	2	204	296	1	91	2.73e-16	72.0
BJACBGNL_01173	MER0034967	24.631	203	119	6	91	271	1	191	1.45e-11	60.1
BJACBGNL_01173	MER0016969	35.897	78	44	1	204	275	1	78	2.36e-10	55.8
BJACBGNL_01173	MER0003299	40.278	72	43	0	204	275	1	72	1.94e-07	46.6
BJACBGNL_01173	MER0011465	29.839	124	77	3	204	322	1	119	1.28e-06	44.3
BJACBGNL_01200	MER0000474	53.125	192	90	0	28	219	15	206	1.59e-75	224
BJACBGNL_01200	MER0005687	51.337	187	86	1	30	216	26	207	2.66e-66	200
BJACBGNL_01200	MER0002211	49.735	189	95	0	28	216	15	203	5.77e-65	197
BJACBGNL_01200	MER0006046	47.090	189	100	0	28	216	15	203	1.80e-62	191
BJACBGNL_01200	MER0002299	50.270	185	92	0	31	215	12	196	2.13e-62	190
BJACBGNL_01200	MER0004857	48.187	193	98	2	26	217	13	204	2.54e-61	187
BJACBGNL_01200	MER0006063	46.154	182	98	0	35	216	23	204	7.95e-58	179
BJACBGNL_01200	MER0004847	47.368	190	99	1	31	219	18	207	2.72e-56	175
BJACBGNL_01200	MER0004855	43.333	180	102	0	37	216	26	205	2.58e-55	172
BJACBGNL_01200	MER0006056	46.857	175	92	1	45	219	37	210	3.59e-54	169
BJACBGNL_01200	MER0006308	37.288	177	110	1	40	215	17	193	1.61e-46	149
BJACBGNL_01200	MER0004182	42.197	173	100	0	44	216	27	199	4.30e-46	149
BJACBGNL_01200	MER0011666	41.420	169	97	2	50	216	17	185	1.89e-43	141
BJACBGNL_01261	MER0006198	27.473	546	317	21	183	681	1	514	9.68e-40	150
BJACBGNL_01261	MER0035254	23.670	545	352	14	183	675	1	533	1.23e-37	144
BJACBGNL_01261	MER0030255	23.316	579	340	22	183	681	1	555	4.28e-21	94.4
BJACBGNL_01261	MER0003306	24.521	261	181	6	183	436	1	252	3.48e-12	66.2
BJACBGNL_01263	MER0004090	27.249	389	229	14	577	938	2	363	1.50e-27	112
BJACBGNL_01263	MER0035017	24.010	404	242	14	584	945	1	381	1.91e-26	109
BJACBGNL_01263	MER0003800	26.234	385	236	13	578	938	10	370	1.66e-21	95.1
BJACBGNL_01277	MER0000576	42.609	115	65	1	28	142	1	114	1.85e-33	110
BJACBGNL_01277	MER0000569	40.351	114	66	2	28	140	1	113	2.86e-18	72.4
BJACBGNL_01277	MER0006172	38.961	77	47	0	50	126	2	78	4.17e-13	57.8
BJACBGNL_01277	MER0000587	32.143	84	51	2	49	126	34	117	1.85e-07	44.3
BJACBGNL_01277	MER0022664	31.169	77	52	1	59	135	48	123	2.59e-07	43.9
BJACBGNL_01282	MER0031614	25.794	252	159	10	18	256	86	322	5.06e-14	67.8
BJACBGNL_01282	MER0017142	30.631	111	67	2	16	126	15	115	6.23e-10	55.1
BJACBGNL_01282	MER0031611	19.713	279	190	7	4	260	28	294	2.46e-09	53.5
BJACBGNL_01282	MER0036068	22.308	260	169	9	9	248	47	293	4.88e-09	52.8
BJACBGNL_01282	MER0011509	22.420	281	174	11	5	249	29	301	2.34e-08	50.8
BJACBGNL_01282	MER0031617	21.176	255	176	7	12	246	31	280	4.90e-08	49.7
BJACBGNL_01282	MER0000431	25.694	144	101	3	16	159	34	171	7.75e-08	49.3
BJACBGNL_01282	MER0036076	23.200	250	164	8	11	248	58	291	2.47e-07	47.8
BJACBGNL_01282	MER0017033	24.060	266	163	13	4	249	53	299	5.21e-07	46.6
BJACBGNL_01282	MER0044581	33.628	113	65	5	8	114	64	172	1.70e-06	45.1
BJACBGNL_01282	MER0017177	24.510	102	73	2	13	113	32	130	2.70e-06	44.7
BJACBGNL_01282	MER0036056	22.892	249	170	8	16	249	80	321	5.14e-06	43.5
BJACBGNL_01325	MER0005300	26.347	167	113	5	240	402	2	162	4.44e-06	43.5
BJACBGNL_01337	MER0044357	27.895	190	103	6	39	199	67	251	2.31e-15	73.6
BJACBGNL_01337	MER0044357	32.456	114	72	3	208	320	340	449	6.88e-09	53.5
BJACBGNL_01346	MER0001243	38.462	247	150	2	1	245	3	249	3.68e-61	191
BJACBGNL_01346	MER0001342	36.680	259	152	1	1	247	3	261	1.97e-54	174
BJACBGNL_01346	MER0005690	34.177	237	155	1	9	245	11	246	1.93e-48	158
BJACBGNL_01346	MER0015127	34.583	240	156	1	6	245	8	246	3.99e-47	154
BJACBGNL_01346	MER0013450	32.000	250	168	2	1	248	1	250	2.52e-45	150
BJACBGNL_01346	MER0013929	33.051	236	157	1	1	236	3	237	4.70e-45	149
BJACBGNL_01346	MER0015128	30.769	247	167	3	2	245	2	247	2.67e-44	147
BJACBGNL_01346	MER0013589	31.687	243	165	1	3	245	1	242	3.45e-40	136
BJACBGNL_01346	MER0004931	27.805	205	132	6	3	203	5	197	8.74e-18	77.0
BJACBGNL_01346	MER0010972	23.265	245	170	2	1	245	3	229	9.13e-18	77.4
BJACBGNL_01346	MER0011746	28.505	214	134	8	12	212	14	221	2.87e-14	68.6
BJACBGNL_01346	MER0003880	28.342	187	119	5	31	213	25	200	3.75e-13	65.1
BJACBGNL_01346	MER0024896	26.549	113	83	0	3	115	5	117	1.60e-12	63.9
BJACBGNL_01346	MER0024896	28.409	88	62	1	158	245	380	466	3.37e-09	53.9
BJACBGNL_01346	MER0001728	31.280	211	118	10	13	206	15	215	6.23e-12	61.6
BJACBGNL_01346	MER0001244	28.378	148	97	4	1	145	2	143	2.49e-11	59.3
BJACBGNL_01346	MER0005462	23.864	176	128	2	3	177	5	175	3.88e-11	58.5
BJACBGNL_01346	MER0004532	25.698	179	120	3	3	177	5	174	5.97e-11	57.8
BJACBGNL_01346	MER0002038	23.077	234	169	6	3	234	5	229	1.75e-09	53.5
BJACBGNL_01346	MER0013463	23.529	221	137	8	3	203	5	213	5.34e-08	49.7
BJACBGNL_01346	MER0005715	24.038	208	142	7	2	203	4	201	5.89e-06	43.1
BJACBGNL_01360	MER0056525	49.580	238	117	2	405	641	1	236	5.88e-81	253
BJACBGNL_01360	MER0005496	50.000	232	115	1	405	636	1	231	1.31e-76	243
BJACBGNL_01360	MER0011224	47.845	232	120	1	405	636	1	231	2.15e-76	243
BJACBGNL_01360	MER0011748	49.784	231	113	2	405	634	1	229	6.05e-76	241
BJACBGNL_01360	MER0015609	48.918	231	113	2	405	634	1	227	5.11e-75	239
BJACBGNL_01360	MER0023544	45.259	232	126	1	405	636	1	231	2.15e-71	229
BJACBGNL_01360	MER0015194	45.887	231	120	2	406	634	2	229	1.76e-67	219
BJACBGNL_01360	MER0002605	44.206	233	126	2	405	636	1	230	2.15e-67	218
BJACBGNL_01360	MER0015195	46.352	233	122	3	405	636	1	231	2.23e-67	219
BJACBGNL_01360	MER0002600	42.489	233	131	2	405	636	1	231	3.12e-64	210
BJACBGNL_01360	MER0014306	43.534	232	130	1	405	636	1	231	8.00e-64	209
BJACBGNL_01360	MER0024898	45.259	232	124	3	405	634	1	231	8.76e-63	206
BJACBGNL_01360	MER0171760	37.313	268	161	3	370	634	1	264	8.70e-60	198
BJACBGNL_01360	MER0004454	41.126	231	135	1	405	634	1	231	1.45e-55	187
BJACBGNL_01360	MER0005466	40.086	232	133	3	406	631	2	233	3.68e-54	182
BJACBGNL_01360	MER0002602	41.176	221	124	2	406	620	2	222	3.14e-50	172
BJACBGNL_01360	MER0015199	40.773	233	131	3	405	631	1	232	3.15e-50	173
BJACBGNL_01360	MER0002563	35.470	234	141	4	406	629	2	235	6.11e-45	157
BJACBGNL_01360	MER0001620	38.912	239	136	4	405	633	1	239	3.93e-44	156
BJACBGNL_01360	MER0002408	36.100	241	143	6	405	638	1	237	1.74e-43	153
BJACBGNL_01360	MER0011745	35.950	242	142	7	405	638	1	237	5.21e-43	152
BJACBGNL_01360	MER0017637	36.596	235	137	5	406	629	2	235	4.99e-42	149
BJACBGNL_01360	MER0015193	36.596	235	139	5	405	631	1	233	1.96e-40	145
BJACBGNL_01360	MER0015137	33.884	242	147	7	405	638	1	237	2.27e-40	145
BJACBGNL_01360	MER0015197	33.636	220	143	2	417	634	13	231	3.92e-40	144
BJACBGNL_01360	MER0002608	38.153	249	149	4	406	649	2	250	5.99e-40	144
BJACBGNL_01360	MER0005755	34.764	233	140	3	406	635	2	225	8.89e-36	131
BJACBGNL_01360	MER0014324	34.649	228	135	4	405	629	1	217	6.09e-35	129
BJACBGNL_01360	MER0190705	34.632	231	140	3	406	634	1	222	6.24e-35	129
BJACBGNL_01360	MER0190577	32.456	228	140	3	405	629	1	217	6.86e-35	129
BJACBGNL_01360	MER0024900	34.529	223	135	4	406	625	2	216	3.73e-33	124
BJACBGNL_01360	MER0015690	34.234	222	134	6	405	614	1	222	1.03e-32	124
BJACBGNL_01360	MER0011120	35.135	222	132	6	405	614	1	222	2.70e-32	122
BJACBGNL_01360	MER0002197	33.333	219	135	3	405	620	1	211	1.34e-30	117
BJACBGNL_01360	MER0001246	31.515	165	101	3	433	594	18	173	1.56e-20	86.3
BJACBGNL_01360	MER0015204	26.016	246	151	7	406	620	2	247	5.44e-18	82.0
BJACBGNL_01398	MER0005900	33.568	426	237	9	23	440	4	391	6.15e-57	189
