DPHMDKOJ_00088	MER0013541	40.299	67	39	1	312	377	2	68	4.62e-07	44.7
DPHMDKOJ_00088	MER0005300	27.000	100	72	1	309	407	63	162	1.96e-06	44.7
DPHMDKOJ_00099	MER0069741	46.154	117	61	2	181	297	50	164	1.36e-28	105
DPHMDKOJ_00099	MER0003380	50.459	109	51	2	190	297	127	233	4.85e-28	106
DPHMDKOJ_00099	MER0013541	54.651	86	38	1	201	286	1	85	1.05e-23	90.1
DPHMDKOJ_00099	MER0015415	44.048	84	47	0	203	286	66	149	2.24e-19	80.9
DPHMDKOJ_00099	MER0003376	39.286	112	54	2	201	298	45	156	1.70e-17	75.9
DPHMDKOJ_00099	MER0001419	38.400	125	70	3	180	298	11	134	2.81e-15	68.9
DPHMDKOJ_00099	MER0003423	37.600	125	71	3	180	298	11	134	7.10e-15	67.8
DPHMDKOJ_00099	MER0003906	39.535	86	51	1	201	285	1	86	1.03e-13	63.5
DPHMDKOJ_00099	MER0387040	37.736	106	56	3	201	301	1	101	8.04e-12	58.2
DPHMDKOJ_00099	MER0066182	34.815	135	66	5	177	301	70	192	1.55e-11	59.7
DPHMDKOJ_00099	MER0025070	36.792	106	53	5	198	292	3	105	5.18e-08	47.8
DPHMDKOJ_00099	MER0005300	33.663	101	65	2	199	298	62	161	2.09e-07	47.0
DPHMDKOJ_00099	MER0388771	36.538	104	52	5	200	292	1	101	2.96e-07	45.4
DPHMDKOJ_00118	MER0031565	21.905	210	143	6	77	282	48	240	2.65e-07	47.8
DPHMDKOJ_00118	MER0045479	22.170	212	135	8	73	275	43	233	5.84e-06	43.5
DPHMDKOJ_00123	MER0001602	42.143	140	81	0	74	213	1	140	7.33e-37	123
DPHMDKOJ_00123	MER0027775	29.231	130	66	5	83	209	10	116	1.02e-08	48.9
DPHMDKOJ_00140	MER0000443	38.095	147	80	3	1	143	365	504	9.39e-25	103
DPHMDKOJ_00140	MER0000443	30.000	80	55	1	288	367	680	758	3.98e-07	48.9
DPHMDKOJ_00147	MER0004925	58.779	262	105	2	541	799	1	262	1.17e-107	327
DPHMDKOJ_00147	MER0014827	56.870	262	110	2	541	799	1	262	2.45e-103	316
DPHMDKOJ_00147	MER0034615	25.417	240	151	8	552	776	2	228	1.14e-12	65.5
DPHMDKOJ_00147	MER0017401	29.787	141	82	5	659	788	96	230	5.45e-12	63.5
DPHMDKOJ_00147	MER0005196	28.846	208	114	10	551	742	12	201	2.67e-11	61.6
DPHMDKOJ_00147	MER0015682	26.842	190	130	4	609	791	113	300	2.84e-11	62.4
DPHMDKOJ_00147	MER0140224	26.432	227	130	8	586	788	16	229	8.80e-11	59.7
DPHMDKOJ_00147	MER0011583	30.114	176	92	8	647	796	77	247	9.30e-11	60.1
DPHMDKOJ_00147	MER0126485	28.659	164	90	4	642	788	74	227	3.45e-10	58.2
DPHMDKOJ_00147	MER0058228	25.103	243	148	9	559	786	6	229	1.74e-09	55.8
DPHMDKOJ_00147	MER0003558	23.577	246	155	9	550	778	12	241	4.35e-09	55.1
DPHMDKOJ_00147	MER0000401	25.306	245	145	11	560	787	26	249	1.74e-08	53.1
DPHMDKOJ_00147	MER0016096	22.979	235	147	7	561	776	7	226	3.26e-08	52.4
DPHMDKOJ_00147	MER0000408	28.395	162	91	7	640	782	82	237	3.49e-08	52.4
DPHMDKOJ_00147	MER0000263	24.016	254	158	11	555	791	1	236	8.23e-07	47.8
DPHMDKOJ_00147	MER0004923	25.758	264	159	11	541	786	36	280	8.39e-07	48.5
DPHMDKOJ_00147	MER0001423	24.615	195	118	6	563	744	5	183	9.29e-07	47.8
DPHMDKOJ_00147	MER0011413	24.255	235	155	8	560	783	4	226	1.04e-06	47.8
DPHMDKOJ_00177	MER0016191	28.866	291	181	8	47	322	4	283	4.10e-36	129
DPHMDKOJ_00177	MER0016172	25.442	283	192	7	49	320	6	280	5.11e-17	77.4
DPHMDKOJ_00177	MER0016185	25.475	263	157	7	44	271	1	259	1.38e-12	64.3
DPHMDKOJ_00194	MER0066178	26.627	169	107	4	42	205	2	158	2.90e-09	53.9
DPHMDKOJ_00255	MER0025086	46.715	137	56	4	220	353	1	123	1.93e-29	110
DPHMDKOJ_00255	MER0029657	37.654	162	82	5	193	353	2	145	1.11e-20	86.3
DPHMDKOJ_00255	MER0011122	36.429	140	77	4	220	355	17	148	2.57e-17	77.0
DPHMDKOJ_00255	MER0014521	29.474	190	101	8	185	358	46	218	6.56e-08	52.4
DPHMDKOJ_00280	MER0001322	37.143	105	53	4	127	226	1	97	3.91e-17	72.0
DPHMDKOJ_00280	MER0014188	38.462	91	50	3	127	216	1	86	5.65e-15	66.2
DPHMDKOJ_00280	MER0024252	39.175	97	51	3	139	229	14	108	3.11e-13	62.0
DPHMDKOJ_00280	MER0003986	36.559	93	55	4	127	216	1	92	9.11e-11	55.1
DPHMDKOJ_00280	MER0003807	35.106	94	57	4	127	217	1	93	1.20e-10	54.7
DPHMDKOJ_00280	MER0002443	36.082	97	59	3	137	231	11	106	1.53e-10	54.3
DPHMDKOJ_00280	MER0003808	36.190	105	59	4	127	228	1	100	2.37e-10	53.5
DPHMDKOJ_00280	MER0003805	34.286	105	61	4	127	228	1	100	4.37e-10	52.8
DPHMDKOJ_00280	MER0376722	36.957	92	51	3	127	216	1	87	7.42e-10	51.6
DPHMDKOJ_00280	MER0377310	34.286	105	61	4	127	228	1	100	1.19e-09	51.6
DPHMDKOJ_00280	MER0377307	34.286	105	61	4	127	228	1	100	1.19e-09	51.6
DPHMDKOJ_00280	MER0377450	35.484	93	53	3	127	217	1	88	1.24e-09	51.2
DPHMDKOJ_00280	MER0002450	34.286	105	61	4	127	228	1	100	1.54e-09	51.2
DPHMDKOJ_00280	MER0377178	33.333	105	62	4	127	228	1	100	3.53e-08	47.4
DPHMDKOJ_00280	MER0004035	37.500	80	45	4	139	216	10	86	2.99e-07	45.1
DPHMDKOJ_00291	MER0897124	28.070	228	141	6	222	442	204	415	3.38e-17	80.1
DPHMDKOJ_00291	MER0897124	28.676	136	87	4	80	211	147	276	4.98e-09	54.7
DPHMDKOJ_00291	MER0897124	36.923	65	39	1	10	74	7	69	8.22e-06	44.7
DPHMDKOJ_00291	MER0004468	27.074	229	144	6	221	442	203	415	9.51e-17	78.6
DPHMDKOJ_00291	MER0004468	26.471	136	90	3	80	211	147	276	1.50e-07	50.1
DPHMDKOJ_00291	MER0004468	36.923	65	39	1	10	74	7	69	7.60e-06	44.7
DPHMDKOJ_00291	MER0004469	24.883	213	127	7	1	190	1	203	2.17e-16	77.4
DPHMDKOJ_00291	MER0004469	25.389	193	125	6	234	409	162	352	6.92e-09	54.3
DPHMDKOJ_00291	MER0004480	27.706	231	142	8	11	236	1	211	2.03e-14	70.9
DPHMDKOJ_00291	MER0004474	30.841	107	67	3	14	120	89	188	7.27e-06	44.7
DPHMDKOJ_00292	MER0001009	33.540	161	95	4	323	476	20	175	1.28e-22	93.6
DPHMDKOJ_00292	MER0091680	39.189	148	81	5	323	465	72	215	6.42e-22	91.7
DPHMDKOJ_00292	MER0019759	35.256	156	84	5	323	469	82	229	1.32e-20	88.2
DPHMDKOJ_00292	MER0011440	38.346	133	74	3	322	449	80	209	8.56e-20	85.5
DPHMDKOJ_00292	MER0001010	35.526	152	86	5	323	467	61	207	4.14e-19	83.2
DPHMDKOJ_00292	MER0002746	34.868	152	91	4	323	469	82	230	4.79e-19	83.6
DPHMDKOJ_00292	MER0011438	38.710	124	60	4	322	435	80	197	3.42e-18	80.5
DPHMDKOJ_00292	MER0168983	35.714	154	82	7	290	434	3	148	9.76e-18	78.2
DPHMDKOJ_00292	MER0002968	39.130	138	65	6	322	449	86	214	1.18e-17	79.3
DPHMDKOJ_00292	MER0002060	29.858	211	124	6	260	449	7	214	2.77e-17	78.2
DPHMDKOJ_00292	MER0011183	31.373	153	93	4	324	469	75	222	3.98e-17	77.8
DPHMDKOJ_00292	MER0006264	35.200	125	65	3	322	436	52	170	4.65e-17	76.6
DPHMDKOJ_00292	MER0002210	37.705	122	65	5	322	435	38	156	1.00e-16	74.7
DPHMDKOJ_00292	MER0005045	38.095	126	58	4	324	437	70	187	1.27e-16	75.9
DPHMDKOJ_00292	MER0004243	38.281	128	60	4	323	437	84	205	1.35e-16	76.3
DPHMDKOJ_00292	MER0011423	36.667	120	68	3	323	436	85	202	4.75e-16	74.3
DPHMDKOJ_00292	MER0011369	27.434	226	123	7	252	448	8	221	5.15e-16	74.7
DPHMDKOJ_00292	MER0005046	35.938	128	62	4	322	437	68	187	6.07e-16	73.9
DPHMDKOJ_00292	MER0001012	29.437	231	116	10	252	450	1	216	6.49e-16	74.3
DPHMDKOJ_00292	MER0002078	33.121	157	87	6	323	469	82	230	6.53e-16	74.7
DPHMDKOJ_00292	MER0000997	36.364	121	68	3	323	435	85	204	3.62e-15	72.0
DPHMDKOJ_00292	MER0011175	33.613	119	69	4	324	435	82	197	7.53e-15	70.9
DPHMDKOJ_00292	MER0002355	35.938	128	75	3	323	449	84	205	9.46e-15	70.9
DPHMDKOJ_00292	MER0019754	31.655	139	79	3	321	449	62	194	1.45e-14	69.7
DPHMDKOJ_00292	MER0036308	35.821	134	73	4	306	427	58	190	1.90e-14	70.1
DPHMDKOJ_00292	MER0001005	35.294	119	70	2	323	435	47	164	5.43e-14	67.8
DPHMDKOJ_00292	MER0002003	36.296	135	73	6	323	449	87	216	5.44e-14	68.6
DPHMDKOJ_00292	MER0011371	34.454	119	70	3	323	435	82	198	9.87e-14	67.4
DPHMDKOJ_00292	MER0005331	34.615	130	78	3	324	449	83	209	1.38e-13	67.0
DPHMDKOJ_00292	MER0015166	35.593	118	72	1	322	435	101	218	1.42e-13	67.4
DPHMDKOJ_00292	MER0168177	31.915	141	82	6	305	437	18	152	2.06e-13	65.5
DPHMDKOJ_00292	MER0001003	35.246	122	67	3	324	436	55	173	3.65e-13	65.5
DPHMDKOJ_00292	MER0001185	33.051	118	71	3	323	435	88	202	3.84e-13	65.9
DPHMDKOJ_00292	MER0003916	34.746	118	66	4	323	435	70	181	6.05e-13	65.1
DPHMDKOJ_00292	MER0028449	32.353	136	80	5	323	449	88	220	1.00e-12	65.1
DPHMDKOJ_00292	MER0001701	32.031	128	64	5	323	436	70	188	1.49e-12	64.3
DPHMDKOJ_00292	MER0002422	32.500	120	79	2	323	441	81	199	1.73e-12	63.9
DPHMDKOJ_00292	MER0011370	34.454	119	68	3	324	435	82	197	3.90e-12	62.8
DPHMDKOJ_00292	MER0052595	30.882	136	80	5	323	449	89	219	8.22e-12	62.4
DPHMDKOJ_00292	MER0005328	31.973	147	82	6	306	435	49	194	9.60e-12	61.6
DPHMDKOJ_00292	MER0011720	33.333	138	84	4	323	458	79	210	1.09e-11	61.6
DPHMDKOJ_00292	MER0011401	30.534	131	82	4	319	441	71	200	1.32e-11	61.2
DPHMDKOJ_00292	MER0011399	30.952	126	71	3	326	441	84	203	2.10e-11	61.2
DPHMDKOJ_00292	MER0002281	40.449	89	40	4	306	382	61	148	7.40e-10	56.6
DPHMDKOJ_00292	MER0001525	25.758	132	85	3	320	439	87	217	1.13e-09	55.8
DPHMDKOJ_00292	MER0019096	28.477	151	91	6	324	471	61	197	1.57e-09	55.1
DPHMDKOJ_00292	MER0016308	25.444	169	102	5	289	435	4	170	1.71e-09	54.7
DPHMDKOJ_00292	MER0001017	26.733	202	102	7	306	483	60	239	2.01e-09	55.5
DPHMDKOJ_00292	MER0001013	28.571	168	94	7	306	454	61	221	2.26e-09	55.5
DPHMDKOJ_00292	MER0012283	25.503	149	88	3	306	436	60	203	4.48e-09	53.9
DPHMDKOJ_00292	MER0026830	58.824	34	14	0	322	355	82	115	7.32e-09	52.8
DPHMDKOJ_00292	MER0002755	44.643	56	24	2	306	354	50	105	1.13e-08	52.8
DPHMDKOJ_00292	MER0011400	30.081	123	78	3	325	441	84	204	1.74e-08	52.8
DPHMDKOJ_00292	MER0011345	25.904	166	102	7	306	454	60	221	1.77e-08	52.8
DPHMDKOJ_00292	MER0019730	24.444	180	99	6	324	470	84	259	4.73e-08	51.6
DPHMDKOJ_00292	MER0116688	29.134	127	70	3	322	436	81	199	8.02e-08	50.4
DPHMDKOJ_00292	MER0171631	33.884	121	63	4	325	436	85	197	1.07e-07	49.7
DPHMDKOJ_00292	MER0012271	58.065	31	13	0	324	354	86	116	1.09e-07	50.4
DPHMDKOJ_00292	MER0003500	31.884	138	72	6	311	436	58	185	1.58e-07	49.3
DPHMDKOJ_00292	MER0040779	25.210	119	76	3	323	439	81	188	8.43e-07	47.0
DPHMDKOJ_00292	MER0001001	26.957	115	82	1	323	435	82	196	2.80e-06	45.4
DPHMDKOJ_00327	MER0003339	21.583	556	387	15	275	803	1	534	1.58e-25	108
DPHMDKOJ_00327	MER0006198	21.544	557	369	18	275	803	1	517	6.04e-18	84.7
DPHMDKOJ_00327	MER0003306	22.674	344	233	8	275	602	1	327	6.53e-14	72.0
DPHMDKOJ_00351	MER0069741	37.500	128	52	4	43	170	64	163	1.54e-14	68.9
DPHMDKOJ_00351	MER0015415	25.974	154	82	4	23	171	40	166	1.73e-08	51.2
DPHMDKOJ_00351	MER0003380	36.000	125	47	6	49	170	138	232	1.82e-08	52.4
DPHMDKOJ_00351	MER0003376	24.699	166	89	4	8	169	8	141	1.22e-07	48.5
DPHMDKOJ_00351	MER0013541	32.432	111	49	4	49	159	1	85	9.08e-07	44.3
DPHMDKOJ_00380	MER0168983	24.845	161	103	6	283	439	1	147	1.87e-11	59.7
DPHMDKOJ_00380	MER0005331	24.038	208	140	5	255	448	2	205	2.98e-10	57.0
DPHMDKOJ_00380	MER0168177	27.059	170	87	7	283	438	1	147	7.13e-09	52.4
DPHMDKOJ_00380	MER0019754	26.531	196	109	8	274	445	3	187	7.63e-09	52.8
DPHMDKOJ_00380	MER0002746	24.017	229	152	9	263	475	10	232	1.73e-08	52.4
DPHMDKOJ_00380	MER0005045	26.344	186	115	7	271	442	6	183	9.91e-08	49.3
DPHMDKOJ_00380	MER0011438	24.490	196	120	9	271	445	17	205	3.53e-07	48.1
DPHMDKOJ_00380	MER0002968	25.410	122	81	2	335	446	87	208	3.80e-07	48.1
DPHMDKOJ_00380	MER0001009	19.883	171	115	3	335	489	20	184	5.99e-07	47.4
DPHMDKOJ_00380	MER0001017	24.171	211	126	8	268	458	26	222	1.03e-06	47.0
DPHMDKOJ_00380	MER0011440	25.926	189	118	7	272	444	18	200	1.30e-06	46.6
DPHMDKOJ_00380	MER0002060	25.131	191	123	9	255	430	7	192	1.69e-06	46.2
DPHMDKOJ_00380	MER0002755	23.529	187	116	6	279	449	27	202	2.58e-06	45.4
DPHMDKOJ_00380	MER0001701	32.353	102	55	3	287	376	12	111	3.56e-06	45.1
DPHMDKOJ_00380	MER0012283	28.671	143	83	5	246	382	2	131	5.49e-06	44.7
DPHMDKOJ_00380	MER0005046	25.269	186	117	8	271	442	6	183	5.71e-06	44.3
DPHMDKOJ_00380	MER0011401	25.828	151	83	6	298	427	39	181	5.75e-06	44.3
DPHMDKOJ_00380	MER0006264	21.260	127	89	1	335	450	53	179	7.38e-06	43.5
DPHMDKOJ_00380	MER0001013	22.124	226	149	6	248	458	8	221	7.58e-06	44.3
DPHMDKOJ_00425	MER0014135	46.721	244	130	0	184	427	1	244	2.67e-80	247
DPHMDKOJ_00482	MER0011748	52.582	213	98	2	6	217	24	234	5.12e-78	233
DPHMDKOJ_00482	MER0015609	51.887	212	97	2	6	216	24	231	3.10e-77	231
DPHMDKOJ_00482	MER0056525	51.429	210	99	2	4	212	22	229	9.40e-77	229
DPHMDKOJ_00482	MER0005496	46.875	224	114	2	1	220	19	241	1.57e-71	216
DPHMDKOJ_00482	MER0023544	44.726	237	125	4	1	233	19	253	3.34e-69	211
DPHMDKOJ_00482	MER0011224	43.836	219	118	2	6	220	24	241	2.41e-67	206
DPHMDKOJ_00482	MER0015195	46.635	208	108	2	6	212	24	229	4.24e-67	205
DPHMDKOJ_00482	MER0002605	42.308	208	116	2	6	212	24	228	3.61e-61	190
DPHMDKOJ_00482	MER0002600	41.743	218	123	3	4	219	22	237	1.60e-60	188
DPHMDKOJ_00482	MER0015194	42.056	214	119	2	6	217	24	234	1.65e-60	188
DPHMDKOJ_00482	MER0014306	39.286	224	131	2	1	220	19	241	3.76e-56	177
DPHMDKOJ_00482	MER0024898	40.000	210	124	2	4	212	23	231	1.70e-55	176
DPHMDKOJ_00482	MER0171760	41.463	205	115	2	9	212	64	264	1.06e-52	168
DPHMDKOJ_00482	MER0004454	36.818	220	136	3	5	222	23	241	1.95e-49	160
DPHMDKOJ_00482	MER0002602	38.057	247	137	5	1	236	19	260	2.77e-49	159
DPHMDKOJ_00482	MER0015199	42.453	212	114	3	8	211	26	237	3.05e-49	160
DPHMDKOJ_00482	MER0005466	39.171	217	125	4	4	214	22	237	4.62e-49	158
DPHMDKOJ_00482	MER0015197	38.679	212	125	3	4	212	22	231	2.84e-47	154
DPHMDKOJ_00482	MER0001620	38.498	213	124	3	5	210	23	235	1.04e-44	148
DPHMDKOJ_00482	MER0002563	35.484	217	130	4	1	207	19	235	9.56e-44	144
DPHMDKOJ_00482	MER0002408	37.104	221	126	7	8	218	26	243	1.19e-40	137
DPHMDKOJ_00482	MER0015193	39.423	208	116	6	8	207	26	231	2.94e-40	135
DPHMDKOJ_00482	MER0017637	35.945	217	129	4	1	207	19	235	5.60e-40	135
DPHMDKOJ_00482	MER0002608	41.284	218	113	9	6	211	23	237	7.58e-40	135
DPHMDKOJ_00482	MER0011745	35.577	208	123	6	8	207	26	230	1.55e-39	134
DPHMDKOJ_00482	MER0190577	36.408	206	117	4	8	210	26	220	9.81e-38	129
DPHMDKOJ_00482	MER0015137	33.654	208	127	6	8	207	26	230	7.61e-37	127
DPHMDKOJ_00482	MER0002197	32.719	217	135	3	1	214	19	227	1.97e-34	121
DPHMDKOJ_00482	MER0005755	37.696	191	107	3	11	198	29	210	3.78e-34	119
DPHMDKOJ_00482	MER0190705	34.783	207	124	3	8	212	25	222	1.82e-33	117
DPHMDKOJ_00482	MER0014324	35.149	202	117	4	9	207	27	217	2.65e-32	115
DPHMDKOJ_00482	MER0015690	33.188	229	140	7	1	217	19	246	1.28e-28	105
DPHMDKOJ_00482	MER0024900	31.401	207	131	4	1	204	19	217	3.42e-28	104
DPHMDKOJ_00482	MER0011120	33.333	237	144	8	1	223	19	255	9.02e-25	95.9
DPHMDKOJ_00482	MER0001246	33.939	165	90	4	11	172	25	173	7.75e-23	88.6
DPHMDKOJ_00482	MER0015204	27.313	227	134	7	3	198	21	247	1.57e-14	68.6
DPHMDKOJ_00499	MER0036115	32.278	158	76	9	47	183	2	149	2.87e-08	50.4
DPHMDKOJ_00499	MER0035044	29.870	154	88	8	67	210	24	167	1.02e-07	48.9
DPHMDKOJ_00499	MER0035032	29.771	131	78	6	67	186	22	149	9.95e-06	42.7
DPHMDKOJ_00506	MER0034539	56.796	206	89	0	2	207	1	206	3.32e-82	252
DPHMDKOJ_00506	MER0033254	33.684	190	109	6	2	180	1	184	4.24e-23	95.5
DPHMDKOJ_00506	MER0011781	32.258	124	71	5	61	173	85	206	2.44e-07	48.9
DPHMDKOJ_00506	MER0004101	30.216	139	82	5	61	186	86	222	6.28e-07	47.8
DPHMDKOJ_00506	MER0011806	27.193	228	117	10	2	186	1	222	9.74e-07	47.0
DPHMDKOJ_00523	MER0001161	38.938	678	408	3	4	675	1	678	2.44e-171	503
DPHMDKOJ_00523	MER0001158	36.826	668	414	6	13	675	13	677	1.92e-151	451
DPHMDKOJ_00523	MER0006087	34.971	692	427	11	5	676	11	699	3.47e-139	421
DPHMDKOJ_00523	MER0015119	34.454	714	423	15	5	676	7	717	1.32e-133	407
DPHMDKOJ_00523	MER0001149	33.609	604	374	10	82	675	90	676	3.34e-102	324
DPHMDKOJ_00523	MER0108144	31.212	660	422	13	34	675	17	662	4.08e-101	320
DPHMDKOJ_00523	MER0003110	31.766	702	409	15	30	675	28	715	3.17e-98	314
DPHMDKOJ_00523	MER0001942	32.290	607	380	13	81	675	89	676	5.86e-93	299
DPHMDKOJ_00523	MER0001153	32.086	695	428	18	10	675	13	692	2.27e-84	277
DPHMDKOJ_00523	MER0079465	29.313	655	411	22	51	675	2	634	4.26e-75	251
DPHMDKOJ_00523	MER0015170	26.381	561	382	10	112	670	94	625	7.69e-59	206
DPHMDKOJ_00523	MER0001156	27.300	674	423	22	26	652	31	684	1.49e-50	184
DPHMDKOJ_00523	MER0021317	37.879	66	41	0	438	503	22	87	1.34e-09	52.4
DPHMDKOJ_00531	MER0018468	33.333	108	66	4	196	302	107	209	1.59e-06	49.3
DPHMDKOJ_00531	MER0018473	31.132	106	69	2	196	301	106	207	8.75e-06	46.6
DPHMDKOJ_00536	MER0006319	51.724	29	14	0	5	33	354	382	1.37e-07	41.6
DPHMDKOJ_00546	MER0044633	35.652	115	61	4	75	180	66	176	2.52e-12	63.5
DPHMDKOJ_00546	MER0044581	33.628	113	61	5	78	180	67	175	1.10e-10	58.5
DPHMDKOJ_00546	MER0044578	35.185	108	56	5	83	180	74	177	1.19e-10	58.5
DPHMDKOJ_00546	MER0011509	24.028	283	150	14	82	313	38	306	8.18e-10	55.8
DPHMDKOJ_00546	MER0036053	23.529	272	162	12	73	308	1	262	9.67e-10	55.1
DPHMDKOJ_00546	MER0011785	27.193	114	79	1	72	181	25	138	1.01e-09	55.5
DPHMDKOJ_00546	MER0031611	23.308	266	174	9	77	318	34	293	1.24e-09	55.1
DPHMDKOJ_00546	MER0036075	30.469	128	70	5	68	180	48	171	9.48e-09	52.8
DPHMDKOJ_00546	MER0031616	21.017	295	174	11	72	318	27	310	2.42e-08	51.2
DPHMDKOJ_00546	MER0017177	22.819	298	176	11	71	317	25	319	2.51e-08	51.2
DPHMDKOJ_00546	MER0035973	27.551	98	69	2	83	179	57	153	8.57e-08	49.7
DPHMDKOJ_00546	MER0036065	24.627	268	145	14	83	308	3	255	9.20e-08	49.3
DPHMDKOJ_00546	MER0036115	26.016	123	84	2	60	178	13	132	9.94e-08	49.3
DPHMDKOJ_00546	MER0045809	21.795	234	153	10	59	267	17	245	3.71e-06	44.7
DPHMDKOJ_00546	MER0031610	22.353	255	167	10	83	315	55	300	4.43e-06	44.3
DPHMDKOJ_00546	MER0213829	29.730	111	63	4	81	180	48	154	7.58e-06	43.9
DPHMDKOJ_00590	MER0003514	42.581	155	87	2	45	199	3	155	1.62e-37	130
DPHMDKOJ_00590	MER0001297	39.355	155	92	2	45	199	3	155	3.37e-35	124
DPHMDKOJ_00590	MER0004195	39.490	157	88	2	46	199	4	156	1.79e-32	117
DPHMDKOJ_00590	MER0001425	41.139	158	87	3	46	198	4	160	6.83e-32	115
DPHMDKOJ_00590	MER0003065	38.710	155	93	2	45	199	3	155	1.22e-30	112
DPHMDKOJ_00590	MER0003413	35.897	156	97	2	45	199	3	156	2.77e-30	111
DPHMDKOJ_00590	MER0004196	39.103	156	91	3	46	199	4	157	5.74e-29	107
DPHMDKOJ_00590	MER0015684	34.337	166	104	1	43	203	1	166	4.67e-28	105
DPHMDKOJ_00590	MER0005714	32.099	162	103	1	45	199	3	164	1.02e-27	104
DPHMDKOJ_00590	MER0001295	32.738	168	100	2	44	199	2	168	4.59e-19	80.9
DPHMDKOJ_00590	MER0030244	28.777	139	88	4	42	169	11	149	1.66e-09	53.9
DPHMDKOJ_00590	MER0030235	26.087	138	87	5	45	169	3	138	3.38e-08	50.1
DPHMDKOJ_00590	MER0195376	25.850	147	85	4	45	167	1	147	1.31e-07	48.1
DPHMDKOJ_00595	MER0492485	37.500	72	43	2	78	149	52	121	5.41e-08	47.4
DPHMDKOJ_00626	MER0028047	58.659	179	71	2	218	396	1	176	2.63e-68	212
DPHMDKOJ_00626	MER0003564	26.341	205	115	7	218	386	21	225	2.32e-07	48.5
DPHMDKOJ_00635	MER0045886	39.604	101	60	1	1	100	136	236	4.92e-18	79.7
DPHMDKOJ_00635	MER0044889	43.373	83	46	1	19	101	161	242	4.20e-15	71.2
DPHMDKOJ_00635	MER0436735	28.000	100	72	0	1	100	163	262	2.55e-12	63.5
DPHMDKOJ_00635	MER0042974	35.294	68	44	0	1	68	123	190	4.37e-08	49.7
DPHMDKOJ_00635	MER0043537	44.643	56	31	0	2	57	126	181	5.51e-08	49.3
DPHMDKOJ_00635	MER0038086	22.989	87	67	0	1	87	166	252	5.39e-06	44.3
DPHMDKOJ_00671	MER0001421	53.401	397	182	3	16	411	1	395	9.60e-150	427
DPHMDKOJ_00671	MER0028941	27.053	414	244	10	6	409	1	366	3.49e-25	102
DPHMDKOJ_00671	MER0369336	26.573	286	191	9	133	409	39	314	3.47e-19	84.7
DPHMDKOJ_00692	MER0195376	34.010	197	105	5	226	411	1	183	4.47e-21	87.4
DPHMDKOJ_00692	MER0003065	29.487	156	87	6	226	377	3	139	5.72e-07	46.6
DPHMDKOJ_00692	MER0001295	25.175	143	83	4	225	363	2	124	2.37e-06	45.1
DPHMDKOJ_00692	MER0003413	28.571	154	93	4	225	378	2	138	2.53e-06	44.7
DPHMDKOJ_00692	MER0078760	25.862	174	102	7	215	374	1	161	7.84e-06	43.5
DPHMDKOJ_00692	MER0004196	26.429	140	89	4	224	363	1	126	8.50e-06	43.1
DPHMDKOJ_00711	MER0217397	57.895	76	32	0	3	78	604	679	1.05e-26	98.6
DPHMDKOJ_00711	MER0014366	48.718	78	40	0	1	78	635	712	7.65e-23	87.8
DPHMDKOJ_00711	MER0039993	51.282	78	38	0	1	78	619	696	2.48e-22	86.3
DPHMDKOJ_00711	MER0501051	45.333	75	41	0	3	77	325	399	1.63e-17	72.4
DPHMDKOJ_00722	MER0048181	30.070	143	84	2	47	174	1	142	3.41e-12	58.9
DPHMDKOJ_00722	MER0015472	30.769	130	87	1	52	178	50	179	1.53e-11	58.2
DPHMDKOJ_00722	MER0015473	31.034	145	88	4	47	179	37	181	9.34e-11	56.2
DPHMDKOJ_00722	MER0035036	30.714	140	87	3	45	178	86	221	3.84e-09	52.0
DPHMDKOJ_00722	MER0015462	35.366	82	51	1	39	120	40	119	6.50e-09	50.8
DPHMDKOJ_00722	MER0015459	29.310	174	101	4	39	204	42	201	7.85e-09	51.2
DPHMDKOJ_00722	MER0030047	28.571	133	85	3	52	178	3	131	2.87e-08	48.1
DPHMDKOJ_00722	MER0015632	32.609	92	51	2	39	123	37	124	6.14e-08	48.1
DPHMDKOJ_00722	MER0015659	34.091	88	54	2	35	121	37	121	2.80e-06	43.5
DPHMDKOJ_00722	MER0015458	27.128	188	105	5	40	205	45	222	7.32e-06	42.4
DPHMDKOJ_00740	MER0001423	67.213	122	40	0	1	122	111	232	1.23e-57	176
DPHMDKOJ_00740	MER0000399	46.512	129	65	3	1	126	132	259	1.50e-33	115
DPHMDKOJ_00740	MER0000401	44.961	129	68	2	1	126	133	261	5.13e-33	114
DPHMDKOJ_00740	MER0011305	42.308	130	69	4	1	126	128	255	2.41e-28	102
DPHMDKOJ_00740	MER0058228	41.732	127	72	2	1	126	117	242	2.73e-28	101
DPHMDKOJ_00740	MER0005987	40.984	122	67	3	5	123	140	259	3.47e-28	101
DPHMDKOJ_00740	MER0000405	43.966	116	63	2	13	126	154	269	5.29e-28	101
DPHMDKOJ_00740	MER0011413	38.889	126	74	1	1	123	114	239	5.36e-27	98.2
DPHMDKOJ_00740	MER0005994	38.889	126	74	2	1	124	138	262	1.29e-26	97.4
DPHMDKOJ_00740	MER0011231	41.880	117	65	2	12	127	148	262	2.22e-26	97.1
DPHMDKOJ_00740	MER0000404	44.144	111	59	2	11	118	146	256	7.41e-26	95.5
DPHMDKOJ_00740	MER0005196	36.364	121	76	1	1	121	131	250	8.52e-25	92.4
DPHMDKOJ_00740	MER0013484	42.593	108	59	1	1	105	114	221	2.17e-24	91.3
DPHMDKOJ_00740	MER0004923	38.889	126	74	1	1	123	165	290	2.48e-24	92.0
DPHMDKOJ_00740	MER0004193	39.823	113	65	2	11	122	122	232	1.89e-23	89.0
DPHMDKOJ_00740	MER0004504	39.669	121	64	4	1	113	109	228	1.13e-22	86.7
DPHMDKOJ_00740	MER0005988	33.962	106	69	1	1	105	6	111	2.19e-20	77.8
DPHMDKOJ_00740	MER0192427	38.235	102	62	1	5	105	177	278	3.95e-20	80.9
DPHMDKOJ_00740	MER0195666	33.333	132	83	1	1	127	109	240	2.45e-19	78.2
DPHMDKOJ_00740	MER0004921	32.258	124	80	2	1	121	112	234	9.70e-19	76.3
DPHMDKOJ_00740	MER0004199	37.069	116	64	5	13	126	116	224	1.32e-18	75.9
DPHMDKOJ_00740	MER0000403	29.091	110	77	1	13	121	148	257	2.70e-16	70.1
DPHMDKOJ_00740	MER0003361	34.314	102	62	3	6	103	127	227	1.15e-15	68.2
DPHMDKOJ_00740	MER0005807	29.358	109	73	1	1	105	151	259	3.28e-09	50.8
DPHMDKOJ_00740	MER0030932	35.385	65	42	0	39	103	160	224	1.06e-07	46.2
DPHMDKOJ_00740	MER0003558	23.684	114	80	1	4	110	133	246	3.01e-07	45.1
DPHMDKOJ_00740	MER0140224	32.099	81	54	1	26	105	139	219	4.65e-06	41.6
DPHMDKOJ_00749	MER0000589	49.020	51	26	0	295	345	179	229	9.11e-11	58.5
DPHMDKOJ_00749	MER0013626	30.303	99	49	3	272	350	55	153	1.03e-07	48.1
DPHMDKOJ_00754	MER0035036	20.379	211	146	4	2	202	28	226	3.80e-06	43.9
DPHMDKOJ_00755	MER0015472	27.228	202	96	4	13	214	44	194	2.37e-11	57.8
DPHMDKOJ_00755	MER0030047	28.877	187	77	6	19	204	3	134	5.51e-10	52.8
DPHMDKOJ_00755	MER0015458	26.804	194	96	5	12	201	50	201	1.61e-09	53.1
DPHMDKOJ_00755	MER0015473	25.366	205	106	3	13	214	36	196	1.82e-09	52.8
DPHMDKOJ_00755	MER0015459	37.736	53	33	0	12	64	48	100	2.23e-09	52.8
DPHMDKOJ_00755	MER0035036	25.000	200	95	5	2	198	74	221	2.70e-09	52.4
DPHMDKOJ_00755	MER0015631	36.842	57	36	0	7	63	45	101	7.95e-09	50.8
DPHMDKOJ_00755	MER0015633	35.185	54	35	0	10	63	46	99	4.28e-08	48.9
DPHMDKOJ_00755	MER0047976	34.375	64	41	1	4	66	3	66	6.61e-08	47.8
DPHMDKOJ_00755	MER0015462	35.417	48	31	0	12	59	46	93	1.94e-07	46.6
DPHMDKOJ_00755	MER0015468	38.596	57	35	0	3	59	35	91	2.02e-07	46.6
DPHMDKOJ_00755	MER0015630	35.185	54	35	0	10	63	49	102	4.08e-07	45.8
DPHMDKOJ_00755	MER0015465	27.193	114	58	4	1	94	31	139	1.62e-06	43.9
DPHMDKOJ_00755	MER0017194	43.478	46	26	0	14	59	64	109	2.69e-06	43.5
DPHMDKOJ_00755	MER0015460	24.615	195	108	5	10	201	75	233	2.82e-06	43.9
DPHMDKOJ_00755	MER0015686	31.579	57	39	0	7	63	43	99	8.04e-06	42.0
DPHMDKOJ_00755	MER0048181	23.757	181	99	4	14	194	1	142	8.82e-06	41.2
DPHMDKOJ_00765	MER0001026	38.075	239	119	5	268	495	77	297	9.16e-37	137
DPHMDKOJ_00765	MER0001025	35.878	262	138	6	246	495	57	300	1.15e-36	137
DPHMDKOJ_00765	MER0029719	37.638	271	119	10	250	497	47	290	2.12e-34	130
DPHMDKOJ_00765	MER0001029	32.661	248	130	6	271	507	84	305	4.39e-29	115
DPHMDKOJ_00765	MER0004711	33.730	252	117	9	261	494	63	282	2.81e-26	107
DPHMDKOJ_00765	MER0001032	33.468	248	121	7	261	495	68	284	5.71e-25	103
DPHMDKOJ_00765	MER0001047	30.252	238	122	7	271	495	84	290	1.01e-23	99.8
DPHMDKOJ_00765	MER0002103	32.719	217	114	9	304	504	112	312	1.57e-17	81.6
DPHMDKOJ_00765	MER0002810	31.068	206	100	7	304	495	122	299	3.69e-15	74.3
DPHMDKOJ_00765	MER0091601	32.836	201	94	9	304	483	82	262	1.15e-14	72.4
DPHMDKOJ_00765	MER0115298	31.156	199	100	8	304	483	82	262	1.78e-14	71.6
DPHMDKOJ_00765	MER0033481	31.122	196	102	7	318	499	136	312	3.36e-14	71.6
DPHMDKOJ_00765	MER0001024	34.031	191	88	7	301	483	106	266	4.39e-14	70.9
DPHMDKOJ_00765	MER0029943	30.964	197	107	7	304	493	107	281	7.51e-14	70.1
DPHMDKOJ_00765	MER0001045	32.178	202	88	8	258	441	89	259	4.21e-13	68.2
DPHMDKOJ_00765	MER0001043	30.151	199	104	6	304	488	114	291	2.39e-12	65.5
DPHMDKOJ_00765	MER0029796	32.000	175	92	6	304	472	114	267	1.06e-11	63.5
DPHMDKOJ_00765	MER0020240	30.964	197	100	7	304	493	114	281	6.30e-11	61.2
DPHMDKOJ_00765	MER0004744	30.526	190	98	6	322	495	131	302	9.83e-11	60.8
DPHMDKOJ_00765	MER0029961	28.141	199	98	6	322	497	159	335	1.04e-08	54.7
DPHMDKOJ_00765	MER0001039	26.442	208	115	7	304	502	126	304	4.04e-06	46.6
DPHMDKOJ_00770	MER0047723	45.684	475	257	1	7	480	1	475	3.47e-151	437
DPHMDKOJ_00770	MER0001283	42.149	484	280	0	3	486	1	484	7.22e-142	413
DPHMDKOJ_00770	MER0028941	30.058	173	97	5	12	172	1	161	5.99e-12	63.9
DPHMDKOJ_00770	MER0369336	30.357	112	64	3	65	172	8	109	2.05e-07	49.3
DPHMDKOJ_00776	MER0002646	34.853	307	161	3	142	409	1	307	2.19e-53	177
DPHMDKOJ_00776	MER0002635	38.908	293	143	8	142	408	1	283	5.57e-51	170
DPHMDKOJ_00776	MER0173063	39.033	269	157	4	144	408	2	267	8.95e-51	169
DPHMDKOJ_00776	MER0003824	37.611	226	135	4	184	408	42	262	1.22e-40	142
DPHMDKOJ_00776	MER0120615	30.515	272	174	6	144	410	1	262	2.46e-37	133
DPHMDKOJ_00776	MER0049282	35.417	240	146	5	174	409	38	272	4.48e-36	130
DPHMDKOJ_00776	MER0003772	27.888	251	168	3	165	407	24	269	6.14e-28	108
DPHMDKOJ_00776	MER0011469	27.016	248	161	2	182	409	41	288	1.47e-26	105
DPHMDKOJ_00776	MER0011470	26.619	278	174	7	161	412	15	288	2.57e-26	104
DPHMDKOJ_00776	MER0142760	29.444	180	119	2	208	381	260	437	1.56e-16	77.8
DPHMDKOJ_00776	MER0006292	27.363	201	115	9	212	409	1	173	9.18e-14	66.2
DPHMDKOJ_00806	MER0001380	35.484	279	157	7	51	320	5	269	1.30e-49	165
DPHMDKOJ_00806	MER0000437	35.640	289	163	6	71	348	26	302	1.97e-49	165
DPHMDKOJ_00806	MER0003537	32.281	285	183	8	56	339	7	282	5.05e-43	147
DPHMDKOJ_00806	MER0000436	32.103	271	172	9	56	322	6	268	3.99e-34	124
DPHMDKOJ_00806	MER0000431	28.986	138	88	5	57	191	18	148	3.10e-11	60.5
DPHMDKOJ_00806	MER0011785	33.010	103	62	3	73	172	36	134	1.36e-07	49.3
DPHMDKOJ_00806	MER0011509	27.731	119	79	4	59	174	24	138	4.57e-06	44.7
DPHMDKOJ_00857	MER0043394	44.138	145	78	2	8	151	22	164	3.18e-39	127
DPHMDKOJ_00857	MER0044622	40.645	155	84	5	1	150	64	215	1.11e-33	115
DPHMDKOJ_00857	MER0044882	38.356	146	85	4	10	150	26	171	3.44e-29	102
DPHMDKOJ_00857	MER0043392	36.735	147	82	5	10	151	23	163	7.40e-29	101
DPHMDKOJ_00857	MER0045094	35.526	152	92	4	3	150	50	199	9.83e-29	102
DPHMDKOJ_00857	MER0043195	30.189	159	97	4	5	150	51	208	3.24e-14	64.7
DPHMDKOJ_00857	MER0044619	28.947	152	99	6	2	150	50	195	3.55e-12	58.9
DPHMDKOJ_00857	MER0043537	27.451	153	104	5	1	150	35	183	1.23e-11	56.6
DPHMDKOJ_00857	MER0045945	32.117	137	74	4	10	139	75	199	2.24e-10	53.9
DPHMDKOJ_00857	MER0038086	30.508	118	73	3	38	149	109	223	1.50e-09	51.6
DPHMDKOJ_00857	MER0043387	30.263	152	88	8	5	149	25	165	1.58e-09	50.8
DPHMDKOJ_00857	MER0045095	33.333	117	73	3	38	149	108	224	1.87e-09	51.6
DPHMDKOJ_00857	MER0044889	28.378	148	95	5	6	149	59	199	4.63e-09	50.4
DPHMDKOJ_00857	MER0044812	25.000	132	89	3	10	139	100	223	4.19e-08	47.8
DPHMDKOJ_00857	MER0042974	28.099	121	70	4	37	149	69	180	8.25e-08	46.2
DPHMDKOJ_00928	MER0005687	28.804	184	109	6	18	182	31	211	2.40e-12	62.4
DPHMDKOJ_00928	MER0006056	31.429	140	85	5	50	182	76	211	1.96e-09	53.9
DPHMDKOJ_00928	MER0006046	29.851	134	87	4	52	180	74	205	7.92e-09	52.0
DPHMDKOJ_00928	MER0004857	29.747	158	88	6	40	178	50	203	9.46e-09	52.0
DPHMDKOJ_00928	MER0004855	27.407	135	93	3	50	180	74	207	1.08e-08	51.6
DPHMDKOJ_00928	MER0006063	29.268	164	84	7	40	179	50	205	1.90e-08	50.8
DPHMDKOJ_00928	MER0011666	30.769	130	83	4	55	178	57	185	2.43e-08	50.4
DPHMDKOJ_00928	MER0002211	28.148	135	90	4	52	181	74	206	4.35e-08	50.1
DPHMDKOJ_01147	MER0036115	23.616	271	174	8	40	280	32	299	1.40e-15	72.4
DPHMDKOJ_01147	MER0036053	33.071	127	83	1	38	164	3	127	4.78e-15	70.1
DPHMDKOJ_01147	MER0036072	26.562	256	153	8	41	267	78	327	2.09e-14	68.9
DPHMDKOJ_01147	MER0017177	31.148	122	81	2	30	148	21	142	1.31e-13	66.6
DPHMDKOJ_01147	MER0017123	30.065	153	93	5	15	153	2	154	2.07e-11	60.1
DPHMDKOJ_01147	MER0036075	27.778	144	97	5	35	172	62	204	3.27e-11	59.7
DPHMDKOJ_01147	MER0017193	34.091	88	57	1	31	117	13	100	4.24e-10	55.8
DPHMDKOJ_01147	MER0044633	27.586	116	78	3	44	153	74	189	5.70e-10	56.2
DPHMDKOJ_01147	MER0044581	28.947	114	74	4	36	142	64	177	6.79e-10	55.8
DPHMDKOJ_01147	MER0036065	33.010	103	62	1	44	139	3	105	1.59e-09	54.3
DPHMDKOJ_01147	MER0213829	26.471	136	92	3	20	147	26	161	1.66e-09	54.7
DPHMDKOJ_01147	MER0044578	30.189	106	67	4	44	142	74	179	1.84e-09	54.7
DPHMDKOJ_01147	MER0026339	32.174	115	74	3	30	140	9	123	6.87e-09	52.4
DPHMDKOJ_01147	MER0014065	28.947	114	77	3	30	139	19	132	3.33e-08	50.4
DPHMDKOJ_01147	MER0213280	22.759	290	175	11	34	280	17	300	4.03e-08	50.1
DPHMDKOJ_01147	MER0031619	31.193	109	72	2	43	148	28	136	6.45e-08	49.7
DPHMDKOJ_01147	MER0011785	27.329	161	99	5	27	169	18	178	1.09e-07	48.9
DPHMDKOJ_01147	MER0035044	31.183	93	62	1	42	132	32	124	2.32e-07	47.8
DPHMDKOJ_01147	MER0011509	24.828	145	91	3	8	145	11	144	2.34e-07	48.1
DPHMDKOJ_01147	MER0036054	33.673	98	63	2	44	139	17	114	3.50e-07	47.4
DPHMDKOJ_01147	MER0031616	28.947	114	61	4	43	144	39	144	1.12e-06	45.8
DPHMDKOJ_01147	MER0031611	23.741	278	178	10	28	279	21	290	2.51e-06	44.7
DPHMDKOJ_01147	MER0036084	26.471	102	71	1	44	141	20	121	2.82e-06	44.7
DPHMDKOJ_01147	MER0004146	23.729	236	161	8	29	249	4	235	2.90e-06	44.3
DPHMDKOJ_01147	MER0017033	24.390	246	151	10	42	266	62	293	2.93e-06	44.7
DPHMDKOJ_01147	MER0035032	27.957	93	65	1	42	132	30	122	6.09e-06	43.5
DPHMDKOJ_01147	MER0044900	32.955	88	54	2	45	127	96	183	9.90e-06	43.1
DPHMDKOJ_01194	MER0001244	42.481	266	135	5	175	426	1	262	1.86e-68	215
DPHMDKOJ_01194	MER0013463	37.931	261	148	4	176	425	2	259	8.74e-49	164
DPHMDKOJ_01194	MER0028601	33.582	268	159	6	175	425	1	266	1.27e-44	153
DPHMDKOJ_01194	MER0004931	32.377	244	139	6	175	414	1	222	3.72e-35	127
DPHMDKOJ_01194	MER0001733	29.452	292	164	3	175	425	1	291	5.63e-34	125
DPHMDKOJ_01194	MER0004532	32.389	247	138	6	175	416	1	223	2.40e-32	119
DPHMDKOJ_01194	MER0005462	33.891	239	132	5	175	409	1	217	1.03e-31	117
DPHMDKOJ_01194	MER0001248	31.579	247	119	6	227	426	10	253	4.32e-28	108
DPHMDKOJ_01194	MER0002038	27.197	239	147	6	176	409	2	218	5.32e-21	88.2
DPHMDKOJ_01194	MER0005715	29.114	237	142	6	176	406	2	218	9.65e-20	84.7
DPHMDKOJ_01194	MER0001250	28.090	267	155	10	177	417	3	258	8.29e-16	74.3
DPHMDKOJ_01194	MER0027437	26.772	254	142	11	175	408	1	230	6.07e-12	62.4
DPHMDKOJ_01194	MER0004321	29.101	189	93	11	232	405	64	226	1.32e-09	55.5
DPHMDKOJ_01194	MER0016542	27.933	179	90	9	237	401	91	244	5.04e-08	50.8
DPHMDKOJ_01194	MER0014518	29.032	186	95	7	232	403	65	227	6.92e-08	50.4
DPHMDKOJ_01194	MER0003105	26.829	205	111	9	231	419	65	246	5.98e-07	47.4
DPHMDKOJ_01198	MER0001350	30.909	385	242	11	64	434	36	410	3.46e-53	181
DPHMDKOJ_01198	MER0011259	30.128	156	90	6	61	198	5	159	1.73e-08	53.1
DPHMDKOJ_01198	MER0093133	33.333	105	56	4	61	153	2	104	1.36e-06	47.0
DPHMDKOJ_01202	MER0034582	24.534	322	219	8	524	834	12	320	4.16e-25	104
DPHMDKOJ_01220	MER0037236	26.190	252	164	6	13	243	11	261	9.42e-20	82.8
DPHMDKOJ_01220	MER0004146	26.136	264	150	10	13	243	10	261	3.61e-16	72.8
DPHMDKOJ_01220	MER0031611	22.500	280	185	7	1	250	14	291	2.29e-14	68.2
DPHMDKOJ_01220	MER0036066	21.633	245	163	7	22	242	1	240	1.75e-11	59.3
DPHMDKOJ_01220	MER0036068	24.066	241	161	8	22	241	54	293	3.33e-11	58.9
DPHMDKOJ_01220	MER0036076	23.109	238	156	9	22	241	63	291	3.31e-10	56.2
DPHMDKOJ_01220	MER0036057	21.811	243	162	9	22	243	63	298	2.50e-09	53.5
DPHMDKOJ_01220	MER0017033	22.273	220	145	6	44	243	87	300	3.26e-08	50.1
DPHMDKOJ_01220	MER0036056	24.219	256	145	8	22	242	80	321	1.65e-07	48.1
DPHMDKOJ_01220	MER0036067	21.849	238	166	7	22	240	52	288	1.89e-07	47.8
DPHMDKOJ_01220	MER0036073	22.568	257	144	9	22	243	80	316	2.74e-07	47.4
DPHMDKOJ_01220	MER0031610	19.259	270	177	7	11	250	43	301	1.16e-06	45.4
DPHMDKOJ_01220	MER0003537	24.390	205	113	5	81	251	88	284	1.22e-06	45.4
DPHMDKOJ_01220	MER0035973	23.353	167	112	4	87	242	125	286	2.49e-06	44.3
DPHMDKOJ_01220	MER0036059	31.461	89	52	1	153	241	271	350	5.03e-06	43.9
DPHMDKOJ_01223	MER0001295	44.324	185	89	4	365	545	3	177	1.00e-44	155
DPHMDKOJ_01223	MER0003413	37.879	132	80	2	375	506	6	135	9.40e-24	95.5
DPHMDKOJ_01223	MER0001425	34.302	172	100	4	376	545	10	170	1.55e-23	95.1
DPHMDKOJ_01223	MER0001297	38.298	141	75	4	367	506	5	134	2.71e-22	91.3
DPHMDKOJ_01223	MER0003514	35.714	182	96	5	365	545	3	164	4.61e-22	90.9
DPHMDKOJ_01223	MER0003065	35.196	179	97	4	365	543	3	162	1.54e-21	89.4
DPHMDKOJ_01223	MER0015684	33.537	164	98	5	375	535	6	161	2.43e-18	80.1
DPHMDKOJ_01223	MER0005714	34.586	133	76	4	383	506	13	143	1.17e-16	75.5
DPHMDKOJ_01223	MER0004196	29.936	157	97	4	389	543	19	164	2.02e-16	74.7
DPHMDKOJ_01223	MER0004195	30.303	165	101	5	383	545	13	165	2.30e-13	65.9
DPHMDKOJ_01227	MER0002443	40.000	100	54	3	1	99	23	117	8.93e-17	67.0
DPHMDKOJ_01227	MER0004035	34.343	99	57	3	1	98	20	111	9.34e-14	58.9
DPHMDKOJ_01227	MER0004054	34.951	103	58	5	2	100	25	122	3.48e-11	52.8
DPHMDKOJ_01227	MER0003807	32.000	100	61	2	1	99	24	117	5.18e-10	49.7
DPHMDKOJ_01227	MER0038100	34.286	105	57	4	1	100	30	127	1.46e-09	48.5
DPHMDKOJ_01227	MER0003986	30.303	99	63	3	1	98	24	117	2.85e-09	47.8
DPHMDKOJ_01227	MER0014672	29.032	93	58	2	2	94	37	121	1.01e-07	43.5
DPHMDKOJ_01227	MER0024252	35.556	90	47	4	2	87	25	107	1.12e-07	43.5
DPHMDKOJ_01227	MER0003808	34.000	100	51	5	1	97	23	110	2.16e-07	42.7
DPHMDKOJ_01287	MER0005139	28.302	212	130	6	290	486	62	266	6.66e-13	66.2
DPHMDKOJ_01287	MER0002104	27.711	166	101	5	268	432	46	193	8.71e-11	59.7
DPHMDKOJ_01287	MER0015336	33.898	118	65	2	277	394	54	158	1.18e-10	58.9
DPHMDKOJ_01287	MER0015691	31.933	119	72	2	278	394	38	149	1.77e-10	58.5
DPHMDKOJ_01287	MER0002161	34.821	112	63	4	292	403	68	169	2.25e-10	58.5
DPHMDKOJ_01287	MER0004514	33.333	111	63	4	290	395	35	139	4.94e-10	57.0
DPHMDKOJ_01287	MER0001284	43.210	81	40	3	296	373	41	118	2.03e-09	55.1
DPHMDKOJ_01287	MER0194228	25.926	216	130	6	305	514	1	192	2.10e-09	54.3
DPHMDKOJ_01287	MER0005131	27.753	227	134	8	296	510	43	251	2.58e-09	55.1
DPHMDKOJ_01287	MER0001289	26.027	219	131	7	302	514	75	268	7.79e-09	53.5
DPHMDKOJ_01287	MER0005238	31.731	104	64	1	291	394	67	163	1.33e-08	53.1
DPHMDKOJ_01287	MER0005241	34.066	91	53	2	287	375	1	86	3.43e-08	51.2
DPHMDKOJ_01287	MER0005239	29.371	143	86	4	255	395	38	167	7.93e-08	50.8
DPHMDKOJ_01287	MER0005244	32.979	94	53	3	289	381	3	87	4.27e-07	47.8
DPHMDKOJ_01287	MER0002105	26.286	175	106	5	276	447	43	197	8.66e-07	47.4
DPHMDKOJ_01287	MER0005149	29.134	127	76	4	271	396	51	164	8.70e-07	47.8
DPHMDKOJ_01287	MER0005152	28.431	102	66	1	276	377	45	139	1.27e-06	47.0
DPHMDKOJ_01288	MER0002161	24.044	183	100	5	9	170	113	277	1.28e-06	44.3
DPHMDKOJ_01288	MER0194228	24.868	189	101	8	1	174	30	192	1.33e-06	43.5
DPHMDKOJ_01288	MER0037181	28.962	183	91	8	9	170	113	277	3.25e-06	43.1
DPHMDKOJ_01288	MER0015336	26.797	153	98	6	1	147	103	247	5.75e-06	42.4
DPHMDKOJ_01288	MER0005139	46.000	50	26	1	10	58	114	163	9.45e-06	41.6
DPHMDKOJ_01334	MER0069741	39.286	112	61	2	44	149	52	162	7.97e-18	75.5
DPHMDKOJ_01334	MER0003376	31.538	130	75	3	34	156	26	148	2.57e-15	68.6
DPHMDKOJ_01334	MER0066182	33.929	112	69	2	44	150	76	187	6.00e-14	65.5
DPHMDKOJ_01334	MER0387040	36.458	96	60	1	56	150	1	96	8.33e-14	62.8
DPHMDKOJ_01334	MER0015415	33.898	118	70	3	44	153	51	168	9.91e-12	58.9
DPHMDKOJ_01334	MER0003380	29.921	127	83	2	23	149	111	231	3.22e-10	55.5
DPHMDKOJ_01334	MER0013541	36.471	85	54	0	56	140	1	85	1.53e-09	50.8
DPHMDKOJ_01334	MER0005300	32.258	93	63	0	57	149	66	158	1.42e-07	47.0
DPHMDKOJ_01334	MER0003423	31.461	89	59	2	53	139	29	117	5.99e-06	42.0
DPHMDKOJ_01334	MER0001419	32.584	89	58	2	53	139	29	117	6.41e-06	42.0
DPHMDKOJ_01373	MER0000410	65.714	280	94	1	118	397	2	279	1.81e-133	381
DPHMDKOJ_01373	MER0011872	42.007	269	153	3	134	399	16	284	2.25e-71	223
DPHMDKOJ_01373	MER0082498	40.989	283	143	7	136	394	1	283	4.74e-67	211
DPHMDKOJ_01373	MER0005694	33.935	277	176	3	127	399	9	282	1.23e-50	169
DPHMDKOJ_01373	MER0000392	31.655	278	173	5	129	394	1	273	1.37e-42	147
DPHMDKOJ_01373	MER0015621	29.195	298	187	5	119	397	1	293	2.39e-41	145
DPHMDKOJ_01373	MER0004227	35.443	237	145	2	140	375	28	257	4.15e-40	142
DPHMDKOJ_01373	MER0079308	31.203	266	172	6	134	394	6	265	1.11e-39	140
DPHMDKOJ_01373	MER0022823	31.985	272	173	7	131	394	3	270	1.95e-38	136
DPHMDKOJ_01373	MER0002490	26.623	308	190	7	119	397	1	301	3.81e-37	134
DPHMDKOJ_01373	MER0082653	32.068	237	146	7	136	358	7	242	1.59e-36	131
DPHMDKOJ_01373	MER0011450	30.651	261	163	6	129	377	1	255	1.75e-36	131
DPHMDKOJ_01373	MER0325901	29.044	272	185	7	134	400	4	272	1.42e-33	123
DPHMDKOJ_01373	MER0981959	26.241	282	187	5	130	394	1	278	1.40e-32	121
DPHMDKOJ_01373	MER0003229	29.699	266	177	5	131	394	11	268	6.17e-31	116
DPHMDKOJ_01373	MER0000398	27.481	262	172	7	136	395	5	250	1.91e-24	98.2
DPHMDKOJ_01384	MER0000436	24.262	305	192	10	29	314	1	285	3.15e-19	83.2
DPHMDKOJ_01384	MER0003537	25.455	275	188	8	45	314	20	282	2.02e-18	80.9
DPHMDKOJ_01384	MER0025512	23.551	276	190	6	37	306	38	298	8.62e-17	76.3
DPHMDKOJ_01384	MER0017123	25.402	311	191	16	25	315	7	296	2.97e-12	63.2
DPHMDKOJ_01384	MER0000437	21.835	316	197	10	25	314	2	293	5.30e-12	62.4
DPHMDKOJ_01384	MER0031617	32.381	105	70	1	44	148	30	133	9.60e-11	58.5
DPHMDKOJ_01384	MER0030163	39.759	83	48	2	66	146	46	128	1.18e-10	58.2
DPHMDKOJ_01384	MER0000431	24.183	306	185	14	22	299	4	290	1.71e-09	54.7
DPHMDKOJ_01384	MER0014065	36.000	75	48	0	76	150	61	135	2.48e-09	54.3
DPHMDKOJ_01384	MER0035041	22.615	283	168	9	32	306	27	266	4.01e-09	53.5
DPHMDKOJ_01384	MER0033259	24.150	294	162	12	33	314	15	259	2.14e-08	51.2
DPHMDKOJ_01384	MER0011785	28.358	134	88	3	45	175	31	159	2.31e-08	51.6
DPHMDKOJ_01384	MER0001380	24.291	247	162	8	34	268	10	243	1.01e-07	49.3
DPHMDKOJ_01384	MER0036053	25.746	268	184	10	42	304	2	259	1.72e-07	48.5
DPHMDKOJ_01384	MER0031616	32.143	84	55	1	66	147	56	139	2.47e-07	48.1
DPHMDKOJ_01384	MER0213280	33.333	72	48	0	76	147	57	128	4.34e-07	47.4
DPHMDKOJ_01384	MER0035038	26.923	104	75	1	76	178	57	160	1.55e-06	45.8
DPHMDKOJ_01384	MER0031645	24.291	247	134	10	105	315	183	412	1.70e-06	45.8
DPHMDKOJ_01384	MER0004146	33.766	77	50	1	76	152	50	125	2.04e-06	45.1
DPHMDKOJ_01384	MER0035032	31.944	72	49	0	76	147	58	129	5.29e-06	44.3
DPHMDKOJ_01416	MER0002601	50.000	138	65	3	33	169	1	135	5.25e-40	130
DPHMDKOJ_01416	MER0002455	46.809	141	70	2	33	173	1	136	1.62e-35	118
DPHMDKOJ_01416	MER0014721	35.246	122	74	2	56	173	36	156	6.28e-21	81.6
DPHMDKOJ_01416	MER0019092	34.653	101	62	2	64	161	45	144	1.89e-17	72.4
DPHMDKOJ_01433	MER0001243	40.486	247	145	2	2	246	3	249	3.28e-63	196
DPHMDKOJ_01433	MER0001342	37.959	245	152	0	2	246	3	247	5.86e-53	170
DPHMDKOJ_01433	MER0005690	36.327	245	155	1	2	246	3	246	1.26e-51	166
DPHMDKOJ_01433	MER0013450	33.469	245	161	2	4	246	3	247	4.46e-47	154
DPHMDKOJ_01433	MER0015127	35.656	244	156	1	3	246	4	246	3.01e-46	152
DPHMDKOJ_01433	MER0013589	34.568	243	158	1	4	246	1	242	8.81e-45	148
DPHMDKOJ_01433	MER0013929	33.878	245	161	1	2	246	3	246	9.54e-44	146
DPHMDKOJ_01433	MER0015128	33.191	235	155	2	13	246	14	247	3.45e-43	144
DPHMDKOJ_01433	MER0010972	24.490	245	167	2	2	246	3	229	3.70e-18	78.6
DPHMDKOJ_01433	MER0004931	25.854	205	136	6	4	204	5	197	1.12e-14	68.6
DPHMDKOJ_01433	MER0003880	29.412	187	117	4	29	211	22	197	1.39e-13	66.2
DPHMDKOJ_01433	MER0011746	27.103	214	137	7	13	213	14	221	7.44e-13	64.3
DPHMDKOJ_01433	MER0004532	25.854	205	135	4	4	204	5	196	1.83e-10	56.6
DPHMDKOJ_01433	MER0005462	23.757	181	132	3	1	180	2	177	2.84e-10	55.8
DPHMDKOJ_01433	MER0024896	27.941	136	88	3	120	246	332	466	4.24e-10	56.6
DPHMDKOJ_01433	MER0024896	24.107	112	85	0	4	115	5	116	4.28e-10	56.6
DPHMDKOJ_01433	MER0001728	29.245	212	123	10	13	207	14	215	5.55e-09	52.8
DPHMDKOJ_01433	MER0002038	24.118	170	124	2	62	230	59	224	3.34e-08	50.1
DPHMDKOJ_01433	MER0001244	23.448	145	101	4	5	146	6	143	4.27e-06	43.9
DPHMDKOJ_01484	MER0035017	26.492	419	244	14	587	965	1	395	3.26e-33	129
DPHMDKOJ_01484	MER0004090	29.471	397	226	15	579	948	1	370	1.02e-32	128
DPHMDKOJ_01484	MER0003800	26.636	428	252	15	577	969	6	406	3.00e-22	97.4
DPHMDKOJ_01484	MER0026262	21.466	382	227	13	588	947	2	332	3.62e-08	53.1
DPHMDKOJ_01526	MER1143079	33.550	307	164	9	43	343	11	283	1.58e-40	144
DPHMDKOJ_01526	MER0017069	30.882	340	193	12	32	358	9	319	2.51e-31	120
DPHMDKOJ_01526	MER0002489	29.179	329	195	9	43	353	23	331	6.86e-31	119
DPHMDKOJ_01526	MER0003802	29.518	332	184	13	43	362	16	309	8.44e-28	110
DPHMDKOJ_01526	MER0026262	28.571	322	196	11	46	347	20	327	2.14e-24	100
DPHMDKOJ_01526	MER0140154	27.129	317	186	11	46	325	5	313	2.11e-23	97.8
DPHMDKOJ_01526	MER0000457	24.561	342	205	10	44	365	23	331	3.44e-23	97.4
DPHMDKOJ_01526	MER0005923	26.462	359	170	11	39	308	20	373	2.01e-21	93.6
DPHMDKOJ_01526	MER0028284	24.000	275	176	8	61	321	34	289	1.03e-20	90.1
DPHMDKOJ_01526	MER0000459	24.928	345	207	12	44	366	33	347	4.14e-20	88.6
DPHMDKOJ_01526	MER0354941	30.052	193	109	5	41	216	9	192	6.71e-19	81.6
DPHMDKOJ_01526	MER0006204	27.046	281	165	10	27	274	4	277	7.61e-19	85.1
DPHMDKOJ_01526	MER0011700	24.294	354	226	14	46	364	20	366	1.82e-18	84.0
DPHMDKOJ_01526	MER0003800	25.857	321	181	13	28	304	16	323	4.08e-18	83.2
DPHMDKOJ_01526	MER0005925	25.077	323	206	10	46	349	21	326	5.52e-18	82.0
DPHMDKOJ_01526	MER0219770	25.455	275	165	11	70	326	42	294	9.06e-16	75.1
DPHMDKOJ_01526	MER0004090	24.119	369	220	14	29	349	10	366	1.11e-15	75.5
DPHMDKOJ_01526	MER0005964	28.846	156	98	3	62	216	40	183	1.13e-15	75.1
DPHMDKOJ_01526	MER0005836	29.000	200	117	7	46	234	29	214	3.78e-15	72.0
DPHMDKOJ_01526	MER0122661	27.049	244	152	9	49	283	21	247	4.70e-12	63.9
DPHMDKOJ_01526	MER0004154	20.312	320	220	5	30	330	3	306	1.78e-10	59.3
DPHMDKOJ_01526	MER0034963	29.452	146	87	5	49	191	28	160	8.00e-09	54.3
DPHMDKOJ_01526	MER0015683	25.843	178	114	5	51	223	47	211	1.90e-08	52.4
DPHMDKOJ_01526	MER0017074	28.986	138	90	4	28	160	5	139	2.51e-06	46.2
DPHMDKOJ_01593	MER0001920	40.789	228	133	2	72	298	20	246	3.36e-59	187
DPHMDKOJ_01593	MER0003558	30.769	247	160	4	37	279	2	241	2.48e-33	120
DPHMDKOJ_01593	MER0018170	29.435	248	168	4	55	296	5	251	1.58e-29	110
DPHMDKOJ_01593	MER0140224	31.140	228	154	3	72	298	13	238	3.15e-27	103
DPHMDKOJ_01593	MER0015682	32.900	231	142	6	68	297	87	305	3.95e-26	102
DPHMDKOJ_01593	MER0000408	25.911	247	176	5	51	293	5	248	5.31e-24	95.5
DPHMDKOJ_01593	MER0126485	28.511	235	158	5	66	298	10	236	9.04e-24	94.4
DPHMDKOJ_01593	MER0034615	24.696	247	183	2	50	295	2	246	5.70e-23	92.4
DPHMDKOJ_01593	MER0011583	27.542	236	156	6	68	296	19	246	6.82e-22	89.4
DPHMDKOJ_01593	MER0016096	23.554	242	168	6	54	286	2	235	5.76e-21	87.0
DPHMDKOJ_01593	MER0017401	26.250	240	155	7	65	295	13	239	2.30e-20	85.1
DPHMDKOJ_01593	MER0005987	25.641	234	158	6	69	298	39	260	1.45e-19	83.6
DPHMDKOJ_01593	MER0001423	24.280	243	168	5	57	295	1	231	3.97e-19	81.6
DPHMDKOJ_01593	MER0058228	26.877	253	166	7	54	300	3	242	1.12e-18	80.5
DPHMDKOJ_01593	MER0000399	25.296	253	173	6	50	298	17	257	1.46e-18	80.5
DPHMDKOJ_01593	MER0000263	26.562	256	158	9	54	295	2	241	5.95e-18	78.6
DPHMDKOJ_01593	MER0005807	25.468	267	180	5	25	288	18	268	9.38e-17	75.9
DPHMDKOJ_01593	MER0004923	28.226	248	156	6	46	284	43	277	3.72e-16	74.3
DPHMDKOJ_01593	MER0011413	25.514	243	163	7	61	296	7	238	3.96e-16	73.2
DPHMDKOJ_01593	MER0004199	25.110	227	148	7	66	286	2	212	4.75e-16	72.8
DPHMDKOJ_01593	MER0192427	27.755	245	152	9	42	278	50	277	1.09e-15	72.8
DPHMDKOJ_01593	MER0011305	25.483	259	174	9	50	302	12	257	8.95e-15	69.7
DPHMDKOJ_01593	MER0000401	22.267	247	173	4	58	298	26	259	1.62e-14	69.3
DPHMDKOJ_01593	MER0005196	26.389	216	142	5	38	248	1	204	1.78e-14	68.9
DPHMDKOJ_01593	MER0022823	26.887	212	130	8	106	303	77	277	4.63e-14	68.2
DPHMDKOJ_01593	MER0015621	27.717	184	111	4	44	212	23	199	2.24e-13	66.2
DPHMDKOJ_01593	MER0005694	23.913	276	169	9	40	293	19	275	3.47e-13	65.5
DPHMDKOJ_01593	MER0981959	28.877	187	111	4	41	212	9	188	6.12e-13	64.7
DPHMDKOJ_01593	MER0005994	24.265	272	185	7	33	296	2	260	7.23e-13	64.3
DPHMDKOJ_01593	MER0079308	27.381	252	160	10	46	286	15	254	7.44e-13	64.3
DPHMDKOJ_01593	MER0006027	25.943	212	134	7	62	262	22	221	1.15e-12	63.5
DPHMDKOJ_01593	MER0004925	24.675	154	101	4	133	284	106	246	1.28e-12	63.5
DPHMDKOJ_01593	MER0004921	24.597	248	165	7	58	298	4	236	1.47e-12	63.2
DPHMDKOJ_01593	MER0000392	24.573	293	184	11	33	303	3	280	1.93e-12	63.2
DPHMDKOJ_01593	MER0002490	26.554	177	122	2	44	212	23	199	4.87e-12	62.4
DPHMDKOJ_01593	MER0195666	25.352	213	143	7	58	264	1	203	1.68e-11	60.1
DPHMDKOJ_01593	MER0000398	25.385	260	167	6	48	300	14	253	2.95e-11	59.7
DPHMDKOJ_01593	MER0011231	25.000	276	180	10	33	298	1	259	4.16e-11	59.3
DPHMDKOJ_01593	MER0014827	21.654	254	173	7	44	284	6	246	4.88e-11	58.9
DPHMDKOJ_01593	MER0004193	22.807	228	157	8	61	282	6	220	1.03e-10	57.8
DPHMDKOJ_01593	MER0325901	25.000	284	189	11	33	303	1	273	1.88e-10	57.4
DPHMDKOJ_01593	MER0013484	25.943	212	137	7	61	264	7	206	2.64e-10	56.6
DPHMDKOJ_01593	MER0000403	20.717	251	182	5	58	302	25	264	3.95e-10	56.2
DPHMDKOJ_01593	MER0011450	25.943	212	135	5	107	303	75	279	7.57e-10	55.5
DPHMDKOJ_01593	MER0004504	26.047	215	138	7	60	266	1	202	1.19e-09	54.7
DPHMDKOJ_01593	MER0000410	23.629	237	169	5	48	278	27	257	3.37e-08	50.8
DPHMDKOJ_01593	MER0000404	22.568	257	172	9	50	298	18	255	7.70e-08	49.3
DPHMDKOJ_01593	MER0003229	21.481	270	190	6	33	295	11	265	1.94e-07	48.1
DPHMDKOJ_01593	MER1137425	24.113	282	140	11	57	296	5	254	3.26e-06	44.7
DPHMDKOJ_01640	MER0013829	32.670	352	220	8	14	358	6	347	2.25e-51	171
DPHMDKOJ_01640	MER0005169	32.448	339	208	6	14	344	6	331	1.77e-50	169
DPHMDKOJ_01640	MER0005472	32.551	341	214	6	14	353	6	331	1.08e-42	148
DPHMDKOJ_01640	MER0004410	29.261	352	228	9	13	354	5	345	2.87e-40	142
DPHMDKOJ_01640	MER0002046	30.435	345	211	11	13	350	5	327	1.10e-37	135
DPHMDKOJ_01640	MER0002043	27.350	351	231	7	5	345	9	345	1.89e-35	130
DPHMDKOJ_01640	MER0005160	29.720	286	180	8	65	345	55	324	2.33e-28	110
DPHMDKOJ_01640	MER0022215	26.257	358	227	11	15	354	5	343	9.28e-26	103
DPHMDKOJ_01640	MER0002040	27.208	283	184	9	65	337	59	329	5.74e-19	84.0
DPHMDKOJ_01642	MER0057728	37.791	172	98	2	17	186	4	168	6.14e-34	117
DPHMDKOJ_01651	MER0000313	29.605	304	167	10	149	443	8	273	5.18e-19	84.3
DPHMDKOJ_01651	MER0001521	29.605	304	167	10	149	443	8	273	8.62e-19	83.6
DPHMDKOJ_01651	MER0001699	30.175	285	149	11	149	423	8	252	2.56e-18	82.0
DPHMDKOJ_01651	MER0001755	28.947	304	169	10	149	443	8	273	5.20e-18	81.3
DPHMDKOJ_01651	MER0000310	26.667	300	180	9	149	443	8	272	5.91e-16	75.1
DPHMDKOJ_01651	MER0001523	28.289	304	171	10	149	443	8	273	6.28e-16	75.1
DPHMDKOJ_01651	MER0000312	28.289	304	171	10	149	443	8	273	6.28e-16	75.1
DPHMDKOJ_01651	MER0016688	27.215	316	171	15	162	444	28	317	5.96e-15	72.8
DPHMDKOJ_01651	MER0175622	27.491	291	159	11	157	425	21	281	1.35e-14	71.6
DPHMDKOJ_01651	MER0019280	29.110	292	171	10	163	440	29	298	5.06e-14	69.7
DPHMDKOJ_01651	MER0000315	25.714	280	166	7	149	424	8	249	1.32e-13	68.2
DPHMDKOJ_01651	MER0000321	28.159	277	160	13	162	423	100	352	1.58e-13	68.9
DPHMDKOJ_01651	MER0001906	25.714	280	166	7	149	424	8	249	2.10e-13	67.4
DPHMDKOJ_01651	MER0013656	25.795	283	174	6	149	430	7	254	2.39e-13	67.4
DPHMDKOJ_01651	MER0004123	25.987	304	176	12	163	436	37	321	3.81e-13	67.4
DPHMDKOJ_01651	MER0003536	30.072	276	147	10	159	415	25	273	5.01e-13	66.6
DPHMDKOJ_01651	MER0001520	25.357	280	167	7	149	424	8	249	1.06e-12	65.5
DPHMDKOJ_01651	MER0000309	25.000	300	185	7	149	443	8	272	5.07e-12	63.5
DPHMDKOJ_01651	MER0002500	24.551	334	191	12	144	431	65	383	1.11e-11	63.5
DPHMDKOJ_01651	MER0000311	25.333	300	185	8	149	443	8	273	1.40e-11	62.0
DPHMDKOJ_01651	MER0000316	25.271	277	171	7	149	424	7	248	4.81e-11	60.5
DPHMDKOJ_01651	MER0042897	28.896	308	171	11	149	445	8	278	6.08e-11	60.1
DPHMDKOJ_01651	MER0004988	26.493	268	144	8	152	403	19	249	1.37e-10	59.3
DPHMDKOJ_01651	MER0001928	25.000	280	168	7	149	424	8	249	2.09e-10	58.5
DPHMDKOJ_01651	MER0050309	27.979	193	120	6	213	403	45	220	5.26e-10	58.2
DPHMDKOJ_01651	MER0081072	22.101	276	157	6	164	425	19	250	7.03e-10	56.6
DPHMDKOJ_01651	MER0004085	28.041	296	163	14	164	436	50	318	1.87e-09	56.2
DPHMDKOJ_01651	MER0030016	30.435	276	148	12	163	423	31	277	2.09e-09	55.5
DPHMDKOJ_01651	MER0000351	26.846	298	154	13	146	406	16	286	2.30e-09	55.5
DPHMDKOJ_01651	MER0000332	28.788	264	150	8	165	425	23	251	5.23e-09	54.3
DPHMDKOJ_01651	MER0000349	25.714	315	174	11	153	421	61	361	8.15e-09	54.3
DPHMDKOJ_01651	MER0002267	30.000	140	86	4	310	445	153	284	1.92e-08	52.8
DPHMDKOJ_01651	MER0077555	25.979	281	167	8	149	423	8	253	2.19e-08	52.4
DPHMDKOJ_01651	MER0067924	25.957	235	145	9	206	423	54	276	4.19e-08	51.6
DPHMDKOJ_01651	MER0014744	25.879	313	176	13	159	440	45	332	2.02e-07	49.7
DPHMDKOJ_01651	MER0000320	26.894	264	154	10	149	403	8	241	2.91e-07	48.9
DPHMDKOJ_01651	MER0014446	29.032	217	126	8	214	420	196	394	3.78e-07	49.3
DPHMDKOJ_01651	MER0000319	26.241	282	163	12	163	437	29	272	5.72e-07	48.1
DPHMDKOJ_01651	MER0005859	29.646	226	112	11	212	403	239	451	6.27e-07	48.5
DPHMDKOJ_01651	MER0002565	23.462	260	168	6	165	423	64	293	2.17e-06	46.6
DPHMDKOJ_01651	MER0000353	25.079	315	169	14	124	398	40	327	3.89e-06	45.8
DPHMDKOJ_01651	MER0000348	27.542	236	110	10	214	402	87	308	4.95e-06	45.4
DPHMDKOJ_01651	MER0004641	25.733	307	129	11	221	445	102	391	5.90e-06	45.4
DPHMDKOJ_01651	MER0161312	26.148	283	150	11	197	435	75	342	6.67e-06	45.1
DPHMDKOJ_01655	MER0065554	50.388	258	117	3	289	536	9	265	1.22e-86	266
DPHMDKOJ_01655	MER0437468	38.968	349	197	7	198	531	1	348	5.29e-74	236
DPHMDKOJ_01655	MER0436717	36.318	402	184	10	198	533	1	396	2.19e-62	207
DPHMDKOJ_01696	MER0387040	52.500	40	16	1	12	51	59	95	1.97e-06	42.7
DPHMDKOJ_01696	MER0003423	60.606	33	13	0	11	43	90	122	3.95e-06	42.7
DPHMDKOJ_01696	MER0069741	56.410	39	14	1	15	53	129	164	4.20e-06	43.1
DPHMDKOJ_01696	MER0066182	51.220	41	17	1	11	51	149	186	5.36e-06	43.1
DPHMDKOJ_01714	MER0024298	38.462	156	91	3	5	158	4	156	1.81e-34	115
DPHMDKOJ_01714	MER0002089	32.927	82	55	0	1	82	1	82	1.42e-09	50.8
DPHMDKOJ_01781	MER0001313	27.097	155	107	4	10	161	13	164	3.98e-11	55.5
DPHMDKOJ_01829	MER0001311	33.929	112	68	5	1	106	99	210	1.37e-11	55.5
DPHMDKOJ_01849	MER0015121	31.387	137	76	3	33	151	37	173	5.59e-12	63.2
DPHMDKOJ_01849	MER0013471	29.651	172	92	6	9	151	9	180	1.17e-10	59.3
DPHMDKOJ_01849	MER0003817	27.211	147	79	4	2	126	12	152	5.71e-08	50.8
DPHMDKOJ_01849	MER0015694	26.277	137	68	4	53	156	116	252	2.12e-07	48.9
DPHMDKOJ_01849	MER0001205	28.324	173	94	8	33	175	37	209	2.05e-06	45.8
DPHMDKOJ_01849	MER0001608	26.131	199	113	8	11	197	9	185	2.13e-06	45.8
DPHMDKOJ_01849	MER0001198	27.869	122	64	4	29	127	33	153	2.97e-06	45.4
DPHMDKOJ_01849	MER0001505	31.579	95	58	1	32	119	33	127	3.37e-06	45.1
DPHMDKOJ_01860	MER0004923	34.156	243	151	5	536	772	38	277	1.43e-36	136
DPHMDKOJ_01860	MER0001423	33.838	198	127	2	571	768	23	216	2.15e-33	125
DPHMDKOJ_01860	MER0058228	32.558	215	139	4	554	767	13	222	2.29e-31	120
DPHMDKOJ_01860	MER0013484	34.061	229	142	5	550	772	1	226	7.26e-31	118
DPHMDKOJ_01860	MER0192427	30.962	239	147	6	536	766	49	277	1.68e-30	118
DPHMDKOJ_01860	MER0011413	33.010	206	131	4	566	767	19	221	7.97e-29	112
DPHMDKOJ_01860	MER0005994	31.356	236	152	6	536	765	10	241	1.39e-27	109
DPHMDKOJ_01860	MER0004921	33.816	207	119	8	568	766	21	217	8.30e-26	103
DPHMDKOJ_01860	MER0005196	28.750	240	163	4	536	770	2	238	2.09e-25	102
DPHMDKOJ_01860	MER0005987	30.894	246	147	10	536	767	7	243	8.92e-25	101
DPHMDKOJ_01860	MER0011231	41.497	147	81	4	605	747	78	223	9.05e-24	98.6
DPHMDKOJ_01860	MER0195666	31.282	195	123	4	595	783	43	232	2.28e-22	94.0
DPHMDKOJ_01860	MER0000401	31.053	190	127	4	602	788	73	261	4.60e-22	93.6
DPHMDKOJ_01860	MER0000399	31.395	172	114	3	599	767	69	239	7.95e-22	92.8
DPHMDKOJ_01860	MER0004199	32.240	183	101	6	601	772	40	210	9.40e-22	91.7
DPHMDKOJ_01860	MER0000404	34.320	169	106	3	602	765	73	241	2.75e-21	91.3
DPHMDKOJ_01860	MER0000403	27.500	200	139	3	594	788	64	262	3.02e-21	91.3
DPHMDKOJ_01860	MER0004504	30.939	181	119	3	571	748	20	197	2.02e-20	88.2
DPHMDKOJ_01860	MER0004193	33.735	166	106	4	605	767	53	217	4.41e-20	87.0
DPHMDKOJ_01860	MER0000405	30.348	201	134	4	567	765	50	246	6.67e-20	87.4
DPHMDKOJ_01860	MER0015682	27.888	251	144	10	536	767	55	287	2.00e-19	86.7
DPHMDKOJ_01860	MER0003558	25.306	245	163	5	535	767	5	241	4.92e-19	84.7
DPHMDKOJ_01860	MER0003361	33.088	136	86	3	646	779	107	239	7.11e-18	80.9
DPHMDKOJ_01860	MER0005807	28.879	232	141	7	545	767	43	259	1.35e-16	77.8
DPHMDKOJ_01860	MER0011305	30.539	167	110	5	605	766	70	235	2.20e-16	76.6
DPHMDKOJ_01860	MER0140224	30.055	183	113	4	599	768	40	220	2.36e-16	76.3
DPHMDKOJ_01860	MER0017401	27.500	240	156	9	555	786	9	238	2.61e-16	76.3
DPHMDKOJ_01860	MER0005988	33.028	109	71	2	658	765	2	109	4.57e-15	68.9
DPHMDKOJ_01860	MER0018170	30.108	186	110	5	598	767	52	233	3.42e-14	70.1
DPHMDKOJ_01860	MER0000408	24.701	251	160	6	546	778	5	244	4.42e-13	67.0
DPHMDKOJ_01860	MER0001920	23.558	208	139	5	595	786	43	246	9.21e-13	65.9
DPHMDKOJ_01860	MER0126485	28.873	142	92	4	599	732	43	183	1.20e-10	59.3
DPHMDKOJ_01860	MER0034615	23.750	240	165	8	545	772	2	235	3.80e-09	55.1
DPHMDKOJ_01860	MER0011583	26.111	180	111	6	565	732	23	192	2.29e-08	52.8
DPHMDKOJ_01860	MER0000263	25.941	239	148	9	549	770	2	228	7.72e-07	48.1
DPHMDKOJ_01860	MER0006027	22.010	209	136	7	561	753	28	225	2.07e-06	47.0
DPHMDKOJ_01892	MER0002489	28.852	305	175	9	39	302	9	312	1.95e-32	120
DPHMDKOJ_01892	MER0000459	27.692	325	169	11	35	306	3	314	4.72e-26	103
DPHMDKOJ_01892	MER0026262	32.243	214	122	6	73	266	36	246	2.38e-25	101
DPHMDKOJ_01892	MER0005964	25.316	316	197	8	37	324	4	308	3.08e-24	98.6
DPHMDKOJ_01892	MER1143079	27.885	208	127	7	86	283	41	235	7.62e-17	76.6
DPHMDKOJ_01892	MER0004090	28.218	202	126	7	39	223	9	208	3.48e-14	69.7
DPHMDKOJ_01892	MER0000463	27.413	259	154	9	55	293	18	262	4.56e-13	66.2
DPHMDKOJ_01892	MER0017069	29.189	185	120	4	54	232	11	190	2.56e-12	63.5
DPHMDKOJ_01892	MER0005925	26.797	153	104	3	73	217	37	189	7.60e-12	62.4
DPHMDKOJ_01892	MER0011700	25.253	198	127	4	52	229	15	211	1.97e-11	61.2
DPHMDKOJ_01892	MER0006204	23.445	209	132	6	55	244	22	221	1.22e-10	58.9
DPHMDKOJ_01892	MER0005923	33.981	103	66	1	50	150	20	122	2.44e-10	58.2
DPHMDKOJ_01892	MER0028284	24.859	177	125	3	69	242	31	202	2.56e-10	57.8
DPHMDKOJ_01892	MER0354941	23.684	190	124	6	52	223	9	195	2.32e-09	53.5
DPHMDKOJ_01892	MER0219770	23.958	192	130	8	41	223	1	185	1.09e-08	52.8
DPHMDKOJ_01892	MER0005836	26.289	194	128	7	39	223	13	200	1.75e-08	51.6
DPHMDKOJ_01892	MER0000457	23.429	175	124	3	50	220	18	186	1.17e-07	49.7
DPHMDKOJ_01892	MER0015683	27.381	168	117	3	55	220	40	204	1.94e-07	48.5
DPHMDKOJ_01892	MER0003800	24.878	205	125	9	41	223	18	215	2.61e-07	48.5
DPHMDKOJ_01892	MER0140154	20.213	188	129	6	55	223	3	188	2.66e-06	45.4
DPHMDKOJ_01892	MER0034964	24.806	258	137	14	42	273	12	238	2.78e-06	45.4
DPHMDKOJ_01922	MER0014664	35.772	123	76	1	2	121	3	125	4.20e-22	90.1
DPHMDKOJ_01922	MER0002031	30.328	122	85	0	2	123	6	127	3.18e-20	84.7
DPHMDKOJ_01922	MER0002036	33.333	144	78	5	9	144	13	146	4.75e-16	72.8
DPHMDKOJ_01922	MER0014665	28.205	117	80	1	9	121	6	122	9.11e-09	51.6
DPHMDKOJ_01922	MER0002884	27.500	120	82	1	9	123	6	125	1.43e-07	48.1
DPHMDKOJ_01922	MER0042832	26.667	150	90	3	9	153	6	140	1.78e-07	48.1
DPHMDKOJ_01951	MER0045479	32.558	86	56	2	184	269	51	134	1.57e-07	49.3
DPHMDKOJ_01951	MER0031565	31.707	82	54	2	188	269	55	134	8.03e-07	47.0
DPHMDKOJ_01951	MER0036038	32.558	86	56	2	184	269	51	134	1.31e-06	46.6
DPHMDKOJ_01960	MER0036114	25.175	143	98	3	12	150	26	163	5.50e-07	47.0
DPHMDKOJ_01978	MER0004682	28.415	183	113	6	59	233	19	191	4.97e-11	61.2
DPHMDKOJ_01978	MER0004684	26.111	180	116	6	59	236	19	183	5.70e-10	57.8
DPHMDKOJ_01978	MER0015657	28.333	180	111	7	59	229	19	189	7.09e-09	54.3
DPHMDKOJ_01978	MER0005778	25.000	172	112	5	66	232	25	184	2.10e-08	53.1
DPHMDKOJ_01978	MER0015654	25.714	175	113	5	59	225	19	184	2.61e-08	52.8
DPHMDKOJ_01978	MER0016609	28.409	176	110	7	65	233	26	192	2.93e-08	52.8
DPHMDKOJ_01978	MER0005764	24.118	170	112	5	60	225	20	176	3.00e-08	52.4
DPHMDKOJ_01978	MER0004683	26.667	180	113	7	65	236	26	194	3.25e-08	52.4
DPHMDKOJ_01978	MER0020180	27.083	144	92	4	66	208	30	161	3.32e-08	53.1
DPHMDKOJ_01978	MER0013916	26.257	179	113	7	65	234	26	194	3.98e-08	52.0
DPHMDKOJ_01978	MER0004653	26.111	180	117	6	59	236	19	184	5.41e-08	51.6
DPHMDKOJ_01978	MER0015656	25.731	171	109	7	65	227	26	186	5.56e-08	51.6
DPHMDKOJ_01978	MER0015653	26.857	175	111	6	59	225	19	184	6.11e-08	51.6
DPHMDKOJ_01978	MER0005833	32.000	150	82	6	62	208	21	153	8.85e-08	51.2
DPHMDKOJ_01978	MER0003414	27.108	166	103	7	43	206	6	155	1.32e-07	50.4
DPHMDKOJ_01978	MER0003541	28.767	146	84	7	65	208	28	155	1.53e-07	50.4
DPHMDKOJ_01978	MER0011747	27.746	173	103	8	65	227	26	186	1.69e-07	50.1
DPHMDKOJ_01978	MER0006012	26.389	144	91	5	60	201	13	143	2.12e-07	47.4
DPHMDKOJ_01978	MER0013917	26.163	172	108	7	65	227	26	187	2.37e-07	49.7
DPHMDKOJ_01978	MER0015618	25.000	168	108	6	65	224	26	183	3.44e-07	49.3
DPHMDKOJ_01978	MER0013918	24.294	177	116	6	65	233	26	192	4.65e-07	48.9
DPHMDKOJ_01978	MER0000426	25.503	149	96	4	65	212	23	157	7.73e-07	48.1
DPHMDKOJ_01978	MER0005597	27.083	144	96	4	66	208	26	161	9.27e-07	47.8
DPHMDKOJ_01978	MER0015614	23.118	186	126	5	59	236	19	195	1.60e-06	47.0
DPHMDKOJ_01978	MER0005616	29.452	146	85	7	56	198	16	146	2.20e-06	46.6
DPHMDKOJ_01978	MER0006019	28.571	154	85	9	64	210	24	159	2.41e-06	46.6
DPHMDKOJ_01978	MER0011751	28.834	163	94	7	64	220	24	170	2.91e-06	46.2
DPHMDKOJ_01978	MER0004615	28.387	155	94	7	57	208	18	158	3.01e-06	46.2
DPHMDKOJ_01978	MER0011754	23.729	177	109	6	60	225	20	181	3.99e-06	45.8
DPHMDKOJ_01978	MER0010959	28.402	169	103	6	65	225	26	184	4.34e-06	45.8
DPHMDKOJ_01978	MER0010960	27.607	163	93	9	52	208	16	159	5.62e-06	45.4
DPHMDKOJ_01978	MER0175640	26.540	211	118	10	72	271	30	214	5.77e-06	45.4
DPHMDKOJ_01978	MER0015651	22.633	433	248	20	56	461	17	389	6.32e-06	45.1
DPHMDKOJ_01978	MER0015617	23.810	189	126	6	59	238	19	198	6.61e-06	45.1
DPHMDKOJ_01978	MER1152302	26.619	139	86	5	72	208	30	154	7.23e-06	45.1
DPHMDKOJ_01978	MER0004128	31.293	147	84	5	65	208	1121	1253	8.32e-06	45.4
DPHMDKOJ_01978	MER0011803	26.974	152	89	6	65	210	25	160	8.72e-06	44.7
DPHMDKOJ_01979	MER0073084	20.988	324	232	6	77	379	160	480	3.83e-19	87.0
DPHMDKOJ_01979	MER0014496	25.301	166	112	5	168	322	275	439	1.86e-07	50.4
DPHMDKOJ_01983	MER0005767	27.759	299	179	11	57	351	29	294	4.62e-14	69.3
DPHMDKOJ_02032	MER0026545	35.165	182	94	4	89	258	99	268	1.93e-29	109
DPHMDKOJ_02032	MER0026552	36.527	167	97	3	81	247	1	158	9.18e-28	102
DPHMDKOJ_02032	MER0042387	31.138	167	104	4	91	253	17	176	9.91e-28	102
DPHMDKOJ_02032	MER0026496	27.473	273	164	8	7	259	14	272	2.98e-22	90.1
DPHMDKOJ_02032	MER0031491	28.916	166	105	6	94	250	20	181	1.01e-15	70.9
DPHMDKOJ_02032	MER0002639	26.923	156	102	5	102	253	22	169	1.13e-08	50.4
DPHMDKOJ_02032	MER0002642	22.699	163	100	5	104	255	24	171	3.70e-08	48.9
DPHMDKOJ_02176	MER0035185	29.231	195	118	7	73	259	23	205	2.43e-13	64.7
DPHMDKOJ_02176	MER0017256	28.111	217	121	10	71	271	60	257	2.62e-13	65.1
DPHMDKOJ_02176	MER0017378	23.246	228	145	8	71	273	21	243	3.33e-13	64.7
DPHMDKOJ_02176	MER0017371	27.317	205	128	7	76	271	26	218	4.06e-13	63.9
DPHMDKOJ_02176	MER0017240	31.977	172	100	7	114	273	13	179	5.26e-13	62.8
DPHMDKOJ_02176	MER0017367	28.141	199	126	7	82	273	32	220	9.41e-13	63.2
DPHMDKOJ_02176	MER0017250	26.728	217	124	10	71	271	21	218	1.97e-12	62.0
DPHMDKOJ_02176	MER0017353	26.866	201	126	7	82	273	32	220	3.12e-12	61.6
DPHMDKOJ_02176	MER0031566	26.407	231	143	9	53	271	3	218	3.50e-12	61.2
DPHMDKOJ_02176	MER0017375	26.131	199	126	7	82	271	32	218	7.25e-12	60.5
DPHMDKOJ_02176	MER0033244	30.729	192	107	11	74	244	26	212	7.47e-12	60.8
DPHMDKOJ_02176	MER0017368	29.310	174	90	7	82	229	32	198	7.61e-12	60.8
DPHMDKOJ_02176	MER0034962	23.415	205	138	7	70	270	31	220	9.42e-12	60.1
DPHMDKOJ_02176	MER0017244	22.907	227	155	6	53	271	45	259	1.00e-11	60.5
DPHMDKOJ_02176	MER0031558	37.302	126	59	7	79	192	49	166	2.08e-11	59.7
DPHMDKOJ_02176	MER0031564	27.619	210	131	9	69	269	19	216	8.73e-11	57.4
DPHMDKOJ_02176	MER0017243	23.077	208	126	7	41	226	70	265	1.25e-10	57.8
DPHMDKOJ_02176	MER0017374	23.950	238	146	9	50	271	21	239	2.48e-10	56.2
DPHMDKOJ_02176	MER0017248	22.605	261	162	12	14	250	5	249	4.15e-10	55.8
DPHMDKOJ_02176	MER0031568	26.131	199	126	9	82	271	32	218	4.87e-09	52.4
DPHMDKOJ_02176	MER0017355	32.456	114	67	4	76	183	25	134	2.16e-08	49.7
DPHMDKOJ_02176	MER0017239	22.909	275	192	8	18	273	33	306	2.36e-08	50.8
DPHMDKOJ_02176	MER0017242	23.656	279	198	8	8	273	2	278	3.58e-08	50.1
DPHMDKOJ_02176	MER0017373	23.834	193	113	8	53	229	3	177	4.39e-08	48.9
DPHMDKOJ_02176	MER0017246	22.843	197	129	7	56	231	54	248	7.33e-08	49.3
DPHMDKOJ_02176	MER0031557	28.571	133	73	5	107	236	90	203	1.29e-07	48.5
DPHMDKOJ_02176	MER0031556	25.131	191	126	7	53	229	24	211	4.79e-07	46.6
DPHMDKOJ_02178	MER0281397	29.808	208	112	6	139	322	4	201	5.31e-21	87.4
DPHMDKOJ_02178	MER0028284	28.261	138	84	5	139	272	55	181	7.51e-08	50.8
DPHMDKOJ_02178	MER0140154	25.000	148	93	7	139	271	41	185	2.70e-06	45.8
DPHMDKOJ_02224	MER0015475	32.203	177	87	9	51	209	38	199	1.31e-14	67.4
DPHMDKOJ_02241	MER0033186	38.750	320	188	3	67	381	1	317	9.37e-71	222
DPHMDKOJ_02324	MER0387040	36.842	76	47	1	247	322	28	102	3.63e-12	59.3
DPHMDKOJ_02324	MER0066182	36.842	76	47	1	247	322	119	193	4.87e-11	58.5
DPHMDKOJ_02324	MER0003376	34.579	107	56	4	215	321	57	149	8.96e-08	48.5
DPHMDKOJ_02324	MER0013541	41.379	58	32	1	250	307	31	86	3.57e-07	44.7
DPHMDKOJ_02324	MER0015415	31.325	83	55	1	238	320	83	163	4.50e-07	46.2
DPHMDKOJ_02324	MER0001419	34.021	97	43	4	215	309	44	121	5.03e-06	42.7
DPHMDKOJ_02324	MER0003423	33.333	96	45	4	215	309	44	121	7.30e-06	42.4
DPHMDKOJ_02349	MER0078640	40.000	365	186	10	11	360	1	347	1.03e-74	232
DPHMDKOJ_02349	MER0060647	37.088	364	203	9	11	361	1	351	1.86e-70	221
DPHMDKOJ_02349	MER0043540	41.667	204	115	2	165	367	27	227	3.36e-57	183
DPHMDKOJ_02349	MER0044812	41.739	230	118	3	149	365	12	238	4.08e-57	183
DPHMDKOJ_02349	MER0046161	41.850	227	109	5	155	365	27	246	1.91e-48	162
DPHMDKOJ_02349	MER0045945	41.667	204	114	4	161	364	15	213	7.70e-47	156
DPHMDKOJ_02349	MER0115185	52.414	145	67	1	215	359	1	143	1.65e-46	152
DPHMDKOJ_02349	MER0436691	32.155	283	146	5	90	367	6	247	1.38e-43	149
DPHMDKOJ_02349	MER0045094	26.946	167	102	7	192	346	26	184	3.89e-08	50.4
DPHMDKOJ_02349	MER0043195	26.250	160	98	6	222	366	54	208	3.91e-08	50.4
DPHMDKOJ_02349	MER0044619	27.673	159	94	6	213	362	49	195	3.66e-07	47.4
DPHMDKOJ_02349	MER0043394	24.823	141	96	5	212	346	12	148	4.15e-07	46.2
DPHMDKOJ_02349	MER0043537	32.877	73	48	1	192	264	14	85	1.28e-06	45.4
DPHMDKOJ_02349	MER0436735	33.684	95	48	4	181	265	3	92	1.94e-06	45.4
DPHMDKOJ_02396	MER0059846	32.353	306	197	6	14	314	24	324	6.79e-47	158
DPHMDKOJ_02396	MER0199690	27.178	287	184	9	37	301	30	313	2.52e-20	86.7
DPHMDKOJ_02396	MER0214074	30.108	186	110	6	133	301	1	183	3.04e-17	75.5
DPHMDKOJ_02426	MER0073084	26.804	485	323	11	25	483	5	483	2.64e-52	183
DPHMDKOJ_02426	MER0014496	21.703	364	222	13	242	561	257	601	6.14e-07	48.9
DPHMDKOJ_02437	MER0000576	41.748	103	59	1	4	106	13	114	1.95e-27	94.4
DPHMDKOJ_02437	MER0000569	40.659	91	53	1	15	104	23	113	3.54e-16	65.5
DPHMDKOJ_02437	MER0006172	35.897	78	50	0	14	91	2	79	2.04e-11	52.4
DPHMDKOJ_02501	MER0005244	30.556	180	116	4	84	262	3	174	1.37e-20	85.1
DPHMDKOJ_02501	MER0015691	34.054	185	94	8	81	245	48	224	3.40e-17	77.0
DPHMDKOJ_02501	MER0005241	46.512	86	41	1	86	166	5	90	1.82e-16	74.3
DPHMDKOJ_02501	MER0005149	27.948	229	132	9	86	285	65	289	8.94e-16	73.6
DPHMDKOJ_02501	MER0005139	35.897	117	63	5	70	180	50	160	1.66e-15	72.4
DPHMDKOJ_02501	MER0005239	39.640	111	55	4	86	186	69	177	1.07e-12	64.3
DPHMDKOJ_02501	MER0005238	35.238	105	62	3	81	181	62	164	2.11e-12	63.5
DPHMDKOJ_02501	MER0001289	26.772	254	156	8	65	294	24	271	2.19e-11	60.1
DPHMDKOJ_02501	MER0002104	37.234	94	54	2	81	171	62	153	2.41e-11	60.1
DPHMDKOJ_02501	MER0001284	27.368	190	110	5	91	262	41	220	2.45e-11	60.1
DPHMDKOJ_02501	MER0004514	26.768	198	117	5	83	262	33	220	2.46e-10	57.0
DPHMDKOJ_02501	MER0194228	27.500	200	133	6	101	294	2	195	2.74e-10	55.8
DPHMDKOJ_02501	MER0015336	36.905	84	48	2	86	166	62	143	3.30e-10	56.6
DPHMDKOJ_02501	MER0038832	34.118	85	54	2	101	184	64	147	7.35e-10	55.5
DPHMDKOJ_02501	MER0002161	30.612	98	67	1	80	177	60	156	1.13e-09	55.1
DPHMDKOJ_02501	MER0011461	33.673	98	60	3	91	184	50	146	1.52e-09	54.7
DPHMDKOJ_02501	MER0001911	34.259	108	57	3	86	193	41	134	2.02e-09	54.3
DPHMDKOJ_02501	MER0011464	33.684	95	59	2	100	191	60	153	6.06e-09	52.8
DPHMDKOJ_02501	MER0005131	29.630	108	63	3	85	180	37	143	8.64e-09	52.4
DPHMDKOJ_02501	MER0005152	30.769	91	58	2	83	170	57	145	1.74e-08	51.6
DPHMDKOJ_02501	MER0037181	32.143	84	56	1	82	165	62	144	8.56e-08	49.7
DPHMDKOJ_02501	MER0011487	24.719	178	126	6	100	274	63	235	2.85e-07	47.8
DPHMDKOJ_02501	MER0029965	26.829	82	60	0	86	167	50	131	3.91e-07	47.4
DPHMDKOJ_02501	MER0030257	35.821	67	43	0	100	166	63	129	5.61e-07	47.0
DPHMDKOJ_02501	MER0013618	25.131	191	122	7	86	261	58	242	6.67e-07	47.0
DPHMDKOJ_02501	MER0011462	22.321	224	159	8	80	294	38	255	8.61e-07	46.2
DPHMDKOJ_02501	MER0001288	35.443	79	48	2	84	162	21	96	1.06e-06	45.8
DPHMDKOJ_02501	MER0002105	29.412	85	54	2	86	166	58	140	1.28e-06	45.8
DPHMDKOJ_02501	MER0038833	27.559	127	79	4	92	215	56	172	6.58e-06	43.5
DPHMDKOJ_02548	MER0000576	40.870	115	67	1	32	146	1	114	2.83e-33	110
DPHMDKOJ_02548	MER0000569	35.088	114	72	2	32	144	1	113	4.83e-15	63.9
DPHMDKOJ_02548	MER0006172	34.615	78	51	0	54	131	2	79	2.20e-10	50.8
DPHMDKOJ_02580	MER0001297	41.935	155	87	1	189	343	5	156	1.33e-34	125
DPHMDKOJ_02580	MER0003413	39.735	151	89	1	187	337	3	151	1.32e-32	119
DPHMDKOJ_02580	MER0003514	42.208	154	86	2	187	340	3	153	1.38e-32	119
DPHMDKOJ_02580	MER0001425	44.654	159	83	2	189	343	5	162	6.41e-32	118
DPHMDKOJ_02580	MER0003065	37.748	151	91	1	187	337	3	150	1.81e-29	111
DPHMDKOJ_02580	MER0015684	38.255	149	91	1	188	336	4	151	1.09e-27	106
DPHMDKOJ_02580	MER0004196	41.139	158	90	3	185	341	1	156	1.51e-27	105
DPHMDKOJ_02580	MER0005714	37.580	157	90	2	187	336	3	158	2.51e-26	102
DPHMDKOJ_02580	MER0004195	32.692	156	97	2	189	341	5	155	3.63e-22	90.5
DPHMDKOJ_02580	MER0001295	32.948	173	92	5	186	341	2	167	2.24e-18	80.1
DPHMDKOJ_02598	MER0192051	23.767	223	144	7	18	224	95	307	8.09e-07	47.0
DPHMDKOJ_02614	MER0069741	45.349	86	45	2	5	90	81	164	2.37e-20	77.4
DPHMDKOJ_02614	MER0003376	36.893	103	49	5	5	92	56	157	4.27e-17	68.9
DPHMDKOJ_02614	MER0005300	36.264	91	57	1	3	93	74	163	3.85e-16	66.2
DPHMDKOJ_02614	MER0003380	36.364	88	55	1	1	88	145	231	3.96e-16	67.4
DPHMDKOJ_02614	MER0003906	37.755	98	54	3	1	92	8	104	1.16e-15	63.5
DPHMDKOJ_02614	MER0013541	37.975	79	48	1	1	79	8	85	1.50e-15	62.8
DPHMDKOJ_02614	MER0015415	38.158	76	45	2	5	79	75	149	4.93e-12	55.5
DPHMDKOJ_02614	MER0387040	30.851	94	61	3	2	93	9	100	2.94e-11	52.4
DPHMDKOJ_02614	MER0003423	40.000	80	45	3	1	78	39	117	9.15e-11	52.0
DPHMDKOJ_02614	MER0066182	29.032	93	64	2	2	93	100	191	4.11e-10	50.8
DPHMDKOJ_02614	MER0001419	37.500	80	47	2	1	78	39	117	1.54e-09	48.5
DPHMDKOJ_02655	MER0034539	36.424	151	85	7	2	146	1	146	9.31e-18	79.3
DPHMDKOJ_02655	MER0033254	30.645	124	79	4	26	146	26	145	1.01e-10	59.3
DPHMDKOJ_02682	MER0065588	42.268	194	109	3	8	198	3	196	2.07e-52	164
DPHMDKOJ_02682	MER0043387	25.668	187	95	7	18	196	15	165	6.70e-10	53.1
DPHMDKOJ_02682	MER0038086	27.273	209	118	7	8	196	29	223	7.44e-10	53.9
DPHMDKOJ_02682	MER0044889	27.638	199	124	6	4	196	15	199	2.41e-09	52.4
DPHMDKOJ_02682	MER0044619	30.000	170	84	10	40	198	51	196	8.15e-08	47.8
DPHMDKOJ_02686	MER0002060	29.787	141	90	3	3	136	67	205	2.78e-06	44.3
DPHMDKOJ_02733	MER0002038	39.053	169	98	1	4	172	67	230	6.21e-35	119
DPHMDKOJ_02733	MER0004931	39.286	168	97	2	4	171	66	228	8.10e-35	119
DPHMDKOJ_02733	MER0004532	37.500	168	100	1	4	171	65	227	3.71e-34	117
DPHMDKOJ_02733	MER0005462	32.738	168	108	1	4	171	66	228	1.10e-26	98.2
DPHMDKOJ_02733	MER0005715	33.742	163	98	6	1	158	62	219	1.25e-23	90.5
DPHMDKOJ_02733	MER0013929	28.235	170	111	4	6	171	73	235	2.40e-17	73.9
DPHMDKOJ_02733	MER0013463	28.177	181	105	5	4	161	66	244	7.89e-15	67.4
DPHMDKOJ_02733	MER0001244	25.269	186	114	5	4	165	66	250	5.11e-13	62.4
DPHMDKOJ_02733	MER0016542	30.247	162	97	6	4	156	94	248	1.78e-11	58.2
DPHMDKOJ_02733	MER0002039	32.394	142	80	5	17	152	88	219	1.30e-10	55.5
DPHMDKOJ_02733	MER0028601	29.609	179	99	8	11	162	74	252	2.15e-10	55.1
DPHMDKOJ_02733	MER0016544	31.795	195	96	10	4	175	92	272	3.07e-10	54.7
DPHMDKOJ_02733	MER0004321	28.205	156	99	5	14	163	85	233	6.84e-10	53.5
DPHMDKOJ_02733	MER0013450	23.256	172	120	3	6	171	71	236	7.73e-10	53.1
DPHMDKOJ_02733	MER0005690	23.977	171	117	4	6	171	73	235	1.70e-09	52.4
DPHMDKOJ_02733	MER0001243	26.667	135	88	3	11	140	79	207	2.83e-09	51.6
DPHMDKOJ_02733	MER0001250	28.395	162	63	7	20	140	82	231	2.35e-07	46.2
DPHMDKOJ_02733	MER0027437	28.966	145	82	6	24	159	97	229	2.41e-07	46.2
DPHMDKOJ_02733	MER0001342	24.444	135	92	2	11	141	78	206	7.42e-07	44.7
DPHMDKOJ_02733	MER0015128	22.034	177	109	6	11	165	78	247	7.58e-07	44.7
DPHMDKOJ_02733	MER0015127	22.857	140	99	3	6	142	73	206	7.82e-07	44.7
DPHMDKOJ_02733	MER0013589	25.564	133	90	2	11	140	74	200	1.98e-06	43.5
DPHMDKOJ_02733	MER0014518	27.329	161	97	7	4	152	73	225	3.66e-06	42.7
DPHMDKOJ_02733	MER0001248	21.610	236	110	8	4	173	24	250	5.95e-06	42.0
DPHMDKOJ_02743	MER0194228	28.313	166	107	6	1	155	27	191	4.72e-10	54.7
DPHMDKOJ_02743	MER0001289	28.313	166	107	6	1	155	103	267	6.55e-10	55.1
DPHMDKOJ_02743	MER0100667	27.586	145	101	4	2	143	68	211	5.27e-08	48.9
DPHMDKOJ_02753	MER0017009	35.821	268	144	11	237	484	60	319	2.26e-31	121
DPHMDKOJ_02753	MER0017009	47.368	57	29	1	74	129	49	105	7.94e-07	48.1
DPHMDKOJ_02753	MER0000332	44.149	188	85	6	287	472	64	233	1.64e-29	114
DPHMDKOJ_02753	MER0002565	33.213	277	150	8	227	502	63	305	4.90e-26	106
DPHMDKOJ_02753	MER0028365	32.222	360	195	14	186	528	23	350	8.83e-26	105
DPHMDKOJ_02753	MER0028365	36.364	99	58	3	33	128	16	112	5.30e-09	55.1
DPHMDKOJ_02753	MER0002575	32.384	281	147	12	226	497	22	268	2.13e-25	102
DPHMDKOJ_02753	MER0000310	39.604	202	105	7	284	483	60	246	2.55e-25	102
DPHMDKOJ_02753	MER0004690	33.223	301	155	14	230	500	37	321	4.17e-24	100
DPHMDKOJ_02753	MER0004690	46.875	64	33	1	70	132	27	90	5.32e-09	54.7
DPHMDKOJ_02753	MER0077555	36.111	216	112	6	285	493	60	256	3.00e-23	96.7
DPHMDKOJ_02753	MER0016978	34.426	244	117	9	281	497	72	299	1.21e-22	95.5
DPHMDKOJ_02753	MER0000321	32.734	278	144	14	231	493	106	355	6.94e-22	94.0
DPHMDKOJ_02753	MER0001699	36.842	209	115	8	287	493	62	255	1.33e-21	91.7
DPHMDKOJ_02753	MER0001928	35.514	214	117	8	282	493	57	251	1.71e-21	91.3
DPHMDKOJ_02753	MER0001521	37.104	221	109	8	274	483	46	247	2.21e-21	91.3
DPHMDKOJ_02753	MER0001755	37.557	221	108	8	274	483	46	247	2.36e-21	90.9
DPHMDKOJ_02753	MER0000313	37.104	221	109	8	274	483	46	247	2.70e-21	90.9
DPHMDKOJ_02753	MER0054318	39.247	186	103	6	287	470	67	244	5.73e-21	90.9
DPHMDKOJ_02753	MER0000315	34.052	232	130	9	274	500	45	258	6.28e-21	89.7
DPHMDKOJ_02753	MER0000349	31.489	235	129	9	285	493	142	370	9.34e-21	91.3
DPHMDKOJ_02753	MER0004085	32.959	267	134	10	254	500	77	318	1.19e-20	90.1
DPHMDKOJ_02753	MER0005821	37.306	193	100	9	287	472	86	264	1.55e-20	91.3
DPHMDKOJ_02753	MER0002057	30.872	298	154	10	231	486	52	339	1.64e-20	90.5
DPHMDKOJ_02753	MER0001520	34.667	225	124	9	274	493	45	251	2.28e-20	88.2
DPHMDKOJ_02753	MER0001906	33.621	232	131	9	274	500	45	258	3.33e-20	87.4
DPHMDKOJ_02753	MER0062058	36.000	225	124	7	285	500	59	272	3.40e-20	89.7
DPHMDKOJ_02753	MER0062058	51.852	54	26	0	81	134	1	54	3.27e-11	62.0
DPHMDKOJ_02753	MER0001523	36.652	221	110	8	274	483	46	247	5.43e-20	87.0
DPHMDKOJ_02753	MER0000312	36.652	221	110	8	274	483	46	247	5.43e-20	87.0
DPHMDKOJ_02753	MER0030016	32.014	278	145	11	226	489	29	276	6.47e-20	87.0
DPHMDKOJ_02753	MER0000319	33.019	212	124	6	287	497	69	263	4.73e-19	84.3
DPHMDKOJ_02753	MER0000316	35.185	216	115	8	274	483	44	240	6.03e-19	84.0
DPHMDKOJ_02753	MER0000320	34.978	223	125	8	287	502	69	278	6.51e-19	84.0
DPHMDKOJ_02753	MER0000309	39.303	201	107	6	284	483	60	246	7.16e-19	83.6
DPHMDKOJ_02753	MER0081072	35.922	206	110	8	287	489	61	247	8.54e-19	82.8
DPHMDKOJ_02753	MER0013656	33.488	215	124	6	287	500	61	257	1.92e-18	82.4
DPHMDKOJ_02753	MER0002500	35.193	233	122	9	284	494	154	379	2.62e-18	84.0
DPHMDKOJ_02753	MER0000333	33.945	218	124	7	282	498	59	257	2.65e-18	82.0
DPHMDKOJ_02753	MER0006074	35.981	214	106	11	287	489	82	275	7.46e-18	81.3
DPHMDKOJ_02753	MER0000311	37.327	217	114	8	274	483	46	247	1.79e-17	79.7
DPHMDKOJ_02753	MER0001709	33.929	224	112	8	287	489	99	307	1.87e-17	80.5
DPHMDKOJ_02753	MER0014744	34.703	219	113	6	284	483	92	299	4.40e-17	79.3
DPHMDKOJ_02753	MER0000362	36.098	205	95	7	287	472	99	286	5.50e-17	79.0
DPHMDKOJ_02753	MER0001725	31.579	266	153	10	266	526	78	319	6.80e-17	78.6
DPHMDKOJ_02753	MER0003536	31.696	224	118	7	287	489	71	280	8.02e-17	78.2
DPHMDKOJ_02753	MER0016983	36.667	210	90	10	287	474	71	259	1.47e-16	77.4
DPHMDKOJ_02753	MER0155676	32.636	239	117	10	286	490	124	352	1.72e-16	78.2
DPHMDKOJ_02753	MER0161312	34.836	244	120	10	279	486	86	326	2.12e-16	77.8
DPHMDKOJ_02753	MER0005931	35.242	227	125	6	274	493	14	225	2.64e-16	75.5
DPHMDKOJ_02753	MER0000326	31.597	288	142	12	223	499	24	267	4.24e-16	76.3
DPHMDKOJ_02753	MER0000359	36.111	216	112	9	282	491	84	279	6.57e-16	75.5
DPHMDKOJ_02753	MER0002562	34.211	228	110	9	287	489	117	329	6.68e-16	75.9
DPHMDKOJ_02753	MER0016697	34.842	221	100	9	281	472	92	297	6.89e-16	75.9
DPHMDKOJ_02753	MER0006023	32.727	220	117	6	287	489	102	307	7.28e-16	75.9
DPHMDKOJ_02753	MER0042897	39.631	217	113	9	276	489	55	256	1.09e-15	74.3
DPHMDKOJ_02753	MER0002516	31.276	243	125	11	253	487	56	264	1.37e-15	74.3
DPHMDKOJ_02753	MER0005859	30.000	330	142	15	244	500	167	480	6.45e-15	73.9
DPHMDKOJ_02753	MER0002790	35.047	214	113	6	287	483	1	205	1.16e-14	70.5
DPHMDKOJ_02753	MER0014446	31.696	224	110	7	283	488	193	391	1.36e-14	72.8
DPHMDKOJ_02753	MER0000358	28.516	256	131	11	267	508	59	276	2.25e-14	71.6
DPHMDKOJ_02753	MER0004123	30.508	236	119	7	287	486	79	305	2.58e-14	70.9
DPHMDKOJ_02753	MER0000361	33.184	223	111	8	287	487	105	311	3.05e-14	70.9
DPHMDKOJ_02753	MER0002267	31.628	215	119	6	284	491	68	261	3.97e-14	69.7
DPHMDKOJ_02753	MER0050309	30.093	216	125	9	286	491	46	245	1.77e-13	69.3
DPHMDKOJ_02753	MER0000356	35.437	206	97	9	284	475	86	269	1.83e-13	68.6
DPHMDKOJ_02753	MER0013641	30.638	235	127	10	285	493	81	305	3.00e-13	68.6
DPHMDKOJ_02753	MER0000357	32.479	234	115	10	287	500	77	287	3.41e-13	67.4
DPHMDKOJ_02753	MER0000340	31.203	266	136	13	241	489	38	273	9.33e-13	65.9
DPHMDKOJ_02753	MER0000338	30.870	230	126	8	284	504	69	274	1.02e-12	65.5
DPHMDKOJ_02753	MER0004720	27.869	244	133	9	255	489	51	260	1.08e-12	65.5
DPHMDKOJ_02753	MER0003117	31.765	255	123	14	239	478	35	253	1.66e-12	65.1
DPHMDKOJ_02753	MER0002764	32.618	233	121	10	284	506	86	292	2.09e-12	64.7
DPHMDKOJ_02753	MER0019280	32.110	218	123	8	287	489	73	280	4.02e-12	63.9
DPHMDKOJ_02753	MER0016991	31.197	234	120	9	287	491	78	299	4.38e-12	64.3
DPHMDKOJ_02753	MER0000351	26.990	289	144	9	198	471	48	284	5.21e-12	63.5
DPHMDKOJ_02753	MER0016986	30.153	262	127	12	274	488	79	331	8.98e-12	63.5
DPHMDKOJ_02753	MER0016688	30.290	241	128	8	287	498	74	303	1.35e-11	62.4
DPHMDKOJ_02753	MER0114485	29.911	224	119	8	284	470	103	325	2.17e-11	62.4
DPHMDKOJ_02753	MER0005078	32.536	209	114	9	284	485	77	265	4.13e-11	60.8
DPHMDKOJ_02753	MER0005790	29.461	241	117	8	243	469	67	268	4.90e-11	60.5
DPHMDKOJ_02753	MER0000344	30.870	230	113	11	284	499	85	282	5.14e-11	60.5
DPHMDKOJ_02753	MER0022415	25.468	267	164	9	243	499	40	281	6.22e-11	61.2
DPHMDKOJ_02753	MER0014300	30.040	253	119	11	283	489	75	315	6.44e-11	60.8
DPHMDKOJ_02753	MER0024902	28.000	225	138	6	281	489	91	307	8.28e-11	60.1
DPHMDKOJ_02753	MER0000335	31.797	217	116	10	281	489	63	255	9.43e-11	59.7
DPHMDKOJ_02753	MER0014085	25.256	293	150	11	285	522	85	363	1.21e-10	60.1
DPHMDKOJ_02753	MER0000347	27.354	223	142	6	286	494	118	334	1.48e-10	60.1
DPHMDKOJ_02753	MER0003020	29.921	254	103	9	284	472	223	466	1.80e-10	60.1
DPHMDKOJ_02753	MER0028258	31.818	242	126	9	284	486	101	342	3.22e-10	58.9
DPHMDKOJ_02753	MER0000325	32.589	224	121	9	287	504	70	269	5.05e-10	57.8
DPHMDKOJ_02753	MER0037258	29.289	239	129	10	279	489	69	295	8.18e-10	57.0
DPHMDKOJ_02753	MER0000364	28.283	297	165	12	216	493	11	278	8.61e-10	57.0
DPHMDKOJ_02753	MER0068994	26.144	306	156	14	243	495	81	369	1.15e-09	57.0
DPHMDKOJ_02753	MER0000353	26.502	283	139	10	198	465	99	327	1.17e-09	56.6
DPHMDKOJ_02753	MER0000328	32.895	228	120	11	287	504	72	276	1.80e-09	55.8
DPHMDKOJ_02753	MER0006297	26.695	236	125	10	286	487	264	485	1.98e-09	56.6
DPHMDKOJ_02753	MER0000336	29.534	193	105	7	284	468	78	247	2.96e-09	55.1
DPHMDKOJ_02753	MER0001467	33.000	100	47	3	418	497	245	344	3.83e-09	55.5
DPHMDKOJ_02753	MER0015431	27.027	259	135	8	285	489	84	342	4.58e-09	55.1
DPHMDKOJ_02753	MER0087792	26.087	253	149	9	287	504	97	346	6.72e-09	54.7
DPHMDKOJ_02753	MER0006037	28.718	195	108	7	284	470	77	248	1.12e-08	53.5
DPHMDKOJ_02753	MER0006036	37.363	91	43	2	424	500	361	451	1.25e-08	53.9
DPHMDKOJ_02753	MER0006049	25.952	289	132	10	285	497	83	365	1.82e-08	53.1
DPHMDKOJ_02753	MER0000389	28.740	254	109	10	285	489	75	305	2.03e-08	53.1
DPHMDKOJ_02753	MER0014465	34.043	141	75	5	360	487	309	444	2.51e-08	53.1
DPHMDKOJ_02753	MER0047718	28.862	246	119	11	280	470	65	309	2.99e-08	52.4
DPHMDKOJ_02753	MER0003122	25.180	278	132	11	285	497	87	353	3.55e-08	52.4
DPHMDKOJ_02753	MER0067924	34.375	128	59	6	370	487	161	273	3.76e-08	51.6
DPHMDKOJ_02753	MER0001454	31.250	96	48	2	420	497	240	335	3.81e-08	52.0
DPHMDKOJ_02753	MER0000374	26.132	287	172	9	222	493	16	277	5.97e-08	51.2
DPHMDKOJ_02753	MER0001451	26.357	258	137	9	287	493	67	322	6.17e-08	51.6
DPHMDKOJ_02753	MER0080418	25.175	286	135	11	285	498	67	345	7.66e-08	51.2
DPHMDKOJ_02753	MER0050310	29.064	203	107	11	287	473	102	283	7.88e-08	51.2
DPHMDKOJ_02753	MER0015433	31.405	121	69	3	418	524	350	470	1.25e-07	50.8
DPHMDKOJ_02753	MER0001368	23.938	259	137	9	285	489	83	335	1.46e-07	50.4
DPHMDKOJ_02753	MER0000350	25.911	247	127	8	287	487	90	326	1.55e-07	50.1
DPHMDKOJ_02753	MER0015438	32.174	115	63	3	424	525	372	484	1.58e-07	50.4
DPHMDKOJ_02753	MER0015428	26.071	280	146	11	281	511	79	346	1.62e-07	50.1
DPHMDKOJ_02753	MER0014310	32.075	106	52	3	418	503	307	412	2.00e-07	50.1
DPHMDKOJ_02753	MER0000348	27.686	242	119	8	274	469	77	308	2.80e-07	49.3
DPHMDKOJ_02753	MER0002739	28.452	239	116	10	286	486	97	318	2.96e-07	49.7
DPHMDKOJ_02753	MER0197239	30.769	130	58	4	418	527	341	458	3.47e-07	49.3
DPHMDKOJ_02753	MER0014312	33.333	96	44	3	418	493	309	404	4.64e-07	48.9
DPHMDKOJ_02753	MER0005712	25.667	300	158	11	240	489	56	340	5.16e-07	48.5
DPHMDKOJ_02753	MER0004652	34.524	84	45	2	424	497	432	515	7.03e-07	48.5
DPHMDKOJ_02753	MER0011484	30.045	223	102	13	287	472	268	473	7.76e-07	48.5
DPHMDKOJ_02753	MER0005760	31.915	94	46	3	418	493	246	339	8.79e-07	47.8
DPHMDKOJ_02753	MER0004988	27.111	225	132	7	284	493	68	275	9.75e-07	47.4
DPHMDKOJ_02753	MER0014325	31.092	119	61	5	385	496	238	342	1.11e-06	47.8
DPHMDKOJ_02753	MER0015436	32.955	88	51	2	418	497	351	438	1.31e-06	47.8
DPHMDKOJ_02753	MER0014313	31.959	97	46	3	421	497	286	382	1.51e-06	47.4
DPHMDKOJ_02753	MER0000329	34.483	87	35	1	434	498	260	346	2.44e-06	46.6
DPHMDKOJ_02753	MER0015435	27.273	99	53	2	418	497	359	457	2.55e-06	46.6
DPHMDKOJ_02753	MER0005034	30.303	99	49	3	418	496	342	440	2.63e-06	46.6
DPHMDKOJ_02753	MER0005756	34.568	81	41	2	421	489	294	374	2.72e-06	46.6
DPHMDKOJ_02753	MER0014089	34.783	92	47	3	411	489	343	434	3.20e-06	46.2
DPHMDKOJ_02753	MER0014309	30.208	96	49	3	420	497	240	335	3.80e-06	45.8
DPHMDKOJ_02753	MER0025143	31.447	159	82	7	287	438	71	209	4.20e-06	45.4
DPHMDKOJ_02753	MER0002771	25.668	187	115	5	324	489	146	329	4.87e-06	45.4
DPHMDKOJ_02753	MER0011813	31.313	99	48	2	418	496	344	442	6.29e-06	45.4
DPHMDKOJ_02753	MER0005610	33.333	72	37	1	433	493	267	338	7.04e-06	45.1
DPHMDKOJ_02754	MER0036308	27.419	186	104	4	322	487	39	213	5.89e-13	65.9
DPHMDKOJ_02754	MER0002755	28.758	153	96	5	337	478	50	200	2.78e-10	57.4
DPHMDKOJ_02754	MER0002003	23.196	194	130	6	311	485	24	217	4.76e-10	57.0
DPHMDKOJ_02754	MER0011345	24.737	190	130	4	309	485	28	217	2.04e-09	55.5
DPHMDKOJ_02754	MER0005328	27.807	187	111	7	309	476	17	198	2.25e-09	54.7
DPHMDKOJ_02754	MER0001009	24.088	137	101	2	352	485	13	149	4.54e-09	53.9
DPHMDKOJ_02754	MER0004243	27.206	136	93	2	356	485	81	216	7.86e-09	53.1
DPHMDKOJ_02754	MER0001010	26.515	132	90	3	359	485	61	190	1.33e-08	52.4
DPHMDKOJ_02754	MER0000997	26.425	193	117	8	310	479	21	211	1.44e-08	52.4
DPHMDKOJ_02754	MER0012283	28.125	160	86	4	337	478	60	208	3.31e-08	51.2
DPHMDKOJ_02754	MER0006264	23.841	151	90	4	337	471	27	168	7.43e-08	49.7
DPHMDKOJ_02754	MER0011440	20.833	192	122	7	312	479	19	204	1.07e-07	49.7
DPHMDKOJ_02754	MER0011369	23.313	163	112	4	319	478	66	218	1.09e-07	50.1
DPHMDKOJ_02754	MER0002281	26.344	186	114	7	321	488	41	221	1.34e-07	49.7
DPHMDKOJ_02754	MER0011423	22.464	138	98	2	346	477	72	206	2.26e-07	48.9
DPHMDKOJ_02754	MER0001013	27.673	159	103	5	337	485	61	217	2.53e-07	48.9
DPHMDKOJ_02754	MER0002968	23.529	187	126	7	310	479	23	209	4.22e-07	48.1
DPHMDKOJ_02754	MER0001017	27.160	162	88	7	337	478	60	211	1.01e-06	47.4
DPHMDKOJ_02754	MER0019754	24.638	138	77	4	359	480	64	190	1.12e-06	46.6
DPHMDKOJ_02754	MER0052595	25.547	137	91	3	359	487	89	222	1.21e-06	46.6
DPHMDKOJ_02754	MER0019759	23.077	208	122	9	309	490	20	215	3.45e-06	45.4
DPHMDKOJ_02788	MER0004775	52.632	285	128	3	1	284	380	658	1.91e-99	302
DPHMDKOJ_02788	MER0002988	41.096	292	162	4	1	284	404	693	4.84e-68	221
DPHMDKOJ_02788	MER0001058	41.812	287	146	6	1	284	358	626	5.78e-67	216
DPHMDKOJ_02788	MER0019832	40.351	285	156	4	1	284	377	648	8.97e-67	216
DPHMDKOJ_02788	MER0001050	40.541	296	158	5	1	284	410	699	7.24e-65	212
DPHMDKOJ_02788	MER0011141	38.488	291	162	5	4	284	406	689	8.53e-63	206
DPHMDKOJ_02788	MER0019831	39.175	291	162	6	5	284	365	651	1.16e-58	195
DPHMDKOJ_02788	MER0013406	38.047	297	165	6	1	284	406	696	5.14e-58	194
DPHMDKOJ_02788	MER0001056	37.671	292	168	6	1	284	392	677	1.32e-56	189
DPHMDKOJ_02788	MER0001991	38.686	274	158	4	1	267	392	662	3.87e-56	188
DPHMDKOJ_02788	MER0004762	35.862	290	178	5	1	284	402	689	2.24e-55	186
DPHMDKOJ_02788	MER0011838	35.154	293	173	6	1	284	397	681	6.40e-55	185
DPHMDKOJ_02788	MER0011159	36.301	292	174	7	1	284	395	682	6.41e-55	185
DPHMDKOJ_02788	MER0002997	36.735	294	165	8	5	284	403	689	9.35e-55	185
DPHMDKOJ_02788	MER0002350	36.177	293	176	5	1	284	406	696	1.43e-51	176
DPHMDKOJ_02788	MER0005528	35.473	296	173	6	1	284	396	685	4.50e-51	175
DPHMDKOJ_02788	MER0001365	36.246	309	161	9	1	284	434	731	1.38e-49	171
DPHMDKOJ_02788	MER0001059	46.316	190	97	3	1	189	361	546	1.80e-48	166
DPHMDKOJ_02788	MER0162857	32.226	301	184	7	1	284	449	746	2.54e-45	159
DPHMDKOJ_02788	MER0002062	33.333	285	176	6	1	273	409	691	1.55e-44	157
DPHMDKOJ_02788	MER0015175	31.132	318	184	7	1	284	434	750	1.96e-44	157
DPHMDKOJ_02788	MER0002285	37.069	232	140	3	57	284	420	649	7.94e-42	149
DPHMDKOJ_02788	MER0038668	31.950	241	145	4	62	284	364	603	5.45e-37	135
DPHMDKOJ_02788	MER0024834	35.870	184	109	5	107	284	1	181	9.31e-34	118
DPHMDKOJ_02788	MER0004778	27.759	299	190	7	4	284	436	726	8.77e-28	109
DPHMDKOJ_02788	MER0011430	30.719	306	162	13	5	284	376	657	2.45e-27	108
DPHMDKOJ_02788	MER0011433	30.108	279	172	10	5	267	390	661	1.04e-25	103
DPHMDKOJ_02788	MER0011432	29.210	291	175	12	3	273	388	667	1.56e-24	100
DPHMDKOJ_02788	MER0011427	27.984	243	153	7	57	284	448	683	3.92e-24	98.6
DPHMDKOJ_02788	MER0026946	27.843	255	165	6	33	284	16	254	7.72e-24	94.4
DPHMDKOJ_02788	MER0001054	27.211	294	183	10	1	284	389	661	6.25e-22	92.4
DPHMDKOJ_02788	MER0011355	26.104	249	165	7	47	284	426	666	6.71e-20	86.3
DPHMDKOJ_02788	MER0002990	24.415	299	191	8	4	284	366	647	5.45e-17	77.8
DPHMDKOJ_02788	MER0011429	26.335	281	187	8	4	273	379	650	6.87e-17	77.4
DPHMDKOJ_02788	MER0002987	25.362	276	191	8	1	267	294	563	8.56e-17	77.0
DPHMDKOJ_02788	MER0002993	25.909	220	130	7	5	197	365	578	4.15e-16	75.1
DPHMDKOJ_02788	MER0002989	23.729	295	197	10	2	284	362	640	4.49e-16	75.1
DPHMDKOJ_02788	MER0004761	25.685	292	197	8	5	284	375	658	1.48e-14	70.5
DPHMDKOJ_02788	MER0011195	25.692	253	151	9	40	284	432	655	4.93e-13	65.9
DPHMDKOJ_02788	MER0002991	29.834	181	119	4	109	284	503	680	9.00e-13	65.1
DPHMDKOJ_02788	MER0015181	23.920	301	196	9	1	284	360	644	3.73e-12	63.2
DPHMDKOJ_02788	MER0011306	25.862	232	140	8	59	284	441	646	1.24e-11	61.6
DPHMDKOJ_02788	MER0011151	21.649	194	129	5	78	267	187	361	6.97e-10	55.8
DPHMDKOJ_02788	MER0004763	23.711	194	136	4	1	185	222	412	6.14e-09	53.1
DPHMDKOJ_02788	MER0011486	27.103	107	66	1	87	193	435	529	5.47e-08	50.4
DPHMDKOJ_02788	MER0002999	38.710	62	38	0	81	142	455	516	1.27e-06	46.2
DPHMDKOJ_02788	MER0002998	32.759	58	39	0	82	139	480	537	2.07e-06	45.4
DPHMDKOJ_02790	MER0011462	28.689	244	163	6	62	298	10	249	2.66e-28	111
DPHMDKOJ_02790	MER0030257	30.328	244	161	6	62	299	10	250	3.82e-28	110
DPHMDKOJ_02790	MER0011464	28.689	244	163	7	62	298	7	246	2.39e-27	108
DPHMDKOJ_02790	MER0029965	29.289	239	158	7	70	300	17	252	2.28e-26	105
DPHMDKOJ_02790	MER0011461	32.039	206	132	5	97	298	46	247	7.22e-26	104
DPHMDKOJ_02790	MER0038822	31.308	214	140	4	90	299	2	212	6.77e-25	100
DPHMDKOJ_02790	MER0038831	32.804	189	122	4	112	298	64	249	4.61e-24	99.0
DPHMDKOJ_02790	MER0011487	28.807	243	164	6	62	298	10	249	1.13e-23	98.2
DPHMDKOJ_02790	MER0015338	28.571	203	138	5	95	293	49	248	7.39e-23	95.9
DPHMDKOJ_02790	MER0038833	29.218	243	161	7	64	299	12	250	1.28e-22	95.1
DPHMDKOJ_02790	MER0038832	28.070	228	153	6	78	298	26	249	1.97e-22	94.4
DPHMDKOJ_02790	MER0015688	31.034	203	134	4	99	299	58	256	3.34e-22	94.0
DPHMDKOJ_02790	MER0005158	31.579	209	132	5	98	299	51	255	2.53e-21	91.3
DPHMDKOJ_02790	MER0001911	28.302	212	137	8	95	301	38	239	2.85e-14	70.1
DPHMDKOJ_02790	MER0038830	25.311	241	134	8	63	298	11	210	9.91e-14	68.2
DPHMDKOJ_02790	MER0002161	30.939	181	113	6	32	206	1	175	4.05e-08	52.4
DPHMDKOJ_02793	MER0019759	27.679	224	132	4	235	439	20	232	1.69e-22	93.6
DPHMDKOJ_02793	MER0015166	28.696	230	147	3	204	416	1	230	1.79e-22	93.6
DPHMDKOJ_02793	MER0005331	31.841	201	107	7	236	417	21	210	1.37e-18	82.0
DPHMDKOJ_02793	MER0091680	27.143	210	138	4	235	433	11	216	1.74e-18	81.6
DPHMDKOJ_02793	MER0002968	26.009	223	149	4	211	421	1	219	5.94e-18	80.1
DPHMDKOJ_02793	MER0002746	27.523	218	147	5	233	440	18	234	9.09e-18	80.1
DPHMDKOJ_02793	MER0005046	28.426	197	123	4	233	416	6	197	1.32e-17	78.6
DPHMDKOJ_02793	MER0002355	25.893	224	149	3	211	425	1	216	3.59e-17	77.8
DPHMDKOJ_02793	MER0011720	25.893	224	143	5	211	425	1	210	8.83e-17	76.6
DPHMDKOJ_02793	MER0028449	29.500	200	124	5	233	417	24	221	1.77e-16	75.9
DPHMDKOJ_02793	MER0001012	25.676	222	144	5	211	417	1	216	5.33e-16	74.3
DPHMDKOJ_02793	MER0011183	25.000	200	141	4	246	436	23	222	1.82e-15	73.2
DPHMDKOJ_02793	MER0036308	28.182	220	142	6	210	423	8	217	2.47e-15	72.8
DPHMDKOJ_02793	MER0011345	29.493	217	124	9	242	438	37	244	3.80e-15	72.4
DPHMDKOJ_02793	MER0005045	26.804	194	132	4	233	417	6	198	4.37e-15	71.2
DPHMDKOJ_02793	MER0001701	25.991	227	137	8	233	436	6	224	4.78e-15	72.0
DPHMDKOJ_02793	MER0002060	24.299	214	154	3	211	416	1	214	1.41e-14	70.5
DPHMDKOJ_02793	MER0002422	28.889	180	121	4	245	418	29	207	2.34e-14	69.3
DPHMDKOJ_02793	MER0001009	29.747	158	104	2	293	444	20	176	4.48e-14	68.6
DPHMDKOJ_02793	MER0011423	28.079	203	128	6	230	417	15	214	5.99e-14	68.6
DPHMDKOJ_02793	MER0002003	26.389	216	149	3	211	416	1	216	1.10e-13	67.8
DPHMDKOJ_02793	MER0011438	35.922	103	62	1	235	333	19	121	1.21e-13	67.4
DPHMDKOJ_02793	MER0001017	27.442	215	123	8	226	417	14	218	2.99e-13	67.0
DPHMDKOJ_02793	MER0168177	34.307	137	83	3	284	418	33	164	4.22e-13	64.7
DPHMDKOJ_02793	MER0006264	27.473	182	122	4	245	417	2	182	4.80e-13	65.1
DPHMDKOJ_02793	MER0000997	28.426	197	117	5	233	411	21	211	7.65e-13	65.1
DPHMDKOJ_02793	MER0011440	37.864	103	60	2	231	329	15	117	7.88e-13	65.1
DPHMDKOJ_02793	MER0011370	29.121	182	118	5	246	417	30	210	9.64e-13	64.7
DPHMDKOJ_02793	MER0001010	26.316	209	137	5	239	434	3	207	2.69e-12	63.5
DPHMDKOJ_02793	MER0012283	26.776	183	113	5	248	418	43	216	2.98e-12	63.5
DPHMDKOJ_02793	MER0001003	31.148	183	107	6	248	416	7	184	3.06e-12	62.8
DPHMDKOJ_02793	MER0016308	26.966	178	121	4	247	416	6	182	3.70e-12	62.4
DPHMDKOJ_02793	MER0001185	25.481	208	142	5	220	416	9	214	4.90e-12	62.8
DPHMDKOJ_02793	MER0168983	27.907	172	114	5	248	419	3	164	6.47e-12	61.2
DPHMDKOJ_02793	MER0005328	35.000	120	59	5	226	336	3	112	9.60e-12	61.6
DPHMDKOJ_02793	MER0002078	25.306	245	152	7	216	440	1	234	1.10e-11	62.0
DPHMDKOJ_02793	MER0011369	25.824	182	124	4	246	417	45	225	1.58e-11	61.6
DPHMDKOJ_02793	MER0001013	35.714	112	54	4	234	336	22	124	2.25e-11	61.2
DPHMDKOJ_02793	MER0019754	29.592	196	121	7	236	417	3	195	2.26e-10	57.4
DPHMDKOJ_02793	MER0004243	28.000	200	120	5	236	417	23	216	2.32e-10	57.8
DPHMDKOJ_02793	MER0116688	32.967	91	57	1	240	326	25	115	3.03e-10	57.8
DPHMDKOJ_02793	MER0011401	26.061	165	109	3	261	412	38	202	3.17e-10	57.4
DPHMDKOJ_02793	MER0002281	25.792	221	133	8	220	418	8	219	8.76e-10	56.6
DPHMDKOJ_02793	MER0011175	25.243	206	119	6	233	416	17	209	6.44e-09	53.5
DPHMDKOJ_02793	MER0011400	32.955	88	55	1	246	329	31	118	7.42e-09	53.9
DPHMDKOJ_02793	MER0026830	29.897	97	65	1	232	325	19	115	9.61e-09	52.4
DPHMDKOJ_02793	MER0019096	26.573	143	97	2	295	437	62	196	1.84e-08	52.0
DPHMDKOJ_02793	MER0002755	33.333	93	56	2	247	338	32	119	3.42e-08	51.2
DPHMDKOJ_02793	MER0012271	35.484	93	54	2	247	338	43	130	3.49e-08	52.0
DPHMDKOJ_02793	MER0052595	25.258	194	130	3	236	416	28	219	5.20e-08	50.8
DPHMDKOJ_02793	MER0001005	25.568	176	115	6	247	411	1	171	5.25e-08	50.4
DPHMDKOJ_02793	MER0011371	27.485	171	109	4	256	414	41	208	7.99e-08	50.1
DPHMDKOJ_02793	MER0003500	31.633	98	63	2	232	325	4	101	1.67e-07	49.3
DPHMDKOJ_02793	MER0002210	26.282	156	103	4	260	404	2	156	3.47e-07	47.4
DPHMDKOJ_02793	MER0003916	26.214	103	72	1	231	329	4	106	7.26e-07	47.0
DPHMDKOJ_02793	MER0011399	30.769	91	58	2	240	326	25	114	7.80e-07	47.4
DPHMDKOJ_02793	MER0026493	27.193	114	74	2	229	337	13	122	1.03e-06	46.2
DPHMDKOJ_02793	MER0001525	30.159	126	70	5	212	326	5	123	4.05e-06	45.4
DPHMDKOJ_02802	MER0003558	31.034	58	40	0	9	66	184	241	6.71e-06	39.3
DPHMDKOJ_02931	MER0001284	27.848	158	103	4	8	163	99	247	1.47e-09	54.7
DPHMDKOJ_02931	MER0004514	28.931	159	102	4	8	164	99	248	2.17e-09	53.9
DPHMDKOJ_02931	MER0005131	28.481	158	105	3	9	166	105	254	3.78e-08	50.4
DPHMDKOJ_02932	MER0026494	32.017	481	296	8	1	462	4	472	1.33e-71	231
DPHMDKOJ_02932	MER0026471	29.508	488	306	10	1	462	5	480	1.14e-66	218
DPHMDKOJ_02932	MER0015142	30.000	480	309	8	1	462	33	503	8.55e-65	214
DPHMDKOJ_02932	MER0003397	29.907	214	124	5	1	198	5	208	5.29e-22	93.2
DPHMDKOJ_02932	MER0003397	28.866	97	66	1	364	460	215	308	2.54e-08	52.0
DPHMDKOJ_02932	MER0026485	31.220	205	119	7	8	198	11	207	1.33e-21	92.0
DPHMDKOJ_02932	MER0026485	31.522	92	63	0	362	453	212	303	3.14e-09	55.1
DPHMDKOJ_02932	MER0052470	24.808	391	254	11	66	436	69	439	1.09e-20	91.3
DPHMDKOJ_02932	MER0057434	28.708	209	121	8	7	198	2	199	3.70e-18	81.6
DPHMDKOJ_02932	MER0057434	35.802	81	49	1	381	461	223	300	3.56e-07	48.5
DPHMDKOJ_02932	MER0001272	29.412	153	87	5	22	171	12	146	1.45e-10	58.5
DPHMDKOJ_02932	MER0369972	29.545	176	109	7	16	188	2	165	1.47e-08	53.5
DPHMDKOJ_02955	MER0001244	39.163	263	145	6	175	425	2	261	5.95e-54	177
DPHMDKOJ_02955	MER0013463	36.466	266	150	5	174	426	1	260	5.14e-49	164
DPHMDKOJ_02955	MER0001733	29.452	292	163	4	176	426	3	292	2.34e-41	145
DPHMDKOJ_02955	MER0028601	32.727	275	149	11	176	425	3	266	2.50e-39	139
DPHMDKOJ_02955	MER0005462	30.544	239	140	5	174	408	1	217	3.20e-31	116
DPHMDKOJ_02955	MER0004931	31.092	238	138	6	175	408	2	217	6.53e-31	115
DPHMDKOJ_02955	MER0004532	29.339	242	134	6	175	407	2	215	1.34e-28	109
DPHMDKOJ_02955	MER0001248	30.000	250	125	7	222	425	7	252	1.11e-25	102
DPHMDKOJ_02955	MER0005715	28.511	235	142	6	175	403	2	216	2.24e-22	92.4
DPHMDKOJ_02955	MER0002038	25.911	247	149	9	175	412	2	223	5.00e-16	73.9
DPHMDKOJ_02955	MER0001250	26.224	286	144	10	176	407	3	275	1.75e-15	73.6
DPHMDKOJ_02955	MER0016544	27.638	199	108	8	228	413	81	256	3.78e-10	57.4
DPHMDKOJ_02955	MER0003105	23.116	199	119	8	229	415	64	240	4.40e-07	47.8
DPHMDKOJ_03002	MER0004925	22.464	276	180	9	620	877	2	261	2.49e-11	62.0
DPHMDKOJ_03002	MER0017401	30.405	148	85	5	713	855	84	218	3.37e-11	61.2
DPHMDKOJ_03002	MER0034615	24.699	166	111	4	713	873	90	246	6.27e-11	60.5
DPHMDKOJ_03002	MER0003558	26.506	166	109	4	716	880	107	260	1.27e-10	59.7
DPHMDKOJ_03002	MER0014827	22.826	276	179	9	620	877	2	261	8.84e-10	57.4
DPHMDKOJ_03002	MER0000408	25.904	166	100	3	703	857	80	233	1.10e-09	57.0
DPHMDKOJ_03002	MER0006027	25.000	164	103	4	721	874	102	255	1.81e-09	56.2
DPHMDKOJ_03002	MER0140224	27.397	146	104	1	717	862	81	224	1.85e-09	55.8
DPHMDKOJ_03002	MER0001423	27.891	147	86	3	723	866	95	224	4.59e-09	54.7
DPHMDKOJ_03002	MER0058228	26.316	247	142	10	633	861	2	226	5.08e-08	51.6
DPHMDKOJ_03002	MER0004923	23.864	264	171	9	615	864	32	279	5.52e-08	52.0
DPHMDKOJ_03002	MER0011583	24.540	163	104	5	723	877	98	249	6.89e-08	51.6
DPHMDKOJ_03002	MER0192427	22.088	249	157	8	622	855	50	276	7.67e-08	51.6
DPHMDKOJ_03002	MER0005994	30.935	139	61	4	728	855	127	241	2.98e-07	49.7
DPHMDKOJ_03002	MER0011413	30.435	138	83	4	723	859	98	223	7.62e-07	48.1
DPHMDKOJ_03002	MER0005196	26.000	150	95	3	713	861	105	239	1.47e-06	47.4
DPHMDKOJ_03002	MER0030932	23.226	155	109	4	722	875	98	243	1.69e-06	47.0
DPHMDKOJ_03002	MER0000401	22.128	235	144	10	638	855	26	238	1.70e-06	47.4
DPHMDKOJ_03002	MER0016096	20.866	254	166	7	639	873	7	244	2.59e-06	46.6
DPHMDKOJ_03002	MER0000263	21.012	257	161	9	638	873	6	241	5.38e-06	45.4
DPHMDKOJ_03002	MER0001920	23.864	176	123	4	706	880	81	246	6.64e-06	45.4
DPHMDKOJ_03002	MER0018170	24.286	140	103	3	717	855	94	231	8.21e-06	45.1
DPHMDKOJ_03018	MER0017177	41.333	75	43	1	45	118	246	320	1.52e-10	53.5
DPHMDKOJ_03018	MER0036059	39.286	56	34	0	52	107	295	350	3.28e-07	44.3
DPHMDKOJ_03018	MER0000436	26.154	65	47	1	54	118	225	288	4.35e-06	40.8
DPHMDKOJ_03018	MER0031611	25.352	71	53	0	45	115	220	290	6.95e-06	40.4
DPHMDKOJ_03029	MER0000474	55.556	189	84	0	34	222	16	204	1.44e-75	224
DPHMDKOJ_03029	MER0005687	48.837	215	99	3	10	222	3	208	9.85e-68	204
DPHMDKOJ_03029	MER0004857	50.515	194	94	2	30	222	12	204	1.66e-63	193
DPHMDKOJ_03029	MER0006046	47.619	189	99	0	33	221	15	203	8.99e-63	191
DPHMDKOJ_03029	MER0002299	50.811	185	91	0	36	220	12	196	1.90e-62	191
DPHMDKOJ_03029	MER0002211	48.148	189	98	0	34	222	16	204	6.74e-62	189
DPHMDKOJ_03029	MER0004855	47.399	173	91	0	49	221	33	205	4.05e-57	177
DPHMDKOJ_03029	MER0006063	46.154	182	98	0	40	221	23	204	5.33e-57	177
DPHMDKOJ_03029	MER0006056	50.307	163	80	1	59	221	46	207	2.13e-53	168
DPHMDKOJ_03029	MER0004847	47.340	188	98	1	36	222	18	205	2.26e-53	167
DPHMDKOJ_03029	MER0004182	42.775	173	99	0	49	221	27	199	1.72e-46	150
DPHMDKOJ_03029	MER0006308	36.571	175	110	1	50	223	22	196	9.44e-44	142
DPHMDKOJ_03029	MER0011666	41.420	169	97	2	55	221	17	185	7.22e-41	135
DPHMDKOJ_03029	MER0001369	41.975	81	45	1	76	156	52	130	1.62e-07	45.8
DPHMDKOJ_03033	MER0031610	33.603	247	156	4	19	258	56	301	3.22e-41	140
DPHMDKOJ_03033	MER0036115	33.333	102	64	2	15	113	33	133	2.08e-11	59.7
DPHMDKOJ_03033	MER0014065	33.333	102	63	3	14	111	30	130	6.28e-11	58.5
DPHMDKOJ_03033	MER0031619	30.097	103	68	2	17	116	28	129	1.85e-08	51.2
DPHMDKOJ_03033	MER0017193	28.319	113	78	3	7	116	15	127	5.37e-08	49.3
DPHMDKOJ_03033	MER0044858	25.373	268	157	11	19	247	57	320	2.74e-07	47.8
DPHMDKOJ_03033	MER0031616	31.068	103	65	3	16	113	38	139	3.19e-07	47.4
DPHMDKOJ_03033	MER0031614	24.277	173	111	6	21	173	87	259	6.18e-07	46.6
DPHMDKOJ_03033	MER0026339	30.189	106	71	3	14	116	21	126	8.09e-07	45.8
DPHMDKOJ_03033	MER0011509	30.000	120	76	4	6	120	27	143	8.34e-07	46.2
DPHMDKOJ_03033	MER0043008	27.273	121	79	4	5	118	8	126	1.44e-06	45.1
DPHMDKOJ_03033	MER0036072	25.664	113	74	2	13	116	76	187	1.46e-06	45.4
DPHMDKOJ_03033	MER0044350	22.101	276	170	11	17	257	1	266	3.18e-06	44.3
DPHMDKOJ_03033	MER0031611	22.180	266	180	9	13	259	35	292	5.82e-06	43.5
DPHMDKOJ_03033	MER0017142	27.273	132	83	4	18	141	15	141	7.54e-06	42.7
DPHMDKOJ_03171	MER0003338	59.690	129	52	0	1	129	7	135	1.34e-50	154
DPHMDKOJ_03171	MER0003303	53.543	127	56	2	1	127	7	130	3.82e-42	133
DPHMDKOJ_03171	MER0013976	51.667	120	55	2	1	120	7	123	1.78e-37	120
DPHMDKOJ_03171	MER0003336	38.889	108	57	2	1	100	7	113	7.63e-18	71.6
DPHMDKOJ_03171	MER0016969	34.951	103	56	3	1	94	7	107	3.52e-13	60.1
DPHMDKOJ_03171	MER0003299	39.130	92	52	2	1	89	7	97	2.58e-09	49.3
DPHMDKOJ_03171	MER0011465	41.071	56	33	0	1	56	7	62	1.66e-08	47.0
DPHMDKOJ_03171	MER0017622	34.722	72	40	1	1	65	177	248	3.05e-07	44.7
DPHMDKOJ_03185	MER0011781	23.860	285	151	12	38	320	17	237	2.34e-08	52.0
DPHMDKOJ_03185	MER0004101	23.239	284	154	13	38	320	17	237	5.16e-08	51.2
DPHMDKOJ_03191	MER0036038	26.271	236	141	7	31	259	32	241	2.68e-14	67.8
DPHMDKOJ_03191	MER0031565	26.522	230	137	7	30	252	31	235	2.92e-14	67.8
DPHMDKOJ_03191	MER0045479	27.074	229	135	7	31	252	32	235	3.99e-14	67.4
DPHMDKOJ_03191	MER0031569	24.715	263	166	12	3	259	4	240	2.91e-11	59.3
DPHMDKOJ_03191	MER0036036	23.305	236	139	7	32	254	33	239	8.15e-09	52.0
