OIPLAADC_00043	MER0011440	26.429	140	97	3	420	554	80	218	2.65e-08	52.0
OIPLAADC_00043	MER0019759	23.179	151	107	4	421	565	82	229	4.81e-06	45.4
OIPLAADC_00043	MER0011369	27.820	133	86	6	421	546	96	225	8.44e-06	44.7
OIPLAADC_00054	MER0028025	50.602	166	81	1	15	180	4	168	4.36e-48	160
OIPLAADC_00054	MER0028025	45.977	87	45	2	282	368	164	248	1.18e-19	84.3
OIPLAADC_00054	MER0003798	22.414	406	253	13	22	368	20	422	5.07e-15	72.8
OIPLAADC_00054	MER0001273	31.765	170	97	6	24	178	9	174	1.03e-13	67.4
OIPLAADC_00054	MER0001272	30.357	168	100	7	24	179	6	168	2.34e-13	66.2
OIPLAADC_00054	MER0238460	25.074	339	210	13	54	355	70	401	2.56e-11	61.2
OIPLAADC_00054	MER0003397	37.634	93	52	4	74	162	89	179	9.50e-08	50.1
OIPLAADC_00054	MER0026485	39.130	92	50	4	74	161	89	178	1.28e-07	49.3
OIPLAADC_00054	MER0002961	30.400	125	63	5	57	159	67	189	5.49e-07	48.1
OIPLAADC_00054	MER0003775	25.946	185	118	7	14	183	10	190	8.44e-07	47.0
OIPLAADC_00054	MER0001266	27.451	204	129	10	79	275	85	276	9.77e-06	43.9
OIPLAADC_00146	MER0026262	23.913	276	185	7	31	281	1	276	4.27e-21	91.3
OIPLAADC_00146	MER1143079	24.138	290	183	11	53	328	17	283	1.09e-17	80.1
OIPLAADC_00146	MER0003802	23.607	305	220	7	50	352	19	312	2.76e-14	70.5
OIPLAADC_00146	MER0006204	29.204	113	75	2	30	137	4	116	2.97e-13	67.8
OIPLAADC_00146	MER0017069	25.166	151	103	2	48	188	12	162	3.49e-13	67.4
OIPLAADC_00146	MER0011700	32.990	97	60	1	46	137	16	112	2.08e-12	65.1
OIPLAADC_00146	MER0002489	26.217	267	168	8	66	309	42	302	5.40e-12	63.9
OIPLAADC_00146	MER0005964	27.660	141	95	2	48	182	22	161	1.39e-11	62.8
OIPLAADC_00146	MER0000459	27.500	160	100	5	47	192	24	181	7.99e-11	60.1
OIPLAADC_00146	MER0005836	26.347	167	109	6	44	196	23	189	4.27e-10	57.0
OIPLAADC_00146	MER0140154	23.889	180	111	4	46	199	1	180	8.48e-10	57.0
OIPLAADC_00146	MER0004090	23.645	203	128	7	32	209	10	210	3.57e-09	55.5
OIPLAADC_00146	MER0000463	32.632	95	58	4	45	136	15	106	3.94e-09	55.1
OIPLAADC_00146	MER0005925	22.414	174	114	4	45	199	16	187	4.69e-09	54.7
OIPLAADC_00146	MER0122661	30.952	126	78	4	80	197	50	174	1.01e-08	53.5
OIPLAADC_00146	MER0004154	30.233	129	78	5	33	156	3	124	2.28e-08	52.8
OIPLAADC_00146	MER0015683	21.469	177	127	4	31	197	23	197	3.80e-08	51.6
OIPLAADC_00193	MER0013450	42.460	252	143	2	1	251	1	251	3.82e-67	205
OIPLAADC_00193	MER0001243	33.468	248	163	2	1	247	3	249	1.27e-47	155
OIPLAADC_00193	MER0001342	32.258	248	166	2	1	248	3	248	4.31e-42	141
OIPLAADC_00193	MER0015127	35.146	239	150	4	12	249	14	248	2.16e-40	137
OIPLAADC_00193	MER0015128	36.250	240	149	4	9	247	11	247	4.50e-40	136
OIPLAADC_00193	MER0005690	35.526	228	140	4	25	248	23	247	1.82e-38	132
OIPLAADC_00193	MER0013589	32.653	245	162	3	3	247	1	242	9.90e-38	129
OIPLAADC_00193	MER0013929	31.349	252	168	5	1	251	3	250	2.08e-33	119
OIPLAADC_00193	MER0003880	33.673	196	115	6	12	204	6	189	5.51e-22	89.4
OIPLAADC_00193	MER0010972	22.363	237	164	3	11	247	13	229	6.40e-16	72.0
OIPLAADC_00193	MER0024896	28.467	137	90	2	122	252	337	471	4.62e-11	59.3
OIPLAADC_00193	MER0024896	36.145	83	46	3	33	112	35	113	3.20e-09	53.5
OIPLAADC_00193	MER0011746	26.761	213	139	7	12	213	14	220	5.57e-11	58.5
OIPLAADC_00193	MER0004931	29.851	134	85	5	74	205	71	197	1.93e-08	50.4
OIPLAADC_00193	MER0064643	34.444	90	52	3	61	147	68	153	5.99e-08	49.7
OIPLAADC_00193	MER0005497	33.333	90	53	3	61	147	68	153	1.03e-07	48.9
OIPLAADC_00193	MER0001728	24.645	211	134	7	12	207	14	214	1.14e-07	48.5
OIPLAADC_00193	MER0029983	44.262	61	27	3	61	118	76	132	3.47e-07	47.4
OIPLAADC_00193	MER0004532	28.571	105	73	2	76	179	72	175	7.25e-07	45.8
OIPLAADC_00193	MER0002038	26.230	183	128	5	5	186	7	183	2.06e-06	44.3
OIPLAADC_00193	MER0005462	27.027	185	112	7	3	178	5	175	3.12e-06	43.9
OIPLAADC_00215	MER0026339	58.427	267	108	2	1	264	1	267	2.16e-118	337
OIPLAADC_00215	MER0017193	36.882	263	163	3	11	271	14	275	1.32e-52	169
OIPLAADC_00215	MER0017177	30.625	160	94	7	4	158	16	163	2.77e-13	65.5
OIPLAADC_00215	MER0031614	26.147	218	128	7	23	228	84	280	1.45e-08	51.6
