LJJINDNL_00009	MER0013450	42.000	250	143	2	1	249	1	249	3.76e-70	213
LJJINDNL_00009	MER0005690	37.900	219	133	3	30	248	32	247	1.22e-41	140
LJJINDNL_00009	MER0001243	28.629	248	175	2	1	247	3	249	7.19e-41	138
LJJINDNL_00009	MER0001342	31.452	248	168	2	1	248	3	248	1.38e-40	137
LJJINDNL_00009	MER0015127	33.333	249	163	3	1	249	3	248	5.65e-40	135
LJJINDNL_00009	MER0013589	34.146	246	157	5	3	247	1	242	4.65e-37	128
LJJINDNL_00009	MER0015128	32.794	247	164	2	1	247	3	247	1.40e-36	127
LJJINDNL_00009	MER0013929	30.522	249	170	3	1	249	3	248	4.75e-36	125
LJJINDNL_00009	MER0003880	31.073	177	109	4	30	204	24	189	1.47e-19	82.8
LJJINDNL_00009	MER0010972	24.686	239	156	5	11	247	13	229	1.72e-15	70.9
LJJINDNL_00009	MER0024896	36.667	120	68	3	134	247	349	466	7.59e-15	70.5
LJJINDNL_00009	MER0024896	33.333	105	66	2	11	112	10	113	2.80e-13	65.9
LJJINDNL_00009	MER0004931	27.273	176	117	6	66	237	61	229	9.58e-09	51.2
LJJINDNL_00009	MER0011746	23.364	214	147	6	12	214	14	221	4.61e-08	49.7
LJJINDNL_00009	MER0004532	23.464	179	125	5	3	178	5	174	4.59e-07	46.2
LJJINDNL_00009	MER0064643	41.071	56	28	2	62	114	69	122	2.04e-06	45.1
LJJINDNL_00009	MER0005462	24.519	208	137	8	3	205	5	197	6.54e-06	42.7
LJJINDNL_00010	MER0066178	27.624	181	102	7	38	212	1	158	5.42e-09	52.4
LJJINDNL_00034	MER0005244	36.464	181	113	2	250	428	3	183	1.08e-30	114
LJJINDNL_00034	MER0005241	28.095	210	136	7	248	442	1	210	4.30e-19	83.2
LJJINDNL_00034	MER0002161	24.057	212	138	4	252	442	66	275	2.50e-08	52.0
LJJINDNL_00034	MER0005131	31.818	110	62	4	252	348	38	147	2.59e-08	51.6
LJJINDNL_00034	MER0100667	30.693	101	64	2	232	328	4	102	2.93e-08	50.8
LJJINDNL_00034	MER0002104	32.031	128	73	6	208	331	31	148	3.77e-08	51.2
LJJINDNL_00034	MER0004514	31.410	156	92	5	218	358	1	156	5.83e-08	50.4
LJJINDNL_00034	MER0001284	33.645	107	61	3	252	348	36	142	1.39e-07	49.3
LJJINDNL_00034	MER0037181	26.131	199	122	7	252	428	66	261	2.13e-07	48.9
LJJINDNL_00034	MER0005238	34.000	100	58	4	252	345	67	164	3.25e-07	48.5
LJJINDNL_00034	MER0001289	24.303	251	149	10	212	440	29	260	9.53e-07	47.0
LJJINDNL_00034	MER0194228	23.469	196	118	7	265	440	1	184	2.88e-06	44.7
LJJINDNL_00069	MER0011369	22.870	223	150	9	817	1023	1	217	2.17e-07	49.7
LJJINDNL_00069	MER0002968	22.642	212	149	8	822	1023	1	207	5.06e-06	45.8
LJJINDNL_00166	MER0005139	31.797	217	122	10	104	302	62	270	3.48e-17	77.4
LJJINDNL_00166	MER0002161	25.703	249	138	10	42	286	16	221	1.79e-11	60.8
LJJINDNL_00166	MER0015691	27.322	183	104	7	104	276	52	215	2.15e-11	60.1
LJJINDNL_00166	MER0015336	34.513	113	63	4	96	207	56	158	2.99e-10	57.0
LJJINDNL_00166	MER0001284	34.234	111	67	3	102	209	33	140	3.71e-10	56.6
LJJINDNL_00166	MER0005131	25.328	229	145	7	105	322	38	251	7.72e-10	55.5
LJJINDNL_00166	MER0005241	35.484	93	47	3	102	189	2	86	5.81e-09	52.8
LJJINDNL_00166	MER0037181	25.523	239	128	9	105	321	66	276	1.06e-08	52.4
LJJINDNL_00166	MER0005238	30.000	110	69	2	99	207	61	163	1.72e-08	51.6
LJJINDNL_00166	MER0001911	31.967	122	71	3	85	204	19	130	2.13e-08	51.2
LJJINDNL_00166	MER0004514	30.000	110	67	4	104	208	35	139	2.16e-08	51.2
LJJINDNL_00166	MER0005149	30.827	133	78	5	89	219	54	174	3.57e-08	50.8
LJJINDNL_00166	MER0100667	26.203	187	110	7	117	301	39	199	3.75e-08	50.1
LJJINDNL_00166	MER0005239	29.825	114	71	3	97	208	61	167	4.58e-08	50.4
LJJINDNL_00166	MER0194228	26.415	212	126	7	119	323	1	189	8.14e-08	48.9
LJJINDNL_00166	MER0002104	29.808	104	65	3	105	207	67	163	1.36e-07	48.9
LJJINDNL_00166	MER0032443	25.991	227	152	8	105	324	39	256	1.37e-07	48.9
LJJINDNL_00166	MER0001289	25.847	236	136	9	103	326	60	268	1.97e-07	48.5
LJJINDNL_00166	MER0005244	34.831	89	50	2	101	189	1	81	2.13e-07	47.8
LJJINDNL_00166	MER0015688	31.818	110	66	3	113	221	64	165	2.46e-06	45.1
LJJINDNL_00166	MER0005152	24.684	158	103	5	105	259	60	204	4.69e-06	44.3
LJJINDNL_00196	MER0004954	43.548	124	67	1	12	135	5	125	7.50e-30	103
LJJINDNL_00196	MER0004953	52.041	98	39	2	39	135	40	130	3.72e-28	102
