MFFGKILH_00029	MER0003514	44.805	154	82	1	191	344	3	153	1.01e-34	125
MFFGKILH_00029	MER0001425	44.654	159	83	2	193	347	5	162	6.33e-34	123
MFFGKILH_00029	MER0003065	43.046	151	83	1	191	341	3	150	1.57e-32	119
MFFGKILH_00029	MER0001297	42.581	155	86	1	193	347	5	156	1.60e-32	119
MFFGKILH_00029	MER0003413	37.748	151	92	1	191	341	3	151	2.37e-31	116
MFFGKILH_00029	MER0015684	36.571	175	100	2	192	366	4	167	4.15e-29	110
MFFGKILH_00029	MER0005714	38.217	157	89	2	191	340	3	158	5.06e-28	107
MFFGKILH_00029	MER0004196	40.260	154	89	3	193	345	5	156	2.55e-27	105
MFFGKILH_00029	MER0004195	32.680	153	101	1	193	345	5	155	6.09e-23	92.8
MFFGKILH_00029	MER0001295	31.395	172	96	4	190	345	2	167	4.86e-19	82.0
MFFGKILH_00029	MER0195376	28.571	147	82	5	191	314	1	147	2.21e-07	48.1
