LFCKMFHF_00049	MER0026262	25.434	346	210	11	191	495	11	349	1.07e-16	78.2
LFCKMFHF_00049	MER1143079	26.582	237	148	6	232	456	46	268	3.41e-15	72.8
LFCKMFHF_00049	MER0011700	27.313	227	128	5	185	375	5	230	1.62e-12	65.9
LFCKMFHF_00049	MER0000459	22.857	280	181	6	230	480	58	331	3.22e-12	64.7
LFCKMFHF_00049	MER0028284	19.108	314	228	7	186	476	6	316	7.29e-10	57.4
LFCKMFHF_00049	MER0004154	26.744	172	97	5	203	350	22	188	1.27e-09	56.6
LFCKMFHF_00049	MER0005964	23.214	224	131	6	229	416	55	273	1.57e-09	56.2
LFCKMFHF_00049	MER0002489	22.619	252	170	4	230	456	58	309	2.63e-09	55.5
LFCKMFHF_00049	MER0006204	24.123	228	134	10	184	380	8	227	4.38e-09	55.1
LFCKMFHF_00049	MER0005836	24.153	236	154	10	184	397	13	245	1.42e-08	52.8
LFCKMFHF_00049	MER0005923	27.928	111	77	2	185	292	12	122	1.40e-06	47.4
LFCKMFHF_00049	MER0005925	21.143	350	219	13	187	492	8	344	1.52e-06	47.0
LFCKMFHF_00090	MER0066178	30.612	147	92	6	35	180	5	142	3.80e-09	52.4
LFCKMFHF_00093	MER0036053	24.809	262	159	9	77	305	6	262	1.57e-11	60.5
LFCKMFHF_00093	MER0031611	22.097	267	170	8	74	312	34	290	3.42e-11	59.7
LFCKMFHF_00093	MER0036068	22.727	242	166	9	79	302	53	291	3.38e-10	56.6
LFCKMFHF_00093	MER0036065	24.138	261	155	10	80	305	3	255	3.16e-09	53.5
LFCKMFHF_00093	MER0044581	29.710	138	81	5	75	202	67	198	4.48e-09	53.5
LFCKMFHF_00093	MER0011785	22.711	273	167	9	80	309	36	307	5.02e-09	53.5
LFCKMFHF_00093	MER0036067	22.083	240	166	9	80	302	52	287	1.53e-08	51.6
LFCKMFHF_00093	MER0044578	31.707	123	66	5	69	177	59	177	8.44e-08	49.7
LFCKMFHF_00093	MER0036076	25.103	243	148	10	79	302	62	289	1.06e-07	49.3
LFCKMFHF_00093	MER0011509	22.581	279	153	11	80	308	39	304	1.87e-07	48.5
LFCKMFHF_00093	MER0183709	23.288	292	171	11	61	313	14	291	3.04e-07	47.8
LFCKMFHF_00093	MER0048002	25.000	280	162	10	73	313	73	343	3.11e-07	48.1
LFCKMFHF_00093	MER0036066	21.951	246	168	9	80	306	1	241	1.28e-06	45.4
LFCKMFHF_00093	MER0036056	21.538	260	184	7	66	306	64	322	1.46e-06	45.8
LFCKMFHF_00132	MER0065588	45.408	196	104	3	1	193	1	196	1.09e-55	172
LFCKMFHF_00132	MER0043387	25.134	187	96	6	13	191	15	165	6.10e-09	50.1
LFCKMFHF_00132	MER0038086	28.244	131	74	5	69	191	105	223	4.81e-07	45.4
