MKELFLIJ_00046	MER0001297	40.909	154	89	2	203	356	4	155	4.43e-34	124
MKELFLIJ_00046	MER0003514	41.558	154	88	2	203	356	4	155	1.32e-33	122
MKELFLIJ_00046	MER0001425	42.767	159	85	3	202	355	3	160	2.92e-31	116
MKELFLIJ_00046	MER0015684	38.667	150	92	0	200	349	1	150	4.60e-30	112
MKELFLIJ_00046	MER0003065	37.662	154	94	1	203	356	4	155	1.34e-29	111
MKELFLIJ_00046	MER0005714	34.375	160	98	1	204	356	5	164	7.31e-29	109
MKELFLIJ_00046	MER0004196	36.306	157	98	2	201	356	2	157	8.87e-28	106
MKELFLIJ_00046	MER0004195	36.076	158	96	2	201	356	2	156	9.72e-28	106
MKELFLIJ_00046	MER0003413	33.548	155	100	2	203	356	4	156	2.11e-24	97.1
MKELFLIJ_00046	MER0001295	28.313	166	106	2	203	356	4	168	1.56e-13	65.9
MKELFLIJ_00046	MER0030244	26.429	140	92	4	198	326	10	149	1.07e-06	46.2
MKELFLIJ_00059	MER0013541	45.833	48	21	2	333	375	21	68	9.74e-06	40.8
MKELFLIJ_00092	MER0004035	44.737	114	55	3	74	186	5	111	8.71e-29	100
MKELFLIJ_00092	MER0002443	40.984	122	66	3	67	187	1	117	1.43e-26	95.1
MKELFLIJ_00092	MER0004054	38.983	118	62	6	76	188	10	122	2.14e-19	76.6
MKELFLIJ_00092	MER0003986	39.837	123	65	5	67	186	1	117	4.20e-18	73.2
MKELFLIJ_00092	MER0003807	36.441	118	69	3	71	187	5	117	5.07e-15	65.1
MKELFLIJ_00092	MER0002450	37.190	121	67	5	67	187	1	112	7.01e-14	62.0
MKELFLIJ_00092	MER0003805	33.065	124	70	5	67	188	1	113	2.05e-13	60.8
MKELFLIJ_00092	MER0003808	37.500	120	56	7	71	185	5	110	3.08e-13	60.5
MKELFLIJ_00092	MER0377310	38.739	111	59	5	67	177	1	102	6.19e-13	59.3
MKELFLIJ_00092	MER0377307	38.739	111	59	5	67	177	1	102	6.19e-13	59.3
MKELFLIJ_00092	MER0014188	34.375	96	52	3	67	161	1	86	4.58e-11	54.7
MKELFLIJ_00092	MER0377178	37.838	111	60	5	67	177	1	102	2.25e-10	52.8
MKELFLIJ_00092	MER0024252	35.714	84	47	2	79	162	14	90	2.79e-09	50.1
MKELFLIJ_00092	MER0376722	38.095	105	46	7	71	170	5	95	3.84e-09	48.9
MKELFLIJ_00092	MER0377450	33.000	100	55	4	67	164	1	90	2.72e-08	46.6
MKELFLIJ_00092	MER0014672	27.500	120	66	3	76	182	10	121	1.59e-06	42.4
MKELFLIJ_00092	MER0031199	35.294	51	33	0	83	133	1	51	6.78e-06	39.7
MKELFLIJ_00096	MER0001295	43.784	185	92	3	371	552	3	178	9.28e-44	152
MKELFLIJ_00096	MER0003514	35.955	178	88	5	381	551	6	164	2.41e-25	100
MKELFLIJ_00096	MER0003413	35.849	159	92	2	391	549	15	163	2.97e-25	99.8
MKELFLIJ_00096	MER0003065	38.365	159	87	3	391	549	15	162	3.16e-25	99.8
MKELFLIJ_00096	MER0001425	38.994	159	86	3	394	551	22	170	9.72e-25	98.6
MKELFLIJ_00096	MER0001297	37.037	162	89	4	391	551	15	164	8.83e-24	95.5
MKELFLIJ_00096	MER0004196	32.919	161	95	3	391	549	15	164	1.19e-19	84.0
MKELFLIJ_00096	MER0015684	34.756	164	85	6	388	541	10	161	1.25e-18	80.9
MKELFLIJ_00096	MER0005714	34.132	167	90	5	392	549	16	171	3.25e-18	80.1
MKELFLIJ_00096	MER0004195	27.607	163	104	5	391	551	15	165	1.18e-12	63.5
MKELFLIJ_00096	MER0030235	27.273	187	109	4	381	552	6	180	5.47e-07	47.4
MKELFLIJ_00096	MER0030244	30.159	189	83	6	395	552	21	191	7.14e-07	47.4
MKELFLIJ_00111	MER0002031	30.952	126	83	1	2	127	6	127	3.67e-19	81.6
MKELFLIJ_00111	MER0014664	29.134	127	83	2	2	125	3	125	1.19e-14	68.6
MKELFLIJ_00111	MER0002036	30.081	123	78	3	9	125	13	133	1.38e-13	65.9
MKELFLIJ_00111	MER0014665	27.273	121	80	2	9	125	6	122	2.06e-08	50.4
MKELFLIJ_00111	MER0003813	33.043	115	65	4	2	109	5	114	5.89e-08	49.7
MKELFLIJ_00111	MER0002884	25.984	127	79	3	9	127	6	125	2.48e-06	44.7
