PMCHABCH_00015	MER0030246	31.469	143	78	3	3	145	2	124	1.67e-15	65.9
PMCHABCH_00015	MER0004953	40.541	111	48	5	34	143	38	131	5.63e-14	64.3
PMCHABCH_00015	MER0004954	38.938	113	55	6	33	143	26	126	1.18e-12	58.2
PMCHABCH_00056	MER0044046	28.889	180	119	5	85	258	4	180	7.26e-13	63.9
PMCHABCH_00056	MER0003812	29.480	173	98	6	82	247	1	156	2.62e-11	59.3
PMCHABCH_00056	MER0321345	26.596	188	116	5	82	255	1	180	7.15e-11	57.8
PMCHABCH_00056	MER0001303	24.599	187	131	4	88	265	7	192	8.61e-10	55.1
PMCHABCH_00056	MER0001300	28.834	163	103	6	94	248	9	166	2.10e-09	53.5
PMCHABCH_00056	MER0013957	26.882	186	116	5	82	255	1	178	3.29e-09	53.1
PMCHABCH_00056	MER0011114	27.322	183	108	7	95	262	200	372	4.45e-09	54.7
PMCHABCH_00069	MER0014135	41.791	268	156	0	183	450	1	268	1.11e-78	243
PMCHABCH_00069	MER0005837	26.554	177	106	7	292	451	78	247	3.56e-07	48.1
PMCHABCH_00069	MER0004236	30.000	100	64	1	357	450	161	260	1.23e-06	46.6
PMCHABCH_00070	MER0069741	49.565	115	55	2	167	281	51	162	6.97e-30	108
PMCHABCH_00070	MER0003380	44.348	115	63	1	167	281	118	231	1.50e-22	90.5
PMCHABCH_00070	MER0013541	49.425	87	44	0	188	274	1	87	1.75e-19	78.2
PMCHABCH_00070	MER0003376	42.157	102	48	2	188	282	45	142	2.69e-18	77.4
PMCHABCH_00070	MER0066182	36.364	121	72	2	167	286	75	191	1.84e-14	67.4
PMCHABCH_00070	MER0387040	40.000	100	59	1	188	286	1	100	9.36e-14	63.2
PMCHABCH_00070	MER0015415	33.929	112	66	2	162	272	45	149	1.39e-13	64.3
PMCHABCH_00070	MER0005300	34.021	97	64	0	190	286	67	163	3.48e-11	57.8
PMCHABCH_00070	MER0001419	37.000	100	61	1	178	275	22	121	1.63e-10	55.1
PMCHABCH_00070	MER0003423	36.842	95	58	2	188	280	32	126	1.90e-10	55.1
PMCHABCH_00070	MER0003906	38.318	107	56	5	188	286	1	105	2.98e-09	50.8
PMCHABCH_00070	MER0001282	37.097	62	31	1	222	275	114	175	4.03e-06	43.1
PMCHABCH_00106	MER0001161	37.189	683	414	8	1	673	1	678	2.36e-154	459
PMCHABCH_00106	MER0001158	36.078	668	419	8	12	673	12	677	1.85e-136	413
PMCHABCH_00106	MER0006087	34.286	700	428	15	2	677	11	702	3.77e-129	395
PMCHABCH_00106	MER0015119	33.287	724	425	20	2	677	7	720	5.28e-124	382
PMCHABCH_00106	MER0001149	29.042	668	443	17	20	673	26	676	6.83e-85	278
PMCHABCH_00106	MER0108144	29.142	676	437	16	24	673	3	662	1.52e-80	266
PMCHABCH_00106	MER0001942	29.839	620	402	16	69	673	75	676	9.74e-75	251
PMCHABCH_00106	MER0001153	28.761	678	427	19	36	673	31	692	7.57e-70	238
PMCHABCH_00106	MER0003110	25.273	732	462	17	7	673	4	715	2.12e-68	234
PMCHABCH_00106	MER0079465	27.242	591	392	16	107	673	58	634	6.51e-62	215
PMCHABCH_00106	MER0001156	25.219	686	448	21	9	650	20	684	5.13e-50	182
PMCHABCH_00106	MER0015170	23.772	631	438	21	47	668	29	625	1.30e-39	151
PMCHABCH_00106	MER0021317	31.646	79	54	0	425	503	9	87	1.13e-08	49.7
PMCHABCH_00181	MER0036072	29.600	125	81	1	6	123	74	198	8.23e-14	67.0
PMCHABCH_00181	MER0004146	29.412	136	83	3	2	124	8	143	1.98e-13	65.1
PMCHABCH_00181	MER0031611	25.191	262	153	10	8	241	35	281	2.45e-13	65.1
PMCHABCH_00181	MER0036053	26.923	260	161	7	7	240	3	259	2.86e-13	64.7
PMCHABCH_00181	MER0017193	39.080	87	51	2	2	87	15	100	9.85e-13	63.2
PMCHABCH_00181	MER0037853	35.052	97	58	2	4	95	18	114	1.75e-11	60.1
PMCHABCH_00181	MER0036115	36.364	99	62	1	10	107	33	131	3.55e-11	58.9
PMCHABCH_00181	MER0017177	28.205	117	82	2	2	116	24	140	8.21e-11	58.2
PMCHABCH_00181	MER0017142	34.286	105	62	4	2	105	3	101	1.88e-10	56.6
PMCHABCH_00181	MER0036075	29.524	105	71	2	13	114	71	175	1.96e-10	57.0
PMCHABCH_00181	MER0014065	30.851	94	63	2	6	98	29	121	3.05e-10	56.2
PMCHABCH_00181	MER0031617	27.660	94	67	1	7	99	29	122	5.58e-10	55.5
PMCHABCH_00181	MER0044578	30.392	102	65	2	13	108	74	175	6.43e-10	55.5
PMCHABCH_00181	MER0213595	30.556	108	71	3	11	115	3	109	7.65e-10	54.7
PMCHABCH_00181	MER0214982	30.556	108	71	3	11	115	3	109	9.21e-10	54.3
PMCHABCH_00181	MER0026339	27.615	239	137	10	2	216	12	238	1.32e-09	54.3
PMCHABCH_00181	MER0037236	29.231	130	80	2	2	119	9	138	1.48e-09	53.9
PMCHABCH_00181	MER0036069	32.632	95	61	1	4	95	72	166	2.24e-09	53.9
PMCHABCH_00181	MER0044581	27.451	102	68	2	13	108	72	173	2.69e-09	53.5
PMCHABCH_00181	MER0035043	33.333	96	63	1	11	105	34	129	1.05e-08	51.6
PMCHABCH_00181	MER0036054	35.294	85	55	0	11	95	15	99	3.97e-08	49.7
PMCHABCH_00181	MER0011509	29.245	106	72	1	13	115	39	144	4.15e-08	50.1
PMCHABCH_00181	MER0031616	25.352	142	95	3	13	143	40	181	1.30e-07	48.5
PMCHABCH_00181	MER0034563	32.500	80	51	2	13	92	17	93	2.33e-07	47.4
PMCHABCH_00181	MER0213816	29.808	104	70	3	13	114	2	104	2.64e-07	47.0
PMCHABCH_00181	MER0011785	32.222	90	53	3	12	95	35	122	3.27e-07	47.4
PMCHABCH_00181	MER0035035	30.435	92	61	2	13	102	36	126	6.36e-07	46.2
PMCHABCH_00181	MER0033249	30.588	85	55	2	13	94	35	118	7.06e-07	45.4
PMCHABCH_00181	MER0044633	25.862	116	81	3	13	123	74	189	7.37e-07	46.2
PMCHABCH_00181	MER0036065	32.584	89	54	1	13	95	3	91	7.62e-07	45.8
PMCHABCH_00181	MER0031619	28.846	104	73	1	9	111	25	128	1.20e-06	45.4
PMCHABCH_00181	MER0035032	30.682	88	60	1	11	97	30	117	1.22e-06	45.4
PMCHABCH_00181	MER0035044	30.108	93	64	1	11	102	32	124	2.47e-06	44.7
PMCHABCH_00181	MER0036074	27.536	138	70	2	6	113	85	222	2.68e-06	44.7
PMCHABCH_00181	MER0036084	28.090	89	60	2	8	92	14	102	2.91e-06	44.3
PMCHABCH_00181	MER0213280	27.273	88	63	1	11	97	29	116	4.01e-06	43.9
PMCHABCH_00181	MER0044350	27.368	95	67	1	13	105	2	96	5.85e-06	43.1
PMCHABCH_00181	MER0035038	28.409	88	62	1	11	97	29	116	6.16e-06	43.5
PMCHABCH_00181	MER0030163	27.907	129	82	2	26	143	43	171	6.46e-06	43.1
PMCHABCH_00247	MER0001423	69.397	232	71	0	476	707	1	232	2.69e-114	341
PMCHABCH_00247	MER0000401	43.529	255	134	5	458	708	10	258	1.26e-65	215
PMCHABCH_00247	MER0000399	44.961	258	130	6	454	708	8	256	1.52e-65	214
PMCHABCH_00247	MER0058228	43.913	230	119	4	477	699	7	233	2.50e-64	211
PMCHABCH_00247	MER0004504	44.915	236	116	6	480	705	2	233	2.91e-63	207
PMCHABCH_00247	MER0005196	40.000	230	137	1	477	706	22	250	6.09e-63	207
PMCHABCH_00247	MER0000405	41.065	263	146	6	452	708	7	266	2.62e-59	198
PMCHABCH_00247	MER0005987	38.494	239	139	5	472	706	23	257	2.92e-58	195
PMCHABCH_00247	MER0011413	38.182	220	132	2	475	690	2	221	2.32e-53	181
PMCHABCH_00247	MER0013484	38.073	218	131	2	477	690	4	221	1.77e-52	178
PMCHABCH_00247	MER0011231	37.052	251	149	6	461	706	10	256	2.64e-51	176
PMCHABCH_00247	MER0011305	38.039	255	135	7	461	703	4	247	7.95e-51	174
PMCHABCH_00247	MER0004923	37.179	234	143	2	461	690	39	272	1.14e-50	175
PMCHABCH_00247	MER0000404	39.676	247	139	7	469	708	18	261	4.12e-50	173
PMCHABCH_00247	MER0004921	33.607	244	145	4	475	709	2	237	8.23e-48	166
PMCHABCH_00247	MER0004193	36.975	238	143	5	477	711	3	236	1.50e-46	162
PMCHABCH_00247	MER0005994	32.946	258	166	5	456	708	6	261	3.88e-45	159
PMCHABCH_00247	MER0000403	30.916	262	169	5	452	706	1	257	8.11e-43	152
PMCHABCH_00247	MER0192427	33.929	224	141	3	470	690	59	278	1.79e-42	152
PMCHABCH_00247	MER0004199	36.161	224	129	8	490	708	7	221	8.41e-42	148
PMCHABCH_00247	MER0195666	35.377	212	125	5	477	680	1	208	6.68e-38	138
PMCHABCH_00247	MER0003361	33.168	202	123	6	478	675	20	213	2.69e-33	125
PMCHABCH_00247	MER0005807	26.971	241	163	5	454	690	28	259	8.16e-23	95.9
PMCHABCH_00247	MER0005988	39.091	110	66	1	582	690	2	111	1.37e-22	90.1
PMCHABCH_00247	MER0017401	28.634	227	146	7	471	689	1	219	1.06e-19	85.9
PMCHABCH_00247	MER0034615	25.862	232	159	5	469	690	2	230	2.57e-18	82.0
PMCHABCH_00247	MER0003558	24.790	238	163	4	469	695	14	246	1.73e-17	79.7
PMCHABCH_00247	MER0015682	24.903	257	178	6	461	708	56	306	2.47e-16	77.4
PMCHABCH_00247	MER0016096	25.751	233	154	8	473	691	2	229	6.63e-16	74.7
PMCHABCH_00247	MER0018170	26.364	220	140	6	485	689	20	232	4.94e-15	72.4
PMCHABCH_00247	MER0140224	26.415	212	137	4	491	689	13	218	1.99e-12	64.3
PMCHABCH_00247	MER0006027	24.473	237	157	6	469	690	9	238	2.08e-12	64.7
PMCHABCH_00247	MER0981959	26.667	150	105	2	465	613	14	159	5.23e-10	57.8
PMCHABCH_00247	MER0001920	22.535	213	147	4	491	690	20	227	5.99e-10	57.4
PMCHABCH_00247	MER0030932	25.106	235	138	9	469	688	13	224	1.17e-09	56.2
PMCHABCH_00247	MER0000263	20.601	233	161	8	473	690	2	225	4.69e-09	54.3
PMCHABCH_00247	MER0126485	23.596	178	122	4	487	656	12	183	1.17e-08	53.1
PMCHABCH_00247	MER0015621	24.832	149	107	3	466	613	26	170	4.00e-08	52.4
PMCHABCH_00247	MER0002490	25.333	150	105	3	466	613	26	170	4.03e-07	49.3
PMCHABCH_00247	MER0011583	20.000	215	152	5	486	688	18	224	4.08e-07	48.9
PMCHABCH_00247	MER0005694	24.118	170	114	3	456	620	16	175	5.67e-07	48.5
PMCHABCH_00247	MER0004925	21.933	269	183	7	457	708	1	259	1.71e-06	47.0
PMCHABCH_00247	MER0000392	25.694	144	103	1	466	609	16	155	2.42e-06	46.6
PMCHABCH_00261	MER0043394	41.718	163	92	2	26	186	1	162	2.36e-42	137
PMCHABCH_00261	MER0044882	41.818	165	89	5	30	187	7	171	4.08e-42	137
PMCHABCH_00261	MER0044622	40.426	188	107	4	3	186	28	214	1.22e-41	137
PMCHABCH_00261	MER0045094	37.433	187	112	4	3	186	14	198	2.24e-40	134
PMCHABCH_00261	MER0043392	37.037	162	93	5	30	186	1	158	6.35e-30	105
PMCHABCH_00261	MER0044619	33.679	193	117	8	1	187	8	195	3.19e-25	95.1
PMCHABCH_00261	MER0043195	29.500	200	122	6	4	185	8	206	1.73e-20	82.8
PMCHABCH_00261	MER0043537	27.174	184	129	4	3	185	2	181	1.00e-18	76.6
PMCHABCH_00261	MER0045095	28.910	211	126	5	1	187	15	225	5.42e-16	70.9
PMCHABCH_00261	MER0045945	30.612	147	92	3	45	188	73	212	5.83e-12	59.3
PMCHABCH_00261	MER0044812	25.342	146	98	4	45	187	98	235	8.66e-12	58.9
PMCHABCH_00261	MER0436691	30.464	151	89	7	43	186	100	241	3.41e-11	57.4
PMCHABCH_00261	MER0044889	27.179	195	119	6	2	186	18	199	1.93e-10	55.1
PMCHABCH_00261	MER0045886	26.396	197	113	8	3	185	14	192	2.57e-10	54.7
PMCHABCH_00261	MER0115185	26.119	134	90	3	45	176	8	134	6.62e-10	52.0
PMCHABCH_00261	MER0043387	33.036	112	71	3	75	186	58	165	1.56e-09	51.6
PMCHABCH_00261	MER0042974	25.664	113	83	1	74	186	69	180	2.98e-08	48.5
PMCHABCH_00261	MER0038086	29.915	117	75	2	75	186	109	223	3.53e-08	48.9
PMCHABCH_00261	MER0046161	29.252	147	86	5	43	182	102	237	1.93e-07	46.6
PMCHABCH_00261	MER0043540	23.881	134	92	4	45	176	85	210	3.18e-07	45.8
PMCHABCH_00294	MER0028047	59.777	179	69	2	442	620	1	176	2.26e-66	213
PMCHABCH_00296	MER0056047	36.250	80	50	1	138	217	2	80	4.86e-07	43.5
PMCHABCH_00296	MER0056027	27.642	123	78	4	100	217	2	118	2.11e-06	42.7
PMCHABCH_00299	MER0034539	61.353	207	80	0	2	208	1	207	2.29e-95	286
PMCHABCH_00299	MER0033254	31.076	251	141	10	5	226	1	248	1.80e-24	99.4
PMCHABCH_00333	MER0019096	30.392	102	65	3	399	494	97	198	9.82e-06	44.3
PMCHABCH_00336	MER0034582	26.866	335	202	14	593	910	12	320	2.90e-26	108
PMCHABCH_00364	MER0039993	38.646	709	400	13	28	714	1	696	1.94e-156	466
PMCHABCH_00364	MER0217397	36.957	690	410	11	39	714	1	679	2.37e-155	463
PMCHABCH_00364	MER0014366	34.568	729	405	10	21	714	21	712	5.53e-150	450
PMCHABCH_00364	MER0501051	38.372	258	153	4	25	278	1	256	3.60e-53	186
PMCHABCH_00364	MER0501051	45.333	150	79	2	568	715	253	401	4.25e-33	129
PMCHABCH_00382	MER0004775	37.979	653	396	5	24	672	11	658	2.40e-157	466
PMCHABCH_00382	MER0011141	30.781	679	423	16	30	672	22	689	1.23e-109	343
PMCHABCH_00382	MER0001056	30.640	656	422	13	30	661	22	668	6.61e-98	312
PMCHABCH_00382	MER0001058	31.115	646	418	10	34	672	1	626	3.54e-93	298
PMCHABCH_00382	MER0001991	29.376	657	433	13	28	661	20	668	7.71e-93	299
PMCHABCH_00382	MER0013406	30.044	689	422	16	30	672	22	696	1.78e-92	298
PMCHABCH_00382	MER0002988	30.403	694	432	15	18	672	12	693	1.40e-90	293
PMCHABCH_00382	MER0011838	28.975	673	448	12	13	661	6	672	1.10e-89	290
PMCHABCH_00382	MER0001050	29.496	695	417	17	30	669	22	698	1.22e-89	291
PMCHABCH_00382	MER0019832	31.547	653	415	13	31	672	17	648	2.35e-88	286
PMCHABCH_00382	MER0019831	32.965	543	329	13	153	672	121	651	1.85e-85	278
PMCHABCH_00382	MER0002350	30.236	678	423	18	36	672	28	696	4.57e-83	273
PMCHABCH_00382	MER0011159	28.955	670	440	15	30	672	22	682	2.85e-80	265
PMCHABCH_00382	MER0004762	30.365	685	414	22	30	669	22	688	4.49e-79	262
PMCHABCH_00382	MER0005528	28.313	664	435	13	30	661	22	676	1.90e-75	253
PMCHABCH_00382	MER0002997	28.134	686	432	18	28	669	20	688	3.16e-71	241
PMCHABCH_00382	MER0001059	29.891	552	372	9	34	577	2	546	4.22e-71	238
PMCHABCH_00382	MER0002285	27.180	688	431	14	9	669	4	648	1.77e-64	222
PMCHABCH_00382	MER0002062	27.515	676	432	17	34	661	26	691	2.69e-64	223
PMCHABCH_00382	MER0038668	26.923	598	341	18	155	672	22	603	9.44e-54	191
PMCHABCH_00382	MER0015175	26.936	594	353	20	153	672	164	750	1.09e-51	188
PMCHABCH_00382	MER0001365	32.955	352	198	8	339	660	378	721	1.19e-49	182
PMCHABCH_00382	MER0162857	32.317	328	200	8	350	655	405	732	8.85e-48	176
PMCHABCH_00382	MER0001054	22.929	676	450	25	31	672	23	661	2.37e-39	150
PMCHABCH_00382	MER0011433	25.983	712	408	34	22	670	20	675	4.64e-38	147
PMCHABCH_00382	MER0024834	37.158	183	106	5	496	672	2	181	5.51e-35	127
PMCHABCH_00382	MER0011432	26.020	711	392	29	22	661	20	667	4.49e-33	132
PMCHABCH_00382	MER0011427	27.666	347	221	9	351	672	342	683	4.56e-33	132
PMCHABCH_00382	MER0011355	27.566	341	225	8	351	672	329	666	1.45e-31	127
PMCHABCH_00382	MER0026946	31.154	260	160	9	416	672	11	254	3.67e-31	119
PMCHABCH_00382	MER0002990	29.114	316	213	7	353	661	327	638	5.76e-29	119
PMCHABCH_00382	MER0011430	29.392	296	177	10	384	661	367	648	1.81e-28	117
PMCHABCH_00382	MER0002987	26.608	342	241	7	332	667	237	574	9.24e-28	115
PMCHABCH_00382	MER0002993	25.816	337	214	9	353	661	325	653	9.38e-26	109
PMCHABCH_00382	MER0004778	20.165	729	467	24	30	669	23	725	2.24e-23	102
PMCHABCH_00382	MER0004761	25.281	356	245	7	320	666	311	654	8.12e-21	94.0
PMCHABCH_00382	MER0002989	21.991	673	439	17	29	669	21	639	2.42e-19	89.0
PMCHABCH_00382	MER0011429	25.237	317	191	11	375	666	360	655	6.57e-18	84.7
PMCHABCH_00382	MER0015181	24.149	323	231	8	353	667	324	640	3.49e-16	79.0
PMCHABCH_00382	MER0004763	27.778	234	156	5	360	583	192	422	3.96e-15	75.1
PMCHABCH_00382	MER0002991	27.000	200	142	2	466	661	472	671	4.08e-13	69.3
PMCHABCH_00382	MER0011151	24.017	229	144	7	435	655	155	361	6.23e-11	61.2
PMCHABCH_00382	MER0011195	25.676	222	131	9	447	661	452	646	4.37e-10	59.3
PMCHABCH_00382	MER0011306	21.852	270	177	9	362	614	346	598	6.33e-10	58.9
PMCHABCH_00382	MER0011486	29.825	114	66	3	469	581	429	529	1.61e-09	57.4
PMCHABCH_00382	MER0002998	22.097	267	164	9	337	582	340	583	1.05e-08	55.1
PMCHABCH_00382	MER0002999	24.561	114	75	2	428	530	403	516	1.65e-06	47.8
PMCHABCH_00392	MER0036053	26.103	272	150	8	14	243	1	263	7.28e-19	80.5
PMCHABCH_00392	MER0037236	25.397	252	166	7	13	243	11	261	6.51e-17	75.1
PMCHABCH_00392	MER0004146	25.379	264	164	8	7	243	4	261	9.32e-17	74.3
PMCHABCH_00392	MER0031611	25.357	280	167	9	7	252	22	293	6.02e-14	67.0
PMCHABCH_00392	MER0036078	25.316	237	138	9	18	238	28	241	1.40e-12	62.4
PMCHABCH_00392	MER0036074	25.000	212	123	8	76	253	179	388	1.01e-10	58.2
PMCHABCH_00392	MER0036054	22.353	255	158	10	22	238	17	269	1.95e-10	56.6
PMCHABCH_00392	MER0036066	23.171	246	158	8	22	242	1	240	1.57e-09	53.5
PMCHABCH_00392	MER0036059	35.955	89	48	1	153	241	271	350	2.28e-08	50.8
PMCHABCH_00392	MER0000436	22.264	265	168	10	21	249	23	285	6.33e-08	49.3
PMCHABCH_00392	MER0035973	24.865	185	109	5	76	242	114	286	2.03e-07	47.8
PMCHABCH_00392	MER0036050	28.054	221	120	10	22	215	83	291	7.04e-07	46.2
PMCHABCH_00392	MER0031610	20.532	263	173	10	15	249	46	300	1.50e-06	45.1
PMCHABCH_00392	MER0036068	23.256	172	115	4	87	241	122	293	2.01e-06	44.7
PMCHABCH_00392	MER0036051	29.091	220	119	10	22	216	82	289	3.27e-06	44.3
PMCHABCH_00392	MER0017033	21.839	261	173	9	6	243	48	300	3.59e-06	43.9
PMCHABCH_00392	MER0031569	29.932	147	83	7	86	231	105	232	7.41e-06	42.7
PMCHABCH_00392	MER0036067	24.859	177	102	7	87	240	120	288	7.83e-06	43.1
PMCHABCH_00392	MER0017177	33.871	62	41	0	189	250	257	318	9.51e-06	42.7
PMCHABCH_00414	MER0015475	33.929	168	100	6	38	203	29	187	2.18e-18	78.2
PMCHABCH_00423	MER0017193	32.353	102	68	1	21	121	23	124	1.41e-10	57.0
PMCHABCH_00423	MER0014065	29.565	115	78	2	10	122	21	134	2.21e-10	56.6
PMCHABCH_00423	MER0036053	31.633	98	66	1	24	121	9	105	5.20e-10	55.5
PMCHABCH_00423	MER0031610	35.185	108	63	5	20	123	51	155	2.79e-08	50.4
PMCHABCH_00423	MER0031617	20.217	277	172	10	4	242	15	280	6.10e-08	49.3
PMCHABCH_00423	MER0011785	26.712	146	99	5	19	158	31	174	6.26e-08	49.3
PMCHABCH_00423	MER0036076	22.277	202	137	4	24	213	63	256	1.31e-07	48.1
PMCHABCH_00423	MER0026339	25.439	114	72	3	15	121	16	123	6.32e-07	46.2
PMCHABCH_00423	MER0036084	26.724	116	80	2	10	121	6	120	7.12e-07	45.8
PMCHABCH_00423	MER0036115	21.324	272	174	12	17	251	29	297	1.20e-06	45.4
PMCHABCH_00423	MER0033259	27.966	118	73	4	19	127	27	141	2.65e-06	44.3
PMCHABCH_00423	MER0025512	21.127	142	106	4	20	156	45	185	4.26e-06	43.9
PMCHABCH_00438	MER0060647	41.111	360	187	8	5	348	1	351	9.67e-86	260
PMCHABCH_00438	MER0078640	36.464	362	196	8	5	347	1	347	1.36e-70	221
PMCHABCH_00438	MER0045945	46.500	200	105	2	153	351	15	213	7.67e-61	192
PMCHABCH_00438	MER0044812	45.078	193	105	1	163	355	50	241	5.25e-60	190
PMCHABCH_00438	MER0436691	36.630	273	135	6	82	348	1	241	5.65e-52	170
PMCHABCH_00438	MER0115185	55.944	143	61	2	205	346	2	143	7.17e-52	166
PMCHABCH_00438	MER0043540	43.137	204	101	5	154	352	32	225	6.30e-50	164
PMCHABCH_00438	MER0046161	37.008	254	132	7	118	355	8	249	1.74e-46	156
PMCHABCH_00438	MER0044882	29.605	152	88	5	198	333	8	156	4.38e-14	67.0
PMCHABCH_00438	MER0043394	31.126	151	92	5	203	345	14	160	4.56e-13	63.5
PMCHABCH_00438	MER0045094	29.730	185	113	9	161	333	5	184	4.37e-12	62.4
PMCHABCH_00438	MER0044619	28.249	177	102	7	190	352	33	198	9.83e-12	61.2
PMCHABCH_00438	MER0043392	39.344	61	37	0	196	256	6	66	3.52e-07	46.6
PMCHABCH_00438	MER0043195	27.500	160	83	5	211	345	54	205	7.21e-07	46.6
PMCHABCH_00438	MER0043537	23.711	194	114	6	171	345	2	180	1.66e-06	45.1
PMCHABCH_00452	MER0000485	50.424	236	113	3	569	801	1	235	7.24e-68	222
PMCHABCH_00452	MER0014970	39.068	279	124	3	569	801	1	279	5.56e-58	197
PMCHABCH_00452	MER0000495	41.975	243	131	2	569	801	1	243	4.68e-57	192
PMCHABCH_00452	MER0000488	42.358	229	131	1	569	796	1	229	6.77e-56	189
PMCHABCH_00452	MER0011056	43.478	207	109	4	601	801	17	221	3.32e-50	172
PMCHABCH_00452	MER0003443	43.396	212	110	3	588	793	13	220	2.01e-49	171
PMCHABCH_00452	MER0003442	42.927	205	113	2	601	801	17	221	2.13e-49	171
PMCHABCH_00452	MER0011057	41.463	205	116	2	601	801	17	221	2.88e-47	164
PMCHABCH_00452	MER0004236	38.697	261	124	6	570	798	2	258	3.12e-46	163
PMCHABCH_00452	MER0005837	38.767	227	121	3	570	780	2	226	1.33e-41	149
PMCHABCH_00452	MER0000496	43.523	193	100	4	598	783	84	274	1.58e-41	151
PMCHABCH_00452	MER0108906	39.662	237	133	5	569	801	1	231	5.81e-41	147
PMCHABCH_00452	MER0026213	34.899	149	92	3	654	801	111	255	2.47e-22	94.4
PMCHABCH_00452	MER0017402	35.912	181	104	5	626	801	28	201	2.33e-20	87.4
PMCHABCH_00452	MER0003859	32.258	155	96	4	648	801	79	225	1.25e-13	68.2
PMCHABCH_00452	MER0003359	30.435	184	114	6	626	801	45	222	2.15e-12	64.7
PMCHABCH_00452	MER0003017	32.632	95	59	2	706	799	66	156	1.03e-06	46.2
PMCHABCH_00452	MER0017403	36.486	74	47	0	687	760	92	165	1.40e-06	47.4
PMCHABCH_00452	MER0000491	26.786	112	79	1	664	775	5	113	2.53e-06	45.8
PMCHABCH_00467	MER0437468	38.682	349	199	5	200	534	1	348	1.92e-81	255
PMCHABCH_00467	MER0065554	43.893	262	136	2	292	543	9	269	1.55e-73	232
PMCHABCH_00467	MER0436717	36.090	399	188	10	200	535	1	395	2.01e-64	213
PMCHABCH_00467	MER0031278	23.643	258	146	11	307	543	26	253	2.89e-06	45.8
PMCHABCH_00511	MER0003327	41.525	236	133	4	2	236	1	232	1.78e-57	190
PMCHABCH_00511	MER0012158	35.608	337	145	9	2	266	1	337	2.07e-56	191
PMCHABCH_00511	MER0185695	41.441	222	123	4	2	217	1	221	1.25e-49	169
PMCHABCH_00511	MER0003350	39.806	206	101	5	2	184	1	206	1.40e-42	149
PMCHABCH_00511	MER0003322	40.291	206	97	7	2	181	1	206	1.36e-40	144
PMCHABCH_00511	MER0011781	32.941	170	107	4	2	168	1	166	1.70e-16	76.3
PMCHABCH_00511	MER0003314	27.509	269	156	11	2	235	1	265	1.61e-15	73.9
PMCHABCH_00511	MER0004101	28.824	170	115	3	2	168	1	167	5.63e-15	71.6
PMCHABCH_00511	MER0011806	26.842	190	133	3	2	188	1	187	3.09e-14	69.7
PMCHABCH_00531	MER0001723	33.333	234	136	4	181	403	15	239	1.26e-37	138
PMCHABCH_00531	MER0107328	36.667	210	117	6	181	383	1	201	6.84e-36	132
PMCHABCH_00531	MER0010975	32.766	235	135	6	181	403	15	238	4.16e-32	122
PMCHABCH_00531	MER0001346	33.913	230	132	4	175	388	2	227	5.11e-31	120
PMCHABCH_00532	MER0107328	37.561	205	117	6	172	369	1	201	4.43e-39	140
PMCHABCH_00532	MER0001346	37.344	241	126	7	172	389	15	253	3.55e-38	139
PMCHABCH_00532	MER0010975	33.755	237	136	4	165	389	11	238	1.58e-37	137
PMCHABCH_00532	MER0001723	32.353	238	139	5	165	389	11	239	3.69e-37	135
PMCHABCH_00548	MER0056525	50.593	253	117	3	411	662	1	246	3.12e-80	252
PMCHABCH_00548	MER0005496	50.000	240	120	0	411	650	1	240	2.38e-78	248
PMCHABCH_00548	MER0023544	45.378	238	130	0	411	648	1	238	1.40e-74	238
PMCHABCH_00548	MER0011748	51.304	230	110	2	411	639	1	229	3.66e-74	237
PMCHABCH_00548	MER0015195	45.349	258	135	3	411	663	1	257	1.03e-73	236
PMCHABCH_00548	MER0015609	51.304	230	108	2	411	639	1	227	1.03e-73	236
PMCHABCH_00548	MER0011224	45.417	240	131	0	411	650	1	240	3.83e-73	234
PMCHABCH_00548	MER0014306	42.500	240	138	0	411	650	1	240	1.33e-65	214
PMCHABCH_00548	MER0002605	42.798	243	134	3	411	650	1	241	1.28e-64	211
PMCHABCH_00548	MER0002600	42.857	245	136	3	411	652	1	244	1.71e-63	208
PMCHABCH_00548	MER0171760	39.700	267	155	3	376	639	1	264	7.87e-63	206
PMCHABCH_00548	MER0015194	41.434	251	142	3	412	659	2	250	5.03e-61	202
PMCHABCH_00548	MER0004454	43.172	227	127	2	411	635	1	227	2.70e-58	194
PMCHABCH_00548	MER0024898	43.290	231	129	2	411	639	1	231	8.85e-58	193
PMCHABCH_00548	MER0015199	41.453	234	131	2	411	638	1	234	1.61e-54	185
PMCHABCH_00548	MER0005466	39.655	232	133	3	412	636	2	233	8.99e-54	181
PMCHABCH_00548	MER0002602	39.683	252	145	2	412	656	2	253	1.13e-53	182
PMCHABCH_00548	MER0002563	36.325	234	138	3	412	634	2	235	8.46e-47	162
PMCHABCH_00548	MER0001620	38.298	235	137	3	411	637	1	235	9.45e-46	161
PMCHABCH_00548	MER0015193	38.627	233	132	5	411	634	1	231	2.87e-43	152
PMCHABCH_00548	MER0002408	35.897	234	140	6	411	636	1	232	3.41e-43	152
PMCHABCH_00548	MER0015197	35.681	213	135	1	423	633	13	225	8.53e-43	152
PMCHABCH_00548	MER0017637	36.325	234	138	3	412	634	2	235	1.39e-42	151
PMCHABCH_00548	MER0011745	36.207	232	138	5	411	634	1	230	1.42e-41	149
PMCHABCH_00548	MER0015137	34.914	232	141	5	411	634	1	230	1.11e-38	140
PMCHABCH_00548	MER0002608	37.238	239	141	6	412	643	2	238	1.31e-37	138
PMCHABCH_00548	MER0190577	33.040	227	139	3	411	634	1	217	1.98e-37	136
PMCHABCH_00548	MER0005755	36.207	232	137	3	412	640	2	225	1.43e-36	134
PMCHABCH_00548	MER0014324	35.242	227	134	4	411	634	1	217	1.44e-36	134
PMCHABCH_00548	MER0002197	34.322	236	141	4	411	641	1	227	6.15e-36	133
PMCHABCH_00548	MER0015690	37.719	228	117	7	411	619	1	222	9.43e-34	127
PMCHABCH_00548	MER0190705	32.609	230	145	3	412	639	1	222	1.87e-33	124
PMCHABCH_00548	MER0011120	37.838	222	125	7	411	619	1	222	5.99e-32	122
PMCHABCH_00548	MER0024900	32.735	223	140	4	412	631	2	217	1.75e-31	120
PMCHABCH_00548	MER0001246	33.702	181	109	3	422	599	1	173	1.24e-22	92.4
PMCHABCH_00548	MER0015204	28.063	253	150	8	412	632	2	254	9.31e-19	84.3
PMCHABCH_00558	MER0069741	34.513	113	47	3	47	159	69	154	5.06e-10	55.8
PMCHABCH_00558	MER0003380	30.872	149	69	6	28	170	112	232	1.77e-09	55.5
PMCHABCH_00558	MER0015415	27.044	159	77	4	25	183	43	162	6.63e-09	52.4
PMCHABCH_00558	MER0013541	32.432	111	49	4	48	158	1	85	9.04e-08	47.0
PMCHABCH_00560	MER0001289	33.918	171	91	6	241	400	57	216	1.11e-19	85.5
PMCHABCH_00560	MER0194228	35.099	151	78	5	259	400	1	140	2.46e-19	82.8
PMCHABCH_00560	MER0100667	32.450	151	89	5	254	400	36	177	4.04e-15	71.2
PMCHABCH_00560	MER0037181	32.335	167	95	7	242	399	57	214	2.64e-12	63.9
PMCHABCH_00560	MER0001284	28.571	175	102	9	242	400	32	199	4.41e-12	62.8
PMCHABCH_00560	MER0004514	27.907	172	109	6	241	400	31	199	6.63e-12	62.4
PMCHABCH_00560	MER0002161	28.655	171	101	6	246	408	66	223	1.51e-10	58.5
PMCHABCH_00560	MER0015094	23.529	221	125	8	260	436	77	297	1.34e-09	55.8
PMCHABCH_00560	MER0015095	23.077	221	126	8	260	436	77	297	1.42e-09	55.8
PMCHABCH_00560	MER0001911	30.631	111	69	3	242	351	37	140	3.31e-08	51.2
PMCHABCH_00560	MER0001288	28.019	207	112	9	246	429	23	215	4.11e-08	50.8
PMCHABCH_00560	MER0001290	23.116	199	125	7	241	413	94	290	3.94e-07	48.5
PMCHABCH_00560	MER0005131	24.402	209	134	8	217	403	2	208	3.38e-06	45.1
PMCHABCH_00560	MER0044627	28.448	116	68	5	246	347	1	115	3.89e-06	44.3
PMCHABCH_00574	MER0026494	34.183	471	286	8	1	454	4	467	1.60e-77	246
PMCHABCH_00574	MER0026471	31.535	482	300	8	1	460	5	478	3.13e-75	241
PMCHABCH_00574	MER0015142	31.027	477	302	10	1	459	33	500	6.72e-62	206
PMCHABCH_00574	MER0052470	24.648	426	278	16	56	459	58	462	4.34e-20	89.4
PMCHABCH_00574	MER0003397	30.303	198	116	5	17	198	17	208	1.58e-19	85.9
PMCHABCH_00574	MER0003397	31.183	93	64	0	362	454	213	305	1.18e-09	56.2
PMCHABCH_00574	MER0026485	29.384	211	129	5	1	198	4	207	6.70e-19	84.0
PMCHABCH_00574	MER0026485	32.258	93	63	0	362	454	212	304	1.37e-09	56.2
PMCHABCH_00574	MER0057434	28.155	206	128	8	6	198	1	199	1.28e-14	71.2
PMCHABCH_00574	MER0057434	31.579	95	65	0	360	454	202	296	1.40e-10	58.9
PMCHABCH_00574	MER0001272	30.328	122	65	5	22	141	12	115	1.25e-06	46.6
PMCHABCH_00574	MER0028025	28.169	142	83	6	19	160	16	138	8.78e-06	43.9
PMCHABCH_00600	MER0015458	30.000	270	107	15	7	253	3	213	1.80e-11	59.7
PMCHABCH_00600	MER0015462	36.538	52	33	0	46	97	42	93	1.03e-07	47.8
PMCHABCH_00600	MER0015468	29.348	92	59	2	8	97	4	91	4.13e-07	45.8
PMCHABCH_00600	MER0015472	22.749	211	101	5	51	257	44	196	6.79e-07	45.4
PMCHABCH_00600	MER0015459	33.333	57	37	1	48	103	46	102	7.62e-07	45.8
PMCHABCH_00600	MER0003940	30.928	97	57	3	12	108	8	94	4.58e-06	43.1
PMCHABCH_00600	MER0015473	36.842	95	37	5	171	250	100	186	5.98e-06	42.7
PMCHABCH_00600	MER0015631	40.000	50	30	0	50	99	50	99	8.78e-06	42.7
PMCHABCH_00633	MER0001313	31.579	133	71	6	5	129	13	133	7.24e-07	44.7
PMCHABCH_00706	MER0028025	45.783	166	89	1	4	169	5	169	6.68e-43	146
PMCHABCH_00706	MER0028025	51.948	77	37	0	278	354	168	244	4.91e-20	85.1
PMCHABCH_00706	MER0003798	24.694	409	233	18	1	345	11	408	6.71e-17	78.2
PMCHABCH_00706	MER0238460	24.054	370	247	11	9	346	34	401	9.30e-15	71.6
PMCHABCH_00706	MER0001273	31.977	172	94	7	12	166	9	174	3.85e-14	68.6
PMCHABCH_00706	MER0038758	24.129	373	232	16	10	356	7	354	1.53e-10	58.5
PMCHABCH_00706	MER0001272	24.286	210	135	8	7	202	1	200	3.22e-10	57.0
PMCHABCH_00706	MER0026485	25.581	172	102	6	1	148	8	177	1.35e-06	46.2
PMCHABCH_00737	MER0198917	42.021	376	207	6	21	389	1	372	4.49e-93	303
PMCHABCH_00737	MER1054487	41.534	378	210	5	21	389	1	376	1.38e-87	287
PMCHABCH_00787	MER0002443	44.538	119	59	4	96	212	4	117	8.41e-28	99.0
PMCHABCH_00787	MER0004035	43.363	113	57	3	100	211	5	111	6.34e-26	94.0
PMCHABCH_00787	MER0003986	43.089	123	62	5	93	212	1	118	1.91e-23	87.8
PMCHABCH_00787	MER0003807	38.211	123	67	4	93	212	1	117	2.46e-18	74.7
PMCHABCH_00787	MER0003808	39.669	121	59	6	93	210	1	110	3.47e-17	71.2
PMCHABCH_00787	MER0004054	36.441	118	64	7	102	213	10	122	2.78e-16	69.3
PMCHABCH_00787	MER0002450	38.211	123	62	5	93	212	1	112	4.50e-16	68.6
PMCHABCH_00787	MER0003805	35.294	119	69	4	93	211	1	111	2.02e-15	66.6
PMCHABCH_00787	MER0377310	38.462	117	58	5	93	206	1	106	8.89e-15	64.7
PMCHABCH_00787	MER0377307	38.462	117	58	5	93	206	1	106	8.89e-15	64.7
PMCHABCH_00787	MER0377178	37.719	114	63	4	93	206	1	106	3.48e-13	60.5
PMCHABCH_00787	MER0014672	36.471	85	41	1	93	164	1	85	5.00e-13	60.8
PMCHABCH_00787	MER0014188	36.842	95	50	4	93	186	1	86	3.39e-12	58.2
PMCHABCH_00787	MER0376722	40.566	106	49	6	93	195	1	95	6.12e-12	57.0
PMCHABCH_00787	MER0038100	36.975	119	59	5	103	211	12	124	9.24e-12	57.4
PMCHABCH_00787	MER0001322	35.780	109	57	4	93	199	1	98	1.53e-11	56.6
PMCHABCH_00787	MER0377450	34.021	97	57	3	93	189	1	90	1.34e-08	47.8
PMCHABCH_00787	MER0024252	34.328	67	43	1	105	171	14	79	4.11e-08	47.4
PMCHABCH_00787	MER0031199	39.216	51	31	0	114	164	6	56	6.77e-08	45.4
PMCHABCH_00801	MER0001322	38.095	105	52	4	134	233	1	97	1.67e-13	62.4
PMCHABCH_00801	MER0024252	38.462	117	62	4	146	256	14	126	5.93e-13	61.2
PMCHABCH_00801	MER0003807	40.179	112	54	5	134	242	1	102	6.99e-13	60.8
PMCHABCH_00801	MER0014188	35.165	91	53	3	134	223	1	86	3.34e-12	58.5
PMCHABCH_00801	MER0003986	38.710	93	53	4	134	223	1	92	1.62e-11	57.0
PMCHABCH_00801	MER0002443	39.024	82	47	3	144	223	11	91	2.09e-10	53.9
PMCHABCH_00801	MER0377310	31.579	95	57	3	142	233	9	98	6.89e-09	49.3
PMCHABCH_00801	MER0377307	31.579	95	57	3	142	233	9	98	6.89e-09	49.3
PMCHABCH_00801	MER0002450	31.579	95	57	3	142	233	9	98	7.75e-09	49.3
PMCHABCH_00801	MER0014672	30.000	120	65	4	134	237	1	117	4.72e-08	47.8
PMCHABCH_00801	MER0003808	29.412	102	66	3	134	233	1	98	4.97e-08	47.4
PMCHABCH_00801	MER0376722	28.571	91	60	2	134	223	1	87	1.47e-07	45.4
PMCHABCH_00801	MER0004054	37.209	86	50	4	142	223	9	94	1.49e-07	46.2
PMCHABCH_00801	MER0004035	36.250	80	46	4	146	223	10	86	4.28e-07	44.7
PMCHABCH_00801	MER0377178	31.579	95	57	3	142	233	9	98	5.68e-07	43.9
PMCHABCH_00801	MER0003805	27.451	102	68	3	134	233	1	98	2.61e-06	42.4
PMCHABCH_00801	MER0377450	27.174	92	62	2	134	224	1	88	9.02e-06	40.4
PMCHABCH_00807	MER0034615	30.303	132	80	5	68	189	10	139	3.26e-06	44.7
PMCHABCH_00846	MER0031610	31.298	262	170	5	6	258	41	301	3.27e-44	148
PMCHABCH_00846	MER0044900	22.426	272	179	9	14	255	90	359	1.03e-12	63.9
PMCHABCH_00846	MER0017142	28.571	175	97	4	15	182	11	164	2.79e-11	58.9
PMCHABCH_00846	MER0044858	27.437	277	153	14	20	254	57	327	7.34e-11	58.2
PMCHABCH_00846	MER0014065	26.866	134	83	3	15	133	31	164	1.96e-09	53.9
PMCHABCH_00846	MER0035038	28.272	191	122	7	6	188	18	201	7.37e-09	52.4
PMCHABCH_00846	MER0031616	32.727	110	67	3	16	120	37	144	8.21e-09	52.0
PMCHABCH_00846	MER0031617	25.681	257	159	12	15	246	30	279	1.36e-08	51.2
PMCHABCH_00846	MER0000437	25.676	222	127	9	62	257	84	293	1.60e-08	51.2
PMCHABCH_00846	MER0011509	28.182	110	72	3	16	120	36	143	6.19e-08	49.3
PMCHABCH_00846	MER0044350	32.353	102	65	2	18	115	1	102	2.31e-07	47.4
PMCHABCH_00846	MER0036069	31.193	109	66	5	13	114	76	182	3.72e-07	47.4
PMCHABCH_00846	MER0036054	20.301	266	181	6	14	251	12	274	6.00e-07	46.2
PMCHABCH_00846	MER0035044	30.435	115	71	3	6	114	21	132	6.79e-07	46.2
PMCHABCH_00846	MER0036053	26.471	102	68	2	18	115	8	106	1.81e-06	44.7
PMCHABCH_00846	MER0011785	23.986	296	174	11	2	253	18	306	2.07e-06	45.1
PMCHABCH_00846	MER0213280	31.579	114	69	4	6	113	18	128	5.76e-06	43.5
PMCHABCH_00846	MER0031614	31.579	114	73	4	19	127	84	197	5.90e-06	43.5
PMCHABCH_00846	MER0034563	25.510	98	71	2	5	101	2	98	7.14e-06	42.7
PMCHABCH_00883	MER0002443	42.623	122	64	2	91	211	1	117	1.13e-27	99.4
PMCHABCH_00883	MER0003986	45.082	122	59	4	91	210	1	116	5.82e-26	95.1
PMCHABCH_00883	MER0004035	41.228	114	59	3	98	210	5	111	9.39e-25	91.7
PMCHABCH_00883	MER0002450	41.322	121	62	5	91	211	1	112	1.63e-18	75.5
PMCHABCH_00883	MER0377178	41.739	115	58	5	91	205	1	106	7.90e-18	73.6
PMCHABCH_00883	MER0377310	41.739	115	58	5	91	205	1	106	1.23e-17	72.8
PMCHABCH_00883	MER0377307	41.739	115	58	5	91	205	1	106	1.23e-17	72.8
PMCHABCH_00883	MER0003807	38.053	113	62	4	91	201	1	107	1.27e-17	73.2
PMCHABCH_00883	MER0003805	36.885	122	68	6	91	212	1	113	7.10e-16	68.6
PMCHABCH_00883	MER0003808	37.391	115	63	5	91	205	1	106	7.48e-15	65.9
PMCHABCH_00883	MER0004054	31.092	119	72	5	99	212	9	122	7.29e-14	63.2
PMCHABCH_00883	MER0038100	35.345	116	58	5	101	206	12	120	8.79e-13	60.5
PMCHABCH_00883	MER0014188	41.975	81	41	2	91	170	1	76	1.99e-12	58.9
PMCHABCH_00883	MER0376722	38.462	104	55	5	91	194	1	95	2.43e-11	55.8
PMCHABCH_00883	MER0014672	30.864	81	43	1	91	158	1	81	5.66e-10	52.8
PMCHABCH_00883	MER0377450	37.500	80	47	3	91	170	1	77	6.89e-10	51.6
PMCHABCH_00883	MER0024252	32.941	85	50	2	103	187	14	91	1.51e-09	51.6
PMCHABCH_00883	MER0001322	28.571	105	61	4	95	197	5	97	1.12e-07	46.2
PMCHABCH_00883	MER0031199	34.615	52	34	0	107	158	1	52	5.71e-06	40.0
PMCHABCH_00902	MER0195774	27.193	228	112	5	36	260	1	177	1.24e-18	81.6
PMCHABCH_00902	MER0014333	24.460	278	142	11	36	297	2	227	8.22e-11	60.1
PMCHABCH_00902	MER0001233	22.308	260	129	10	36	279	2	204	1.66e-08	53.1
PMCHABCH_00902	MER0122186	41.270	63	37	0	26	88	12	74	3.56e-08	51.6
PMCHABCH_00902	MER0003386	41.071	56	33	0	32	87	22	77	3.55e-07	48.9
PMCHABCH_00902	MER0188967	24.260	169	110	5	151	305	34	198	7.59e-07	49.3
PMCHABCH_00902	MER0001214	32.632	95	52	3	24	115	11	96	1.13e-06	47.0
PMCHABCH_00902	MER0002423	37.143	70	41	1	21	87	8	77	1.42e-06	47.0
PMCHABCH_00902	MER0011744	39.344	61	37	0	32	92	22	82	1.81e-06	46.6
PMCHABCH_00902	MER0002283	38.095	63	39	0	25	87	15	77	1.86e-06	46.6
PMCHABCH_00902	MER0169735	36.232	69	43	1	26	93	6	74	2.26e-06	46.2
PMCHABCH_00902	MER0002345	38.983	59	36	0	32	90	22	80	3.45e-06	45.8
PMCHABCH_00902	MER0003823	37.705	61	38	0	27	87	17	77	3.85e-06	45.8
PMCHABCH_00902	MER0001222	25.301	249	129	11	22	262	9	208	4.09e-06	45.8
PMCHABCH_00902	MER0035181	24.082	245	160	9	53	290	10	235	7.73e-06	45.1
PMCHABCH_00902	MER0004423	29.487	156	97	7	147	296	55	203	7.86e-06	45.1
PMCHABCH_00912	MER0034615	61.789	246	92	1	407	650	1	246	2.85e-116	345
PMCHABCH_00912	MER0000263	37.759	241	143	5	414	650	4	241	2.08e-52	177
PMCHABCH_00912	MER0016096	35.270	241	150	3	415	650	5	244	2.18e-52	177
PMCHABCH_00912	MER0011583	29.762	252	150	8	415	653	11	248	1.11e-27	109
PMCHABCH_00912	MER0000408	25.417	240	160	6	419	645	18	251	7.28e-23	95.1
PMCHABCH_00912	MER0017401	30.093	216	141	6	420	632	10	218	4.32e-21	89.7
PMCHABCH_00912	MER0140224	28.241	216	147	4	431	641	14	226	9.15e-18	80.1
PMCHABCH_00912	MER0005196	27.236	246	151	6	404	637	9	238	9.66e-18	80.1
PMCHABCH_00912	MER0003558	26.721	247	164	6	401	638	7	245	2.80e-15	73.2
PMCHABCH_00912	MER0058228	25.551	227	152	5	416	635	7	223	1.17e-14	70.9
PMCHABCH_00912	MER0000403	27.049	244	159	9	398	633	8	240	2.66e-14	70.5
PMCHABCH_00912	MER0001423	26.638	229	141	6	415	632	1	213	4.40e-14	69.3
PMCHABCH_00912	MER0011413	25.200	250	164	7	414	652	2	239	2.95e-13	67.0
PMCHABCH_00912	MER0005807	24.354	271	189	7	373	641	10	266	4.35e-13	67.0
PMCHABCH_00912	MER0001920	24.434	221	150	4	431	641	21	234	4.66e-13	66.2
PMCHABCH_00912	MER0000401	27.876	226	141	6	416	632	26	238	1.53e-12	65.1
PMCHABCH_00912	MER0005987	27.350	234	153	7	407	632	17	241	1.95e-12	64.7
PMCHABCH_00912	MER0000399	23.361	244	175	5	394	632	1	237	5.24e-12	63.5
PMCHABCH_00912	MER0018170	24.201	219	158	3	429	641	25	241	5.49e-12	63.2
PMCHABCH_00912	MER0015682	26.840	231	150	7	417	639	73	292	1.61e-10	59.7
PMCHABCH_00912	MER0013484	25.311	241	165	7	419	652	7	239	4.06e-10	57.4
PMCHABCH_00912	MER0004921	23.894	226	156	7	416	635	4	219	7.17e-10	56.6
PMCHABCH_00912	MER0000405	25.385	260	168	10	409	655	23	269	8.28e-10	57.0
PMCHABCH_00912	MER0006027	25.339	221	155	6	422	636	24	240	3.06e-09	55.1
PMCHABCH_00912	MER0004923	25.882	255	159	13	413	652	51	290	8.14e-09	54.3
PMCHABCH_00912	MER0030932	28.649	185	106	6	427	603	29	195	3.18e-08	52.0
PMCHABCH_00912	MER0126485	23.148	216	149	5	424	632	10	215	3.50e-08	51.6
PMCHABCH_00912	MER0022823	28.814	118	83	1	429	546	42	158	9.35e-08	50.8
PMCHABCH_00912	MER0192427	31.818	132	73	5	419	542	69	191	2.25e-07	49.7
PMCHABCH_00912	MER0011305	24.481	241	166	8	402	634	4	236	1.07e-06	47.4
PMCHABCH_00912	MER0003361	25.472	106	75	2	417	521	20	122	1.10e-06	47.4
PMCHABCH_00912	MER0004504	30.909	110	66	4	419	521	2	108	1.42e-06	47.0
PMCHABCH_00912	MER0005994	20.849	259	185	5	404	653	15	262	1.95e-06	46.6
PMCHABCH_00912	MER0005694	26.984	126	90	1	398	523	19	142	2.65e-06	46.2
PMCHABCH_00912	MER0000392	25.532	141	104	1	406	546	17	156	3.51e-06	45.8
PMCHABCH_00912	MER0011450	24.554	224	133	9	399	603	10	216	7.82e-06	45.1
PMCHABCH_00913	MER0107328	35.321	218	114	7	188	395	1	201	9.02e-38	136
PMCHABCH_00913	MER0010975	37.850	214	108	6	187	395	14	207	2.25e-35	131
PMCHABCH_00913	MER0001723	34.222	225	121	7	179	398	9	211	1.36e-31	120
PMCHABCH_00913	MER0001346	33.745	243	120	7	181	399	1	226	4.11e-30	116
PMCHABCH_00913	MER0052493	35.000	100	52	4	44	140	7	96	2.97e-06	43.5
PMCHABCH_00914	MER0107328	39.545	220	103	8	169	377	1	201	5.59e-41	145
PMCHABCH_00914	MER0010975	37.209	215	109	6	168	377	14	207	8.53e-36	132
PMCHABCH_00914	MER0001346	35.246	244	116	7	162	381	1	226	2.14e-33	125
PMCHABCH_00914	MER0001723	34.483	232	124	6	154	380	3	211	5.93e-33	124
PMCHABCH_00914	MER0052493	33.000	100	54	4	25	121	7	96	7.01e-06	42.4
PMCHABCH_00919	MER0192051	24.424	217	146	7	19	223	97	307	3.11e-09	54.3
PMCHABCH_00927	MER0003242	49.505	303	149	2	110	412	2	300	7.41e-108	317
PMCHABCH_00927	MER0013876	32.517	286	165	9	41	316	10	277	9.36e-37	134
PMCHABCH_00927	MER0003855	28.082	292	186	7	30	310	1	279	7.80e-32	121
PMCHABCH_00927	MER0004416	30.000	290	164	10	42	312	11	280	3.87e-26	103
PMCHABCH_00955	MER0036308	28.144	167	110	6	318	481	53	212	5.98e-11	59.7
PMCHABCH_00955	MER0002755	26.699	206	106	8	295	473	13	200	6.69e-10	56.2
PMCHABCH_00955	MER0011345	25.641	195	121	9	295	480	38	217	1.21e-09	56.2
PMCHABCH_00955	MER0002746	22.222	216	125	8	299	489	23	220	1.09e-08	53.1
PMCHABCH_00955	MER0011183	22.685	216	124	8	299	489	15	212	7.47e-08	50.4
PMCHABCH_00955	MER0011720	25.974	154	92	4	337	480	61	202	2.46e-07	48.5
PMCHABCH_00955	MER0001013	25.301	166	102	5	328	480	61	217	2.86e-07	48.9
PMCHABCH_00955	MER0019096	23.295	176	110	5	333	502	42	198	3.70e-07	47.8
PMCHABCH_00955	MER0002281	23.256	172	99	6	311	468	54	206	1.59e-06	46.6
PMCHABCH_00955	MER0168983	23.333	120	82	1	347	466	39	148	2.61e-06	44.7
PMCHABCH_00955	MER0011369	22.396	192	112	6	314	480	46	225	2.70e-06	45.8
PMCHABCH_00955	MER0001009	19.780	182	125	3	345	517	14	183	3.82e-06	45.1
PMCHABCH_00955	MER0001017	23.899	159	101	5	328	473	60	211	7.45e-06	44.7
PMCHABCH_01019	MER0005767	26.769	325	198	9	46	368	19	305	6.97e-34	126
PMCHABCH_01019	MER0015112	27.675	271	178	9	2	260	1	265	5.22e-17	79.3
PMCHABCH_01019	MER0030143	23.833	407	274	14	2	384	1	395	3.88e-16	76.6
PMCHABCH_01019	MER0030151	24.138	406	274	13	2	384	1	395	5.53e-16	76.3
PMCHABCH_01019	MER0030136	22.772	404	282	12	2	384	1	395	1.14e-13	68.9
PMCHABCH_01019	MER0030149	22.850	407	278	14	2	384	1	395	1.81e-12	65.5
PMCHABCH_01019	MER0030155	22.604	407	279	14	2	384	1	395	1.21e-11	62.8
PMCHABCH_01059	MER0000410	62.500	280	104	1	397	676	1	279	9.24e-126	371
PMCHABCH_01059	MER0011872	42.264	265	150	2	413	674	16	280	5.46e-68	221
PMCHABCH_01059	MER0082498	42.500	280	137	6	417	672	3	282	5.65e-66	216
PMCHABCH_01059	MER0005694	34.296	277	167	4	410	681	13	279	1.62e-47	166
PMCHABCH_01059	MER0022823	35.587	281	168	8	410	681	3	279	1.00e-42	152
PMCHABCH_01059	MER0011450	34.866	261	150	7	409	656	2	255	1.18e-40	147
PMCHABCH_01059	MER0015621	31.229	301	182	6	397	678	1	295	2.71e-40	146
PMCHABCH_01059	MER0079308	33.962	265	164	6	413	672	6	264	2.72e-40	145
PMCHABCH_01059	MER0082653	35.135	259	147	8	415	653	7	264	2.77e-39	143
PMCHABCH_01059	MER0000392	31.522	276	172	5	409	672	2	272	1.25e-38	141
PMCHABCH_01059	MER0004227	34.862	218	141	1	419	635	28	245	1.26e-38	142
PMCHABCH_01059	MER0002490	31.206	282	167	7	397	659	1	274	2.56e-37	138
PMCHABCH_01059	MER0981959	29.893	281	176	5	409	672	1	277	1.40e-35	132
PMCHABCH_01059	MER0325901	29.963	267	181	5	410	672	1	265	1.40e-32	124
PMCHABCH_01059	MER0003229	29.213	267	175	6	410	672	11	267	1.44e-28	112
PMCHABCH_01059	MER0000398	29.187	209	137	4	450	657	36	234	2.49e-23	96.7
PMCHABCH_01076	MER0001335	43.836	219	122	1	8	226	1	218	7.23e-65	198
PMCHABCH_01076	MER0002251	43.318	217	115	4	10	222	3	215	1.32e-56	177
PMCHABCH_01090	MER0065588	43.299	194	107	3	2	192	3	196	1.07e-50	159
PMCHABCH_01122	MER0492485	37.576	165	92	3	11	171	11	168	5.37e-26	94.7
PMCHABCH_01156	MER0003376	31.496	127	66	6	393	511	33	146	4.76e-06	43.9
PMCHABCH_01156	MER0013541	36.765	68	42	1	414	480	1	68	5.75e-06	41.6
PMCHABCH_01161	MER0005694	49.645	282	141	1	420	701	1	281	8.24e-94	290
PMCHABCH_01161	MER0000392	51.071	280	123	5	432	700	3	279	7.64e-91	281
PMCHABCH_01161	MER0015621	50.178	281	123	4	432	696	13	292	9.59e-91	282
PMCHABCH_01161	MER0079308	51.894	264	123	4	437	698	8	269	1.80e-85	267
PMCHABCH_01161	MER0981959	47.518	282	130	5	431	696	1	280	9.76e-85	266
PMCHABCH_01161	MER0002490	46.367	289	130	5	432	696	13	300	8.91e-84	264
PMCHABCH_01161	MER0022823	48.913	276	134	6	432	701	3	277	3.01e-82	259
PMCHABCH_01161	MER0011450	47.842	278	134	5	432	700	3	278	6.45e-81	256
PMCHABCH_01161	MER0325901	44.727	275	145	6	432	701	1	273	8.49e-71	229
PMCHABCH_01161	MER0000398	42.205	263	139	6	436	698	4	253	1.01e-56	190
PMCHABCH_01161	MER0003229	38.043	276	163	5	422	696	2	270	9.17e-52	177
PMCHABCH_01161	MER0000410	31.769	277	183	4	421	693	1	275	9.91e-38	139
PMCHABCH_01161	MER0011872	31.250	272	179	4	433	699	16	284	1.99e-35	132
PMCHABCH_01161	MER0082498	33.333	222	138	4	446	657	12	233	3.46e-28	111
PMCHABCH_01161	MER0082653	28.030	264	168	6	446	688	16	278	1.15e-24	101
PMCHABCH_01161	MER0004227	28.037	214	150	2	446	656	33	245	7.35e-21	90.9
PMCHABCH_01161	MER0001920	26.154	195	130	7	493	679	42	230	1.13e-06	47.4
PMCHABCH_01191	MER0006046	31.915	141	91	2	63	201	70	207	4.92e-17	76.3
PMCHABCH_01191	MER0011666	29.944	177	112	4	29	196	11	184	2.67e-14	67.8
PMCHABCH_01191	MER0004857	28.148	135	92	2	64	196	71	202	1.38e-13	66.2
PMCHABCH_01191	MER0002211	29.167	144	97	2	60	201	67	207	1.73e-12	63.2
PMCHABCH_01191	MER0006063	27.857	140	94	4	60	196	68	203	8.52e-11	58.2
PMCHABCH_01191	MER0000474	28.889	135	91	2	64	196	71	202	1.54e-10	57.4
PMCHABCH_01191	MER0002299	30.070	143	87	4	60	196	61	196	1.13e-09	54.7
PMCHABCH_01191	MER0005687	29.412	136	91	2	63	196	74	206	1.38e-09	54.7
PMCHABCH_01191	MER0006056	26.316	133	93	2	66	196	77	206	9.45e-09	52.0
PMCHABCH_01191	MER0004182	26.712	146	84	6	66	200	69	202	1.16e-08	51.6
PMCHABCH_01191	MER0004855	23.704	135	98	2	64	196	73	204	6.15e-08	49.7
PMCHABCH_01241	MER0005169	33.429	350	211	9	12	353	5	340	2.21e-53	177
PMCHABCH_01241	MER0013829	32.432	333	207	7	13	338	6	327	2.53e-50	169
PMCHABCH_01241	MER0005472	33.739	329	203	5	12	340	5	318	2.61e-45	155
PMCHABCH_01241	MER0002046	32.081	346	211	11	8	349	1	326	3.38e-45	155
PMCHABCH_01241	MER0004410	30.484	351	222	9	12	352	5	343	5.12e-42	147
PMCHABCH_01241	MER0002043	26.571	350	236	6	4	345	9	345	7.18e-35	128
PMCHABCH_01241	MER0005160	32.770	296	167	10	60	345	51	324	9.23e-32	119
PMCHABCH_01241	MER0022215	25.360	347	234	8	11	352	3	329	4.38e-23	95.5
PMCHABCH_01241	MER0002040	28.058	278	179	9	60	328	55	320	2.84e-22	93.6
PMCHABCH_01241	MER0025084	20.739	352	244	11	10	346	3	334	1.30e-06	46.6
PMCHABCH_01241	MER0072098	25.131	191	119	6	157	342	121	292	9.36e-06	43.5
PMCHABCH_01265	MER0026545	35.747	221	123	5	44	258	61	268	2.66e-38	132
PMCHABCH_01265	MER0026552	34.568	162	97	4	86	247	6	158	1.41e-28	104
PMCHABCH_01265	MER0026496	27.626	257	155	6	21	260	31	273	5.81e-27	102
PMCHABCH_01265	MER0042387	33.166	199	109	8	65	256	2	183	1.08e-24	94.4
PMCHABCH_01265	MER0031491	28.659	164	108	5	94	250	20	181	2.64e-19	80.5
PMCHABCH_01265	MER0002642	27.211	147	104	3	105	251	24	167	4.17e-11	57.4
PMCHABCH_01265	MER0002639	21.656	157	114	4	102	255	21	171	4.69e-06	42.7
PMCHABCH_01300	MER0000589	34.454	119	38	3	136	254	1	79	1.82e-11	61.2
PMCHABCH_01300	MER0000589	47.917	48	25	0	422	469	179	226	3.76e-10	57.4
PMCHABCH_01300	MER0013626	48.780	41	21	0	429	469	103	143	1.35e-08	51.2
PMCHABCH_01300	MER0016034	38.462	52	27	1	215	266	31	77	1.18e-06	45.4
PMCHABCH_01301	MER0095620	38.292	363	197	6	49	389	3	360	6.30e-82	252
PMCHABCH_01301	MER0003535	23.037	382	232	12	45	383	54	416	7.21e-16	75.5
PMCHABCH_01301	MER0002628	23.604	394	218	14	45	384	54	418	7.73e-13	66.2
PMCHABCH_01301	MER0002481	22.843	394	229	18	51	389	62	435	1.86e-11	62.0
PMCHABCH_01301	MER0000727	22.770	426	246	18	20	389	34	432	7.53e-10	57.0
PMCHABCH_01301	MER0000728	21.907	388	217	14	51	384	59	414	2.17e-09	55.5
PMCHABCH_01301	MER0003534	20.823	389	244	11	45	389	54	422	2.83e-09	55.1
PMCHABCH_01301	MER0000646	32.143	84	45	1	49	132	15	86	5.05e-07	47.0
PMCHABCH_01301	MER0052377	47.500	40	20	1	326	365	162	200	7.42e-06	43.5
PMCHABCH_01301	MER0000660	42.857	49	27	1	318	365	154	202	7.64e-06	43.5
PMCHABCH_01305	MER0017248	43.396	53	28	1	280	330	207	259	2.45e-06	45.1
PMCHABCH_01345	MER0107602	26.471	170	95	7	22	161	4	173	1.40e-07	49.7
PMCHABCH_01345	MER0038626	30.667	75	51	1	64	137	69	143	1.47e-06	45.1
PMCHABCH_01345	MER0013471	36.752	117	52	7	38	134	28	142	7.30e-06	44.3
PMCHABCH_01421	MER0001350	31.443	388	249	11	54	430	34	415	1.72e-56	190
PMCHABCH_01421	MER0003225	32.222	90	56	2	110	194	74	163	1.58e-06	47.0
PMCHABCH_01421	MER0117386	21.739	345	209	12	112	411	72	400	2.99e-06	45.8
PMCHABCH_01454	MER0003850	52.747	182	78	3	130	310	2	176	1.64e-53	176
PMCHABCH_01454	MER0000268	55.172	145	58	2	131	274	1	139	8.18e-49	162
PMCHABCH_01454	MER0013623	52.439	164	64	3	131	291	1	153	1.02e-48	162
PMCHABCH_01454	MER0000266	52.147	163	69	4	131	291	1	156	4.11e-43	147
PMCHABCH_01454	MER0001372	53.049	164	66	5	131	291	1	156	4.80e-43	147
PMCHABCH_01454	MER0004111	49.383	162	74	3	131	291	1	155	7.95e-41	141
PMCHABCH_01454	MER0004673	34.752	282	149	6	131	395	2	265	2.09e-39	141
PMCHABCH_01454	MER0003290	47.239	163	77	3	131	291	1	156	5.81e-39	136
PMCHABCH_01454	MER0003293	50.331	151	66	2	131	279	1	144	9.37e-39	135
PMCHABCH_01454	MER0005468	47.945	146	72	2	131	274	1	144	5.31e-38	134
PMCHABCH_01454	MER0001945	45.399	163	83	3	131	291	1	159	2.55e-36	129
PMCHABCH_01454	MER0022668	45.614	171	83	6	131	291	1	171	7.47e-36	128
PMCHABCH_01454	MER0004149	45.882	170	76	5	131	291	1	163	1.80e-35	127
PMCHABCH_01454	MER0001373	47.853	163	78	4	131	291	1	158	1.21e-34	124
PMCHABCH_01454	MER0002577	44.848	165	75	4	131	291	1	153	1.96e-33	121
PMCHABCH_01454	MER0004086	42.771	166	85	5	132	291	1	162	1.85e-32	119
PMCHABCH_01454	MER0016031	44.379	169	83	5	131	291	1	166	2.67e-32	118
PMCHABCH_01454	MER0028330	45.455	165	74	4	131	291	1	153	3.18e-32	118
PMCHABCH_01454	MER0010944	42.614	176	81	5	131	291	1	171	5.73e-31	115
PMCHABCH_01454	MER0016351	40.606	165	82	4	131	291	1	153	3.20e-30	112
PMCHABCH_01454	MER0014795	42.690	171	76	5	131	291	1	159	9.89e-30	111
PMCHABCH_01454	MER0011375	39.877	163	87	3	131	291	1	154	1.50e-29	110
PMCHABCH_01454	MER0004093	41.212	165	81	4	131	291	1	153	1.21e-27	105
PMCHABCH_01454	MER0005093	36.905	168	90	5	131	285	1	165	1.26e-23	94.4
PMCHABCH_01454	MER0006096	40.714	140	71	5	155	291	1	131	1.06e-22	90.9
PMCHABCH_01454	MER0015583	41.333	150	79	4	131	272	1	149	2.95e-21	87.4
PMCHABCH_01454	MER0063616	34.884	172	88	6	131	291	1	159	2.13e-19	82.4
PMCHABCH_01454	MER0005094	32.051	156	73	9	131	270	1	139	4.56e-11	58.2
PMCHABCH_01454	MER0014317	32.593	135	79	6	142	270	10	138	4.10e-08	49.7
PMCHABCH_01454	MER0145078	32.099	81	55	0	214	294	162	242	1.99e-07	48.9
PMCHABCH_01454	MER0004696	29.078	141	96	4	131	270	1	138	5.70e-07	45.8
PMCHABCH_01454	MER0014318	32.692	156	87	9	131	278	1	146	8.15e-07	45.8
PMCHABCH_01454	MER0005089	32.143	140	82	7	131	264	1	133	2.81e-06	44.3
PMCHABCH_01454	MER0005090	31.429	140	83	6	131	264	1	133	2.95e-06	44.3
PMCHABCH_01454	MER0014064	32.168	143	81	8	131	264	1	136	7.90e-06	43.1
PMCHABCH_01459	MER0897124	24.670	454	278	17	7	435	4	418	5.17e-18	82.4
PMCHABCH_01459	MER0004469	25.728	206	123	8	10	192	8	206	2.00e-15	74.7
PMCHABCH_01459	MER0004468	26.728	217	136	6	230	435	214	418	1.43e-12	65.9
PMCHABCH_01459	MER0004468	26.154	130	86	3	80	203	147	272	3.67e-07	48.9
PMCHABCH_01459	MER0004468	36.765	68	41	1	7	74	4	69	2.38e-06	46.2
PMCHABCH_01459	MER0004480	27.311	238	126	8	11	218	1	221	3.66e-12	63.9
PMCHABCH_01459	MER0004471	33.077	130	73	5	4	131	85	202	1.17e-11	62.8
PMCHABCH_01459	MER0004471	30.851	94	60	3	339	427	267	360	9.30e-06	44.3
PMCHABCH_01459	MER0004474	32.847	137	69	7	13	141	88	209	2.71e-11	61.6
PMCHABCH_01459	MER0004474	28.000	100	69	2	339	435	261	360	2.77e-06	45.8
PMCHABCH_01475	MER0001295	45.161	186	87	4	380	560	3	178	1.00e-47	163
PMCHABCH_01475	MER0003065	38.095	168	93	5	390	557	6	162	8.89e-26	101
PMCHABCH_01475	MER0001425	39.007	141	77	3	420	559	38	170	1.24e-24	98.2
PMCHABCH_01475	MER0003413	34.437	151	91	3	407	557	21	163	9.00e-23	92.8
PMCHABCH_01475	MER0003514	33.333	171	101	5	390	559	6	164	2.76e-22	91.3
PMCHABCH_01475	MER0001297	34.266	143	83	3	378	520	1	132	2.62e-20	85.5
PMCHABCH_01475	MER0004195	36.196	163	86	6	402	559	16	165	1.40e-16	75.1
PMCHABCH_01475	MER0005714	31.250	176	103	5	390	557	6	171	2.38e-16	74.7
PMCHABCH_01475	MER0004196	29.375	160	102	3	402	559	16	166	2.71e-15	71.2
PMCHABCH_01475	MER0015684	32.716	162	95	6	405	562	19	170	2.35e-14	68.6
PMCHABCH_01499	MER0002565	40.833	240	120	9	284	521	88	307	2.71e-34	130
PMCHABCH_01499	MER0000332	45.213	188	84	7	303	489	64	233	2.25e-33	125
PMCHABCH_01499	MER0001709	39.738	229	97	10	301	506	97	307	1.75e-30	119
PMCHABCH_01499	MER0000310	37.864	206	112	6	303	507	63	253	1.09e-28	112
PMCHABCH_01499	MER0028365	37.674	215	112	8	303	508	125	326	3.36e-28	113
PMCHABCH_01499	MER0028365	52.083	48	21	2	69	116	67	112	1.85e-08	53.5
PMCHABCH_01499	MER0001699	37.681	207	111	8	303	507	62	252	1.70e-27	108
PMCHABCH_01499	MER0077555	36.179	246	131	11	265	507	31	253	1.13e-26	106
PMCHABCH_01499	MER0001755	38.350	206	111	6	303	507	64	254	1.26e-26	106
PMCHABCH_01499	MER0001521	38.164	207	110	8	303	507	64	254	1.52e-26	106
PMCHABCH_01499	MER0000313	38.164	207	110	8	303	507	64	254	1.70e-26	105
PMCHABCH_01499	MER0002575	35.217	230	116	9	280	507	59	257	3.32e-26	105
PMCHABCH_01499	MER0000315	38.350	206	107	9	303	507	62	248	7.11e-26	103
PMCHABCH_01499	MER0001906	38.350	206	107	9	303	507	62	248	7.68e-26	103
PMCHABCH_01499	MER0001520	38.350	206	107	9	303	507	62	248	1.28e-25	103
PMCHABCH_01499	MER0000361	38.596	228	101	11	301	506	103	313	1.57e-25	104
PMCHABCH_01499	MER0054318	38.743	191	98	9	303	487	67	244	2.48e-25	103
PMCHABCH_01499	MER0000333	36.653	251	110	10	303	547	64	271	6.61e-25	101
PMCHABCH_01499	MER0001928	36.408	206	111	8	303	507	62	248	8.40e-25	100
PMCHABCH_01499	MER0001523	37.198	207	112	8	303	507	64	254	9.09e-25	100
PMCHABCH_01499	MER0000312	37.198	207	112	8	303	507	64	254	9.09e-25	100
PMCHABCH_01499	MER0002267	35.096	208	114	8	303	507	71	260	2.32e-24	100
PMCHABCH_01499	MER0081072	33.193	238	134	8	279	509	31	250	2.89e-24	99.0
PMCHABCH_01499	MER0013656	36.408	206	111	7	303	507	61	247	4.62e-24	99.0
PMCHABCH_01499	MER0000309	36.715	207	113	6	303	507	63	253	8.28e-24	98.2
PMCHABCH_01499	MER0000320	39.583	192	96	8	303	490	69	244	1.35e-23	97.8
PMCHABCH_01499	MER0000362	35.217	230	108	10	303	509	99	310	1.46e-23	99.0
PMCHABCH_01499	MER0005821	32.342	269	153	12	303	561	86	335	3.61e-23	99.4
PMCHABCH_01499	MER0002057	32.400	250	126	8	303	512	102	348	4.95e-23	98.2
PMCHABCH_01499	MER0000311	38.164	207	114	5	303	509	64	256	1.07e-22	95.1
PMCHABCH_01499	MER0000316	36.585	205	112	6	303	507	61	247	2.11e-21	91.3
PMCHABCH_01499	MER0004690	32.787	244	134	9	281	503	72	306	3.72e-21	92.0
PMCHABCH_01499	MER0004690	48.980	49	24	1	70	117	39	87	8.20e-07	48.1
PMCHABCH_01499	MER0002562	36.283	226	103	10	303	503	117	326	7.19e-21	91.3
PMCHABCH_01499	MER0017009	31.651	218	125	7	300	503	114	321	1.21e-20	90.5
PMCHABCH_01499	MER0001725	35.106	188	105	5	302	487	98	270	3.29e-20	88.6
PMCHABCH_01499	MER0006023	34.579	214	108	7	303	499	102	300	1.40e-19	87.0
PMCHABCH_01499	MER0016978	32.174	230	116	7	303	507	78	292	2.57e-19	85.9
PMCHABCH_01499	MER0000349	32.314	229	132	8	300	507	141	367	1.84e-18	84.3
PMCHABCH_01499	MER0000319	34.783	207	111	9	303	503	69	257	2.23e-18	82.4
PMCHABCH_01499	MER0014744	33.803	213	124	8	303	503	95	302	2.42e-18	83.2
PMCHABCH_01499	MER0004085	33.803	213	125	8	303	503	96	304	5.52e-18	82.4
PMCHABCH_01499	MER0005931	37.681	207	111	7	303	507	32	222	6.67e-18	80.5
PMCHABCH_01499	MER0062058	35.714	196	108	6	303	492	61	244	2.20e-17	81.3
PMCHABCH_01499	MER0062058	59.184	49	20	0	69	117	1	49	2.86e-11	62.4
PMCHABCH_01499	MER0002516	33.333	219	111	9	303	513	82	273	3.84e-17	79.0
PMCHABCH_01499	MER0000321	32.400	250	130	10	271	507	129	352	6.34e-17	79.3
PMCHABCH_01499	MER0030016	32.645	242	119	9	281	507	65	277	7.21e-17	77.8
PMCHABCH_01499	MER0016983	32.083	240	108	10	303	508	71	289	1.29e-16	77.8
PMCHABCH_01499	MER0002500	32.941	255	126	12	252	487	123	351	5.29e-16	77.0
PMCHABCH_01499	MER0161312	29.885	261	149	9	293	522	83	340	1.21e-15	75.5
PMCHABCH_01499	MER0000326	30.924	249	136	11	273	517	49	265	1.42e-15	74.7
PMCHABCH_01499	MER0042897	39.234	209	106	9	303	507	66	257	1.66e-15	73.9
PMCHABCH_01499	MER0006074	32.432	222	119	8	303	514	82	282	2.67e-15	73.6
PMCHABCH_01499	MER0000335	29.487	234	124	10	286	509	56	258	1.21e-14	71.2
PMCHABCH_01499	MER0016697	33.028	218	101	10	303	491	98	299	1.32e-14	72.0
PMCHABCH_01499	MER0016986	27.089	347	187	15	218	511	4	337	1.63e-14	72.0
PMCHABCH_01499	MER0003117	38.073	218	101	12	292	500	66	258	2.33e-14	70.9
PMCHABCH_01499	MER0002790	33.486	218	118	8	303	503	1	208	3.16e-14	69.3
PMCHABCH_01499	MER0155676	30.000	230	128	10	303	504	125	349	3.24e-14	71.2
PMCHABCH_01499	MER0155676	35.802	81	48	1	36	116	14	90	4.48e-07	48.9
PMCHABCH_01499	MER0005712	25.000	292	153	9	268	510	70	344	4.08e-14	70.9
PMCHABCH_01499	MER0050309	33.010	206	106	9	303	501	47	227	4.17e-14	71.2
PMCHABCH_01499	MER0003536	31.081	222	117	9	303	503	71	277	7.90e-14	69.3
PMCHABCH_01499	MER0005790	32.338	201	101	6	299	486	90	268	3.07e-13	67.0
PMCHABCH_01499	MER0000358	30.806	211	111	9	303	500	71	259	3.99e-13	67.8
PMCHABCH_01499	MER0014446	30.698	215	117	8	303	503	197	393	4.36e-13	68.2
PMCHABCH_01499	MER0000356	31.559	263	126	12	249	494	42	267	5.17e-13	67.4
PMCHABCH_01499	MER0000359	34.052	232	112	11	303	516	89	297	5.37e-13	66.6
PMCHABCH_01499	MER0000338	31.050	219	117	9	303	512	72	265	8.10e-13	65.9
PMCHABCH_01499	MER0068994	28.195	266	130	10	301	507	107	370	1.54e-12	66.2
PMCHABCH_01499	MER0005078	31.088	193	101	9	303	487	80	248	2.46e-12	64.7
PMCHABCH_01499	MER0004720	27.132	258	146	9	262	501	21	254	2.47e-12	64.3
PMCHABCH_01499	MER0019280	31.963	219	125	7	303	507	73	281	3.07e-12	64.7
PMCHABCH_01499	MER0016688	31.489	235	122	11	303	509	74	297	4.49e-12	64.3
PMCHABCH_01499	MER0001451	28.571	273	140	12	286	507	51	319	6.08e-12	63.9
PMCHABCH_01499	MER0004988	30.894	246	130	12	283	509	50	274	1.09e-11	62.8
PMCHABCH_01499	MER0114485	27.941	272	141	13	253	487	72	325	1.11e-11	63.5
PMCHABCH_01499	MER0055027	32.353	204	99	9	303	490	73	253	1.21e-11	63.5
PMCHABCH_01499	MER0013641	29.237	236	124	11	303	509	83	304	1.75e-11	63.2
PMCHABCH_01499	MER0000325	32.917	240	115	9	284	504	40	252	3.35e-11	61.6
PMCHABCH_01499	MER0050310	29.956	227	127	10	303	514	102	311	5.61e-11	61.2
PMCHABCH_01499	MER0004123	33.557	149	65	4	379	503	167	305	8.54e-11	60.5
PMCHABCH_01499	MER0000351	31.100	209	95	9	300	487	103	283	1.27e-10	59.3
PMCHABCH_01499	MER0024902	25.592	211	136	5	303	499	97	300	1.43e-10	59.7
PMCHABCH_01499	MER0000357	31.905	210	104	11	303	497	77	262	1.49e-10	59.3
PMCHABCH_01499	MER0002739	28.980	245	118	10	303	509	98	324	1.64e-10	60.1
PMCHABCH_01499	MER0006037	29.960	247	129	10	251	487	36	248	1.68e-10	58.9
PMCHABCH_01499	MER0000336	27.404	208	116	8	303	503	81	260	4.91e-10	57.8
PMCHABCH_01499	MER0000348	28.870	239	119	9	292	486	77	308	5.39e-10	58.2
PMCHABCH_01499	MER0067924	27.660	235	120	10	299	504	60	273	6.26e-10	57.0
PMCHABCH_01499	MER0015431	25.993	277	145	10	294	510	70	346	6.37e-10	57.8
PMCHABCH_01499	MER0000329	26.250	320	133	14	261	507	49	338	6.61e-10	57.8
PMCHABCH_01499	MER0000389	28.571	238	121	12	303	503	77	302	7.53e-10	57.4
PMCHABCH_01499	MER0000328	29.457	258	139	12	254	489	12	248	1.25e-09	56.2
PMCHABCH_01499	MER0000344	32.243	214	106	11	303	502	88	276	1.71e-09	56.2
PMCHABCH_01499	MER0001467	26.708	322	167	14	249	507	22	337	2.37e-09	56.2
PMCHABCH_01499	MER0000350	26.939	245	134	9	303	507	90	329	2.53e-09	55.8
PMCHABCH_01499	MER0175622	31.140	228	116	12	303	509	74	281	5.54e-09	54.7
PMCHABCH_01499	MER0001454	23.418	316	176	12	249	507	22	328	6.45e-09	54.7
PMCHABCH_01499	MER0005700	24.484	339	176	14	251	510	24	361	7.36e-09	54.7
PMCHABCH_01499	MER0000353	30.049	203	93	9	300	482	154	327	7.76e-09	54.3
PMCHABCH_01499	MER0000340	34.899	149	80	7	361	503	133	270	1.10e-08	53.5
PMCHABCH_01499	MER0002764	30.049	203	111	8	291	485	74	253	1.15e-08	53.5
PMCHABCH_01499	MER0014085	25.597	293	129	10	303	523	87	362	1.52e-08	53.5
PMCHABCH_01499	MER0015437	42.857	63	35	1	448	510	371	432	4.23e-08	52.4
PMCHABCH_01499	MER0005859	31.169	231	104	14	303	493	242	457	4.31e-08	52.4
PMCHABCH_01499	MER0028258	30.088	226	114	9	301	487	102	322	9.63e-08	51.2
PMCHABCH_01499	MER0003122	26.490	302	157	12	259	507	57	346	2.77e-07	49.7
PMCHABCH_01499	MER0015436	36.735	98	52	4	448	541	371	462	4.22e-07	49.3
PMCHABCH_01499	MER0000347	25.524	286	154	10	300	558	116	369	6.79e-07	48.5
PMCHABCH_01499	MER0016991	26.872	227	106	9	303	491	78	282	8.55e-07	48.1
PMCHABCH_01499	MER0014465	31.081	148	84	4	401	536	330	471	3.72e-06	46.2
PMCHABCH_01499	MER0080418	30.496	141	81	6	377	507	204	337	3.93e-06	45.8
PMCHABCH_01499	MER0025143	27.841	176	85	8	294	455	62	209	6.58e-06	45.1
PMCHABCH_01499	MER0011813	34.831	89	38	2	439	507	348	436	7.63e-06	45.4
PMCHABCH_01503	MER0000474	54.688	192	87	0	28	219	15	206	7.79e-78	229
PMCHABCH_01503	MER0005687	54.301	186	80	1	31	216	27	207	2.95e-68	205
PMCHABCH_01503	MER0004857	52.850	193	89	2	25	216	12	203	1.39e-65	198
PMCHABCH_01503	MER0006046	45.274	201	110	0	19	219	6	206	7.39e-64	194
PMCHABCH_01503	MER0002211	50.532	188	93	0	29	216	16	203	1.17e-63	194
PMCHABCH_01503	MER0002299	50.270	185	92	0	31	215	12	196	4.78e-62	189
PMCHABCH_01503	MER0004855	43.781	201	107	1	17	217	12	206	4.91e-61	187
PMCHABCH_01503	MER0006063	47.826	184	96	0	34	217	22	205	5.88e-60	184
PMCHABCH_01503	MER0004847	50.526	190	93	1	31	219	18	207	1.33e-57	178
PMCHABCH_01503	MER0006056	49.198	187	94	1	33	219	25	210	1.13e-56	176
PMCHABCH_01503	MER0004182	43.678	174	98	0	44	217	27	200	1.46e-48	155
PMCHABCH_01503	MER0006308	38.418	177	108	1	40	215	17	193	4.80e-48	153
PMCHABCH_01503	MER0011666	44.379	169	92	2	50	216	17	185	1.36e-45	147
PMCHABCH_01519	MER0018254	44.882	127	67	1	37	160	6	132	5.72e-36	119
PMCHABCH_01519	MER0138267	36.066	122	72	4	42	158	7	127	1.33e-22	84.7
PMCHABCH_01519	MER0019949	34.722	144	80	6	38	169	10	151	1.08e-20	80.5
PMCHABCH_01519	MER0019950	30.657	137	84	4	44	169	10	146	2.19e-16	68.9
PMCHABCH_01524	MER0002746	30.516	213	133	5	266	467	22	230	1.28e-23	97.4
PMCHABCH_01524	MER0019759	30.435	207	134	4	267	467	27	229	5.73e-23	95.5
PMCHABCH_01524	MER0005331	33.831	201	107	6	264	448	20	210	7.61e-23	94.4
PMCHABCH_01524	MER0002060	31.156	199	119	4	262	448	23	215	1.45e-22	94.0
PMCHABCH_01524	MER0011440	31.019	216	124	7	254	456	12	215	3.13e-22	92.8
PMCHABCH_01524	MER0011183	27.700	213	141	3	265	467	13	222	4.93e-21	89.7
PMCHABCH_01524	MER0000997	33.659	205	100	6	262	443	21	212	8.79e-21	88.6
PMCHABCH_01524	MER0001005	32.086	187	103	4	276	448	1	177	9.35e-20	84.7
PMCHABCH_01524	MER0091680	29.756	205	135	4	266	463	13	215	1.08e-19	85.5
PMCHABCH_01524	MER0002968	32.275	189	110	4	265	441	26	208	1.82e-19	85.1
PMCHABCH_01524	MER0011369	29.688	192	120	4	264	445	34	220	2.01e-18	82.0
PMCHABCH_01524	MER0002003	29.268	205	115	5	266	451	27	220	3.04e-18	81.3
PMCHABCH_01524	MER0005045	30.890	191	122	5	266	448	10	198	4.61e-18	80.5
PMCHABCH_01524	MER0168983	29.814	161	85	4	277	429	3	143	5.50e-18	79.0
PMCHABCH_01524	MER0004243	32.161	199	111	5	262	443	20	211	6.10e-18	80.5
PMCHABCH_01524	MER0001185	29.843	191	115	5	262	440	24	207	2.16e-17	79.0
PMCHABCH_01524	MER0001003	29.609	179	119	4	273	444	3	181	2.93e-17	77.4
PMCHABCH_01524	MER0016308	31.319	182	108	5	273	443	3	178	3.84e-17	77.0
PMCHABCH_01524	MER0006264	28.889	180	120	4	276	448	4	182	7.61e-17	76.3
PMCHABCH_01524	MER0011438	28.877	187	116	4	263	437	18	199	8.55e-17	77.0
PMCHABCH_01524	MER0001012	28.505	214	132	6	242	441	3	209	8.76e-17	77.0
PMCHABCH_01524	MER0002078	28.037	214	137	4	266	467	22	230	1.74e-16	76.6
PMCHABCH_01524	MER0001010	27.442	215	123	6	266	460	1	202	3.38e-16	75.1
PMCHABCH_01524	MER0001701	28.000	200	123	7	254	440	1	192	3.58e-16	75.5
PMCHABCH_01524	MER0168177	30.968	155	92	4	276	428	2	143	1.27e-15	72.4
PMCHABCH_01524	MER0005046	27.411	197	121	4	266	448	10	198	1.29e-15	73.2
PMCHABCH_01524	MER0028449	32.673	202	110	8	267	453	33	223	1.18e-14	70.9
PMCHABCH_01524	MER0002422	30.357	168	112	4	277	440	32	198	1.39e-14	70.5
PMCHABCH_01524	MER0040779	29.221	154	95	4	290	439	45	188	2.57e-14	69.3
PMCHABCH_01524	MER0015166	26.364	220	145	4	239	442	7	225	4.84e-14	69.3
PMCHABCH_01524	MER0001009	27.841	176	93	4	323	479	20	180	6.98e-14	68.6
PMCHABCH_01524	MER0011370	26.203	187	131	3	264	443	19	205	8.44e-14	68.2
PMCHABCH_01524	MER0011371	26.702	191	117	4	265	440	21	203	1.41e-13	67.4
PMCHABCH_01524	MER0036308	27.551	196	116	5	259	442	24	205	2.52e-13	67.4
PMCHABCH_01524	MER0011423	30.409	171	91	3	289	440	45	206	3.13e-13	66.6
PMCHABCH_01524	MER0052595	26.961	204	137	4	254	448	20	220	7.15e-13	65.9
PMCHABCH_01524	MER0002355	27.513	189	118	5	265	444	26	204	1.36e-12	64.7
PMCHABCH_01524	MER0003500	26.667	195	121	7	274	454	17	203	1.48e-12	64.3
PMCHABCH_01524	MER0011175	26.904	197	107	5	262	436	17	198	1.69e-12	64.3
PMCHABCH_01524	MER0011720	27.363	201	121	7	265	456	26	210	4.36e-12	63.2
PMCHABCH_01524	MER0003916	24.490	196	135	6	254	443	1	189	1.27e-11	61.6
PMCHABCH_01524	MER0019754	26.866	201	122	8	265	448	3	195	1.58e-11	61.2
PMCHABCH_01524	MER0019096	29.032	155	87	7	322	469	59	197	3.37e-11	60.5
PMCHABCH_01524	MER0011400	29.282	181	119	4	276	448	32	211	7.45e-11	60.1
PMCHABCH_01524	MER0001017	31.138	167	90	7	276	428	42	197	1.22e-10	59.7
PMCHABCH_01524	MER0011401	28.931	159	92	5	294	436	42	195	2.84e-10	57.8
PMCHABCH_01524	MER0002755	27.381	168	94	5	276	428	32	186	7.69e-10	56.2
PMCHABCH_01524	MER0001013	29.082	196	116	9	259	442	27	211	1.32e-09	56.2
PMCHABCH_01524	MER0011399	26.203	187	116	6	277	450	33	210	5.23e-09	54.3
PMCHABCH_01524	MER0001001	25.444	169	110	5	285	442	40	203	6.77e-09	53.9
PMCHABCH_01524	MER0171631	29.365	126	80	4	252	372	7	128	1.26e-08	52.8
PMCHABCH_01524	MER0026830	28.866	97	67	1	262	356	20	116	3.62e-08	51.2
PMCHABCH_01524	MER0011345	25.238	210	125	6	259	451	26	220	5.67e-08	51.6
PMCHABCH_01524	MER0116688	25.481	208	124	6	264	454	24	217	8.09e-08	50.8
PMCHABCH_01524	MER0002210	25.610	164	96	4	289	435	2	156	1.11e-07	48.9
PMCHABCH_01524	MER0005328	27.513	189	99	8	277	447	32	200	6.30e-07	47.8
PMCHABCH_01524	MER0001525	27.941	204	111	11	263	442	30	221	1.20e-06	47.4
PMCHABCH_01524	MER0012283	25.641	195	131	4	259	446	26	213	2.76e-06	46.2
PMCHABCH_01524	MER0002658	28.777	139	77	3	326	449	1	132	4.72e-06	44.3
PMCHABCH_01524	MER0002281	26.471	170	95	5	275	428	42	197	6.91e-06	45.1
PMCHABCH_01534	MER0066916	38.916	203	100	7	1	186	2	197	3.15e-41	135
PMCHABCH_01534	MER0437437	33.491	212	112	7	1	185	1	210	9.02e-28	100
PMCHABCH_01565	MER0016191	28.378	296	189	7	10	294	4	287	7.83e-33	119
PMCHABCH_01565	MER0016172	27.241	290	195	8	12	294	6	286	1.66e-19	84.0
PMCHABCH_01565	MER0016185	23.939	330	203	7	7	300	1	318	1.25e-17	79.0
PMCHABCH_01572	MER0045886	48.684	228	114	3	1	226	10	236	2.87e-71	224
PMCHABCH_01572	MER0044889	43.304	224	126	1	5	227	19	242	6.33e-55	181
PMCHABCH_01572	MER0043537	47.027	185	96	2	5	188	2	185	1.39e-49	166
PMCHABCH_01572	MER0042974	43.814	194	102	4	12	198	1	194	3.92e-47	159
PMCHABCH_01572	MER0436735	35.907	259	129	4	5	226	4	262	3.23e-46	159
PMCHABCH_01572	MER0038086	38.839	224	122	4	5	213	29	252	3.52e-43	150
PMCHABCH_01572	MER0043387	40.571	175	104	0	20	194	1	175	5.78e-40	139
PMCHABCH_01572	MER0043394	30.667	150	101	2	38	184	13	162	1.18e-13	65.9
PMCHABCH_01572	MER0044812	30.270	185	116	8	5	184	58	234	4.45e-13	65.9
PMCHABCH_01572	MER0045945	27.976	168	113	4	5	170	34	195	2.82e-10	57.4
PMCHABCH_01572	MER0044622	25.658	152	107	4	38	184	64	214	3.09e-10	57.8
PMCHABCH_01572	MER0045094	26.797	153	104	4	38	184	48	198	1.41e-09	55.5
PMCHABCH_01572	MER0043540	26.404	178	114	7	5	175	44	211	1.45e-09	55.1
PMCHABCH_01572	MER0043475	26.966	178	109	6	3	169	27	194	4.09e-09	54.3
PMCHABCH_01572	MER0436691	26.263	198	133	7	5	195	61	252	8.93e-09	53.1
PMCHABCH_01572	MER0060647	28.235	170	108	6	5	169	175	335	1.46e-07	50.1
PMCHABCH_01572	MER0043195	25.694	144	94	3	53	183	63	206	2.24e-07	48.9
PMCHABCH_01572	MER0115185	29.197	137	86	5	40	171	1	131	6.15e-07	45.8
PMCHABCH_01572	MER0044882	25.316	158	105	6	38	184	15	170	1.26e-06	45.8
PMCHABCH_01572	MER0046161	24.419	172	111	7	5	169	67	226	2.98e-06	45.8
PMCHABCH_01572	MER0043392	22.581	155	118	2	27	180	1	154	9.12e-06	43.1
PMCHABCH_01575	MER0001421	52.296	392	184	3	22	412	1	390	4.28e-147	421
PMCHABCH_01575	MER0028941	26.859	417	239	13	12	414	1	365	7.87e-28	110
PMCHABCH_01575	MER0369336	26.316	342	204	9	76	410	9	309	2.81e-23	96.3
PMCHABCH_01576	MER0000332	40.559	286	141	9	147	430	13	271	6.92e-53	177
PMCHABCH_01576	MER0002565	34.711	363	188	11	88	430	7	340	1.92e-50	174
PMCHABCH_01576	MER0000333	40.418	287	143	9	144	429	11	270	8.92e-48	164
PMCHABCH_01576	MER0002575	38.062	289	157	9	144	430	11	279	1.62e-45	158
PMCHABCH_01576	MER0001521	36.765	272	142	9	161	428	28	273	1.90e-39	141
PMCHABCH_01576	MER0000313	36.765	272	142	9	161	428	28	273	2.47e-39	141
PMCHABCH_01576	MER0001523	36.765	272	142	9	161	428	28	273	4.46e-39	140
PMCHABCH_01576	MER0000312	36.765	272	142	9	161	428	28	273	4.46e-39	140
PMCHABCH_01576	MER0001755	36.397	272	143	9	161	428	28	273	1.56e-38	139
PMCHABCH_01576	MER0000310	35.636	275	145	10	154	424	22	268	5.85e-35	129
PMCHABCH_01576	MER0000320	36.719	256	139	8	133	380	1	241	7.56e-35	129
PMCHABCH_01576	MER0016978	34.314	306	165	12	147	429	23	315	1.32e-34	129
PMCHABCH_01576	MER0001928	34.035	285	160	9	144	428	11	267	3.17e-34	127
PMCHABCH_01576	MER0001699	34.799	273	146	10	157	425	24	268	3.66e-33	124
PMCHABCH_01576	MER0002739	30.702	342	165	12	151	437	29	353	6.12e-33	128
PMCHABCH_01576	MER0000319	33.217	286	164	10	144	428	18	277	1.11e-32	123
PMCHABCH_01576	MER0054318	35.772	246	136	8	147	380	9	244	1.96e-32	123
PMCHABCH_01576	MER0001725	34.397	282	154	10	161	429	55	318	3.51e-32	122
PMCHABCH_01576	MER0016983	32.399	321	162	10	144	429	11	311	6.26e-31	119
PMCHABCH_01576	MER0081072	32.692	260	155	9	144	401	8	249	3.99e-30	115
PMCHABCH_01576	MER0000315	35.294	272	144	9	159	428	26	267	5.35e-30	115
PMCHABCH_01576	MER0000309	34.767	279	142	12	154	424	22	268	7.71e-30	115
PMCHABCH_01576	MER0001520	35.294	272	144	10	159	428	26	267	7.94e-30	115
PMCHABCH_01576	MER0000311	35.036	274	148	9	159	428	26	273	1.88e-29	114
PMCHABCH_01576	MER0001906	34.926	272	145	9	159	428	26	267	2.30e-29	113
PMCHABCH_01576	MER0013656	33.684	285	161	9	144	428	10	266	6.86e-29	112
PMCHABCH_01576	MER0004085	32.584	267	152	9	155	400	49	308	2.43e-28	112
PMCHABCH_01576	MER0077555	32.632	285	159	10	150	429	17	273	5.72e-28	109
PMCHABCH_01576	MER0000316	34.686	271	147	10	159	428	25	266	6.76e-28	109
PMCHABCH_01576	MER0017009	27.160	324	178	10	96	382	5	307	1.01e-27	110
PMCHABCH_01576	MER0006023	31.045	335	152	13	117	400	2	308	7.47e-27	108
PMCHABCH_01576	MER0000338	33.206	262	138	11	160	412	36	269	8.43e-27	106
PMCHABCH_01576	MER0014744	35.206	267	143	11	155	400	49	306	2.36e-25	103
PMCHABCH_01576	MER0000361	26.902	368	187	15	112	429	1	336	6.50e-25	102
PMCHABCH_01576	MER0019280	33.217	286	162	11	159	429	33	304	7.89e-24	98.6
PMCHABCH_01576	MER0001709	27.143	350	171	15	144	441	14	331	3.01e-23	97.4
PMCHABCH_01576	MER0003536	27.393	303	187	12	144	430	18	303	3.05e-23	97.1
PMCHABCH_01576	MER0030016	31.250	272	158	9	144	400	20	277	4.91e-23	95.9
PMCHABCH_01576	MER0000335	31.142	289	152	12	121	401	8	257	5.14e-22	92.8
PMCHABCH_01576	MER0042897	34.545	220	122	7	159	372	26	229	7.61e-22	92.4
PMCHABCH_01576	MER0002516	32.068	237	138	8	163	396	47	263	8.36e-22	92.4
PMCHABCH_01576	MER0006074	31.746	252	142	11	163	404	48	279	9.08e-22	92.8
PMCHABCH_01576	MER0004690	26.685	356	188	14	111	424	5	329	1.76e-21	92.8
PMCHABCH_01576	MER0000326	33.195	241	136	9	163	400	37	255	2.69e-21	91.7
PMCHABCH_01576	MER0016697	26.801	347	165	15	116	400	1	320	7.67e-21	90.9
PMCHABCH_01576	MER0000321	29.032	279	160	9	144	400	90	352	8.49e-21	90.9
PMCHABCH_01576	MER0005078	30.224	268	151	11	164	422	48	288	1.45e-20	89.0
PMCHABCH_01576	MER0005931	32.584	267	150	8	166	428	1	241	1.62e-20	87.8
PMCHABCH_01576	MER0155676	27.859	341	157	13	144	401	19	353	1.87e-20	90.1
PMCHABCH_01576	MER0004720	29.730	259	150	10	157	407	34	268	3.38e-20	87.8
PMCHABCH_01576	MER0002267	29.412	272	165	9	161	428	34	282	6.29e-20	87.0
PMCHABCH_01576	MER0002562	28.947	342	165	14	112	399	12	329	6.51e-20	88.2
PMCHABCH_01576	MER0004988	27.152	302	190	11	137	428	12	293	9.60e-20	86.7
PMCHABCH_01576	MER0000362	26.471	306	163	12	144	399	14	307	1.23e-19	87.0
PMCHABCH_01576	MER0000325	30.268	261	149	12	143	396	17	251	1.35e-19	86.7
PMCHABCH_01576	MER0000344	27.473	273	167	10	155	419	47	296	1.99e-19	85.9
PMCHABCH_01576	MER0000358	31.330	233	125	8	163	383	38	247	2.44e-19	86.3
PMCHABCH_01576	MER0000359	30.233	258	147	11	157	404	49	283	3.11e-19	85.1
PMCHABCH_01576	MER0000357	29.538	325	176	15	121	422	10	304	8.39e-19	84.0
PMCHABCH_01576	MER0050309	29.452	292	169	13	154	430	1	270	1.68e-18	84.7
PMCHABCH_01576	MER0005821	29.845	258	144	13	144	380	21	262	1.86e-18	84.7
PMCHABCH_01576	MER0003117	28.782	271	161	12	153	412	31	280	2.68e-18	82.4
PMCHABCH_01576	MER0000356	30.556	288	149	13	163	422	55	319	3.83e-18	82.8
PMCHABCH_01576	MER0002764	31.203	266	160	10	161	420	49	297	4.50e-18	81.6
PMCHABCH_01576	MER0000389	27.059	340	179	10	140	429	16	336	5.55e-18	82.0
PMCHABCH_01576	MER0000340	30.159	252	142	11	163	399	41	273	1.91e-17	79.7
PMCHABCH_01576	MER0002057	25.926	351	167	11	113	401	25	344	7.04e-17	79.3
PMCHABCH_01576	MER0055027	32.161	199	117	7	161	356	34	217	7.35e-17	79.3
PMCHABCH_01576	MER0016688	28.966	290	163	14	143	400	17	295	1.10e-16	77.8
PMCHABCH_01576	MER0028365	28.571	308	165	15	144	417	51	337	2.20e-16	77.8
PMCHABCH_01576	MER0014300	27.401	354	174	12	139	430	15	347	2.98e-16	77.0
PMCHABCH_01576	MER0022415	27.200	250	158	8	155	393	33	269	3.32e-16	77.8
PMCHABCH_01576	MER0014446	33.047	233	121	10	184	401	179	391	3.74e-15	74.3
PMCHABCH_01576	MER0000328	29.084	251	142	10	163	400	39	266	6.02e-15	72.4
PMCHABCH_01576	MER0062058	29.880	251	138	10	160	382	1	241	6.87e-15	73.6
PMCHABCH_01576	MER0006037	28.194	227	131	8	164	382	48	250	1.13e-14	71.6
PMCHABCH_01576	MER0175622	26.182	275	174	13	145	401	17	280	1.21e-14	71.6
PMCHABCH_01576	MER0002790	31.797	217	125	6	202	400	1	212	6.65e-14	68.2
PMCHABCH_01576	MER0087792	26.578	301	157	12	144	386	18	312	5.17e-13	67.0
PMCHABCH_01576	MER0024902	29.150	247	147	6	172	399	70	307	1.88e-12	65.1
PMCHABCH_01576	MER0000350	25.836	329	161	13	145	406	23	335	2.51e-12	65.1
PMCHABCH_01576	MER0161312	26.706	337	165	15	145	406	11	340	6.80e-12	63.9
PMCHABCH_01576	MER0004123	28.053	303	166	16	159	425	41	327	9.23e-12	63.2
PMCHABCH_01576	MER0016986	26.879	346	145	14	159	429	37	349	1.19e-11	62.8
PMCHABCH_01576	MER0004113	31.496	127	76	2	114	236	2	121	4.02e-11	61.2
PMCHABCH_01576	MER0068994	25.970	335	144	18	144	383	21	346	4.36e-11	61.6
PMCHABCH_01576	MER0000336	25.991	227	139	7	163	382	47	251	8.04e-11	59.7
PMCHABCH_01576	MER0067924	24.549	277	159	13	159	400	15	276	9.13e-11	59.7
PMCHABCH_01576	MER0050310	27.103	214	121	9	200	395	100	296	2.01e-10	59.3
PMCHABCH_01576	MER0238466	24.365	197	134	5	145	333	10	199	4.17e-10	57.8
PMCHABCH_01576	MER0000383	22.917	288	177	9	142	400	1	272	1.80e-09	55.8
PMCHABCH_01576	MER0014085	25.899	278	149	10	189	410	77	353	2.42e-09	55.8
PMCHABCH_01576	MER0000347	24.308	325	191	12	144	430	51	358	3.37e-09	55.8
PMCHABCH_01576	MER0005859	29.114	237	127	10	202	400	242	475	4.74e-09	55.5
PMCHABCH_01576	MER0001514	31.683	101	65	1	142	238	1	101	4.78e-09	54.3
PMCHABCH_01576	MER0114485	24.691	324	171	11	130	383	8	328	5.59e-09	54.7
PMCHABCH_01576	MER0006297	29.515	227	129	9	202	400	265	488	9.67e-09	54.3
PMCHABCH_01576	MER0000375	30.392	102	63	3	143	238	1	100	9.88e-09	53.5
PMCHABCH_01576	MER0004626	28.061	196	114	9	161	345	20	199	3.21e-08	52.0
PMCHABCH_01576	MER0000351	23.264	288	164	11	136	380	10	283	4.13e-08	51.6
PMCHABCH_01576	MER0000373	20.567	282	193	8	141	400	1	273	5.54e-08	51.2
PMCHABCH_01576	MER0001603	22.340	282	184	8	143	400	1	271	6.22e-08	51.2
PMCHABCH_01576	MER0000349	24.638	276	147	11	160	383	76	342	1.00e-07	50.8
PMCHABCH_01576	MER0000374	25.795	283	171	11	141	400	8	274	1.18e-07	50.1
PMCHABCH_01576	MER0002500	23.077	299	170	12	136	381	61	352	2.29e-07	49.7
PMCHABCH_01576	MER0003688	26.074	326	166	15	159	430	53	357	3.15e-07	49.3
PMCHABCH_01576	MER0025143	26.761	213	105	8	153	345	28	209	3.81e-07	48.9
PMCHABCH_01576	MER0047718	23.377	154	103	4	159	297	16	169	3.84e-07	48.9
PMCHABCH_01576	MER0000364	25.839	298	170	11	137	401	4	283	4.44e-07	48.5
PMCHABCH_01576	MER0001604	27.632	152	100	6	141	287	8	154	5.17e-07	48.1
PMCHABCH_01576	MER0000381	28.571	98	66	2	143	236	1	98	5.87e-07	48.1
PMCHABCH_01576	MER0000377	28.000	100	68	1	141	236	2	101	5.91e-07	48.1
PMCHABCH_01576	MER0077856	26.471	102	69	2	142	238	9	109	5.99e-07	48.1
PMCHABCH_01576	MER0000329	23.546	361	183	14	144	429	19	361	1.07e-06	47.8
PMCHABCH_01576	MER0001610	22.039	304	202	11	141	423	1	290	1.10e-06	47.4
PMCHABCH_01576	MER0000353	22.143	280	165	10	136	375	61	327	1.71e-06	46.6
PMCHABCH_01576	MER0001778	29.000	100	65	2	141	236	1	98	2.73e-06	45.8
PMCHABCH_01576	MER0005790	26.592	267	132	10	157	379	22	268	3.63e-06	45.4
PMCHABCH_01576	MER0011484	27.119	236	133	13	199	400	265	495	5.76e-06	45.4
PMCHABCH_01621	MER0026469	30.691	391	269	1	21	409	1	391	2.11e-58	192
PMCHABCH_01621	MER0026472	30.539	167	107	3	51	209	31	196	3.93e-20	87.0
PMCHABCH_01624	MER0156574	44.186	86	47	1	97	182	1	85	3.16e-21	82.4
PMCHABCH_01624	MER0005112	28.571	112	66	5	69	179	57	155	5.82e-06	43.1
PMCHABCH_01624	MER0001101	28.205	156	82	8	75	219	20	156	9.84e-06	42.0
PMCHABCH_01625	MER0156574	55.814	86	37	1	99	184	1	85	2.74e-26	98.6
PMCHABCH_01642	MER0015472	31.469	143	86	5	48	182	45	183	3.09e-10	54.7
PMCHABCH_01642	MER0015473	35.811	148	78	7	48	180	37	182	1.36e-09	53.1
PMCHABCH_01642	MER0048181	27.778	144	85	4	48	174	1	142	4.08e-08	47.8
PMCHABCH_01642	MER0047976	40.506	79	43	2	44	121	9	84	1.00e-06	44.3
PMCHABCH_01642	MER0015659	29.126	103	64	3	34	131	36	134	2.93e-06	43.5
PMCHABCH_01642	MER0094384	27.933	179	117	5	39	215	28	196	7.97e-06	42.0
PMCHABCH_01642	MER0030173	25.749	167	96	7	35	187	29	181	9.96e-06	42.0
PMCHABCH_01683	MER0168983	27.500	160	100	5	280	436	1	147	8.70e-17	75.1
PMCHABCH_01683	MER0001013	21.918	219	145	4	252	455	14	221	5.47e-13	65.9
PMCHABCH_01683	MER0001017	23.214	224	144	5	249	455	10	222	3.14e-12	63.5
PMCHABCH_01683	MER0012271	23.265	245	144	8	252	465	13	244	3.53e-11	60.5
PMCHABCH_01683	MER0005331	23.301	206	144	5	252	445	2	205	4.49e-11	59.7
PMCHABCH_01683	MER0002755	22.642	212	136	5	252	446	2	202	4.98e-11	59.3
PMCHABCH_01683	MER0012283	24.731	186	114	5	256	426	17	191	2.82e-09	54.3
PMCHABCH_01683	MER0168177	27.329	161	98	6	280	435	1	147	4.30e-09	52.8
PMCHABCH_01683	MER0006264	24.409	127	85	2	332	447	53	179	7.87e-09	52.4
PMCHABCH_01683	MER0011438	22.927	205	126	7	252	435	1	194	9.18e-09	52.8
PMCHABCH_01683	MER0019754	25.668	187	122	6	271	442	3	187	2.08e-08	51.2
PMCHABCH_01683	MER0002968	21.845	206	145	6	247	439	2	204	1.55e-07	49.3
PMCHABCH_01683	MER0005046	25.263	190	124	8	263	438	1	186	1.55e-07	48.9
PMCHABCH_01683	MER0011345	18.018	222	155	5	250	455	11	221	3.00e-07	48.5
PMCHABCH_01683	MER0011175	20.976	205	127	7	252	433	1	193	3.48e-07	48.1
PMCHABCH_01683	MER0011440	28.689	122	73	5	332	441	81	200	4.20e-07	47.8
PMCHABCH_01683	MER0002658	22.464	138	91	2	335	457	1	137	5.17e-07	46.6
PMCHABCH_01683	MER0005328	21.719	221	123	6	252	444	2	200	6.54e-07	47.0
PMCHABCH_01683	MER0036308	38.298	47	29	0	332	378	82	128	9.24e-07	47.0
PMCHABCH_01683	MER0001009	19.375	160	117	3	332	480	20	178	1.45e-06	46.2
PMCHABCH_01683	MER0002060	21.608	199	126	8	249	427	4	192	2.40e-06	45.4
PMCHABCH_01683	MER0011369	22.326	215	146	8	241	439	5	214	3.82e-06	45.1
PMCHABCH_01683	MER0011720	21.229	179	126	4	255	427	10	179	4.24e-06	44.7
PMCHABCH_01683	MER0002281	21.525	223	141	7	255	457	16	224	6.84e-06	44.3
PMCHABCH_01683	MER0001701	21.778	225	146	9	269	470	7	224	8.02e-06	43.9
PMCHABCH_01748	MER0001243	39.200	250	150	2	2	249	3	252	1.41e-60	189
PMCHABCH_01748	MER0005690	36.327	245	155	1	2	246	3	246	6.75e-52	167
PMCHABCH_01748	MER0001342	35.918	245	157	0	2	246	3	247	6.49e-51	165
PMCHABCH_01748	MER0013929	34.322	236	154	1	2	237	3	237	1.26e-47	156
PMCHABCH_01748	MER0015127	33.878	245	161	1	2	246	3	246	7.49e-46	151
PMCHABCH_01748	MER0013450	33.878	245	160	2	4	246	3	247	2.81e-45	150
PMCHABCH_01748	MER0015128	31.646	237	156	3	13	246	14	247	5.11e-42	141
PMCHABCH_01748	MER0013589	31.687	243	165	1	4	246	1	242	8.64e-42	140
PMCHABCH_01748	MER0004931	28.571	203	129	6	4	202	5	195	3.49e-18	78.2
PMCHABCH_01748	MER0010972	23.904	251	161	4	2	246	3	229	1.96e-17	76.3
PMCHABCH_01748	MER0003880	28.780	205	131	4	11	211	4	197	1.98e-17	77.4
PMCHABCH_01748	MER0011746	26.442	208	134	7	13	207	14	215	4.22e-13	65.1
PMCHABCH_01748	MER0005462	26.364	220	147	8	1	216	2	210	9.81e-13	63.2
PMCHABCH_01748	MER0004532	24.775	222	141	6	4	216	5	209	4.41e-12	61.2
PMCHABCH_01748	MER0024896	27.523	109	79	0	4	112	5	113	5.26e-12	62.4
PMCHABCH_01748	MER0024896	24.427	131	92	2	122	246	337	466	1.05e-09	55.5
PMCHABCH_01748	MER0002038	27.389	157	105	5	77	230	74	224	6.98e-12	60.5
PMCHABCH_01748	MER0001244	25.000	224	135	8	1	202	2	214	3.57e-09	53.1
PMCHABCH_01748	MER0005715	22.439	205	145	7	3	202	4	199	2.40e-07	47.4
PMCHABCH_01781	MER0001299	34.141	495	303	8	51	534	35	517	4.00e-79	257
PMCHABCH_01781	MER0011114	29.977	437	229	9	87	512	2	372	4.89e-49	171
PMCHABCH_01781	MER0321345	42.222	180	102	1	328	505	1	180	6.46e-39	138
PMCHABCH_01781	MER0321345	27.957	186	126	5	84	267	1	180	3.83e-14	68.2
PMCHABCH_01781	MER0003812	42.222	180	102	1	328	505	1	180	1.05e-38	137
PMCHABCH_01781	MER0003812	27.957	186	126	5	84	267	1	180	1.04e-13	67.0
PMCHABCH_01781	MER0013957	31.492	181	116	4	337	513	10	186	1.75e-20	86.7
PMCHABCH_01781	MER0013957	25.150	167	118	4	102	267	18	178	1.54e-09	54.7
PMCHABCH_01781	MER0044046	29.944	177	123	1	334	510	7	182	2.41e-18	80.1
PMCHABCH_01781	MER0001300	31.579	171	106	5	340	505	9	173	3.83e-17	76.6
PMCHABCH_01781	MER0001303	20.994	181	136	3	328	505	1	177	6.65e-06	43.9
PMCHABCH_01834	MER0047723	45.781	474	255	2	9	480	2	475	3.52e-155	447
PMCHABCH_01834	MER0001283	43.361	482	272	1	6	486	3	484	1.53e-147	427
PMCHABCH_01834	MER0369336	22.857	280	176	9	66	336	8	256	6.55e-10	57.0
PMCHABCH_01834	MER0028941	28.488	172	99	5	14	173	2	161	2.41e-09	55.8
PMCHABCH_01835	MER0001244	40.755	265	138	6	177	427	2	261	3.26e-57	186
PMCHABCH_01835	MER0013463	35.741	263	154	4	176	427	1	259	1.98e-46	158
PMCHABCH_01835	MER0028601	31.716	268	161	9	178	427	3	266	1.14e-38	137
PMCHABCH_01835	MER0001733	28.832	274	154	3	178	410	3	276	7.43e-38	136
PMCHABCH_01835	MER0004931	34.034	238	131	5	177	410	2	217	1.80e-33	122
PMCHABCH_01835	MER0005462	34.310	239	131	7	176	410	1	217	1.88e-33	122
PMCHABCH_01835	MER0004532	31.646	237	135	6	177	409	2	215	4.00e-30	113
PMCHABCH_01835	MER0001248	31.890	254	119	8	222	427	5	252	2.00e-29	112
PMCHABCH_01835	MER0005715	30.213	235	138	6	177	405	2	216	5.47e-23	94.0
PMCHABCH_01835	MER0001250	27.797	295	151	10	178	421	3	286	4.01e-18	81.3
PMCHABCH_01835	MER0002038	23.237	241	156	6	176	410	1	218	6.64e-15	70.9
PMCHABCH_01835	MER0027437	28.342	187	86	10	233	402	67	222	3.48e-08	51.2
PMCHABCH_01856	MER1143079	31.270	307	165	10	78	370	7	281	1.11e-34	127
PMCHABCH_01856	MER0026262	27.052	329	208	15	68	372	2	322	6.29e-23	95.9
PMCHABCH_01856	MER0000457	24.233	326	230	8	69	386	8	324	1.11e-21	92.0
PMCHABCH_01856	MER0017069	26.263	297	192	7	94	375	23	307	3.93e-21	90.5
PMCHABCH_01856	MER0003802	26.937	271	172	8	70	333	4	255	1.61e-20	88.2
PMCHABCH_01856	MER0000459	24.214	318	224	7	75	379	16	329	4.27e-20	87.8
PMCHABCH_01856	MER0002489	26.103	272	175	9	101	356	42	303	2.05e-19	85.5
PMCHABCH_01856	MER0140154	22.121	330	215	9	86	375	7	334	2.06e-17	79.7
PMCHABCH_01856	MER0005925	24.784	347	201	15	69	378	4	327	1.04e-16	77.8
PMCHABCH_01856	MER0006204	23.794	311	192	9	64	333	2	308	2.26e-14	70.9
PMCHABCH_01856	MER0005964	22.581	310	195	10	103	378	39	337	5.29e-14	69.7
PMCHABCH_01856	MER0122661	23.967	242	151	9	87	311	20	245	1.03e-12	65.5
PMCHABCH_01856	MER0028284	22.333	300	170	10	115	380	49	319	1.83e-12	64.7
PMCHABCH_01856	MER0004154	22.531	324	211	12	69	366	3	312	2.49e-12	64.3
PMCHABCH_01856	MER0011700	21.321	333	215	9	101	392	36	362	2.94e-12	64.3
PMCHABCH_01856	MER0000463	25.455	165	103	6	111	271	45	193	3.25e-09	54.7
PMCHABCH_01856	MER0219770	27.333	150	97	5	111	254	44	187	5.05e-09	53.9
PMCHABCH_01856	MER0005923	35.000	80	45	1	101	173	43	122	2.20e-08	52.4
PMCHABCH_01856	MER0354941	26.786	168	106	5	97	252	33	195	9.48e-08	48.9
PMCHABCH_01856	MER0004090	24.876	201	120	7	77	252	14	208	2.69e-07	48.9
PMCHABCH_01856	MER0192873	28.758	153	87	5	118	252	1	149	7.21e-06	43.9
PMCHABCH_01867	MER0018473	28.873	142	94	3	570	708	109	246	1.08e-06	50.8
PMCHABCH_01926	MER0000472	23.741	417	242	17	38	385	12	421	4.74e-12	63.9
PMCHABCH_01926	MER0026276	30.872	149	91	5	255	391	296	444	5.89e-10	57.8
PMCHABCH_01926	MER0000471	38.235	102	53	5	303	396	338	437	2.44e-09	55.8
PMCHABCH_01926	MER0053015	25.806	186	116	6	223	395	187	363	5.12e-08	51.2
PMCHABCH_01955	MER0000576	37.607	117	67	1	18	134	1	111	1.14e-27	96.3
PMCHABCH_01955	MER0000569	41.284	109	58	2	27	134	9	112	5.93e-17	68.9
PMCHABCH_01955	MER0006172	35.897	78	45	1	44	121	6	78	2.58e-11	53.1
