LAAFLNMA_00007	MER0060647	37.293	362	205	8	11	361	1	351	4.76e-68	215
LAAFLNMA_00007	MER0078640	37.363	364	197	10	11	360	1	347	1.59e-67	213
LAAFLNMA_00007	MER0044812	40.909	242	127	3	138	366	1	239	1.28e-58	187
LAAFLNMA_00007	MER0043540	41.584	202	108	5	165	362	27	222	1.04e-50	166
LAAFLNMA_00007	MER0045945	40.097	207	113	5	161	364	15	213	3.89e-45	151
LAAFLNMA_00007	MER0046161	40.359	223	108	6	161	366	33	247	1.76e-42	146
LAAFLNMA_00007	MER0115185	48.276	145	73	1	215	359	1	143	4.61e-42	141
LAAFLNMA_00007	MER0436691	29.455	275	155	3	92	361	1	241	6.52e-40	139
LAAFLNMA_00007	MER0044882	28.767	146	90	6	212	346	14	156	1.40e-09	53.9
LAAFLNMA_00007	MER0043394	26.241	141	94	4	212	346	12	148	1.84e-08	50.4
LAAFLNMA_00007	MER0045886	24.859	177	108	6	182	345	14	178	2.39e-07	48.1
LAAFLNMA_00007	MER0436735	26.201	229	120	11	181	366	3	225	3.79e-07	47.8
LAAFLNMA_00007	MER0043537	32.877	73	48	1	192	264	14	85	8.10e-07	45.8
LAAFLNMA_00055	MER0002036	31.395	86	53	3	3	85	65	147	1.36e-08	47.0
LAAFLNMA_00055	MER0002884	36.538	52	32	1	36	87	89	139	9.81e-07	42.0
LAAFLNMA_00055	MER0042832	40.000	50	29	1	35	84	88	136	4.43e-06	40.0
LAAFLNMA_00057	MER0056047	30.667	75	52	0	158	232	2	76	8.74e-09	48.5
LAAFLNMA_00183	MER0066178	21.818	165	92	4	50	214	14	141	5.03e-06	43.5
LAAFLNMA_00224	MER0019759	34.211	152	93	3	352	498	82	231	4.57e-15	71.6
LAAFLNMA_00224	MER0005328	32.386	176	98	5	311	468	26	198	8.50e-14	67.4
LAAFLNMA_00224	MER0011345	29.469	207	118	6	312	493	38	241	1.58e-13	67.4
LAAFLNMA_00224	MER0002755	32.468	154	88	5	330	470	50	200	4.38e-13	65.5
LAAFLNMA_00224	MER0036308	28.302	159	102	3	330	479	58	213	7.51e-13	65.5
LAAFLNMA_00224	MER0001017	28.834	163	97	5	330	477	60	218	3.80e-12	63.5
LAAFLNMA_00224	MER0002003	29.771	131	87	2	352	477	87	217	6.91e-12	62.4
LAAFLNMA_00224	MER0002746	27.315	216	138	7	302	498	17	232	7.04e-12	62.4
LAAFLNMA_00224	MER0001013	32.500	160	93	7	330	477	61	217	1.80e-11	61.2
LAAFLNMA_00224	MER0011423	27.891	147	94	3	339	477	72	214	1.14e-10	58.5
LAAFLNMA_00224	MER0091680	27.907	172	109	5	330	490	46	213	3.58e-10	57.0
LAAFLNMA_00224	MER0001009	27.513	189	120	5	341	519	10	191	3.81e-10	57.0
LAAFLNMA_00224	MER0052595	27.206	136	89	2	352	479	89	222	6.46e-10	56.2
LAAFLNMA_00224	MER0011440	29.412	136	86	3	349	477	78	210	6.78e-10	56.2
LAAFLNMA_00224	MER0001003	28.022	182	107	5	316	476	6	184	7.83e-10	55.5
LAAFLNMA_00224	MER0002968	25.389	193	122	8	305	477	25	215	8.07e-10	56.2
LAAFLNMA_00224	MER0002355	31.667	120	79	2	352	470	84	201	6.50e-09	53.5
LAAFLNMA_00224	MER0002281	28.409	176	88	6	314	470	55	211	8.82e-09	53.1
LAAFLNMA_00224	MER0012283	28.824	170	87	5	330	478	60	216	1.95e-08	52.0
LAAFLNMA_00224	MER0000997	29.104	134	80	4	349	471	82	211	3.76e-08	51.2
LAAFLNMA_00224	MER0004243	28.767	146	83	5	343	471	69	210	5.77e-08	50.4
LAAFLNMA_00224	MER0002078	24.242	165	117	2	340	498	70	232	7.92e-08	50.4
LAAFLNMA_00224	MER0001010	26.797	153	103	3	343	489	53	202	1.82e-07	48.9
LAAFLNMA_00224	MER0019754	25.564	133	91	2	352	477	64	195	2.20e-07	48.5
LAAFLNMA_00224	MER0028449	25.683	183	114	7	317	477	39	221	2.76e-07	48.5
LAAFLNMA_00224	MER0006264	25.316	158	106	3	330	477	27	182	3.08e-07	47.8
LAAFLNMA_00224	MER0011438	25.568	176	112	7	305	461	19	194	4.96e-07	47.8
LAAFLNMA_00224	MER0001012	23.697	211	138	7	288	477	8	216	7.63e-07	47.0
LAAFLNMA_00224	MER0011371	26.984	126	70	3	352	464	82	198	1.03e-06	46.6
LAAFLNMA_00224	MER0002060	25.131	191	125	6	305	477	25	215	1.42e-06	46.2
LAAFLNMA_00224	MER0168177	29.323	133	86	3	350	480	40	166	1.68e-06	45.4
LAAFLNMA_00224	MER0002422	21.481	135	106	0	344	478	73	207	3.00e-06	45.1
LAAFLNMA_00224	MER0011400	28.472	144	91	3	348	483	78	217	3.78e-06	45.4
LAAFLNMA_00224	MER0011369	22.963	135	100	2	347	477	91	225	3.96e-06	45.1
LAAFLNMA_00224	MER0011370	25.000	140	91	3	347	477	76	210	4.47e-06	44.7
LAAFLNMA_00224	MER0019096	23.267	202	132	7	310	499	8	198	8.00e-06	43.9
