FIMOFJCL_00014	MER0002031	30.464	151	88	3	3	152	7	141	1.34e-18	80.1
FIMOFJCL_00014	MER0002036	30.667	150	85	5	6	149	10	146	3.03e-15	70.5
FIMOFJCL_00014	MER0014664	27.559	127	84	3	3	126	4	125	1.15e-12	62.8
FIMOFJCL_00014	MER0014665	28.800	125	74	5	9	126	6	122	3.90e-06	43.9
FIMOFJCL_00041	MER0002959	38.028	213	131	1	863	1074	75	287	2.25e-46	165
FIMOFJCL_00041	MER0011097	34.158	202	127	4	876	1075	83	280	4.45e-27	109
FIMOFJCL_00041	MER0011097	30.769	91	61	1	680	768	2	92	1.46e-08	54.3
FIMOFJCL_00058	MER0001421	54.408	397	178	3	16	411	1	395	8.91e-153	435
FIMOFJCL_00058	MER0028941	27.384	409	251	11	6	410	1	367	9.14e-27	107
FIMOFJCL_00058	MER0369336	30.249	281	189	6	133	410	39	315	7.04e-25	100
FIMOFJCL_00068	MER0017123	40.339	295	159	7	3	283	3	294	7.09e-70	215
FIMOFJCL_00068	MER0036053	27.076	277	159	11	25	276	3	261	4.19e-13	64.7
FIMOFJCL_00068	MER0044633	34.545	110	62	5	16	115	54	163	7.50e-12	61.6
FIMOFJCL_00068	MER0036075	25.926	270	161	10	23	266	60	316	7.50e-10	55.8
FIMOFJCL_00068	MER0036054	23.723	274	163	10	31	276	17	272	1.26e-09	54.7
FIMOFJCL_00068	MER0017177	30.075	133	84	4	9	138	12	138	4.26e-09	53.5
FIMOFJCL_00068	MER0044581	28.972	107	69	3	5	105	47	152	1.20e-08	52.0
FIMOFJCL_00068	MER0213829	25.926	135	79	4	6	119	11	145	2.98e-08	50.8
FIMOFJCL_00068	MER0044578	32.099	81	49	2	31	105	74	154	6.20e-08	50.1
FIMOFJCL_00068	MER0011785	27.869	122	81	3	15	131	21	140	1.54e-07	48.5
FIMOFJCL_00068	MER0017193	35.185	54	34	1	20	72	15	68	6.68e-07	46.6
FIMOFJCL_00068	MER0036065	47.619	42	22	0	31	72	3	44	1.36e-06	45.4
FIMOFJCL_00068	MER0000436	31.481	108	62	4	12	109	2	107	3.86e-06	44.3
FIMOFJCL_00119	MER0069741	47.115	104	54	1	336	439	61	163	8.89e-27	102
FIMOFJCL_00119	MER0013541	48.235	85	44	0	345	429	1	85	3.84e-21	84.3
FIMOFJCL_00119	MER0003380	40.351	114	68	0	326	439	119	232	4.91e-21	88.6
FIMOFJCL_00119	MER0387040	42.000	100	57	1	345	443	1	100	1.64e-20	83.2
FIMOFJCL_00119	MER0003376	39.474	114	54	3	345	443	45	158	1.75e-18	79.3
FIMOFJCL_00119	MER0066182	42.718	103	52	3	345	443	92	191	8.15e-18	78.6
FIMOFJCL_00119	MER0015415	39.216	102	55	2	345	439	64	165	4.52e-16	72.8
FIMOFJCL_00119	MER0003423	37.615	109	54	4	345	443	32	136	7.37e-16	71.2
FIMOFJCL_00119	MER0001419	36.522	115	65	4	336	443	23	136	5.71e-15	68.9
FIMOFJCL_00119	MER0003906	33.028	109	59	4	345	443	1	105	2.13e-10	54.7
FIMOFJCL_00119	MER0388771	35.398	113	60	5	344	443	1	113	5.15e-08	48.1
FIMOFJCL_00119	MER0025070	35.398	113	60	5	344	443	5	117	5.62e-08	48.1
FIMOFJCL_00119	MER0001282	35.294	85	42	3	357	433	97	176	1.45e-06	45.4
FIMOFJCL_00119	MER0005300	28.571	98	70	0	346	443	66	163	3.22e-06	43.9
FIMOFJCL_00145	MER0001283	44.421	484	269	0	3	486	1	484	8.22e-150	433
FIMOFJCL_00145	MER0047723	45.000	480	253	3	7	480	1	475	4.38e-148	429
FIMOFJCL_00145	MER0028941	26.699	206	120	6	12	205	1	187	9.35e-09	53.9
FIMOFJCL_00145	MER0369336	25.243	206	118	7	65	262	8	185	4.55e-07	48.5
FIMOFJCL_00162	MER0001164	30.319	188	97	8	740	903	300	477	5.00e-06	47.4
