AKJFEKAA_00016	MER0017193	45.683	278	143	5	2	275	2	275	7.48e-80	239
AKJFEKAA_00016	MER0026339	34.717	265	168	3	7	268	5	267	4.24e-53	171
AKJFEKAA_00016	MER0004146	25.746	268	173	8	14	269	8	261	4.46e-13	64.3
AKJFEKAA_00016	MER0017177	30.657	137	87	4	12	146	22	152	1.72e-11	60.5
AKJFEKAA_00016	MER0031614	25.287	261	163	9	25	275	84	322	4.35e-10	56.2
AKJFEKAA_00016	MER0036084	24.017	229	151	10	17	236	11	225	1.03e-09	54.7
AKJFEKAA_00016	MER0000436	31.132	106	68	2	24	124	23	128	1.93e-07	48.1
AKJFEKAA_00016	MER0014065	35.366	82	49	3	22	100	31	111	2.20e-07	48.1
AKJFEKAA_00016	MER0033249	34.615	78	49	1	25	100	35	112	2.36e-07	47.4
AKJFEKAA_00016	MER0033259	38.806	67	40	1	210	276	195	260	2.46e-07	47.8
AKJFEKAA_00016	MER0035973	22.581	217	148	7	25	238	57	256	9.33e-07	45.8
AKJFEKAA_00016	MER0033263	28.788	132	81	5	14	136	19	146	1.49e-06	44.7
AKJFEKAA_00016	MER0036038	21.127	284	176	10	1	277	10	252	3.19e-06	44.3
AKJFEKAA_00046	MER0036027	22.553	235	160	6	36	263	6	225	4.24e-08	50.1
AKJFEKAA_00046	MER0031570	22.267	247	171	6	36	276	6	237	4.33e-08	50.1
AKJFEKAA_00046	MER0036044	22.491	289	187	8	4	276	19	286	4.39e-08	50.4
AKJFEKAA_00046	MER0033242	31.068	103	68	3	47	146	26	128	2.89e-07	47.8
AKJFEKAA_00046	MER0033237	32.609	92	59	3	55	143	34	125	8.78e-07	46.6
AKJFEKAA_00078	MER0036084	23.973	146	106	2	4	145	9	153	2.90e-09	54.3
AKJFEKAA_00078	MER0014065	25.000	140	96	2	1	131	20	159	4.17e-09	54.3
AKJFEKAA_00078	MER0000437	24.373	279	168	10	8	249	21	293	1.84e-08	52.0
AKJFEKAA_00078	MER0043008	22.603	146	108	2	4	145	11	155	6.97e-08	50.1
AKJFEKAA_00078	MER0026339	21.552	232	164	5	5	220	14	243	1.19e-07	49.3
AKJFEKAA_00078	MER0210990	38.889	72	42	1	42	111	58	129	7.52e-07	47.4
AKJFEKAA_00078	MER0033259	20.492	244	152	9	1	227	18	236	4.00e-06	44.7
AKJFEKAA_00170	MER0044622	42.632	190	101	5	3	186	28	215	3.25e-48	154
AKJFEKAA_00170	MER0043394	44.172	163	86	3	26	185	2	162	7.64e-45	143
AKJFEKAA_00170	MER0045094	37.234	188	112	4	3	186	14	199	2.63e-42	139
AKJFEKAA_00170	MER0044882	39.412	170	96	5	23	185	1	170	5.48e-37	124
AKJFEKAA_00170	MER0043392	40.580	138	78	3	46	183	23	156	2.38e-31	108
AKJFEKAA_00170	MER0044619	32.990	194	116	8	1	186	8	195	1.94e-22	87.4
AKJFEKAA_00170	MER0043195	30.151	199	121	5	4	184	8	206	4.74e-21	84.3
AKJFEKAA_00170	MER0043537	26.455	189	123	7	3	184	2	181	1.97e-15	67.8
AKJFEKAA_00170	MER0045095	31.905	210	118	7	1	185	15	224	4.01e-15	68.6
AKJFEKAA_00170	MER0044812	26.506	166	107	6	15	175	68	223	2.58e-12	60.5
AKJFEKAA_00170	MER0045945	32.704	159	86	8	25	175	54	199	1.15e-11	58.2
AKJFEKAA_00170	MER0043387	33.108	148	89	6	41	185	25	165	1.26e-11	57.4
AKJFEKAA_00170	MER0044889	30.973	113	73	3	74	185	91	199	6.45e-09	50.8
AKJFEKAA_00170	MER0042974	28.205	117	75	3	73	185	69	180	7.37e-09	50.1
AKJFEKAA_00170	MER0045886	24.339	189	126	5	3	184	14	192	4.56e-08	48.1
AKJFEKAA_00170	MER0038086	27.350	117	78	3	74	185	109	223	7.43e-06	42.0
AKJFEKAA_00170	MER0043540	26.531	147	74	7	44	176	85	211	9.31e-06	41.6
