OBAHECAF_00094	MER0056525	53.390	236	107	2	406	640	1	234	1.83e-83	260
OBAHECAF_00094	MER0011748	50.638	235	113	2	406	639	1	233	7.48e-76	241
OBAHECAF_00094	MER0005496	45.635	252	133	2	406	654	1	251	3.72e-74	236
OBAHECAF_00094	MER0015609	48.085	235	117	2	406	639	1	231	1.56e-73	235
OBAHECAF_00094	MER0015195	45.703	256	132	4	406	656	1	254	1.12e-69	225
OBAHECAF_00094	MER0023544	44.783	230	126	1	406	635	1	229	1.27e-69	224
OBAHECAF_00094	MER0011224	42.460	252	141	2	406	654	1	251	3.34e-69	223
OBAHECAF_00094	MER0015194	44.400	250	130	3	407	650	2	248	2.75e-66	216
OBAHECAF_00094	MER0002605	42.500	240	134	2	406	644	1	237	3.80e-66	215
OBAHECAF_00094	MER0002600	42.917	240	134	2	406	644	1	238	2.43e-65	213
OBAHECAF_00094	MER0171760	41.667	264	147	3	371	631	1	260	2.17e-64	210
OBAHECAF_00094	MER0024898	42.241	232	131	3	406	635	1	231	1.68e-58	195
OBAHECAF_00094	MER0014306	37.302	252	154	2	406	654	1	251	1.06e-56	190
OBAHECAF_00094	MER0004454	40.517	232	135	3	406	635	1	231	1.03e-55	187
OBAHECAF_00094	MER0002602	39.773	264	141	4	407	652	2	265	5.11e-54	183
OBAHECAF_00094	MER0015199	41.126	231	131	2	406	631	1	231	3.77e-53	181
OBAHECAF_00094	MER0005466	39.224	232	135	3	407	632	2	233	3.77e-53	179
OBAHECAF_00094	MER0001620	39.149	235	136	3	406	633	1	235	4.15e-48	167
OBAHECAF_00094	MER0002563	35.897	234	140	4	407	630	2	235	3.81e-46	160
OBAHECAF_00094	MER0002408	38.136	236	137	5	406	634	1	234	5.81e-46	160
OBAHECAF_00094	MER0017637	37.021	235	136	5	407	630	2	235	1.36e-43	154
OBAHECAF_00094	MER0011745	35.776	232	140	5	406	630	1	230	2.81e-43	153
OBAHECAF_00094	MER0015197	37.209	215	130	3	418	629	13	225	2.95e-42	150
OBAHECAF_00094	MER0015193	36.910	233	137	5	406	630	1	231	3.55e-42	149
OBAHECAF_00094	MER0015137	35.193	233	140	6	406	630	1	230	4.48e-42	150
OBAHECAF_00094	MER0002608	38.865	229	136	3	407	631	2	230	2.51e-39	142
OBAHECAF_00094	MER0005755	36.797	231	133	4	407	633	2	223	6.34e-38	137
OBAHECAF_00094	MER0190705	34.783	230	139	3	407	634	1	221	1.72e-36	133
OBAHECAF_00094	MER0014324	35.088	228	134	4	406	630	1	217	1.96e-36	134
OBAHECAF_00094	MER0190577	33.333	231	140	4	406	633	1	220	2.64e-36	133
OBAHECAF_00094	MER0002197	33.871	248	150	4	406	650	1	237	8.55e-36	132
OBAHECAF_00094	MER0015690	35.321	218	129	6	406	611	1	218	6.59e-34	127
OBAHECAF_00094	MER0024900	32.589	224	140	4	407	627	2	217	5.91e-32	121
OBAHECAF_00094	MER0011120	35.780	218	128	6	406	611	1	218	2.06e-31	120
OBAHECAF_00094	MER0001246	31.868	182	112	3	417	595	1	173	6.21e-23	93.2
OBAHECAF_00094	MER0015204	25.714	280	177	7	407	655	2	281	1.42e-19	86.7
OBAHECAF_00135	MER0044357	29.185	233	127	10	7	208	26	251	2.56e-14	70.1
OBAHECAF_00135	MER0044357	26.786	112	77	2	215	325	337	444	3.77e-08	51.2
OBAHECAF_00145	MER0014333	35.270	241	155	1	53	292	1	241	1.62e-54	186
OBAHECAF_00145	MER0001233	37.755	196	122	0	53	248	1	196	1.56e-48	169
OBAHECAF_00145	MER0002008	32.536	209	123	4	53	253	1	199	1.34e-24	100
OBAHECAF_00145	MER0003448	27.778	216	140	5	53	264	1	204	5.22e-17	78.2
OBAHECAF_00145	MER0003543	29.775	178	108	5	54	231	2	162	6.28e-14	69.3
OBAHECAF_00145	MER0195774	30.481	187	117	7	54	237	1	177	9.97e-13	64.3
OBAHECAF_00145	MER0015090	33.058	121	74	2	72	192	18	131	1.89e-12	64.7
OBAHECAF_00145	MER0026957	26.702	191	131	4	80	269	22	204	5.39e-11	60.5
OBAHECAF_00145	MER0188967	24.719	356	219	15	91	416	3	339	1.58e-09	58.2
OBAHECAF_00145	MER0390687	27.545	167	106	5	72	234	11	166	1.96e-09	54.7
OBAHECAF_00145	MER0001220	26.633	199	125	6	76	263	5	193	3.25e-09	54.7
OBAHECAF_00145	MER0001222	27.168	173	104	6	76	238	47	207	6.51e-09	53.9
OBAHECAF_00145	MER0169735	27.136	199	118	7	53	238	15	199	1.28e-08	53.1
OBAHECAF_00145	MER0142407	28.814	177	102	7	91	252	4	171	1.67e-08	54.3
OBAHECAF_00145	MER0001229	28.682	129	84	3	53	181	1	121	2.52e-08	52.4
OBAHECAF_00145	MER0043985	28.682	129	84	3	53	181	1	121	3.48e-08	52.4
OBAHECAF_00145	MER0011292	28.571	168	97	5	78	234	71	226	3.70e-08	52.0
OBAHECAF_00145	MER0003909	25.597	293	169	13	91	356	6	276	5.46e-08	53.1
OBAHECAF_00145	MER0003386	26.601	203	129	8	46	238	18	210	6.18e-08	51.2
OBAHECAF_00145	MER0002283	25.743	202	122	9	53	240	25	212	3.64e-07	48.9
OBAHECAF_00145	MER0001218	26.512	215	134	9	36	238	8	210	3.95e-07	48.9
OBAHECAF_00145	MER0004423	25.263	190	99	9	91	262	33	197	9.52e-07	47.8
OBAHECAF_00145	MER0122186	27.737	137	90	5	46	181	14	142	1.77e-06	46.6
OBAHECAF_00145	MER0025036	25.654	191	113	6	91	261	6	187	3.43e-06	47.4
OBAHECAF_00145	MER0011744	28.440	109	74	2	37	145	9	113	3.54e-06	45.8
OBAHECAF_00145	MER0003823	40.845	71	37	3	76	145	47	113	4.49e-06	45.4
OBAHECAF_00150	MER0039993	40.456	702	399	9	22	710	1	696	1.10e-173	511
OBAHECAF_00150	MER0014366	37.679	698	415	7	21	710	27	712	1.55e-158	473
OBAHECAF_00150	MER0217397	37.608	694	399	12	36	710	1	679	1.53e-152	456
OBAHECAF_00150	MER0501051	38.132	257	154	4	21	275	3	256	3.52e-53	186
OBAHECAF_00150	MER0501051	44.595	148	80	2	563	709	253	399	3.57e-32	126
OBAHECAF_00159	MER0000474	53.125	192	90	0	28	219	15	206	5.38e-77	228
OBAHECAF_00159	MER0005687	55.233	172	77	0	46	217	37	208	8.04e-68	204
OBAHECAF_00159	MER0002211	50.265	189	94	0	29	217	16	204	2.97e-65	197
OBAHECAF_00159	MER0004857	54.651	172	77	1	46	217	34	204	1.56e-64	196
OBAHECAF_00159	MER0006046	47.619	189	99	0	28	216	15	203	4.36e-63	192
OBAHECAF_00159	MER0002299	48.108	185	96	0	31	215	12	196	9.91e-62	188
OBAHECAF_00159	MER0006063	47.802	182	95	0	35	216	23	204	4.06e-60	184
OBAHECAF_00159	MER0004855	47.222	180	95	0	37	216	26	205	1.21e-58	181
OBAHECAF_00159	MER0004847	49.474	190	95	1	31	219	18	207	8.31e-58	179
OBAHECAF_00159	MER0006056	48.795	166	84	1	54	219	46	210	1.12e-52	166
OBAHECAF_00159	MER0004182	41.398	186	109	0	31	216	14	199	9.76e-49	155
OBAHECAF_00159	MER0006308	39.444	180	108	1	40	218	17	196	6.43e-48	153
OBAHECAF_00159	MER0011666	41.420	169	97	1	50	216	17	185	8.16e-43	140
OBAHECAF_00159	MER0001369	41.250	80	45	1	72	151	53	130	2.14e-07	45.4
OBAHECAF_00220	MER0065554	48.249	257	120	3	289	535	9	262	6.96e-80	248
OBAHECAF_00220	MER0437468	36.752	351	205	6	197	533	1	348	5.48e-72	231
OBAHECAF_00220	MER0436717	36.250	400	186	9	197	533	1	394	6.79e-62	206
OBAHECAF_00228	MER0195376	34.694	196	111	5	241	432	1	183	7.48e-25	98.2
OBAHECAF_00228	MER0003413	27.604	192	100	7	240	415	2	170	3.08e-07	47.4
OBAHECAF_00283	MER0001297	47.742	155	79	2	213	367	3	155	5.10e-42	145
OBAHECAF_00283	MER0003514	48.052	154	78	2	214	367	4	155	3.85e-37	132
OBAHECAF_00283	MER0001425	42.038	157	87	1	214	366	4	160	8.14e-35	126
OBAHECAF_00283	MER0003413	40.645	155	89	2	214	367	4	156	7.71e-34	123
OBAHECAF_00283	MER0015684	37.576	165	103	0	213	377	3	167	1.31e-33	122
OBAHECAF_00283	MER0004196	41.509	159	89	3	211	367	1	157	2.20e-32	119
OBAHECAF_00283	MER0005714	37.500	160	93	1	215	367	5	164	3.34e-32	119
OBAHECAF_00283	MER0003065	38.961	154	92	1	214	367	4	155	1.11e-30	114
OBAHECAF_00283	MER0004195	34.395	157	98	2	213	367	3	156	8.66e-24	95.1
OBAHECAF_00283	MER0001295	31.548	168	102	3	212	367	2	168	4.79e-18	79.3
OBAHECAF_00323	MER0001299	36.364	451	266	8	80	517	50	492	4.46e-73	241
OBAHECAF_00323	MER0321345	41.398	186	95	4	336	513	1	180	3.05e-38	136
OBAHECAF_00323	MER0321345	25.967	181	129	4	89	267	1	178	1.22e-10	57.8
OBAHECAF_00323	MER0003812	41.398	186	95	4	336	513	1	180	7.10e-38	135
OBAHECAF_00323	MER0003812	26.282	156	111	3	89	242	1	154	4.13e-10	56.6
OBAHECAF_00323	MER0011114	41.848	184	106	1	331	513	182	365	7.95e-36	135
OBAHECAF_00323	MER0013957	34.409	186	122	0	336	521	1	186	4.12e-26	102
OBAHECAF_00323	MER0013957	24.800	125	91	2	144	268	56	177	3.17e-06	45.1
OBAHECAF_00323	MER0001300	31.176	170	108	3	348	513	9	173	4.02e-18	79.7
OBAHECAF_00323	MER0044046	33.516	182	114	4	336	514	1	178	3.93e-17	76.6
OBAHECAF_00323	MER0044046	26.271	118	78	4	130	243	41	153	6.76e-07	47.0
OBAHECAF_00323	MER0001303	23.977	171	129	1	336	506	1	170	7.66e-09	52.8
OBAHECAF_00330	MER0002635	37.324	284	161	4	143	410	2	284	4.76e-48	162
OBAHECAF_00330	MER0173063	39.080	261	145	7	153	405	9	263	7.76e-46	156
OBAHECAF_00330	MER0002646	34.409	279	143	5	171	410	30	307	2.00e-42	148
OBAHECAF_00330	MER0120615	33.460	263	169	4	144	406	1	257	9.92e-40	140
OBAHECAF_00330	MER0049282	35.769	260	157	6	157	412	21	274	4.51e-37	133
OBAHECAF_00330	MER0003824	33.333	279	166	8	142	413	1	266	2.54e-36	130
OBAHECAF_00330	MER0003772	28.159	277	183	3	147	412	2	273	2.24e-29	112
OBAHECAF_00330	MER0011469	26.441	295	184	8	141	411	4	289	2.24e-24	99.0
OBAHECAF_00330	MER0011470	26.515	264	168	6	170	411	24	283	1.70e-22	93.6
OBAHECAF_00330	MER0142760	33.548	155	100	3	252	405	308	460	1.76e-20	90.1
OBAHECAF_00330	MER0006292	27.500	200	117	9	212	410	1	173	7.18e-14	66.6
OBAHECAF_00362	MER0002746	33.182	220	124	6	266	470	19	230	8.85e-30	115
OBAHECAF_00362	MER0002968	33.679	193	122	4	265	451	23	215	6.39e-27	106
OBAHECAF_00362	MER0005046	36.735	196	104	7	269	451	10	198	7.38e-26	102
OBAHECAF_00362	MER0011440	30.698	215	116	3	267	461	19	220	1.24e-25	102
OBAHECAF_00362	MER0005045	36.269	193	109	6	269	451	10	198	2.20e-24	98.6
OBAHECAF_00362	MER0019759	30.222	225	123	7	266	470	19	229	2.23e-24	99.4
OBAHECAF_00362	MER0011183	28.972	214	141	5	266	470	11	222	4.92e-24	98.2
OBAHECAF_00362	MER0001003	35.602	191	90	5	274	444	1	178	1.11e-23	95.9
OBAHECAF_00362	MER0000997	32.984	191	114	5	265	443	21	209	1.46e-23	96.7
OBAHECAF_00362	MER0011438	32.821	195	96	6	267	440	19	199	1.03e-22	94.0
OBAHECAF_00362	MER0001010	28.436	211	126	5	269	463	1	202	2.23e-22	93.2
OBAHECAF_00362	MER0011369	29.744	195	116	5	268	448	35	222	5.14e-22	92.4
OBAHECAF_00362	MER0002003	30.732	205	118	6	267	455	25	221	1.27e-21	91.3
OBAHECAF_00362	MER0004243	29.949	197	112	5	265	443	20	208	1.30e-21	91.3
OBAHECAF_00362	MER0005331	33.163	196	97	6	268	443	21	202	1.78e-21	90.5
OBAHECAF_00362	MER0001009	29.412	170	110	3	326	488	20	186	1.82e-21	90.5
OBAHECAF_00362	MER0002060	30.151	199	129	5	265	455	23	219	3.60e-21	89.7
OBAHECAF_00362	MER0091680	32.057	209	125	7	269	466	13	215	7.03e-21	89.0
OBAHECAF_00362	MER0001185	30.000	190	122	4	265	446	24	210	1.07e-20	88.6
OBAHECAF_00362	MER0001012	26.027	219	129	4	245	443	3	208	1.33e-20	88.2
OBAHECAF_00362	MER0002078	26.244	221	140	4	265	470	18	230	5.54e-20	86.7
OBAHECAF_00362	MER0028449	31.633	196	115	5	271	451	30	221	1.36e-19	85.5
OBAHECAF_00362	MER0006264	30.508	177	113	4	276	444	1	175	2.16e-19	83.6
OBAHECAF_00362	MER0001005	32.948	173	94	7	287	444	5	170	3.88e-19	82.8
OBAHECAF_00362	MER0168983	30.128	156	89	4	280	431	3	142	2.02e-17	77.4
OBAHECAF_00362	MER0002422	33.140	172	108	5	277	443	29	198	2.34e-17	78.6
OBAHECAF_00362	MER0011370	27.461	193	113	5	268	443	20	202	4.64e-17	77.8
OBAHECAF_00362	MER0011423	29.744	195	127	3	267	451	20	214	2.90e-16	75.5
OBAHECAF_00362	MER0011371	27.749	191	125	3	266	446	19	206	3.14e-16	75.1
OBAHECAF_00362	MER0002355	27.411	197	136	3	268	461	26	218	1.02e-15	73.9
OBAHECAF_00362	MER0001701	26.368	201	128	3	265	451	6	200	2.05e-15	73.2
OBAHECAF_00362	MER0168177	33.333	150	90	5	294	441	8	149	2.57e-15	71.2
OBAHECAF_00362	MER0052595	25.728	206	124	5	265	451	25	220	2.67e-15	72.8
OBAHECAF_00362	MER0016308	30.939	181	106	4	276	444	3	176	4.91e-15	71.2
OBAHECAF_00362	MER0002210	29.630	162	92	4	292	438	2	156	5.08e-14	67.4
OBAHECAF_00362	MER0011175	28.723	188	121	4	267	444	19	203	5.26e-14	68.9
OBAHECAF_00362	MER0011720	27.551	196	127	6	268	459	26	210	4.94e-13	65.9
OBAHECAF_00362	MER0001017	30.726	179	102	5	280	445	43	212	8.46e-13	65.9
OBAHECAF_00362	MER0019096	30.519	154	84	6	327	473	61	198	1.28e-12	64.3
OBAHECAF_00362	MER0036308	29.557	203	125	6	249	443	11	203	1.84e-12	64.7
OBAHECAF_00362	MER0011345	25.500	200	133	5	262	452	26	218	2.50e-12	64.7
OBAHECAF_00362	MER0011399	27.442	215	131	8	252	453	8	210	2.84e-12	63.9
OBAHECAF_00362	MER0019754	24.631	203	124	5	268	451	3	195	3.58e-12	63.2
OBAHECAF_00362	MER0003916	27.461	193	114	7	267	445	8	188	1.73e-11	61.2
OBAHECAF_00362	MER0171631	26.570	207	118	6	265	451	17	209	7.03e-11	59.7
OBAHECAF_00362	MER0011400	26.754	228	129	6	273	488	26	227	7.24e-11	60.1
OBAHECAF_00362	MER0003500	27.684	177	108	5	275	439	17	185	7.82e-11	59.3
OBAHECAF_00362	MER0026830	33.333	108	70	1	264	369	19	126	8.27e-11	58.9
OBAHECAF_00362	MER0116688	26.633	199	119	6	276	457	29	217	1.07e-10	59.7
OBAHECAF_00362	MER0040779	26.891	119	78	1	326	444	81	190	1.33e-10	58.5
OBAHECAF_00362	MER0012283	27.041	196	115	7	262	443	26	207	1.53e-10	58.9
OBAHECAF_00362	MER0001013	27.500	200	128	5	249	441	14	203	4.59e-10	57.8
OBAHECAF_00362	MER0011401	27.907	172	89	6	293	441	38	197	4.68e-10	57.0
OBAHECAF_00362	MER0002281	30.409	171	97	6	273	431	37	197	8.37e-10	57.0
OBAHECAF_00362	MER0005328	28.492	179	106	6	282	450	34	200	8.79e-10	56.2
OBAHECAF_00362	MER0015166	27.128	188	96	7	280	439	45	219	9.43e-10	56.6
OBAHECAF_00362	MER0002658	27.044	159	98	5	329	471	1	157	2.86e-09	53.5
OBAHECAF_00362	MER0001001	22.826	184	127	4	269	442	22	200	7.36e-09	53.5
OBAHECAF_00362	MER0002755	26.131	199	121	7	255	441	9	193	1.39e-08	52.8
OBAHECAF_00362	MER0001525	24.561	228	141	9	243	458	4	212	8.42e-07	47.8
OBAHECAF_00362	MER0005037	24.725	182	108	5	269	433	10	179	5.36e-06	44.7
OBAHECAF_00362	MER0012271	23.980	196	127	8	256	441	21	204	5.63e-06	45.4
OBAHECAF_00375	MER0003380	35.849	106	66	2	77	180	126	231	3.41e-17	73.9
OBAHECAF_00375	MER0013541	42.353	85	47	2	89	171	1	85	3.10e-15	65.1
OBAHECAF_00375	MER0069741	34.783	138	82	4	45	180	31	162	3.18e-15	67.4
OBAHECAF_00375	MER0066182	34.426	122	73	4	71	188	76	194	3.88e-12	59.3
OBAHECAF_00375	MER0387040	36.893	103	62	2	89	188	1	103	6.03e-12	57.0
OBAHECAF_00375	MER0003376	37.069	116	58	5	62	169	26	134	1.79e-09	51.6
OBAHECAF_00375	MER0001419	34.343	99	61	3	75	169	18	116	1.39e-07	45.8
OBAHECAF_00375	MER0015415	29.545	132	78	7	62	184	43	168	2.27e-07	45.8
OBAHECAF_00375	MER0003423	34.343	99	61	3	75	169	18	116	7.70e-07	43.9
OBAHECAF_00375	MER0003906	31.765	85	54	3	89	169	1	85	1.93e-06	42.0
OBAHECAF_00404	MER0004469	29.379	177	98	6	13	170	12	180	3.09e-14	70.9
OBAHECAF_00404	MER0004469	23.077	195	125	5	233	402	158	352	1.39e-07	50.1
OBAHECAF_00404	MER0004468	27.753	227	149	6	219	437	198	417	3.27e-14	70.9
OBAHECAF_00404	MER0004468	39.062	64	37	1	12	75	8	69	3.64e-06	45.8
OBAHECAF_00404	MER0897124	31.507	219	121	8	234	437	213	417	6.27e-13	67.0
OBAHECAF_00404	MER0897124	39.062	64	37	1	12	75	8	69	3.71e-06	45.8
OBAHECAF_00404	MER0897124	27.660	94	66	1	81	174	147	238	6.61e-06	45.1
OBAHECAF_00404	MER0004480	34.234	111	67	3	12	122	1	105	1.83e-10	58.9
OBAHECAF_00404	MER0004474	30.252	119	72	4	15	133	89	196	1.39e-08	53.1
OBAHECAF_00404	MER0004474	29.530	149	80	5	263	406	199	327	2.02e-07	49.7
OBAHECAF_00404	MER0004471	39.744	78	44	2	331	406	257	333	4.75e-07	48.5
OBAHECAF_00404	MER0004471	30.894	123	70	5	10	130	90	199	1.25e-06	47.0
OBAHECAF_00416	MER0069741	48.276	116	58	2	183	298	50	163	1.77e-28	105
OBAHECAF_00416	MER0003380	43.590	117	62	3	184	298	118	232	3.47e-25	98.6
OBAHECAF_00416	MER0013541	50.575	87	42	1	203	289	1	86	8.55e-24	90.5
OBAHECAF_00416	MER0015415	39.604	101	51	1	188	288	59	149	3.33e-18	77.8
OBAHECAF_00416	MER0003423	38.318	107	65	1	182	287	11	117	1.66e-14	66.6
OBAHECAF_00416	MER0001419	37.383	107	66	1	182	287	11	117	1.01e-13	64.7
OBAHECAF_00416	MER0066182	34.921	126	78	3	179	303	70	192	2.22e-13	65.1
OBAHECAF_00416	MER0003376	34.409	93	55	1	203	289	45	137	6.10e-13	63.2
OBAHECAF_00416	MER0387040	38.235	102	61	2	203	303	1	101	7.73e-13	60.8
OBAHECAF_00416	MER0003906	34.066	91	59	1	203	292	1	91	1.30e-12	60.5
OBAHECAF_00416	MER0005300	34.375	96	62	1	205	300	67	161	7.64e-10	53.9
OBAHECAF_00416	MER0025070	33.654	104	55	5	199	291	2	102	3.02e-07	45.4
OBAHECAF_00416	MER0388771	35.000	100	51	5	203	291	2	98	7.01e-07	44.3
OBAHECAF_00468	MER0002489	32.967	273	164	7	53	306	37	309	1.46e-38	139
OBAHECAF_00468	MER0026262	28.000	350	217	10	25	344	2	346	4.70e-32	122
OBAHECAF_00468	MER0000459	27.692	325	204	10	31	334	17	331	2.49e-30	117
OBAHECAF_00468	MER1143079	29.066	289	181	9	26	309	2	271	1.48e-28	110
OBAHECAF_00468	MER0005964	26.578	301	179	7	58	323	40	333	5.42e-24	99.4
OBAHECAF_00468	MER0011700	28.626	262	161	8	42	278	20	280	1.57e-22	95.5
OBAHECAF_00468	MER0003802	28.467	274	169	8	24	288	5	260	3.57e-21	90.5
OBAHECAF_00468	MER0017069	25.552	317	194	11	42	335	14	311	2.51e-20	88.6
OBAHECAF_00468	MER0000457	24.172	302	188	10	20	296	2	287	1.29e-15	74.3
OBAHECAF_00468	MER0006204	25.758	198	130	6	25	206	6	202	1.48e-13	68.6
OBAHECAF_00468	MER0004154	24.597	248	166	8	39	276	18	254	2.75e-13	67.4
OBAHECAF_00468	MER0004090	25.862	290	160	12	45	283	30	315	3.16e-12	64.7
OBAHECAF_00468	MER0354941	24.044	183	118	5	43	206	15	195	2.44e-10	56.6
OBAHECAF_00468	MER0005836	26.178	191	126	6	42	222	29	214	6.57e-10	56.2
OBAHECAF_00468	MER0015683	26.744	172	110	6	47	209	47	211	8.35e-10	56.2
OBAHECAF_00468	MER0192873	26.697	221	136	8	75	275	1	215	9.89e-10	55.5
OBAHECAF_00468	MER0005925	25.161	155	98	5	42	182	21	171	1.08e-09	56.6
OBAHECAF_00468	MER0219770	23.039	204	144	6	56	252	32	229	1.08e-09	56.2
OBAHECAF_00468	MER0356183	25.112	223	144	7	50	252	8	227	2.37e-09	54.3
OBAHECAF_00468	MER0140154	22.222	270	171	8	42	273	5	273	2.98e-09	55.1
OBAHECAF_00468	MER0028284	24.277	173	116	5	42	206	18	183	5.15e-09	54.3
OBAHECAF_00468	MER0000463	22.222	153	114	1	56	208	33	180	3.07e-08	52.0
OBAHECAF_00468	MER0034963	23.718	156	111	3	34	187	17	166	1.17e-07	50.4
OBAHECAF_00468	MER0122661	21.711	304	182	9	29	292	5	292	1.17e-07	50.1
OBAHECAF_00468	MER0005923	27.660	94	62	1	44	131	29	122	2.11e-06	46.6
OBAHECAF_00468	MER0039166	23.348	227	134	7	39	241	22	232	6.11e-06	45.1
OBAHECAF_00503	MER0011781	27.368	285	141	14	38	320	17	237	5.69e-14	68.9
OBAHECAF_00503	MER0011806	23.860	285	153	10	37	320	16	237	3.62e-09	54.7
OBAHECAF_00503	MER0004101	24.296	284	151	11	38	320	17	237	8.16e-09	53.5
OBAHECAF_00543	MER0003336	61.069	131	50	1	179	308	1	131	7.10e-54	170
OBAHECAF_00543	MER0017622	31.858	226	132	7	44	249	25	248	7.91e-24	95.5
OBAHECAF_00543	MER0011465	35.971	139	76	2	179	310	1	133	9.05e-22	86.7
OBAHECAF_00543	MER0003338	44.706	85	46	1	179	262	1	85	2.44e-14	66.2
OBAHECAF_00543	MER0003299	39.831	118	65	2	179	296	1	112	6.23e-14	65.1
OBAHECAF_00543	MER0003303	35.652	115	63	3	179	292	1	105	4.42e-12	59.7
OBAHECAF_00543	MER0034967	25.405	185	109	7	79	238	3	183	6.83e-12	60.8
OBAHECAF_00543	MER0013976	33.913	115	65	3	179	292	1	105	1.78e-10	55.1
OBAHECAF_00582	MER0001357	40.506	79	40	3	6	78	12	89	4.66e-10	51.2
OBAHECAF_00684	MER0001423	64.224	232	83	0	488	719	1	232	1.99e-110	331
OBAHECAF_00684	MER0000399	43.775	249	132	5	476	719	10	255	9.50e-63	207
OBAHECAF_00684	MER0000401	42.735	234	129	3	489	719	26	257	5.68e-59	197
OBAHECAF_00684	MER0005196	39.565	230	138	1	489	718	22	250	2.61e-58	195
OBAHECAF_00684	MER0058228	38.819	237	142	3	489	723	7	242	2.35e-54	184
OBAHECAF_00684	MER0000405	39.583	240	136	6	485	718	28	264	2.81e-52	179
OBAHECAF_00684	MER0004504	40.426	235	128	6	492	715	2	235	7.30e-52	177
OBAHECAF_00684	MER0005987	39.207	227	130	5	496	718	35	257	1.96e-49	171
OBAHECAF_00684	MER0011413	37.727	220	133	2	487	702	2	221	7.47e-49	169
OBAHECAF_00684	MER0011305	39.574	235	135	5	473	702	4	236	1.03e-48	169
OBAHECAF_00684	MER0013484	39.908	218	127	2	489	702	4	221	3.08e-48	167
OBAHECAF_00684	MER0000404	38.367	245	143	5	464	702	1	243	5.31e-48	167
OBAHECAF_00684	MER0004923	39.910	223	130	2	484	702	50	272	9.20e-48	167
OBAHECAF_00684	MER0011231	40.851	235	130	6	492	721	29	259	2.73e-47	165
OBAHECAF_00684	MER0004921	33.617	235	145	5	487	715	2	231	1.79e-42	151
OBAHECAF_00684	MER0005994	31.418	261	172	5	464	719	2	260	6.40e-38	139
OBAHECAF_00684	MER0192427	34.361	227	142	3	479	702	56	278	7.35e-38	139
OBAHECAF_00684	MER0004193	34.043	235	148	5	489	720	3	233	4.67e-37	135
OBAHECAF_00684	MER0004199	34.272	213	126	6	496	702	1	205	1.87e-35	130
OBAHECAF_00684	MER0000403	28.807	243	164	4	485	721	21	260	3.07e-34	128
OBAHECAF_00684	MER0195666	33.010	206	122	6	489	684	1	200	1.42e-30	117
OBAHECAF_00684	MER0003361	31.343	201	122	6	490	684	20	210	7.85e-30	115
OBAHECAF_00684	MER0005988	33.636	110	72	1	594	702	2	111	2.89e-17	75.1
OBAHECAF_00684	MER0017401	27.876	226	147	7	484	701	2	219	4.46e-17	78.2
OBAHECAF_00684	MER0003558	23.767	223	154	3	502	717	39	252	2.21e-16	76.6
OBAHECAF_00684	MER0034615	26.724	232	155	5	482	702	3	230	2.25e-15	73.6
OBAHECAF_00684	MER0018170	22.018	218	152	3	497	701	20	232	6.78e-12	63.2
OBAHECAF_00684	MER0005807	24.878	205	143	4	502	702	62	259	1.42e-11	62.4
OBAHECAF_00684	MER0006027	23.556	225	145	6	495	702	24	238	2.97e-09	55.5
OBAHECAF_00684	MER0140224	25.000	212	140	5	503	701	13	218	5.95e-09	54.3
OBAHECAF_00684	MER0016096	21.961	255	166	8	485	718	2	244	8.36e-09	53.9
OBAHECAF_00684	MER0000408	21.186	236	164	5	482	702	5	233	8.73e-09	53.9
OBAHECAF_00684	MER0030932	28.571	147	86	4	567	700	84	224	9.79e-09	53.5
OBAHECAF_00684	MER0000263	23.707	232	155	8	485	702	2	225	3.75e-07	48.9
OBAHECAF_00684	MER0004925	25.893	224	122	8	472	670	3	207	6.42e-07	48.1
OBAHECAF_00684	MER0126485	26.866	134	88	4	543	668	52	183	1.58e-06	47.0
OBAHECAF_00684	MER0022823	25.946	185	125	6	529	701	65	249	7.71e-06	45.1
OBAHECAF_00697	MER0001161	37.865	684	407	8	25	696	1	678	2.40e-159	473
OBAHECAF_00697	MER0001158	35.810	673	420	6	31	696	10	677	1.94e-139	421
OBAHECAF_00697	MER0006087	33.621	696	416	18	34	697	18	699	4.40e-125	385
OBAHECAF_00697	MER0015119	31.786	711	431	17	34	697	14	717	2.14e-118	368
OBAHECAF_00697	MER0001149	31.954	604	383	11	104	696	90	676	2.89e-92	298
OBAHECAF_00697	MER0001942	30.233	688	433	16	32	696	13	676	8.90e-89	289
OBAHECAF_00697	MER0108144	29.878	656	429	12	59	696	20	662	1.04e-87	285
OBAHECAF_00697	MER0003110	28.825	732	430	20	28	697	14	716	8.46e-84	276
OBAHECAF_00697	MER0001153	29.598	696	443	15	30	696	15	692	2.16e-82	272
OBAHECAF_00697	MER0079465	29.464	560	361	14	155	696	91	634	1.35e-66	228
OBAHECAF_00697	MER0015170	24.655	653	440	18	52	691	12	625	8.61e-57	201
OBAHECAF_00697	MER0001156	26.400	625	405	18	86	669	70	680	8.66e-51	185
OBAHECAF_00697	MER0059435	22.492	329	198	10	353	637	341	656	1.76e-09	57.8
OBAHECAF_00697	MER0021317	31.818	66	45	0	460	525	22	87	1.11e-08	49.7
OBAHECAF_00718	MER0003242	51.827	301	141	2	110	410	2	298	2.32e-109	321
OBAHECAF_00718	MER0013876	30.272	294	181	8	30	316	1	277	4.02e-34	127
OBAHECAF_00718	MER0003855	29.110	292	183	7	30	310	1	279	1.58e-33	126
OBAHECAF_00718	MER0004416	29.655	290	165	9	42	312	11	280	5.75e-26	103
OBAHECAF_00741	MER0281397	23.645	203	130	3	138	320	4	201	1.43e-14	68.9
OBAHECAF_00741	MER0004090	25.641	117	87	0	179	295	117	233	1.47e-07	49.7
OBAHECAF_00741	MER1143079	29.008	131	82	4	138	268	48	167	6.63e-07	47.4
OBAHECAF_00741	MER0028284	26.531	147	88	4	128	266	45	179	5.48e-06	44.7
OBAHECAF_00796	MER0003380	34.764	233	142	5	153	383	14	238	4.43e-41	143
OBAHECAF_00796	MER0069741	44.720	161	85	3	225	382	9	168	1.44e-34	124
OBAHECAF_00796	MER0013541	52.941	85	40	0	283	367	1	85	1.18e-21	85.9
OBAHECAF_00796	MER0066182	38.571	140	67	3	263	401	74	195	8.48e-21	87.0
OBAHECAF_00796	MER0387040	40.336	119	54	2	283	400	1	103	2.64e-18	77.0
OBAHECAF_00796	MER0003376	40.299	134	55	5	259	376	29	153	4.45e-18	78.2
OBAHECAF_00796	MER0003423	38.835	103	61	2	282	382	31	133	1.04e-17	76.6
OBAHECAF_00796	MER0003906	39.560	91	53	2	283	371	1	91	1.14e-14	66.6
OBAHECAF_00796	MER0001419	36.275	102	63	2	283	382	32	133	9.90e-14	65.1
OBAHECAF_00796	MER0005300	39.130	92	56	0	285	376	67	158	2.09e-10	56.2
OBAHECAF_00796	MER0015415	33.654	104	63	2	265	367	51	149	1.54e-09	53.9
OBAHECAF_00796	MER0025070	36.634	101	52	5	283	372	6	105	9.62e-09	50.4
OBAHECAF_00796	MER0388771	36.634	101	52	5	283	372	2	101	1.06e-08	50.1
OBAHECAF_00800	MER0001243	38.400	250	152	2	2	249	3	252	1.75e-62	194
OBAHECAF_00800	MER0001342	37.551	245	153	0	2	246	3	247	2.30e-55	176
OBAHECAF_00800	MER0005690	36.709	237	149	1	10	246	11	246	9.01e-53	169
OBAHECAF_00800	MER0015127	36.820	239	150	1	8	246	9	246	1.34e-51	166
OBAHECAF_00800	MER0015128	34.043	235	153	2	13	246	14	247	1.60e-49	160
OBAHECAF_00800	MER0013450	33.603	247	162	2	2	246	1	247	7.46e-48	156
OBAHECAF_00800	MER0013589	34.156	243	159	1	4	246	1	242	3.91e-46	152
OBAHECAF_00800	MER0013929	33.333	237	157	1	2	238	3	238	1.24e-44	148
OBAHECAF_00800	MER0003880	29.000	200	127	5	32	227	25	213	6.37e-18	78.6
OBAHECAF_00800	MER0010972	22.594	239	167	2	8	246	9	229	1.64e-17	76.6
OBAHECAF_00800	MER0004931	27.094	203	132	6	4	202	5	195	1.44e-16	73.6
OBAHECAF_00800	MER0011746	27.570	214	136	7	13	213	14	221	2.46e-14	68.6
OBAHECAF_00800	MER0024896	30.147	136	94	1	4	139	5	139	5.06e-14	68.2
OBAHECAF_00800	MER0024896	25.342	146	97	3	122	256	337	481	1.82e-10	57.8
OBAHECAF_00800	MER0005462	22.705	207	150	3	1	206	2	199	1.70e-11	59.3
OBAHECAF_00800	MER0002038	23.913	230	162	6	4	230	5	224	1.77e-11	59.3
OBAHECAF_00800	MER0004532	25.490	204	133	5	4	202	5	194	7.08e-11	57.8
OBAHECAF_00800	MER0001728	29.808	208	127	7	13	207	14	215	2.82e-10	56.6
OBAHECAF_00800	MER0001244	25.503	149	101	4	1	146	2	143	8.67e-10	54.7
OBAHECAF_00846	MER0014188	38.462	91	50	3	125	214	1	86	2.02e-11	56.6
OBAHECAF_00846	MER0002443	37.805	82	48	3	135	214	11	91	9.00e-10	52.0
OBAHECAF_00846	MER0001322	31.068	103	62	2	125	224	1	97	3.39e-09	50.4
OBAHECAF_00846	MER0003808	28.889	90	61	2	125	214	1	87	3.17e-08	47.8
OBAHECAF_00846	MER0003986	34.409	93	57	4	125	214	1	92	3.61e-08	47.8
OBAHECAF_00846	MER0376722	28.889	90	61	2	125	214	1	87	6.01e-08	46.6
OBAHECAF_00846	MER0377450	31.111	90	59	2	125	214	1	87	2.41e-07	44.7
OBAHECAF_00846	MER0003805	30.000	90	60	2	125	214	1	87	2.56e-07	45.1
OBAHECAF_00846	MER0024252	32.203	118	66	5	137	246	14	125	1.63e-06	43.1
OBAHECAF_00846	MER0004035	32.941	85	54	3	131	214	4	86	1.84e-06	42.7
OBAHECAF_00903	MER0001283	44.215	484	270	0	3	486	1	484	2.33e-154	445
OBAHECAF_00903	MER0047723	47.071	478	246	3	7	480	1	475	1.55e-153	442
OBAHECAF_00903	MER0028941	30.128	156	85	5	13	156	2	145	3.08e-09	55.5
OBAHECAF_00903	MER0369336	31.858	113	63	3	64	172	7	109	1.18e-08	53.1
OBAHECAF_00904	MER0003802	31.761	318	165	15	31	341	16	288	1.64e-29	112
OBAHECAF_00904	MER1143079	27.414	321	185	11	26	341	6	283	4.49e-29	110
OBAHECAF_00904	MER0002489	27.719	285	181	8	50	326	42	309	1.65e-25	102
OBAHECAF_00904	MER0026262	25.588	340	222	11	18	343	3	325	1.03e-24	100
OBAHECAF_00904	MER0017069	28.247	308	198	10	43	347	23	310	3.18e-24	98.6
OBAHECAF_00904	MER0140154	25.806	341	208	11	35	343	6	333	4.87e-23	95.5
OBAHECAF_00904	MER0011700	25.439	342	209	10	35	344	21	348	3.74e-19	84.7
OBAHECAF_00904	MER0006204	26.368	201	126	6	16	198	5	201	2.62e-17	79.3
OBAHECAF_00904	MER0219770	26.948	308	175	14	29	314	12	291	7.22e-17	77.4
OBAHECAF_00904	MER0028284	26.144	306	191	10	49	344	34	314	8.72e-16	74.3
OBAHECAF_00904	MER0000457	24.667	300	188	9	12	301	2	273	9.77e-16	74.3
OBAHECAF_00904	MER0000459	23.512	336	231	8	18	346	11	327	2.18e-15	73.2
OBAHECAF_00904	MER0122661	30.675	163	96	6	60	216	46	197	2.32e-15	73.2
OBAHECAF_00904	MER0005964	29.139	151	102	4	50	199	40	186	6.51e-15	72.0
OBAHECAF_00904	MER0004154	20.923	325	220	8	49	359	34	335	4.20e-14	69.3
OBAHECAF_00904	MER0005925	27.624	181	106	6	35	198	22	194	7.83e-14	68.6
OBAHECAF_00904	MER0004090	23.138	376	227	14	15	346	8	365	3.53e-13	67.0
OBAHECAF_00904	MER0000463	28.387	155	97	5	49	199	34	178	1.78e-12	64.7
OBAHECAF_00904	MER0005836	29.787	188	98	9	31	199	28	200	3.76e-11	59.7
OBAHECAF_00904	MER0354941	27.000	200	120	9	21	199	1	195	4.92e-09	52.8
OBAHECAF_00904	MER0005923	32.323	99	60	1	35	126	28	126	3.36e-08	51.6
OBAHECAF_00904	MER0034963	28.058	139	92	3	16	149	5	140	5.26e-08	50.8
OBAHECAF_00904	MER0003800	23.784	370	226	19	18	346	18	372	2.60e-07	48.9
OBAHECAF_00904	MER0017074	29.286	140	89	4	18	152	7	141	2.83e-06	45.4
OBAHECAF_00940	MER0005244	35.165	182	118	0	276	457	3	184	1.31e-32	120
OBAHECAF_00940	MER0005241	31.019	216	124	6	274	470	1	210	2.05e-20	87.0
OBAHECAF_00940	MER0001284	36.054	147	78	3	278	415	36	175	2.17e-18	81.6
OBAHECAF_00940	MER0004514	33.058	121	66	2	278	390	36	149	8.81e-14	68.2
OBAHECAF_00940	MER0005238	38.614	101	56	3	277	373	66	164	9.59e-12	62.4
OBAHECAF_00940	MER0002104	36.782	87	50	2	277	360	66	150	4.64e-11	60.5
OBAHECAF_00940	MER0005239	31.897	116	72	3	275	385	66	179	1.06e-10	59.3
OBAHECAF_00940	MER0015691	32.787	122	75	4	278	395	53	171	2.61e-09	54.7
OBAHECAF_00940	MER0100667	36.449	107	52	4	274	370	20	120	3.18e-09	53.9
OBAHECAF_00940	MER0005149	39.286	84	45	3	278	357	65	146	3.05e-08	52.0
OBAHECAF_00940	MER0001911	33.333	102	65	2	275	375	38	137	4.07e-08	50.8
OBAHECAF_00940	MER0037181	25.472	212	135	6	277	468	65	273	5.75e-08	50.8
OBAHECAF_00940	MER0005139	34.884	86	50	2	278	359	63	146	7.64e-08	50.4
OBAHECAF_00940	MER0005131	25.664	113	73	2	275	376	35	147	9.61e-08	50.1
OBAHECAF_00940	MER0002161	32.941	85	56	1	270	354	58	141	2.76e-07	48.9
OBAHECAF_00940	MER0015336	33.333	87	53	2	278	361	62	146	3.38e-07	48.5
OBAHECAF_00940	MER0001288	30.357	112	74	3	255	366	1	108	3.47e-07	48.1
OBAHECAF_00940	MER0005152	30.488	82	52	2	278	356	60	139	3.64e-07	48.5
OBAHECAF_00940	MER0001289	35.165	91	54	3	268	356	52	139	5.79e-07	47.8
OBAHECAF_00940	MER0002105	28.409	88	57	2	273	356	53	138	8.02e-07	47.4
OBAHECAF_00966	MER0000485	48.319	238	122	1	578	814	1	238	1.18e-70	229
OBAHECAF_00966	MER0000495	43.089	246	131	2	578	814	1	246	1.86e-58	197
OBAHECAF_00966	MER0003443	47.549	204	100	3	608	804	18	221	3.14e-54	184
OBAHECAF_00966	MER0014970	36.918	279	131	2	578	811	1	279	8.14e-54	185
OBAHECAF_00966	MER0011056	50.000	196	90	4	621	811	29	221	1.16e-53	182
OBAHECAF_00966	MER0000488	41.485	229	134	0	578	806	1	229	2.60e-53	182
OBAHECAF_00966	MER0003442	50.000	186	89	2	629	811	37	221	9.77e-53	180
OBAHECAF_00966	MER0011057	47.596	208	101	4	607	811	19	221	4.05e-51	175
OBAHECAF_00966	MER0004236	37.879	264	121	5	579	807	2	257	3.26e-46	163
OBAHECAF_00966	MER0005837	38.211	246	131	4	579	807	2	243	1.49e-43	155
OBAHECAF_00966	MER0000496	44.792	192	99	3	610	795	87	277	1.38e-42	154
OBAHECAF_00966	MER0108906	40.426	235	133	2	578	810	1	230	9.95e-42	149
OBAHECAF_00966	MER0026213	32.680	153	92	2	666	814	113	258	7.43e-21	90.1
OBAHECAF_00966	MER0017402	35.417	192	110	6	636	822	28	210	6.75e-20	86.3
OBAHECAF_00966	MER0003859	32.308	130	82	2	656	785	77	200	2.27e-14	70.5
OBAHECAF_00966	MER0003359	32.121	165	91	6	636	786	45	202	8.47e-13	65.9
OBAHECAF_00966	MER0000491	29.730	111	75	2	674	784	5	112	7.96e-08	50.4
OBAHECAF_00971	MER0013623	52.866	157	70	2	105	261	1	153	6.09e-52	169
OBAHECAF_00971	MER0000268	54.140	157	69	2	105	261	1	154	1.78e-51	168
OBAHECAF_00971	MER0003850	50.282	177	84	3	105	280	3	176	1.94e-50	166
OBAHECAF_00971	MER0000266	52.532	158	72	2	105	261	1	156	1.30e-48	161
OBAHECAF_00971	MER0001372	52.532	158	72	2	105	261	1	156	2.26e-47	157
OBAHECAF_00971	MER0004111	48.408	157	79	1	105	261	1	155	2.85e-47	157
OBAHECAF_00971	MER0004149	48.503	167	72	4	105	261	1	163	2.70e-42	144
OBAHECAF_00971	MER0005468	45.283	159	84	3	105	261	1	158	6.07e-40	138
OBAHECAF_00971	MER0002577	46.250	160	76	3	105	261	1	153	1.11e-37	132
OBAHECAF_00971	MER0004673	34.420	276	149	6	105	359	2	266	1.22e-37	135
OBAHECAF_00971	MER0003290	45.912	159	81	3	105	261	1	156	1.40e-37	132
OBAHECAF_00971	MER0028330	45.283	159	79	3	105	261	1	153	1.31e-36	129
OBAHECAF_00971	MER0001945	44.025	159	87	2	105	261	1	159	7.56e-36	127
OBAHECAF_00971	MER0016351	43.038	158	84	2	105	261	1	153	1.06e-35	126
OBAHECAF_00971	MER0001373	46.626	163	76	3	105	261	1	158	1.61e-35	126
OBAHECAF_00971	MER0010944	41.279	172	85	3	105	261	1	171	1.82e-34	124
OBAHECAF_00971	MER0022668	41.860	172	84	6	105	261	1	171	2.81e-33	120
OBAHECAF_00971	MER0016031	45.509	167	80	5	105	261	1	166	2.84e-33	120
OBAHECAF_00971	MER0014795	42.683	164	82	3	105	261	1	159	4.67e-33	119
OBAHECAF_00971	MER0003293	44.371	151	81	2	105	255	1	148	1.08e-31	115
OBAHECAF_00971	MER0004093	42.405	158	85	2	105	261	1	153	1.34e-30	113
OBAHECAF_00971	MER0004086	41.060	151	84	3	115	261	13	162	2.06e-28	107
OBAHECAF_00971	MER0011375	40.123	162	84	5	105	261	1	154	4.52e-28	106
OBAHECAF_00971	MER0006096	40.299	134	76	2	129	261	1	131	5.66e-26	99.8
OBAHECAF_00971	MER0015583	42.282	149	77	3	105	244	1	149	7.16e-26	100
OBAHECAF_00971	MER0005093	35.802	162	92	2	105	254	1	162	1.89e-24	96.7
OBAHECAF_00971	MER0063616	32.317	164	92	5	108	261	5	159	6.45e-15	69.3
OBAHECAF_00971	MER0005094	32.117	137	81	6	113	242	8	139	8.37e-11	57.4
OBAHECAF_00971	MER0004696	28.873	142	93	5	105	242	1	138	3.69e-07	46.2
OBAHECAF_00971	MER0005089	31.343	134	83	6	105	233	1	130	5.03e-07	46.2
OBAHECAF_00971	MER0014317	30.303	132	84	5	116	242	10	138	8.36e-07	45.8
OBAHECAF_00971	MER0005090	31.061	132	86	5	105	233	1	130	1.19e-06	45.1
OBAHECAF_00971	MER0014318	33.588	131	78	6	105	230	1	127	3.16e-06	43.9
OBAHECAF_00978	MER0035036	29.932	147	94	4	59	200	86	228	1.62e-07	48.1
OBAHECAF_00978	MER0015473	28.272	191	117	6	52	231	29	210	7.93e-06	42.7
OBAHECAF_00986	MER0034615	61.538	247	94	1	389	635	1	246	4.01e-115	341
OBAHECAF_00986	MER0000263	36.842	247	146	5	393	635	1	241	5.43e-51	173
OBAHECAF_00986	MER0016096	35.918	245	148	4	396	635	4	244	2.73e-47	164
OBAHECAF_00986	MER0011583	30.894	246	156	7	397	637	11	247	2.54e-26	105
OBAHECAF_00986	MER0000408	24.797	246	169	5	398	631	11	252	5.36e-22	92.8
OBAHECAF_00986	MER0017401	27.650	217	148	4	402	617	10	218	1.59e-21	90.9
OBAHECAF_00986	MER0005196	25.692	253	161	7	380	622	3	238	3.30e-17	78.6
OBAHECAF_00986	MER0001423	27.615	239	145	7	397	623	1	223	1.20e-15	73.6
OBAHECAF_00986	MER0058228	26.549	226	148	6	398	617	7	220	1.91e-15	73.2
OBAHECAF_00986	MER0003558	26.639	244	159	6	383	617	7	239	1.49e-14	70.9
OBAHECAF_00986	MER0140224	24.887	221	151	4	413	626	14	226	2.24e-14	70.1
OBAHECAF_00986	MER0001920	24.537	216	159	2	413	626	21	234	3.53e-14	69.7
OBAHECAF_00986	MER0000401	26.991	226	146	4	398	617	26	238	1.71e-13	67.8
OBAHECAF_00986	MER0195666	25.514	243	168	7	398	634	1	236	2.51e-13	67.0
OBAHECAF_00986	MER0005807	26.582	237	155	8	386	619	39	259	2.69e-13	67.4
OBAHECAF_00986	MER0004921	26.667	225	152	7	398	619	4	218	2.84e-13	66.6
OBAHECAF_00986	MER0011413	28.696	230	140	7	398	617	4	219	1.36e-12	64.7
OBAHECAF_00986	MER0000403	22.957	257	175	9	368	618	1	240	3.65e-12	63.9
OBAHECAF_00986	MER0005987	25.403	248	171	5	375	617	3	241	4.88e-12	63.5
OBAHECAF_00986	MER0000399	24.681	235	166	4	386	617	11	237	5.49e-12	63.5
OBAHECAF_00986	MER0004923	27.953	254	156	13	395	636	51	289	6.59e-12	63.5
OBAHECAF_00986	MER0013484	25.726	241	165	7	401	636	7	238	8.62e-11	59.3
OBAHECAF_00986	MER0015682	24.893	233	155	5	399	624	73	292	1.39e-10	59.7
OBAHECAF_00986	MER0018170	22.566	226	166	4	406	626	20	241	3.67e-10	57.8
OBAHECAF_00986	MER0005994	22.222	261	182	7	386	638	15	262	9.14e-10	56.6
OBAHECAF_00986	MER0022823	26.396	197	130	5	411	601	42	229	5.57e-09	54.7
OBAHECAF_00986	MER0030932	25.726	241	147	6	409	642	29	244	7.00e-09	53.9
OBAHECAF_00986	MER0006027	25.455	220	155	6	404	619	24	238	8.38e-09	53.9
OBAHECAF_00986	MER0003361	30.841	107	68	4	399	503	20	122	3.16e-08	52.0
OBAHECAF_00986	MER0000404	24.615	260	174	10	390	640	18	264	6.47e-08	51.2
OBAHECAF_00986	MER0192427	28.873	142	92	4	387	524	55	191	1.07e-07	50.4
OBAHECAF_00986	MER0000405	31.933	119	74	5	391	503	23	140	1.18e-07	50.4
OBAHECAF_00986	MER0011305	24.153	236	170	5	386	619	8	236	1.22e-07	50.1
OBAHECAF_00986	MER0011450	24.034	233	154	7	380	601	9	229	9.55e-07	47.8
OBAHECAF_00986	MER0003229	21.277	235	175	5	372	604	9	235	2.32e-06	46.6
OBAHECAF_00986	MER0004504	29.091	110	68	3	401	503	2	108	3.92e-06	45.4
OBAHECAF_00986	MER0981959	23.729	236	156	7	380	601	8	233	5.89e-06	45.4
OBAHECAF_00986	MER0014827	22.545	275	161	12	390	638	12	260	9.29e-06	44.7
OBAHECAF_01012	MER0045886	42.105	228	129	3	1	226	10	236	4.82e-52	174
OBAHECAF_01012	MER0044889	36.245	229	141	4	2	227	16	242	1.53e-40	143
OBAHECAF_01012	MER0436735	28.137	263	148	5	3	226	2	262	1.80e-30	116
OBAHECAF_01012	MER0038086	32.589	224	136	5	5	213	29	252	7.37e-30	114
OBAHECAF_01012	MER0043387	34.270	178	113	3	20	195	1	176	1.47e-24	97.4
OBAHECAF_01012	MER0042974	31.282	195	125	5	12	198	1	194	7.66e-23	93.2
OBAHECAF_01012	MER0043537	32.258	186	113	6	5	183	2	181	7.06e-22	90.1
OBAHECAF_01012	MER0043392	30.573	157	100	5	35	184	4	158	2.58e-11	59.3
OBAHECAF_01012	MER0044622	28.144	167	108	5	39	200	68	227	9.03e-07	47.0
OBAHECAF_01012	MER0043394	26.667	150	91	6	47	186	24	164	1.84e-06	45.1
OBAHECAF_01030	MER0005767	27.778	306	178	11	35	334	9	277	6.35e-13	65.9
OBAHECAF_01032	MER0005131	30.667	225	131	9	113	326	43	253	6.25e-20	84.7
OBAHECAF_01032	MER0194228	29.204	226	113	8	122	331	1	195	2.26e-17	76.3
OBAHECAF_01032	MER0001289	27.468	233	116	7	118	331	73	271	2.00e-16	75.1
OBAHECAF_01032	MER0001284	30.973	226	127	9	113	326	41	249	4.09e-16	73.9
OBAHECAF_01032	MER0100667	26.341	205	124	7	121	323	40	219	2.90e-14	68.2
OBAHECAF_01032	MER0005139	38.532	109	58	3	107	213	62	163	8.87e-14	67.4
OBAHECAF_01032	MER0002161	26.230	244	142	9	47	289	16	222	1.34e-13	67.0
OBAHECAF_01032	MER0004514	28.431	204	115	9	113	304	41	225	6.02e-13	64.7
OBAHECAF_01032	MER0037181	24.585	301	169	11	47	326	16	279	2.45e-12	63.2
OBAHECAF_01032	MER0005239	35.780	109	61	3	105	211	66	167	2.45e-11	60.5
OBAHECAF_01032	MER0005238	36.538	104	58	3	108	210	67	163	5.99e-11	59.3
OBAHECAF_01032	MER0002104	36.538	104	58	3	108	210	67	163	6.28e-11	59.3
OBAHECAF_01032	MER0015691	33.333	105	62	3	107	210	52	149	3.27e-10	56.6
OBAHECAF_01032	MER0015336	28.431	204	120	8	107	301	61	247	5.66e-10	56.2
OBAHECAF_01032	MER0001288	27.064	218	109	8	119	315	33	221	2.85e-09	53.5
OBAHECAF_01032	MER0005149	31.624	117	71	3	108	222	65	174	1.19e-08	52.4
OBAHECAF_01032	MER0032443	27.315	216	138	7	118	323	47	253	1.40e-08	52.0
OBAHECAF_01032	MER0001911	25.882	170	108	4	98	261	31	188	4.04e-08	50.4
OBAHECAF_01032	MER0005152	23.963	217	145	6	107	310	59	268	5.96e-08	50.1
OBAHECAF_01032	MER0005244	36.364	88	48	2	105	192	2	81	3.60e-07	47.0
OBAHECAF_01032	MER0005241	31.111	90	55	2	105	192	2	86	9.08e-07	46.2
OBAHECAF_01032	MER0002105	30.476	105	64	3	108	210	58	155	1.67e-06	45.4
OBAHECAF_01047	MER0000410	58.929	280	113	1	435	714	2	279	4.43e-120	358
OBAHECAF_01047	MER0011872	39.777	269	159	2	451	716	16	284	6.42e-67	219
OBAHECAF_01047	MER0082498	40.647	278	141	6	458	711	6	283	1.19e-66	218
OBAHECAF_01047	MER0005694	34.657	277	166	4	448	716	13	282	1.07e-49	172
OBAHECAF_01047	MER0000392	32.971	276	168	5	448	711	3	273	3.23e-45	160
OBAHECAF_01047	MER0079308	35.714	266	160	6	451	711	6	265	2.53e-44	157
OBAHECAF_01047	MER0015621	31.973	294	174	6	437	711	4	290	1.28e-43	156
OBAHECAF_01047	MER0002490	30.820	305	173	8	436	711	3	298	6.24e-42	152
OBAHECAF_01047	MER0082653	35.217	230	134	6	460	675	14	242	4.19e-38	140
OBAHECAF_01047	MER0004227	34.862	218	141	1	457	673	28	245	1.62e-37	139
OBAHECAF_01047	MER0022823	31.439	264	172	5	454	711	10	270	3.28e-37	137
OBAHECAF_01047	MER0981959	29.181	281	178	5	448	711	2	278	1.29e-36	135
OBAHECAF_01047	MER0011450	32.308	260	156	7	448	694	3	255	7.22e-35	130
OBAHECAF_01047	MER0325901	30.182	275	184	7	448	717	1	272	7.29e-32	122
OBAHECAF_01047	MER0003229	29.478	268	175	6	448	711	11	268	1.49e-28	112
OBAHECAF_01047	MER0000398	28.682	258	168	7	456	712	8	250	2.50e-27	108
OBAHECAF_01052	MER0015472	29.193	161	108	4	24	179	23	182	1.34e-13	63.9
OBAHECAF_01052	MER0048181	30.986	142	82	2	47	172	1	142	2.07e-13	62.0
OBAHECAF_01052	MER0015473	31.757	148	87	3	47	180	37	184	4.23e-13	62.8
OBAHECAF_01052	MER0030047	32.117	137	83	4	50	179	1	134	2.27e-08	48.1
OBAHECAF_01052	MER0015462	37.349	83	48	2	39	120	40	119	3.27e-08	48.5
OBAHECAF_01052	MER0047975	28.058	139	89	4	43	179	25	154	2.75e-07	46.6
OBAHECAF_01052	MER0015458	25.641	195	108	7	42	208	47	232	2.93e-07	46.6
OBAHECAF_01052	MER0035036	29.286	140	91	3	47	180	88	225	7.09e-07	45.4
OBAHECAF_01052	MER0015659	27.273	176	103	5	22	186	24	185	7.58e-07	45.1
OBAHECAF_01052	MER0015459	33.562	146	87	4	39	183	42	178	9.97e-07	44.7
OBAHECAF_01060	MER0014188	41.071	112	46	5	173	279	1	97	1.42e-16	71.6
OBAHECAF_01060	MER0002450	37.692	130	62	6	173	301	1	112	7.86e-16	69.7
OBAHECAF_01060	MER0003805	38.583	127	59	5	175	300	3	111	1.29e-15	68.9
OBAHECAF_01060	MER0003807	36.522	115	60	4	177	286	5	111	4.68e-15	67.4
OBAHECAF_01060	MER0377450	41.837	98	43	4	177	273	5	89	1.38e-14	65.5
OBAHECAF_01060	MER0377310	39.450	109	53	5	173	280	1	97	1.45e-14	65.9
OBAHECAF_01060	MER0377307	39.450	109	53	5	173	280	1	97	1.45e-14	65.9
OBAHECAF_01060	MER0003808	40.206	97	46	4	177	273	5	89	1.02e-13	63.5
OBAHECAF_01060	MER0001322	35.514	107	51	4	184	287	12	103	1.31e-13	63.5
OBAHECAF_01060	MER0376722	41.667	96	44	4	177	272	5	88	1.42e-13	62.8
OBAHECAF_01060	MER0024252	38.636	88	43	2	185	272	14	90	3.31e-13	62.8
OBAHECAF_01060	MER0377178	39.815	108	52	5	173	279	1	96	4.16e-13	61.6
OBAHECAF_01060	MER0003986	35.922	103	55	4	177	277	5	98	4.69e-13	62.0
OBAHECAF_01060	MER0004035	39.130	92	44	3	182	272	7	87	1.25e-12	60.5
OBAHECAF_01060	MER0002443	38.542	96	49	3	178	272	6	92	5.69e-12	58.9
OBAHECAF_01060	MER0004054	36.893	103	53	6	172	271	1	94	8.51e-11	55.8
OBAHECAF_01060	MER0014672	31.193	109	50	3	177	272	5	101	4.73e-10	53.9
OBAHECAF_01060	MER0031199	30.120	83	46	2	189	271	1	71	3.41e-06	41.2
OBAHECAF_01069	MER0016067	25.850	294	151	10	157	408	5	273	2.27e-13	67.0
OBAHECAF_01133	MER1137211	29.878	164	91	7	557	715	60	204	1.25e-10	58.9
OBAHECAF_01150	MER0001009	23.853	218	134	9	417	625	8	202	3.20e-07	48.5
OBAHECAF_01150	MER0001010	25.714	210	120	10	381	572	8	199	4.50e-07	48.1
OBAHECAF_01161	MER0042387	28.947	152	96	4	94	234	20	170	1.95e-20	83.2
OBAHECAF_01161	MER0026552	31.579	152	103	1	90	240	13	164	2.82e-19	79.7
OBAHECAF_01161	MER0031491	24.294	177	119	4	73	234	2	178	2.84e-14	66.6
OBAHECAF_01161	MER0002639	25.767	163	113	3	83	238	6	167	2.52e-13	63.5
OBAHECAF_01161	MER0026496	23.105	277	149	11	9	242	13	268	1.51e-11	60.1
OBAHECAF_01161	MER0026545	25.628	199	122	8	63	241	76	268	3.01e-10	56.2
OBAHECAF_01161	MER0002642	25.301	166	110	5	83	238	6	167	5.46e-10	54.3
OBAHECAF_01171	MER0030047	28.804	184	78	6	56	238	3	134	6.66e-13	61.2
OBAHECAF_01171	MER0035036	25.778	225	110	5	11	232	51	221	3.73e-12	61.2
OBAHECAF_01171	MER0015472	23.265	245	118	7	7	241	4	188	1.42e-10	56.2
OBAHECAF_01171	MER0015458	28.646	192	96	7	47	235	48	201	2.52e-10	56.2
OBAHECAF_01171	MER0015459	38.000	50	31	0	47	96	46	95	1.90e-09	53.5
OBAHECAF_01171	MER0017194	25.926	243	122	7	3	235	12	206	7.22e-08	48.5
OBAHECAF_01171	MER0015473	26.368	201	82	6	52	238	38	186	7.27e-08	48.5
OBAHECAF_01171	MER0047976	23.188	207	103	4	45	251	7	157	1.58e-07	47.0
OBAHECAF_01171	MER0015462	34.615	52	34	0	45	96	42	93	2.02e-07	47.0
OBAHECAF_01171	MER0094384	32.203	59	40	0	45	103	30	88	2.28e-06	43.9
OBAHECAF_01171	MER0015452	27.397	73	53	0	28	100	28	100	9.70e-06	42.4
OBAHECAF_01178	MER0003376	28.571	161	79	5	3	157	6	136	5.35e-10	55.5
OBAHECAF_01178	MER0069741	29.268	123	59	4	46	168	69	163	8.02e-09	52.4
OBAHECAF_01178	MER0003380	32.520	123	54	6	47	168	138	232	1.18e-06	47.0
OBAHECAF_01182	MER0013626	26.772	127	69	2	353	461	25	145	4.54e-12	60.8
OBAHECAF_01182	MER0000589	61.538	39	15	0	425	463	192	230	5.40e-12	62.8
OBAHECAF_01182	MER0015994	45.652	46	25	0	417	462	115	160	1.17e-06	45.4
OBAHECAF_01182	MER0028421	46.154	52	27	1	406	457	98	148	2.07e-06	44.7
OBAHECAF_01190	MER0167712	24.845	322	223	6	1	308	8	324	1.67e-23	98.2
OBAHECAF_01274	MER0069741	45.263	95	50	2	191	285	70	162	4.38e-21	85.1
OBAHECAF_01274	MER0003380	37.795	127	69	2	168	285	106	231	9.42e-21	85.9
OBAHECAF_01274	MER0003376	34.351	131	70	5	175	290	29	158	8.22e-18	76.3
OBAHECAF_01274	MER0003906	39.623	106	57	3	191	290	1	105	1.09e-16	71.2
OBAHECAF_01274	MER0066182	35.593	118	66	4	181	290	76	191	1.61e-15	70.5
OBAHECAF_01274	MER0387040	38.235	102	59	3	191	290	1	100	1.65e-15	68.2
OBAHECAF_01274	MER0005300	37.000	100	62	1	190	289	64	162	5.71e-15	68.2
OBAHECAF_01274	MER0013541	37.209	86	53	1	191	276	1	85	6.88e-14	63.2
OBAHECAF_01274	MER0015415	40.000	90	50	4	189	276	62	149	9.74e-13	62.0
OBAHECAF_01274	MER0003423	34.375	96	60	3	191	284	32	126	1.50e-10	55.5
OBAHECAF_01274	MER0001419	36.264	91	47	5	191	275	32	117	1.78e-09	52.4
OBAHECAF_01305	MER0027775	37.500	120	70	2	132	249	1	117	2.69e-24	91.7
OBAHECAF_01305	MER0001602	32.374	139	75	4	132	251	1	139	2.74e-14	65.5
OBAHECAF_01309	MER0059846	35.714	266	163	5	27	286	48	311	6.54e-52	171
OBAHECAF_01309	MER0199690	24.606	317	200	13	4	289	6	314	9.94e-16	73.2
OBAHECAF_01309	MER0214074	26.882	186	117	5	121	289	1	184	4.36e-14	66.6
OBAHECAF_01359	MER0042827	55.208	96	43	0	981	1076	1	96	2.08e-29	110
OBAHECAF_01370	MER0000392	53.676	272	116	4	436	698	3	273	2.70e-101	309
OBAHECAF_01370	MER0005694	53.623	276	127	1	424	699	1	275	5.18e-99	303
OBAHECAF_01370	MER0015621	53.047	279	114	4	436	698	13	290	5.60e-98	301
OBAHECAF_01370	MER0022823	53.261	276	122	6	436	705	3	277	8.48e-93	287
OBAHECAF_01370	MER0079308	53.008	266	121	4	439	702	6	269	1.25e-92	286
OBAHECAF_01370	MER0002490	49.826	287	119	5	436	698	13	298	1.54e-91	285
OBAHECAF_01370	MER0981959	50.909	275	114	5	435	691	1	272	2.86e-89	278
OBAHECAF_01370	MER0011450	50.000	272	125	5	436	698	3	272	1.74e-85	268
OBAHECAF_01370	MER0325901	44.526	274	147	5	436	705	1	273	2.08e-71	230
OBAHECAF_01370	MER0000398	45.000	260	130	7	440	699	4	250	1.10e-61	204
OBAHECAF_01370	MER0003229	38.060	268	158	5	436	702	11	271	1.60e-53	182
OBAHECAF_01370	MER0000410	31.461	267	178	3	436	699	13	277	9.09e-43	153
OBAHECAF_01370	MER0011872	31.752	274	179	5	432	699	9	280	2.27e-33	127
OBAHECAF_01370	MER0082498	28.897	263	162	6	441	678	1	263	4.63e-29	114
OBAHECAF_01370	MER0082653	27.547	265	170	7	447	690	13	276	5.42e-25	102
OBAHECAF_01370	MER0004227	28.500	200	139	2	450	646	33	231	2.73e-22	95.1
OBAHECAF_01370	MER0005807	24.000	275	195	7	408	682	1	261	4.98e-09	54.7
OBAHECAF_01370	MER0001920	26.724	232	154	9	475	698	21	244	1.02e-08	53.5
OBAHECAF_01370	MER0192427	29.688	128	87	2	469	593	75	202	4.12e-08	52.0
OBAHECAF_01370	MER0015682	25.118	211	139	8	468	673	85	281	5.78e-08	52.0
OBAHECAF_01370	MER0013484	30.573	157	94	4	471	619	15	164	8.70e-07	47.8
OBAHECAF_01370	MER0003558	20.175	228	175	4	473	700	39	259	1.77e-06	47.0
OBAHECAF_01405	MER0005196	51.271	236	113	2	479	713	9	243	2.99e-78	248
OBAHECAF_01405	MER0058228	40.265	226	134	1	485	709	1	226	2.84e-55	186
OBAHECAF_01405	MER0001423	38.793	232	140	2	491	721	2	232	1.23e-53	181
OBAHECAF_01405	MER0004921	38.843	242	137	5	488	723	1	237	2.40e-52	178
OBAHECAF_01405	MER0004923	37.991	229	137	3	487	711	51	278	2.00e-47	166
OBAHECAF_01405	MER0013484	35.417	240	149	4	488	722	1	239	1.90e-46	162
OBAHECAF_01405	MER0011413	34.583	240	151	4	488	722	1	239	5.21e-46	161
OBAHECAF_01405	MER0005987	39.070	215	124	4	498	708	35	246	3.71e-45	159
OBAHECAF_01405	MER0005994	33.835	266	163	7	466	723	2	262	2.91e-43	154
OBAHECAF_01405	MER0192427	37.391	230	136	3	480	706	55	279	1.02e-42	153
OBAHECAF_01405	MER0004504	36.979	192	119	1	494	683	2	193	1.01e-38	140
OBAHECAF_01405	MER0000399	31.179	263	170	5	466	723	1	257	1.02e-38	141
OBAHECAF_01405	MER0011231	34.538	249	153	7	466	708	1	245	5.05e-36	133
OBAHECAF_01405	MER0000401	31.343	268	164	7	466	723	2	259	5.48e-33	125
OBAHECAF_01405	MER0000405	31.667	240	147	8	494	723	35	267	7.00e-33	125
OBAHECAF_01405	MER0011305	32.917	240	149	7	473	705	2	236	1.51e-32	123
OBAHECAF_01405	MER0004199	33.766	231	139	8	498	723	1	222	2.23e-31	119
OBAHECAF_01405	MER0195666	34.555	191	114	5	498	682	10	195	2.34e-31	119
OBAHECAF_01405	MER0000404	32.051	234	150	6	493	720	28	258	3.00e-29	114
OBAHECAF_01405	MER0004193	32.804	189	117	5	491	674	3	186	4.19e-25	101
OBAHECAF_01405	MER0000403	28.241	216	147	3	493	703	27	239	4.37e-24	99.4
OBAHECAF_01405	MER0034615	27.966	236	154	5	494	718	13	243	5.64e-18	80.9
OBAHECAF_01405	MER0016096	25.333	225	150	7	494	705	9	228	1.92e-13	67.8
OBAHECAF_01405	MER0003361	25.743	202	135	8	493	689	21	212	1.56e-12	65.1
OBAHECAF_01405	MER0017401	26.549	226	145	11	493	707	9	224	4.71e-11	60.5
OBAHECAF_01405	MER0003558	22.881	236	165	4	482	706	13	242	6.25e-11	60.5
OBAHECAF_01405	MER0018170	22.326	215	146	7	504	704	25	232	6.64e-10	57.4
OBAHECAF_01405	MER0005988	28.319	113	74	2	597	705	2	111	9.43e-10	53.5
OBAHECAF_01405	MER0015682	24.545	220	152	7	496	710	82	292	1.96e-09	56.2
OBAHECAF_01405	MER0000263	30.909	110	69	3	494	601	9	113	7.64e-09	53.9
OBAHECAF_01405	MER0000408	22.321	224	149	6	502	709	23	237	1.44e-07	50.1
OBAHECAF_01405	MER0011583	28.000	125	82	4	501	624	19	136	1.38e-06	47.0
OBAHECAF_01405	MER0015621	23.418	158	113	4	481	636	27	178	2.16e-06	47.0
OBAHECAF_01405	MER0005807	21.395	215	151	7	504	711	62	265	2.22e-06	46.6
OBAHECAF_01405	MER0011450	23.043	230	153	7	495	705	30	254	3.30e-06	46.2
OBAHECAF_01405	MER0079308	24.876	201	130	6	495	683	30	221	4.46e-06	45.8
OBAHECAF_01409	MER0000332	42.233	206	100	6	290	494	64	251	1.13e-33	125
OBAHECAF_01409	MER0002565	38.710	217	109	8	277	491	98	292	4.62e-30	118
OBAHECAF_01409	MER0028365	34.091	308	153	14	245	531	72	350	2.77e-29	116
OBAHECAF_01409	MER0028365	48.980	49	23	2	81	129	66	112	5.22e-07	48.5
OBAHECAF_01409	MER0000310	39.196	199	103	8	290	485	63	246	2.25e-26	105
OBAHECAF_01409	MER0001928	37.688	199	104	8	290	486	62	242	5.71e-25	101
OBAHECAF_01409	MER0001709	32.872	289	136	14	245	491	35	307	1.11e-24	102
OBAHECAF_01409	MER0002057	34.137	249	117	10	283	488	95	339	1.17e-24	102
OBAHECAF_01409	MER0077555	35.922	206	107	6	290	488	62	249	1.70e-24	100
OBAHECAF_01409	MER0001699	35.266	207	116	8	290	493	62	253	5.74e-24	98.6
OBAHECAF_01409	MER0005821	35.567	194	105	8	286	472	82	262	9.08e-24	100
OBAHECAF_01409	MER0000315	36.869	198	105	8	290	485	62	241	1.30e-23	97.4
OBAHECAF_01409	MER0054318	37.500	192	105	9	286	472	63	244	1.40e-23	98.6
OBAHECAF_01409	MER0001520	36.364	198	106	8	290	485	62	241	1.89e-23	97.1
OBAHECAF_01409	MER0002575	34.802	227	126	11	283	505	63	271	2.21e-23	97.1
OBAHECAF_01409	MER0001906	36.364	198	106	8	290	485	62	241	6.00e-23	95.5
OBAHECAF_01409	MER0017009	33.480	227	134	8	290	504	117	338	1.51e-22	95.9
OBAHECAF_01409	MER0017009	43.056	72	37	2	63	130	34	105	1.75e-09	56.2
OBAHECAF_01409	MER0004690	29.831	295	176	9	221	493	26	311	3.64e-22	95.1
OBAHECAF_01409	MER0004690	53.061	49	22	1	83	130	39	87	1.78e-07	50.1
OBAHECAF_01409	MER0016978	34.375	224	109	8	290	488	78	288	7.35e-22	93.2
OBAHECAF_01409	MER0001521	36.493	211	106	8	283	485	57	247	2.43e-21	90.9
OBAHECAF_01409	MER0000313	36.493	211	106	8	283	485	57	247	3.79e-21	90.5
OBAHECAF_01409	MER0081072	34.836	244	127	10	261	494	29	250	4.19e-21	89.7
OBAHECAF_01409	MER0000309	36.181	199	109	7	290	485	63	246	7.45e-21	89.7
OBAHECAF_01409	MER0000316	32.828	198	113	7	290	485	61	240	7.81e-21	89.4
OBAHECAF_01409	MER0001755	36.493	211	106	8	283	485	57	247	1.05e-20	89.0
OBAHECAF_01409	MER0000333	37.500	184	98	6	290	472	64	231	1.44e-20	88.6
OBAHECAF_01409	MER0004085	34.188	234	124	9	290	504	96	318	1.71e-20	89.7
OBAHECAF_01409	MER0001523	36.019	211	107	8	283	485	57	247	2.01e-20	88.2
OBAHECAF_01409	MER0000312	36.019	211	107	8	283	485	57	247	2.01e-20	88.2
OBAHECAF_01409	MER0000361	35.652	230	105	12	287	491	102	313	8.68e-20	87.4
OBAHECAF_01409	MER0062058	34.034	238	139	6	263	492	32	259	1.18e-19	88.2
OBAHECAF_01409	MER0062058	55.769	52	23	0	82	133	1	52	9.76e-13	67.0
OBAHECAF_01409	MER0002562	33.913	230	113	8	284	488	111	326	1.67e-19	87.0
OBAHECAF_01409	MER0000362	33.498	203	104	7	287	472	96	284	2.20e-19	86.3
OBAHECAF_01409	MER0155676	32.422	256	137	11	268	492	102	352	3.24e-19	86.7
OBAHECAF_01409	MER0155676	39.080	87	48	2	52	133	8	94	5.56e-08	52.0
OBAHECAF_01409	MER0006074	32.618	233	128	9	267	489	59	272	4.70e-19	84.7
OBAHECAF_01409	MER0013656	33.005	203	118	5	290	491	61	246	5.96e-19	84.0
OBAHECAF_01409	MER0000311	35.961	203	110	7	290	488	64	250	1.09e-18	83.2
OBAHECAF_01409	MER0016983	35.211	213	96	10	286	476	67	259	1.14e-18	84.0
OBAHECAF_01409	MER0003536	32.287	223	117	7	290	491	71	280	2.31e-18	82.8
OBAHECAF_01409	MER0000349	33.333	231	121	12	290	493	144	368	2.67e-18	83.6
OBAHECAF_01409	MER0000321	31.696	224	122	7	283	493	148	353	2.73e-18	83.2
OBAHECAF_01409	MER0006023	32.314	229	120	10	286	495	98	310	5.02e-18	82.4
OBAHECAF_01409	MER0016697	32.569	218	102	9	286	473	94	296	1.33e-17	81.3
OBAHECAF_01409	MER0000320	35.079	191	104	8	290	475	69	244	1.35e-17	80.1
OBAHECAF_01409	MER0014744	34.579	214	103	7	290	480	95	294	1.48e-17	80.9
OBAHECAF_01409	MER0002790	35.681	213	112	7	290	485	1	205	2.34e-17	78.6
OBAHECAF_01409	MER0000319	32.000	200	115	6	290	486	69	250	3.19e-17	79.0
OBAHECAF_01409	MER0002516	33.333	207	107	10	290	489	82	264	7.94e-17	77.8
OBAHECAF_01409	MER0002267	31.553	206	120	8	290	491	71	259	8.34e-17	77.8
OBAHECAF_01409	MER0001725	32.895	228	132	7	286	504	95	310	8.62e-17	78.2
OBAHECAF_01409	MER0042897	34.167	240	129	8	249	485	37	250	1.12e-16	77.4
OBAHECAF_01409	MER0000326	33.824	204	110	8	290	490	72	253	2.02e-16	77.0
OBAHECAF_01409	MER0030016	31.356	236	129	8	265	491	65	276	2.65e-16	76.3
OBAHECAF_01409	MER0014446	30.709	254	126	11	258	488	167	393	3.34e-15	74.7
OBAHECAF_01409	MER0003117	35.961	203	104	10	284	479	69	252	4.06e-15	72.8
OBAHECAF_01409	MER0000359	34.272	213	109	11	290	493	89	279	4.56e-15	72.8
OBAHECAF_01409	MER0002500	34.328	201	110	8	289	472	156	351	7.52e-15	73.2
OBAHECAF_01409	MER0000356	29.474	285	140	12	230	479	9	267	2.38e-14	71.6
OBAHECAF_01409	MER0002764	33.654	208	112	9	268	470	67	253	2.42e-14	70.9
OBAHECAF_01409	MER0161312	29.555	247	136	8	277	488	83	326	2.55e-14	71.2
OBAHECAF_01409	MER0005931	37.186	199	109	6	290	486	32	216	2.75e-14	69.7
OBAHECAF_01409	MER0037258	31.513	238	136	9	289	505	79	310	6.25e-14	69.7
OBAHECAF_01409	MER0005078	30.000	220	128	8	275	487	65	265	1.13e-13	68.6
OBAHECAF_01409	MER0006297	23.695	498	273	22	68	489	19	485	1.36e-13	69.7
OBAHECAF_01409	MER0000351	27.881	269	129	9	228	473	58	284	1.54e-13	68.2
OBAHECAF_01409	MER0004123	28.936	235	123	8	290	488	79	305	3.83e-13	67.4
OBAHECAF_01409	MER0028258	28.053	303	159	11	245	488	40	342	5.65e-13	67.4
OBAHECAF_01409	MER0005790	31.313	198	97	7	290	471	94	268	5.90e-13	66.2
OBAHECAF_01409	MER0024902	28.194	227	149	6	290	504	97	321	7.18e-13	66.6
OBAHECAF_01409	MER0004720	26.809	235	141	9	269	494	51	263	1.81e-12	64.7
OBAHECAF_01409	MER0068994	29.339	242	109	10	288	472	107	343	1.87e-12	65.9
OBAHECAF_01409	MER0006037	27.734	256	151	10	244	490	35	265	4.37e-12	63.9
OBAHECAF_01409	MER0016688	30.290	241	119	11	290	496	74	299	6.11e-12	63.5
OBAHECAF_01409	MER0019280	30.417	240	136	9	286	505	69	297	8.54e-12	63.2
OBAHECAF_01409	MER0000358	28.440	218	110	11	269	472	59	244	1.16e-11	63.2
OBAHECAF_01409	MER0006048	24.436	266	137	8	290	491	85	350	1.40e-11	63.2
OBAHECAF_01409	MER0014085	25.292	257	134	10	290	491	87	340	1.45e-11	62.8
OBAHECAF_01409	MER0000325	32.444	225	122	11	290	508	70	270	1.66e-11	62.4
OBAHECAF_01409	MER0000338	27.823	248	134	10	256	494	51	262	2.21e-11	61.6
OBAHECAF_01409	MER0005859	31.278	227	101	9	290	475	242	454	3.05e-11	62.4
OBAHECAF_01409	MER0114485	27.556	225	124	8	290	475	106	330	3.09e-11	62.0
OBAHECAF_01409	MER0000335	29.032	217	123	9	290	498	69	262	4.31e-11	60.5
OBAHECAF_01409	MER0000336	28.155	206	114	8	282	479	73	252	4.62e-11	60.8
OBAHECAF_01409	MER0000353	31.527	203	108	8	277	467	144	327	8.31e-11	60.1
OBAHECAF_01409	MER0000357	34.466	206	98	12	290	482	77	258	8.51e-11	60.1
OBAHECAF_01409	MER0022415	27.442	215	127	7	290	494	83	278	8.59e-11	60.8
OBAHECAF_01409	MER0003020	29.032	248	102	10	290	472	226	464	1.06e-10	60.8
OBAHECAF_01409	MER0067924	32.751	229	109	14	290	490	63	274	1.37e-10	58.9
OBAHECAF_01409	MER0005712	24.573	293	164	12	290	528	88	377	1.54e-10	59.7
OBAHECAF_01409	MER0000340	28.409	264	155	13	257	500	35	284	1.75e-10	58.9
OBAHECAF_01409	MER0050309	28.889	225	119	11	288	494	45	246	1.77e-10	59.7
OBAHECAF_01409	MER0016986	27.419	248	125	9	290	489	90	330	2.35e-10	58.9
OBAHECAF_01409	MER0000350	27.511	229	111	8	290	472	90	309	4.64e-10	58.2
OBAHECAF_01409	MER0004869	25.342	292	150	13	290	513	82	373	9.91e-10	57.4
OBAHECAF_01409	MER0001368	24.820	278	150	10	290	512	85	358	1.19e-09	57.0
OBAHECAF_01409	MER0000328	29.048	210	117	9	272	469	54	243	1.34e-09	56.2
OBAHECAF_01409	MER0001467	27.509	269	128	11	288	491	70	336	1.54e-09	56.6
OBAHECAF_01409	MER0050310	29.665	209	112	10	290	486	102	287	2.61e-09	56.2
OBAHECAF_01409	MER0000344	31.053	190	98	10	290	469	88	254	4.80e-09	54.7
OBAHECAF_01409	MER0005700	32.500	120	64	4	423	527	276	393	5.30e-09	55.1
OBAHECAF_01409	MER0014309	25.191	262	135	10	290	491	67	327	5.90e-09	54.7
OBAHECAF_01409	MER0000389	28.205	234	131	6	290	491	77	305	6.15e-09	54.7
OBAHECAF_01409	MER0001454	32.632	95	44	4	417	491	233	327	9.79e-09	53.9
OBAHECAF_01409	MER0015437	35.000	100	54	4	423	512	354	452	1.63e-08	53.5
OBAHECAF_01409	MER0014300	29.392	296	136	15	290	534	79	352	1.80e-08	53.1
OBAHECAF_01409	MER0015438	38.571	70	30	1	435	491	381	450	2.05e-08	53.5
OBAHECAF_01409	MER0016991	30.556	216	110	9	290	476	78	282	2.59e-08	52.8
OBAHECAF_01409	MER0055027	32.749	171	83	9	276	443	68	209	2.78e-08	52.8
OBAHECAF_01409	MER0015436	33.663	101	56	4	423	512	354	454	2.99e-08	52.8
OBAHECAF_01409	MER0005775	33.333	96	55	3	426	512	375	470	6.14e-08	52.0
OBAHECAF_01409	MER0005774	34.906	106	53	5	423	512	345	450	6.62e-08	51.6
OBAHECAF_01409	MER0006036	33.333	84	43	1	435	505	371	454	6.77e-08	51.6
OBAHECAF_01409	MER0000347	27.273	220	133	10	290	491	119	329	6.97e-08	51.6
OBAHECAF_01409	MER0014310	35.052	97	41	4	417	491	302	398	7.88e-08	51.6
OBAHECAF_01409	MER0014311	34.043	94	42	3	423	496	311	404	1.13e-07	50.8
OBAHECAF_01409	MER0014312	34.615	104	44	6	417	496	304	407	1.14e-07	50.8
OBAHECAF_01409	MER0087792	27.059	255	137	9	290	504	97	342	1.23e-07	50.4
OBAHECAF_01409	MER0000364	28.571	231	140	8	277	493	57	276	1.35e-07	50.1
OBAHECAF_01409	MER0005756	24.042	287	154	11	290	512	112	398	1.93e-07	50.1
OBAHECAF_01409	MER0015433	31.405	121	64	5	423	527	353	470	2.02e-07	50.1
OBAHECAF_01409	MER0006049	24.908	273	134	10	290	491	85	357	2.74e-07	49.7
OBAHECAF_01409	MER0025143	27.119	236	108	11	278	472	59	271	3.22e-07	48.9
OBAHECAF_01409	MER0015432	24.026	308	156	13	290	527	87	386	3.67e-07	49.3
OBAHECAF_01409	MER0080418	29.167	144	86	6	360	493	201	338	4.34e-07	48.9
OBAHECAF_01409	MER0014313	35.052	97	41	6	417	491	278	374	6.71e-07	48.5
OBAHECAF_01409	MER0014325	33.673	98	43	4	423	498	245	342	8.92e-07	47.8
OBAHECAF_01409	MER0004988	25.561	223	126	9	290	497	71	268	9.27e-07	47.4
OBAHECAF_01409	MER0014089	33.621	116	61	5	413	512	343	458	1.23e-06	47.8
OBAHECAF_01409	MER0011813	36.170	94	39	4	422	495	346	438	1.27e-06	47.8
OBAHECAF_01409	MER0005034	34.444	90	39	4	422	491	344	433	1.55e-06	47.4
OBAHECAF_01409	MER0005710	33.735	83	42	2	423	492	352	434	1.59e-06	47.4
OBAHECAF_01409	MER0000374	26.749	243	122	13	283	496	63	278	2.01e-06	46.6
OBAHECAF_01409	MER0011791	41.304	46	27	0	446	491	375	420	2.24e-06	47.0
OBAHECAF_01409	MER0013896	30.108	93	46	2	423	496	358	450	2.93e-06	46.6
OBAHECAF_01409	MER0000348	24.561	228	119	7	290	471	88	308	3.63e-06	45.8
OBAHECAF_01409	MER0017014	34.375	64	38	2	435	494	369	432	3.84e-06	46.2
OBAHECAF_01409	MER0005757	31.373	102	58	4	435	527	294	392	5.18e-06	45.4
OBAHECAF_01409	MER0003122	24.138	261	139	10	290	493	89	347	6.52e-06	45.1
OBAHECAF_01409	MER0175622	26.549	226	127	11	290	494	74	281	8.04e-06	44.7
OBAHECAF_01430	MER0001945	37.037	162	84	5	18	165	1	158	7.40e-26	98.6
OBAHECAF_01430	MER0013623	35.333	150	80	3	18	158	1	142	4.07e-25	96.7
OBAHECAF_01430	MER0005468	38.650	163	79	6	18	165	1	157	5.34e-24	93.6
OBAHECAF_01430	MER0000268	37.324	142	79	3	18	153	1	138	2.35e-23	91.7
OBAHECAF_01430	MER0004086	38.994	159	72	7	25	165	10	161	2.38e-22	89.4
OBAHECAF_01430	MER0003290	34.395	157	92	3	18	165	1	155	3.10e-22	89.0
OBAHECAF_01430	MER0003850	34.783	161	95	5	18	170	3	161	6.23e-21	85.9
OBAHECAF_01430	MER0010944	33.529	170	91	3	18	165	1	170	5.73e-20	83.2
OBAHECAF_01430	MER0028330	35.625	160	83	5	18	165	1	152	6.68e-20	82.4
OBAHECAF_01430	MER0004673	34.021	194	93	9	18	180	2	191	3.46e-19	83.2
OBAHECAF_01430	MER0004111	31.056	161	91	5	18	165	1	154	2.55e-18	78.2
OBAHECAF_01430	MER0004093	35.484	155	90	3	18	165	1	152	2.60e-18	77.8
OBAHECAF_01430	MER0001373	34.177	158	93	3	18	165	1	157	5.89e-18	77.0
OBAHECAF_01430	MER0000266	32.317	164	86	8	18	165	1	155	1.18e-17	76.3
OBAHECAF_01430	MER0016351	35.256	156	89	4	18	165	1	152	1.77e-17	75.5
OBAHECAF_01430	MER0001372	31.447	159	94	6	18	165	1	155	9.86e-17	73.6
OBAHECAF_01430	MER0002577	31.875	160	89	4	18	165	1	152	1.75e-16	72.8
OBAHECAF_01430	MER0004149	32.667	150	85	6	28	165	17	162	2.40e-16	72.8
OBAHECAF_01430	MER0003293	31.034	145	94	2	18	158	1	143	8.19e-16	70.9
OBAHECAF_01430	MER0005093	32.704	159	86	6	18	157	1	157	1.33e-15	70.9
OBAHECAF_01430	MER0022668	31.013	158	88	5	28	165	14	170	1.45e-15	70.9
OBAHECAF_01430	MER0014795	31.325	166	88	5	18	165	1	158	1.73e-14	67.4
OBAHECAF_01430	MER0011375	31.847	157	94	5	18	165	1	153	2.28e-14	67.0
OBAHECAF_01430	MER0005094	31.677	161	92	7	18	165	1	156	4.09e-14	66.2
OBAHECAF_01430	MER0006096	29.365	126	81	2	47	165	6	130	7.67e-14	64.7
OBAHECAF_01430	MER0063616	32.143	168	84	7	18	165	1	158	1.98e-13	64.3
OBAHECAF_01430	MER0016031	30.120	166	97	6	18	165	1	165	6.24e-13	63.2
OBAHECAF_01430	MER0005090	33.333	159	89	7	18	165	1	153	7.59e-12	59.7
OBAHECAF_01430	MER0014318	32.727	165	82	9	18	165	1	153	1.09e-11	59.3
OBAHECAF_01430	MER0014317	32.530	166	82	9	19	165	1	155	1.13e-11	59.3
OBAHECAF_01430	MER0005089	30.303	165	86	10	18	165	1	153	2.67e-11	58.2
OBAHECAF_01430	MER0014314	31.515	165	84	9	18	165	1	153	9.10e-11	56.6
OBAHECAF_01430	MER0024901	29.861	144	84	8	18	150	1	138	1.21e-09	53.1
OBAHECAF_01430	MER0035031	26.500	200	117	8	5	183	11	201	9.44e-09	52.0
OBAHECAF_01430	MER0015583	26.220	164	83	5	18	155	1	152	6.20e-07	45.4
OBAHECAF_01430	MER0005954	27.072	181	111	7	12	174	32	209	3.50e-06	44.3
OBAHECAF_01445	MER0006293	32.110	218	132	5	94	303	1	210	2.64e-24	95.1
OBAHECAF_01445	MER0002637	27.751	209	148	3	96	303	3	209	4.82e-22	89.0
OBAHECAF_01445	MER0006292	27.885	208	108	9	99	304	6	173	8.27e-12	59.7
OBAHECAF_01445	MER0003824	24.800	250	157	9	61	304	39	263	1.07e-09	55.1
OBAHECAF_01445	MER0015215	36.364	77	48	1	107	182	14	90	8.43e-08	48.5
OBAHECAF_01445	MER0026550	27.753	227	122	10	98	303	1	206	2.07e-07	47.8
OBAHECAF_01498	MER0001158	50.074	675	329	2	31	697	3	677	0.0	687
OBAHECAF_01498	MER0001161	31.495	689	439	10	31	698	3	679	3.99e-111	348
OBAHECAF_01498	MER0006087	30.014	703	446	15	28	697	9	698	2.71e-97	312
OBAHECAF_01498	MER0015119	29.098	732	437	21	28	697	5	716	2.89e-89	291
OBAHECAF_01498	MER0001149	28.771	643	424	14	73	698	52	677	4.03e-67	231
OBAHECAF_01498	MER0108144	27.549	657	431	18	70	697	22	662	3.55e-59	208
OBAHECAF_01498	MER0001942	25.394	634	441	14	80	697	59	676	2.98e-50	183
OBAHECAF_01498	MER0079465	28.415	549	351	15	173	696	102	633	2.47e-49	180
OBAHECAF_01498	MER0003110	24.855	692	436	22	72	697	42	715	1.29e-47	176
OBAHECAF_01498	MER0015170	24.409	635	431	17	75	695	29	628	7.32e-45	167
OBAHECAF_01498	MER0001156	25.581	645	415	19	85	680	62	690	1.38e-44	167
OBAHECAF_01498	MER0001153	25.305	656	442	17	76	698	53	693	1.53e-43	164
OBAHECAF_01498	MER0021317	35.484	62	40	0	459	520	22	83	9.93e-07	44.3
OBAHECAF_01528	MER0192051	26.786	224	132	9	22	226	97	307	8.45e-10	56.2
OBAHECAF_01544	MER0001421	53.165	395	181	4	15	407	3	395	2.12e-149	426
OBAHECAF_01544	MER0028941	27.251	422	234	11	3	406	1	367	4.94e-33	124
OBAHECAF_01544	MER0369336	29.758	289	179	7	130	406	39	315	1.78e-26	105
OBAHECAF_01549	MER0001978	47.818	550	274	5	24	566	12	555	3.00e-173	499
OBAHECAF_01549	MER0011143	33.962	530	297	16	28	530	10	513	5.61e-82	264
OBAHECAF_01549	MER0011800	32.851	484	310	8	33	510	21	495	5.73e-78	254
OBAHECAF_01549	MER0011811	34.959	492	290	11	33	510	21	496	7.80e-74	243
OBAHECAF_01549	MER0011215	34.308	513	302	17	38	532	3	498	6.76e-73	238
OBAHECAF_01549	MER0011211	31.783	516	317	14	34	530	22	521	2.06e-69	231
OBAHECAF_01549	MER0001629	33.874	493	293	13	35	510	23	499	5.05e-66	221
OBAHECAF_01549	MER0005831	31.455	550	331	16	34	558	22	550	6.17e-66	221
OBAHECAF_01549	MER0005029	30.989	526	316	17	46	535	1	515	7.97e-66	220
OBAHECAF_01549	MER0003580	31.786	560	340	17	18	558	9	545	7.01e-65	218
OBAHECAF_01549	MER0004194	35.271	499	280	18	47	522	1	479	8.34e-65	217
OBAHECAF_01549	MER0006124	31.429	560	327	22	36	563	24	558	1.47e-61	209
OBAHECAF_01549	MER0004202	27.289	546	332	13	35	558	6	508	6.63e-60	204
OBAHECAF_01549	MER0002720	30.784	536	285	24	28	542	3	473	6.22e-48	171
OBAHECAF_01549	MER0002728	31.299	508	306	19	56	531	47	543	9.63e-44	161
OBAHECAF_01549	MER0001977	27.126	494	298	14	45	499	33	503	5.04e-43	159
OBAHECAF_01549	MER0094876	28.493	544	333	17	37	558	2	511	2.17e-41	153
OBAHECAF_01549	MER0011193	24.449	544	344	19	36	542	21	534	8.53e-37	140
OBAHECAF_01549	MER0016970	24.361	509	360	14	34	533	21	513	3.04e-31	124
OBAHECAF_01549	MER0006132	23.333	630	344	18	37	559	25	622	4.20e-27	112
OBAHECAF_01549	MER0002718	36.979	192	111	4	325	510	3	190	2.98e-26	102
OBAHECAF_01549	MER0003440	25.463	432	260	14	36	459	24	401	2.00e-24	102
OBAHECAF_01549	MER0002721	36.585	164	75	3	375	510	37	199	5.05e-24	98.2
OBAHECAF_01549	MER0026205	33.000	200	127	5	362	558	22	217	1.67e-22	93.2
OBAHECAF_01549	MER0001976	35.526	152	84	5	362	510	22	162	2.95e-16	74.7
OBAHECAF_01549	MER0026204	29.907	214	137	5	35	244	23	227	1.55e-15	73.2
OBAHECAF_01549	MER0026207	29.891	184	100	6	375	558	37	191	2.21e-15	72.0
OBAHECAF_01549	MER0037241	31.667	120	76	3	128	243	111	228	1.37e-08	52.4
OBAHECAF_01550	MER0037181	30.890	191	106	6	122	309	66	233	3.15e-19	83.2
OBAHECAF_01550	MER0002161	28.947	190	113	5	107	294	51	220	3.61e-16	74.3
OBAHECAF_01550	MER0005139	29.018	224	113	10	109	300	47	256	7.22e-14	67.8
OBAHECAF_01550	MER0005238	32.692	156	72	7	122	255	67	211	3.75e-12	62.8
OBAHECAF_01550	MER0005149	26.852	216	102	10	122	301	65	260	9.19e-12	61.6
OBAHECAF_01550	MER0001284	28.571	154	102	5	109	259	23	171	1.91e-11	60.5
OBAHECAF_01550	MER0005239	31.496	127	66	5	108	224	52	167	2.39e-11	60.5
OBAHECAF_01550	MER0002104	36.111	108	52	5	122	223	67	163	5.29e-11	59.3
OBAHECAF_01550	MER0015691	28.636	220	114	13	107	305	40	237	6.32e-11	58.9
OBAHECAF_01550	MER0005131	27.273	209	133	8	134	331	51	251	7.48e-11	58.5
OBAHECAF_01550	MER0015336	27.602	221	118	10	110	308	47	247	1.39e-10	57.8
OBAHECAF_01550	MER0001289	32.432	111	60	4	122	228	62	161	1.41e-09	55.1
OBAHECAF_01550	MER0004514	34.146	82	53	1	123	204	38	118	1.27e-08	52.0
OBAHECAF_01550	MER0194228	33.684	95	50	3	136	228	2	85	1.54e-08	50.8
OBAHECAF_01550	MER0011461	22.973	148	98	2	128	268	55	193	1.07e-07	48.9
OBAHECAF_01550	MER0005152	30.769	91	48	3	122	208	60	139	1.12e-07	49.3
OBAHECAF_01550	MER0029965	25.424	177	112	6	149	315	67	233	1.58e-06	45.4
OBAHECAF_01550	MER0011487	30.631	111	66	2	122	230	48	149	1.61e-06	45.4
OBAHECAF_01550	MER0005158	29.412	102	62	2	159	250	82	183	1.81e-06	45.4
OBAHECAF_01550	MER0015688	29.333	75	53	0	158	232	84	158	2.27e-06	45.1
OBAHECAF_01550	MER0001911	31.915	94	52	3	118	210	37	119	3.78e-06	44.3
OBAHECAF_01550	MER0011462	27.407	135	81	5	120	246	46	171	7.05e-06	43.5
OBAHECAF_01550	MER0013618	25.616	203	116	11	122	306	58	243	9.60e-06	43.5
OBAHECAF_01557	MER0014135	43.774	265	149	0	183	447	1	265	2.30e-79	244
OBAHECAF_01574	MER0001295	48.387	186	84	3	362	544	2	178	5.10e-54	180
OBAHECAF_01574	MER0003065	36.095	169	96	4	373	541	6	162	8.01e-25	98.6
OBAHECAF_01574	MER0003413	34.320	169	100	3	373	541	6	163	1.65e-24	97.8
OBAHECAF_01574	MER0003514	36.464	181	96	4	361	541	1	162	4.65e-24	96.3
OBAHECAF_01574	MER0001297	33.871	186	99	5	361	546	1	162	2.62e-23	94.4
OBAHECAF_01574	MER0001425	37.423	163	70	7	390	543	31	170	6.81e-20	84.7
OBAHECAF_01574	MER0005714	36.184	152	79	4	381	524	13	154	5.31e-19	82.0
OBAHECAF_01574	MER0015684	28.743	167	102	5	373	533	6	161	3.20e-16	73.9
OBAHECAF_01574	MER0004195	31.250	176	106	6	373	545	6	169	9.83e-16	72.4
OBAHECAF_01574	MER0004196	27.485	171	110	4	373	541	6	164	4.17e-14	67.8
OBAHECAF_01583	MER0002251	48.673	226	110	4	2	224	1	223	1.53e-74	223
OBAHECAF_01583	MER0001335	35.526	228	138	5	3	225	2	225	1.32e-41	139
OBAHECAF_01608	MER0034541	22.439	1435	951	50	483	1815	24	1398	1.75e-68	252
OBAHECAF_01643	MER0001236	36.054	441	253	10	49	469	55	486	5.84e-71	230
OBAHECAF_01643	MER0035089	42.122	311	176	4	154	462	38	346	1.51e-67	217
OBAHECAF_01643	MER0003825	37.368	380	211	8	109	464	66	442	3.54e-66	216
OBAHECAF_01643	MER0014397	36.723	354	217	5	115	462	1	353	6.20e-59	194
OBAHECAF_01643	MER0001238	37.188	320	188	6	155	467	175	488	2.18e-58	197
OBAHECAF_01643	MER0001235	35.310	371	220	9	108	466	121	483	3.63e-58	196
OBAHECAF_01643	MER0041673	34.232	371	231	5	105	464	106	474	2.40e-57	194
OBAHECAF_01643	MER0004597	36.760	321	190	6	154	467	36	350	1.80e-56	188
OBAHECAF_01643	MER0004598	36.111	324	186	8	155	467	37	350	2.30e-54	182
OBAHECAF_01643	MER0002497	36.070	341	205	8	133	463	89	426	1.58e-53	182
OBAHECAF_01643	MER0024892	36.909	317	182	9	154	462	89	395	3.42e-52	178
OBAHECAF_01643	MER0105906	34.049	326	188	11	150	461	157	469	1.34e-46	165
OBAHECAF_01643	MER0013416	34.503	342	196	11	138	466	53	379	1.34e-46	162
OBAHECAF_01643	MER0011357	34.824	313	181	11	137	434	193	497	2.10e-46	165
OBAHECAF_01643	MER0026959	37.190	242	148	4	197	435	3	243	5.08e-46	158
OBAHECAF_01643	MER0001240	36.095	338	193	9	117	437	131	462	2.20e-45	162
OBAHECAF_01643	MER0002271	34.756	328	194	9	146	462	165	483	9.32e-44	157
OBAHECAF_01643	MER0003919	31.536	371	236	11	108	469	11	372	1.02e-42	152
OBAHECAF_01643	MER0001910	34.708	291	180	7	153	435	175	463	1.41e-42	154
OBAHECAF_01643	MER0081108	32.479	234	126	8	232	436	227	457	1.01e-22	97.4
OBAHECAF_01643	MER0079520	30.992	242	147	10	153	379	177	413	2.55e-22	96.7
OBAHECAF_01684	MER0019096	25.316	158	102	5	353	508	55	198	4.33e-09	53.5
OBAHECAF_01684	MER0036308	24.719	178	125	4	319	488	37	213	4.33e-09	54.3
OBAHECAF_01684	MER0005328	25.862	174	111	5	319	477	28	198	6.55e-09	53.1
OBAHECAF_01684	MER0012283	25.654	191	107	5	319	487	39	216	1.42e-08	52.4
OBAHECAF_01684	MER0011345	24.352	193	107	7	319	486	39	217	6.07e-08	50.8
OBAHECAF_01684	MER0002755	23.864	176	117	5	319	480	29	201	1.43e-07	49.3
OBAHECAF_01684	MER0002746	24.324	148	107	2	361	505	85	230	2.73e-07	48.9
OBAHECAF_01684	MER0001009	21.196	184	118	4	361	532	23	191	2.31e-06	45.8
OBAHECAF_01684	MER0019730	34.211	76	41	3	344	418	71	138	4.22e-06	45.4
OBAHECAF_01684	MER0019759	24.667	150	109	2	348	495	72	219	5.25e-06	45.1
OBAHECAF_01684	MER0001010	20.408	147	94	2	361	495	64	199	7.85e-06	44.3
OBAHECAF_01701	MER0003105	42.802	257	141	4	294	546	1	255	9.07e-62	202
OBAHECAF_01701	MER0004321	44.788	259	135	5	294	546	1	257	2.30e-59	196
OBAHECAF_01701	MER0016542	41.912	272	128	6	296	539	3	272	1.28e-56	189
OBAHECAF_01701	MER0016544	39.068	279	143	6	294	546	1	278	1.19e-53	181
OBAHECAF_01701	MER0014518	40.467	257	146	5	296	546	3	258	9.10e-52	175
OBAHECAF_01701	MER0027437	38.554	249	148	3	295	540	2	248	2.85e-48	166
OBAHECAF_01701	MER0002039	39.676	247	147	1	294	540	1	245	4.66e-46	160
OBAHECAF_01701	MER0005462	31.304	230	138	9	295	520	2	215	4.57e-18	80.5
OBAHECAF_01701	MER0004532	27.434	226	139	8	307	520	2	214	6.72e-11	59.3
OBAHECAF_01701	MER0004931	28.824	170	103	6	357	520	58	215	4.93e-09	53.9
OBAHECAF_01741	MER0039993	38.636	704	410	12	25	714	1	696	1.23e-170	503
OBAHECAF_01741	MER0014366	37.147	708	418	13	18	714	21	712	2.08e-148	446
OBAHECAF_01741	MER0217397	35.942	690	417	11	39	714	1	679	6.02e-136	413
OBAHECAF_01741	MER0501051	36.965	257	153	6	23	275	2	253	1.26e-48	173
OBAHECAF_01741	MER0501051	38.983	177	98	6	543	713	227	399	2.17e-28	115
OBAHECAF_01757	MER0000589	45.098	51	24	1	40	86	193	243	2.72e-08	46.2
OBAHECAF_01757	MER0013626	41.667	36	21	0	40	75	110	145	2.19e-06	40.4
OBAHECAF_01788	MER0095620	39.718	355	194	6	49	386	5	356	1.26e-89	271
OBAHECAF_01788	MER0000728	22.572	381	230	14	42	380	52	409	3.99e-10	57.8
OBAHECAF_01788	MER0002481	21.190	420	267	18	16	387	29	432	2.10e-08	52.4
OBAHECAF_01788	MER0000727	21.772	395	245	12	38	386	52	428	2.35e-08	52.4
OBAHECAF_01788	MER0003534	21.875	384	245	9	42	387	53	419	9.46e-08	50.4
OBAHECAF_01788	MER0025190	29.348	92	55	2	283	365	104	194	1.44e-07	48.5
OBAHECAF_01788	MER0002628	22.727	374	235	10	44	379	55	412	1.54e-07	49.7
OBAHECAF_01788	MER0003535	21.622	370	233	11	49	379	60	411	1.74e-07	49.7
OBAHECAF_01788	MER0016115	41.304	46	27	0	320	365	156	201	6.67e-06	43.5
OBAHECAF_01788	MER0000660	32.099	81	46	1	294	365	121	201	7.33e-06	43.5
OBAHECAF_01788	MER0003417	32.099	81	45	2	294	365	118	197	8.01e-06	43.5
OBAHECAF_01789	MER0004925	57.252	262	111	1	537	797	1	262	1.98e-106	324
OBAHECAF_01789	MER0014827	56.107	262	114	1	537	797	1	262	4.96e-103	315
OBAHECAF_01789	MER0005196	30.000	200	105	7	556	740	22	201	3.14e-12	64.3
OBAHECAF_01789	MER0017401	29.730	148	89	4	657	794	96	238	8.34e-12	62.8
OBAHECAF_01789	MER0015682	25.200	250	161	8	556	795	73	306	1.24e-09	57.4
OBAHECAF_01789	MER0126485	28.846	156	100	3	640	786	74	227	2.85e-09	55.1
OBAHECAF_01789	MER0000401	26.994	163	96	6	646	795	107	259	6.72e-09	54.7
OBAHECAF_01789	MER0140224	27.404	208	128	7	607	795	35	238	1.53e-08	53.1
OBAHECAF_01789	MER0011413	31.293	147	84	6	647	781	85	226	1.93e-08	52.8
OBAHECAF_01789	MER0011583	28.758	153	81	6	645	774	77	224	2.81e-08	52.4
OBAHECAF_01789	MER0001920	26.168	214	123	9	608	795	42	246	1.21e-07	50.4
OBAHECAF_01789	MER0001423	33.945	109	59	4	644	743	80	184	1.52e-07	50.1
OBAHECAF_01789	MER0034615	28.873	142	85	4	646	774	90	228	2.41e-07	49.7
OBAHECAF_01789	MER0004923	26.255	259	160	9	540	784	39	280	6.92e-07	48.5
OBAHECAF_01789	MER0004199	27.778	144	92	7	656	795	87	222	7.82e-07	47.8
OBAHECAF_01789	MER0016096	24.490	147	92	5	654	785	97	239	1.12e-06	47.4
OBAHECAF_01808	MER0004035	44.643	112	56	3	97	207	5	111	2.10e-27	97.8
OBAHECAF_01808	MER0002443	43.220	118	63	2	92	208	3	117	1.47e-26	95.9
OBAHECAF_01808	MER0003986	39.640	111	62	3	90	198	1	108	9.47e-20	78.2
OBAHECAF_01808	MER0003805	42.857	119	59	5	90	207	1	111	2.76e-19	76.6
OBAHECAF_01808	MER0004054	37.607	117	65	5	98	209	9	122	5.72e-19	76.3
OBAHECAF_01808	MER0002450	41.667	120	61	6	90	208	1	112	1.72e-17	72.0
OBAHECAF_01808	MER0003808	41.525	118	60	6	90	206	1	110	7.18e-17	70.5
OBAHECAF_01808	MER0014188	41.489	94	46	3	90	182	1	86	4.75e-16	68.2
OBAHECAF_01808	MER0377310	41.228	114	58	6	90	202	1	106	1.16e-15	67.0
OBAHECAF_01808	MER0377307	41.228	114	58	6	90	202	1	106	1.16e-15	67.0
OBAHECAF_01808	MER0038100	37.288	118	59	6	100	207	12	124	4.22e-15	66.2
OBAHECAF_01808	MER0377178	40.952	105	55	5	98	202	9	106	3.25e-14	63.2
OBAHECAF_01808	MER0003807	33.333	111	68	3	90	198	1	107	1.26e-13	62.0
OBAHECAF_01808	MER0376722	43.750	96	45	6	97	191	8	95	1.15e-12	58.9
OBAHECAF_01808	MER0377450	42.268	97	48	4	90	185	1	90	5.62e-12	57.0
OBAHECAF_01808	MER0001322	32.773	119	62	6	90	204	1	105	8.07e-11	54.3
OBAHECAF_01808	MER0024252	31.707	82	51	2	102	183	14	90	4.29e-09	50.1
OBAHECAF_01808	MER0014672	32.584	89	47	1	90	165	1	89	2.77e-08	47.8
OBAHECAF_01911	MER0014065	34.314	102	64	2	13	111	31	132	2.97e-13	65.1
OBAHECAF_01911	MER0036053	29.814	161	104	5	10	165	3	159	1.41e-12	62.8
OBAHECAF_01911	MER0031619	33.043	115	72	3	11	120	22	136	3.40e-12	62.0
OBAHECAF_01911	MER0017177	29.060	117	80	2	7	120	26	142	1.48e-11	60.1
OBAHECAF_01911	MER0036115	26.606	109	78	1	13	119	33	141	3.31e-11	58.9
OBAHECAF_01911	MER0044581	30.392	102	64	3	16	110	72	173	2.34e-10	57.0
OBAHECAF_01911	MER0036072	27.523	109	71	1	13	113	78	186	4.61e-10	55.8
OBAHECAF_01911	MER0017142	23.077	247	178	5	3	242	2	243	4.92e-10	55.1
OBAHECAF_01911	MER0017193	32.941	85	56	1	6	89	16	100	5.26e-10	55.5
OBAHECAF_01911	MER0031617	23.853	109	81	1	10	116	29	137	1.17e-09	54.3
OBAHECAF_01911	MER0044578	29.412	102	65	3	16	110	74	175	1.86e-09	53.9
OBAHECAF_01911	MER0011785	28.387	155	99	4	1	150	22	169	4.21e-09	52.8
OBAHECAF_01911	MER0035973	25.701	214	144	7	5	211	45	250	6.01e-09	52.4
OBAHECAF_01911	MER0031611	22.868	258	182	9	6	247	30	286	7.52e-09	52.0
OBAHECAF_01911	MER0031610	31.373	102	67	2	16	115	55	155	7.65e-09	52.0
OBAHECAF_01911	MER0036075	27.778	108	74	3	7	110	62	169	7.80e-09	52.4
OBAHECAF_01911	MER0031616	29.412	102	66	2	15	111	39	139	1.24e-08	51.6
OBAHECAF_01911	MER0037236	29.060	117	78	2	7	118	11	127	1.27e-08	51.2
OBAHECAF_01911	MER0004146	29.808	104	68	2	16	114	20	123	3.59e-08	49.7
OBAHECAF_01911	MER0036084	26.852	108	74	2	11	113	14	121	4.15e-08	49.7
OBAHECAF_01911	MER0036065	34.615	104	59	4	16	111	3	105	4.37e-08	49.7
OBAHECAF_01911	MER0036076	22.568	257	150	9	14	254	60	283	4.52e-08	49.7
OBAHECAF_01911	MER0036057	29.825	114	77	3	16	126	63	176	4.86e-08	49.7
OBAHECAF_01911	MER0044350	25.773	97	69	1	15	108	1	97	5.49e-08	49.3
OBAHECAF_01911	MER0011509	26.316	114	80	2	15	124	38	151	1.14e-07	48.5
OBAHECAF_01911	MER0031614	22.222	243	169	8	16	247	84	317	1.52e-07	48.1
OBAHECAF_01911	MER0213829	22.053	263	157	11	12	232	43	299	2.45e-07	47.8
OBAHECAF_01911	MER0035035	24.510	102	73	2	14	112	34	134	3.88e-07	47.0
OBAHECAF_01911	MER0017033	28.571	112	79	1	2	112	51	162	4.07e-07	47.0
OBAHECAF_01911	MER0036064	22.957	257	150	9	15	244	27	262	5.24e-07	46.2
OBAHECAF_01911	MER0035043	26.531	98	68	2	14	108	34	130	6.00e-07	46.2
OBAHECAF_01911	MER0026339	24.111	253	164	9	6	235	13	260	1.13e-06	45.4
OBAHECAF_01911	MER0031618	29.323	133	81	7	6	129	25	153	1.54e-06	45.1
OBAHECAF_01911	MER0035038	24.762	105	67	2	14	111	29	128	1.92e-06	44.7
OBAHECAF_01911	MER0214939	29.091	110	73	5	14	119	2	110	3.52e-06	43.9
OBAHECAF_01911	MER0214730	26.316	133	92	4	14	140	2	134	3.68e-06	43.9
OBAHECAF_01916	MER0078640	38.398	362	196	7	11	360	1	347	8.24e-70	219
OBAHECAF_01916	MER0060647	37.088	364	201	7	11	360	1	350	1.18e-67	214
OBAHECAF_01916	MER0044812	40.741	243	125	5	138	367	4	240	1.08e-56	182
OBAHECAF_01916	MER0043540	37.555	229	138	3	138	365	1	225	4.74e-53	172
OBAHECAF_01916	MER0045945	42.000	200	111	4	161	360	15	209	1.65e-45	152
OBAHECAF_01916	MER0115185	51.724	145	68	1	215	359	1	143	4.29e-45	149
OBAHECAF_01916	MER0046161	38.813	219	115	4	161	365	33	246	1.10e-42	147
OBAHECAF_01916	MER0436691	30.943	265	140	5	101	360	14	240	4.54e-38	134
OBAHECAF_01916	MER0044882	29.655	145	88	7	213	346	15	156	1.47e-07	48.1
OBAHECAF_01916	MER0043537	34.615	78	40	2	192	264	14	85	3.24e-07	47.0
OBAHECAF_01916	MER0045094	24.260	169	104	5	192	346	26	184	4.13e-07	47.4
OBAHECAF_01916	MER0044622	29.114	158	105	5	194	346	45	200	4.81e-07	47.4
OBAHECAF_01947	MER0195774	33.520	179	117	1	20	198	1	177	1.09e-32	119
OBAHECAF_01947	MER0003448	27.317	205	146	2	20	224	2	203	9.07e-19	82.0
OBAHECAF_01947	MER0001218	30.159	189	119	5	19	198	25	209	7.49e-16	73.2
OBAHECAF_01947	MER0001229	24.057	212	150	3	20	227	2	206	9.74e-16	72.8
OBAHECAF_01947	MER0043985	24.057	212	150	3	20	227	2	206	2.15e-15	72.4
OBAHECAF_01947	MER0003543	25.000	208	152	3	20	227	2	205	1.80e-12	63.5
OBAHECAF_01947	MER0122186	28.022	182	123	4	20	198	22	198	1.86e-12	63.2
OBAHECAF_01947	MER0001233	25.806	217	144	8	20	225	2	212	2.41e-12	63.5
OBAHECAF_01947	MER0001214	27.848	158	108	3	19	174	25	178	1.37e-11	60.5
OBAHECAF_01947	MER0015259	25.543	184	128	4	20	198	26	205	1.23e-10	57.8
OBAHECAF_01947	MER0004423	28.289	152	99	5	56	206	33	175	4.04e-10	56.6
OBAHECAF_01947	MER0001220	25.000	208	133	6	33	228	1	197	4.16e-10	56.2
OBAHECAF_01947	MER0003386	35.294	85	53	2	20	102	26	110	5.08e-10	56.2
OBAHECAF_01947	MER0169735	34.737	95	61	1	19	112	15	109	1.04e-09	55.1
OBAHECAF_01947	MER0390687	29.139	151	93	4	27	174	1	140	2.59e-09	53.1
OBAHECAF_01947	MER0188967	27.368	190	116	5	56	232	3	183	3.33e-09	55.5
OBAHECAF_01947	MER0003823	26.842	190	124	7	19	198	25	209	4.99e-09	53.1
OBAHECAF_01947	MER0015090	22.927	205	154	3	20	224	2	202	9.42e-09	52.4
OBAHECAF_01947	MER0011096	23.936	188	130	4	20	198	26	209	1.05e-08	52.0
OBAHECAF_01947	MER0011744	25.532	188	127	6	20	198	26	209	1.20e-08	52.0
OBAHECAF_01947	MER0002283	32.520	123	80	2	19	139	25	146	1.93e-08	51.2
OBAHECAF_01947	MER0011292	29.630	108	75	1	36	142	64	171	2.77e-08	51.2
OBAHECAF_01947	MER0026957	20.918	196	142	4	45	233	22	211	1.12e-07	49.3
OBAHECAF_01947	MER0001219	23.121	173	116	6	20	181	26	192	2.81e-07	48.1
OBAHECAF_01947	MER0002423	28.676	136	95	2	19	153	25	159	2.93e-07	47.8
OBAHECAF_01947	MER0001413	26.852	108	77	2	20	126	30	136	3.73e-07	46.6
OBAHECAF_01947	MER0015270	22.249	418	270	16	56	430	6	411	4.50e-07	48.5
OBAHECAF_01947	MER0002345	27.692	130	91	3	19	146	25	153	1.40e-06	45.8
OBAHECAF_01947	MER0014333	28.302	212	121	11	20	213	2	200	1.98e-06	45.8
OBAHECAF_01947	MER0002008	27.094	203	116	9	20	207	2	187	2.14e-06	45.4
OBAHECAF_01947	MER0170820	40.741	54	31	1	56	108	33	86	5.30e-06	43.9
OBAHECAF_01948	MER0237414	28.507	221	141	7	32	239	3	219	1.28e-22	94.4
OBAHECAF_01948	MER0003448	24.766	214	152	5	29	234	1	213	4.38e-08	51.2
OBAHECAF_01948	MER0390687	25.150	167	116	5	38	196	1	166	3.63e-06	44.7
OBAHECAF_01950	MER0492485	37.226	137	83	2	12	146	11	146	7.63e-25	91.7
OBAHECAF_01990	MER0026545	37.113	194	89	8	52	225	88	268	2.02e-31	113
OBAHECAF_01990	MER0026552	38.365	159	90	2	56	214	8	158	3.82e-30	107
OBAHECAF_01990	MER0042387	30.500	200	110	5	33	224	2	180	6.31e-27	99.8
OBAHECAF_01990	MER0031491	31.818	176	104	5	62	226	20	190	2.85e-22	87.4
OBAHECAF_01990	MER0026496	30.286	175	108	3	62	225	100	271	6.28e-21	85.9
OBAHECAF_01990	MER0002639	25.000	156	114	3	64	219	16	168	3.66e-09	51.6
OBAHECAF_01990	MER0002642	20.809	173	114	4	64	226	16	175	3.77e-08	48.5
OBAHECAF_02022	MER0015121	32.184	87	42	2	215	284	70	156	1.69e-07	50.1
OBAHECAF_02035	MER0026494	33.333	474	288	7	1	455	4	468	1.14e-77	247
OBAHECAF_02035	MER0026471	30.561	481	310	7	1	462	5	480	1.04e-72	234
OBAHECAF_02035	MER0015142	30.252	476	300	9	1	454	33	498	9.68e-69	224
OBAHECAF_02035	MER0052470	23.747	459	295	12	13	440	9	443	4.25e-24	101
OBAHECAF_02035	MER0026485	32.857	210	123	6	1	198	4	207	5.73e-24	99.0
OBAHECAF_02035	MER0026485	29.808	104	71	1	355	458	207	308	6.01e-09	53.9
OBAHECAF_02035	MER0003397	32.673	202	106	6	17	198	17	208	4.08e-21	90.5
OBAHECAF_02035	MER0003397	32.184	87	59	0	364	450	215	301	1.56e-11	62.0
OBAHECAF_02035	MER0057434	29.469	207	124	7	6	198	1	199	2.10e-17	79.3
OBAHECAF_02035	MER0057434	33.696	92	59	1	355	446	199	288	6.84e-10	57.0
OBAHECAF_02035	MER0001272	29.452	146	84	5	21	164	11	139	1.42e-09	55.5
OBAHECAF_02035	MER0238460	27.879	165	98	8	75	236	89	235	8.59e-06	44.7
OBAHECAF_02072	MER0001313	25.926	189	86	6	7	189	13	153	1.38e-07	46.6
OBAHECAF_02077	MER0005767	29.245	318	185	8	68	384	27	305	3.50e-35	130
OBAHECAF_02077	MER0030136	21.303	399	291	11	20	400	2	395	2.55e-15	74.3
OBAHECAF_02077	MER0030143	21.859	398	290	11	20	400	2	395	7.47e-15	72.8
OBAHECAF_02077	MER0030151	21.465	396	294	10	20	400	2	395	7.28e-14	69.7
OBAHECAF_02077	MER0030155	20.707	396	297	9	20	400	2	395	3.77e-11	61.2
OBAHECAF_02079	MER0031610	34.836	244	151	5	18	254	58	300	2.01e-41	141
OBAHECAF_02079	MER0036115	32.143	112	70	3	4	110	23	133	8.89e-12	60.8
OBAHECAF_02079	MER0044900	23.485	264	165	9	17	248	97	355	6.26e-09	52.8
OBAHECAF_02079	MER0037236	22.989	261	173	10	4	246	9	259	1.53e-08	50.8
OBAHECAF_02079	MER0031614	34.653	101	55	3	15	108	84	180	3.55e-08	50.1
OBAHECAF_02079	MER0034563	33.636	110	66	3	3	108	2	108	4.86e-08	49.3
OBAHECAF_02079	MER0014065	31.731	104	66	3	11	110	30	132	1.16e-07	48.5
OBAHECAF_02079	MER0044858	23.488	281	154	13	16	248	57	324	2.04e-07	47.8
OBAHECAF_02079	MER0036053	23.574	263	166	11	10	244	4	259	4.23e-07	46.6
OBAHECAF_02079	MER0017177	24.294	177	117	5	4	172	24	191	7.97e-07	46.2
OBAHECAF_02079	MER0031619	29.524	105	70	2	14	115	28	131	8.03e-07	46.2
OBAHECAF_02079	MER0036072	24.390	123	83	3	10	123	76	197	1.57e-06	45.1
OBAHECAF_02079	MER0036057	24.390	246	154	9	15	243	63	293	5.14e-06	43.5
OBAHECAF_02089	MER0044622	43.684	190	95	6	3	183	28	214	3.15e-45	147
OBAHECAF_02089	MER0045094	40.816	196	102	5	3	185	14	208	3.92e-44	144
OBAHECAF_02089	MER0043394	43.030	165	89	3	25	185	1	164	2.37e-41	134
OBAHECAF_02089	MER0044882	43.275	171	88	5	23	184	1	171	2.53e-40	132
OBAHECAF_02089	MER0043392	37.857	140	81	3	46	183	23	158	7.40e-28	99.8
OBAHECAF_02089	MER0044619	30.412	194	119	10	1	184	8	195	1.27e-19	80.1
OBAHECAF_02089	MER0043537	27.174	184	126	3	3	182	2	181	4.78e-19	77.4
OBAHECAF_02089	MER0043195	30.500	200	117	7	4	182	8	206	5.99e-19	78.6
OBAHECAF_02089	MER0045095	28.774	212	122	7	1	184	15	225	1.06e-12	61.6
OBAHECAF_02089	MER0043387	30.769	143	93	4	43	183	27	165	4.92e-12	58.5
OBAHECAF_02089	MER0045945	28.070	171	103	6	24	185	53	212	6.32e-10	53.5
OBAHECAF_02089	MER0038086	26.957	115	79	1	74	183	109	223	7.58e-10	53.5
OBAHECAF_02089	MER0436735	26.455	189	100	6	35	185	35	222	1.53e-09	52.8
OBAHECAF_02089	MER0044889	32.432	111	72	2	74	183	91	199	5.82e-09	50.8
OBAHECAF_02089	MER0044812	25.000	164	110	5	15	173	68	223	5.17e-08	48.1
OBAHECAF_02089	MER0436691	25.503	149	97	5	42	183	100	241	6.09e-08	48.1
OBAHECAF_02089	MER0045886	27.523	109	78	1	74	182	85	192	2.08e-07	46.2
OBAHECAF_02089	MER0043540	25.926	135	84	5	46	174	87	211	9.59e-07	44.3
OBAHECAF_02098	MER0199417	38.462	208	103	7	37	242	10	194	2.57e-37	131
OBAHECAF_02098	MER0028004	28.012	332	201	11	37	351	6	316	4.98e-32	120
OBAHECAF_02098	MER0039929	33.491	212	115	7	37	246	8	195	9.63e-30	111
OBAHECAF_02098	MER0030326	27.586	261	167	10	36	287	5	252	1.81e-17	78.6
OBAHECAF_02098	MER0000831	24.359	234	151	8	39	254	8	233	4.04e-07	48.5
OBAHECAF_02098	MER1152299	31.132	106	64	2	184	289	50	146	1.22e-06	45.1
OBAHECAF_02110	MER0011700	27.322	366	223	10	43	368	1	363	1.65e-40	144
OBAHECAF_02110	MER0140154	27.381	336	200	11	58	352	1	333	7.04e-34	125
OBAHECAF_02110	MER0000459	24.465	327	219	9	46	355	12	327	4.45e-24	98.6
OBAHECAF_02110	MER0017069	23.708	329	239	7	52	373	4	327	1.10e-21	91.7
OBAHECAF_02110	MER0002489	26.599	297	190	10	59	337	24	310	7.71e-19	83.6
OBAHECAF_02110	MER1143079	27.124	306	174	11	60	351	13	283	1.37e-18	82.0
OBAHECAF_02110	MER0005923	30.645	124	80	2	36	154	1	123	9.21e-18	81.3
OBAHECAF_02110	MER0005923	29.918	244	115	11	133	343	187	407	3.12e-16	76.6
OBAHECAF_02110	MER0028284	24.198	343	225	11	51	372	5	333	9.21e-18	80.5
OBAHECAF_02110	MER0026262	23.636	330	221	11	46	352	4	325	5.13e-17	78.2
OBAHECAF_02110	MER0005925	26.437	174	115	4	58	219	17	189	8.91e-15	71.6
OBAHECAF_02110	MER0003802	26.877	253	162	10	65	312	22	256	1.60e-14	70.5
OBAHECAF_02110	MER0005964	22.340	282	185	7	38	294	1	273	6.04e-13	66.2
OBAHECAF_02110	MER0005836	24.569	232	150	8	58	275	25	245	8.30e-12	61.6
OBAHECAF_02110	MER0000457	20.199	302	222	10	59	352	22	312	9.21e-12	62.4
OBAHECAF_02110	MER0004154	22.189	338	216	14	60	366	18	339	1.57e-10	58.5
OBAHECAF_02110	MER0192873	27.468	233	132	10	96	301	1	223	2.04e-10	57.4
OBAHECAF_02110	MER0219770	25.784	287	171	14	49	312	5	272	3.06e-10	57.8
OBAHECAF_02110	MER0356183	26.180	233	148	8	64	276	2	230	9.76e-09	52.4
OBAHECAF_02110	MER0354941	24.064	187	122	5	59	226	11	196	2.07e-08	50.8
OBAHECAF_02110	MER0003800	22.619	336	207	13	43	328	16	348	3.42e-08	51.6
OBAHECAF_02110	MER0015683	21.649	194	142	6	39	226	19	208	8.32e-08	50.1
OBAHECAF_02110	MER0004090	22.000	350	206	14	59	352	24	362	2.43e-07	48.9
OBAHECAF_02110	MER0000463	22.472	178	131	4	49	225	7	178	3.90e-06	45.1
OBAHECAF_02155	MER0037236	24.206	252	169	6	13	243	11	261	4.02e-16	72.8
OBAHECAF_02155	MER0004146	24.409	254	169	8	11	243	10	261	1.87e-14	68.2
OBAHECAF_02155	MER0031611	25.869	259	163	6	17	249	35	290	1.93e-13	65.5
OBAHECAF_02155	MER0025512	25.728	206	123	5	65	242	96	299	1.39e-12	63.2
OBAHECAF_02155	MER0000436	24.823	282	160	9	15	253	17	289	4.35e-12	61.6
OBAHECAF_02155	MER0036053	23.774	265	165	7	14	243	1	263	2.58e-11	58.9
OBAHECAF_02155	MER0036078	24.576	236	145	8	16	238	26	241	9.82e-11	57.4
OBAHECAF_02155	MER0036066	22.041	245	162	8	22	242	1	240	1.24e-09	53.9
OBAHECAF_02155	MER0036068	23.651	241	162	8	22	241	54	293	3.19e-09	53.1
OBAHECAF_02155	MER0011509	33.028	109	65	3	20	121	37	144	4.88e-09	52.8
OBAHECAF_02155	MER0036054	22.780	259	162	8	22	243	17	274	7.81e-08	48.9
OBAHECAF_02155	MER0017033	20.769	260	177	9	6	243	48	300	1.45e-07	48.1
OBAHECAF_02155	MER0035973	25.339	221	124	11	47	242	82	286	3.31e-07	47.0
OBAHECAF_02155	MER0011785	29.661	118	67	4	18	123	31	144	1.40e-06	45.4
OBAHECAF_02155	MER0036076	22.689	238	157	9	22	241	63	291	2.05e-06	44.7
OBAHECAF_02155	MER0036059	36.207	58	37	0	184	241	293	350	2.47e-06	44.7
OBAHECAF_02155	MER0036067	22.458	236	163	6	22	238	52	286	4.91e-06	43.5
OBAHECAF_02182	MER0004090	28.974	390	223	14	578	940	1	363	1.69e-31	124
OBAHECAF_02182	MER0035017	23.753	421	252	17	586	963	1	395	3.40e-28	115
OBAHECAF_02182	MER0003800	27.136	398	224	15	576	940	6	370	1.27e-21	95.5
OBAHECAF_02182	MER0006204	24.138	116	83	2	587	698	6	120	9.63e-08	52.0
OBAHECAF_02182	MER0354941	26.341	205	105	7	602	788	11	187	1.06e-07	50.1
OBAHECAF_02194	MER0061102	24.153	236	146	7	50	260	4	231	1.33e-13	65.5
