LIOGPOLJ_00010	MER0066178	28.415	183	118	6	38	219	3	173	3.13e-11	58.5
LIOGPOLJ_00029	MER0100667	29.224	219	124	9	98	307	19	215	1.52e-14	69.3
LIOGPOLJ_00029	MER0002161	26.667	255	135	12	42	291	27	234	5.68e-11	59.7
LIOGPOLJ_00029	MER0001290	29.885	174	106	5	41	213	46	204	1.08e-10	59.3
LIOGPOLJ_00029	MER0001289	27.273	220	121	9	100	303	59	255	1.54e-10	58.2
LIOGPOLJ_00029	MER0194228	27.363	201	110	8	116	303	2	179	3.63e-10	56.2
LIOGPOLJ_00029	MER0037181	28.736	174	111	6	119	291	73	234	3.90e-09	54.3
LIOGPOLJ_00029	MER0013618	30.769	195	92	10	97	271	52	223	1.04e-08	53.1
LIOGPOLJ_00029	MER0032443	26.471	170	107	3	103	262	39	200	7.26e-08	50.1
LIOGPOLJ_00029	MER0004514	24.138	174	116	5	114	282	49	211	1.61e-06	45.8
LIOGPOLJ_00029	MER0015094	24.742	291	152	15	42	292	19	282	2.00e-06	45.8
LIOGPOLJ_00029	MER0001284	26.901	171	111	6	116	282	51	211	2.25e-06	45.4
LIOGPOLJ_00029	MER0015095	22.680	291	158	12	42	292	19	282	4.01e-06	45.1
LIOGPOLJ_00029	MER0044627	31.193	109	59	2	115	217	16	114	8.39e-06	43.1
LIOGPOLJ_00030	MER0001602	42.857	126	72	0	88	213	15	140	1.72e-35	120
LIOGPOLJ_00030	MER0027775	28.788	132	68	5	81	209	8	116	2.77e-08	47.8
LIOGPOLJ_00086	MER0003339	21.893	338	230	10	3	319	211	535	2.96e-08	51.6
LIOGPOLJ_00169	MER0066178	27.083	192	125	7	22	212	6	183	3.66e-09	52.4
LIOGPOLJ_00179	MER0073084	22.287	516	333	16	21	504	1	480	2.13e-22	97.8
LIOGPOLJ_00212	MER0013623	51.948	154	73	1	106	259	1	153	1.67e-51	168
LIOGPOLJ_00212	MER0003850	48.851	174	86	3	106	277	3	175	1.96e-51	169
LIOGPOLJ_00212	MER0004111	51.613	155	74	1	106	259	1	155	2.09e-50	166
LIOGPOLJ_00212	MER0000268	53.548	155	70	2	106	259	1	154	1.38e-49	163
LIOGPOLJ_00212	MER0001372	52.564	156	72	2	106	259	1	156	1.65e-45	153
LIOGPOLJ_00212	MER0005468	47.799	159	77	3	106	259	1	158	1.16e-44	150
LIOGPOLJ_00212	MER0001945	48.428	159	77	2	106	259	1	159	7.55e-44	148
LIOGPOLJ_00212	MER0000266	49.359	156	77	2	106	259	1	156	1.33e-43	147
LIOGPOLJ_00212	MER0003290	47.799	159	75	3	106	259	1	156	2.69e-41	142
LIOGPOLJ_00212	MER0004673	34.909	275	144	5	106	356	2	265	1.67e-39	140
LIOGPOLJ_00212	MER0001373	48.734	158	77	2	106	259	1	158	2.10e-39	137
LIOGPOLJ_00212	MER0004149	45.399	163	80	3	106	259	1	163	7.88e-39	135
LIOGPOLJ_00212	MER0003293	46.711	152	73	3	106	253	1	148	9.89e-37	129
LIOGPOLJ_00212	MER0010944	43.605	172	78	5	106	259	1	171	2.60e-35	126
LIOGPOLJ_00212	MER0002577	43.671	158	80	3	106	259	1	153	3.30e-34	122
LIOGPOLJ_00212	MER0004086	43.709	151	77	3	116	259	13	162	7.14e-33	119
LIOGPOLJ_00212	MER0028330	42.405	158	82	3	106	259	1	153	3.04e-32	117
LIOGPOLJ_00212	MER0016351	41.139	158	84	3	106	259	1	153	4.00e-32	117
LIOGPOLJ_00212	MER0014795	41.463	164	81	3	106	259	1	159	5.37e-32	117
LIOGPOLJ_00212	MER0016031	42.515	167	82	5	106	259	1	166	7.77e-32	116
LIOGPOLJ_00212	MER0004093	41.139	158	84	3	106	259	1	153	2.15e-29	109
LIOGPOLJ_00212	MER0022668	38.596	171	88	5	106	259	1	171	2.43e-29	110
LIOGPOLJ_00212	MER0011375	39.375	160	85	5	106	259	1	154	2.16e-27	104
LIOGPOLJ_00212	MER0006096	41.045	134	72	3	130	259	1	131	5.63e-27	102
LIOGPOLJ_00212	MER0005093	35.625	160	88	4	106	250	1	160	3.80e-24	95.5
LIOGPOLJ_00212	MER0015583	40.268	149	77	4	106	242	1	149	4.81e-24	95.1
LIOGPOLJ_00212	MER0063616	35.583	163	85	7	109	259	5	159	9.84e-18	77.4
LIOGPOLJ_00212	MER0005094	30.000	160	95	7	106	254	1	154	5.13e-12	60.8
LIOGPOLJ_00212	MER0014318	37.037	135	71	8	106	231	1	130	1.95e-10	56.2
LIOGPOLJ_00212	MER0014317	30.128	156	98	7	107	254	1	153	1.18e-09	53.9
LIOGPOLJ_00212	MER0024901	35.417	144	78	9	106	240	1	138	2.44e-09	52.8
LIOGPOLJ_00212	MER0005090	33.083	133	79	6	106	231	1	130	7.17e-09	51.6
LIOGPOLJ_00212	MER0014314	33.083	133	79	6	106	231	1	130	7.97e-09	51.6
LIOGPOLJ_00212	MER0004696	27.465	142	92	6	106	240	1	138	2.06e-07	47.0
LIOGPOLJ_00212	MER0005089	30.075	133	83	7	106	231	1	130	8.85e-06	42.7
LIOGPOLJ_00268	MER0002959	35.023	217	139	1	413	629	73	287	4.78e-40	145
LIOGPOLJ_00268	MER0011097	35.135	185	118	1	424	608	79	261	4.99e-30	116
LIOGPOLJ_00268	MER0011097	34.783	69	45	0	236	304	4	72	8.36e-07	47.8
LIOGPOLJ_00299	MER0065588	39.286	196	116	3	1	193	1	196	1.93e-49	156
LIOGPOLJ_00299	MER0043387	28.261	138	72	6	62	191	47	165	1.09e-09	52.4
LIOGPOLJ_00299	MER0038086	29.771	131	72	4	69	191	105	223	9.52e-09	50.4
LIOGPOLJ_00299	MER0044889	29.851	134	74	6	63	191	81	199	3.96e-06	42.7
LIOGPOLJ_00357	MER0026545	38.462	182	88	5	89	258	99	268	3.69e-32	116
LIOGPOLJ_00357	MER0042387	32.727	165	104	3	91	253	17	176	8.63e-29	105
LIOGPOLJ_00357	MER0026552	36.257	171	92	5	81	247	1	158	3.33e-26	98.2
LIOGPOLJ_00357	MER0026496	30.460	174	110	5	94	258	100	271	2.27e-19	82.4
LIOGPOLJ_00357	MER0031491	25.749	167	113	4	94	252	20	183	2.33e-17	75.1
LIOGPOLJ_00357	MER0002642	24.026	154	103	6	104	252	24	168	1.34e-07	47.4
LIOGPOLJ_00357	MER0002639	25.641	156	102	5	102	252	22	168	6.23e-07	45.4
LIOGPOLJ_00361	MER0005300	25.641	117	76	2	299	404	46	162	4.23e-06	43.5
LIOGPOLJ_00361	MER0013541	55.263	38	16	1	338	374	31	68	8.87e-06	40.8
LIOGPOLJ_00373	MER0033186	36.875	320	194	3	67	381	1	317	3.47e-62	200
LIOGPOLJ_00387	MER0001313	29.545	88	58	2	77	164	81	164	1.24e-08	48.5
LIOGPOLJ_00391	MER0015166	26.786	224	143	4	206	408	4	227	3.43e-22	92.8
LIOGPOLJ_00391	MER0011720	31.250	208	122	6	210	407	1	197	1.33e-21	90.5
LIOGPOLJ_00391	MER0001012	29.224	219	136	5	210	412	1	216	3.15e-21	89.7
LIOGPOLJ_00391	MER0001017	32.314	229	104	9	242	443	38	242	3.50e-20	87.4
LIOGPOLJ_00391	MER0011183	27.907	215	138	6	232	431	10	222	2.50e-19	84.3
LIOGPOLJ_00391	MER0002746	29.907	214	135	6	232	431	18	230	5.58e-19	83.6
LIOGPOLJ_00391	MER0002968	28.251	223	140	7	210	416	1	219	1.07e-18	82.4
LIOGPOLJ_00391	MER0019759	27.941	204	127	4	244	431	30	229	1.64e-18	82.0
LIOGPOLJ_00391	MER0002422	29.310	174	114	4	244	408	29	202	3.17e-18	80.5
LIOGPOLJ_00391	MER0091680	29.767	215	126	7	234	430	11	218	1.21e-17	79.3
LIOGPOLJ_00391	MER0036308	32.418	182	98	6	246	413	42	212	1.63e-17	79.3
LIOGPOLJ_00391	MER0002003	27.523	218	138	5	210	410	1	215	2.17e-17	78.6
LIOGPOLJ_00391	MER0002060	28.037	214	140	5	210	410	1	213	5.45e-17	77.4
LIOGPOLJ_00391	MER0002355	28.365	208	134	4	210	407	1	203	6.40e-17	77.0
LIOGPOLJ_00391	MER0011438	29.843	191	105	5	232	401	17	199	9.15e-17	76.6
LIOGPOLJ_00391	MER0011440	28.205	195	119	4	230	407	15	205	1.05e-16	76.6
LIOGPOLJ_00391	MER0001013	30.159	189	110	6	239	412	36	217	4.84e-16	75.1
LIOGPOLJ_00391	MER0168983	31.073	177	100	6	246	414	2	164	1.63e-15	71.6
LIOGPOLJ_00391	MER0005331	28.042	189	122	5	235	410	21	208	3.36e-15	72.0
LIOGPOLJ_00391	MER0005328	31.250	176	101	5	242	402	27	197	7.46e-15	70.5
LIOGPOLJ_00391	MER0028449	25.893	224	137	5	209	409	1	218	8.17e-15	71.2
LIOGPOLJ_00391	MER0012283	29.121	182	108	6	247	414	43	217	1.47e-14	70.1
LIOGPOLJ_00391	MER0011345	30.366	191	112	6	241	416	37	221	1.67e-14	70.5
LIOGPOLJ_00391	MER0001701	30.151	199	109	8	232	408	6	196	1.71e-14	70.1
LIOGPOLJ_00391	MER0011369	26.126	222	133	4	213	412	13	225	1.84e-14	70.1
LIOGPOLJ_00391	MER0001010	30.303	198	99	7	238	409	3	187	8.10e-14	67.8
LIOGPOLJ_00391	MER0000997	29.016	193	119	5	232	407	21	212	2.14e-13	66.6
LIOGPOLJ_00391	MER0005046	28.351	194	115	5	232	407	6	193	2.33e-13	66.2
LIOGPOLJ_00391	MER0001185	26.316	209	131	5	217	407	7	210	3.03e-13	66.2
LIOGPOLJ_00391	MER0006264	28.649	185	108	6	244	410	2	180	6.34e-13	64.7
LIOGPOLJ_00391	MER0002281	28.378	222	132	8	219	418	8	224	7.89e-13	65.5
LIOGPOLJ_00391	MER0011401	26.087	161	102	2	260	403	38	198	8.48e-13	64.7
LIOGPOLJ_00391	MER0011370	29.189	185	110	5	245	412	30	210	1.98e-12	63.9
LIOGPOLJ_00391	MER0004243	29.442	197	113	5	232	407	20	211	2.28e-12	63.9
LIOGPOLJ_00391	MER0011423	37.143	105	55	4	228	323	14	116	4.61e-12	62.8
LIOGPOLJ_00391	MER0002755	30.994	171	99	6	250	407	38	202	4.65e-12	62.4
LIOGPOLJ_00391	MER0001009	28.916	166	89	4	292	438	20	175	8.90e-12	62.0
LIOGPOLJ_00391	MER0011399	27.511	229	144	8	215	427	1	223	1.09e-11	62.0
LIOGPOLJ_00391	MER0011175	26.289	194	122	5	232	408	17	206	1.13e-11	61.6
LIOGPOLJ_00391	MER0026830	30.435	115	71	2	235	346	23	131	4.73e-11	59.3
LIOGPOLJ_00391	MER0012271	29.534	193	113	6	250	425	49	235	8.79e-11	59.7
LIOGPOLJ_00391	MER0002078	39.759	83	46	2	245	323	31	113	1.42e-10	58.9
LIOGPOLJ_00391	MER0002210	40.506	79	41	3	259	331	2	80	1.08e-09	54.7
LIOGPOLJ_00391	MER0011371	27.381	168	109	4	255	409	41	208	1.46e-09	55.5
LIOGPOLJ_00391	MER0003916	27.044	159	97	4	230	370	4	161	3.12e-09	53.9
LIOGPOLJ_00391	MER0019754	35.714	98	59	2	235	328	3	100	6.60e-09	53.1
LIOGPOLJ_00391	MER0011400	26.368	201	122	7	254	431	40	237	6.82e-09	53.9
LIOGPOLJ_00391	MER0052595	25.000	192	121	4	235	407	28	215	1.31e-08	52.8
LIOGPOLJ_00391	MER0168177	29.197	137	86	4	283	413	33	164	2.38e-08	50.8
LIOGPOLJ_00391	MER0001003	28.324	173	107	5	247	404	7	177	8.57e-08	49.7
LIOGPOLJ_00391	MER0005045	23.316	193	120	5	232	404	6	190	9.34e-08	49.7
LIOGPOLJ_00391	MER0016308	32.558	86	52	2	247	328	7	90	1.09e-07	49.3
LIOGPOLJ_00391	MER0001005	24.260	169	106	6	254	404	5	169	3.43e-07	47.8
LIOGPOLJ_00391	MER0116688	31.395	86	55	1	244	325	30	115	2.11e-06	46.2
LIOGPOLJ_00391	MER0171631	33.028	109	67	3	237	339	22	130	3.40e-06	45.4
LIOGPOLJ_00391	MER0003500	34.146	82	48	3	247	324	22	101	4.47e-06	45.1
LIOGPOLJ_00410	MER0004775	55.349	215	89	2	1	212	448	658	1.39e-76	239
LIOGPOLJ_00410	MER0002988	41.667	216	120	3	1	212	480	693	8.36e-54	179
LIOGPOLJ_00410	MER0001056	40.654	214	122	3	1	212	467	677	6.98e-53	177
LIOGPOLJ_00410	MER0011141	40.455	220	115	5	1	212	478	689	4.52e-52	175
LIOGPOLJ_00410	MER0001058	41.509	212	112	3	1	212	427	626	5.55e-52	174
LIOGPOLJ_00410	MER0001991	41.872	203	115	2	1	201	467	668	8.89e-52	174
LIOGPOLJ_00410	MER0001050	40.566	212	120	3	5	212	490	699	6.70e-50	169
LIOGPOLJ_00410	MER0013406	41.509	212	118	3	5	212	487	696	2.29e-49	167
LIOGPOLJ_00410	MER0004762	40.758	211	118	4	6	212	482	689	9.66e-49	166
LIOGPOLJ_00410	MER0002997	38.991	218	123	4	2	212	475	689	2.35e-48	164
LIOGPOLJ_00410	MER0019832	40.566	212	113	3	1	212	450	648	2.62e-48	164
LIOGPOLJ_00410	MER0011159	38.967	213	125	3	3	212	472	682	1.50e-47	162
LIOGPOLJ_00410	MER0002350	39.352	216	124	3	2	212	483	696	2.68e-47	162
LIOGPOLJ_00410	MER0019831	38.356	219	123	4	2	212	437	651	4.29e-47	160
LIOGPOLJ_00410	MER0001365	38.914	221	122	5	3	212	513	731	1.41e-44	154
LIOGPOLJ_00410	MER0011838	34.579	214	135	3	1	212	471	681	4.21e-42	147
LIOGPOLJ_00410	MER0005528	36.620	213	130	3	3	212	475	685	4.39e-42	147
LIOGPOLJ_00410	MER0002285	38.863	211	123	3	6	212	441	649	7.03e-42	146
LIOGPOLJ_00410	MER0015175	36.842	228	128	4	1	212	523	750	9.47e-42	147
LIOGPOLJ_00410	MER0024834	38.462	182	105	4	36	212	2	181	5.25e-39	129
LIOGPOLJ_00410	MER0162857	33.784	222	132	5	3	212	528	746	8.37e-37	132
LIOGPOLJ_00410	MER0038668	32.895	228	136	4	2	212	376	603	8.88e-37	132
LIOGPOLJ_00410	MER0001059	52.137	117	55	1	1	117	431	546	5.84e-36	129
LIOGPOLJ_00410	MER0002062	34.450	209	126	4	2	201	485	691	5.32e-35	127
LIOGPOLJ_00410	MER0011433	34.158	202	118	5	13	201	468	667	2.47e-28	108
LIOGPOLJ_00410	MER0011432	34.158	202	118	5	13	201	468	667	4.81e-28	107
LIOGPOLJ_00410	MER0011427	29.148	223	138	6	6	212	465	683	5.47e-27	104
LIOGPOLJ_00410	MER0026946	30.986	213	130	6	2	212	57	254	6.89e-24	92.4
LIOGPOLJ_00410	MER0011430	31.925	213	129	7	10	212	451	657	8.93e-23	92.4
LIOGPOLJ_00410	MER0011355	28.311	219	144	7	4	212	451	666	1.02e-21	89.4
LIOGPOLJ_00410	MER0002990	29.717	212	135	7	7	212	444	647	2.99e-20	85.1
LIOGPOLJ_00410	MER0004778	28.241	216	128	7	15	212	520	726	5.21e-20	84.7
LIOGPOLJ_00410	MER0001054	29.680	219	127	7	1	212	463	661	9.46e-20	84.0
LIOGPOLJ_00410	MER0002991	28.372	215	140	5	6	212	472	680	4.42e-17	75.9
LIOGPOLJ_00410	MER0002989	27.230	213	136	6	6	212	441	640	6.61e-17	75.5
LIOGPOLJ_00410	MER0002987	29.442	197	135	4	7	201	375	569	2.79e-15	70.9
LIOGPOLJ_00410	MER0011429	26.699	206	143	4	5	204	450	653	4.52e-15	70.1
LIOGPOLJ_00410	MER0004761	35.955	89	57	0	6	94	451	539	3.78e-14	67.4
LIOGPOLJ_00410	MER0002993	32.203	118	72	3	10	121	459	574	1.05e-13	66.2
LIOGPOLJ_00410	MER0011195	26.147	218	125	8	3	212	466	655	7.46e-12	60.8
LIOGPOLJ_00410	MER0004763	33.333	111	69	2	6	113	304	412	9.98e-11	57.4
LIOGPOLJ_00410	MER0015181	34.884	86	55	1	6	91	440	524	8.04e-10	54.7
LIOGPOLJ_00410	MER0011151	33.333	60	40	0	6	65	187	246	1.08e-09	53.9
LIOGPOLJ_00410	MER0011486	33.945	109	56	4	15	121	435	529	8.54e-09	51.6
LIOGPOLJ_00410	MER0011306	25.967	181	111	5	15	193	472	631	8.24e-08	48.9
LIOGPOLJ_00410	MER0002999	35.714	70	43	1	3	70	447	516	1.11e-07	48.1
LIOGPOLJ_00430	MER0015473	35.616	146	82	4	47	180	37	182	2.82e-15	68.9
LIOGPOLJ_00430	MER0048181	30.769	143	83	2	47	174	1	142	4.00e-14	64.3
LIOGPOLJ_00430	MER0015472	28.777	139	96	1	43	178	41	179	1.10e-11	58.9
LIOGPOLJ_00430	MER0035036	31.884	138	84	3	47	178	88	221	2.46e-09	52.8
LIOGPOLJ_00430	MER0015462	36.145	83	51	1	38	120	39	119	4.15e-09	51.2
LIOGPOLJ_00430	MER0017194	35.821	134	73	5	7	130	16	146	4.36e-09	51.6
LIOGPOLJ_00430	MER0015459	32.653	147	89	3	39	185	42	178	6.63e-09	51.2
LIOGPOLJ_00430	MER0030047	30.147	136	83	4	50	178	1	131	1.17e-08	48.9
LIOGPOLJ_00430	MER0015632	25.466	161	97	5	39	188	37	185	2.21e-08	49.7
LIOGPOLJ_00430	MER0015458	27.179	195	105	7	42	209	47	231	1.90e-06	44.3
LIOGPOLJ_00430	MER0015659	34.940	83	51	1	39	121	42	121	9.25e-06	42.0
LIOGPOLJ_00510	MER0192051	25.112	223	141	7	18	224	95	307	6.74e-10	56.2
LIOGPOLJ_00530	MER0078640	38.567	363	195	8	11	361	1	347	2.64e-72	226
LIOGPOLJ_00530	MER0060647	35.890	365	207	9	11	362	1	351	5.16e-65	207
LIOGPOLJ_00530	MER0043540	42.081	221	119	4	144	363	10	222	3.83e-57	183
LIOGPOLJ_00530	MER0044812	41.304	230	119	3	150	366	12	238	9.13e-56	180
LIOGPOLJ_00530	MER0046161	42.424	231	111	6	153	366	21	246	1.33e-49	165
LIOGPOLJ_00530	MER0045945	42.647	204	112	4	162	365	15	213	5.41e-47	157
LIOGPOLJ_00530	MER0115185	50.345	145	70	1	216	360	1	143	6.77e-44	146
LIOGPOLJ_00530	MER0436691	30.496	282	149	5	93	365	1	244	2.19e-41	143
LIOGPOLJ_00530	MER0044882	30.769	143	87	5	215	347	16	156	5.05e-09	52.4
LIOGPOLJ_00530	MER0045886	33.708	89	55	3	183	269	14	100	8.08e-07	46.6
LIOGPOLJ_00530	MER0043537	31.507	73	49	1	193	265	14	85	1.25e-06	45.4
LIOGPOLJ_00530	MER0043195	25.294	170	100	7	223	371	54	217	3.55e-06	44.7
LIOGPOLJ_00542	MER0021822	29.434	265	160	6	236	481	59	315	1.87e-25	106
LIOGPOLJ_00542	MER0005813	31.224	237	138	6	219	440	45	271	4.32e-25	105
LIOGPOLJ_00542	MER0011253	33.962	159	90	5	238	394	61	206	1.69e-20	90.9
LIOGPOLJ_00542	MER0003004	31.754	211	125	5	247	440	64	272	3.48e-19	87.4
LIOGPOLJ_00542	MER0001608	30.332	211	128	7	236	437	53	253	4.23e-19	87.0
LIOGPOLJ_00542	MER0001190	28.854	253	153	8	238	481	59	293	7.24e-19	86.3
LIOGPOLJ_00542	MER0011412	33.728	169	95	5	241	405	56	211	1.45e-18	85.1
LIOGPOLJ_00542	MER0001212	34.239	184	103	6	219	394	44	217	2.03e-18	85.1
LIOGPOLJ_00542	MER0001191	27.347	245	167	6	238	481	59	293	2.11e-18	84.7
LIOGPOLJ_00542	MER0016044	29.787	235	125	9	221	437	47	259	2.57e-18	84.7
LIOGPOLJ_00542	MER0003003	35.256	156	90	3	247	393	69	222	3.80e-18	84.3
LIOGPOLJ_00542	MER0023950	34.132	167	89	6	238	387	58	220	5.12e-18	84.0
LIOGPOLJ_00542	MER0017121	29.134	254	151	10	238	481	59	293	6.24e-18	83.6
LIOGPOLJ_00542	MER0011681	25.397	252	163	6	247	481	68	311	1.48e-17	82.8
LIOGPOLJ_00542	MER0001189	29.183	257	156	10	235	482	56	295	2.45e-17	81.6
LIOGPOLJ_00542	MER0011312	33.155	187	106	6	212	394	38	209	3.70e-17	81.3
LIOGPOLJ_00542	MER0001196	27.941	272	165	10	220	482	43	292	4.39e-17	80.9
LIOGPOLJ_00542	MER0003908	32.317	164	96	6	236	394	58	211	6.15e-17	80.5
LIOGPOLJ_00542	MER0011155	30.876	217	117	9	239	440	60	258	1.63e-16	79.3
LIOGPOLJ_00542	MER0011308	33.649	211	117	8	239	437	59	258	2.16e-16	79.0
LIOGPOLJ_00542	MER0013421	31.646	158	98	4	238	394	60	208	5.03e-16	77.8
LIOGPOLJ_00542	MER0011153	33.775	151	84	6	247	394	68	205	7.69e-16	77.0
LIOGPOLJ_00542	MER0011506	33.728	169	95	6	241	405	61	216	9.85e-16	77.0
LIOGPOLJ_00542	MER0004975	31.892	185	110	7	212	394	38	208	7.85e-15	74.3
LIOGPOLJ_00542	MER0011260	32.314	229	122	12	226	437	47	259	1.35e-14	73.6
LIOGPOLJ_00542	MER0011257	31.863	204	115	10	248	440	70	260	1.40e-14	73.2
LIOGPOLJ_00542	MER0001193	28.821	229	139	8	221	438	47	262	1.73e-14	73.2
LIOGPOLJ_00542	MER0003006	30.000	160	97	5	237	394	40	186	1.94e-14	72.8
LIOGPOLJ_00542	MER0013456	27.586	203	123	8	247	437	68	258	3.11e-14	72.4
LIOGPOLJ_00542	MER0011256	33.540	161	90	6	238	394	50	197	4.84e-14	71.6
LIOGPOLJ_00542	MER0011307	31.447	159	95	6	239	394	59	206	5.98e-14	71.6
LIOGPOLJ_00542	MER0011255	29.388	245	150	10	238	474	61	290	8.40e-14	71.2
LIOGPOLJ_00542	MER0002357	31.169	154	93	4	248	394	71	218	5.28e-13	68.9
LIOGPOLJ_00542	MER0045266	28.333	180	115	5	219	396	39	206	7.30e-13	68.2
LIOGPOLJ_00542	MER0037222	31.285	179	106	7	219	394	45	209	2.38e-12	66.6
LIOGPOLJ_00542	MER0011311	30.114	176	100	7	224	394	50	207	3.40e-12	66.2
LIOGPOLJ_00542	MER0011258	28.395	162	100	5	235	394	117	264	4.15e-12	66.6
LIOGPOLJ_00542	MER0011254	30.769	156	95	5	241	394	64	208	4.53e-12	65.9
LIOGPOLJ_00542	MER0005814	27.811	169	111	4	241	406	64	224	8.04e-12	65.1
LIOGPOLJ_00542	MER0011485	30.435	184	105	7	272	444	89	260	1.74e-11	63.9
LIOGPOLJ_00542	MER0013471	27.011	174	99	5	236	409	58	203	7.19e-11	62.8
LIOGPOLJ_00542	MER0004959	26.957	115	71	3	219	333	44	145	3.73e-06	47.8
LIOGPOLJ_00542	MER0001505	29.661	118	76	2	278	389	97	213	7.55e-06	46.6
LIOGPOLJ_00563	MER0066178	25.664	226	137	9	28	236	3	214	4.88e-06	43.9
LIOGPOLJ_00585	MER0036308	30.000	150	94	3	336	477	58	204	3.37e-12	63.5
LIOGPOLJ_00585	MER0002755	27.922	154	96	5	336	477	50	200	6.32e-12	62.0
LIOGPOLJ_00585	MER0002003	24.500	200	120	8	310	484	24	217	6.82e-11	59.3
LIOGPOLJ_00585	MER0001009	28.873	142	92	3	358	493	20	158	1.32e-10	58.5
LIOGPOLJ_00585	MER0011440	25.342	146	96	3	341	480	68	206	1.51e-10	58.2
LIOGPOLJ_00585	MER0019759	25.121	207	126	7	310	493	19	219	1.80e-10	58.2
LIOGPOLJ_00585	MER0004243	29.333	150	96	3	341	484	71	216	2.24e-10	57.8
LIOGPOLJ_00585	MER0001010	25.000	148	90	2	358	493	61	199	6.90e-10	56.2
LIOGPOLJ_00585	MER0011345	28.571	182	107	6	309	470	29	207	8.29e-10	56.6
LIOGPOLJ_00585	MER0002968	23.834	193	130	6	309	484	23	215	2.38e-09	54.7
LIOGPOLJ_00585	MER0012283	28.859	149	99	3	336	477	60	208	2.82e-09	54.7
LIOGPOLJ_00585	MER0006264	24.828	145	96	3	336	470	27	168	3.21e-09	53.5
LIOGPOLJ_00585	MER0005328	30.719	153	90	5	336	475	49	198	3.41e-09	53.9
LIOGPOLJ_00585	MER0002746	25.949	158	98	4	346	493	72	220	3.88e-09	54.3
LIOGPOLJ_00585	MER0000997	28.462	130	87	2	355	478	82	211	1.91e-08	52.0
LIOGPOLJ_00585	MER0002281	27.568	185	111	7	311	477	32	211	2.69e-08	52.0
LIOGPOLJ_00585	MER0011438	22.346	179	115	6	311	468	19	194	5.29e-08	50.8
LIOGPOLJ_00585	MER0005046	25.641	156	98	4	338	484	52	198	7.72e-08	50.1
LIOGPOLJ_00585	MER0002078	23.333	210	131	7	308	493	17	220	1.02e-07	50.1
LIOGPOLJ_00585	MER0091680	23.364	214	140	8	310	503	10	219	1.14e-07	49.7
LIOGPOLJ_00585	MER0019096	24.545	220	122	8	309	506	1	198	3.34e-07	48.1
LIOGPOLJ_00585	MER0011369	23.313	163	112	4	318	477	66	218	3.60e-07	48.5
LIOGPOLJ_00585	MER0011371	27.119	118	81	3	358	471	82	198	3.76e-07	48.1
LIOGPOLJ_00585	MER0011423	24.113	141	92	3	345	476	72	206	4.84e-07	47.8
LIOGPOLJ_00585	MER0001017	25.161	155	100	5	336	477	60	211	4.95e-07	48.1
LIOGPOLJ_00585	MER0001012	25.654	191	116	5	314	484	32	216	5.08e-07	47.8
LIOGPOLJ_00585	MER0001003	27.222	180	110	6	323	483	7	184	5.61e-07	47.0
LIOGPOLJ_00585	MER0002060	22.051	195	131	6	309	484	23	215	5.90e-07	47.8
LIOGPOLJ_00585	MER0052595	24.088	137	93	2	358	486	89	222	2.29e-06	45.8
LIOGPOLJ_00585	MER0019754	24.265	136	90	3	358	484	64	195	2.78e-06	45.4
LIOGPOLJ_00585	MER0001013	27.742	155	94	6	336	477	61	210	4.02e-06	45.4
LIOGPOLJ_00585	MER0002422	24.342	152	102	3	338	484	63	206	4.10e-06	45.1
LIOGPOLJ_00585	MER0005331	23.316	193	131	7	309	484	18	210	4.11e-06	45.1
LIOGPOLJ_00585	MER0002355	25.397	126	80	3	358	477	84	201	6.63e-06	44.3
LIOGPOLJ_00585	MER0028449	23.881	134	95	2	358	484	88	221	8.86e-06	44.3
LIOGPOLJ_00586	MER0017009	39.048	210	112	6	289	487	115	319	1.68e-31	121
LIOGPOLJ_00586	MER0017009	50.000	50	24	1	85	133	56	105	1.75e-06	47.0
LIOGPOLJ_00586	MER0028365	37.450	251	122	10	291	531	125	350	2.01e-29	116
LIOGPOLJ_00586	MER0028365	45.588	68	35	2	65	132	47	112	5.48e-09	55.1
LIOGPOLJ_00586	MER0000332	40.860	186	93	6	291	475	64	233	1.23e-28	111
LIOGPOLJ_00586	MER0002565	35.983	239	127	9	271	505	89	305	7.57e-27	108
LIOGPOLJ_00586	MER0002575	35.349	215	119	7	289	499	69	267	7.09e-26	104
LIOGPOLJ_00586	MER0005821	37.799	209	115	8	271	475	67	264	1.28e-25	106
LIOGPOLJ_00586	MER0004690	34.363	259	135	10	258	492	62	309	3.91e-25	103
LIOGPOLJ_00586	MER0004690	43.077	65	36	1	73	136	26	90	2.35e-08	52.8
LIOGPOLJ_00586	MER0000310	39.899	198	103	7	291	486	63	246	6.20e-25	101
LIOGPOLJ_00586	MER0077555	34.562	217	125	6	283	496	54	256	3.40e-24	99.4
LIOGPOLJ_00586	MER0000320	39.512	205	99	9	291	485	69	258	1.25e-23	97.8
LIOGPOLJ_00586	MER0002562	34.746	236	111	10	283	489	105	326	3.00e-21	92.0
LIOGPOLJ_00586	MER0001928	33.816	207	119	7	291	496	62	251	5.03e-21	90.1
LIOGPOLJ_00586	MER0000333	37.000	200	107	7	291	489	64	245	6.24e-21	89.7
LIOGPOLJ_00586	MER0001699	36.181	199	109	9	291	486	62	245	8.92e-21	89.4
LIOGPOLJ_00586	MER0000349	32.900	231	130	10	289	496	142	370	1.01e-20	90.9
LIOGPOLJ_00586	MER0062058	36.967	211	117	6	289	493	59	259	1.45e-20	90.9
LIOGPOLJ_00586	MER0062058	50.000	54	27	0	85	138	1	54	2.40e-10	59.3
LIOGPOLJ_00586	MER0013656	37.000	200	108	8	291	489	61	243	4.10e-20	87.4
LIOGPOLJ_00586	MER0016978	33.333	228	108	10	290	489	77	288	8.77e-20	87.0
LIOGPOLJ_00586	MER0054318	36.126	191	113	6	285	473	61	244	9.58e-20	87.0
LIOGPOLJ_00586	MER0081072	34.615	234	128	10	266	492	32	247	1.06e-19	85.5
LIOGPOLJ_00586	MER0000321	28.477	302	179	11	211	496	75	355	1.52e-19	87.0
LIOGPOLJ_00586	MER0002057	29.482	251	136	7	279	489	90	339	2.02e-19	87.0
LIOGPOLJ_00586	MER0000309	37.624	202	102	9	291	486	63	246	2.39e-19	85.1
LIOGPOLJ_00586	MER0000362	33.921	227	114	9	286	495	94	301	4.97e-19	85.1
LIOGPOLJ_00586	MER0004085	31.835	267	138	10	253	499	72	314	6.16e-19	85.1
LIOGPOLJ_00586	MER0000315	35.266	207	116	8	291	496	62	251	9.00e-19	83.2
LIOGPOLJ_00586	MER0000316	33.824	204	115	7	285	486	55	240	2.07e-18	82.4
LIOGPOLJ_00586	MER0001520	36.041	197	108	8	291	486	62	241	2.40e-18	82.0
LIOGPOLJ_00586	MER0001906	34.783	207	117	8	291	496	62	251	4.38e-18	81.3
LIOGPOLJ_00586	MER0002500	31.890	254	141	10	268	500	140	382	8.42e-18	82.4
LIOGPOLJ_00586	MER0016697	33.641	217	101	8	288	475	95	297	1.10e-17	81.3
LIOGPOLJ_00586	MER0155676	31.541	279	128	13	252	493	100	352	2.17e-17	80.9
LIOGPOLJ_00586	MER0001521	33.171	205	121	7	284	486	57	247	3.20e-17	79.0
LIOGPOLJ_00586	MER0024902	31.579	228	140	6	291	504	97	322	3.26e-17	79.7
LIOGPOLJ_00586	MER0000313	33.171	205	121	7	284	486	57	247	3.68e-17	78.6
LIOGPOLJ_00586	MER0001725	33.488	215	126	8	264	475	72	272	3.82e-17	79.3
LIOGPOLJ_00586	MER0001709	30.075	266	145	11	253	492	57	307	1.88e-16	77.4
LIOGPOLJ_00586	MER0001755	32.683	205	122	7	284	486	57	247	2.22e-16	76.3
LIOGPOLJ_00586	MER0001523	32.683	205	122	7	284	486	57	247	2.70e-16	76.3
LIOGPOLJ_00586	MER0000312	32.683	205	122	7	284	486	57	247	2.70e-16	76.3
LIOGPOLJ_00586	MER0016983	33.014	209	98	9	291	477	71	259	7.87e-16	75.5
LIOGPOLJ_00586	MER0000319	31.034	203	123	6	286	487	64	250	8.06e-16	74.7
LIOGPOLJ_00586	MER0003536	30.222	225	119	8	291	492	71	280	8.48e-16	75.1
LIOGPOLJ_00586	MER0030016	30.769	247	134	11	255	492	58	276	9.33e-16	74.7
LIOGPOLJ_00586	MER0014744	31.628	215	118	6	291	486	95	299	1.77e-15	74.7
LIOGPOLJ_00586	MER0002790	34.450	209	120	6	291	486	1	205	2.44e-15	72.8
LIOGPOLJ_00586	MER0042897	35.931	231	130	7	268	492	38	256	3.42e-15	72.8
LIOGPOLJ_00586	MER0014446	31.250	224	110	7	287	491	193	391	3.46e-15	74.3
LIOGPOLJ_00586	MER0006023	30.544	239	132	8	271	492	86	307	6.41e-15	72.8
LIOGPOLJ_00586	MER0161312	34.599	237	117	12	289	489	92	326	8.30e-15	72.8
LIOGPOLJ_00586	MER0050309	29.224	219	126	9	290	496	46	247	8.86e-15	73.2
LIOGPOLJ_00586	MER0000326	34.483	203	108	8	291	490	72	252	9.52e-15	72.0
LIOGPOLJ_00586	MER0002516	32.683	205	111	9	291	490	82	264	1.44e-14	71.2
LIOGPOLJ_00586	MER0000311	30.556	216	118	7	284	489	57	250	2.50e-14	70.5
LIOGPOLJ_00586	MER0037258	29.461	241	139	10	276	492	62	295	3.03e-14	70.5
LIOGPOLJ_00586	MER0006074	31.250	208	118	8	291	490	82	272	6.16e-14	69.3
LIOGPOLJ_00586	MER0005931	35.323	201	114	6	289	487	30	216	6.28e-14	68.6
LIOGPOLJ_00586	MER0068994	30.165	242	103	10	291	473	109	343	6.46e-14	70.5
LIOGPOLJ_00586	MER0002267	30.288	208	124	7	291	494	71	261	8.21e-14	68.9
LIOGPOLJ_00586	MER0000361	32.743	226	117	10	286	490	100	311	1.09e-13	69.3
LIOGPOLJ_00586	MER0114485	30.045	223	113	8	291	473	106	325	1.42e-13	69.3
LIOGPOLJ_00586	MER0028258	31.557	244	122	10	290	490	103	344	1.66e-13	68.9
LIOGPOLJ_00586	MER0019280	33.023	215	130	6	291	495	73	283	2.51e-13	67.8
LIOGPOLJ_00586	MER0005078	31.034	261	132	13	259	504	58	285	2.69e-13	67.4
LIOGPOLJ_00586	MER0014300	30.081	246	127	8	287	492	75	315	3.68e-13	67.8
LIOGPOLJ_00586	MER0000359	32.456	228	130	10	291	512	89	298	4.31e-13	67.0
LIOGPOLJ_00586	MER0013641	29.915	234	129	10	289	496	81	305	7.54e-13	67.0
LIOGPOLJ_00586	MER0016986	29.119	261	128	12	280	491	79	331	2.97e-12	65.1
LIOGPOLJ_00586	MER0000351	29.500	200	108	6	289	474	104	284	3.14e-12	64.3
LIOGPOLJ_00586	MER0005790	30.653	199	103	6	288	472	91	268	5.54e-12	63.2
LIOGPOLJ_00586	MER0004720	27.381	252	137	11	259	501	51	265	5.73e-12	63.2
LIOGPOLJ_00586	MER0000358	30.476	210	111	10	291	486	71	259	1.40e-11	62.8
LIOGPOLJ_00586	MER0000350	29.183	257	127	10	280	490	79	326	1.60e-11	62.8
LIOGPOLJ_00586	MER0014085	24.658	292	158	11	286	525	82	363	1.69e-11	62.8
LIOGPOLJ_00586	MER0016991	26.038	265	153	7	256	494	52	299	2.05e-11	62.4
LIOGPOLJ_00586	MER0016688	28.390	236	128	11	291	496	74	298	2.23e-11	62.0
LIOGPOLJ_00586	MER0002764	32.766	235	114	13	263	484	57	260	4.39e-11	60.8
LIOGPOLJ_00586	MER0000340	32.127	221	110	11	291	492	74	273	4.60e-11	60.8
LIOGPOLJ_00586	MER0003117	29.707	239	119	11	257	481	50	253	6.09e-11	60.5
LIOGPOLJ_00586	MER0000325	32.083	240	126	11	257	491	46	253	6.71e-11	60.5
LIOGPOLJ_00586	MER0004123	28.044	271	139	10	257	489	53	305	8.01e-11	60.5
LIOGPOLJ_00586	MER0067924	29.258	229	119	9	289	490	61	273	1.08e-10	59.3
LIOGPOLJ_00586	MER0000347	25.110	227	141	5	290	497	118	334	1.35e-10	60.5
LIOGPOLJ_00586	MER0006037	30.088	226	116	10	257	473	56	248	1.36e-10	59.3
LIOGPOLJ_00586	MER0000356	32.365	241	109	12	257	478	64	269	1.70e-10	59.7
LIOGPOLJ_00586	MER0006297	29.825	228	120	10	277	475	250	466	2.11e-10	59.7
LIOGPOLJ_00586	MER0004988	28.372	215	127	9	291	492	71	271	3.47e-10	58.2
LIOGPOLJ_00586	MER0000353	29.167	192	111	4	286	468	152	327	4.04e-10	58.2
LIOGPOLJ_00586	MER0047718	29.249	253	108	11	284	473	65	309	4.75e-10	58.2
LIOGPOLJ_00586	MER0001368	23.860	285	150	12	272	492	54	335	6.98e-10	57.8
LIOGPOLJ_00586	MER0050310	28.063	253	132	12	269	501	90	312	8.04e-10	57.8
LIOGPOLJ_00586	MER0055027	28.821	229	122	11	265	476	49	253	9.98e-10	57.4
LIOGPOLJ_00586	MER0000328	31.980	197	102	10	291	475	72	248	1.33e-09	56.2
LIOGPOLJ_00586	MER0000348	29.694	229	108	7	290	472	87	308	1.86e-09	56.2
LIOGPOLJ_00586	MER0000338	29.384	211	117	9	291	492	72	259	2.79e-09	55.1
LIOGPOLJ_00586	MER0000389	28.417	278	151	12	289	531	75	339	1.16e-08	53.9
LIOGPOLJ_00586	MER0000357	29.060	234	126	10	257	478	52	257	1.16e-08	53.5
LIOGPOLJ_00586	MER0005859	26.449	276	131	10	278	496	229	489	1.24e-08	54.3
LIOGPOLJ_00586	MER0005699	24.399	291	151	12	291	512	103	393	2.66e-08	52.8
LIOGPOLJ_00586	MER0000335	29.126	206	116	10	291	488	69	252	5.43e-08	51.2
LIOGPOLJ_00586	MER0006036	37.037	81	38	1	436	503	371	451	5.54e-08	52.0
LIOGPOLJ_00586	MER0001451	25.784	287	156	12	262	496	41	322	6.26e-08	51.6
LIOGPOLJ_00586	MER0001454	30.928	97	49	3	421	499	238	334	6.28e-08	51.6
LIOGPOLJ_00586	MER0000329	24.254	268	125	8	291	489	76	334	7.75e-08	51.2
LIOGPOLJ_00586	MER0006049	20.958	334	157	9	257	496	41	361	1.08e-07	50.8
LIOGPOLJ_00586	MER0003122	23.704	270	133	9	289	494	87	347	1.11e-07	50.8
LIOGPOLJ_00586	MER0000344	29.717	212	112	11	291	488	88	276	1.48e-07	50.1
LIOGPOLJ_00586	MER0080418	23.885	314	142	12	274	501	43	345	1.83e-07	50.1
LIOGPOLJ_00586	MER0001467	30.435	92	44	3	421	492	245	336	2.56e-07	49.7
LIOGPOLJ_00586	MER0015433	28.966	145	85	3	354	492	302	434	4.43e-07	49.3
LIOGPOLJ_00586	MER0015428	24.710	259	148	9	281	492	75	333	6.67e-07	48.1
LIOGPOLJ_00586	MER0000336	26.455	189	109	7	291	471	81	247	6.72e-07	47.8
LIOGPOLJ_00586	MER0087792	24.299	214	131	6	291	475	97	308	7.86e-07	48.1
LIOGPOLJ_00586	MER0025143	30.818	159	84	4	291	442	71	210	8.82e-07	47.8
LIOGPOLJ_00586	MER0015431	24.257	202	112	9	332	492	141	342	1.88e-06	47.0
LIOGPOLJ_00586	MER0014465	42.623	61	29	1	436	490	384	444	2.36e-06	47.0
LIOGPOLJ_00586	MER0014309	29.787	94	48	3	421	496	238	331	2.96e-06	46.2
LIOGPOLJ_00586	MER0175622	29.646	226	122	13	291	496	74	282	3.05e-06	45.8
LIOGPOLJ_00586	MER0014312	35.714	70	32	2	436	492	331	400	5.04e-06	45.8
LIOGPOLJ_00586	MER0014310	29.213	89	43	3	424	492	310	398	5.49e-06	45.4
LIOGPOLJ_00586	MER0003020	24.506	253	115	9	289	475	224	466	6.69e-06	45.4
LIOGPOLJ_00586	MER0014325	29.592	98	47	3	424	499	245	342	6.86e-06	45.1
LIOGPOLJ_00586	MER0004641	25.243	309	152	14	286	526	81	378	6.89e-06	45.1
LIOGPOLJ_00586	MER0005610	29.032	93	46	2	436	517	267	350	7.07e-06	45.1
LIOGPOLJ_00586	MER0003256	26.786	168	91	9	291	446	60	207	7.16e-06	44.7
LIOGPOLJ_00586	MER0004652	38.028	71	34	2	436	496	441	511	7.25e-06	45.4
LIOGPOLJ_00586	MER0014313	30.928	97	42	4	416	492	283	374	8.32e-06	45.1
LIOGPOLJ_00658	MER0069741	44.444	117	63	2	181	297	50	164	1.41e-28	105
LIOGPOLJ_00658	MER0003380	46.789	109	55	2	190	297	127	233	1.04e-25	100
LIOGPOLJ_00658	MER0013541	48.837	86	43	1	201	286	1	85	8.42e-22	85.1
LIOGPOLJ_00658	MER0015415	31.724	145	82	3	143	286	21	149	3.09e-20	83.2
LIOGPOLJ_00658	MER0003423	41.121	107	62	1	180	285	11	117	1.67e-17	75.1
LIOGPOLJ_00658	MER0001419	37.302	126	74	2	178	298	9	134	3.35e-17	74.3
LIOGPOLJ_00658	MER0003376	35.714	112	58	3	201	298	45	156	9.66e-16	70.9
LIOGPOLJ_00658	MER0003906	35.165	91	58	1	201	290	1	91	1.43e-13	63.2
LIOGPOLJ_00658	MER0387040	37.255	102	62	2	201	301	1	101	2.06e-12	59.7
LIOGPOLJ_00658	MER0066182	34.351	131	72	4	177	301	70	192	1.19e-11	60.1
LIOGPOLJ_00658	MER0005300	33.333	96	63	1	203	298	67	161	2.90e-08	49.3
LIOGPOLJ_00658	MER0025070	33.962	106	56	5	198	292	3	105	6.16e-06	42.0
LIOGPOLJ_00669	MER0003514	46.497	157	73	2	192	344	4	153	6.29e-38	134
LIOGPOLJ_00669	MER0001297	41.772	158	89	1	190	347	2	156	2.05e-34	124
LIOGPOLJ_00669	MER0003065	38.926	149	88	1	193	341	5	150	1.65e-31	117
LIOGPOLJ_00669	MER0003413	39.597	149	88	1	193	341	5	151	1.84e-31	116
LIOGPOLJ_00669	MER0001425	40.252	159	90	2	193	347	5	162	1.14e-30	114
LIOGPOLJ_00669	MER0015684	38.000	150	92	1	191	340	3	151	5.91e-30	112
LIOGPOLJ_00669	MER0004196	41.250	160	91	3	189	347	1	158	1.30e-27	105
LIOGPOLJ_00669	MER0005714	35.897	156	92	2	192	340	4	158	6.86e-24	95.9
LIOGPOLJ_00669	MER0004195	33.750	160	98	2	189	345	1	155	1.77e-23	94.4
LIOGPOLJ_00669	MER0001295	34.682	173	89	5	190	345	2	167	1.59e-21	89.0
LIOGPOLJ_00683	MER0001161	36.873	678	421	4	9	679	1	678	1.01e-160	476
LIOGPOLJ_00683	MER0001158	36.527	668	416	6	17	679	13	677	3.49e-147	441
LIOGPOLJ_00683	MER0006087	36.080	704	420	13	3	682	4	701	2.24e-140	424
LIOGPOLJ_00683	MER0015119	34.951	721	413	18	10	682	7	719	8.62e-131	400
LIOGPOLJ_00683	MER0108144	31.547	653	416	13	46	679	22	662	2.38e-99	316
LIOGPOLJ_00683	MER0001149	33.223	602	378	11	87	679	90	676	4.43e-97	310
LIOGPOLJ_00683	MER0001942	32.007	603	386	12	86	679	89	676	1.81e-89	290
LIOGPOLJ_00683	MER0003110	29.235	732	404	17	30	679	16	715	2.15e-87	286
LIOGPOLJ_00683	MER0001153	30.887	654	410	17	53	679	54	692	3.42e-79	263
LIOGPOLJ_00683	MER0079465	28.980	559	365	17	138	679	91	634	1.69e-68	233
LIOGPOLJ_00683	MER0015170	26.465	563	378	13	117	674	94	625	2.25e-53	191
LIOGPOLJ_00683	MER0001156	26.594	643	405	21	61	656	62	684	2.07e-44	166
LIOGPOLJ_00683	MER0021317	29.114	79	56	0	430	508	9	87	1.22e-09	52.4
LIOGPOLJ_00692	MER0015475	34.132	167	82	6	42	192	29	183	1.70e-18	77.8
LIOGPOLJ_00705	MER0002443	43.333	120	62	4	46	164	3	117	3.87e-26	93.2
LIOGPOLJ_00705	MER0004035	41.228	114	59	4	51	163	5	111	1.43e-24	89.0
LIOGPOLJ_00705	MER0002450	38.211	123	61	7	44	163	1	111	1.84e-16	68.2
LIOGPOLJ_00705	MER0003808	39.344	122	59	6	44	162	1	110	2.14e-16	68.2
LIOGPOLJ_00705	MER0004054	37.288	118	64	6	53	165	10	122	5.21e-16	67.4
LIOGPOLJ_00705	MER0377310	39.474	114	54	7	44	154	1	102	1.43e-15	65.9
LIOGPOLJ_00705	MER0377307	39.474	114	54	7	44	154	1	102	1.43e-15	65.9
LIOGPOLJ_00705	MER0003805	38.211	123	61	6	44	163	1	111	1.56e-15	65.9
LIOGPOLJ_00705	MER0003986	30.973	113	71	4	44	154	1	108	2.10e-14	63.2
LIOGPOLJ_00705	MER0376722	40.187	107	49	6	44	147	1	95	5.87e-13	58.5
LIOGPOLJ_00705	MER0003807	29.508	122	80	3	44	164	1	117	6.68e-13	58.9
LIOGPOLJ_00705	MER0377178	38.596	114	55	7	44	154	1	102	1.03e-12	58.2
LIOGPOLJ_00705	MER0377450	39.216	102	48	6	44	142	1	91	1.07e-10	52.4
LIOGPOLJ_00705	MER0014188	34.454	119	62	6	44	158	1	107	7.23e-09	48.1
LIOGPOLJ_00705	MER0024252	30.693	101	59	3	56	152	14	107	2.49e-08	47.0
LIOGPOLJ_00705	MER0038100	30.579	121	66	5	56	165	14	127	6.19e-08	46.2
LIOGPOLJ_00705	MER0001322	29.464	112	65	4	44	153	1	100	3.89e-07	43.5
LIOGPOLJ_00709	MER0031565	26.877	253	150	8	12	252	6	235	4.13e-21	87.0
LIOGPOLJ_00709	MER0045479	27.711	249	149	8	30	271	29	253	7.53e-20	83.6
LIOGPOLJ_00709	MER0036038	26.141	241	148	7	30	263	29	246	4.71e-19	81.3
LIOGPOLJ_00709	MER0036036	28.458	253	149	10	18	263	20	247	2.68e-16	73.6
LIOGPOLJ_00709	MER0031569	26.337	243	149	10	33	267	28	248	2.70e-16	73.6
LIOGPOLJ_00721	MER0043394	45.333	75	40	1	16	89	89	163	4.13e-20	76.3
LIOGPOLJ_00721	MER0044882	48.718	78	37	3	15	89	94	171	5.21e-20	76.6
LIOGPOLJ_00721	MER0044622	42.857	77	43	1	14	89	139	215	2.44e-17	70.9
LIOGPOLJ_00721	MER0045094	45.455	77	41	1	14	89	123	199	3.37e-17	70.1
LIOGPOLJ_00721	MER0043392	40.909	88	48	3	1	88	75	158	1.84e-16	67.0
LIOGPOLJ_00721	MER0043537	30.263	76	52	1	12	87	107	181	1.10e-07	43.9
LIOGPOLJ_00721	MER0045886	29.630	81	55	2	7	87	114	192	1.99e-06	40.8
LIOGPOLJ_00721	MER0045095	36.486	74	44	2	18	88	151	224	3.60e-06	40.0
LIOGPOLJ_00721	MER0044889	40.426	47	28	0	42	88	153	199	4.17e-06	40.0
LIOGPOLJ_00721	MER0436735	36.000	50	32	0	38	87	170	219	7.55e-06	39.3
LIOGPOLJ_00753	MER0019280	34.266	143	86	4	32	168	159	299	9.19e-16	72.4
LIOGPOLJ_00753	MER0000313	32.857	140	85	3	32	170	142	273	8.45e-10	54.7
LIOGPOLJ_00753	MER0000310	33.548	155	87	6	20	170	130	272	8.97e-10	54.7
LIOGPOLJ_00753	MER0004123	28.671	143	79	5	36	157	176	316	9.69e-10	55.1
LIOGPOLJ_00753	MER0001755	32.143	140	86	3	32	170	142	273	1.16e-09	54.3
LIOGPOLJ_00753	MER0001521	32.857	140	85	3	32	170	142	273	1.35e-09	54.3
LIOGPOLJ_00753	MER0002267	32.414	145	78	4	34	172	154	284	2.16e-09	53.5
LIOGPOLJ_00753	MER0001523	32.143	140	86	3	32	170	142	273	4.67e-08	49.7
LIOGPOLJ_00753	MER0000312	32.143	140	86	3	32	170	142	273	4.67e-08	49.7
LIOGPOLJ_00753	MER0002500	27.703	148	89	3	27	156	234	381	1.03e-07	48.9
LIOGPOLJ_00753	MER0001699	30.822	146	86	4	29	170	137	271	1.46e-07	48.1
LIOGPOLJ_00753	MER0000311	36.154	130	67	5	44	170	157	273	2.71e-07	47.4
LIOGPOLJ_00753	MER0081072	27.536	138	85	5	18	152	125	250	3.27e-07	47.0
LIOGPOLJ_00753	MER0003536	31.356	118	65	4	31	135	153	267	8.31e-07	45.8
LIOGPOLJ_00753	MER0014446	31.776	107	63	2	32	138	286	382	8.76e-07	46.2
LIOGPOLJ_00753	MER0050309	28.462	130	84	4	24	150	121	244	9.28e-07	46.2
LIOGPOLJ_00753	MER0161312	38.462	65	40	0	74	138	251	315	2.04e-06	45.1
LIOGPOLJ_00753	MER0175622	26.846	149	94	6	15	152	137	281	2.19e-06	44.7
LIOGPOLJ_00753	MER0000316	29.530	149	94	4	22	170	129	266	3.01e-06	44.3
LIOGPOLJ_00753	MER0000315	30.973	113	69	2	22	134	130	233	7.30e-06	43.1
LIOGPOLJ_00753	MER0001906	30.973	113	69	2	22	134	130	233	7.57e-06	43.1
LIOGPOLJ_00774	MER0000410	62.452	261	96	2	2	261	20	279	2.51e-119	340
LIOGPOLJ_00774	MER0011872	39.773	264	156	2	1	261	19	282	4.49e-71	217
LIOGPOLJ_00774	MER0082498	38.078	281	150	6	2	258	3	283	8.71e-64	198
LIOGPOLJ_00774	MER0005694	34.328	268	164	3	3	265	21	281	8.91e-53	170
LIOGPOLJ_00774	MER0079308	33.840	263	163	6	1	258	9	265	7.78e-46	152
LIOGPOLJ_00774	MER0004227	36.000	225	143	1	4	227	28	252	1.81e-44	149
LIOGPOLJ_00774	MER0015621	33.212	274	159	6	9	263	27	295	1.14e-42	144
LIOGPOLJ_00774	MER0000392	31.734	271	172	5	4	264	12	279	1.17e-42	144
LIOGPOLJ_00774	MER0002490	30.714	280	162	7	9	261	27	301	5.70e-40	137
LIOGPOLJ_00774	MER0082653	33.333	252	147	8	7	238	14	264	2.98e-39	135
LIOGPOLJ_00774	MER0011450	30.545	275	171	7	3	264	11	278	1.38e-38	133
LIOGPOLJ_00774	MER0325901	32.184	261	171	5	2	258	8	266	1.13e-37	130
LIOGPOLJ_00774	MER0022823	30.855	269	177	5	3	265	12	277	6.91e-37	129
LIOGPOLJ_00774	MER0981959	28.205	273	175	5	3	258	10	278	4.29e-33	119
LIOGPOLJ_00774	MER0003229	30.739	257	164	6	6	258	22	268	6.99e-32	115
LIOGPOLJ_00774	MER0000398	29.730	259	164	7	3	259	8	250	1.92e-30	111
LIOGPOLJ_00821	MER0056525	52.381	231	107	2	140	369	1	229	4.26e-86	258
LIOGPOLJ_00821	MER0011748	53.680	231	104	2	140	369	1	229	2.63e-84	254
LIOGPOLJ_00821	MER0015609	51.293	232	108	2	140	370	1	228	2.26e-82	249
LIOGPOLJ_00821	MER0005496	48.261	230	118	1	140	369	1	229	2.39e-79	242
LIOGPOLJ_00821	MER0015195	46.444	239	125	2	140	377	1	237	3.26e-75	231
LIOGPOLJ_00821	MER0011224	45.259	232	126	1	140	371	1	231	1.59e-74	229
LIOGPOLJ_00821	MER0023544	43.913	230	128	1	140	369	1	229	1.65e-72	224
LIOGPOLJ_00821	MER0002605	44.156	231	125	2	140	369	1	228	1.44e-70	219
LIOGPOLJ_00821	MER0171760	39.925	268	154	3	105	369	1	264	4.07e-67	210
LIOGPOLJ_00821	MER0015194	43.723	231	125	2	141	369	2	229	5.87e-67	210
LIOGPOLJ_00821	MER0002600	42.060	233	132	2	140	371	1	231	1.03e-65	206
LIOGPOLJ_00821	MER0014306	40.870	230	135	1	140	369	1	229	7.68e-62	197
LIOGPOLJ_00821	MER0004454	40.249	241	141	3	140	378	1	240	3.90e-60	192
LIOGPOLJ_00821	MER0024898	40.948	232	134	3	140	369	1	231	2.23e-58	188
LIOGPOLJ_00821	MER0005466	40.928	237	133	4	141	371	2	237	3.37e-57	184
LIOGPOLJ_00821	MER0015199	43.277	238	125	4	140	368	1	237	3.67e-55	180
LIOGPOLJ_00821	MER0002602	42.081	221	122	2	141	355	2	222	1.88e-54	177
LIOGPOLJ_00821	MER0002563	37.179	234	137	4	141	364	2	235	9.81e-50	164
LIOGPOLJ_00821	MER0001620	38.723	235	137	3	140	367	1	235	1.01e-49	166
LIOGPOLJ_00821	MER0015197	36.986	219	137	1	152	369	13	231	3.18e-47	159
LIOGPOLJ_00821	MER0002408	36.327	245	144	6	140	374	1	243	3.53e-47	158
LIOGPOLJ_00821	MER0017637	38.298	235	133	5	141	364	2	235	2.00e-46	156
LIOGPOLJ_00821	MER0015193	38.627	233	133	6	140	364	1	231	1.06e-45	154
LIOGPOLJ_00821	MER0011745	33.906	233	143	6	140	364	1	230	6.20e-44	150
LIOGPOLJ_00821	MER0002608	42.259	239	124	7	141	368	2	237	6.24e-44	150
LIOGPOLJ_00821	MER0015137	33.476	233	144	6	140	364	1	230	5.65e-43	147
LIOGPOLJ_00821	MER0005755	38.532	218	122	3	141	355	2	210	5.32e-40	139
LIOGPOLJ_00821	MER0190577	33.333	231	140	3	140	367	1	220	1.78e-38	135
LIOGPOLJ_00821	MER0002197	33.191	235	146	3	140	371	1	227	2.64e-37	132
LIOGPOLJ_00821	MER0190705	34.199	231	141	3	141	369	1	222	5.44e-36	128
LIOGPOLJ_00821	MER0014324	34.211	228	136	4	140	364	1	217	5.87e-36	128
LIOGPOLJ_00821	MER0024900	33.482	224	138	4	141	361	2	217	3.57e-34	124
LIOGPOLJ_00821	MER0015690	33.473	239	147	6	140	366	1	239	2.45e-32	119
LIOGPOLJ_00821	MER0011120	35.745	235	139	7	140	362	1	235	1.52e-30	114
LIOGPOLJ_00821	MER0001246	32.967	182	110	3	151	329	1	173	2.80e-24	95.1
LIOGPOLJ_00821	MER0015204	28.455	246	145	7	141	355	2	247	4.71e-22	92.0
LIOGPOLJ_00822	MER0000485	48.511	235	120	1	572	805	1	235	3.90e-75	241
LIOGPOLJ_00822	MER0000495	42.169	249	135	2	572	811	1	249	1.24e-60	202
LIOGPOLJ_00822	MER0003442	44.749	219	115	2	594	809	10	225	1.07e-56	191
LIOGPOLJ_00822	MER0014970	37.993	279	128	2	572	805	1	279	1.10e-55	191
LIOGPOLJ_00822	MER0011056	44.019	209	110	3	602	805	15	221	1.10e-53	182
LIOGPOLJ_00822	MER0011057	44.076	211	113	2	598	805	13	221	5.73e-53	180
LIOGPOLJ_00822	MER0000488	41.026	234	128	3	572	800	1	229	5.54e-52	178
LIOGPOLJ_00822	MER0003443	46.073	191	98	2	612	797	30	220	2.46e-51	176
LIOGPOLJ_00822	MER0004236	45.714	175	93	1	627	801	85	257	2.63e-46	163
LIOGPOLJ_00822	MER0000496	42.132	197	109	1	598	789	81	277	1.28e-43	157
LIOGPOLJ_00822	MER0108906	38.559	236	138	2	572	805	1	231	3.08e-41	147
LIOGPOLJ_00822	MER0005837	36.245	229	122	4	573	786	2	221	2.05e-38	140
LIOGPOLJ_00822	MER0026213	31.579	152	101	1	658	809	111	259	8.58e-22	92.8
LIOGPOLJ_00822	MER0017402	32.967	182	110	5	630	806	28	202	8.86e-18	80.1
LIOGPOLJ_00822	MER0003859	33.117	154	96	3	652	805	79	225	1.05e-15	74.3
LIOGPOLJ_00822	MER0003359	31.677	161	97	6	630	780	45	202	2.62e-10	58.5
LIOGPOLJ_00822	MER0017403	32.479	117	67	2	695	810	96	201	1.40e-07	50.4
LIOGPOLJ_00861	MER0195774	32.768	177	119	0	30	206	1	177	8.57e-32	116
LIOGPOLJ_00861	MER0001229	25.118	211	155	3	30	239	2	210	3.43e-15	71.2
LIOGPOLJ_00861	MER0043985	25.118	211	155	3	30	239	2	210	5.35e-15	71.2
LIOGPOLJ_00861	MER0122186	29.050	179	123	3	30	206	22	198	7.74e-15	70.1
LIOGPOLJ_00861	MER0001233	26.512	215	143	6	30	233	2	212	1.10e-14	70.5
LIOGPOLJ_00861	MER0003448	24.272	206	155	1	30	235	2	206	1.30e-13	67.0
LIOGPOLJ_00861	MER0001214	28.777	139	98	1	22	159	18	156	8.96e-13	63.9
LIOGPOLJ_00861	MER0003543	25.541	231	151	7	30	253	2	218	4.63e-12	62.4
LIOGPOLJ_00861	MER0001218	28.947	190	118	7	29	206	25	209	4.87e-12	62.0
LIOGPOLJ_00861	MER0002423	37.143	105	61	2	11	110	3	107	1.22e-11	60.8
LIOGPOLJ_00861	MER0003386	26.316	190	133	4	24	206	20	209	2.67e-10	57.0
LIOGPOLJ_00861	MER0004423	27.219	169	115	4	66	233	33	194	2.77e-10	57.0
LIOGPOLJ_00861	MER0015259	25.466	161	116	3	30	188	26	184	2.82e-10	57.0
LIOGPOLJ_00861	MER0002283	39.535	86	50	2	29	112	25	110	1.06e-09	55.1
LIOGPOLJ_00861	MER0002345	33.929	112	68	3	9	114	1	112	1.62e-09	54.7
LIOGPOLJ_00861	MER0001222	24.737	190	133	6	24	206	20	206	2.12e-09	54.3
LIOGPOLJ_00861	MER0003823	35.484	93	58	2	24	114	20	112	2.18e-09	54.3
LIOGPOLJ_00861	MER0169735	23.656	186	132	3	29	206	15	198	5.13e-09	52.8
LIOGPOLJ_00861	MER0188967	24.719	267	165	9	66	304	3	261	5.38e-09	54.7
LIOGPOLJ_00861	MER0011096	26.437	174	112	5	22	187	18	183	5.50e-09	53.1
LIOGPOLJ_00861	MER0011744	25.904	166	107	5	30	187	26	183	1.24e-08	52.0
LIOGPOLJ_00861	MER0011292	24.277	173	118	5	46	209	64	232	2.07e-08	51.6
LIOGPOLJ_00861	MER0390687	26.891	119	87	0	37	155	1	119	3.57e-08	49.7
LIOGPOLJ_00861	MER0015090	21.845	206	157	3	30	234	2	204	4.71e-08	50.4
LIOGPOLJ_00861	MER0001220	23.958	192	127	3	55	233	9	194	9.46e-08	49.3
LIOGPOLJ_00861	MER0002008	23.500	200	127	6	30	216	2	188	2.79e-07	48.1
LIOGPOLJ_00861	MER0011192	26.875	160	104	7	56	206	7	162	5.92e-07	46.2
LIOGPOLJ_00861	MER0001413	26.549	113	81	2	21	132	21	132	1.34e-06	45.1
LIOGPOLJ_00861	MER0237414	23.171	246	163	8	32	266	3	233	1.75e-06	45.8
LIOGPOLJ_00861	MER0142407	22.472	267	174	8	66	305	4	264	2.19e-06	46.2
LIOGPOLJ_00862	MER0237414	22.449	196	140	5	48	232	3	197	2.89e-11	60.8
LIOGPOLJ_00862	MER0003543	24.500	200	144	4	46	239	2	200	1.36e-08	52.8
LIOGPOLJ_00862	MER0039456	25.592	211	136	7	45	239	1	206	2.35e-06	45.8
LIOGPOLJ_00862	MER0015090	22.967	209	154	4	46	248	2	209	4.73e-06	45.1
LIOGPOLJ_00865	MER0005778	26.263	198	124	7	42	234	6	186	6.35e-09	54.7
LIOGPOLJ_00865	MER0006012	30.000	140	83	5	63	201	18	143	2.06e-08	50.1
LIOGPOLJ_00865	MER0010960	26.068	234	135	10	64	293	31	230	2.90e-08	52.8
LIOGPOLJ_00865	MER0005764	27.545	167	106	4	62	225	22	176	3.76e-08	52.4
LIOGPOLJ_00865	MER0000426	23.219	379	232	15	64	425	24	360	6.79e-08	51.6
LIOGPOLJ_00865	MER0023481	25.888	197	119	7	45	235	7	182	4.79e-07	48.9
LIOGPOLJ_00865	MER0000428	27.389	157	97	6	57	212	15	155	5.95e-07	48.5
LIOGPOLJ_00865	MER0020180	26.437	174	106	7	35	205	4	158	2.81e-06	47.0
LIOGPOLJ_00865	MER0000413	27.586	145	93	5	61	201	32	168	3.02e-06	46.2
LIOGPOLJ_00865	MER0003414	25.904	166	104	7	42	205	6	154	3.37e-06	46.2
LIOGPOLJ_00865	MER0004615	27.742	155	84	7	59	205	21	155	3.39e-06	46.2
LIOGPOLJ_00865	MER0011754	26.286	175	103	6	62	225	22	181	3.91e-06	45.8
LIOGPOLJ_00865	MER0003541	26.531	147	87	7	64	208	28	155	6.60e-06	45.1
LIOGPOLJ_00865	MER0004128	31.579	133	77	5	81	211	603	723	6.64e-06	45.8
LIOGPOLJ_00865	MER0004684	22.959	196	129	7	44	237	9	184	6.87e-06	45.1
LIOGPOLJ_00865	MER0022863	29.730	148	82	7	64	208	31	159	9.78e-06	44.7
LIOGPOLJ_00893	MER0065554	47.191	267	130	2	282	538	2	267	3.26e-83	257
LIOGPOLJ_00893	MER0437468	37.143	350	202	6	198	531	1	348	3.98e-71	228
LIOGPOLJ_00893	MER0436717	35.910	401	187	9	198	533	1	396	4.56e-64	211
LIOGPOLJ_00900	MER0001400	47.343	207	95	6	367	565	171	371	2.62e-50	177
LIOGPOLJ_00900	MER0001400	41.954	174	92	5	49	218	3	171	1.74e-26	108
LIOGPOLJ_00922	MER0036053	29.078	141	95	2	37	177	2	137	3.24e-13	65.1
LIOGPOLJ_00922	MER0017033	27.843	255	159	11	29	266	47	293	1.83e-11	60.5
LIOGPOLJ_00922	MER0213280	28.148	135	89	3	38	164	25	159	6.29e-11	58.5
LIOGPOLJ_00922	MER0036057	37.168	113	64	2	44	149	63	175	1.36e-10	57.8
LIOGPOLJ_00922	MER0036072	25.676	148	101	2	38	176	75	222	1.66e-10	57.8
LIOGPOLJ_00922	MER0035044	28.846	104	72	1	38	139	28	131	1.86e-10	57.4
LIOGPOLJ_00922	MER0035032	27.358	106	75	1	22	125	10	115	3.08e-10	56.6
LIOGPOLJ_00922	MER0035038	31.111	90	60	1	38	125	25	114	8.22e-10	55.5
LIOGPOLJ_00922	MER0031616	26.549	113	78	2	32	140	29	140	1.63e-09	54.7
LIOGPOLJ_00922	MER0004146	29.661	118	77	3	29	140	4	121	2.07e-09	53.9
LIOGPOLJ_00922	MER0017177	27.679	112	78	2	33	141	24	135	3.13e-09	53.9
LIOGPOLJ_00922	MER0026339	38.202	89	49	2	41	123	22	110	3.35e-09	53.1
LIOGPOLJ_00922	MER0014065	34.615	104	63	3	40	139	30	132	3.82e-09	53.5
LIOGPOLJ_00922	MER0031619	26.562	128	90	2	19	142	2	129	4.74e-09	53.1
LIOGPOLJ_00922	MER0037236	30.631	111	64	3	39	140	15	121	6.39e-09	52.4
LIOGPOLJ_00922	MER0035043	30.000	100	68	1	38	135	30	129	8.13e-09	52.4
LIOGPOLJ_00922	MER0011509	22.656	128	95	1	29	152	24	151	1.18e-08	52.0
LIOGPOLJ_00922	MER0036115	29.412	102	70	1	41	140	33	134	1.22e-08	52.0
LIOGPOLJ_00922	MER0017193	25.556	180	119	5	33	202	15	189	2.22e-08	50.8
LIOGPOLJ_00922	MER0035973	22.745	255	181	7	26	271	38	285	2.55e-08	50.8
LIOGPOLJ_00922	MER0031611	34.211	114	61	4	34	138	29	137	3.02e-08	50.4
LIOGPOLJ_00922	MER0011785	26.866	134	90	3	32	157	24	157	7.16e-08	49.7
LIOGPOLJ_00922	MER0036054	31.132	106	71	2	36	139	9	114	1.08e-07	48.9
LIOGPOLJ_00922	MER0044581	29.412	102	65	3	44	138	72	173	1.51e-07	48.9
LIOGPOLJ_00922	MER0017142	28.704	108	71	3	35	141	5	107	1.70e-07	48.1
LIOGPOLJ_00922	MER0025512	29.752	121	80	4	30	147	36	154	2.73e-07	47.8
LIOGPOLJ_00922	MER0044633	28.455	123	82	4	44	160	74	196	3.30e-07	47.8
LIOGPOLJ_00922	MER0031614	28.440	109	72	3	44	146	84	192	3.55e-07	47.4
LIOGPOLJ_00922	MER0036073	28.662	157	100	6	4	149	33	188	1.74e-06	45.4
LIOGPOLJ_00922	MER0044350	29.592	98	62	2	43	135	1	96	1.93e-06	45.1
LIOGPOLJ_00922	MER0036075	27.778	108	74	3	35	138	62	169	2.02e-06	45.1
LIOGPOLJ_00922	MER0036084	31.522	92	58	2	36	122	11	102	4.63e-06	43.9
LIOGPOLJ_00934	MER0025086	56.557	122	44	2	226	338	2	123	4.99e-40	134
LIOGPOLJ_00934	MER0029657	41.481	135	68	4	214	339	14	146	3.56e-22	88.2
LIOGPOLJ_00934	MER0011122	40.000	90	41	5	261	338	58	146	1.79e-10	55.8
LIOGPOLJ_00934	MER0002084	26.214	206	124	9	128	309	6	207	1.00e-06	45.8
LIOGPOLJ_00952	MER0005767	27.760	317	190	9	55	370	27	305	1.42e-33	125
LIOGPOLJ_00952	MER0030136	24.444	405	273	13	5	386	1	395	1.22e-18	84.3
LIOGPOLJ_00952	MER0030143	23.881	402	279	16	5	386	1	395	1.38e-15	75.1
LIOGPOLJ_00952	MER0030151	23.500	400	283	12	5	386	1	395	9.56e-15	72.4
LIOGPOLJ_00952	MER0015112	22.277	404	287	15	5	386	1	399	2.55e-13	68.2
LIOGPOLJ_00952	MER0030149	22.195	401	287	13	5	386	1	395	3.28e-13	67.8
LIOGPOLJ_00952	MER0030155	22.943	401	284	12	5	386	1	395	6.91e-13	66.6
LIOGPOLJ_00979	MER0001335	43.269	104	54	2	4	105	3	103	1.08e-18	76.6
LIOGPOLJ_00979	MER0002251	38.679	106	59	3	2	105	1	102	6.13e-16	69.3
LIOGPOLJ_00980	MER0002251	44.444	63	34	1	1	62	168	230	8.42e-12	54.7
LIOGPOLJ_00981	MER0042387	35.714	182	108	5	75	250	2	180	7.74e-30	107
LIOGPOLJ_00981	MER0031491	29.688	192	118	4	75	252	2	190	9.98e-24	91.7
LIOGPOLJ_00981	MER0026545	26.471	238	154	6	32	250	32	267	9.92e-19	80.1
LIOGPOLJ_00981	MER0026552	28.667	150	105	2	99	247	17	165	2.35e-17	74.3
LIOGPOLJ_00981	MER0026496	26.236	263	172	8	7	248	7	268	2.29e-15	70.9
LIOGPOLJ_00981	MER0002642	27.976	168	103	6	91	248	12	171	4.53e-13	62.8
LIOGPOLJ_00985	MER0001243	39.754	244	145	2	5	246	6	249	3.75e-62	194
LIOGPOLJ_00985	MER0005690	36.250	240	152	1	7	246	8	246	2.99e-51	165
LIOGPOLJ_00985	MER0001342	36.929	241	152	0	6	246	7	247	7.38e-51	164
LIOGPOLJ_00985	MER0013450	32.794	247	164	2	2	246	1	247	7.11e-46	151
LIOGPOLJ_00985	MER0015127	35.565	239	153	1	8	246	9	246	1.62e-45	150
LIOGPOLJ_00985	MER0013589	33.471	242	160	1	5	246	2	242	8.93e-42	140
LIOGPOLJ_00985	MER0015128	32.340	235	157	2	13	246	14	247	1.23e-41	140
LIOGPOLJ_00985	MER0013929	32.377	244	164	1	5	248	6	248	1.18e-39	135
LIOGPOLJ_00985	MER0010972	25.523	239	160	2	8	246	9	229	8.69e-18	77.4
LIOGPOLJ_00985	MER0004931	26.728	217	140	7	3	212	4	208	3.12e-14	67.4
LIOGPOLJ_00985	MER0003880	28.155	206	131	5	11	211	4	197	6.51e-13	64.3
LIOGPOLJ_00985	MER0024896	26.718	131	89	2	122	246	337	466	6.60e-11	58.9
LIOGPOLJ_00985	MER0024896	24.324	111	84	0	5	115	6	116	2.43e-09	54.3
LIOGPOLJ_00985	MER0011746	26.923	208	133	7	13	207	14	215	3.49e-10	56.6
LIOGPOLJ_00985	MER0004532	26.047	215	139	5	5	212	6	207	8.82e-09	51.6
LIOGPOLJ_00985	MER0005462	22.099	181	135	2	1	180	2	177	4.71e-07	46.6
LIOGPOLJ_00985	MER0001728	27.602	221	133	11	4	207	5	215	1.24e-06	45.8
LIOGPOLJ_00985	MER0001244	26.174	149	100	5	1	146	2	143	3.56e-06	43.9
LIOGPOLJ_00998	MER0001495	31.250	112	56	6	250	356	2	97	4.57e-06	45.8
LIOGPOLJ_01017	MER0001297	40.260	154	90	2	203	356	4	155	2.94e-33	121
LIOGPOLJ_01017	MER0003514	39.103	156	93	2	201	356	2	155	1.24e-32	119
LIOGPOLJ_01017	MER0001425	42.767	159	85	4	202	355	3	160	5.08e-32	118
LIOGPOLJ_01017	MER0015684	35.333	150	97	0	200	349	1	150	5.43e-28	107
LIOGPOLJ_01017	MER0003413	35.897	156	97	2	202	356	3	156	3.35e-27	104
LIOGPOLJ_01017	MER0003065	36.364	154	96	2	203	356	4	155	3.53e-27	104
LIOGPOLJ_01017	MER0004195	35.065	154	99	1	203	356	4	156	7.44e-27	103
LIOGPOLJ_01017	MER0004196	37.342	158	95	3	201	356	2	157	3.25e-26	102
LIOGPOLJ_01017	MER0005714	30.675	163	106	1	201	356	2	164	5.61e-25	99.0
LIOGPOLJ_01017	MER0001295	30.588	170	99	4	202	356	3	168	5.10e-14	67.4
LIOGPOLJ_01017	MER0030235	27.536	138	85	5	202	326	3	138	4.23e-08	50.1
LIOGPOLJ_01017	MER0030244	26.761	142	89	5	198	326	10	149	5.53e-08	50.1
LIOGPOLJ_01041	MER0492485	37.097	62	38	1	76	137	52	112	1.44e-06	43.5
LIOGPOLJ_01056	MER0000589	64.865	37	13	0	444	480	192	228	2.72e-11	60.8
LIOGPOLJ_01056	MER0013626	30.769	91	45	1	408	480	55	145	4.60e-10	55.5
LIOGPOLJ_01056	MER0003269	29.348	92	49	3	409	486	67	156	6.38e-06	43.5
LIOGPOLJ_01114	MER0192051	25.000	156	110	2	17	167	95	248	6.53e-12	61.6
LIOGPOLJ_01114	MER0191412	20.889	225	126	5	21	193	22	246	1.25e-07	48.5
LIOGPOLJ_01121	MER0001978	48.062	258	130	3	1	257	301	555	8.39e-83	255
LIOGPOLJ_01121	MER0006124	35.741	263	146	9	3	254	308	558	6.28e-36	131
LIOGPOLJ_01121	MER0011143	40.088	227	115	9	3	218	294	510	1.31e-35	130
LIOGPOLJ_01121	MER0005029	33.977	259	147	10	3	249	276	522	5.03e-33	122
LIOGPOLJ_01121	MER0005831	35.496	262	147	9	3	249	296	550	5.77e-33	122
LIOGPOLJ_01121	MER0011800	36.139	202	122	5	3	201	298	495	2.88e-31	118
LIOGPOLJ_01121	MER0001629	33.077	260	161	8	3	257	301	552	1.06e-30	116
LIOGPOLJ_01121	MER0011211	31.939	263	164	9	2	257	302	556	4.35e-30	114
LIOGPOLJ_01121	MER0002728	44.099	161	83	4	66	222	386	543	8.27e-30	114
LIOGPOLJ_01121	MER0011811	38.095	210	114	6	1	201	294	496	4.35e-27	106
LIOGPOLJ_01121	MER0011215	35.928	167	104	3	37	201	312	477	1.27e-26	104
LIOGPOLJ_01121	MER0003580	33.766	231	128	8	3	220	297	515	2.20e-26	104
LIOGPOLJ_01121	MER0004194	34.091	220	126	8	3	213	270	479	2.25e-26	103
LIOGPOLJ_01121	MER0002718	35.979	189	117	3	16	201	3	190	3.30e-26	98.6
LIOGPOLJ_01121	MER0002721	34.337	166	80	3	66	203	37	201	5.90e-22	88.6
LIOGPOLJ_01121	MER0026205	30.769	208	137	5	53	257	22	225	7.80e-21	85.1
LIOGPOLJ_01121	MER0011193	31.720	186	114	9	55	231	350	531	9.24e-17	76.3
LIOGPOLJ_01121	MER0002720	31.414	191	100	9	1	189	254	415	1.38e-16	75.5
LIOGPOLJ_01121	MER0001976	33.117	154	89	5	53	203	22	164	3.60e-15	69.3
LIOGPOLJ_01121	MER0004202	25.806	186	122	5	66	249	337	508	2.17e-12	63.2
LIOGPOLJ_01121	MER0026207	25.926	189	112	4	66	254	37	197	4.61e-12	60.5
LIOGPOLJ_01121	MER0006132	25.000	276	135	8	1	226	324	577	5.93e-12	62.0
LIOGPOLJ_01121	MER0001977	25.123	203	137	5	66	257	368	566	6.01e-11	58.9
LIOGPOLJ_01121	MER0094876	22.568	257	167	7	3	249	277	511	3.39e-10	56.6
LIOGPOLJ_01121	MER0016970	28.788	198	125	7	1	190	291	480	9.94e-09	52.4
LIOGPOLJ_01122	MER0044357	26.570	207	123	6	1	181	52	255	3.53e-17	78.6
LIOGPOLJ_01122	MER0044357	30.252	119	72	3	183	297	338	449	6.36e-08	50.4
LIOGPOLJ_01141	MER0031610	37.398	246	146	5	15	253	56	300	1.87e-47	156
LIOGPOLJ_01141	MER0017193	32.967	91	60	1	9	98	21	111	1.74e-11	59.7
LIOGPOLJ_01141	MER0014065	31.959	97	62	2	14	107	35	130	1.83e-11	60.1
LIOGPOLJ_01141	MER0017177	27.358	106	74	1	3	105	24	129	1.05e-09	54.7
LIOGPOLJ_01141	MER0037236	34.545	110	67	2	3	107	9	118	1.10e-09	54.3
LIOGPOLJ_01141	MER0044900	26.792	265	155	11	15	246	96	354	1.97e-09	53.9
LIOGPOLJ_01141	MER0031614	32.407	108	68	2	5	107	73	180	2.37e-09	53.9
LIOGPOLJ_01141	MER0043008	31.092	119	73	4	3	114	10	126	5.31e-09	52.4
LIOGPOLJ_01141	MER0026339	30.882	136	91	3	10	143	21	155	6.74e-09	52.0
LIOGPOLJ_01141	MER0004146	29.104	134	89	3	3	130	8	141	1.19e-08	51.2
LIOGPOLJ_01141	MER0036115	28.431	102	69	2	11	109	33	133	3.33e-08	50.1
LIOGPOLJ_01141	MER0036053	30.435	138	76	5	9	144	4	123	4.53e-08	49.7
LIOGPOLJ_01141	MER0036072	25.664	113	74	3	9	112	76	187	5.23e-08	49.7
LIOGPOLJ_01141	MER0044858	24.390	287	136	13	15	243	57	320	7.94e-08	49.3
LIOGPOLJ_01141	MER0011509	38.235	102	55	5	14	109	39	138	1.62e-07	48.1
LIOGPOLJ_01141	MER0017033	25.203	246	152	10	14	242	65	295	2.74e-07	47.4
LIOGPOLJ_01141	MER0036084	27.826	115	74	4	7	114	12	124	3.22e-07	47.0
LIOGPOLJ_01141	MER0033259	24.427	262	167	10	3	254	20	260	4.38e-07	46.6
LIOGPOLJ_01141	MER0017142	27.143	140	89	4	14	145	15	149	4.40e-07	46.6
LIOGPOLJ_01141	MER0036036	25.726	241	144	9	2	235	23	235	8.36e-07	45.8
LIOGPOLJ_01141	MER0210990	34.615	78	48	1	37	111	54	131	8.41e-07	46.2
LIOGPOLJ_01141	MER0036038	21.344	253	163	9	9	254	28	251	3.53e-06	43.9
LIOGPOLJ_01141	MER0031616	32.673	101	62	3	14	109	40	139	5.36e-06	43.5
LIOGPOLJ_01141	MER0036057	24.082	245	154	10	15	242	64	293	7.08e-06	43.1
LIOGPOLJ_01141	MER0036062	28.723	94	58	3	16	100	35	128	8.88e-06	42.7
LIOGPOLJ_01184	MER0057728	35.754	179	95	5	40	209	1	168	2.22e-29	106
LIOGPOLJ_01238	MER0005244	36.957	184	110	2	188	368	3	183	1.74e-36	129
LIOGPOLJ_01238	MER0005241	32.900	231	127	9	186	395	1	224	2.17e-21	89.4
LIOGPOLJ_01238	MER0001284	33.784	148	85	3	190	324	36	183	9.80e-18	79.3
LIOGPOLJ_01238	MER0004514	34.951	103	59	1	190	284	36	138	9.58e-15	70.5
LIOGPOLJ_01238	MER0002104	37.273	110	60	3	189	291	66	173	3.24e-13	66.6
LIOGPOLJ_01238	MER0005131	34.746	118	62	5	184	288	32	147	8.87e-13	64.7
LIOGPOLJ_01238	MER0005238	27.523	218	118	6	184	365	61	274	9.13e-12	62.0
LIOGPOLJ_01238	MER0005149	34.831	89	56	1	182	268	57	145	1.41e-09	55.5
LIOGPOLJ_01238	MER0100667	33.708	89	54	2	182	267	16	102	1.86e-09	54.3
LIOGPOLJ_01238	MER0015691	37.500	80	49	1	190	268	53	132	2.10e-09	54.7
LIOGPOLJ_01238	MER0005139	34.940	83	48	2	190	268	63	143	2.52e-08	51.6
LIOGPOLJ_01238	MER0015336	34.091	88	53	2	182	266	54	139	5.08e-08	50.4
LIOGPOLJ_01238	MER0001288	30.693	101	66	3	167	267	1	97	6.59e-08	50.1
LIOGPOLJ_01238	MER0002161	32.051	78	52	1	189	266	65	141	7.05e-08	50.4
LIOGPOLJ_01238	MER0005239	32.584	89	58	1	182	268	61	149	5.87e-07	47.4
LIOGPOLJ_01238	MER0037181	30.769	78	53	1	189	266	65	141	3.02e-06	45.4
LIOGPOLJ_01238	MER0001911	30.000	120	78	3	187	305	38	152	8.57e-06	43.5
LIOGPOLJ_01244	MER0001289	30.288	208	119	8	66	266	60	248	3.08e-12	62.8
LIOGPOLJ_01244	MER0100667	25.221	226	141	7	46	266	2	204	3.87e-12	61.6
LIOGPOLJ_01244	MER0194228	30.159	189	108	7	85	266	1	172	7.79e-11	57.4
LIOGPOLJ_01244	MER0001288	25.664	226	121	7	62	267	17	215	2.50e-08	50.8
LIOGPOLJ_01244	MER0001911	26.115	157	93	5	66	220	39	174	3.89e-07	47.0
LIOGPOLJ_01244	MER0001290	34.483	87	49	3	69	151	100	182	9.79e-07	46.6
LIOGPOLJ_01304	MER0031617	28.440	109	69	4	69	170	29	135	2.62e-06	44.7
LIOGPOLJ_01316	MER0003327	49.558	226	106	6	2	224	1	221	3.25e-61	200
LIOGPOLJ_01316	MER0012158	37.168	339	139	10	2	268	1	337	1.36e-59	199
LIOGPOLJ_01316	MER0185695	41.892	222	123	4	2	218	1	221	8.15e-49	166
LIOGPOLJ_01316	MER0003350	42.995	207	94	6	2	185	1	206	8.73e-46	158
LIOGPOLJ_01316	MER0003322	40.777	206	97	5	2	182	1	206	1.72e-41	146
LIOGPOLJ_01316	MER0011781	32.727	165	101	5	2	162	1	159	4.46e-16	75.1
LIOGPOLJ_01316	MER0004101	32.609	138	85	4	2	134	1	135	1.22e-13	67.8
LIOGPOLJ_01316	MER0011806	32.609	138	85	4	2	134	1	135	3.21e-13	66.6
LIOGPOLJ_01316	MER0003314	27.586	203	123	6	2	185	1	198	1.73e-12	65.1
LIOGPOLJ_01367	MER0034539	58.974	39	16	0	5	43	168	206	2.26e-09	53.9
LIOGPOLJ_01376	MER0001025	36.842	342	146	9	339	678	45	318	1.53e-46	167
LIOGPOLJ_01376	MER0001026	36.482	307	142	10	376	678	58	315	5.71e-42	153
LIOGPOLJ_01376	MER0004744	37.459	307	147	11	375	678	56	320	1.99e-39	146
LIOGPOLJ_01376	MER0001029	33.110	299	144	8	382	678	70	314	2.86e-36	137
LIOGPOLJ_01376	MER0029719	35.570	298	135	9	383	678	64	306	2.70e-35	134
LIOGPOLJ_01376	MER0001032	32.997	297	128	11	386	678	71	300	2.10e-32	125
LIOGPOLJ_01376	MER0002810	30.201	298	145	10	386	679	78	316	8.82e-28	112
LIOGPOLJ_01376	MER0002103	30.032	313	162	11	372	678	59	320	1.88e-27	111
LIOGPOLJ_01376	MER0004711	31.438	299	134	10	386	678	66	299	1.11e-26	108
LIOGPOLJ_01376	MER0115298	33.178	214	124	5	377	588	30	226	5.09e-26	106
LIOGPOLJ_01376	MER0001045	33.953	215	123	6	376	588	62	259	4.01e-25	104
LIOGPOLJ_01376	MER0001043	35.266	207	94	5	388	594	77	243	4.97e-25	103
LIOGPOLJ_01376	MER0001047	29.392	296	143	10	386	678	74	306	6.20e-25	103
LIOGPOLJ_01376	MER0029943	33.816	207	97	5	388	594	70	236	7.91e-25	103
LIOGPOLJ_01376	MER0033481	35.071	211	110	8	394	597	80	270	8.32e-25	103
LIOGPOLJ_01376	MER0091601	34.884	215	111	8	381	588	34	226	1.28e-24	102
LIOGPOLJ_01376	MER0029796	29.577	284	133	8	388	671	77	293	1.69e-24	102
LIOGPOLJ_01376	MER0001024	35.266	207	94	6	388	594	72	238	9.66e-24	100
LIOGPOLJ_01376	MER0029961	33.121	314	162	16	378	678	73	351	1.75e-23	100
LIOGPOLJ_01376	MER0001039	34.184	196	85	5	400	590	98	254	1.60e-21	94.0
LIOGPOLJ_01376	MER0020240	32.367	207	100	5	388	594	77	243	5.67e-20	89.0
LIOGPOLJ_01376	MER0024591	27.053	207	108	6	388	590	87	254	2.08e-08	53.9
LIOGPOLJ_01450	MER0237414	23.451	226	163	5	387	606	3	224	4.57e-15	72.4
LIOGPOLJ_01450	MER0390687	27.737	137	98	1	421	557	30	165	4.43e-14	67.8
LIOGPOLJ_01450	MER0003448	24.742	194	145	1	384	577	1	193	6.29e-14	68.9
LIOGPOLJ_01450	MER0195774	38.824	85	49	2	5	89	96	177	1.15e-12	63.9
LIOGPOLJ_01450	MER0003543	26.904	197	134	4	385	577	2	192	2.24e-11	61.2
LIOGPOLJ_01450	MER0188967	24.324	148	103	3	50	189	117	263	3.35e-09	56.6
LIOGPOLJ_01450	MER0026957	25.153	163	121	1	410	572	22	183	8.05e-09	53.5
LIOGPOLJ_01450	MER0015090	27.160	162	107	5	421	577	37	192	1.11e-08	53.5
LIOGPOLJ_01450	MER0001229	25.532	94	66	1	408	497	25	118	6.44e-06	45.1
LIOGPOLJ_01450	MER0001233	33.962	53	35	0	64	116	160	212	8.03e-06	45.1
LIOGPOLJ_01450	MER0043985	26.087	92	64	1	410	497	27	118	9.28e-06	44.7
LIOGPOLJ_01464	MER0034582	25.237	317	217	10	611	915	12	320	3.05e-26	108
LIOGPOLJ_01480	MER0001423	67.672	232	75	0	196	427	1	232	1.64e-119	345
LIOGPOLJ_01480	MER0000399	44.961	258	130	8	180	431	8	259	6.02e-69	217
LIOGPOLJ_01480	MER0000405	40.602	266	141	8	173	425	2	263	2.02e-63	203
LIOGPOLJ_01480	MER0000401	41.767	249	132	6	191	431	18	261	3.02e-63	202
LIOGPOLJ_01480	MER0058228	41.564	243	139	3	191	431	1	242	2.67e-62	199
LIOGPOLJ_01480	MER0005196	39.130	230	139	1	197	426	22	250	2.01e-59	192
LIOGPOLJ_01480	MER0004504	41.772	237	130	4	200	429	2	237	3.46e-59	191
LIOGPOLJ_01480	MER0011305	44.397	232	120	6	200	426	23	250	3.03e-58	189
LIOGPOLJ_01480	MER0011413	39.908	218	127	2	197	410	4	221	1.77e-54	179
LIOGPOLJ_01480	MER0005987	36.434	258	152	7	181	431	10	262	4.93e-52	173
LIOGPOLJ_01480	MER0013484	39.827	231	131	3	197	419	4	234	1.15e-51	171
LIOGPOLJ_01480	MER0011231	38.521	257	142	9	185	432	13	262	1.54e-50	169
LIOGPOLJ_01480	MER0004923	38.627	233	139	2	199	427	57	289	3.75e-50	169
LIOGPOLJ_01480	MER0000404	37.302	252	146	6	189	432	18	265	2.10e-49	166
LIOGPOLJ_01480	MER0004921	36.287	237	138	5	197	426	4	234	3.44e-48	162
LIOGPOLJ_01480	MER0005994	35.156	256	154	5	182	429	11	262	1.06e-44	154
LIOGPOLJ_01480	MER0000403	30.566	265	175	5	173	431	1	262	2.48e-44	153
LIOGPOLJ_01480	MER0192427	35.981	214	130	3	200	410	69	278	4.24e-42	147
LIOGPOLJ_01480	MER0004193	35.470	234	144	5	197	427	3	232	9.35e-41	142
LIOGPOLJ_01480	MER0004199	33.906	233	140	7	204	431	1	224	5.71e-37	132
LIOGPOLJ_01480	MER0195666	31.148	244	156	5	197	432	1	240	3.28e-36	130
LIOGPOLJ_01480	MER0003361	28.632	234	148	6	183	408	5	227	1.88e-27	107
LIOGPOLJ_01480	MER0005988	31.818	110	74	1	302	410	2	111	4.39e-18	76.6
LIOGPOLJ_01480	MER0034615	25.106	235	157	3	189	410	2	230	2.13e-16	75.5
LIOGPOLJ_01480	MER0003558	24.303	251	171	6	177	415	3	246	3.01e-16	75.5
LIOGPOLJ_01480	MER0005807	30.097	206	131	6	210	410	62	259	1.24e-15	73.9
LIOGPOLJ_01480	MER0018170	25.352	213	141	3	210	409	25	232	1.66e-14	70.1
LIOGPOLJ_01480	MER0000263	25.630	238	145	7	192	410	1	225	3.04e-13	66.2
LIOGPOLJ_01480	MER0140224	26.047	215	136	5	211	410	13	219	6.08e-12	62.4
LIOGPOLJ_01480	MER0017401	26.087	230	146	8	192	409	2	219	6.33e-12	62.4
LIOGPOLJ_01480	MER0000408	22.128	235	163	6	190	410	5	233	3.46e-11	60.1
LIOGPOLJ_01480	MER0126485	23.474	213	149	4	205	409	10	216	5.32e-11	59.3
LIOGPOLJ_01480	MER0016096	22.511	231	158	6	196	411	5	229	1.92e-10	57.8
LIOGPOLJ_01480	MER0015682	24.749	299	204	9	142	426	13	304	2.73e-10	58.2
LIOGPOLJ_01480	MER0030932	27.778	234	133	8	189	408	13	224	3.48e-10	57.0
LIOGPOLJ_01480	MER0004925	25.714	245	162	8	189	419	12	250	1.63e-07	49.3
LIOGPOLJ_01480	MER0014827	25.403	248	159	9	189	419	12	250	3.34e-07	48.1
LIOGPOLJ_01480	MER0001920	22.115	208	141	5	239	429	43	246	1.25e-06	46.6
LIOGPOLJ_01525	MER0011781	22.105	285	156	11	38	320	17	237	1.00e-07	50.1
LIOGPOLJ_01578	MER0005694	53.676	272	125	1	249	520	3	273	2.93e-104	311
LIOGPOLJ_01578	MER0000392	52.465	284	121	5	259	531	3	283	7.01e-102	305
LIOGPOLJ_01578	MER0015621	52.518	278	115	4	259	520	13	289	3.12e-98	296
LIOGPOLJ_01578	MER0022823	54.851	268	114	6	259	520	3	269	3.71e-95	288
LIOGPOLJ_01578	MER0079308	52.256	266	123	4	262	525	6	269	5.90e-93	282
LIOGPOLJ_01578	MER0011450	50.923	271	122	5	259	520	3	271	5.55e-89	272
LIOGPOLJ_01578	MER0981959	49.104	279	124	6	258	520	1	277	1.14e-88	271
LIOGPOLJ_01578	MER0002490	46.853	286	127	5	259	520	13	297	3.62e-88	271
LIOGPOLJ_01578	MER0325901	44.526	274	147	5	259	528	1	273	1.30e-73	232
LIOGPOLJ_01578	MER0000398	46.212	264	127	7	263	525	4	253	6.43e-67	214
LIOGPOLJ_01578	MER0003229	39.179	268	155	5	259	525	11	271	1.93e-55	184
LIOGPOLJ_01578	MER0000410	31.010	287	191	5	250	532	3	286	1.48e-43	153
LIOGPOLJ_01578	MER0011872	29.286	280	192	3	253	527	7	285	8.30e-36	132
LIOGPOLJ_01578	MER0082498	30.556	252	152	6	273	501	12	263	2.37e-28	111
LIOGPOLJ_01578	MER0082653	28.800	250	156	7	273	501	16	264	2.01e-25	102
LIOGPOLJ_01578	MER0004227	30.500	200	135	2	273	469	33	231	3.86e-23	97.1
LIOGPOLJ_01578	MER0005807	23.333	240	172	6	266	505	34	261	1.87e-07	49.7
LIOGPOLJ_01578	MER0001920	27.778	216	140	9	313	520	36	243	1.14e-06	47.0
LIOGPOLJ_01578	MER0015682	24.348	230	154	9	296	519	90	305	2.95e-06	46.2
LIOGPOLJ_01626	MER0004468	28.384	229	139	6	221	440	203	415	2.37e-15	74.3
LIOGPOLJ_01626	MER0004468	33.684	95	60	1	80	174	147	238	5.67e-08	51.6
LIOGPOLJ_01626	MER0004468	40.000	65	37	1	10	74	7	69	1.96e-06	46.6
LIOGPOLJ_01626	MER0897124	28.509	228	138	6	222	440	204	415	4.33e-15	73.6
LIOGPOLJ_01626	MER0897124	34.737	95	59	1	80	174	147	238	1.62e-08	53.1
LIOGPOLJ_01626	MER0897124	40.000	65	37	1	10	74	7	69	1.89e-06	46.6
LIOGPOLJ_01626	MER0004469	23.697	211	134	7	1	191	1	204	4.24e-13	67.4
LIOGPOLJ_01626	MER0004480	34.677	124	74	4	11	134	1	117	4.97e-10	57.4
LIOGPOLJ_01626	MER0004480	24.186	215	124	7	221	405	119	324	3.12e-07	48.9
LIOGPOLJ_01626	MER0004474	31.776	107	66	3	14	120	89	188	5.04e-08	51.6
LIOGPOLJ_01626	MER0004474	33.333	144	68	6	279	411	201	327	3.76e-06	45.4
LIOGPOLJ_01626	MER0004471	32.824	131	71	6	14	140	95	212	2.87e-07	48.9
LIOGPOLJ_01626	MER0004471	31.544	149	70	5	276	411	204	333	4.50e-06	45.4
LIOGPOLJ_01646	MER0001322	38.095	105	52	4	127	226	1	97	3.05e-16	69.7
LIOGPOLJ_01646	MER0014188	38.462	91	50	3	127	216	1	86	2.35e-15	67.0
LIOGPOLJ_01646	MER0003807	37.168	113	58	5	127	236	1	103	3.54e-12	58.9
LIOGPOLJ_01646	MER0024252	34.483	116	66	4	139	248	14	125	9.47e-12	57.8
LIOGPOLJ_01646	MER0003808	32.381	105	63	4	127	228	1	100	1.75e-10	53.9
LIOGPOLJ_01646	MER0376722	32.609	92	55	3	127	216	1	87	4.15e-10	52.4
LIOGPOLJ_01646	MER0002443	34.783	92	57	3	127	216	1	91	9.77e-10	52.0
LIOGPOLJ_01646	MER0003986	34.409	93	57	4	127	216	1	92	1.61e-09	51.6
LIOGPOLJ_01646	MER0003805	30.476	105	65	4	127	228	1	100	1.63e-09	51.2
LIOGPOLJ_01646	MER0377310	31.068	103	67	3	127	228	1	100	2.72e-09	50.4
LIOGPOLJ_01646	MER0377307	31.068	103	67	3	127	228	1	100	2.72e-09	50.4
LIOGPOLJ_01646	MER0002450	31.068	103	67	3	127	228	1	100	3.34e-09	50.4
LIOGPOLJ_01646	MER0377450	31.183	93	57	3	127	217	1	88	5.83e-09	49.3
LIOGPOLJ_01646	MER0004035	35.443	79	48	3	139	216	10	86	5.43e-08	47.0
LIOGPOLJ_01646	MER0377178	31.068	103	67	3	127	228	1	100	1.26e-07	45.8
LIOGPOLJ_01646	MER0004054	34.043	94	56	5	128	216	2	94	6.37e-07	44.3
LIOGPOLJ_01704	MER0013499	36.047	86	54	1	48	132	254	339	2.38e-12	59.3
LIOGPOLJ_01704	MER0032370	37.805	82	50	1	52	132	257	338	1.23e-11	57.4
LIOGPOLJ_01704	MER0026963	34.831	89	55	2	40	125	3	91	8.84e-11	52.4
LIOGPOLJ_01704	MER0015155	34.568	81	52	1	51	130	257	337	1.32e-09	51.6
LIOGPOLJ_01704	MER0013496	36.585	82	49	3	51	130	200	280	1.55e-09	51.6
LIOGPOLJ_01704	MER0001260	32.468	77	51	1	50	125	262	338	2.57e-08	47.8
LIOGPOLJ_01704	MER0011343	32.927	82	54	1	52	132	266	347	1.10e-07	46.2
LIOGPOLJ_01704	MER0011422	35.714	84	48	2	52	131	272	353	9.32e-07	43.5
LIOGPOLJ_01704	MER0013425	34.783	69	43	2	52	119	236	303	3.31e-06	42.0
LIOGPOLJ_01704	MER0006319	41.026	39	23	0	95	133	346	384	8.58e-06	40.8
