MEGCOCAG_00031	MER0026494	34.110	472	285	7	1	454	4	467	1.42e-81	257
MEGCOCAG_00031	MER0015142	32.218	478	298	11	1	459	33	503	9.64e-72	232
MEGCOCAG_00031	MER0026471	30.573	471	303	7	8	459	12	477	7.94e-69	224
MEGCOCAG_00031	MER0026485	33.990	203	116	6	8	198	11	207	1.01e-23	98.2
MEGCOCAG_00031	MER0026485	33.333	93	62	0	362	454	212	304	7.17e-12	63.2
MEGCOCAG_00031	MER0003397	33.333	192	110	4	19	198	23	208	1.34e-23	97.8
MEGCOCAG_00031	MER0003397	32.584	89	60	0	362	450	213	301	5.54e-11	60.5
MEGCOCAG_00031	MER0052470	24.318	403	265	13	76	459	81	462	6.96e-19	85.5
MEGCOCAG_00031	MER0057434	28.641	206	125	8	7	198	2	199	8.29e-15	71.6
MEGCOCAG_00031	MER0057434	29.885	87	61	0	360	446	202	288	7.68e-07	47.4
MEGCOCAG_00031	MER0001272	27.586	145	84	6	21	162	11	137	3.28e-07	48.5
MEGCOCAG_00031	MER0001271	30.769	143	87	7	21	161	18	150	4.50e-06	45.4
MEGCOCAG_00063	MER0045886	47.162	229	115	5	1	225	10	236	4.51e-64	205
MEGCOCAG_00063	MER0044889	43.172	227	127	1	2	226	16	242	1.39e-56	186
MEGCOCAG_00063	MER0043537	45.405	185	98	2	5	187	2	185	3.19e-48	162
MEGCOCAG_00063	MER0042974	41.667	192	104	3	12	195	1	192	7.35e-45	153
MEGCOCAG_00063	MER0436735	33.969	262	135	4	2	225	1	262	7.65e-45	155
MEGCOCAG_00063	MER0038086	39.732	224	119	5	5	212	29	252	1.11e-44	154
MEGCOCAG_00063	MER0043387	44.643	168	92	1	20	186	1	168	1.05e-41	144
MEGCOCAG_00063	MER0044812	35.593	177	89	10	5	170	58	220	1.42e-14	70.5
MEGCOCAG_00063	MER0043394	28.667	150	103	2	38	183	13	162	1.96e-13	65.1
MEGCOCAG_00063	MER0044622	25.654	191	126	8	5	183	28	214	2.46e-12	63.9
MEGCOCAG_00063	MER0044882	29.825	171	105	8	38	196	15	182	7.72e-12	61.2
MEGCOCAG_00063	MER0043195	25.170	147	90	4	53	182	63	206	1.29e-09	55.8
MEGCOCAG_00063	MER0045094	28.105	153	101	5	38	183	48	198	3.19e-09	54.3
MEGCOCAG_00063	MER0045945	27.586	174	105	5	5	169	34	195	5.20e-09	53.5
MEGCOCAG_00063	MER0043392	27.389	157	109	3	27	180	1	155	1.57e-08	51.2
MEGCOCAG_00063	MER0115185	29.286	140	81	5	40	170	1	131	1.68e-08	50.4
MEGCOCAG_00063	MER0046161	26.087	207	116	9	5	196	67	251	2.89e-08	52.0
MEGCOCAG_00063	MER0043540	28.571	182	96	8	5	170	44	207	6.18e-07	47.4
MEGCOCAG_00063	MER0043475	25.564	133	87	4	48	168	62	194	1.26e-06	46.6
MEGCOCAG_00130	MER0001699	40.865	208	104	8	299	504	62	252	4.48e-30	116
MEGCOCAG_00130	MER0000310	38.164	207	111	6	299	504	63	253	2.02e-27	108
MEGCOCAG_00130	MER0001709	35.249	261	124	12	269	505	70	309	3.56e-26	106
MEGCOCAG_00130	MER0000332	42.328	189	89	8	299	486	64	233	4.34e-26	104
MEGCOCAG_00130	MER0001928	37.681	207	108	8	299	504	62	248	1.86e-25	102
MEGCOCAG_00130	MER0077555	33.977	259	143	12	251	504	18	253	2.63e-25	102
MEGCOCAG_00130	MER0000315	38.647	207	106	9	299	504	62	248	4.33e-25	101
MEGCOCAG_00130	MER0001906	38.647	207	106	9	299	504	62	248	4.41e-25	101
MEGCOCAG_00130	MER0000361	35.688	269	132	12	258	503	63	313	4.95e-25	103
MEGCOCAG_00130	MER0002565	36.283	226	123	7	281	505	89	294	9.49e-25	102
MEGCOCAG_00130	MER0001520	38.164	207	107	9	299	504	62	248	1.79e-24	100
MEGCOCAG_00130	MER0002575	34.123	211	116	8	296	504	68	257	3.93e-24	99.4
MEGCOCAG_00130	MER0000320	38.860	193	97	8	299	487	69	244	1.24e-23	98.2
MEGCOCAG_00130	MER0001521	37.019	208	112	8	299	504	64	254	3.74e-23	96.3
MEGCOCAG_00130	MER0000313	37.019	208	112	8	299	504	64	254	5.23e-23	95.9
MEGCOCAG_00130	MER0000333	38.624	189	96	8	299	486	64	233	1.12e-22	94.7
MEGCOCAG_00130	MER0001755	36.715	207	114	6	299	504	64	254	2.12e-22	94.4
MEGCOCAG_00130	MER0000309	38.647	207	110	6	299	504	63	253	2.96e-22	93.6
MEGCOCAG_00130	MER0000316	35.714	210	108	8	299	504	61	247	1.02e-21	92.0
MEGCOCAG_00130	MER0001523	35.577	208	115	7	299	504	64	254	1.12e-21	92.0
MEGCOCAG_00130	MER0000312	35.577	208	115	7	299	504	64	254	1.12e-21	92.0
MEGCOCAG_00130	MER0001725	33.193	238	127	8	282	504	75	295	1.44e-21	92.8
MEGCOCAG_00130	MER0000362	33.624	229	114	9	299	506	99	310	1.89e-21	92.4
MEGCOCAG_00130	MER0028365	37.306	193	98	9	299	484	125	301	3.45e-21	92.4
MEGCOCAG_00130	MER0028365	42.466	73	39	3	43	115	43	112	1.62e-08	53.5
MEGCOCAG_00130	MER0002057	34.034	238	113	9	299	496	102	335	6.96e-21	91.7
MEGCOCAG_00130	MER0002267	34.615	208	116	7	299	504	71	260	9.05e-21	89.7
MEGCOCAG_00130	MER0013656	35.749	207	112	8	299	504	61	247	2.23e-20	88.2
MEGCOCAG_00130	MER0000311	37.143	210	113	8	299	506	64	256	5.50e-20	87.0
MEGCOCAG_00130	MER0002562	32.906	234	114	10	299	507	117	332	5.84e-20	88.6
MEGCOCAG_00130	MER0081072	32.536	209	121	7	299	506	61	250	6.32e-20	86.3
MEGCOCAG_00130	MER0000349	32.389	247	140	8	296	522	141	380	1.97e-19	87.4
MEGCOCAG_00130	MER0016978	36.052	233	104	10	299	504	78	292	1.33e-18	84.0
MEGCOCAG_00130	MER0062058	33.333	231	128	8	273	489	26	244	1.40e-18	85.1
MEGCOCAG_00130	MER0062058	57.143	49	21	0	68	116	1	49	1.60e-12	66.2
MEGCOCAG_00130	MER0005821	31.897	232	126	10	299	511	86	304	1.80e-18	85.1
MEGCOCAG_00130	MER0054318	33.641	217	124	9	299	510	67	268	4.07e-18	82.4
MEGCOCAG_00130	MER0004690	30.493	223	125	7	296	500	96	306	4.71e-18	82.8
MEGCOCAG_00130	MER0004690	42.308	52	29	1	69	119	39	90	1.22e-06	47.4
MEGCOCAG_00130	MER0002516	34.123	211	103	9	299	501	82	264	1.30e-17	80.5
MEGCOCAG_00130	MER0161312	31.338	284	154	13	289	536	83	361	2.35e-17	80.5
MEGCOCAG_00130	MER0005931	36.538	208	113	6	299	504	32	222	6.28e-17	77.4
MEGCOCAG_00130	MER0017009	28.736	261	159	6	260	504	76	325	1.29e-16	78.2
MEGCOCAG_00130	MER0000326	32.340	235	120	11	299	521	72	279	1.56e-16	77.4
MEGCOCAG_00130	MER0004085	35.047	214	122	8	299	500	96	304	2.10e-16	77.4
MEGCOCAG_00130	MER0014744	34.804	204	113	8	299	489	95	291	2.72e-16	77.0
MEGCOCAG_00130	MER0014446	31.250	256	134	10	299	536	197	428	3.94e-16	77.4
MEGCOCAG_00130	MER0000338	33.641	217	109	11	299	506	72	262	4.75e-16	75.5
MEGCOCAG_00130	MER0000319	33.173	208	119	7	296	502	66	254	6.19e-16	75.1
MEGCOCAG_00130	MER0005078	29.249	253	137	12	278	513	55	282	9.00e-16	74.7
MEGCOCAG_00130	MER0003117	35.652	230	110	13	299	516	75	278	9.37e-16	74.7
MEGCOCAG_00130	MER0042897	36.866	217	115	9	291	504	60	257	9.78e-16	74.7
MEGCOCAG_00130	MER0006023	29.719	249	140	9	269	500	74	304	2.02e-15	74.3
MEGCOCAG_00130	MER0000356	32.824	262	117	13	278	506	63	298	2.62e-15	74.3
MEGCOCAG_00130	MER0002500	31.690	284	157	11	276	536	138	407	3.49e-15	74.3
MEGCOCAG_00130	MER0003536	33.921	227	113	10	299	504	71	281	3.62e-15	73.2
MEGCOCAG_00130	MER0050309	32.995	197	102	9	299	486	47	222	3.84e-15	74.7
MEGCOCAG_00130	MER0016983	33.493	209	96	10	299	486	71	257	4.06e-15	73.2
MEGCOCAG_00130	MER0030016	32.099	243	120	11	277	504	65	277	8.84e-15	71.6
MEGCOCAG_00130	MER0000321	30.894	246	124	11	277	504	135	352	1.94e-14	71.6
MEGCOCAG_00130	MER0004720	34.328	201	95	12	299	491	73	244	2.39e-14	70.5
MEGCOCAG_00130	MER0000325	34.188	234	115	11	283	502	45	253	3.07e-14	70.9
MEGCOCAG_00130	MER0000335	28.975	283	154	15	234	506	13	258	7.11e-14	68.9
MEGCOCAG_00130	MER0006074	29.249	253	138	12	268	510	60	281	1.77e-13	68.2
MEGCOCAG_00130	MER0000358	31.944	216	108	11	299	500	71	261	6.53e-13	67.0
MEGCOCAG_00130	MER0000344	31.034	232	124	10	288	510	79	283	6.92e-13	66.2
MEGCOCAG_00130	MER0022415	25.312	320	185	16	207	516	14	289	8.05e-13	67.4
MEGCOCAG_00130	MER0024902	26.728	217	145	5	299	503	97	311	1.01e-12	66.2
MEGCOCAG_00130	MER0002790	35.000	200	118	6	299	489	1	197	1.51e-12	64.3
MEGCOCAG_00130	MER0000357	34.434	212	93	11	299	494	77	258	3.51e-12	64.3
MEGCOCAG_00130	MER0002764	29.204	226	130	9	299	518	89	290	4.32e-12	63.9
MEGCOCAG_00130	MER0000328	30.435	230	129	9	299	518	72	280	5.52e-12	63.5
MEGCOCAG_00130	MER0000359	32.710	214	108	11	299	502	89	276	8.23e-12	63.2
MEGCOCAG_00130	MER0006037	32.474	194	98	8	299	484	80	248	9.06e-12	62.8
MEGCOCAG_00130	MER0016688	30.612	245	118	10	296	506	71	297	1.19e-11	62.8
MEGCOCAG_00130	MER0000336	30.890	191	101	7	299	482	81	247	1.67e-11	62.0
MEGCOCAG_00130	MER0001451	27.835	291	153	13	285	522	49	335	1.85e-11	62.4
MEGCOCAG_00130	MER0016697	29.796	245	117	12	280	488	74	299	2.71e-11	62.0
MEGCOCAG_00130	MER0055027	27.481	262	141	10	245	487	22	253	3.65e-11	62.0
MEGCOCAG_00130	MER0000348	26.357	258	133	9	288	498	77	324	3.70e-11	61.6
MEGCOCAG_00130	MER0016986	26.471	238	121	9	299	491	90	318	4.42e-11	61.2
MEGCOCAG_00130	MER0005712	26.766	269	147	9	289	507	76	344	4.78e-11	61.2
MEGCOCAG_00130	MER0050310	28.455	246	140	11	252	487	64	283	6.00e-11	61.2
MEGCOCAG_00130	MER0000340	29.614	233	135	9	299	519	74	289	7.84e-11	60.1
MEGCOCAG_00130	MER0004123	26.295	251	124	10	299	506	79	311	1.05e-10	60.1
MEGCOCAG_00130	MER0005859	29.694	229	105	10	299	487	242	454	1.84e-10	60.1
MEGCOCAG_00130	MER0114485	30.830	253	127	12	271	484	82	325	3.98e-10	58.5
MEGCOCAG_00130	MER0003020	29.339	242	116	10	299	486	226	466	6.81e-10	58.2
MEGCOCAG_00130	MER0005790	31.034	203	102	7	295	483	90	268	9.83e-10	56.6
MEGCOCAG_00130	MER0006048	24.841	314	142	10	272	504	51	351	1.34e-09	57.0
MEGCOCAG_00130	MER0028258	31.301	246	122	13	297	500	102	342	1.45e-09	56.6
MEGCOCAG_00130	MER0019280	29.091	220	138	8	296	503	70	283	2.36e-09	55.8
MEGCOCAG_00130	MER0000351	29.075	227	115	10	276	485	87	284	4.25e-09	54.7
MEGCOCAG_00130	MER0037258	26.316	228	141	9	298	506	79	298	4.45e-09	54.7
MEGCOCAG_00130	MER0067924	31.064	235	103	14	295	496	60	268	4.52e-09	54.7
MEGCOCAG_00130	MER0001368	24.903	257	143	8	299	507	85	339	6.92e-09	54.7
MEGCOCAG_00130	MER0001467	27.723	303	146	14	267	504	43	337	1.45e-08	53.5
MEGCOCAG_00130	MER0155676	28.755	233	132	10	299	503	125	351	1.54e-08	53.5
MEGCOCAG_00130	MER0155676	40.278	72	39	1	48	115	19	90	5.28e-08	52.0
MEGCOCAG_00130	MER0015437	40.984	61	35	1	447	507	373	432	2.76e-08	53.1
MEGCOCAG_00130	MER0004988	24.370	238	159	8	278	506	49	274	4.11e-08	51.6
MEGCOCAG_00130	MER0005760	25.166	302	154	10	267	504	43	336	6.28e-08	51.6
MEGCOCAG_00130	MER0068994	27.547	265	127	14	282	484	82	343	7.51e-08	51.6
MEGCOCAG_00130	MER0000347	27.778	234	133	9	296	508	116	334	7.82e-08	51.6
MEGCOCAG_00130	MER0015436	42.373	59	33	1	447	504	373	431	9.95e-08	51.2
MEGCOCAG_00130	MER0005034	26.286	175	92	5	392	536	292	459	1.20e-07	50.8
MEGCOCAG_00130	MER0015431	25.625	320	158	14	290	538	70	380	1.67e-07	50.4
MEGCOCAG_00130	MER0015439	25.000	304	149	9	299	526	118	418	1.70e-07	50.4
MEGCOCAG_00130	MER0005610	28.571	301	144	14	267	504	43	335	2.27e-07	49.7
MEGCOCAG_00130	MER0014309	26.543	324	148	17	267	522	43	344	4.52e-07	48.9
MEGCOCAG_00130	MER0005774	32.673	101	59	4	447	538	364	464	4.82e-07	48.9
MEGCOCAG_00130	MER0015433	35.000	100	56	4	447	537	372	471	5.04e-07	48.9
MEGCOCAG_00130	MER0004641	28.676	136	73	3	383	505	232	356	5.23e-07	48.9
MEGCOCAG_00130	MER0080418	33.333	144	80	6	370	504	201	337	5.68e-07	48.5
MEGCOCAG_00130	MER0013641	28.270	237	126	12	299	506	83	304	7.08e-07	48.5
MEGCOCAG_00130	MER0005775	29.091	110	69	4	438	538	375	484	8.47e-07	48.1
MEGCOCAG_00130	MER0014315	27.407	135	74	3	383	504	225	348	8.55e-07	48.1
MEGCOCAG_00130	MER0005700	23.333	210	134	7	310	507	167	361	1.04e-06	47.8
MEGCOCAG_00130	MER0002739	27.437	277	137	12	299	538	98	347	1.05e-06	48.1
MEGCOCAG_00130	MER0001454	23.432	303	150	13	267	504	43	328	1.14e-06	47.8
MEGCOCAG_00130	MER0006049	31.373	102	47	2	416	504	267	358	1.24e-06	47.8
MEGCOCAG_00130	MER0000350	23.887	247	140	8	299	504	90	329	1.33e-06	47.4
MEGCOCAG_00130	MER0005756	26.000	200	115	7	316	507	204	378	1.37e-06	47.4
MEGCOCAG_00130	MER0015432	24.359	234	144	9	315	538	178	388	1.54e-06	47.4
MEGCOCAG_00130	MER0025143	26.871	294	132	14	250	486	5	272	2.35e-06	46.6
MEGCOCAG_00130	MER0175622	25.833	240	149	9	299	524	74	298	4.07e-06	45.4
MEGCOCAG_00130	MER0006036	32.143	84	43	2	435	504	358	441	4.29e-06	46.2
MEGCOCAG_00130	MER0011813	40.260	77	39	3	462	538	394	463	4.30e-06	46.2
MEGCOCAG_00130	MER0001610	25.498	251	159	9	267	505	38	272	4.50e-06	45.4
MEGCOCAG_00130	MER0013893	32.955	88	49	1	427	504	423	510	4.95e-06	45.8
MEGCOCAG_00130	MER0016991	25.561	223	115	8	299	488	78	282	5.26e-06	45.4
MEGCOCAG_00130	MER0004652	33.708	89	49	2	427	505	421	509	6.13e-06	45.8
MEGCOCAG_00132	MER0000589	34.426	122	39	3	146	267	1	81	5.95e-12	62.8
MEGCOCAG_00132	MER0000589	46.000	50	27	0	447	496	179	228	2.34e-09	55.1
MEGCOCAG_00132	MER0004537	31.852	135	68	5	147	278	2	115	9.63e-10	55.1
MEGCOCAG_00132	MER0013626	44.186	43	24	0	452	494	101	143	6.66e-08	49.3
MEGCOCAG_00132	MER0055964	28.682	129	46	1	148	276	3	85	1.60e-07	47.8
MEGCOCAG_00132	MER0003273	27.826	115	52	3	409	492	38	152	5.33e-06	43.9
MEGCOCAG_00137	MER0031570	27.132	129	81	4	64	192	11	126	5.96e-11	59.7
MEGCOCAG_00137	MER0036027	27.068	133	74	5	64	193	11	123	1.02e-09	56.2
MEGCOCAG_00137	MER0036044	24.074	162	95	5	31	192	42	175	2.86e-09	55.1
MEGCOCAG_00137	MER0034742	32.000	125	77	5	61	183	12	130	6.38e-09	54.7
MEGCOCAG_00137	MER0037852	32.479	117	72	4	61	175	12	123	6.14e-08	51.6
MEGCOCAG_00137	MER0034548	30.827	133	74	6	58	188	8	124	3.83e-07	48.1
MEGCOCAG_00137	MER0043138	23.636	110	83	1	61	170	14	122	3.49e-06	45.8
MEGCOCAG_00137	MER0034723	30.252	119	70	5	61	174	12	122	5.46e-06	45.4
MEGCOCAG_00177	MER0001243	42.017	238	136	2	2	237	3	240	5.40e-62	193
MEGCOCAG_00177	MER0005690	39.662	237	142	1	10	246	11	246	1.35e-55	176
MEGCOCAG_00177	MER0001342	38.397	237	146	0	2	238	3	239	3.76e-51	165
MEGCOCAG_00177	MER0015127	35.983	239	152	1	8	246	9	246	7.92e-50	161
MEGCOCAG_00177	MER0015128	34.177	237	150	3	13	246	14	247	2.23e-47	155
MEGCOCAG_00177	MER0013589	32.922	243	162	1	4	246	1	242	1.04e-46	153
MEGCOCAG_00177	MER0013929	35.021	237	153	1	2	238	3	238	1.79e-46	153
MEGCOCAG_00177	MER0013450	31.452	248	168	2	4	249	3	250	1.05e-40	138
MEGCOCAG_00177	MER0010972	24.658	219	151	1	2	220	3	207	1.54e-17	76.6
MEGCOCAG_00177	MER0003880	29.756	205	128	6	11	211	5	197	2.45e-16	73.9
MEGCOCAG_00177	MER0004931	24.020	204	141	5	4	204	5	197	2.99e-12	61.6
MEGCOCAG_00177	MER0024896	27.481	131	88	2	122	246	337	466	4.73e-12	62.4
MEGCOCAG_00177	MER0024896	28.440	109	78	0	4	112	5	113	1.07e-11	61.2
MEGCOCAG_00177	MER0011746	25.822	213	139	7	13	212	14	220	4.20e-11	59.3
MEGCOCAG_00177	MER0004532	25.366	205	136	6	4	204	5	196	2.31e-09	53.1
MEGCOCAG_00177	MER0005462	22.277	202	141	5	9	206	10	199	2.92e-09	52.8
MEGCOCAG_00177	MER0002038	22.843	197	134	3	22	204	6	198	8.11e-09	51.6
MEGCOCAG_00177	MER0001728	27.315	216	127	10	9	207	13	215	2.30e-08	50.8
MEGCOCAG_00177	MER0001244	23.636	220	143	7	1	202	2	214	3.50e-07	47.0
MEGCOCAG_00219	MER0066184	21.930	228	174	3	86	309	19	246	1.78e-14	68.9
MEGCOCAG_00219	MER0017368	24.870	193	117	8	87	264	19	198	6.37e-10	55.5
MEGCOCAG_00219	MER0031552	25.200	250	161	10	72	310	1	235	1.08e-08	52.0
MEGCOCAG_00219	MER0017243	26.623	154	82	7	125	262	128	266	3.48e-08	50.8
MEGCOCAG_00219	MER0031551	23.226	155	111	4	72	219	1	154	4.08e-08	50.1
MEGCOCAG_00219	MER0017242	24.832	149	107	4	61	207	45	190	3.12e-06	44.7
MEGCOCAG_00219	MER0209583	23.932	117	86	2	91	206	57	171	4.48e-06	44.3
MEGCOCAG_00219	MER0045469	27.660	141	95	4	99	235	41	178	8.72e-06	43.1
MEGCOCAG_00267	MER0013957	26.163	172	117	4	103	271	10	174	1.90e-09	53.1
MEGCOCAG_00267	MER0044046	28.646	192	126	7	94	282	1	184	1.10e-06	45.1
MEGCOCAG_00267	MER0001299	24.186	215	133	7	85	286	302	499	3.80e-06	44.7
MEGCOCAG_00348	MER0047723	46.234	478	243	6	6	473	2	475	1.45e-142	414
MEGCOCAG_00348	MER0001283	41.975	486	269	5	3	479	3	484	3.75e-132	388
MEGCOCAG_00348	MER0028941	29.762	168	94	5	15	170	6	161	1.73e-10	59.3
MEGCOCAG_00348	MER0369336	31.858	113	63	3	62	170	7	109	9.52e-10	56.6
MEGCOCAG_00355	MER0005300	31.844	179	90	10	356	518	1	163	9.70e-09	51.6
MEGCOCAG_00355	MER0015415	28.814	118	66	4	381	491	29	135	1.31e-06	45.4
MEGCOCAG_00390	MER0195774	35.028	177	115	0	30	206	1	177	1.05e-36	129
MEGCOCAG_00390	MER0003543	27.027	222	144	5	30	246	2	210	4.54e-15	71.2
MEGCOCAG_00390	MER0001229	24.171	211	155	5	30	238	2	209	1.47e-14	69.3
MEGCOCAG_00390	MER0001233	27.189	217	139	6	30	233	2	212	1.49e-14	70.1
MEGCOCAG_00390	MER0043985	24.171	211	155	5	30	238	2	209	3.04e-14	68.9
MEGCOCAG_00390	MER0003448	24.171	211	159	1	30	240	2	211	1.46e-13	66.6
MEGCOCAG_00390	MER0003386	30.729	192	110	9	30	206	26	209	3.00e-11	59.7
MEGCOCAG_00390	MER0001220	25.472	212	141	7	43	243	1	206	2.32e-10	57.0
MEGCOCAG_00390	MER0001218	28.667	150	100	4	11	157	9	154	4.41e-10	56.2
MEGCOCAG_00390	MER0002283	35.714	98	60	2	24	120	20	115	8.43e-10	55.5
MEGCOCAG_00390	MER0011292	23.952	167	120	4	46	206	64	229	1.18e-09	55.5
MEGCOCAG_00390	MER0122186	28.358	134	88	3	30	155	22	155	1.25e-09	54.7
MEGCOCAG_00390	MER0001214	32.381	105	67	2	10	110	3	107	6.25e-09	52.4
MEGCOCAG_00390	MER0390687	22.840	162	114	2	47	203	11	166	1.40e-08	50.8
MEGCOCAG_00390	MER0014333	27.228	202	134	6	30	221	2	200	1.51e-08	52.0
MEGCOCAG_00390	MER0004423	24.519	208	141	5	57	263	23	215	2.15e-08	51.6
MEGCOCAG_00390	MER0015259	34.146	82	53	1	30	110	26	107	2.25e-08	51.2
MEGCOCAG_00390	MER0002423	37.349	83	51	1	29	110	25	107	2.63e-08	50.8
MEGCOCAG_00390	MER0188967	25.000	168	107	3	66	217	3	167	8.45e-08	50.8
MEGCOCAG_00390	MER0001413	34.021	97	59	4	16	109	15	109	8.95e-08	48.1
MEGCOCAG_00390	MER0015090	22.816	206	155	3	30	234	2	204	1.09e-07	49.3
MEGCOCAG_00390	MER0011192	26.027	146	103	4	66	206	17	162	2.51e-07	47.4
MEGCOCAG_00390	MER0011744	31.707	82	55	1	30	110	26	107	3.94e-07	47.4
MEGCOCAG_00390	MER0011096	31.707	82	55	1	30	110	26	107	4.57e-07	47.4
MEGCOCAG_00390	MER0003823	33.735	83	54	1	29	110	25	107	5.16e-07	47.0
MEGCOCAG_00390	MER0002008	24.651	215	135	10	30	230	2	203	1.72e-06	45.8
MEGCOCAG_00390	MER0002345	33.735	83	54	1	29	110	25	107	1.94e-06	45.4
MEGCOCAG_00390	MER0001222	21.244	193	136	6	24	206	20	206	2.33e-06	45.1
MEGCOCAG_00391	MER0001233	21.429	210	151	5	46	241	1	210	1.43e-12	65.1
MEGCOCAG_00391	MER0003448	24.413	213	154	4	46	251	1	213	1.24e-11	62.0
MEGCOCAG_00391	MER0237414	24.272	206	132	7	49	237	3	201	3.60e-11	60.5
MEGCOCAG_00391	MER0039456	26.852	216	129	9	46	241	1	207	3.50e-10	57.4
MEGCOCAG_00391	MER0195774	28.261	184	111	8	47	216	1	177	2.31e-08	51.2
MEGCOCAG_00391	MER0015090	23.618	199	145	5	47	239	2	199	4.78e-08	51.2
MEGCOCAG_00391	MER0003543	21.659	217	161	5	47	255	2	217	4.84e-07	48.1
MEGCOCAG_00406	MER0000472	25.412	425	251	14	66	451	31	428	1.00e-26	108
MEGCOCAG_00406	MER0000471	22.777	461	282	15	39	453	3	435	2.16e-21	93.2
MEGCOCAG_00406	MER0011571	21.678	429	283	14	59	460	24	426	1.46e-14	72.4
MEGCOCAG_00407	MER0002251	43.534	232	125	4	2	230	2	230	8.30e-62	190
MEGCOCAG_00407	MER0001335	38.158	228	138	3	1	227	1	226	1.48e-48	156
MEGCOCAG_00412	MER0035036	33.333	138	83	5	48	178	91	226	1.78e-10	55.8
MEGCOCAG_00412	MER0015473	30.464	151	84	4	45	177	37	184	1.19e-09	53.1
MEGCOCAG_00412	MER0015472	28.125	192	106	7	4	176	4	182	5.38e-09	51.2
MEGCOCAG_00412	MER0015462	39.241	79	44	2	41	118	44	119	4.96e-08	48.1
MEGCOCAG_00412	MER0047976	36.842	76	45	1	44	119	12	84	7.43e-08	47.8
MEGCOCAG_00412	MER0015659	33.654	104	62	2	31	134	36	132	2.71e-07	46.2
MEGCOCAG_00412	MER0048181	29.167	144	81	5	45	169	1	142	1.22e-06	43.5
MEGCOCAG_00412	MER0015686	37.079	89	53	1	36	124	41	126	1.44e-06	44.3
MEGCOCAG_00412	MER0030047	27.612	134	92	3	48	176	1	134	1.51e-06	43.1
MEGCOCAG_00412	MER0015632	26.667	120	83	2	5	121	7	124	3.95e-06	43.1
MEGCOCAG_00412	MER0020201	30.263	152	90	6	38	180	51	195	6.52e-06	42.4
MEGCOCAG_00412	MER0015630	38.272	81	47	1	44	124	52	129	6.98e-06	42.4
MEGCOCAG_00416	MER0004035	44.737	114	56	3	40	152	4	111	1.49e-30	103
MEGCOCAG_00416	MER0002443	41.379	116	63	2	39	153	6	117	4.88e-28	97.8
MEGCOCAG_00416	MER0003986	42.149	121	64	3	34	152	1	117	7.74e-24	87.0
MEGCOCAG_00416	MER0003808	42.857	119	58	7	34	151	1	110	1.57e-21	80.9
MEGCOCAG_00416	MER0003807	37.168	113	64	4	34	144	1	108	1.50e-20	78.6
MEGCOCAG_00416	MER0003805	40.000	120	62	7	34	152	1	111	4.17e-20	77.4
MEGCOCAG_00416	MER0004054	36.134	119	69	5	40	154	7	122	9.10e-20	76.6
MEGCOCAG_00416	MER0002450	44.167	120	57	6	34	152	1	111	1.11e-19	76.3
MEGCOCAG_00416	MER0377310	43.478	115	55	6	34	147	1	106	1.01e-17	70.9
MEGCOCAG_00416	MER0377307	43.478	115	55	6	34	147	1	106	1.01e-17	70.9
MEGCOCAG_00416	MER0377178	40.351	114	60	5	34	147	1	106	2.76e-16	67.4
MEGCOCAG_00416	MER0376722	40.385	104	52	7	34	136	1	95	6.71e-14	60.8
MEGCOCAG_00416	MER0038100	30.328	122	68	5	44	154	12	127	1.50e-12	58.2
MEGCOCAG_00416	MER0001322	33.333	117	63	5	34	146	1	106	1.53e-11	55.1
MEGCOCAG_00416	MER0024252	38.095	84	46	3	46	129	14	91	4.26e-11	54.3
MEGCOCAG_00416	MER0014188	32.432	111	60	6	34	140	1	100	9.52e-11	52.8
MEGCOCAG_00416	MER0377450	36.735	98	53	6	34	130	1	90	1.52e-10	52.0
MEGCOCAG_00416	MER0014672	29.661	118	64	4	34	138	1	112	2.06e-09	49.7
MEGCOCAG_00416	MER0031199	36.667	60	38	0	50	109	1	60	3.65e-08	45.1
MEGCOCAG_00417	MER0015121	27.027	148	87	4	39	165	37	184	1.49e-06	46.6
MEGCOCAG_00438	MER0013541	32.877	73	37	2	220	280	13	85	2.59e-08	47.8
MEGCOCAG_00438	MER0003906	33.333	90	54	3	191	279	2	86	2.63e-07	45.4
MEGCOCAG_00438	MER0003380	43.902	41	21	1	240	280	184	222	4.72e-06	43.9
MEGCOCAG_00438	MER0015415	35.088	57	35	1	225	281	96	150	6.02e-06	42.7
MEGCOCAG_00438	MER0387040	36.207	58	36	1	224	281	31	87	6.14e-06	41.6
MEGCOCAG_00439	MER0031610	33.068	251	158	5	18	259	51	300	9.60e-43	144
MEGCOCAG_00439	MER0044858	26.855	283	145	12	22	255	57	326	7.88e-12	61.2
MEGCOCAG_00439	MER0031616	31.111	135	84	3	4	131	23	155	3.26e-11	59.3
MEGCOCAG_00439	MER0044900	24.621	264	153	11	22	248	96	350	6.32e-11	58.5
MEGCOCAG_00439	MER0011509	30.088	113	72	3	15	122	33	143	2.02e-10	57.0
MEGCOCAG_00439	MER0035038	25.263	285	168	11	12	259	23	299	7.05e-10	55.1
MEGCOCAG_00439	MER0017142	32.653	98	62	1	21	118	15	108	1.33e-09	53.9
MEGCOCAG_00439	MER0213280	24.252	301	161	11	7	259	18	299	1.93e-08	50.8
MEGCOCAG_00439	MER0004146	24.354	271	164	12	7	253	8	261	2.17e-08	50.4
MEGCOCAG_00439	MER0035044	23.264	288	166	11	12	259	26	298	4.97e-08	49.7
MEGCOCAG_00439	MER0037236	22.000	200	127	7	70	253	75	261	2.19e-07	47.8
MEGCOCAG_00439	MER0044350	34.286	105	59	4	20	117	1	102	4.82e-07	46.6
MEGCOCAG_00439	MER0035035	30.147	136	81	5	7	136	23	150	1.72e-06	45.1
MEGCOCAG_00439	MER0031619	26.471	170	114	6	10	172	19	184	2.11e-06	44.7
MEGCOCAG_00439	MER0014065	27.206	136	83	4	16	135	29	164	2.71e-06	44.7
MEGCOCAG_00439	MER0035032	34.951	103	58	3	20	116	31	130	6.45e-06	43.1
MEGCOCAG_00445	MER0492485	30.435	69	45	1	84	152	54	119	3.88e-06	42.4
MEGCOCAG_00467	MER0000474	51.031	194	94	1	29	221	10	203	3.18e-72	216
MEGCOCAG_00467	MER0005687	49.239	197	91	2	25	221	20	207	1.97e-64	196
MEGCOCAG_00467	MER0002211	48.947	190	97	0	32	221	14	203	2.37e-63	193
MEGCOCAG_00467	MER0002299	49.730	185	93	0	36	220	12	196	9.93e-63	191
MEGCOCAG_00467	MER0004857	52.632	171	80	1	51	221	34	203	1.21e-60	186
MEGCOCAG_00467	MER0006046	44.444	189	105	0	33	221	15	203	7.75e-58	179
MEGCOCAG_00467	MER0004855	47.778	180	94	0	42	221	26	205	1.65e-57	178
MEGCOCAG_00467	MER0006063	45.055	182	100	0	40	221	23	204	5.07e-54	169
MEGCOCAG_00467	MER0006056	48.795	166	84	1	59	224	46	210	1.25e-51	163
MEGCOCAG_00467	MER0004847	44.560	193	106	1	34	225	16	208	1.19e-49	158
MEGCOCAG_00467	MER0004182	41.398	186	109	0	36	221	14	199	1.66e-46	150
MEGCOCAG_00467	MER0006308	37.288	177	110	1	45	220	17	193	1.60e-43	142
MEGCOCAG_00467	MER0011666	42.012	169	96	1	55	221	17	185	4.21e-43	140
MEGCOCAG_00467	MER0001369	38.750	80	47	1	77	156	53	130	1.48e-06	43.1
MEGCOCAG_00471	MER0005169	33.623	345	219	5	9	351	5	341	1.46e-56	185
MEGCOCAG_00471	MER0013829	33.028	327	215	3	10	336	6	328	3.34e-53	176
MEGCOCAG_00471	MER0004410	33.333	351	212	9	9	349	5	343	1.74e-47	161
MEGCOCAG_00471	MER0005472	32.635	334	210	5	9	342	5	323	1.88e-42	147
MEGCOCAG_00471	MER0002046	31.176	340	212	9	10	346	6	326	4.59e-41	144
MEGCOCAG_00471	MER0002043	29.305	331	207	10	23	342	31	345	3.43e-35	129
MEGCOCAG_00471	MER0005160	30.000	340	218	10	6	342	2	324	1.27e-29	113
MEGCOCAG_00471	MER0002040	28.938	273	175	8	61	325	59	320	1.96e-22	94.0
MEGCOCAG_00471	MER0022215	24.128	344	233	9	6	342	4	326	2.36e-18	82.0
MEGCOCAG_00484	MER0028047	55.866	179	76	2	448	626	1	176	6.42e-62	201
MEGCOCAG_00484	MER0003564	27.317	205	113	7	448	616	21	225	1.53e-08	52.8
MEGCOCAG_00534	MER0004775	39.878	657	388	5	29	681	5	658	4.02e-170	499
MEGCOCAG_00534	MER0001058	32.188	640	415	9	46	681	2	626	1.55e-107	336
MEGCOCAG_00534	MER0011141	32.000	675	418	16	41	681	22	689	3.27e-104	329
MEGCOCAG_00534	MER0001056	32.380	664	418	14	41	681	22	677	3.88e-102	323
MEGCOCAG_00534	MER0002988	32.201	677	401	14	41	676	22	681	3.24e-101	322
MEGCOCAG_00534	MER0001991	30.335	656	426	13	39	670	20	668	1.04e-94	304
MEGCOCAG_00534	MER0011159	29.254	670	436	15	41	681	22	682	7.37e-92	296
MEGCOCAG_00534	MER0001050	31.195	686	419	15	41	681	22	699	7.16e-89	289
MEGCOCAG_00534	MER0011838	27.653	669	446	15	41	681	23	681	4.69e-88	286
MEGCOCAG_00534	MER0002350	30.949	685	407	18	47	681	28	696	1.81e-86	283
MEGCOCAG_00534	MER0019831	31.457	604	379	13	106	681	55	651	4.69e-85	278
MEGCOCAG_00534	MER0013406	28.551	690	429	16	41	681	22	696	1.27e-82	272
MEGCOCAG_00534	MER0019832	29.287	659	420	13	42	681	17	648	3.24e-82	270
MEGCOCAG_00534	MER0001059	31.636	550	364	8	44	585	1	546	1.15e-78	258
MEGCOCAG_00534	MER0005528	29.822	674	430	18	41	681	22	685	2.02e-76	255
MEGCOCAG_00534	MER0002062	28.990	683	428	21	47	681	28	701	6.06e-74	249
MEGCOCAG_00534	MER0004762	28.801	684	428	20	41	681	22	689	3.26e-71	241
MEGCOCAG_00534	MER0002997	26.686	682	449	17	39	681	20	689	9.12e-66	226
MEGCOCAG_00534	MER0002285	26.855	674	414	17	41	681	22	649	7.43e-62	215
MEGCOCAG_00534	MER0038668	25.888	591	354	18	166	681	22	603	3.22e-53	190
MEGCOCAG_00534	MER0001365	27.606	518	307	14	220	681	226	731	1.03e-52	191
MEGCOCAG_00534	MER0015175	25.763	590	369	16	161	681	161	750	9.71e-47	174
MEGCOCAG_00534	MER0162857	29.839	372	221	9	334	681	391	746	1.15e-46	173
MEGCOCAG_00534	MER0001054	23.249	671	452	18	42	681	23	661	1.66e-38	148
MEGCOCAG_00534	MER0011433	22.861	678	449	20	40	675	27	672	2.48e-32	130
MEGCOCAG_00534	MER0024834	34.066	182	114	4	504	681	2	181	1.86e-30	115
MEGCOCAG_00534	MER0011432	24.855	692	439	22	23	670	13	667	4.41e-30	123
MEGCOCAG_00534	MER0011427	25.867	375	232	12	340	681	322	683	1.28e-29	121
MEGCOCAG_00534	MER0011430	24.590	549	342	19	153	676	148	649	1.48e-29	121
MEGCOCAG_00534	MER0011355	26.012	346	222	11	362	681	329	666	6.99e-26	109
MEGCOCAG_00534	MER0002990	26.301	346	224	10	353	681	316	647	1.54e-25	108
MEGCOCAG_00534	MER0004778	22.265	521	354	16	198	681	220	726	9.19e-24	103
MEGCOCAG_00534	MER0026946	27.586	261	163	8	426	681	15	254	3.97e-23	96.3
MEGCOCAG_00534	MER0002987	23.409	440	282	13	252	670	164	569	1.07e-22	99.4
MEGCOCAG_00534	MER0004761	26.316	323	214	7	364	670	335	649	7.09e-21	94.0
MEGCOCAG_00534	MER0011429	27.835	291	182	10	396	670	372	650	1.49e-19	89.7
MEGCOCAG_00534	MER0002993	23.596	267	176	6	353	593	314	578	9.17e-19	87.4
MEGCOCAG_00534	MER0002989	22.025	395	266	9	288	670	267	631	2.78e-18	85.9
MEGCOCAG_00534	MER0002991	25.688	218	144	6	461	670	464	671	4.39e-13	69.3
MEGCOCAG_00534	MER0004763	21.429	420	258	11	191	591	56	422	1.53e-12	67.0
MEGCOCAG_00534	MER0015181	21.581	329	231	9	358	670	318	635	4.42e-12	65.9
MEGCOCAG_00534	MER0011195	27.000	200	115	8	430	623	430	604	1.50e-11	64.3
MEGCOCAG_00534	MER0011151	23.179	151	104	3	474	623	187	326	6.58e-10	58.2
MEGCOCAG_00534	MER0011306	25.258	194	113	5	477	664	466	633	5.71e-07	49.3
MEGCOCAG_00534	MER0011486	35.000	60	39	0	475	534	427	486	1.10e-06	48.5
MEGCOCAG_00534	MER0002999	37.500	56	35	0	483	538	461	516	1.11e-06	48.5
MEGCOCAG_00542	MER0095620	43.333	360	182	7	54	393	3	360	1.26e-101	302
MEGCOCAG_00542	MER0000728	24.147	381	230	13	49	388	52	414	9.93e-15	72.0
MEGCOCAG_00542	MER0000727	22.454	432	265	14	10	393	23	432	3.36e-13	67.4
MEGCOCAG_00542	MER0003535	22.388	402	239	11	36	387	38	416	1.64e-12	65.5
MEGCOCAG_00542	MER0002481	23.272	434	256	19	17	394	24	436	7.42e-11	60.1
MEGCOCAG_00542	MER0002628	23.902	410	226	14	34	388	40	418	1.50e-10	59.3
MEGCOCAG_00542	MER0003534	22.166	397	232	11	49	394	53	423	2.89e-10	58.2
MEGCOCAG_00542	MER0052377	53.846	39	17	1	330	368	162	199	1.32e-06	45.8
MEGCOCAG_00542	MER0025190	31.034	87	49	3	292	368	109	194	3.32e-06	44.7
MEGCOCAG_00542	MER0016115	39.623	53	32	0	316	368	149	201	4.66e-06	44.3
MEGCOCAG_00542	MER0002233	51.220	41	19	1	328	368	158	197	6.11e-06	43.9
MEGCOCAG_00546	MER0001421	51.392	395	188	4	26	419	4	395	5.03e-137	395
MEGCOCAG_00546	MER0028941	27.033	418	242	12	13	418	1	367	5.41e-24	99.4
MEGCOCAG_00546	MER0369336	29.856	278	182	8	141	412	39	309	4.56e-20	87.4
MEGCOCAG_00595	MER0015621	51.079	278	119	4	434	695	13	289	2.88e-92	286
MEGCOCAG_00595	MER0000392	51.292	271	122	4	434	695	3	272	3.15e-92	285
MEGCOCAG_00595	MER0005694	48.540	274	140	1	422	695	1	273	9.64e-89	276
MEGCOCAG_00595	MER0002490	48.252	286	123	6	434	695	13	297	2.66e-85	268
MEGCOCAG_00595	MER0011450	49.446	271	126	5	434	695	3	271	1.23e-84	265
MEGCOCAG_00595	MER0079308	48.276	261	131	4	437	695	6	264	1.95e-84	265
MEGCOCAG_00595	MER0981959	47.312	279	129	5	433	695	1	277	1.69e-82	260
MEGCOCAG_00595	MER0022823	48.507	268	131	6	434	695	3	269	2.87e-79	251
MEGCOCAG_00595	MER0325901	41.971	274	154	5	434	703	1	273	3.86e-65	214
MEGCOCAG_00595	MER0000398	44.531	256	129	7	442	697	8	250	5.78e-60	199
MEGCOCAG_00595	MER0003229	37.175	269	159	6	434	700	11	271	4.88e-49	170
MEGCOCAG_00595	MER0000410	33.333	273	169	6	433	696	12	280	2.90e-41	149
MEGCOCAG_00595	MER0011872	30.216	278	186	5	430	701	9	284	9.92e-32	122
MEGCOCAG_00595	MER0082653	27.881	269	168	6	448	695	16	279	2.91e-26	105
MEGCOCAG_00595	MER0082498	30.315	254	150	7	448	676	12	263	3.70e-26	105
MEGCOCAG_00595	MER0004227	25.926	270	182	5	448	704	33	297	2.55e-24	100
MEGCOCAG_00595	MER0005807	24.731	186	133	3	441	626	34	212	3.05e-07	49.3
MEGCOCAG_00595	MER0001920	27.273	231	152	9	473	695	21	243	6.87e-07	48.1
MEGCOCAG_00595	MER0004923	24.074	162	116	4	436	590	32	193	3.37e-06	46.2
MEGCOCAG_00617	MER0003242	50.327	306	144	4	110	414	2	300	4.28e-107	315
MEGCOCAG_00617	MER0013876	31.293	294	178	9	30	316	1	277	2.99e-37	135
MEGCOCAG_00617	MER0003855	28.425	292	185	7	30	310	1	279	4.79e-32	122
MEGCOCAG_00617	MER0004416	27.586	290	171	9	42	312	11	280	7.25e-24	97.4
MEGCOCAG_00645	MER0004146	24.907	269	147	9	2	237	8	254	2.95e-16	73.2
MEGCOCAG_00645	MER0036115	35.455	110	68	2	2	108	23	132	3.12e-14	67.8
MEGCOCAG_00645	MER0034563	24.790	238	162	8	10	240	13	240	9.39e-14	65.9
MEGCOCAG_00645	MER0044581	32.143	112	69	3	10	114	68	179	2.82e-13	65.5
MEGCOCAG_00645	MER0044578	34.234	111	66	3	10	113	70	180	3.94e-13	65.1
MEGCOCAG_00645	MER0017142	36.036	111	64	3	2	111	3	107	1.28e-12	62.8
MEGCOCAG_00645	MER0036075	32.432	111	71	3	12	118	69	179	1.98e-12	62.8
MEGCOCAG_00645	MER0213829	32.231	121	74	4	5	117	41	161	2.74e-12	62.4
MEGCOCAG_00645	MER0014065	28.440	109	75	2	2	107	22	130	5.48e-12	61.6
MEGCOCAG_00645	MER0031619	33.846	130	77	5	5	126	19	147	7.91e-12	60.8
MEGCOCAG_00645	MER0037236	23.643	258	163	9	2	237	9	254	4.88e-11	58.2
MEGCOCAG_00645	MER0031611	27.679	112	75	3	11	116	37	148	8.23e-11	57.8
MEGCOCAG_00645	MER0017177	27.500	120	83	3	2	118	24	142	9.34e-11	57.8
MEGCOCAG_00645	MER0044633	31.967	122	77	4	9	124	69	190	1.80e-10	57.0
MEGCOCAG_00645	MER0031617	28.440	109	75	2	2	107	22	130	2.10e-10	56.6
MEGCOCAG_00645	MER0011785	29.839	124	82	1	10	128	32	155	5.24e-10	55.5
MEGCOCAG_00645	MER0036072	23.273	275	156	10	4	239	70	328	1.08e-09	54.7
MEGCOCAG_00645	MER0044350	29.474	95	64	1	14	105	2	96	1.43e-09	53.9
MEGCOCAG_00645	MER0036053	28.358	134	79	4	6	131	2	126	3.17e-09	52.8
MEGCOCAG_00645	MER0036076	29.204	113	77	2	11	121	60	171	1.47e-08	51.2
MEGCOCAG_00645	MER0035973	31.532	111	72	2	11	117	54	164	2.46e-08	50.4
MEGCOCAG_00645	MER0043008	19.737	152	112	3	2	143	10	161	2.17e-07	47.4
MEGCOCAG_00645	MER0025512	22.464	276	159	11	2	240	39	296	2.91e-07	47.4
MEGCOCAG_00645	MER0011509	27.551	98	67	1	14	107	39	136	3.49e-07	47.0
MEGCOCAG_00645	MER0183709	27.586	116	75	5	1	107	22	137	3.86e-07	47.0
MEGCOCAG_00645	MER0035035	30.275	109	61	4	5	102	22	126	4.70e-07	46.6
MEGCOCAG_00645	MER0036066	26.804	97	67	2	14	107	1	96	5.26e-07	46.2
MEGCOCAG_00645	MER0033259	26.829	123	83	3	2	118	20	141	5.37e-07	46.2
MEGCOCAG_00645	MER0036084	22.000	150	105	3	5	143	11	159	6.99e-07	45.8
MEGCOCAG_00645	MER0036073	27.481	131	87	4	2	125	65	194	1.03e-06	45.8
MEGCOCAG_00645	MER0035043	28.125	96	65	2	14	106	36	130	1.42e-06	45.1
MEGCOCAG_00645	MER0035041	27.869	122	79	3	7	120	38	158	1.71e-06	44.7
MEGCOCAG_00645	MER0035044	29.703	101	62	3	8	102	27	124	1.86e-06	45.1
MEGCOCAG_00645	MER0035032	27.551	98	55	2	14	102	32	122	1.98e-06	44.7
MEGCOCAG_00645	MER0213280	27.723	101	64	3	8	102	24	121	4.40e-06	43.9
MEGCOCAG_00645	MER0035038	28.571	98	67	3	8	102	24	121	5.63e-06	43.5
MEGCOCAG_00645	MER0026339	25.822	213	133	7	14	208	25	230	9.88e-06	42.4
MEGCOCAG_00645	MER0017193	32.184	87	57	2	2	87	15	100	9.99e-06	42.7
MEGCOCAG_00654	MER0377310	32.381	105	63	3	111	212	1	100	1.18e-11	57.0
MEGCOCAG_00654	MER0377307	32.381	105	63	3	111	212	1	100	1.18e-11	57.0
MEGCOCAG_00654	MER0002450	32.381	105	63	3	111	212	1	100	1.28e-11	57.0
MEGCOCAG_00654	MER0377178	29.730	111	58	3	111	212	1	100	2.71e-10	53.1
MEGCOCAG_00654	MER0014188	36.667	90	51	4	111	199	1	85	6.83e-10	52.0
MEGCOCAG_00654	MER0003807	33.684	95	59	3	111	202	1	94	2.25e-09	50.8
MEGCOCAG_00654	MER0024252	32.479	117	69	4	123	233	14	126	2.89e-09	50.8
MEGCOCAG_00654	MER0004035	36.709	79	47	3	123	200	10	86	5.20e-09	49.7
MEGCOCAG_00654	MER0001322	30.097	103	63	2	111	210	1	97	2.09e-08	48.1
MEGCOCAG_00654	MER0003805	29.808	104	67	3	111	212	1	100	3.08e-08	47.8
MEGCOCAG_00654	MER0002443	35.366	82	50	3	121	200	11	91	8.80e-08	46.6
MEGCOCAG_00654	MER0377450	30.108	93	60	2	111	202	1	89	9.82e-08	45.8
MEGCOCAG_00681	MER0005196	60.241	249	98	1	459	706	2	250	4.47e-104	315
MEGCOCAG_00681	MER0058228	42.562	242	137	2	472	711	1	242	2.12e-65	213
MEGCOCAG_00681	MER0001423	40.435	230	136	1	478	706	2	231	1.53e-59	197
MEGCOCAG_00681	MER0011413	38.222	225	129	3	475	692	1	222	2.48e-52	178
MEGCOCAG_00681	MER0004923	35.714	252	156	3	445	692	24	273	1.08e-51	178
MEGCOCAG_00681	MER0004921	37.946	224	128	4	475	692	1	219	2.38e-51	175
MEGCOCAG_00681	MER0013484	39.189	222	131	2	475	692	1	222	1.32e-49	171
MEGCOCAG_00681	MER0192427	36.100	241	137	5	459	692	49	279	7.03e-48	167
MEGCOCAG_00681	MER0005994	32.197	264	167	6	453	708	2	261	3.70e-44	156
MEGCOCAG_00681	MER0000399	34.363	259	162	5	453	707	1	255	8.63e-44	155
MEGCOCAG_00681	MER0005987	34.498	229	141	6	485	708	35	259	6.46e-42	150
MEGCOCAG_00681	MER0000401	34.375	224	140	4	472	691	20	240	8.22e-38	139
MEGCOCAG_00681	MER0011305	35.317	252	151	7	459	703	1	247	1.27e-37	138
MEGCOCAG_00681	MER0000405	33.955	268	158	9	453	706	2	264	1.32e-36	135
MEGCOCAG_00681	MER0004504	37.629	194	114	3	481	669	2	193	6.94e-36	132
MEGCOCAG_00681	MER0195666	32.323	198	124	4	478	668	1	195	1.86e-34	128
MEGCOCAG_00681	MER0004199	34.649	228	136	7	485	707	1	220	2.81e-34	127
MEGCOCAG_00681	MER0011231	32.184	261	167	7	453	707	1	257	1.67e-33	126
MEGCOCAG_00681	MER0000404	29.084	251	166	6	453	695	1	247	3.26e-31	120
MEGCOCAG_00681	MER0000403	29.688	256	169	7	459	707	7	258	5.21e-29	113
MEGCOCAG_00681	MER0004193	29.493	217	148	4	478	691	3	217	6.20e-29	112
MEGCOCAG_00681	MER0003361	30.000	220	141	8	475	689	16	227	1.16e-19	85.9
MEGCOCAG_00681	MER0034615	25.431	232	160	3	470	691	2	230	2.22e-18	82.0
MEGCOCAG_00681	MER0005988	31.818	110	74	1	583	691	2	111	5.46e-16	71.6
MEGCOCAG_00681	MER0003558	23.387	248	176	4	470	707	14	257	2.32e-15	73.6
MEGCOCAG_00681	MER0000408	25.210	238	152	4	471	691	5	233	2.04e-14	70.5
MEGCOCAG_00681	MER0017401	27.193	228	142	9	488	702	16	232	4.96e-12	63.2
MEGCOCAG_00681	MER0005807	25.000	216	139	7	486	690	57	260	1.95e-11	62.0
MEGCOCAG_00681	MER0018170	21.005	219	152	4	491	696	25	235	9.00e-11	59.7
MEGCOCAG_00681	MER0000263	31.624	117	74	3	473	587	1	113	1.04e-10	59.3
MEGCOCAG_00681	MER0140224	22.751	189	132	3	514	689	30	217	1.12e-09	56.2
MEGCOCAG_00681	MER0126485	26.457	223	143	8	488	700	12	223	1.83e-09	55.5
MEGCOCAG_00681	MER0011583	30.702	114	70	4	476	588	10	115	3.51e-08	52.0
MEGCOCAG_00681	MER0015621	23.963	217	143	7	470	669	29	240	3.18e-06	46.2
MEGCOCAG_00689	MER0217397	36.978	695	402	11	37	711	1	679	4.37e-150	449
MEGCOCAG_00689	MER0039993	37.853	708	406	12	26	711	1	696	1.69e-148	446
MEGCOCAG_00689	MER0014366	36.610	702	414	11	25	711	27	712	1.96e-146	441
MEGCOCAG_00689	MER0501051	40.996	261	137	8	25	275	3	256	2.30e-53	186
MEGCOCAG_00689	MER0501051	41.333	150	86	2	564	712	253	401	2.72e-29	117
MEGCOCAG_00692	MER0001158	49.481	675	337	1	38	708	3	677	0.0	687
MEGCOCAG_00692	MER0001161	30.175	686	458	9	37	709	2	679	2.63e-105	333
MEGCOCAG_00692	MER0006087	30.976	707	453	15	28	708	1	698	5.20e-99	317
MEGCOCAG_00692	MER0015119	30.483	725	440	19	35	708	5	716	1.84e-93	303
MEGCOCAG_00692	MER0001149	27.074	639	432	13	86	709	58	677	1.84e-62	218
MEGCOCAG_00692	MER0108144	26.205	664	445	18	71	708	18	662	1.22e-56	201
MEGCOCAG_00692	MER0001942	27.605	547	360	13	176	708	152	676	1.65e-50	184
MEGCOCAG_00692	MER0079465	26.821	604	376	16	142	707	58	633	3.47e-49	179
MEGCOCAG_00692	MER0003110	25.287	696	433	22	79	708	41	715	4.33e-46	172
MEGCOCAG_00692	MER0001153	27.184	515	336	15	220	709	193	693	3.51e-45	169
MEGCOCAG_00692	MER0015170	23.404	564	395	12	148	706	97	628	1.99e-37	145
MEGCOCAG_00692	MER0001156	25.751	466	296	13	258	684	229	683	4.75e-36	142
MEGCOCAG_00692	MER0059435	25.658	152	111	2	471	621	471	621	1.28e-07	51.6
MEGCOCAG_00692	MER0021317	32.353	68	46	0	468	535	20	87	5.24e-07	45.1
MEGCOCAG_00694	MER0000485	47.234	235	122	2	564	796	2	236	1.55e-66	218
MEGCOCAG_00694	MER0000495	39.918	243	134	3	564	795	2	243	2.93e-54	185
MEGCOCAG_00694	MER0003443	46.667	195	98	3	600	788	27	221	6.89e-51	174
MEGCOCAG_00694	MER0003442	45.455	220	107	5	588	795	3	221	1.32e-50	174
MEGCOCAG_00694	MER0011056	48.603	179	89	1	620	795	43	221	1.79e-50	173
MEGCOCAG_00694	MER0000488	41.379	232	127	4	564	790	2	229	8.23e-50	172
MEGCOCAG_00694	MER0014970	35.842	279	133	3	564	796	2	280	1.24e-48	171
MEGCOCAG_00694	MER0011057	46.927	179	92	1	620	795	43	221	2.18e-47	165
MEGCOCAG_00694	MER0004236	48.000	175	89	1	618	792	86	258	2.47e-47	166
MEGCOCAG_00694	MER0000496	44.211	190	98	3	589	771	81	269	1.32e-40	148
MEGCOCAG_00694	MER0005837	35.600	250	143	4	564	797	2	249	5.43e-39	142
MEGCOCAG_00694	MER0108906	37.021	235	138	5	564	794	2	230	3.25e-37	136
MEGCOCAG_00694	MER0026213	34.932	146	92	1	648	793	111	253	4.53e-23	96.3
MEGCOCAG_00694	MER0017402	34.254	181	107	5	620	795	28	201	4.03e-20	86.7
MEGCOCAG_00694	MER0003359	32.716	162	96	5	619	770	44	202	4.65e-14	69.3
MEGCOCAG_00694	MER0003859	30.519	154	100	3	642	795	79	225	8.04e-14	68.9
MEGCOCAG_00694	MER0017403	28.409	176	95	4	593	768	35	179	2.10e-09	55.8
MEGCOCAG_00694	MER0003017	31.633	98	62	2	700	796	66	159	5.10e-07	47.4
MEGCOCAG_00722	MER0011781	27.208	283	143	11	38	319	17	237	1.66e-13	67.4
MEGCOCAG_00722	MER0011806	23.776	286	151	10	37	319	16	237	3.01e-11	60.8
MEGCOCAG_00722	MER0004101	24.211	285	149	10	38	319	17	237	3.43e-11	60.5
MEGCOCAG_00722	MER0003314	27.632	152	85	5	108	258	67	194	1.32e-06	47.0
MEGCOCAG_00739	MER0195774	26.316	228	114	5	59	283	1	177	7.42e-19	82.0
MEGCOCAG_00739	MER0014333	24.723	271	145	10	59	320	2	222	2.64e-11	61.6
MEGCOCAG_00739	MER0122186	37.879	66	41	0	49	114	12	77	1.33e-08	53.1
MEGCOCAG_00739	MER0001233	21.429	266	138	9	59	309	2	211	1.87e-08	53.1
MEGCOCAG_00739	MER0003386	37.179	78	45	2	39	115	8	82	5.53e-08	51.2
MEGCOCAG_00739	MER0002345	38.235	68	42	0	48	115	15	82	3.61e-07	48.9
MEGCOCAG_00739	MER0001214	36.486	74	42	1	55	128	22	90	6.42e-07	47.8
MEGCOCAG_00739	MER0003823	36.765	68	43	0	48	115	15	82	8.30e-07	47.8
MEGCOCAG_00739	MER0011744	41.071	56	33	0	55	110	22	77	1.16e-06	47.4
MEGCOCAG_00739	MER0002423	39.394	66	40	0	50	115	17	82	1.51e-06	47.0
MEGCOCAG_00739	MER0001218	34.848	66	43	0	50	115	17	82	4.41e-06	45.8
MEGCOCAG_00739	MER0003448	20.000	255	151	6	59	311	2	205	5.64e-06	45.4
MEGCOCAG_00739	MER0011096	40.984	61	36	0	50	110	17	77	6.93e-06	45.1
MEGCOCAG_00799	MER0005767	27.273	319	189	7	57	372	27	305	3.68e-33	124
MEGCOCAG_00799	MER0030136	24.938	405	269	16	9	388	1	395	2.13e-19	86.7
MEGCOCAG_00799	MER0030151	23.367	398	284	12	9	388	1	395	2.42e-17	80.5
MEGCOCAG_00799	MER0030143	23.869	398	282	13	9	388	1	395	1.91e-16	77.8
MEGCOCAG_00799	MER0030155	23.441	401	280	13	9	388	1	395	7.04e-15	72.8
MEGCOCAG_00799	MER0015112	23.325	403	282	12	9	388	1	399	3.54e-14	70.9
MEGCOCAG_00799	MER0030149	23.515	404	276	15	9	388	1	395	5.83e-13	67.0
MEGCOCAG_00808	MER0001423	81.466	232	43	0	474	705	1	232	5.94e-142	412
MEGCOCAG_00808	MER0000399	43.621	243	127	6	469	705	17	255	5.77e-63	207
MEGCOCAG_00808	MER0000401	42.979	235	127	4	475	705	26	257	7.23e-59	197
MEGCOCAG_00808	MER0058228	42.661	218	123	2	475	690	7	224	2.45e-57	192
MEGCOCAG_00808	MER0005196	38.261	230	141	1	475	704	22	250	6.89e-57	191
MEGCOCAG_00808	MER0000405	42.000	250	128	7	452	688	3	248	1.48e-56	191
MEGCOCAG_00808	MER0011413	40.000	220	128	2	473	688	2	221	1.72e-53	181
MEGCOCAG_00808	MER0011305	41.379	232	127	5	478	704	23	250	2.16e-53	181
MEGCOCAG_00808	MER0011231	40.551	254	138	7	461	707	12	259	2.64e-53	181
MEGCOCAG_00808	MER0004504	42.273	220	115	4	478	688	2	218	1.32e-51	176
MEGCOCAG_00808	MER0005987	40.179	224	124	6	486	704	39	257	2.01e-51	176
MEGCOCAG_00808	MER0013484	37.615	218	132	2	475	688	4	221	1.16e-49	171
MEGCOCAG_00808	MER0004923	34.728	239	152	2	454	688	34	272	3.95e-47	166
MEGCOCAG_00808	MER0000404	36.111	252	147	7	459	701	10	256	1.89e-43	154
MEGCOCAG_00808	MER0004921	34.081	223	134	5	473	688	2	218	3.34e-43	153
MEGCOCAG_00808	MER0192427	34.632	231	144	4	461	688	52	278	5.30e-42	151
MEGCOCAG_00808	MER0004193	35.146	239	146	6	475	709	3	236	4.20e-41	147
MEGCOCAG_00808	MER0195666	34.375	224	127	6	475	686	1	216	5.04e-41	147
MEGCOCAG_00808	MER0005994	32.567	261	169	5	450	705	2	260	6.23e-41	147
MEGCOCAG_00808	MER0004199	35.065	231	132	8	482	705	1	220	8.25e-37	134
MEGCOCAG_00808	MER0000403	29.545	264	171	6	453	707	3	260	1.16e-35	132
MEGCOCAG_00808	MER0003361	34.091	220	124	9	476	686	20	227	1.22e-29	114
MEGCOCAG_00808	MER0005988	35.455	110	70	1	580	688	2	111	5.64e-20	82.8
MEGCOCAG_00808	MER0034615	26.609	233	156	4	467	688	2	230	7.40e-17	77.8
MEGCOCAG_00808	MER0018170	24.464	233	154	4	472	687	5	232	1.54e-15	73.9
MEGCOCAG_00808	MER0017401	26.104	249	157	9	470	706	2	235	2.47e-15	73.2
MEGCOCAG_00808	MER0003558	22.034	236	168	4	467	691	14	244	1.57e-12	65.1
MEGCOCAG_00808	MER0000263	26.087	230	152	7	471	688	2	225	1.99e-12	64.7
MEGCOCAG_00808	MER0005807	26.136	176	124	3	517	688	86	259	1.70e-11	62.4
MEGCOCAG_00808	MER0030932	29.282	181	101	6	520	686	57	224	3.80e-11	60.8
MEGCOCAG_00808	MER0000408	22.128	235	163	4	468	688	5	233	4.47e-11	60.8
MEGCOCAG_00808	MER0140224	26.596	188	124	3	514	688	33	219	6.73e-11	60.1
MEGCOCAG_00808	MER0126485	25.118	211	144	5	485	687	12	216	2.77e-10	58.2
MEGCOCAG_00808	MER0015682	24.400	250	157	9	458	687	49	286	1.36e-09	57.0
MEGCOCAG_00808	MER0016096	21.983	232	164	6	471	689	2	229	2.05e-09	55.5
MEGCOCAG_00808	MER0011583	22.944	231	147	8	472	686	9	224	2.63e-08	52.4
MEGCOCAG_00808	MER0981959	24.845	161	115	4	452	611	4	159	1.36e-07	50.4
MEGCOCAG_00808	MER0001920	22.703	185	130	2	517	688	43	227	2.34e-07	49.3
MEGCOCAG_00808	MER0015621	22.819	149	110	3	464	611	26	170	1.43e-06	47.4
MEGCOCAG_00808	MER0005694	23.129	147	108	2	465	611	27	168	5.62e-06	45.4
MEGCOCAG_00836	MER0034582	23.780	328	217	9	603	916	12	320	4.90e-27	110
MEGCOCAG_00848	MER0025086	43.750	128	61	5	200	322	2	123	2.98e-18	77.4
MEGCOCAG_00848	MER0029657	45.977	87	44	2	237	323	63	146	1.42e-15	70.5
MEGCOCAG_00848	MER0011122	42.391	92	45	4	238	322	56	146	1.33e-13	65.1
MEGCOCAG_00848	MER0002084	27.136	199	125	6	81	272	6	191	8.98e-10	55.5
MEGCOCAG_00848	MER0014521	29.464	112	59	4	242	335	117	226	6.29e-06	44.7
MEGCOCAG_00868	MER0492485	36.559	93	49	2	111	203	68	150	1.98e-09	52.0
MEGCOCAG_00881	MER0195774	24.561	228	118	5	29	253	1	177	7.66e-17	76.3
MEGCOCAG_00881	MER0001233	22.868	258	146	7	28	279	1	211	6.01e-11	60.5
MEGCOCAG_00881	MER0001222	25.194	258	131	9	2	255	9	208	1.30e-10	58.9
MEGCOCAG_00881	MER0001214	42.623	61	35	0	20	80	17	77	1.93e-08	52.4
MEGCOCAG_00881	MER0122186	39.062	64	37	1	18	81	13	74	4.59e-08	51.2
MEGCOCAG_00881	MER0002423	44.262	61	34	0	20	80	17	77	7.90e-08	50.8
MEGCOCAG_00881	MER0169735	37.313	67	42	0	19	85	6	72	1.32e-07	50.1
MEGCOCAG_00881	MER0003823	40.984	61	36	0	25	85	22	82	3.36e-07	48.9
MEGCOCAG_00881	MER0003386	36.111	72	45	1	15	85	11	82	4.35e-07	48.5
MEGCOCAG_00881	MER0001218	36.364	66	42	0	20	85	17	82	7.25e-07	48.1
MEGCOCAG_00881	MER0002345	38.667	75	45	1	20	94	17	90	7.31e-07	47.8
MEGCOCAG_00881	MER0014333	24.335	263	129	12	29	276	2	209	1.00e-06	47.8
MEGCOCAG_00881	MER0002283	40.625	64	38	0	20	83	17	80	2.45e-06	46.2
MEGCOCAG_00881	MER0001219	33.766	77	48	1	7	80	1	77	5.86e-06	45.4
MEGCOCAG_00881	MER0011096	39.344	61	37	0	20	80	17	77	6.17e-06	45.1
MEGCOCAG_00881	MER0188967	23.834	193	117	7	126	298	16	198	8.73e-06	45.8
MEGCOCAG_00893	MER0168983	25.466	161	101	6	270	425	1	147	1.96e-12	62.4
MEGCOCAG_00893	MER0001009	24.242	198	128	7	322	503	20	211	1.22e-09	55.5
MEGCOCAG_00893	MER0168177	27.778	108	71	3	322	424	42	147	1.30e-08	51.2
MEGCOCAG_00893	MER0002060	29.245	106	64	3	322	416	87	192	2.77e-08	51.2
MEGCOCAG_00893	MER0011440	26.613	124	78	5	322	433	81	203	3.64e-07	48.1
MEGCOCAG_00893	MER0019754	25.532	188	122	6	260	431	2	187	9.03e-07	46.6
MEGCOCAG_00893	MER0011438	27.826	115	70	5	322	424	81	194	9.54e-07	46.6
MEGCOCAG_00893	MER0011345	23.188	138	91	3	322	444	84	221	3.31e-06	45.4
MEGCOCAG_00893	MER0011423	26.829	123	73	4	322	430	85	204	3.89e-06	45.1
MEGCOCAG_00893	MER0002078	24.113	141	94	4	321	449	81	220	7.95e-06	44.3
MEGCOCAG_00909	MER0045479	25.112	223	141	7	32	247	32	235	3.48e-13	64.7
MEGCOCAG_00909	MER0036038	25.000	224	140	7	32	247	32	235	1.43e-10	57.0
MEGCOCAG_00909	MER0031565	24.554	224	141	7	32	247	32	235	5.57e-10	55.5
MEGCOCAG_00909	MER0036036	22.707	229	153	7	33	254	33	244	1.52e-07	48.1
MEGCOCAG_00909	MER0048191	23.944	142	98	4	26	160	19	157	1.55e-07	48.1
MEGCOCAG_00909	MER0031569	23.767	223	147	9	32	247	28	234	3.56e-07	47.0
MEGCOCAG_00909	MER0031566	25.253	198	105	6	62	258	61	216	5.48e-07	46.2
MEGCOCAG_00926	MER0192051	25.463	216	149	6	18	224	95	307	1.36e-10	58.5
MEGCOCAG_00953	MER0000471	26.174	447	275	12	65	469	2	435	2.49e-27	111
MEGCOCAG_00953	MER0011571	25.366	410	257	12	90	468	27	418	2.01e-26	108
MEGCOCAG_00953	MER0000472	25.428	409	257	13	95	467	32	428	1.55e-24	102
MEGCOCAG_00953	MER0053015	28.910	211	129	6	264	465	161	359	4.47e-14	70.5
MEGCOCAG_00953	MER0026276	30.864	162	99	5	316	466	285	444	1.52e-13	69.3
MEGCOCAG_00975	MER0001161	35.460	674	424	7	6	668	1	674	6.22e-155	460
MEGCOCAG_00975	MER0001158	36.036	666	416	9	11	668	10	673	2.02e-134	407
MEGCOCAG_00975	MER0006087	33.766	693	427	15	1	668	9	694	1.48e-125	385
MEGCOCAG_00975	MER0015119	32.594	721	420	17	1	668	5	712	1.11e-118	368
MEGCOCAG_00975	MER0108144	30.643	669	415	16	25	668	14	658	1.67e-92	298
MEGCOCAG_00975	MER0001153	29.598	696	437	16	7	668	12	688	1.08e-88	288
MEGCOCAG_00975	MER0001149	29.862	653	421	16	33	667	38	671	3.61e-85	279
MEGCOCAG_00975	MER0003110	29.363	722	435	18	8	668	4	711	1.52e-83	275
MEGCOCAG_00975	MER0001942	28.988	652	428	15	33	667	38	671	1.01e-78	261
MEGCOCAG_00975	MER0079465	28.814	649	409	19	53	668	2	630	3.93e-71	240
MEGCOCAG_00975	MER0015170	24.316	658	439	21	32	667	5	625	1.40e-49	180
MEGCOCAG_00975	MER0001156	26.686	697	428	26	7	649	17	684	5.45e-47	174
MEGCOCAG_00975	MER0021317	29.114	79	56	0	425	503	9	87	9.82e-10	52.8
MEGCOCAG_00975	MER0059435	23.529	187	132	2	439	614	470	656	9.51e-06	45.4
MEGCOCAG_01001	MER0069741	46.491	114	59	2	154	267	51	162	1.34e-31	112
MEGCOCAG_01001	MER0003380	42.657	143	78	3	126	267	92	231	6.69e-30	109
MEGCOCAG_01001	MER0013541	48.276	87	45	0	174	260	1	87	2.81e-21	82.8
MEGCOCAG_01001	MER0066182	35.833	120	73	2	154	272	75	191	4.18e-18	77.4
MEGCOCAG_01001	MER0003376	38.261	115	53	3	153	259	33	137	1.22e-17	75.5
MEGCOCAG_01001	MER0387040	38.000	100	61	1	174	272	1	100	9.41e-17	71.2
MEGCOCAG_01001	MER0015415	31.818	110	68	2	150	258	46	149	5.33e-15	68.2
MEGCOCAG_01001	MER0003423	34.426	122	73	3	158	272	15	136	9.02e-14	64.3
MEGCOCAG_01001	MER0001419	33.607	122	74	3	158	272	15	136	2.02e-12	60.5
MEGCOCAG_01001	MER0005300	31.000	100	69	0	173	272	64	163	7.90e-12	59.3
MEGCOCAG_01001	MER0003906	34.906	106	61	4	174	272	1	105	8.02e-12	57.8
MEGCOCAG_01001	MER0001282	38.710	62	30	1	208	261	114	175	4.92e-07	45.8
MEGCOCAG_01001	MER0015417	28.261	138	84	5	127	255	16	147	7.66e-07	45.4
MEGCOCAG_01056	MER0000410	60.777	283	108	2	398	680	3	282	7.64e-125	369
MEGCOCAG_01056	MER0011872	40.741	270	156	3	413	679	16	284	4.48e-70	227
MEGCOCAG_01056	MER0082498	43.416	281	136	7	417	674	3	283	6.27e-68	221
MEGCOCAG_01056	MER0005694	33.955	268	172	3	412	678	15	278	3.03e-45	160
MEGCOCAG_01056	MER0079308	33.829	269	166	7	413	676	6	267	4.89e-41	148
MEGCOCAG_01056	MER0004227	34.247	219	142	2	419	636	28	245	7.83e-37	137
MEGCOCAG_01056	MER0000392	32.258	279	171	7	413	679	6	278	1.04e-36	136
MEGCOCAG_01056	MER0015621	30.769	299	182	7	403	682	6	298	1.18e-35	133
MEGCOCAG_01056	MER0022823	32.246	276	178	5	410	679	3	275	2.64e-35	132
MEGCOCAG_01056	MER0082653	33.068	251	146	10	424	654	16	264	5.42e-34	128
MEGCOCAG_01056	MER0002490	30.903	288	164	10	419	678	22	302	5.39e-33	126
MEGCOCAG_01056	MER0011450	32.046	259	157	7	410	656	3	254	6.97e-33	125
MEGCOCAG_01056	MER0981959	29.617	287	180	6	409	678	1	282	9.67e-31	119
MEGCOCAG_01056	MER0325901	31.273	275	176	8	412	679	3	271	3.14e-30	117
MEGCOCAG_01056	MER0003229	28.364	275	182	7	410	680	11	274	1.86e-24	100
MEGCOCAG_01056	MER0000398	29.130	230	151	5	451	679	36	254	9.48e-22	92.0
MEGCOCAG_01119	MER0001236	38.196	377	218	5	107	472	111	483	1.09e-73	237
MEGCOCAG_01119	MER0035089	43.218	317	175	5	157	470	34	348	1.43e-73	233
MEGCOCAG_01119	MER0001235	35.500	400	245	7	75	468	87	479	1.25e-65	216
MEGCOCAG_01119	MER0003825	36.243	378	217	7	114	469	66	441	5.04e-65	213
MEGCOCAG_01119	MER0041673	34.783	437	266	10	47	465	34	469	1.51e-63	210
MEGCOCAG_01119	MER0014397	39.222	334	195	6	120	447	1	332	3.22e-60	198
MEGCOCAG_01119	MER0001238	33.493	418	249	11	77	474	81	489	1.12e-57	195
MEGCOCAG_01119	MER0004597	36.095	338	198	8	147	474	22	351	1.55e-55	186
MEGCOCAG_01119	MER0004598	35.207	338	199	8	146	472	21	349	9.46e-54	181
MEGCOCAG_01119	MER0024892	32.000	400	248	10	86	470	7	397	5.66e-52	177
MEGCOCAG_01119	MER0001910	37.846	325	184	10	157	469	172	490	1.43e-51	179
MEGCOCAG_01119	MER0026959	40.161	249	143	4	205	450	4	249	4.12e-49	166
MEGCOCAG_01119	MER0003919	32.044	362	233	9	113	468	11	365	2.16e-48	167
MEGCOCAG_01119	MER0002497	33.333	336	212	6	143	468	92	425	8.92e-45	159
MEGCOCAG_01119	MER0002271	34.474	380	209	12	91	450	111	470	8.72e-43	155
MEGCOCAG_01119	MER0105906	30.946	349	221	8	106	444	115	453	1.47e-42	154
MEGCOCAG_01119	MER0011357	33.333	306	194	7	143	440	194	497	4.19e-42	154
MEGCOCAG_01119	MER0013416	33.657	309	183	9	146	440	54	354	4.96e-42	150
MEGCOCAG_01119	MER0001240	32.849	344	214	10	122	451	131	471	2.38e-38	142
MEGCOCAG_01119	MER0081108	30.962	239	124	9	237	441	225	456	4.20e-17	80.5
MEGCOCAG_01119	MER0079520	28.346	254	141	9	224	443	243	489	1.09e-15	76.3
