LONDMIMF_00033	MER0002031	31.967	122	83	0	2	123	6	127	9.79e-20	83.2
LONDMIMF_00033	MER0014664	29.054	148	92	2	2	146	3	140	5.02e-19	81.3
LONDMIMF_00033	MER0002036	31.452	124	77	4	6	121	10	133	4.65e-15	70.1
LONDMIMF_00033	MER0002884	27.642	123	78	2	9	123	6	125	1.96e-09	53.5
LONDMIMF_00033	MER0014665	25.641	117	83	1	9	121	6	122	5.59e-09	52.4
LONDMIMF_00033	MER0003813	29.078	141	92	3	2	135	5	144	1.92e-07	48.1
LONDMIMF_00033	MER0042832	23.448	145	96	2	9	148	6	140	4.03e-07	47.0
LONDMIMF_00054	MER0217243	26.115	157	91	7	126	263	87	237	2.26e-06	44.7
LONDMIMF_00070	MER0037236	25.794	252	165	6	13	243	11	261	3.78e-19	81.3
LONDMIMF_00070	MER0004146	24.324	259	167	10	10	243	7	261	4.28e-16	72.8
LONDMIMF_00070	MER0031611	24.910	277	168	8	11	253	24	294	6.22e-15	69.7
LONDMIMF_00070	MER0036066	22.449	245	161	8	22	242	1	240	1.20e-12	62.8
LONDMIMF_00070	MER0036053	22.348	264	164	6	17	243	4	263	7.16e-11	57.8
LONDMIMF_00070	MER0003537	24.623	199	120	6	81	251	88	284	4.93e-10	55.5
LONDMIMF_00070	MER0017033	23.370	184	110	4	81	243	127	300	7.87e-10	55.1
LONDMIMF_00070	MER0035973	23.977	171	114	4	83	242	121	286	4.10e-09	52.8
LONDMIMF_00070	MER0000436	23.105	277	163	10	15	249	17	285	9.30e-09	51.6
LONDMIMF_00070	MER0033259	24.400	250	166	6	13	250	22	260	1.57e-08	50.8
LONDMIMF_00070	MER0036074	22.660	203	119	6	83	250	186	385	3.64e-08	50.4
LONDMIMF_00070	MER0036059	37.931	58	36	0	184	241	293	350	4.97e-08	49.7
LONDMIMF_00070	MER0036078	23.967	242	145	9	18	243	28	246	1.90e-07	47.8
LONDMIMF_00070	MER0036068	25.287	174	109	6	87	241	122	293	3.18e-07	47.4
LONDMIMF_00070	MER0036067	23.554	242	157	10	22	240	52	288	7.32e-07	46.2
LONDMIMF_00070	MER0036073	23.200	250	149	9	22	242	80	315	2.03e-06	44.7
LONDMIMF_00070	MER0036054	26.496	117	81	2	128	239	154	270	2.24e-06	44.7
LONDMIMF_00070	MER0011509	28.440	109	70	3	20	121	37	144	3.31e-06	44.3
LONDMIMF_00070	MER0036115	23.214	168	114	5	19	179	33	192	4.76e-06	43.5
LONDMIMF_00086	MER0001009	23.899	159	113	3	412	564	5	161	2.69e-09	54.7
LONDMIMF_00086	MER0011401	25.185	135	91	3	428	553	75	208	2.94e-07	48.5
LONDMIMF_00086	MER0001010	23.077	143	103	2	428	564	61	202	3.46e-07	48.5
LONDMIMF_00086	MER0002746	22.072	222	158	5	353	561	1	220	7.76e-07	47.8
LONDMIMF_00086	MER0091680	25.161	155	106	4	422	569	66	217	1.57e-06	46.6
LONDMIMF_00086	MER0001185	22.581	217	152	8	351	554	4	217	1.59e-06	46.6
LONDMIMF_00086	MER0011175	22.167	203	144	7	364	553	10	211	1.63e-06	46.6
LONDMIMF_00086	MER0011440	22.449	147	103	5	422	560	75	218	5.32e-06	45.1
LONDMIMF_00086	MER0011183	21.918	146	107	2	422	561	68	212	7.19e-06	44.7
LONDMIMF_00093	MER0002251	47.210	233	117	4	2	231	1	230	1.56e-72	218
LONDMIMF_00093	MER0001335	35.526	228	140	4	4	228	3	226	9.97e-46	149
