DGMGAPEA_00029	MER0001158	32.687	670	433	12	45	704	16	677	8.10e-115	358
DGMGAPEA_00029	MER0006087	31.497	708	441	21	29	705	5	699	1.60e-90	294
DGMGAPEA_00029	MER0001161	29.258	687	462	16	33	704	1	678	2.44e-89	291
DGMGAPEA_00029	MER0015119	29.630	729	436	22	35	705	8	717	7.19e-82	271
DGMGAPEA_00029	MER0001149	26.476	593	402	15	126	704	104	676	7.81e-56	199
DGMGAPEA_00029	MER0001942	24.570	639	446	15	81	704	59	676	2.27e-45	169
DGMGAPEA_00029	MER0003110	27.500	560	340	20	81	590	51	594	4.62e-45	169
DGMGAPEA_00029	MER0108144	24.296	675	462	20	57	704	10	662	2.11e-44	166
DGMGAPEA_00029	MER0001153	25.475	632	417	19	106	704	82	692	1.64e-40	155
DGMGAPEA_00029	MER0079465	23.693	574	374	15	163	703	91	633	1.97e-40	154
DGMGAPEA_00029	MER0015170	23.818	571	389	18	142	702	94	628	7.62e-38	146
DGMGAPEA_00029	MER0001156	21.302	676	428	23	26	640	13	645	1.01e-28	119
DGMGAPEA_00074	MER0001161	36.457	683	417	6	1	671	1	678	1.98e-153	456
DGMGAPEA_00074	MER0006087	35.438	697	416	14	2	672	11	699	1.37e-135	411
DGMGAPEA_00074	MER0015119	34.341	728	404	19	2	672	7	717	1.90e-125	385
DGMGAPEA_00074	MER0001158	34.218	678	434	8	3	671	3	677	5.99e-125	383
DGMGAPEA_00074	MER0001942	31.240	637	402	11	52	671	59	676	6.24e-87	283
DGMGAPEA_00074	MER0001149	30.394	635	410	12	52	671	59	676	1.14e-85	280
DGMGAPEA_00074	MER0003110	28.395	729	443	20	7	672	4	716	9.88e-82	270
DGMGAPEA_00074	MER0108144	28.636	667	426	19	38	671	13	662	2.94e-78	259
DGMGAPEA_00074	MER0001153	28.634	688	446	18	14	671	20	692	1.51e-75	253
DGMGAPEA_00074	MER0079465	27.184	618	400	16	87	671	34	634	8.40e-62	214
DGMGAPEA_00074	MER0015170	26.335	562	376	11	113	666	94	625	8.19e-56	197
DGMGAPEA_00074	MER0001156	25.904	691	437	22	8	648	19	684	1.00e-41	158
DGMGAPEA_00074	MER0021317	36.765	68	43	0	433	500	20	87	1.10e-08	49.7
DGMGAPEA_00095	MER0037236	24.436	266	165	7	7	244	4	261	2.91e-15	70.5
DGMGAPEA_00095	MER0004146	25.984	254	163	11	14	244	10	261	2.10e-13	65.1
DGMGAPEA_00095	MER0031611	23.881	268	168	8	11	246	23	286	2.44e-12	62.4
DGMGAPEA_00095	MER0011785	28.804	184	98	6	8	175	15	181	1.45e-09	54.3
DGMGAPEA_00095	MER0036053	25.455	275	142	12	18	244	4	263	2.54e-09	53.1
DGMGAPEA_00095	MER0036054	24.885	217	130	6	61	244	58	274	3.93e-09	52.8
DGMGAPEA_00095	MER0036057	20.648	247	160	7	23	244	63	298	5.63e-09	52.4
DGMGAPEA_00095	MER0011509	32.759	116	56	3	21	122	37	144	6.06e-08	49.3
DGMGAPEA_00095	MER0017033	20.455	220	149	5	45	244	87	300	1.67e-07	48.1
DGMGAPEA_00095	MER0036068	24.339	189	126	5	71	242	105	293	3.49e-07	47.0
DGMGAPEA_00095	MER0036073	26.033	242	152	10	23	243	80	315	3.51e-07	47.0
DGMGAPEA_00095	MER0036115	23.270	159	102	3	20	165	33	184	8.78e-07	45.8
DGMGAPEA_00095	MER0031569	25.949	158	91	6	87	240	105	240	1.02e-06	45.4
DGMGAPEA_00095	MER0036066	20.000	245	167	6	23	243	1	240	1.50e-06	45.1
DGMGAPEA_00095	MER0031610	22.348	264	160	10	11	242	42	292	1.99e-06	44.7
DGMGAPEA_00095	MER0035973	23.952	167	111	4	88	243	125	286	2.40e-06	44.7
DGMGAPEA_00113	MER0000472	23.644	461	267	19	2	395	7	449	7.94e-13	66.2
DGMGAPEA_00113	MER0026276	23.701	308	181	14	114	372	142	444	4.72e-09	54.7
DGMGAPEA_00113	MER0000471	25.701	214	128	8	187	376	230	436	2.19e-08	52.4
DGMGAPEA_00121	MER0005900	24.299	214	124	7	77	254	37	248	3.95e-07	48.9
DGMGAPEA_00134	MER0069741	32.576	132	60	4	37	168	69	171	1.60e-14	68.6
DGMGAPEA_00134	MER0003380	30.818	159	74	7	18	169	112	241	1.81e-08	52.4
DGMGAPEA_00134	MER0003376	29.054	148	64	5	18	159	29	141	3.70e-08	50.1
DGMGAPEA_00151	MER0044357	25.893	224	133	6	5	199	32	251	5.30e-16	75.5
DGMGAPEA_00151	MER0044357	26.984	126	87	2	199	323	331	452	3.02e-09	54.7
DGMGAPEA_00180	MER0001243	38.866	247	149	2	2	246	3	249	5.70e-63	196
DGMGAPEA_00180	MER0001342	37.551	245	153	0	2	246	3	247	5.65e-54	172
DGMGAPEA_00180	MER0005690	36.287	237	150	1	10	246	11	246	1.58e-51	166
DGMGAPEA_00180	MER0013929	34.286	245	160	1	2	246	3	246	3.66e-46	152
DGMGAPEA_00180	MER0015127	33.197	244	162	1	3	246	4	246	4.12e-45	149
DGMGAPEA_00180	MER0013589	34.156	243	159	1	4	246	1	242	4.96e-42	141
DGMGAPEA_00180	MER0013450	30.242	248	171	2	4	249	3	250	2.16e-41	140
DGMGAPEA_00180	MER0015128	31.224	237	157	3	13	246	14	247	6.86e-41	139
DGMGAPEA_00180	MER0010972	24.898	245	166	2	2	246	3	229	7.26e-17	74.7
DGMGAPEA_00180	MER0004931	27.805	205	132	6	4	204	5	197	7.08e-15	68.9
DGMGAPEA_00180	MER0003880	29.348	184	115	5	32	211	25	197	4.24e-13	64.7
DGMGAPEA_00180	MER0024896	28.244	131	87	2	122	246	337	466	7.82e-12	62.0
DGMGAPEA_00180	MER0024896	25.664	113	84	0	4	116	5	117	4.49e-11	59.7
DGMGAPEA_00180	MER0004532	26.733	202	137	4	4	204	5	196	3.61e-10	55.5
DGMGAPEA_00180	MER0011746	26.761	213	137	8	13	212	14	220	8.24e-10	55.5
DGMGAPEA_00180	MER0002038	25.175	143	102	2	63	204	60	198	1.03e-07	48.5
DGMGAPEA_00180	MER0005462	23.529	187	125	5	1	180	2	177	2.39e-07	47.4
DGMGAPEA_00180	MER0001244	22.523	222	143	7	1	202	2	214	2.69e-07	47.4
DGMGAPEA_00180	MER0013463	23.982	221	136	7	4	204	5	213	3.12e-07	47.4
DGMGAPEA_00180	MER0005715	25.604	207	140	8	3	204	4	201	2.90e-06	44.3
DGMGAPEA_00192	MER0056525	50.427	234	113	2	404	636	1	232	3.78e-79	249
DGMGAPEA_00192	MER0015609	48.918	231	113	2	404	633	1	227	6.61e-78	246
DGMGAPEA_00192	MER0011748	49.784	231	113	2	404	633	1	229	1.81e-77	245
DGMGAPEA_00192	MER0005496	50.000	230	114	1	404	633	1	229	4.32e-76	241
DGMGAPEA_00192	MER0011224	46.444	239	125	2	404	641	1	237	8.59e-76	241
DGMGAPEA_00192	MER0023544	46.522	230	122	1	404	633	1	229	2.04e-74	237
DGMGAPEA_00192	MER0015194	47.009	234	119	2	405	636	2	232	1.64e-70	226
DGMGAPEA_00192	MER0015195	46.753	231	120	2	404	633	1	229	6.07e-69	223
DGMGAPEA_00192	MER0002605	42.424	231	129	2	404	633	1	228	9.37e-65	211
DGMGAPEA_00192	MER0014306	41.597	238	138	1	404	641	1	237	9.18e-64	209
DGMGAPEA_00192	MER0002600	41.558	231	132	2	404	633	1	229	3.05e-63	207
DGMGAPEA_00192	MER0171760	38.491	265	154	4	369	629	1	260	1.62e-61	202
DGMGAPEA_00192	MER0024898	44.255	235	128	3	404	636	1	234	2.17e-61	202
DGMGAPEA_00192	MER0004454	40.598	234	138	1	404	636	1	234	1.90e-56	189
DGMGAPEA_00192	MER0005466	39.655	232	134	3	405	630	2	233	8.26e-54	181
DGMGAPEA_00192	MER0015199	39.224	232	136	2	404	630	1	232	7.65e-49	169
DGMGAPEA_00192	MER0002602	36.364	253	155	3	405	651	2	254	1.45e-48	168
DGMGAPEA_00192	MER0002563	36.325	234	139	4	405	628	2	235	3.57e-48	166
DGMGAPEA_00192	MER0001620	37.344	241	142	4	404	637	1	239	9.45e-45	158
DGMGAPEA_00192	MER0017637	37.021	235	136	5	405	628	2	235	1.87e-44	156
DGMGAPEA_00192	MER0002408	37.097	248	139	7	404	641	1	241	2.09e-43	153
DGMGAPEA_00192	MER0011745	35.470	234	142	5	404	630	1	232	2.96e-41	147
DGMGAPEA_00192	MER0015197	34.404	218	134	2	416	628	13	226	3.91e-41	147
DGMGAPEA_00192	MER0015193	37.021	235	138	5	404	630	1	233	7.05e-41	146
DGMGAPEA_00192	MER0015137	33.761	234	146	5	404	630	1	232	7.53e-39	141
DGMGAPEA_00192	MER0002608	39.224	232	131	5	405	629	2	230	3.79e-38	139
DGMGAPEA_00192	MER0190577	33.333	228	138	3	404	628	1	217	1.60e-37	137
DGMGAPEA_00192	MER0005755	35.319	235	140	4	405	636	2	227	9.73e-36	131
DGMGAPEA_00192	MER0015690	35.135	222	132	6	404	613	1	222	6.30e-35	130
DGMGAPEA_00192	MER0014324	35.526	228	133	4	404	628	1	217	1.20e-34	128
DGMGAPEA_00192	MER0190705	33.043	230	143	2	405	632	1	221	6.28e-34	126
DGMGAPEA_00192	MER0002197	34.247	219	133	3	404	619	1	211	1.96e-33	125
DGMGAPEA_00192	MER0011120	36.036	222	130	6	404	613	1	222	4.21e-32	122
DGMGAPEA_00192	MER0024900	33.333	225	135	5	405	624	2	216	8.58e-30	115
DGMGAPEA_00192	MER0001246	32.121	165	100	4	432	593	18	173	6.74e-21	87.4
DGMGAPEA_00192	MER0015204	27.711	249	143	8	405	619	2	247	1.02e-18	84.3
DGMGAPEA_00202	MER0013458	27.513	189	107	8	1	188	1	160	8.66e-11	56.2
DGMGAPEA_00202	MER0014983	30.252	119	60	5	73	190	20	116	4.51e-08	47.8
DGMGAPEA_00202	MER0005742	24.823	141	66	4	47	187	1	101	4.75e-06	41.2
DGMGAPEA_00205	MER0011175	22.917	240	140	9	342	566	2	211	1.42e-07	49.7
DGMGAPEA_00205	MER0005331	24.519	208	141	8	367	566	12	211	4.39e-07	48.1
DGMGAPEA_00256	MER0004469	26.738	187	107	8	25	190	2	179	7.43e-13	66.6
DGMGAPEA_00256	MER0004480	29.221	154	100	4	33	186	1	145	1.92e-10	58.9
DGMGAPEA_00256	MER0004468	32.308	130	82	3	102	228	147	273	8.14e-10	57.4
DGMGAPEA_00256	MER0004468	43.284	67	38	0	390	456	352	418	1.18e-09	56.6
DGMGAPEA_00256	MER0897124	30.000	130	85	4	102	228	147	273	1.19e-09	56.6
DGMGAPEA_00256	MER0897124	42.647	68	39	0	389	456	351	418	2.25e-09	55.8
DGMGAPEA_00256	MER0004474	30.579	121	65	5	36	152	89	194	6.03e-08	51.2
DGMGAPEA_00256	MER0004474	28.676	136	86	4	297	424	195	327	7.76e-07	47.8
DGMGAPEA_00256	MER0004471	29.839	124	72	5	30	151	89	199	2.98e-07	48.9
DGMGAPEA_00260	MER0001244	40.672	268	136	6	174	425	1	261	5.37e-58	188
DGMGAPEA_00260	MER0013463	34.091	264	159	4	174	426	1	260	1.76e-47	160
DGMGAPEA_00260	MER0028601	35.185	270	149	9	176	425	3	266	1.54e-44	153
DGMGAPEA_00260	MER0001733	30.241	291	160	4	176	425	3	291	5.90e-40	142
DGMGAPEA_00260	MER0005462	34.661	251	136	6	174	420	1	227	4.57e-38	135
DGMGAPEA_00260	MER0001248	36.100	241	104	7	231	425	16	252	6.83e-36	129
DGMGAPEA_00260	MER0004931	32.283	254	141	5	175	424	2	228	3.62e-35	127
DGMGAPEA_00260	MER0004532	31.646	237	135	5	174	406	1	214	9.20e-33	120
DGMGAPEA_00260	MER0005715	29.707	239	142	6	174	406	1	219	2.96e-24	97.4
DGMGAPEA_00260	MER0002038	26.250	240	148	6	175	408	2	218	8.92e-19	82.0
DGMGAPEA_00260	MER0001250	27.758	281	144	10	176	406	3	274	6.75e-15	71.6
DGMGAPEA_00260	MER0004321	27.559	254	127	14	176	403	3	225	1.82e-11	61.2
DGMGAPEA_00260	MER0027437	25.101	247	140	10	174	400	1	222	8.91e-11	58.9
DGMGAPEA_00284	MER0001297	43.590	156	86	2	197	352	2	155	5.80e-33	120
DGMGAPEA_00284	MER0001425	41.975	162	82	3	198	351	3	160	1.48e-32	119
DGMGAPEA_00284	MER0003514	44.805	154	83	2	199	352	4	155	1.06e-31	117
DGMGAPEA_00284	MER0004196	36.478	159	97	3	196	352	1	157	1.64e-28	108
DGMGAPEA_00284	MER0015684	35.135	148	96	0	198	345	3	150	8.75e-27	103
DGMGAPEA_00284	MER0003413	35.897	156	99	1	197	352	2	156	1.05e-26	103
DGMGAPEA_00284	MER0005714	37.267	161	92	3	200	352	5	164	7.31e-26	101
DGMGAPEA_00284	MER0004195	34.194	155	101	1	198	352	3	156	9.73e-25	97.8
DGMGAPEA_00284	MER0003065	36.364	154	96	2	199	352	4	155	1.15e-24	97.4
DGMGAPEA_00284	MER0001295	34.118	170	95	3	197	352	2	168	1.88e-17	77.4
DGMGAPEA_00284	MER0078759	27.097	155	92	7	192	330	7	156	5.17e-07	47.4
DGMGAPEA_00303	MER0281397	26.961	204	121	6	118	299	4	201	1.25e-17	77.8
DGMGAPEA_00303	MER0028284	27.007	137	87	4	118	249	55	183	1.18e-08	53.1
DGMGAPEA_00303	MER0005964	25.758	132	93	4	118	249	60	186	1.13e-06	47.0
DGMGAPEA_00303	MER0140154	23.881	201	110	7	112	278	35	226	1.36e-06	46.6
DGMGAPEA_00303	MER0026262	22.569	288	163	14	108	351	52	323	2.05e-06	46.2
DGMGAPEA_00303	MER0005925	21.812	298	188	9	118	382	57	342	9.75e-06	43.9
DGMGAPEA_00338	MER0004090	30.159	378	194	14	46	389	22	363	8.47e-41	146
DGMGAPEA_00338	MER0035017	22.922	397	248	14	33	392	2	377	1.63e-25	103
DGMGAPEA_00338	MER0003800	23.947	380	240	15	33	389	17	370	1.31e-24	101
DGMGAPEA_00338	MER0026262	22.857	280	179	10	33	306	2	250	9.02e-11	59.7
DGMGAPEA_00338	MER0281397	23.077	234	135	7	85	314	2	194	2.59e-08	50.8
DGMGAPEA_00338	MER0003802	20.963	353	212	13	52	397	20	312	2.70e-08	52.0
DGMGAPEA_00338	MER0006204	21.282	390	248	15	29	391	2	359	7.34e-07	47.8
DGMGAPEA_00381	MER0031610	37.247	247	147	4	17	256	56	301	2.01e-49	161
DGMGAPEA_00381	MER0017142	33.028	109	68	2	10	118	9	112	1.32e-10	57.0
DGMGAPEA_00381	MER0036053	20.677	266	176	9	8	245	1	259	3.79e-10	55.8
DGMGAPEA_00381	MER0037236	24.016	254	180	6	4	247	9	259	1.19e-09	54.3
DGMGAPEA_00381	MER0017177	18.519	297	194	8	4	255	24	317	1.56e-09	54.3
DGMGAPEA_00381	MER0036057	26.000	250	149	11	17	247	64	296	2.97e-09	53.1
DGMGAPEA_00381	MER0036072	24.793	121	81	2	13	124	78	197	4.44e-09	52.8
DGMGAPEA_00381	MER0004146	30.631	111	72	2	4	109	8	118	1.36e-08	51.2
DGMGAPEA_00381	MER0044900	22.677	269	169	9	17	252	96	358	2.08e-08	50.8
DGMGAPEA_00381	MER0017193	23.194	263	151	10	13	243	23	266	7.62e-08	48.9
DGMGAPEA_00381	MER0017033	27.309	249	149	11	16	247	65	298	7.64e-08	48.9
DGMGAPEA_00381	MER0044858	21.379	290	155	13	17	252	57	327	1.12e-07	48.9
DGMGAPEA_00381	MER0031616	21.293	263	173	8	16	247	40	299	1.46e-07	48.1
DGMGAPEA_00381	MER0003537	30.303	99	64	2	16	110	24	121	1.64e-07	48.1
DGMGAPEA_00381	MER0036084	28.696	115	74	3	8	116	12	124	3.94e-07	47.0
DGMGAPEA_00381	MER0011509	34.653	101	60	3	16	111	39	138	4.86e-07	46.6
DGMGAPEA_00381	MER0210990	34.783	69	42	1	47	112	62	130	7.82e-07	46.2
DGMGAPEA_00381	MER0033259	30.088	113	70	3	4	109	20	130	1.64e-06	45.1
DGMGAPEA_00381	MER0014065	24.762	105	75	2	12	113	31	134	2.10e-06	44.7
DGMGAPEA_00381	MER0214982	23.904	251	162	10	15	245	4	245	2.34e-06	44.3
DGMGAPEA_00458	MER0036617	57.143	35	15	0	35	69	3	37	9.53e-08	40.8
DGMGAPEA_00458	MER0017822	54.286	35	16	0	35	69	6	40	1.74e-07	40.0
DGMGAPEA_00458	MER0017817	58.065	31	13	0	35	65	8	38	1.08e-06	38.5
DGMGAPEA_00458	MER0018541	41.026	39	22	1	17	54	2	40	2.51e-06	37.7
DGMGAPEA_00458	MER0046076	47.500	40	14	1	37	69	6	45	3.59e-06	37.0
DGMGAPEA_00458	MER0018269	48.571	35	18	0	35	69	6	40	4.43e-06	36.6
DGMGAPEA_00458	MER0021154	40.816	49	23	1	27	69	3	51	4.98e-06	36.6
DGMGAPEA_00458	MER0017811	45.714	35	19	0	35	69	6	40	7.80e-06	36.2
DGMGAPEA_00458	MER0054449	56.000	25	11	0	35	59	1	25	8.06e-06	35.8
DGMGAPEA_00458	MER0019882	45.714	35	19	0	35	69	11	45	8.67e-06	36.2
DGMGAPEA_00469	MER0006204	28.191	376	217	15	49	388	1	359	2.50e-35	130
DGMGAPEA_00469	MER0026262	26.765	340	204	12	55	376	3	315	2.80e-25	102
DGMGAPEA_00469	MER0002489	27.211	294	169	10	86	364	40	303	1.53e-22	94.7
DGMGAPEA_00469	MER0122661	23.782	349	231	9	55	388	1	329	3.01e-21	90.9
DGMGAPEA_00469	MER1143079	29.018	224	137	6	59	271	2	214	6.59e-21	89.0
DGMGAPEA_00469	MER0003802	26.263	297	168	12	54	341	2	256	1.66e-20	88.2
DGMGAPEA_00469	MER0005925	25.817	306	182	12	58	343	7	287	5.99e-19	84.3
DGMGAPEA_00469	MER0004154	27.869	305	183	8	101	390	48	330	2.23e-18	82.4
DGMGAPEA_00469	MER0000459	25.472	318	183	12	70	370	25	305	1.06e-16	77.8
DGMGAPEA_00469	MER0005964	25.940	266	161	7	87	335	39	285	2.87e-16	76.6
DGMGAPEA_00469	MER0011700	25.220	341	209	11	53	364	1	324	5.53e-16	75.9
DGMGAPEA_00469	MER0140154	24.503	302	182	10	68	334	1	291	1.39e-15	74.3
DGMGAPEA_00469	MER0004090	25.905	359	213	14	65	385	20	363	2.80e-14	70.5
DGMGAPEA_00469	MER0017069	26.887	212	137	6	59	259	1	205	3.15e-13	67.0
DGMGAPEA_00469	MER0015683	28.641	206	119	8	51	240	17	210	6.99e-13	65.5
DGMGAPEA_00469	MER0028284	27.451	153	103	4	88	236	35	183	8.99e-13	65.9
DGMGAPEA_00469	MER0003800	25.978	358	204	14	70	385	32	370	2.51e-12	64.7
DGMGAPEA_00469	MER0354941	29.843	191	103	9	70	236	12	195	1.44e-11	60.1
DGMGAPEA_00469	MER0011726	30.667	150	94	3	55	200	7	150	1.48e-11	62.4
DGMGAPEA_00469	MER0034963	34.746	118	70	2	50	166	2	113	2.88e-11	61.2
DGMGAPEA_00469	MER0356183	26.423	246	153	9	72	300	1	235	3.49e-11	59.7
DGMGAPEA_00469	MER0219770	24.390	205	143	4	55	253	1	199	6.51e-10	56.6
DGMGAPEA_00469	MER0034964	31.633	98	61	1	69	166	22	113	2.17e-07	49.3
DGMGAPEA_00469	MER0005923	27.559	127	85	2	70	196	25	144	2.28e-07	49.3
DGMGAPEA_00469	MER0005836	26.582	158	105	5	88	236	45	200	9.19e-06	43.5
DGMGAPEA_00479	MER0034539	59.223	206	84	0	2	207	1	206	2.97e-85	260
DGMGAPEA_00479	MER0033254	35.789	190	105	7	2	180	1	184	6.36e-26	103
DGMGAPEA_00479	MER0011806	27.670	206	102	9	2	166	1	200	1.75e-06	46.2
DGMGAPEA_00479	MER0038019	29.167	144	88	6	51	183	1	141	5.11e-06	44.3
DGMGAPEA_00479	MER0004101	31.206	141	82	5	46	173	69	207	7.37e-06	44.3
DGMGAPEA_00538	MER0198917	41.114	377	213	5	18	390	1	372	3.43e-98	317
DGMGAPEA_00538	MER1054487	40.576	382	212	6	18	390	1	376	2.38e-87	286
DGMGAPEA_00538	MER0037955	28.218	202	113	8	140	336	93	267	3.92e-07	50.1
DGMGAPEA_00559	MER0031614	26.587	252	157	9	19	257	86	322	5.49e-14	67.4
DGMGAPEA_00559	MER0036076	23.954	263	166	11	2	249	48	291	5.77e-08	49.7
DGMGAPEA_00559	MER0036073	23.282	262	179	8	2	251	65	316	2.16e-07	47.8
DGMGAPEA_00559	MER0036054	33.333	81	50	1	17	97	17	93	2.93e-06	44.3
DGMGAPEA_00559	MER0036056	21.739	253	170	7	17	251	80	322	3.74e-06	44.3
DGMGAPEA_00575	MER0005244	35.912	181	116	0	260	440	3	183	2.12e-31	116
DGMGAPEA_00575	MER0005241	41.284	109	58	3	258	360	1	109	4.38e-19	83.2
DGMGAPEA_00575	MER0005131	28.846	208	117	8	254	436	30	231	2.03e-15	72.8
DGMGAPEA_00575	MER0001284	29.323	133	78	3	262	378	36	168	1.98e-13	67.0
DGMGAPEA_00575	MER0004514	32.727	110	63	2	255	356	32	138	2.10e-12	63.9
DGMGAPEA_00575	MER0100667	30.702	114	74	2	243	353	5	116	2.85e-12	62.8
DGMGAPEA_00575	MER0001288	32.258	93	60	2	258	350	19	108	7.50e-11	58.9
DGMGAPEA_00575	MER0005238	35.965	114	62	5	258	363	63	173	8.51e-11	59.7
DGMGAPEA_00575	MER0002161	27.941	204	118	9	261	441	65	262	2.31e-10	58.2
DGMGAPEA_00575	MER0001911	34.000	100	64	2	260	359	39	136	6.72e-09	53.1
DGMGAPEA_00575	MER0002104	32.558	86	53	2	258	340	63	146	1.11e-08	53.1
DGMGAPEA_00575	MER0032443	30.631	111	64	3	261	360	38	146	2.24e-08	52.0
DGMGAPEA_00575	MER0037181	27.500	120	78	3	261	374	65	181	7.59e-08	50.4
DGMGAPEA_00575	MER0001289	30.508	118	73	3	221	338	29	137	8.79e-08	50.1
DGMGAPEA_00575	MER0011464	33.333	117	72	2	258	369	37	152	2.36e-07	48.5
DGMGAPEA_00575	MER0015691	31.461	89	53	3	262	347	53	136	3.50e-07	48.1
DGMGAPEA_00575	MER0005139	31.193	109	62	5	241	343	45	146	3.86e-07	48.1
DGMGAPEA_00575	MER0005239	25.822	213	121	10	260	437	67	277	4.90e-07	48.1
DGMGAPEA_00575	MER0005149	29.268	82	56	1	259	338	62	143	2.67e-06	45.8
DGMGAPEA_00575	MER0015336	28.750	80	52	2	262	338	62	139	6.16e-06	44.3
DGMGAPEA_00575	MER0013618	31.959	97	59	3	260	353	56	148	8.03e-06	44.3
DGMGAPEA_00575	MER0194228	38.095	63	37	1	276	338	1	61	9.38e-06	43.1
DGMGAPEA_00601	MER0005169	31.395	344	225	5	11	351	6	341	3.13e-53	176
DGMGAPEA_00601	MER0013829	32.733	333	207	8	10	335	5	327	4.87e-50	168
DGMGAPEA_00601	MER0005472	33.731	335	204	7	17	350	12	329	2.33e-45	155
DGMGAPEA_00601	MER0004410	29.446	343	229	8	10	346	5	340	2.09e-40	142
DGMGAPEA_00601	MER0002046	31.613	310	191	10	40	346	35	326	1.46e-34	126
DGMGAPEA_00601	MER0002043	25.429	350	239	7	2	342	9	345	6.43e-31	117
DGMGAPEA_00601	MER0005160	28.947	342	214	11	9	342	4	324	1.02e-28	110
DGMGAPEA_00601	MER0022215	23.907	343	233	9	9	342	3	326	1.53e-21	91.3
DGMGAPEA_00601	MER0002040	28.247	308	187	13	58	348	56	346	1.72e-20	88.2
DGMGAPEA_00601	MER0025084	21.307	352	245	13	6	343	1	334	1.38e-08	52.4
DGMGAPEA_00603	MER0036115	30.208	96	54	5	68	151	28	122	1.83e-06	45.1
DGMGAPEA_00603	MER0004146	26.804	97	63	3	69	157	14	110	2.73e-06	44.3
DGMGAPEA_00625	MER0013471	29.697	165	84	7	16	148	20	184	7.80e-09	53.5
DGMGAPEA_00625	MER0015121	33.654	104	54	3	56	144	70	173	1.81e-07	49.3
DGMGAPEA_00625	MER0001505	30.841	107	63	3	16	112	22	127	1.93e-06	45.8
DGMGAPEA_00625	MER0107602	35.484	93	51	3	50	136	63	152	2.93e-06	45.4
DGMGAPEA_00659	MER0005767	21.908	283	166	8	51	315	13	258	2.00e-06	46.2
DGMGAPEA_00692	MER0195376	35.500	200	105	5	335	527	1	183	2.01e-30	114
DGMGAPEA_00711	MER0437468	36.182	351	206	7	197	532	1	348	5.61e-69	223
DGMGAPEA_00711	MER0065554	43.295	261	136	3	289	539	9	267	3.00e-68	218
DGMGAPEA_00711	MER0436717	45.078	193	100	4	342	532	206	394	3.13e-38	142
DGMGAPEA_00711	MER0436717	37.405	131	74	1	197	319	1	131	4.45e-19	86.3
DGMGAPEA_00713	MER0045886	42.308	234	120	6	1	226	10	236	1.49e-55	183
DGMGAPEA_00713	MER0044889	37.118	229	139	4	2	227	16	242	5.60e-43	150
DGMGAPEA_00713	MER0038086	34.956	226	128	5	5	213	29	252	1.16e-37	135
DGMGAPEA_00713	MER0436735	30.268	261	145	4	3	226	2	262	1.42e-37	135
DGMGAPEA_00713	MER0043387	37.640	178	107	3	20	195	1	176	2.95e-31	115
DGMGAPEA_00713	MER0042974	33.333	192	117	4	12	194	1	190	3.28e-27	105
DGMGAPEA_00713	MER0043537	31.551	187	124	3	5	189	2	186	2.16e-22	91.7
DGMGAPEA_00713	MER0043392	32.450	151	95	5	47	196	23	167	2.90e-11	58.9
DGMGAPEA_00713	MER0044622	29.012	162	99	5	42	193	68	223	1.15e-09	55.8
DGMGAPEA_00713	MER0043394	31.405	121	70	4	71	184	48	162	1.35e-08	51.2
DGMGAPEA_00713	MER0045094	30.328	122	70	5	71	184	84	198	1.15e-06	46.6
DGMGAPEA_00713	MER0044619	28.571	119	74	6	72	184	81	194	1.43e-06	46.2
DGMGAPEA_00737	MER0026471	30.932	472	300	7	5	456	12	477	3.92e-71	230
DGMGAPEA_00737	MER0026494	29.832	476	309	6	1	457	4	473	2.00e-66	218
DGMGAPEA_00737	MER0015142	29.436	479	311	8	1	458	33	505	1.71e-59	200
DGMGAPEA_00737	MER0052470	24.301	465	310	15	10	450	9	455	5.87e-27	109
DGMGAPEA_00737	MER0003397	32.487	197	115	6	10	194	17	207	8.73e-23	95.5
DGMGAPEA_00737	MER0003397	33.333	87	58	0	364	450	218	304	9.18e-10	56.6
DGMGAPEA_00737	MER0026485	30.583	206	121	7	3	194	9	206	3.42e-21	90.9
DGMGAPEA_00737	MER0026485	33.696	92	61	0	359	450	212	303	6.46e-13	66.2
DGMGAPEA_00737	MER0057434	28.019	207	125	8	3	194	1	198	1.14e-13	68.2
DGMGAPEA_00737	MER0057434	33.663	101	64	1	357	457	202	299	2.94e-10	58.2
DGMGAPEA_00737	MER0001272	33.333	84	49	2	77	159	60	137	6.00e-08	50.8
DGMGAPEA_00737	MER0003775	28.986	138	89	3	5	139	8	139	1.06e-07	50.1
DGMGAPEA_00737	MER0033183	26.207	145	87	7	20	156	21	153	9.78e-06	44.3
DGMGAPEA_00771	MER0035017	26.603	421	240	15	582	959	1	395	5.51e-31	123
DGMGAPEA_00771	MER0003800	27.320	388	228	10	576	936	10	370	6.42e-25	105
DGMGAPEA_00771	MER0004090	26.733	404	226	15	575	943	2	370	1.82e-24	103
DGMGAPEA_00771	MER0354941	26.168	214	122	5	594	794	7	197	6.54e-09	53.9
DGMGAPEA_00771	MER0011700	23.237	241	152	9	588	815	3	223	3.34e-08	53.5
DGMGAPEA_00771	MER0006204	29.000	100	66	2	599	694	22	120	9.13e-07	48.9
DGMGAPEA_00771	MER0017069	21.531	209	126	5	591	792	4	181	2.84e-06	47.4
DGMGAPEA_00771	MER0122661	20.000	365	227	11	589	934	6	324	3.16e-06	47.0
DGMGAPEA_00773	MER0035254	24.377	562	327	18	183	675	1	533	2.34e-40	152
DGMGAPEA_00773	MER0006198	24.299	535	336	20	183	675	1	508	1.16e-34	135
DGMGAPEA_00773	MER0030255	21.284	545	347	20	183	662	1	528	7.48e-17	80.9
DGMGAPEA_00773	MER0003306	25.667	300	204	7	183	478	1	285	2.99e-16	79.0
DGMGAPEA_00775	MER0017822	50.000	36	18	0	32	67	5	40	1.18e-08	43.1
DGMGAPEA_00775	MER0036617	58.065	31	13	0	37	67	7	37	3.11e-07	39.3
DGMGAPEA_00826	MER0001295	47.826	184	84	3	365	545	5	179	5.16e-47	161
DGMGAPEA_00826	MER0003413	38.843	121	73	1	383	503	15	134	3.95e-22	90.9
DGMGAPEA_00826	MER0003065	34.940	166	97	3	378	543	10	164	5.19e-22	90.5
DGMGAPEA_00826	MER0003514	37.195	164	92	3	378	541	10	162	1.50e-21	89.4
DGMGAPEA_00826	MER0001425	33.516	182	90	6	374	544	10	171	5.76e-21	87.8
DGMGAPEA_00826	MER0001297	40.000	125	73	2	379	503	11	133	1.67e-20	86.3
DGMGAPEA_00826	MER0004196	32.298	161	96	3	387	545	19	168	1.84e-18	80.5
DGMGAPEA_00826	MER0005714	37.121	132	72	4	381	503	13	142	3.73e-17	77.0
DGMGAPEA_00826	MER0015684	33.117	154	91	6	384	533	16	161	1.20e-15	72.4
DGMGAPEA_00826	MER0004195	31.765	170	94	6	381	544	13	166	9.44e-15	69.7
DGMGAPEA_00851	MER0048191	27.273	99	57	2	164	248	47	144	5.13e-06	44.7
DGMGAPEA_00865	MER0029616	33.333	117	59	3	51	148	5	121	3.06e-13	65.9
DGMGAPEA_00865	MER0031570	26.087	184	112	6	41	216	6	173	2.49e-12	62.0
DGMGAPEA_00865	MER0036044	31.852	135	79	5	44	167	58	190	2.56e-11	59.7
DGMGAPEA_00865	MER0036027	28.571	112	75	2	41	147	6	117	5.81e-11	58.2
DGMGAPEA_00865	MER0034726	32.143	112	60	4	42	137	10	121	2.08e-10	57.0
DGMGAPEA_00865	MER0031563	30.233	129	72	5	28	151	1	116	8.00e-10	54.7
DGMGAPEA_00865	MER0030934	32.174	115	60	5	41	137	11	125	3.08e-09	53.5
DGMGAPEA_00865	MER0077885	29.565	115	65	4	39	137	16	130	3.34e-09	53.5
DGMGAPEA_00865	MER0078701	29.464	112	63	4	42	137	10	121	8.69e-09	52.4
DGMGAPEA_00865	MER0034727	28.814	118	68	4	36	137	4	121	1.03e-08	52.0
DGMGAPEA_00865	MER0033241	33.333	102	50	3	51	137	26	124	1.37e-08	51.6
DGMGAPEA_00865	MER0034548	25.455	110	74	2	60	164	27	133	2.83e-08	50.1
DGMGAPEA_00865	MER0034745	27.211	147	90	5	42	172	10	155	3.05e-08	50.4
DGMGAPEA_00865	MER0037852	30.579	121	66	5	42	144	10	130	4.47e-08	50.1
DGMGAPEA_00865	MER0034730	29.464	112	63	4	42	137	10	121	7.34e-08	49.3
DGMGAPEA_00865	MER0034961	30.303	99	59	3	52	144	31	125	7.69e-08	49.3
DGMGAPEA_00865	MER0043003	29.592	98	58	2	58	144	24	121	8.65e-08	48.9
DGMGAPEA_00865	MER0036033	29.508	122	76	4	55	166	21	142	1.30e-07	48.1
DGMGAPEA_00865	MER0034728	29.464	112	63	4	42	137	10	121	1.36e-07	48.5
DGMGAPEA_00865	MER0036039	25.185	135	84	3	48	166	14	147	1.78e-07	47.8
DGMGAPEA_00865	MER0033274	27.778	90	60	1	61	145	27	116	2.10e-07	47.8
DGMGAPEA_00865	MER0034742	30.579	121	66	5	42	144	10	130	2.33e-07	47.8
DGMGAPEA_00865	MER0032203	30.189	106	57	4	53	143	25	128	4.28e-07	47.0
DGMGAPEA_00865	MER0036034	25.203	123	73	3	58	164	24	143	5.37e-07	46.6
DGMGAPEA_00865	MER0036370	30.337	89	57	1	61	144	33	121	5.81e-07	45.4
DGMGAPEA_00865	MER0078925	28.947	114	61	5	42	137	10	121	6.50e-07	46.6
DGMGAPEA_00865	MER0077889	25.397	126	73	4	27	137	1	120	6.90e-07	46.6
DGMGAPEA_00865	MER0033226	30.556	108	61	3	51	144	24	131	8.68e-07	46.2
DGMGAPEA_00865	MER0037850	27.049	122	69	5	40	143	9	128	9.10e-07	46.2
DGMGAPEA_00865	MER0033237	32.258	93	54	3	61	144	36	128	1.34e-06	45.4
DGMGAPEA_00865	MER0043147	32.609	92	47	3	60	136	9	100	1.53e-06	45.4
DGMGAPEA_00865	MER0034723	28.947	114	61	5	42	137	10	121	1.60e-06	45.4
DGMGAPEA_00865	MER0033227	28.571	126	65	4	37	137	4	129	1.66e-06	45.4
DGMGAPEA_00865	MER0033224	26.230	122	70	5	40	143	8	127	1.84e-06	45.1
DGMGAPEA_00865	MER0034959	27.826	115	73	3	52	160	29	139	1.98e-06	45.1
DGMGAPEA_00865	MER0042911	26.891	119	76	3	56	164	22	139	2.06e-06	44.7
DGMGAPEA_00865	MER0033212	29.915	117	60	5	42	139	10	123	3.44e-06	44.3
DGMGAPEA_00865	MER0033220	28.319	113	61	5	43	137	11	121	3.48e-06	44.3
DGMGAPEA_00865	MER0033242	29.730	111	66	4	60	161	35	142	6.32e-06	43.5
DGMGAPEA_00865	MER0034744	29.032	93	54	2	57	137	29	121	8.37e-06	43.1
DGMGAPEA_00865	MER0036046	24.603	126	74	4	58	164	24	147	8.96e-06	42.7
DGMGAPEA_00865	MER0036028	30.841	107	55	4	58	145	24	130	9.91e-06	42.7
DGMGAPEA_00903	MER0011806	24.296	284	151	12	38	320	17	237	2.18e-07	49.3
DGMGAPEA_00903	MER0011781	24.436	266	123	13	38	295	17	212	4.93e-07	48.1
DGMGAPEA_00951	MER0000589	29.730	148	52	4	140	278	1	105	5.03e-10	57.0
DGMGAPEA_00951	MER0000589	59.459	37	15	0	476	512	192	228	1.77e-09	55.5
DGMGAPEA_00951	MER0013626	41.860	43	25	0	468	510	101	143	1.76e-08	50.8
DGMGAPEA_00954	MER0030047	28.472	144	81	5	72	204	2	134	3.23e-08	48.5
DGMGAPEA_00954	MER0017405	31.429	105	57	4	45	146	25	117	9.24e-06	42.4
DGMGAPEA_00955	MER0015468	29.379	177	109	6	11	178	8	177	3.74e-09	51.6
DGMGAPEA_00955	MER0015472	25.806	186	89	5	53	236	50	188	6.45e-09	51.2
DGMGAPEA_00955	MER0015459	40.816	49	29	0	44	92	46	94	5.54e-08	48.9
DGMGAPEA_00955	MER0015633	32.143	84	56	1	44	127	46	128	2.98e-07	46.6
DGMGAPEA_00955	MER0048181	29.944	177	86	5	49	223	2	142	3.42e-07	45.4
DGMGAPEA_00955	MER0015458	26.289	194	86	9	46	227	50	198	1.74e-06	44.7
DGMGAPEA_00955	MER0015659	25.547	137	95	2	44	174	46	181	3.27e-06	43.5
DGMGAPEA_00955	MER0017194	28.729	181	75	4	50	223	66	199	6.07e-06	42.7
DGMGAPEA_00955	MER0015630	25.481	208	87	7	46	243	51	200	8.20e-06	42.4
DGMGAPEA_01008	MER0006204	23.387	372	243	11	24	375	6	355	1.02e-22	95.5
DGMGAPEA_01008	MER0122661	26.027	365	227	13	25	381	1	330	8.23e-21	89.4
DGMGAPEA_01008	MER0026262	26.296	270	172	7	24	286	2	251	1.28e-18	83.2
DGMGAPEA_01008	MER0002489	29.537	281	157	12	19	284	1	255	4.71e-17	78.6
DGMGAPEA_01008	MER0003800	22.901	393	244	15	17	378	7	371	1.05e-15	75.1
DGMGAPEA_01008	MER0354941	27.551	196	120	6	40	223	12	197	3.93e-15	70.5
DGMGAPEA_01008	MER0004090	23.575	386	242	15	18	375	1	361	2.21e-14	70.9
DGMGAPEA_01008	MER0003802	22.677	269	166	9	26	289	4	235	7.21e-14	68.6
DGMGAPEA_01008	MER0005925	26.961	204	132	6	23	220	2	194	1.51e-13	68.2
DGMGAPEA_01008	MER1143079	26.087	207	124	6	36	241	8	186	5.85e-12	62.8
DGMGAPEA_01008	MER0000459	23.790	248	150	9	51	285	35	256	2.68e-11	61.2
DGMGAPEA_01008	MER0004154	25.000	196	134	6	39	233	17	200	8.07e-10	56.6
DGMGAPEA_01008	MER0219770	23.239	284	181	13	25	299	1	256	4.16e-09	54.3
DGMGAPEA_01008	MER0140154	22.559	297	176	13	40	308	3	273	6.55e-09	53.9
DGMGAPEA_01008	MER0192873	24.107	224	139	8	75	285	1	206	1.06e-08	52.4
DGMGAPEA_01008	MER0015683	23.789	227	136	6	24	238	24	225	7.01e-08	50.4
DGMGAPEA_01008	MER0028284	23.077	273	180	10	23	292	1	246	2.37e-06	45.8
DGMGAPEA_01008	MER0005964	23.504	234	141	9	68	285	50	261	4.17e-06	45.1
DGMGAPEA_01008	MER0011700	23.786	206	130	7	40	229	18	212	7.06e-06	44.3
DGMGAPEA_01061	MER0036027	24.675	231	151	6	56	275	20	238	6.44e-12	61.6
DGMGAPEA_01061	MER0031570	24.066	241	146	7	51	275	18	237	2.83e-09	53.9
DGMGAPEA_01061	MER0034961	26.471	136	90	4	44	177	20	147	1.16e-07	49.3
DGMGAPEA_01061	MER0036044	22.667	225	153	6	59	275	75	286	5.28e-07	47.4
DGMGAPEA_01061	MER0031562	23.474	213	138	4	70	277	39	231	1.36e-06	45.8
DGMGAPEA_01061	MER0003558	33.871	62	41	0	219	280	183	244	3.44e-06	44.7
DGMGAPEA_01062	MER0167712	28.261	322	207	8	13	318	11	324	4.92e-32	122
DGMGAPEA_01094	MER0789282	30.716	433	259	13	46	445	18	442	1.97e-57	194
DGMGAPEA_01100	MER0078640	35.989	364	202	9	11	360	1	347	1.07e-66	211
DGMGAPEA_01100	MER0060647	35.537	363	208	8	11	360	1	350	1.15e-64	206
DGMGAPEA_01100	MER0043540	39.301	229	129	4	137	362	1	222	1.77e-52	171
DGMGAPEA_01100	MER0044812	42.081	221	112	4	158	365	21	238	6.47e-51	167
DGMGAPEA_01100	MER0045945	39.171	217	126	5	148	364	3	213	2.65e-45	152
DGMGAPEA_01100	MER0436691	31.915	282	146	5	90	366	6	246	5.32e-43	147
DGMGAPEA_01100	MER0046161	38.356	219	116	4	161	365	33	246	2.06e-41	143
DGMGAPEA_01100	MER0115185	48.592	142	71	1	218	359	4	143	6.81e-41	138
DGMGAPEA_01100	MER0043537	26.347	167	101	6	192	347	14	169	9.36e-09	51.6
DGMGAPEA_01100	MER0043195	27.684	177	105	7	210	368	39	210	1.01e-08	52.4
DGMGAPEA_01100	MER0044882	28.477	151	88	6	210	346	12	156	5.39e-08	49.3
DGMGAPEA_01100	MER0045094	24.855	173	98	7	192	346	26	184	2.21e-07	48.1
DGMGAPEA_01100	MER0043394	26.277	137	81	5	221	346	21	148	2.32e-07	47.0
DGMGAPEA_01100	MER0043387	28.235	170	107	7	200	361	4	166	6.23e-06	43.1
DGMGAPEA_01161	MER0195774	36.158	177	113	0	31	207	1	177	7.33e-37	130
DGMGAPEA_01161	MER0003448	27.670	206	148	1	31	236	2	206	5.71e-18	79.7
DGMGAPEA_01161	MER0001229	25.481	208	148	2	31	235	2	205	9.60e-17	75.9
DGMGAPEA_01161	MER0043985	25.481	208	148	2	31	235	2	205	1.46e-16	75.9
DGMGAPEA_01161	MER0001233	30.653	199	123	5	31	218	2	196	4.29e-16	74.3
DGMGAPEA_01161	MER0001214	29.012	162	113	2	23	183	18	178	2.26e-15	71.2
DGMGAPEA_01161	MER0001218	28.495	186	124	3	30	207	25	209	1.22e-13	66.6
DGMGAPEA_01161	MER0003543	25.000	208	146	4	31	234	2	203	1.38e-12	63.9
DGMGAPEA_01161	MER0015259	25.405	185	129	3	31	207	26	209	5.43e-12	62.0
DGMGAPEA_01161	MER0003386	26.630	184	128	3	31	207	26	209	6.31e-12	61.6
DGMGAPEA_01161	MER0002008	28.804	184	115	5	55	230	27	202	7.73e-12	62.0
DGMGAPEA_01161	MER0390687	28.689	122	86	1	38	159	1	121	1.09e-11	60.1
DGMGAPEA_01161	MER0122186	28.108	185	117	5	31	207	22	198	1.78e-11	60.1
DGMGAPEA_01161	MER0011096	25.668	187	126	5	31	207	26	209	1.10e-09	55.1
DGMGAPEA_01161	MER0011292	29.524	105	73	1	47	150	64	168	1.70e-09	54.7
DGMGAPEA_01161	MER0011744	25.668	187	126	5	31	207	26	209	2.27e-09	54.3
DGMGAPEA_01161	MER0003823	26.230	183	126	4	30	204	25	206	2.29e-09	54.3
DGMGAPEA_01161	MER0002423	30.328	122	84	1	30	150	25	146	2.34e-09	54.3
DGMGAPEA_01161	MER0001220	23.645	203	146	3	49	243	2	203	3.47e-09	53.5
DGMGAPEA_01161	MER0002283	28.387	155	109	2	30	183	25	178	4.98e-09	53.1
DGMGAPEA_01161	MER0001222	23.936	188	135	4	26	207	21	206	5.08e-09	53.1
DGMGAPEA_01161	MER0015090	40.000	80	47	1	31	110	2	80	5.86e-09	53.1
DGMGAPEA_01161	MER0002345	26.316	190	123	4	30	207	25	209	6.06e-09	52.8
DGMGAPEA_01161	MER0169735	25.269	186	129	3	30	207	15	198	1.68e-08	51.2
DGMGAPEA_01161	MER0188967	24.809	262	171	8	67	305	3	261	6.40e-08	51.2
DGMGAPEA_01161	MER0026957	22.840	162	124	1	56	217	22	182	1.03e-07	49.3
DGMGAPEA_01161	MER0004423	25.824	182	127	4	67	246	33	208	2.19e-07	48.5
DGMGAPEA_01161	MER0001219	29.885	87	59	2	31	115	26	112	4.26e-06	44.7
DGMGAPEA_01161	MER0092828	24.800	125	85	3	31	151	2	121	4.65e-06	43.5
DGMGAPEA_01161	MER0170820	30.952	84	55	2	37	119	5	86	8.24e-06	43.5
DGMGAPEA_01162	MER0237414	25.000	232	160	6	47	267	3	231	1.76e-16	76.3
DGMGAPEA_01162	MER0003543	23.881	201	144	5	45	238	2	200	3.38e-08	51.6
DGMGAPEA_01162	MER0015090	23.415	205	148	5	45	242	2	204	3.92e-08	51.6
DGMGAPEA_01172	MER0065588	43.367	196	108	3	1	193	1	196	1.95e-49	156
DGMGAPEA_01172	MER0043537	28.079	203	112	7	4	193	3	184	1.69e-10	54.7
DGMGAPEA_01172	MER0043394	27.273	176	98	6	26	192	9	163	8.97e-08	46.6
DGMGAPEA_01172	MER0043387	31.618	136	70	6	62	191	47	165	2.36e-07	45.8
DGMGAPEA_01172	MER0038086	29.032	155	78	6	48	191	90	223	3.20e-07	46.2
DGMGAPEA_01172	MER0066916	23.729	177	121	5	12	181	16	185	8.93e-07	44.3
DGMGAPEA_01205	MER0005300	24.551	167	116	4	241	403	2	162	4.49e-08	49.3
DGMGAPEA_01232	MER0069741	37.895	95	57	2	190	284	70	162	8.98e-16	70.9
DGMGAPEA_01232	MER0003376	34.109	129	65	5	177	288	32	157	1.00e-15	70.5
DGMGAPEA_01232	MER0003380	32.632	95	63	1	190	284	138	231	1.38e-14	68.9
DGMGAPEA_01232	MER0003906	35.238	105	61	3	190	288	1	104	6.77e-14	63.5
DGMGAPEA_01232	MER0005300	35.106	94	60	1	195	288	70	162	7.68e-12	59.7
DGMGAPEA_01232	MER0387040	33.663	101	63	3	190	288	1	99	1.47e-11	57.0
DGMGAPEA_01232	MER0066182	33.333	102	64	3	190	289	92	191	1.63e-11	59.3
DGMGAPEA_01232	MER0003423	33.333	105	63	3	190	288	32	135	9.75e-10	53.1
DGMGAPEA_01232	MER0001419	31.429	105	65	3	190	288	32	135	2.46e-09	52.0
DGMGAPEA_01232	MER0013541	29.070	86	60	1	190	275	1	85	2.61e-08	47.8
DGMGAPEA_01232	MER0015415	28.090	89	62	2	188	275	62	149	4.53e-06	43.1
DGMGAPEA_01241	MER0192051	24.651	215	152	4	18	224	95	307	1.11e-10	58.9
DGMGAPEA_01250	MER0006264	24.691	162	103	4	322	470	27	182	2.06e-11	60.1
DGMGAPEA_01250	MER0019759	26.087	161	105	3	339	491	77	231	3.50e-11	60.5
DGMGAPEA_01250	MER0001009	23.497	183	122	4	338	511	14	187	2.00e-10	57.8
DGMGAPEA_01250	MER0000997	30.303	132	84	2	339	464	80	209	1.01e-09	55.8
DGMGAPEA_01250	MER0011345	25.128	195	125	6	294	471	28	218	1.54e-09	55.8
DGMGAPEA_01250	MER0002755	30.818	159	85	7	322	463	50	200	1.98e-09	54.7
DGMGAPEA_01250	MER0005328	29.193	161	86	7	322	464	49	199	2.48e-09	54.3
DGMGAPEA_01250	MER0091680	26.190	168	110	6	322	479	46	209	2.55e-09	54.7
DGMGAPEA_01250	MER0001010	26.842	190	107	9	299	464	1	182	3.77e-09	53.9
DGMGAPEA_01250	MER0036308	25.882	170	93	4	322	472	58	213	4.24e-09	54.3
DGMGAPEA_01250	MER0011370	25.694	144	96	3	333	470	72	210	7.71e-09	53.1
DGMGAPEA_01250	MER0004243	29.927	137	86	3	334	464	76	208	8.83e-09	53.1
DGMGAPEA_01250	MER0019096	26.087	184	101	6	321	492	38	198	1.67e-08	52.0
DGMGAPEA_01250	MER0002746	24.419	172	107	5	332	491	72	232	1.87e-08	52.4
DGMGAPEA_01250	MER0001017	24.599	187	121	6	294	463	28	211	2.24e-08	52.4
DGMGAPEA_01250	MER0168983	26.154	130	86	2	332	461	34	153	3.46e-08	50.4
DGMGAPEA_01250	MER0002003	24.265	136	99	2	339	470	82	217	9.42e-08	50.1
DGMGAPEA_01250	MER0002422	27.972	143	86	4	335	470	72	204	1.29e-07	49.3
DGMGAPEA_01250	MER0011183	20.779	154	119	2	339	489	69	222	1.94e-07	49.3
DGMGAPEA_01250	MER0011440	25.758	132	89	3	339	464	76	204	5.01e-07	47.8
DGMGAPEA_01250	MER0168177	22.603	146	96	3	334	472	30	165	1.15e-06	45.8
DGMGAPEA_01250	MER0002968	25.547	137	84	3	344	470	87	215	1.18e-06	46.6
DGMGAPEA_01250	MER0002355	27.143	140	84	5	331	463	73	201	1.37e-06	46.6
DGMGAPEA_01250	MER0002078	25.000	168	113	4	332	491	70	232	1.54e-06	46.6
DGMGAPEA_01250	MER0011438	24.528	159	100	5	313	454	39	194	1.61e-06	46.2
DGMGAPEA_01250	MER0011423	24.615	130	77	4	329	446	70	190	1.69e-06	46.2
DGMGAPEA_01250	MER0001701	22.137	131	98	1	344	470	70	200	1.87e-06	46.2
DGMGAPEA_01250	MER0002281	30.675	163	83	7	304	445	39	192	3.06e-06	45.8
DGMGAPEA_01250	MER0012283	26.923	156	107	3	322	470	60	215	4.32e-06	45.1
DGMGAPEA_01250	MER0011371	23.577	123	91	1	344	463	82	204	5.08e-06	44.7
DGMGAPEA_01250	MER0011369	21.481	135	103	1	339	470	91	225	5.62e-06	44.7
DGMGAPEA_01250	MER0052595	23.188	138	93	2	344	472	89	222	6.00e-06	44.7
DGMGAPEA_01250	MER0011399	21.739	138	103	2	347	481	84	219	7.64e-06	44.3
DGMGAPEA_01250	MER0001013	24.390	164	104	5	322	471	61	218	8.70e-06	44.3
DGMGAPEA_01251	MER0002565	36.861	274	127	11	202	470	57	289	3.84e-28	112
DGMGAPEA_01251	MER0000332	38.739	222	107	8	236	456	40	233	4.91e-27	107
DGMGAPEA_01251	MER0005821	30.627	271	158	12	234	491	50	303	8.60e-24	100
DGMGAPEA_01251	MER0001709	32.895	304	146	13	202	477	38	311	2.71e-23	97.8
DGMGAPEA_01251	MER0000349	33.333	231	129	8	270	478	144	371	6.74e-23	97.4
DGMGAPEA_01251	MER0000320	35.648	216	116	9	270	477	69	269	1.53e-22	94.7
DGMGAPEA_01251	MER0028365	31.985	272	146	11	228	477	74	328	3.20e-22	95.5
DGMGAPEA_01251	MER0028365	39.706	68	39	2	47	114	47	112	6.47e-06	45.1
DGMGAPEA_01251	MER0054318	36.170	235	124	10	270	501	67	278	6.43e-22	93.6
DGMGAPEA_01251	MER0081072	33.195	241	131	8	241	473	29	247	1.74e-21	90.9
DGMGAPEA_01251	MER0077555	34.722	216	126	6	263	477	55	256	1.80e-21	91.3
DGMGAPEA_01251	MER0000310	33.645	214	124	8	266	477	59	256	1.82e-21	91.3
DGMGAPEA_01251	MER0001521	34.928	209	120	6	263	470	57	250	6.75e-21	89.7
DGMGAPEA_01251	MER0001699	33.803	213	117	8	270	477	62	255	7.04e-21	89.4
DGMGAPEA_01251	MER0014744	35.065	231	121	7	260	472	85	304	1.05e-20	90.1
DGMGAPEA_01251	MER0000313	34.928	209	120	6	263	470	57	250	1.07e-20	89.0
DGMGAPEA_01251	MER0000321	34.934	229	114	10	263	477	148	355	1.20e-20	90.1
DGMGAPEA_01251	MER0002267	34.419	215	118	8	265	475	66	261	3.37e-20	87.8
DGMGAPEA_01251	MER0016978	32.721	272	135	10	228	473	42	291	5.64e-20	87.8
DGMGAPEA_01251	MER0001755	35.211	213	114	8	263	470	57	250	7.44e-20	86.7
DGMGAPEA_01251	MER0001928	33.023	215	122	7	265	477	57	251	1.15e-19	85.9
DGMGAPEA_01251	MER0001523	35.211	213	114	8	263	470	57	250	2.93e-19	84.7
DGMGAPEA_01251	MER0000312	35.211	213	114	8	263	470	57	250	2.93e-19	84.7
DGMGAPEA_01251	MER0001520	32.766	235	136	8	264	497	56	269	3.13e-19	84.7
DGMGAPEA_01251	MER0000315	32.479	234	136	8	265	497	57	269	3.92e-19	84.3
DGMGAPEA_01251	MER0004690	27.723	303	185	12	205	483	26	318	4.91e-19	85.5
DGMGAPEA_01251	MER0004690	36.782	87	52	2	35	118	4	90	9.41e-09	53.9
DGMGAPEA_01251	MER0001906	32.479	234	136	8	265	497	57	269	5.16e-19	84.0
DGMGAPEA_01251	MER0017009	32.245	245	148	8	238	470	83	321	1.43e-18	84.0
DGMGAPEA_01251	MER0062058	33.205	259	139	8	261	511	52	284	1.49e-18	84.7
DGMGAPEA_01251	MER0062058	55.102	49	22	0	67	115	1	49	2.42e-10	59.3
DGMGAPEA_01251	MER0000316	30.612	245	126	8	265	497	56	268	3.42e-18	81.6
DGMGAPEA_01251	MER0002057	30.579	242	123	7	270	470	102	339	3.90e-18	83.2
DGMGAPEA_01251	MER0004085	33.032	221	116	8	270	470	96	304	4.55e-18	82.4
DGMGAPEA_01251	MER0002562	32.258	248	127	8	265	487	112	343	6.63e-18	82.0
DGMGAPEA_01251	MER0000333	33.679	193	109	5	265	456	59	233	1.60e-17	79.7
DGMGAPEA_01251	MER0000309	32.870	216	125	8	265	477	58	256	1.69e-17	79.7
DGMGAPEA_01251	MER0030016	32.735	223	114	9	263	473	78	276	3.28e-17	79.0
DGMGAPEA_01251	MER0001725	36.316	190	104	8	270	457	99	273	3.82e-17	79.3
DGMGAPEA_01251	MER0000311	35.377	212	121	8	263	473	57	253	4.46e-17	78.2
DGMGAPEA_01251	MER0002575	35.484	186	99	7	270	453	71	237	7.13e-17	77.8
DGMGAPEA_01251	MER0000361	36.052	233	108	10	264	473	99	313	8.09e-17	78.6
DGMGAPEA_01251	MER0000319	31.019	216	130	6	254	468	53	250	2.12e-16	76.6
DGMGAPEA_01251	MER0050309	30.263	228	126	9	264	477	39	247	2.60e-16	77.8
DGMGAPEA_01251	MER0006023	30.038	263	148	8	236	477	64	311	3.71e-16	76.6
DGMGAPEA_01251	MER0155676	31.250	240	135	10	270	483	125	360	6.65e-16	76.3
DGMGAPEA_01251	MER0042897	36.697	218	119	7	263	477	59	260	1.19e-15	74.3
DGMGAPEA_01251	MER0013656	31.863	204	119	6	266	468	57	241	1.53e-15	73.6
DGMGAPEA_01251	MER0161312	30.534	262	138	10	266	485	90	349	1.99e-15	74.7
DGMGAPEA_01251	MER0004720	28.400	250	126	10	220	457	36	244	3.92e-15	72.8
DGMGAPEA_01251	MER0003536	29.412	238	125	8	257	473	65	280	4.33e-14	69.7
DGMGAPEA_01251	MER0002500	29.249	253	142	11	267	493	154	395	7.82e-14	70.1
DGMGAPEA_01251	MER0003117	34.137	249	110	13	229	461	42	252	8.67e-14	68.9
DGMGAPEA_01251	MER0002790	33.019	212	131	5	270	472	1	210	8.94e-14	67.8
DGMGAPEA_01251	MER0006037	28.455	246	131	8	220	457	43	251	1.11e-13	68.6
DGMGAPEA_01251	MER0000326	29.796	245	127	9	235	472	47	253	1.18e-13	68.6
DGMGAPEA_01251	MER0016986	27.881	269	142	8	248	472	71	331	2.40e-13	68.2
DGMGAPEA_01251	MER0000362	29.778	225	121	8	270	473	99	307	3.51e-13	67.4
DGMGAPEA_01251	MER0028258	29.771	262	132	13	267	479	101	359	4.67e-13	67.4
DGMGAPEA_01251	MER0002516	31.364	220	122	12	262	476	74	269	5.37e-13	66.2
DGMGAPEA_01251	MER0016697	32.287	223	106	10	265	458	93	299	5.83e-13	67.0
DGMGAPEA_01251	MER0024902	28.704	216	139	6	266	470	93	304	5.85e-13	66.6
DGMGAPEA_01251	MER0016983	30.000	210	105	8	270	458	71	259	6.59e-13	66.2
DGMGAPEA_01251	MER0000359	33.937	221	111	11	265	475	84	279	1.16e-12	65.5
DGMGAPEA_01251	MER0005078	29.500	200	103	7	266	454	76	248	1.40e-12	65.1
DGMGAPEA_01251	MER0014446	27.642	246	132	9	269	493	196	416	1.42e-12	66.2
DGMGAPEA_01251	MER0019280	30.112	269	156	11	228	483	41	290	1.70e-12	65.1
DGMGAPEA_01251	MER0000351	30.769	195	110	6	270	455	106	284	1.79e-12	64.7
DGMGAPEA_01251	MER0005790	32.990	194	101	6	270	453	94	268	2.05e-12	64.3
DGMGAPEA_01251	MER0006074	29.286	280	148	13	236	501	59	302	2.63e-12	64.3
DGMGAPEA_01251	MER0001451	29.167	264	131	11	262	473	59	318	3.90e-12	64.3
DGMGAPEA_01251	MER0005931	48.387	62	32	0	416	477	164	225	4.84e-12	62.8
DGMGAPEA_01251	MER0050310	27.273	231	139	9	269	485	101	316	5.14e-12	64.3
DGMGAPEA_01251	MER0001454	25.641	273	140	12	265	477	62	331	1.35e-11	62.8
DGMGAPEA_01251	MER0037258	29.870	231	135	9	270	481	80	302	1.89e-11	62.0
DGMGAPEA_01251	MER0014085	27.178	287	142	11	265	491	82	361	2.28e-11	62.4
DGMGAPEA_01251	MER0013641	27.731	238	129	9	269	477	82	305	2.47e-11	62.4
DGMGAPEA_01251	MER0016688	30.165	242	112	13	266	470	70	291	2.87e-11	61.6
DGMGAPEA_01251	MER0068994	28.383	303	139	15	270	509	109	396	6.73e-11	60.8
DGMGAPEA_01251	MER0014300	29.032	248	121	10	270	473	79	315	1.06e-10	60.1
DGMGAPEA_01251	MER0005859	30.932	236	100	11	266	457	238	454	1.07e-10	60.5
DGMGAPEA_01251	MER0000353	30.392	204	111	7	257	449	144	327	1.28e-10	59.7
DGMGAPEA_01251	MER0000347	27.111	225	137	7	270	477	119	333	1.80e-10	59.7
DGMGAPEA_01251	MER0005712	25.641	273	141	10	265	478	83	352	3.00e-10	58.9
DGMGAPEA_01251	MER0000335	29.224	219	113	10	264	469	63	252	3.33e-10	57.8
DGMGAPEA_01251	MER0001467	26.935	323	141	12	248	477	20	340	3.84e-10	58.5
DGMGAPEA_01251	MER0003020	28.455	246	120	9	266	456	222	466	5.38e-10	58.5
DGMGAPEA_01251	MER0000344	31.532	222	113	12	262	469	80	276	5.74e-10	57.4
DGMGAPEA_01251	MER0006297	27.876	226	130	8	255	456	250	466	5.92e-10	58.2
DGMGAPEA_01251	MER0000338	29.577	213	110	8	260	460	62	246	9.14e-10	56.6
DGMGAPEA_01251	MER0000389	30.081	246	115	12	269	473	76	305	1.34e-09	56.6
DGMGAPEA_01251	MER0005610	28.159	277	129	14	265	477	68	338	1.45e-09	56.6
DGMGAPEA_01251	MER0022415	27.675	271	151	15	216	472	35	274	1.78e-09	56.6
DGMGAPEA_01251	MER0114485	27.347	245	132	9	245	454	92	325	3.15e-09	55.5
DGMGAPEA_01251	MER0002764	32.143	196	99	9	265	452	84	253	3.29e-09	55.1
DGMGAPEA_01251	MER0000328	32.850	207	107	13	262	457	64	249	4.00e-09	54.7
DGMGAPEA_01251	MER0004123	34.000	150	66	6	346	472	168	307	4.37e-09	54.7
DGMGAPEA_01251	MER0000325	30.364	247	121	12	236	472	48	253	4.40e-09	54.7
DGMGAPEA_01251	MER0067924	35.659	129	59	4	353	472	161	274	4.69e-09	54.3
DGMGAPEA_01251	MER0014309	26.449	276	140	12	265	480	62	334	5.20e-09	54.7
DGMGAPEA_01251	MER0016991	27.615	239	123	11	270	475	78	299	9.48e-09	53.9
DGMGAPEA_01251	MER0014312	38.384	99	41	4	401	479	308	406	9.80e-09	54.3
DGMGAPEA_01251	MER0087792	28.897	263	145	12	266	493	93	348	1.29e-08	53.5
DGMGAPEA_01251	MER0000336	25.962	208	122	7	262	461	73	256	1.32e-08	53.1
DGMGAPEA_01251	MER0000348	27.039	233	117	9	266	453	84	308	1.45e-08	53.5
DGMGAPEA_01251	MER0005760	27.798	277	131	12	265	477	68	339	1.70e-08	53.1
DGMGAPEA_01251	MER0001368	25.660	265	142	11	265	478	80	340	1.97e-08	53.1
DGMGAPEA_01251	MER0000340	27.237	257	147	12	236	480	52	280	2.87e-08	52.0
DGMGAPEA_01251	MER0000358	27.642	246	129	14	236	467	49	259	1.45e-07	50.1
DGMGAPEA_01251	MER0055027	37.719	114	63	4	256	366	60	168	1.70e-07	50.1
DGMGAPEA_01251	MER0004988	26.522	230	130	8	266	477	67	275	1.91e-07	49.7
DGMGAPEA_01251	MER0000329	26.224	286	115	9	269	477	75	341	2.62e-07	49.3
DGMGAPEA_01251	MER0000350	27.490	251	132	10	266	473	86	329	3.80e-07	48.9
DGMGAPEA_01251	MER0004652	37.662	77	38	2	407	473	431	507	4.33e-07	49.3
DGMGAPEA_01251	MER0014325	25.000	280	139	12	265	477	64	339	4.78e-07	48.5
DGMGAPEA_01251	MER0015436	33.721	86	49	2	405	482	354	439	5.23e-07	48.9
DGMGAPEA_01251	MER0000356	26.887	212	110	8	266	459	85	269	6.57e-07	48.1
DGMGAPEA_01251	MER0004869	22.619	336	173	14	195	473	45	350	9.51e-07	47.8
DGMGAPEA_01251	MER0003122	25.854	205	110	7	313	475	143	347	1.29e-06	47.4
DGMGAPEA_01251	MER0006036	31.868	91	44	3	408	484	361	447	1.40e-06	47.4
DGMGAPEA_01251	MER0000364	28.049	246	140	10	249	477	53	278	2.50e-06	46.2
DGMGAPEA_01251	MER0002739	27.823	248	123	8	261	470	89	318	2.90e-06	46.6
DGMGAPEA_01251	MER0003256	24.022	179	104	8	262	429	52	209	3.15e-06	45.4
DGMGAPEA_01251	MER0014313	32.000	100	48	4	401	480	282	381	3.44e-06	46.2
DGMGAPEA_01251	MER0011813	35.484	93	40	3	405	477	347	439	3.56e-06	46.2
DGMGAPEA_01251	MER0014310	32.292	96	45	3	405	480	310	405	4.15e-06	45.8
DGMGAPEA_01251	MER0080418	29.452	146	83	7	343	477	204	340	6.77e-06	45.1
DGMGAPEA_01251	MER0025143	27.632	228	98	12	270	456	71	272	7.88e-06	44.7
DGMGAPEA_01270	MER0069741	50.000	116	56	2	184	299	51	164	1.65e-31	113
DGMGAPEA_01270	MER0003380	48.718	117	58	2	184	299	118	233	2.42e-27	104
DGMGAPEA_01270	MER0013541	51.724	87	41	1	203	289	1	86	1.91e-22	86.7
DGMGAPEA_01270	MER0015415	46.429	84	45	0	205	288	66	149	5.55e-20	82.8
DGMGAPEA_01270	MER0003376	39.286	112	54	3	203	300	45	156	3.20e-17	75.1
DGMGAPEA_01270	MER0387040	41.509	106	52	3	203	303	1	101	2.41e-15	67.8
DGMGAPEA_01270	MER0003423	41.121	107	62	1	182	287	11	117	3.78e-15	68.6
DGMGAPEA_01270	MER0066182	39.496	119	55	4	190	303	86	192	3.59e-14	67.0
DGMGAPEA_01270	MER0001419	39.252	107	64	1	182	287	11	117	8.87e-14	64.7
DGMGAPEA_01270	MER0003906	35.922	103	61	2	203	300	1	103	2.97e-13	62.4
DGMGAPEA_01270	MER0025070	36.449	107	54	5	200	295	3	106	9.16e-09	50.1
DGMGAPEA_01270	MER0005300	36.364	99	58	2	204	300	66	161	9.55e-08	48.1
DGMGAPEA_01270	MER0388771	35.577	104	53	5	203	295	2	102	1.06e-07	46.6
DGMGAPEA_01271	MER0011175	22.159	176	124	6	383	548	39	211	8.35e-08	50.4
DGMGAPEA_01271	MER0001012	26.846	149	99	4	406	548	73	217	9.14e-08	50.4
DGMGAPEA_01271	MER0001009	20.408	147	110	2	419	559	16	161	4.70e-06	45.1
DGMGAPEA_01293	MER0005139	29.775	178	109	6	35	209	4	168	5.41e-16	73.9
DGMGAPEA_01293	MER0001284	35.043	117	70	3	98	211	35	148	6.53e-13	64.7
DGMGAPEA_01293	MER0015336	26.190	168	114	3	78	242	41	201	2.78e-12	63.2
DGMGAPEA_01293	MER0004514	28.105	153	92	4	72	211	1	148	4.69e-12	62.0
DGMGAPEA_01293	MER0005149	37.719	114	62	3	99	210	65	171	5.09e-12	62.8
DGMGAPEA_01293	MER0015691	31.356	118	73	2	94	210	48	158	7.42e-12	61.6
DGMGAPEA_01293	MER0005239	33.036	112	66	3	93	202	63	167	1.63e-11	60.8
DGMGAPEA_01293	MER0005238	33.636	110	65	2	93	201	61	163	3.85e-11	59.7
DGMGAPEA_01293	MER0002161	24.667	300	153	13	50	325	27	277	2.38e-10	57.4
DGMGAPEA_01293	MER0001289	24.812	266	141	10	84	331	46	270	3.98e-10	56.6
DGMGAPEA_01293	MER0100667	26.423	246	138	9	87	324	9	219	1.25e-09	54.7
DGMGAPEA_01293	MER0194228	26.222	225	127	9	114	331	2	194	6.95e-09	52.0
DGMGAPEA_01293	MER0005131	25.738	237	133	10	104	325	43	251	8.74e-09	52.4
DGMGAPEA_01293	MER0037181	24.916	297	154	12	50	324	27	276	2.78e-08	51.2
DGMGAPEA_01293	MER0005241	31.868	91	55	2	95	183	1	86	4.02e-08	50.4
DGMGAPEA_01293	MER0005244	31.765	85	50	2	99	183	5	81	1.17e-07	48.5
DGMGAPEA_01293	MER0005152	26.027	146	97	4	86	227	45	183	1.25e-07	49.3
DGMGAPEA_01293	MER0001288	34.043	94	51	4	93	186	17	99	1.65e-07	48.5
DGMGAPEA_01293	MER0002104	29.808	104	65	2	99	201	67	163	1.72e-07	48.9
DGMGAPEA_01293	MER0002105	27.731	119	75	3	93	207	52	163	2.85e-07	48.1
DGMGAPEA_01293	MER0001290	23.853	218	131	7	11	212	17	215	6.32e-07	47.4
DGMGAPEA_01293	MER0015688	34.444	90	46	4	114	202	71	148	5.59e-06	43.9
DGMGAPEA_01326	MER0000410	57.951	283	117	1	432	714	1	281	5.79e-114	342
DGMGAPEA_01326	MER0011872	37.358	265	163	2	451	712	18	282	3.39e-59	198
DGMGAPEA_01326	MER0082498	39.711	277	139	7	456	708	6	278	1.66e-57	194
DGMGAPEA_01326	MER0005694	33.582	268	167	3	446	712	13	270	1.50e-43	155
DGMGAPEA_01326	MER0000392	33.091	275	169	5	446	709	3	273	7.98e-42	150
DGMGAPEA_01326	MER0079308	33.588	262	167	5	451	709	8	265	3.01e-40	146
DGMGAPEA_01326	MER0004227	33.818	275	159	4	426	689	11	273	6.20e-40	145
DGMGAPEA_01326	MER0015621	31.271	291	180	4	439	712	6	293	8.38e-39	142
DGMGAPEA_01326	MER0325901	32.463	268	175	4	446	709	1	266	1.78e-37	138
DGMGAPEA_01326	MER0002490	30.597	268	162	6	446	695	13	274	5.51e-36	135
DGMGAPEA_01326	MER0082653	33.186	226	136	6	462	673	18	242	1.26e-35	133
DGMGAPEA_01326	MER0022823	31.734	271	173	7	446	708	3	269	8.51e-35	130
DGMGAPEA_01326	MER0981959	29.078	282	179	5	445	709	1	278	8.41e-34	127
DGMGAPEA_01326	MER0011450	29.183	257	168	5	446	692	3	255	6.27e-32	122
DGMGAPEA_01326	MER0003229	28.090	267	180	6	446	709	11	268	1.96e-25	103
DGMGAPEA_01326	MER0000398	27.734	256	167	7	457	710	11	250	5.80e-25	101
DGMGAPEA_01372	MER0015472	30.625	160	107	2	24	180	23	181	1.81e-14	66.2
DGMGAPEA_01372	MER0048181	27.273	143	88	2	47	174	1	142	8.63e-12	57.8
DGMGAPEA_01372	MER0015473	29.371	143	89	3	50	180	40	182	2.98e-10	54.7
DGMGAPEA_01372	MER0030047	30.075	133	89	3	50	179	1	132	3.40e-10	53.1
DGMGAPEA_01372	MER0035036	31.618	136	83	3	50	179	91	222	1.91e-09	52.8
DGMGAPEA_01372	MER0015458	28.713	202	110	7	30	210	39	227	6.10e-09	51.6
DGMGAPEA_01372	MER0015462	35.366	82	51	1	39	120	40	119	8.96e-08	47.4
DGMGAPEA_01372	MER0015459	28.758	153	93	4	35	184	38	177	2.29e-06	43.9
DGMGAPEA_01372	MER0017194	26.866	201	123	6	5	185	14	210	3.81e-06	43.1
DGMGAPEA_01372	MER0015631	34.940	83	53	1	39	121	44	125	6.77e-06	42.4
DGMGAPEA_01390	MER0028025	49.693	163	79	2	4	165	8	168	2.73e-48	160
DGMGAPEA_01390	MER0028025	54.217	83	37	1	265	347	162	243	8.33e-23	92.8
DGMGAPEA_01390	MER0003798	24.051	316	203	9	63	342	97	411	1.56e-12	65.1
DGMGAPEA_01390	MER0001272	26.012	173	111	6	4	164	1	168	3.26e-11	60.1
DGMGAPEA_01390	MER0001273	31.841	201	104	10	9	189	9	196	3.41e-11	59.7
DGMGAPEA_01390	MER0038758	22.802	364	238	13	1	342	1	343	8.42e-10	56.2
DGMGAPEA_01390	MER0238460	23.853	327	205	11	55	342	82	403	8.58e-10	56.6
DGMGAPEA_01390	MER0002659	26.364	110	77	3	170	276	184	292	2.84e-06	45.4
DGMGAPEA_01390	MER0001266	27.778	234	150	10	47	272	70	292	5.20e-06	44.7
DGMGAPEA_01390	MER0002014	27.523	109	75	3	170	275	184	291	6.14e-06	44.3
DGMGAPEA_01390	MER0001271	24.272	206	133	8	63	247	74	277	6.23e-06	44.3
DGMGAPEA_01411	MER0014135	42.146	261	151	0	183	443	1	261	5.77e-77	238
DGMGAPEA_01421	MER0003380	32.917	240	143	6	151	383	9	237	1.65e-36	131
DGMGAPEA_01421	MER0013541	48.235	85	44	0	284	368	1	85	6.94e-22	86.7
DGMGAPEA_01421	MER0066182	38.462	117	67	2	264	379	76	188	1.41e-19	83.6
DGMGAPEA_01421	MER0387040	41.053	95	55	1	284	377	1	95	1.20e-18	77.8
DGMGAPEA_01421	MER0069741	33.333	159	100	4	228	383	13	168	6.80e-18	77.8
DGMGAPEA_01421	MER0001419	37.113	97	54	3	284	378	32	123	7.34e-16	71.2
DGMGAPEA_01421	MER0003423	40.698	86	49	2	284	367	32	117	1.55e-15	70.5
DGMGAPEA_01421	MER0003376	34.559	136	62	6	258	377	29	153	1.27e-13	65.5
DGMGAPEA_01421	MER0003906	35.000	100	59	3	284	377	1	100	6.97e-12	58.9
DGMGAPEA_01421	MER0025070	38.596	114	55	7	278	378	2	113	1.54e-10	55.5
DGMGAPEA_01421	MER0388771	37.963	108	54	6	284	378	2	109	3.17e-10	54.3
DGMGAPEA_01421	MER0005300	36.559	93	59	0	285	377	66	158	5.85e-10	55.1
DGMGAPEA_01421	MER0015415	32.955	88	50	2	286	368	66	149	1.96e-08	50.4
DGMGAPEA_01508	MER0000485	45.957	235	126	1	572	805	1	235	1.36e-65	216
DGMGAPEA_01508	MER0000495	43.496	246	124	3	572	805	1	243	2.09e-56	191
DGMGAPEA_01508	MER0003442	48.020	202	100	3	608	805	21	221	1.94e-54	184
DGMGAPEA_01508	MER0011056	49.733	187	90	2	622	805	36	221	3.71e-53	181
DGMGAPEA_01508	MER0003443	45.361	194	101	2	612	800	30	223	4.97e-52	178
DGMGAPEA_01508	MER0011057	48.663	187	92	2	622	805	36	221	3.57e-51	176
DGMGAPEA_01508	MER0014970	44.776	201	106	2	609	804	78	278	5.48e-51	177
DGMGAPEA_01508	MER0000488	37.179	234	141	3	572	802	1	231	4.25e-46	162
DGMGAPEA_01508	MER0004236	47.126	174	90	1	629	802	87	258	8.62e-46	162
DGMGAPEA_01508	MER0000496	41.951	205	106	4	595	789	76	277	1.69e-40	148
DGMGAPEA_01508	MER0108906	38.298	235	138	2	572	804	1	230	1.87e-39	142
DGMGAPEA_01508	MER0005837	34.008	247	140	6	573	801	2	243	3.58e-37	137
DGMGAPEA_01508	MER0026213	33.117	154	96	2	658	809	111	259	5.46e-21	90.5
DGMGAPEA_01508	MER0017402	33.503	197	116	6	630	818	28	217	3.89e-18	81.3
DGMGAPEA_01508	MER0003859	30.818	159	103	3	650	808	77	228	1.36e-16	77.0
DGMGAPEA_01508	MER0003359	30.128	156	102	3	630	778	45	200	2.79e-12	64.3
DGMGAPEA_01508	MER0017403	32.800	125	69	3	668	783	75	193	2.00e-07	49.7
DGMGAPEA_01539	MER0213595	28.972	107	74	1	29	133	5	111	2.70e-08	50.1
DGMGAPEA_01539	MER0213816	27.103	107	73	2	29	132	2	106	2.96e-07	47.0
DGMGAPEA_01565	MER0000268	53.503	157	69	3	103	258	1	154	6.19e-48	159
DGMGAPEA_01565	MER0003850	49.721	179	81	4	103	277	3	176	2.64e-47	158
DGMGAPEA_01565	MER0013623	51.282	156	73	2	103	258	1	153	7.16e-47	156
DGMGAPEA_01565	MER0004111	50.943	159	71	2	103	258	1	155	1.70e-45	152
DGMGAPEA_01565	MER0000266	49.682	157	77	2	103	258	1	156	6.81e-45	151
DGMGAPEA_01565	MER0004673	37.091	275	142	6	103	356	2	266	8.59e-42	146
DGMGAPEA_01565	MER0001372	50.000	158	75	3	103	258	1	156	9.27e-41	140
DGMGAPEA_01565	MER0005468	47.170	159	80	3	103	258	1	158	1.25e-40	140
DGMGAPEA_01565	MER0004149	44.785	163	83	2	103	258	1	163	1.30e-40	140
DGMGAPEA_01565	MER0001373	52.518	139	65	1	103	241	1	138	6.96e-39	135
DGMGAPEA_01565	MER0003290	47.799	159	77	3	103	258	1	156	1.21e-38	134
DGMGAPEA_01565	MER0004093	46.203	158	78	3	103	258	1	153	9.09e-37	129
DGMGAPEA_01565	MER0016351	47.170	159	75	4	103	258	1	153	1.28e-36	129
DGMGAPEA_01565	MER0028330	47.468	158	76	3	103	258	1	153	1.61e-36	129
DGMGAPEA_01565	MER0002577	46.541	159	76	4	103	258	1	153	3.45e-36	127
DGMGAPEA_01565	MER0001945	45.283	159	84	2	103	258	1	159	2.04e-35	126
DGMGAPEA_01565	MER0003293	47.333	150	77	2	103	252	1	148	5.51e-33	119
DGMGAPEA_01565	MER0011375	43.478	161	79	6	103	258	1	154	1.07e-32	118
DGMGAPEA_01565	MER0010944	42.442	172	82	4	103	258	1	171	3.24e-32	117
DGMGAPEA_01565	MER0014795	43.030	165	79	5	103	258	1	159	7.11e-32	116
DGMGAPEA_01565	MER0004086	42.667	150	80	3	114	258	14	162	6.07e-28	105
DGMGAPEA_01565	MER0016031	40.120	167	88	4	103	258	1	166	2.32e-26	101
DGMGAPEA_01565	MER0022668	38.012	171	91	5	103	258	1	171	3.02e-26	101
DGMGAPEA_01565	MER0006096	43.103	116	64	1	127	240	1	116	6.63e-26	99.4
DGMGAPEA_01565	MER0005093	38.562	153	81	4	103	242	1	153	8.15e-24	94.7
DGMGAPEA_01565	MER0015583	39.597	149	80	4	103	241	1	149	2.22e-23	93.2
DGMGAPEA_01565	MER0063616	32.653	147	84	3	106	242	5	146	9.77e-16	71.6
DGMGAPEA_01565	MER0005094	30.303	132	89	3	111	239	8	139	2.84e-12	61.6
DGMGAPEA_01565	MER0004696	30.282	142	90	6	103	239	1	138	3.89e-09	52.0
DGMGAPEA_01565	MER0014317	29.008	131	86	4	114	239	10	138	5.72e-09	52.0
DGMGAPEA_01565	MER0014318	35.115	131	81	4	103	230	1	130	9.15e-09	51.2
DGMGAPEA_01565	MER0005090	32.824	131	84	4	103	230	1	130	1.17e-08	50.8
DGMGAPEA_01565	MER0005089	32.331	133	82	5	103	230	1	130	6.20e-08	48.9
DGMGAPEA_01565	MER0024901	31.724	145	84	8	103	239	1	138	5.74e-06	42.7
DGMGAPEA_01584	MER0001299	31.985	519	299	11	52	535	14	513	9.23e-67	224
DGMGAPEA_01584	MER0011114	29.680	438	233	9	92	520	1	372	5.01e-45	160
DGMGAPEA_01584	MER0321345	38.043	184	108	3	336	515	1	182	1.64e-32	120
DGMGAPEA_01584	MER0321345	27.072	181	127	4	90	268	1	178	4.51e-15	70.9
DGMGAPEA_01584	MER0003812	37.500	184	109	3	336	515	1	182	8.08e-32	119
DGMGAPEA_01584	MER0003812	27.072	181	127	4	90	268	1	178	1.29e-14	69.7
DGMGAPEA_01584	MER0013957	32.948	173	112	3	343	513	8	178	1.17e-21	89.7
DGMGAPEA_01584	MER0013957	26.400	125	89	2	145	269	56	177	4.97e-07	47.4
DGMGAPEA_01584	MER0001300	33.140	172	106	5	348	515	9	175	3.10e-19	82.8
DGMGAPEA_01584	MER0044046	30.233	172	119	1	342	513	7	177	2.26e-17	77.4
DGMGAPEA_01584	MER0001303	22.951	183	140	1	336	518	1	182	5.39e-11	58.9
DGMGAPEA_01633	MER0034539	39.157	166	98	3	2	165	1	165	1.08e-30	116
DGMGAPEA_01633	MER0033254	30.901	233	122	10	2	204	1	224	1.68e-19	85.5
DGMGAPEA_01633	MER0011781	37.805	82	45	2	71	146	98	179	2.21e-07	49.3
DGMGAPEA_01633	MER0003350	47.917	48	24	1	60	106	104	151	1.80e-06	46.2
DGMGAPEA_01633	MER0012158	30.097	103	63	3	7	106	55	151	1.91e-06	47.0
DGMGAPEA_01633	MER0003322	32.407	108	63	4	2	106	54	154	2.09e-06	45.8
DGMGAPEA_01668	MER0001244	38.168	262	150	2	278	527	1	262	2.26e-54	181
DGMGAPEA_01668	MER0013463	36.822	258	153	3	279	526	2	259	1.08e-48	166
DGMGAPEA_01668	MER0028601	38.113	265	145	7	280	526	3	266	1.08e-46	161
DGMGAPEA_01668	MER0001733	31.560	282	150	5	278	516	1	282	5.75e-37	135
DGMGAPEA_01668	MER0001248	31.474	251	125	6	323	527	4	253	5.41e-32	120
DGMGAPEA_01668	MER0004931	29.630	243	145	4	278	515	1	222	1.72e-29	113
DGMGAPEA_01668	MER0005462	29.958	237	140	6	279	510	2	217	6.67e-24	97.4
DGMGAPEA_01668	MER0005715	28.980	245	147	7	278	515	1	225	1.54e-21	90.5
DGMGAPEA_01668	MER0004532	28.571	238	139	6	278	508	1	214	1.67e-20	87.4
DGMGAPEA_01668	MER0001250	28.873	284	149	9	280	515	3	281	6.13e-20	87.0
DGMGAPEA_01668	MER0002038	30.252	238	139	6	279	510	2	218	4.06e-18	80.5
DGMGAPEA_01668	MER0004321	26.016	246	141	11	280	506	3	226	8.36e-09	53.5
DGMGAPEA_01668	MER0016544	27.411	197	104	9	336	517	85	257	3.29e-08	52.0
DGMGAPEA_01668	MER0013450	23.828	256	156	7	282	512	3	244	3.27e-07	48.5
DGMGAPEA_01668	MER0016542	24.176	182	87	6	342	502	93	244	7.38e-06	44.7
DGMGAPEA_01675	MER0024252	37.008	127	64	5	123	243	4	120	3.23e-15	67.4
DGMGAPEA_01675	MER0014188	37.363	91	51	3	127	216	1	86	4.84e-14	63.5
DGMGAPEA_01675	MER0001322	34.906	106	56	4	127	227	1	98	3.50e-12	58.9
DGMGAPEA_01675	MER0002443	37.634	93	55	3	127	217	1	92	8.86e-12	57.8
DGMGAPEA_01675	MER0003807	40.659	91	48	5	131	217	5	93	3.95e-11	55.8
DGMGAPEA_01675	MER0003808	33.333	96	52	4	138	228	12	100	2.70e-10	53.5
DGMGAPEA_01675	MER0376722	33.721	86	46	3	136	217	10	88	4.02e-10	52.4
DGMGAPEA_01675	MER0003805	30.556	108	63	3	138	245	12	107	7.80e-10	52.4
DGMGAPEA_01675	MER0377310	33.696	92	57	3	138	228	12	100	8.35e-10	52.0
DGMGAPEA_01675	MER0377307	33.696	92	57	3	138	228	12	100	8.35e-10	52.0
DGMGAPEA_01675	MER0002450	33.696	92	57	3	138	228	12	100	9.71e-10	52.0
DGMGAPEA_01675	MER0377450	35.000	80	49	2	138	217	12	88	1.92e-09	50.4
DGMGAPEA_01675	MER0004035	37.500	80	47	3	139	217	10	87	3.48e-09	50.4
DGMGAPEA_01675	MER0377178	33.696	92	57	3	138	228	12	100	3.20e-08	47.4
DGMGAPEA_01675	MER0003986	33.333	90	56	4	136	222	10	98	3.88e-08	47.8
DGMGAPEA_01675	MER0004054	35.632	87	50	5	138	219	12	97	1.64e-06	43.1
DGMGAPEA_01698	MER0492485	41.176	51	29	1	88	138	63	112	3.45e-07	45.1
DGMGAPEA_01700	MER0045094	39.474	190	108	5	2	186	12	199	3.57e-43	141
DGMGAPEA_01700	MER0044622	38.542	192	109	6	2	186	26	215	7.29e-40	133
DGMGAPEA_01700	MER0043394	38.415	164	97	3	26	186	1	163	1.09e-35	119
DGMGAPEA_01700	MER0044882	37.427	171	99	6	24	186	1	171	1.63e-29	104
DGMGAPEA_01700	MER0043392	37.500	136	82	3	47	182	23	155	3.54e-25	93.2
DGMGAPEA_01700	MER0043195	28.643	199	123	5	7	186	10	208	1.92e-21	85.1
DGMGAPEA_01700	MER0043537	28.495	186	122	6	4	184	2	181	1.78e-18	75.9
DGMGAPEA_01700	MER0045095	29.767	215	111	8	4	185	17	224	8.44e-15	67.4
DGMGAPEA_01700	MER0044619	24.607	191	133	6	3	186	9	195	7.17e-13	62.0
DGMGAPEA_01700	MER0045945	28.249	177	107	6	2	171	32	195	1.65e-11	57.8
DGMGAPEA_01700	MER0060647	29.189	185	113	7	3	181	174	346	6.11e-11	57.0
DGMGAPEA_01700	MER0436691	27.820	133	84	5	44	171	101	226	3.96e-09	51.6
DGMGAPEA_01700	MER0045886	28.182	110	77	1	75	184	85	192	7.40e-09	50.4
DGMGAPEA_01700	MER0043540	26.667	135	82	5	47	175	87	210	1.13e-08	50.1
DGMGAPEA_01700	MER0044889	27.928	111	78	2	75	185	91	199	6.05e-08	48.1
DGMGAPEA_01700	MER0044812	23.333	180	123	7	3	176	54	224	7.26e-08	47.8
DGMGAPEA_01700	MER0115185	27.407	135	84	5	47	176	10	135	1.56e-07	45.8
DGMGAPEA_01700	MER0046161	26.344	186	116	7	3	181	66	237	2.60e-07	46.2
DGMGAPEA_01700	MER0038086	27.350	117	77	3	75	185	109	223	7.55e-07	44.7
DGMGAPEA_01700	MER0043387	27.500	160	92	7	36	185	20	165	8.56e-07	43.9
DGMGAPEA_01700	MER0078640	26.667	165	106	5	16	175	183	337	1.42e-06	44.3
DGMGAPEA_01725	MER0005767	31.661	319	175	7	53	368	27	305	1.89e-38	138
DGMGAPEA_01725	MER0030136	24.198	405	273	13	4	384	1	395	4.09e-15	73.6
DGMGAPEA_01725	MER0030151	22.604	407	277	12	4	384	1	395	2.84e-12	64.7
DGMGAPEA_01725	MER0015112	22.829	403	285	15	4	384	1	399	3.47e-11	61.6
DGMGAPEA_01725	MER0030155	21.696	401	288	10	4	384	1	395	5.41e-09	54.7
DGMGAPEA_01725	MER0030149	22.581	403	282	15	4	384	1	395	1.09e-08	53.5
DGMGAPEA_01766	MER0000576	40.000	115	68	1	31	145	1	114	8.61e-31	104
DGMGAPEA_01766	MER0000569	36.842	114	70	2	31	143	1	113	6.35e-16	66.2
DGMGAPEA_01766	MER0006172	38.462	78	48	0	53	130	2	79	2.80e-14	60.8
DGMGAPEA_01766	MER0000587	32.584	89	52	3	52	133	34	121	4.90e-06	40.4
DGMGAPEA_01773	MER0030934	30.769	117	69	2	58	171	18	125	1.43e-06	45.8
