DBENGDNP_00021	MER0011806	24.382	283	151	11	31	312	17	237	8.89e-12	62.4
DBENGDNP_00021	MER0011781	25.088	283	149	12	31	312	17	237	1.92e-10	58.5
DBENGDNP_00021	MER0004101	23.675	283	153	12	31	312	17	237	4.31e-10	57.4
DBENGDNP_00021	MER0003314	27.891	147	81	6	106	251	72	194	6.67e-07	48.1
DBENGDNP_00041	MER0025086	41.429	140	61	3	249	384	1	123	1.49e-27	103
DBENGDNP_00041	MER0029657	44.203	138	56	6	248	384	28	145	5.16e-24	94.7
DBENGDNP_00041	MER0011122	34.000	150	79	8	244	386	12	148	1.65e-14	67.8
DBENGDNP_00041	MER0002217	27.778	198	92	9	210	388	54	219	3.82e-08	52.4
DBENGDNP_00041	MER0014521	26.633	199	95	8	209	388	51	217	5.55e-08	51.2
DBENGDNP_00043	MER0003376	34.722	144	78	5	216	344	15	157	2.28e-18	78.6
DBENGDNP_00043	MER0003906	39.623	106	57	3	246	345	1	105	1.97e-17	73.9
DBENGDNP_00043	MER0003380	34.127	126	79	2	218	340	107	231	2.41e-15	71.6
DBENGDNP_00043	MER0069741	40.000	95	55	2	246	340	70	162	3.60e-15	69.7
DBENGDNP_00043	MER0005300	31.746	126	81	2	224	345	39	163	4.34e-15	69.3
DBENGDNP_00043	MER0066182	37.500	104	63	2	243	345	89	191	3.98e-14	67.4
DBENGDNP_00043	MER0387040	37.624	101	61	2	246	345	1	100	4.40e-14	64.7
DBENGDNP_00043	MER0003423	37.963	108	60	4	244	345	30	136	1.25e-11	58.9
DBENGDNP_00043	MER0001419	43.678	87	46	3	246	330	32	117	2.25e-11	58.2
DBENGDNP_00043	MER0013541	37.209	86	53	1	246	331	1	85	1.07e-10	54.7
DBENGDNP_00043	MER0015415	30.894	123	74	5	228	340	43	164	8.22e-10	54.3
DBENGDNP_00043	MER0025070	30.928	97	59	2	246	334	6	102	1.71e-07	46.2
DBENGDNP_00043	MER0388771	30.928	97	59	2	246	334	2	98	1.14e-06	43.9
DBENGDNP_00089	MER0034539	40.000	105	61	2	71	175	44	146	1.13e-17	79.0
DBENGDNP_00089	MER0033254	27.168	173	100	6	70	240	42	190	1.83e-12	64.7
DBENGDNP_00089	MER0011806	29.557	203	117	12	2	187	1	194	7.13e-07	47.8
DBENGDNP_00123	MER0014135	41.825	263	153	0	183	445	1	263	1.66e-76	237
DBENGDNP_00123	MER0003359	23.148	108	81	2	346	451	115	222	4.55e-07	47.8
DBENGDNP_00159	MER0045479	25.379	264	165	8	4	264	8	242	1.64e-15	71.2
DBENGDNP_00159	MER0031569	28.879	232	141	8	29	255	26	238	9.19e-15	69.3
DBENGDNP_00159	MER0036036	23.735	257	170	7	3	255	7	241	3.10e-14	67.8
DBENGDNP_00159	MER0031565	25.397	252	156	8	11	256	15	240	4.69e-14	67.4
DBENGDNP_00159	MER0036038	24.454	229	150	7	31	256	32	240	3.71e-12	62.0
DBENGDNP_00214	MER0003359	26.455	189	112	6	5	178	47	223	2.75e-06	45.4
DBENGDNP_00218	MER0031610	35.223	247	151	4	15	253	55	300	6.53e-44	147
DBENGDNP_00218	MER0017033	25.591	254	151	10	15	248	65	300	9.45e-14	66.6
DBENGDNP_00218	MER0014065	31.250	96	63	1	15	107	35	130	1.31e-13	66.2
DBENGDNP_00218	MER0031617	26.966	267	154	12	10	247	30	284	1.14e-12	63.2
DBENGDNP_00218	MER0036057	24.206	252	157	10	15	248	63	298	3.90e-12	61.6
DBENGDNP_00218	MER0036115	28.713	101	69	1	12	109	33	133	2.43e-10	56.6
DBENGDNP_00218	MER0017142	29.651	172	106	5	15	185	15	172	3.84e-10	55.5
DBENGDNP_00218	MER0037236	25.385	260	167	9	4	245	9	259	3.98e-10	55.5
DBENGDNP_00218	MER0036053	22.932	266	176	8	8	248	2	263	2.92e-09	53.1
DBENGDNP_00218	MER0011509	34.653	101	61	2	14	109	38	138	3.42e-09	53.1
DBENGDNP_00218	MER0044900	26.199	271	154	12	16	249	96	357	2.13e-08	50.8
DBENGDNP_00218	MER0036072	26.400	125	83	2	12	127	78	202	3.42e-08	50.1
DBENGDNP_00218	MER0000431	32.039	103	65	2	12	110	31	132	4.05e-08	50.1
DBENGDNP_00218	MER0031616	29.703	101	66	2	14	109	39	139	4.54e-08	49.7
DBENGDNP_00218	MER0044858	24.101	278	145	14	16	242	57	319	1.03e-07	48.9
DBENGDNP_00218	MER0017193	26.374	91	65	2	10	98	21	111	2.18e-07	47.8
DBENGDNP_00218	MER0044350	27.451	102	70	1	14	111	1	102	2.20e-07	47.4
DBENGDNP_00218	MER0031619	26.471	102	72	1	14	112	28	129	2.44e-07	47.8
DBENGDNP_00218	MER0035043	22.634	243	155	7	14	223	35	277	5.47e-07	46.6
DBENGDNP_00218	MER0036084	28.319	113	75	3	8	114	12	124	7.25e-07	45.8
DBENGDNP_00218	MER0017177	26.415	106	74	2	4	105	24	129	1.01e-06	45.8
DBENGDNP_00218	MER0011785	28.155	103	68	1	15	111	36	138	2.31e-06	44.7
DBENGDNP_00218	MER0043008	25.833	120	81	3	1	113	7	125	2.48e-06	44.3
DBENGDNP_00218	MER0036069	33.333	117	69	6	2	110	67	182	7.03e-06	43.1
DBENGDNP_00231	MER0001243	42.000	250	143	2	2	249	3	252	2.77e-64	199
DBENGDNP_00231	MER0005690	37.449	243	151	1	4	246	5	246	3.95e-56	177
DBENGDNP_00231	MER0001342	37.551	245	153	0	2	246	3	247	7.25e-54	172
DBENGDNP_00231	MER0015127	37.860	243	150	1	4	246	5	246	1.65e-51	166
DBENGDNP_00231	MER0015128	34.468	235	152	2	13	246	14	247	5.03e-48	157
DBENGDNP_00231	MER0013450	32.258	248	165	3	2	247	1	247	1.66e-45	150
DBENGDNP_00231	MER0013589	34.568	243	158	1	4	246	1	242	3.11e-45	149
DBENGDNP_00231	MER0013929	33.198	247	164	1	2	248	3	248	4.55e-44	147
DBENGDNP_00231	MER0004931	27.941	204	131	6	3	202	4	195	5.58e-19	80.5
DBENGDNP_00231	MER0003880	27.885	208	135	4	11	214	4	200	1.26e-16	75.1
DBENGDNP_00231	MER0010972	23.077	234	162	2	13	246	14	229	2.50e-14	67.8
DBENGDNP_00231	MER0024896	28.319	113	81	0	4	116	5	117	3.29e-13	65.9
DBENGDNP_00231	MER0024896	26.718	131	89	2	122	246	337	466	1.91e-11	60.5
DBENGDNP_00231	MER0005462	23.293	249	164	4	1	248	2	224	5.79e-13	63.5
DBENGDNP_00231	MER0011746	27.404	208	132	7	13	207	14	215	1.87e-12	63.2
DBENGDNP_00231	MER0004532	25.000	204	136	4	3	202	4	194	8.35e-11	57.4
DBENGDNP_00231	MER0002038	25.828	151	102	4	80	225	73	218	9.17e-10	54.3
DBENGDNP_00231	MER0005715	24.020	204	141	6	4	202	5	199	2.93e-08	50.1
DBENGDNP_00231	MER0001244	26.351	148	101	3	1	146	2	143	5.20e-08	49.7
DBENGDNP_00231	MER0013463	23.529	272	155	10	3	247	4	249	2.50e-07	47.4
DBENGDNP_00249	MER0016191	27.875	287	196	6	35	313	4	287	6.00e-31	115
DBENGDNP_00249	MER0016172	27.465	284	196	5	37	313	6	286	8.78e-27	104
DBENGDNP_00249	MER0016185	24.383	324	191	10	32	313	1	312	3.24e-11	60.1
DBENGDNP_00279	MER0001297	40.385	156	91	2	201	356	2	155	3.78e-35	126
DBENGDNP_00279	MER0003514	43.506	154	85	2	203	356	4	155	9.49e-34	122
DBENGDNP_00279	MER0004196	43.038	158	86	4	201	356	2	157	1.33e-33	122
DBENGDNP_00279	MER0001425	40.123	162	85	3	202	355	3	160	2.57e-30	113
DBENGDNP_00279	MER0003065	40.260	154	90	2	203	356	4	155	6.96e-30	112
DBENGDNP_00279	MER0004195	35.443	158	97	2	201	356	2	156	1.05e-28	108
DBENGDNP_00279	MER0005714	36.747	166	86	3	204	356	5	164	1.39e-28	108
DBENGDNP_00279	MER0003413	37.267	161	90	2	201	356	2	156	2.56e-27	105
DBENGDNP_00279	MER0015684	34.667	150	98	0	200	349	1	150	1.53e-26	102
DBENGDNP_00279	MER0001295	29.767	215	109	5	201	411	2	178	4.77e-19	82.0
DBENGDNP_00279	MER0030244	30.216	139	86	5	199	326	11	149	2.66e-07	48.1
DBENGDNP_00279	MER0030235	28.676	136	86	5	202	326	3	138	1.57e-06	45.4
DBENGDNP_00291	MER0192051	26.168	214	148	4	18	223	96	307	4.33e-12	62.8
DBENGDNP_00328	MER0281397	27.317	205	116	9	191	369	4	201	1.24e-09	54.7
DBENGDNP_00389	MER0001244	38.258	264	148	5	174	425	1	261	4.22e-57	186
DBENGDNP_00389	MER0013463	34.091	264	159	4	174	426	1	260	1.62e-43	150
DBENGDNP_00389	MER0028601	32.967	273	155	10	174	425	1	266	1.02e-41	145
DBENGDNP_00389	MER0001733	29.795	292	163	4	174	423	1	292	1.24e-41	146
DBENGDNP_00389	MER0004532	34.034	238	130	6	174	407	1	215	3.70e-38	135
DBENGDNP_00389	MER0004931	29.832	238	141	4	175	408	2	217	4.59e-34	124
DBENGDNP_00389	MER0005462	31.325	249	143	8	174	418	1	225	1.90e-32	119
DBENGDNP_00389	MER0001248	31.076	251	121	6	222	425	7	252	5.75e-32	119
DBENGDNP_00389	MER0005715	30.126	239	139	8	174	405	1	218	2.52e-21	89.4
DBENGDNP_00389	MER0002038	22.176	239	159	5	175	408	2	218	1.92e-15	72.4
DBENGDNP_00389	MER0001250	25.614	285	147	10	176	407	3	275	5.73e-15	72.0
DBENGDNP_00389	MER0027437	26.667	255	126	14	174	400	1	222	5.09e-10	56.6
DBENGDNP_00389	MER0015127	23.077	156	109	5	173	322	3	153	2.48e-06	45.4
DBENGDNP_00398	MER0037236	32.500	120	68	3	7	117	4	119	2.41e-14	67.8
DBENGDNP_00398	MER0017177	23.226	310	167	11	12	262	24	321	2.43e-14	68.6
DBENGDNP_00398	MER0004146	31.579	114	72	3	12	119	8	121	1.17e-13	65.9
DBENGDNP_00398	MER0036115	33.333	102	66	1	20	119	33	134	7.93e-13	63.9
DBENGDNP_00398	MER0031611	25.090	279	156	11	16	260	33	292	2.20e-12	62.8
DBENGDNP_00398	MER0036053	32.743	113	74	2	18	129	4	115	8.85e-12	60.5
DBENGDNP_00398	MER0014065	27.928	111	76	2	12	118	22	132	1.97e-11	60.1
DBENGDNP_00398	MER0017142	31.532	111	68	4	12	120	3	107	1.53e-10	56.6
DBENGDNP_00398	MER0031619	31.132	106	71	1	17	120	23	128	2.95e-10	56.6
DBENGDNP_00398	MER0035044	29.293	99	68	1	22	118	33	131	9.58e-10	55.1
DBENGDNP_00398	MER0031617	28.070	114	78	2	12	121	22	135	1.31e-09	54.3
DBENGDNP_00398	MER0031616	27.103	107	74	1	21	123	38	144	1.73e-09	54.3
DBENGDNP_00398	MER0011785	29.508	122	78	2	22	135	35	156	1.73e-09	54.3
DBENGDNP_00398	MER0035973	29.457	129	87	2	2	126	36	164	1.78e-09	53.9
DBENGDNP_00398	MER0036054	31.034	116	76	3	8	121	4	117	2.39e-09	53.5
DBENGDNP_00398	MER0213280	25.203	123	85	2	22	142	30	147	3.01e-09	53.5
DBENGDNP_00398	MER0026339	30.894	123	81	3	1	119	1	123	3.69e-09	52.8
DBENGDNP_00398	MER0035032	28.283	99	69	1	22	118	31	129	3.77e-09	53.1
DBENGDNP_00398	MER0000431	22.835	254	155	10	12	256	21	242	9.61e-09	52.0
DBENGDNP_00398	MER0036065	31.818	110	66	3	21	122	1	109	1.04e-08	51.6
DBENGDNP_00398	MER0035038	26.531	98	70	1	23	118	31	128	1.08e-08	51.6
DBENGDNP_00398	MER0044581	29.412	102	65	3	23	117	72	173	1.20e-08	51.6
DBENGDNP_00398	MER0035043	29.592	98	67	1	23	118	36	133	1.45e-08	51.2
DBENGDNP_00398	MER0044578	29.808	104	62	3	23	117	74	175	5.20e-08	49.7
DBENGDNP_00398	MER0036076	32.990	97	62	2	22	116	62	157	5.22e-08	49.7
DBENGDNP_00398	MER0035035	22.981	161	118	3	22	176	35	195	6.20e-08	49.3
DBENGDNP_00398	MER0036057	31.633	98	66	1	23	119	63	160	6.87e-08	49.3
DBENGDNP_00398	MER0036075	26.119	134	91	4	9	134	57	190	8.05e-08	49.3
DBENGDNP_00398	MER0031614	25.490	102	73	2	21	119	82	183	8.16e-08	49.3
DBENGDNP_00398	MER0017123	31.159	138	81	5	4	127	12	149	8.19e-08	48.9
DBENGDNP_00398	MER0017193	27.152	151	88	5	12	146	15	159	8.29e-08	48.9
DBENGDNP_00398	MER0011509	26.364	110	77	1	19	124	35	144	2.18e-07	47.8
DBENGDNP_00398	MER0036066	31.000	100	65	2	23	119	1	99	2.20e-07	47.4
DBENGDNP_00398	MER0036072	23.009	113	79	1	16	120	74	186	2.47e-07	47.8
DBENGDNP_00398	MER0036062	29.358	109	68	3	23	122	33	141	2.78e-07	47.4
DBENGDNP_00398	MER0017033	30.476	105	72	1	16	119	58	162	5.35e-07	46.6
DBENGDNP_00398	MER0036084	23.077	208	145	4	18	214	14	217	6.58e-07	46.2
DBENGDNP_00398	MER0213829	27.679	112	73	3	23	126	50	161	7.08e-07	46.2
DBENGDNP_00398	MER0036050	30.476	105	65	5	3	101	65	167	2.35e-06	44.7
DBENGDNP_00398	MER0044633	28.125	128	82	5	15	132	62	189	2.47e-06	44.7
DBENGDNP_00398	MER0036067	24.454	229	145	9	22	235	51	266	3.75e-06	43.9
DBENGDNP_00398	MER0210990	40.000	55	33	0	67	121	78	132	5.98e-06	43.5
DBENGDNP_00398	MER0031569	29.032	124	66	5	16	124	22	138	6.75e-06	43.1
DBENGDNP_00433	MER0003380	34.348	230	137	5	154	382	21	237	2.10e-40	141
DBENGDNP_00433	MER0069741	34.810	158	98	4	228	382	13	168	2.14e-21	87.8
DBENGDNP_00433	MER0013541	44.706	85	47	0	283	367	1	85	6.65e-20	80.9
DBENGDNP_00433	MER0066182	40.171	117	66	2	263	378	75	188	3.66e-18	79.3
DBENGDNP_00433	MER0001419	35.294	102	64	2	283	382	32	133	7.37e-17	73.9
DBENGDNP_00433	MER0387040	41.237	97	56	1	283	378	1	97	4.27e-16	70.5
DBENGDNP_00433	MER0003423	35.294	102	64	2	283	382	32	133	8.74e-16	70.9
DBENGDNP_00433	MER0003376	31.081	148	72	5	247	376	18	153	2.79e-14	67.4
DBENGDNP_00433	MER0003906	38.614	101	54	4	283	376	1	100	3.20e-14	65.5
DBENGDNP_00433	MER0015415	34.483	87	50	2	285	367	66	149	5.99e-11	57.8
DBENGDNP_00433	MER0005300	32.609	92	62	0	285	376	67	158	1.53e-07	47.8
DBENGDNP_00473	MER0002565	39.013	223	116	7	291	512	96	299	9.54e-34	129
DBENGDNP_00473	MER0000332	43.316	187	87	7	304	488	64	233	2.09e-31	119
DBENGDNP_00473	MER0028365	37.548	261	127	10	296	545	116	351	5.93e-31	121
DBENGDNP_00473	MER0028365	39.062	64	37	2	66	129	51	112	5.81e-07	48.5
DBENGDNP_00473	MER0017009	34.568	243	140	7	271	499	81	318	1.83e-30	119
DBENGDNP_00473	MER0017009	35.789	95	51	4	46	130	11	105	5.41e-06	45.4
DBENGDNP_00473	MER0077555	38.158	228	112	8	288	508	49	254	7.16e-30	115
DBENGDNP_00473	MER0001928	38.350	206	107	8	304	507	62	249	1.03e-27	109
DBENGDNP_00473	MER0000310	37.864	206	112	7	304	507	63	254	1.12e-27	109
DBENGDNP_00473	MER0001699	37.688	199	106	8	304	499	62	245	1.07e-26	106
DBENGDNP_00473	MER0005821	35.349	215	120	9	280	488	63	264	1.18e-26	109
DBENGDNP_00473	MER0000320	37.229	231	114	11	285	498	42	258	1.20e-26	106
DBENGDNP_00473	MER0004690	29.450	309	180	9	218	505	18	309	1.64e-26	107
DBENGDNP_00473	MER0004690	36.232	69	43	1	66	133	22	90	2.76e-08	52.8
DBENGDNP_00473	MER0000315	37.561	205	110	8	304	507	62	249	4.07e-26	104
DBENGDNP_00473	MER0001520	37.561	205	110	8	304	507	62	249	5.76e-26	104
DBENGDNP_00473	MER0001906	37.073	205	111	8	304	507	62	249	2.12e-25	102
DBENGDNP_00473	MER0002575	33.491	212	119	7	297	505	64	256	2.19e-25	102
DBENGDNP_00473	MER0000316	34.842	221	121	8	289	507	49	248	1.29e-24	100
DBENGDNP_00473	MER0001709	33.473	239	118	9	296	510	91	312	1.82e-24	101
DBENGDNP_00473	MER0062058	39.091	220	116	6	294	506	51	259	1.95e-24	102
DBENGDNP_00473	MER0062058	55.102	49	22	0	82	130	1	49	2.05e-11	62.8
DBENGDNP_00473	MER0013656	35.849	212	118	6	304	514	61	255	4.12e-24	99.0
DBENGDNP_00473	MER0000333	40.394	203	102	8	304	505	64	248	2.20e-23	97.1
DBENGDNP_00473	MER0000349	34.177	237	125	10	299	509	139	370	1.08e-22	97.1
DBENGDNP_00473	MER0001521	35.149	202	107	7	304	499	64	247	3.79e-22	93.6
DBENGDNP_00473	MER0000313	35.149	202	107	7	304	499	64	247	3.93e-22	93.2
DBENGDNP_00473	MER0001755	34.653	202	108	7	304	499	64	247	7.94e-22	92.4
DBENGDNP_00473	MER0054318	37.441	211	119	9	279	486	44	244	1.22e-21	92.8
DBENGDNP_00473	MER0002057	30.258	271	145	9	272	502	73	339	1.45e-21	93.6
DBENGDNP_00473	MER0001523	34.653	202	108	7	304	499	64	247	2.01e-21	91.3
DBENGDNP_00473	MER0000312	34.653	202	108	7	304	499	64	247	2.01e-21	91.3
DBENGDNP_00473	MER0000309	35.096	208	115	7	304	507	63	254	3.03e-21	90.9
DBENGDNP_00473	MER0000361	36.161	224	106	10	304	505	105	313	3.42e-21	91.7
DBENGDNP_00473	MER0000321	29.195	298	161	13	221	505	91	351	1.35e-20	90.5
DBENGDNP_00473	MER0001725	33.175	211	118	7	284	488	79	272	3.25e-20	88.6
DBENGDNP_00473	MER0081072	32.683	205	117	6	304	505	61	247	9.37e-20	85.9
DBENGDNP_00473	MER0000311	35.407	209	121	6	300	507	60	255	1.29e-19	85.9
DBENGDNP_00473	MER0155676	33.061	245	130	10	293	509	117	355	1.35e-19	87.8
DBENGDNP_00473	MER0004085	33.953	215	114	8	304	499	96	301	1.39e-19	87.0
DBENGDNP_00473	MER0014744	33.333	222	133	7	295	504	86	304	2.31e-19	86.3
DBENGDNP_00473	MER0050309	33.505	194	102	8	304	488	47	222	3.17e-19	87.0
DBENGDNP_00473	MER0016983	32.314	229	111	9	284	490	53	259	3.60e-19	85.5
DBENGDNP_00473	MER0000362	32.609	230	116	9	304	510	99	312	5.73e-19	85.1
DBENGDNP_00473	MER0002562	34.211	228	109	9	304	505	117	329	7.96e-19	85.1
DBENGDNP_00473	MER0016978	30.870	230	115	8	304	505	78	291	4.63e-18	82.0
DBENGDNP_00473	MER0161312	35.426	223	100	9	302	487	92	307	8.09e-18	82.0
DBENGDNP_00473	MER0002516	35.122	205	106	9	304	503	82	264	8.18e-18	80.9
DBENGDNP_00473	MER0042897	38.806	201	102	7	304	499	66	250	9.20e-18	80.5
DBENGDNP_00473	MER0006074	31.227	269	140	13	271	525	59	296	1.48e-17	80.5
DBENGDNP_00473	MER0000359	35.341	249	118	14	268	506	63	278	2.07e-17	80.1
DBENGDNP_00473	MER0005931	34.466	206	119	6	304	507	32	223	3.02e-17	78.2
DBENGDNP_00473	MER0003536	31.250	224	118	9	304	505	71	280	3.42e-17	79.3
DBENGDNP_00473	MER0004720	31.222	221	122	8	297	509	66	264	4.39e-17	78.6
DBENGDNP_00473	MER0000319	29.851	201	124	6	300	499	65	249	7.77e-17	77.8
DBENGDNP_00473	MER0019280	32.900	231	125	8	293	505	62	280	7.79e-17	78.2
DBENGDNP_00473	MER0000351	32.243	214	110	6	290	487	90	284	2.27e-16	76.6
DBENGDNP_00473	MER0003117	32.932	249	122	13	264	499	42	258	2.40e-16	76.6
DBENGDNP_00473	MER0000326	33.054	239	126	11	269	504	46	253	5.11e-16	75.9
DBENGDNP_00473	MER0002500	29.927	274	161	9	235	486	87	351	5.41e-16	77.0
DBENGDNP_00473	MER0030016	31.839	223	112	8	298	505	79	276	5.92e-16	75.1
DBENGDNP_00473	MER0006023	30.667	225	124	9	299	505	97	307	6.27e-16	75.9
DBENGDNP_00473	MER0005078	30.864	243	131	11	290	517	65	285	7.72e-16	75.1
DBENGDNP_00473	MER0002267	30.500	200	118	8	304	499	71	253	1.11e-15	74.7
DBENGDNP_00473	MER0002790	34.906	212	115	6	304	499	1	205	1.84e-15	73.2
DBENGDNP_00473	MER0000356	35.468	203	94	9	304	491	89	269	1.97e-15	74.7
DBENGDNP_00473	MER0006037	33.981	206	105	8	290	486	65	248	2.05e-15	73.9
DBENGDNP_00473	MER0000335	31.076	251	129	14	271	511	48	264	7.64e-15	72.0
DBENGDNP_00473	MER0016697	33.333	219	104	10	299	488	92	297	7.98e-15	72.8
DBENGDNP_00473	MER0016688	29.070	258	142	9	293	520	63	309	9.28e-15	72.4
DBENGDNP_00473	MER0000353	32.692	208	103	7	290	481	141	327	1.32e-14	72.0
DBENGDNP_00473	MER0000358	27.941	272	139	13	260	501	17	261	1.48e-14	72.0
DBENGDNP_00473	MER0004123	27.007	274	147	10	267	504	51	307	2.73e-14	70.9
DBENGDNP_00473	MER0005790	34.158	202	90	7	302	485	92	268	6.18e-14	68.9
DBENGDNP_00473	MER0000344	33.047	233	102	14	271	488	66	259	6.38e-14	69.3
DBENGDNP_00473	MER0014446	32.127	221	112	9	302	504	195	395	6.57e-14	70.5
DBENGDNP_00473	MER0000328	32.636	239	117	13	262	488	42	248	9.71e-14	68.9
DBENGDNP_00473	MER0000325	33.735	249	113	13	271	507	48	256	1.48e-13	68.6
DBENGDNP_00473	MER0000338	30.667	225	113	11	271	486	50	240	2.26e-13	67.4
DBENGDNP_00473	MER0000357	35.407	209	101	12	297	491	69	257	2.74e-13	67.8
DBENGDNP_00473	MER0114485	28.000	300	168	12	231	486	30	325	3.51e-13	68.2
DBENGDNP_00473	MER0037258	28.054	221	137	9	303	505	79	295	1.22e-12	65.9
DBENGDNP_00473	MER0000389	31.120	241	115	10	304	505	77	305	3.34e-12	64.7
DBENGDNP_00473	MER0068994	30.290	241	106	10	303	486	108	343	7.87e-12	63.9
DBENGDNP_00473	MER0000347	28.700	223	134	8	300	505	115	329	1.93e-11	63.2
DBENGDNP_00473	MER0028258	27.564	312	167	13	240	505	51	349	3.77e-11	61.6
DBENGDNP_00473	MER0005859	32.143	224	103	10	304	489	242	454	4.37e-11	62.0
DBENGDNP_00473	MER0000329	28.315	279	110	14	304	507	76	339	4.71e-11	61.2
DBENGDNP_00473	MER0050310	29.442	197	111	10	304	488	102	282	9.44e-11	60.8
DBENGDNP_00473	MER0000350	25.746	268	144	8	294	515	80	338	1.61e-10	59.7
DBENGDNP_00473	MER0000336	27.132	258	134	10	249	484	22	247	2.76e-10	58.5
DBENGDNP_00473	MER0014300	28.904	301	140	13	302	550	77	355	3.70e-10	58.5
DBENGDNP_00473	MER0013641	26.695	236	138	10	301	510	80	306	1.04e-09	57.4
DBENGDNP_00473	MER0006297	22.427	379	261	12	136	488	95	466	3.03e-09	56.2
DBENGDNP_00473	MER0002764	31.651	218	110	13	289	497	73	260	7.89e-09	53.9
DBENGDNP_00473	MER0067924	27.826	230	119	11	304	504	63	274	9.94e-09	53.5
DBENGDNP_00473	MER0055027	35.714	126	71	5	291	413	60	178	2.55e-08	52.8
DBENGDNP_00473	MER0001368	22.433	263	147	9	296	505	77	335	3.06e-08	52.8
DBENGDNP_00473	MER0014325	45.833	48	26	0	465	512	295	342	6.70e-08	51.6
DBENGDNP_00473	MER0013896	27.941	136	66	3	407	510	315	450	9.57e-08	51.2
DBENGDNP_00473	MER0005712	24.658	292	166	12	304	542	88	378	1.86e-07	50.1
DBENGDNP_00473	MER0087792	25.651	269	161	8	270	502	60	325	2.15e-07	49.7
DBENGDNP_00473	MER0000348	26.778	239	117	8	296	485	79	308	3.52e-07	49.3
DBENGDNP_00473	MER0001467	32.292	96	45	3	435	510	246	341	4.01e-07	48.9
DBENGDNP_00473	MER0024902	24.528	212	135	5	304	498	97	300	4.03e-07	48.9
DBENGDNP_00473	MER0001454	22.581	186	115	6	344	505	147	327	4.09e-07	48.9
DBENGDNP_00473	MER0016986	23.846	260	141	9	294	504	80	331	8.67e-07	47.8
DBENGDNP_00473	MER0006036	37.647	85	38	2	449	520	371	453	1.23e-06	47.8
DBENGDNP_00473	MER0015436	32.468	77	44	2	437	505	354	430	1.38e-06	47.8
DBENGDNP_00473	MER0015437	34.247	73	40	2	440	505	357	428	1.48e-06	47.4
DBENGDNP_00473	MER0014310	34.043	94	42	3	437	510	310	403	1.77e-06	47.4
DBENGDNP_00473	MER0002739	28.378	222	107	12	304	489	98	303	1.92e-06	47.0
DBENGDNP_00473	MER0080418	26.241	141	88	6	377	507	204	338	2.29e-06	46.6
DBENGDNP_00473	MER0014309	31.579	95	47	3	434	510	238	332	2.51e-06	46.6
DBENGDNP_00473	MER0011791	44.444	54	28	1	459	510	372	425	2.77e-06	46.6
DBENGDNP_00473	MER0004652	31.944	72	39	1	449	510	441	512	3.45e-06	46.6
DBENGDNP_00473	MER0003256	25.664	226	115	12	287	483	48	249	5.40e-06	45.1
DBENGDNP_00473	MER0005760	36.986	73	35	2	449	510	268	340	6.44e-06	45.1
DBENGDNP_00473	MER0015438	34.247	73	35	1	449	508	381	453	7.26e-06	45.4
DBENGDNP_00473	MER0004988	27.979	193	119	7	304	488	71	251	8.46e-06	44.7
DBENGDNP_00474	MER0036308	29.193	161	98	4	328	477	58	213	2.78e-14	69.7
DBENGDNP_00474	MER0005328	29.897	194	113	6	291	466	10	198	2.83e-13	65.9
DBENGDNP_00474	MER0019759	28.387	155	108	2	345	496	77	231	2.22e-12	63.9
DBENGDNP_00474	MER0001017	30.769	169	82	8	328	473	60	216	3.73e-12	63.5
DBENGDNP_00474	MER0011345	29.947	187	103	8	310	475	38	217	2.42e-11	61.2
DBENGDNP_00474	MER0002281	29.775	178	85	8	311	468	54	211	1.20e-10	58.9
DBENGDNP_00474	MER0012283	30.539	167	88	7	328	476	60	216	1.80e-10	58.2
DBENGDNP_00474	MER0028449	29.496	139	87	5	339	467	76	213	2.56e-10	57.8
DBENGDNP_00474	MER0001013	27.545	167	92	6	328	475	61	217	2.56e-10	58.2
DBENGDNP_00474	MER0011440	27.586	145	85	5	343	475	74	210	3.39e-10	57.4
DBENGDNP_00474	MER0002746	26.380	163	114	3	338	496	72	232	3.49e-10	57.4
DBENGDNP_00474	MER0091680	26.012	173	111	5	328	488	46	213	6.61e-10	56.2
DBENGDNP_00474	MER0002755	26.154	195	124	6	291	468	9	200	2.49e-09	54.3
DBENGDNP_00474	MER0011183	25.694	144	103	3	345	484	69	212	2.73e-09	54.7
DBENGDNP_00474	MER0011423	27.143	140	88	4	337	467	72	206	3.10e-08	51.2
DBENGDNP_00474	MER0002003	25.954	131	92	2	350	475	87	217	4.43e-08	50.8
DBENGDNP_00474	MER0001003	26.744	172	108	3	314	467	6	177	1.30e-07	48.9
DBENGDNP_00474	MER0002422	25.781	128	83	2	342	463	73	194	1.86e-07	48.9
DBENGDNP_00474	MER0011371	25.581	129	86	3	350	471	82	207	2.12e-07	48.9
DBENGDNP_00474	MER0011175	27.068	133	79	2	346	467	77	202	2.58e-07	48.5
DBENGDNP_00474	MER0001009	24.096	166	113	4	339	496	10	170	2.94e-07	48.5
DBENGDNP_00474	MER0005331	26.357	129	90	3	351	475	83	210	1.23e-06	46.6
DBENGDNP_00474	MER0000997	24.823	141	97	3	337	469	72	211	2.04e-06	45.8
DBENGDNP_00474	MER0011369	23.529	136	98	3	345	475	91	225	2.26e-06	45.8
DBENGDNP_00474	MER0002355	25.000	200	100	7	298	475	37	208	2.95e-06	45.4
DBENGDNP_00474	MER0011438	23.529	187	108	8	298	459	18	194	4.21e-06	45.1
DBENGDNP_00474	MER0004243	26.718	131	87	3	347	469	81	210	5.21e-06	44.7
DBENGDNP_00474	MER0011401	22.464	138	96	4	348	476	73	208	5.81e-06	44.3
DBENGDNP_00474	MER0006264	23.188	138	86	3	350	475	53	182	8.45e-06	43.5
DBENGDNP_00474	MER0019754	24.818	137	89	4	350	476	64	196	8.69e-06	43.9
DBENGDNP_00474	MER0011370	24.265	136	97	4	345	475	76	210	8.96e-06	43.9
DBENGDNP_00530	MER0000474	54.167	192	88	0	28	219	15	206	2.21e-75	223
DBENGDNP_00530	MER0005687	52.151	186	84	1	31	216	27	207	1.62e-67	203
DBENGDNP_00530	MER0006046	45.312	192	105	0	28	219	15	206	9.31e-62	189
DBENGDNP_00530	MER0004857	51.163	172	83	1	46	217	34	204	6.61e-61	186
DBENGDNP_00530	MER0002211	47.340	188	99	0	29	216	16	203	1.37e-60	186
DBENGDNP_00530	MER0002299	47.568	185	97	0	31	215	12	196	2.66e-60	185
DBENGDNP_00530	MER0004855	40.976	205	115	1	12	216	7	205	4.41e-58	179
DBENGDNP_00530	MER0006063	45.055	182	100	0	35	216	23	204	5.69e-57	176
DBENGDNP_00530	MER0004847	45.833	192	103	1	29	219	16	207	6.03e-55	171
DBENGDNP_00530	MER0006056	46.286	175	93	1	45	219	37	210	6.12e-54	169
DBENGDNP_00530	MER0006308	38.857	175	106	1	40	213	17	191	8.03e-47	150
DBENGDNP_00530	MER0004182	40.642	187	111	0	30	216	13	199	2.61e-46	149
DBENGDNP_00530	MER0011666	42.012	169	96	2	50	216	17	185	1.00e-40	134
DBENGDNP_00530	MER0001369	38.272	81	48	1	71	151	52	130	5.11e-07	44.3
DBENGDNP_00569	MER0001313	28.022	182	85	5	9	188	15	152	7.07e-08	47.0
DBENGDNP_00578	MER0037236	25.000	252	167	7	13	243	11	261	3.05e-19	81.3
DBENGDNP_00578	MER0004146	25.287	261	156	10	13	243	10	261	6.48e-15	69.3
DBENGDNP_00578	MER0031611	25.200	250	154	8	17	238	35	279	3.46e-14	67.8
DBENGDNP_00578	MER0036076	23.404	235	149	9	22	236	63	286	2.06e-09	53.9
DBENGDNP_00578	MER0035973	22.553	235	165	7	21	242	56	286	1.82e-08	50.8
DBENGDNP_00578	MER0036066	21.633	245	163	8	22	242	1	240	1.88e-08	50.4
DBENGDNP_00578	MER0017033	24.855	173	111	5	86	243	132	300	3.45e-08	50.1
DBENGDNP_00578	MER0036057	21.765	170	116	4	88	243	132	298	3.56e-08	50.1
DBENGDNP_00578	MER0036068	21.074	242	167	8	22	241	54	293	5.69e-08	49.3
DBENGDNP_00578	MER0036054	21.839	261	166	8	20	243	15	274	1.68e-06	45.1
DBENGDNP_00578	MER0036073	25.455	165	107	5	91	242	154	315	3.32e-06	44.3
DBENGDNP_00611	MER0028025	43.976	166	92	1	2	167	5	169	6.03e-41	141
DBENGDNP_00611	MER0028025	47.368	76	40	0	274	349	168	243	6.82e-20	84.7
DBENGDNP_00611	MER0001273	28.643	199	118	7	10	193	9	198	1.56e-11	60.8
DBENGDNP_00611	MER0369972	28.571	140	85	5	10	138	2	137	3.67e-06	45.1
DBENGDNP_00624	MER0028934	37.179	78	43	3	68	145	1	72	9.44e-11	52.8
DBENGDNP_00635	MER0001161	37.263	687	415	7	1	680	1	678	8.62e-161	476
DBENGDNP_00635	MER0001158	36.510	682	422	6	3	680	3	677	1.74e-152	454
DBENGDNP_00635	MER0006087	34.136	706	422	14	2	681	11	699	2.93e-132	403
DBENGDNP_00635	MER0015119	32.597	724	431	17	2	681	7	717	2.03e-125	385
DBENGDNP_00635	MER0108144	30.837	681	423	16	22	680	8	662	2.92e-95	305
DBENGDNP_00635	MER0001149	31.201	641	406	13	52	680	59	676	8.85e-91	294
DBENGDNP_00635	MER0001942	29.734	676	432	16	19	680	30	676	7.64e-87	283
DBENGDNP_00635	MER0001153	31.912	633	380	15	77	680	82	692	2.58e-85	280
DBENGDNP_00635	MER0003110	29.714	700	424	18	34	680	31	715	2.82e-83	275
DBENGDNP_00635	MER0079465	27.739	566	368	16	134	680	91	634	1.14e-63	219
DBENGDNP_00635	MER0015170	24.650	572	382	13	113	675	94	625	8.62e-53	189
DBENGDNP_00635	MER0001156	26.619	695	434	18	9	657	20	684	1.67e-52	190
DBENGDNP_00635	MER0021317	36.364	66	42	0	438	503	22	87	3.00e-09	51.6
DBENGDNP_00635	MER0059435	23.711	194	130	4	439	621	470	656	1.21e-06	48.5
DBENGDNP_00644	MER0045094	39.153	189	107	5	3	187	14	198	2.86e-47	152
DBENGDNP_00644	MER0044622	41.579	190	103	5	3	187	28	214	1.54e-44	145
DBENGDNP_00644	MER0044882	43.103	174	91	6	29	195	6	178	2.49e-38	127
DBENGDNP_00644	MER0043394	38.889	162	95	2	30	189	5	164	6.43e-38	125
DBENGDNP_00644	MER0043392	35.673	171	98	5	30	194	1	165	1.61e-31	109
DBENGDNP_00644	MER0043195	29.907	214	127	7	4	194	8	221	1.49e-22	88.6
DBENGDNP_00644	MER0045095	27.014	211	131	5	1	188	15	225	2.20e-21	85.5
DBENGDNP_00644	MER0044812	31.126	151	94	3	45	193	98	240	4.52e-20	81.6
DBENGDNP_00644	MER0044619	28.079	203	120	7	1	190	8	197	1.18e-18	77.8
DBENGDNP_00644	MER0038086	35.294	119	69	3	74	187	108	223	7.08e-15	67.8
DBENGDNP_00644	MER0043537	28.571	189	121	8	3	186	2	181	3.31e-14	64.7
DBENGDNP_00644	MER0045945	28.758	153	88	7	45	189	73	212	2.84e-11	57.4
DBENGDNP_00644	MER0436735	25.824	182	95	7	47	192	48	225	3.15e-11	57.8
DBENGDNP_00644	MER0115185	29.630	135	85	3	45	177	8	134	9.87e-11	54.7
DBENGDNP_00644	MER0046161	27.564	156	97	5	43	192	102	247	9.37e-10	53.5
DBENGDNP_00644	MER0045886	26.400	125	85	3	74	195	84	204	3.79e-09	51.6
DBENGDNP_00644	MER0060647	26.490	151	96	5	43	187	210	351	9.95e-09	50.8
DBENGDNP_00644	MER0044889	29.167	120	73	2	72	187	88	199	1.72e-08	49.7
DBENGDNP_00644	MER0436691	25.333	150	99	5	43	187	100	241	2.63e-08	49.3
DBENGDNP_00644	MER0043540	27.333	150	91	6	45	188	85	222	2.96e-08	48.9
DBENGDNP_00644	MER0042974	24.138	116	80	3	75	187	70	180	3.04e-08	48.5
DBENGDNP_00644	MER0043387	28.333	120	71	5	73	187	56	165	2.11e-07	45.8
DBENGDNP_00811	MER0044357	25.116	215	126	8	18	204	44	251	4.55e-14	69.3
DBENGDNP_00811	MER0044357	31.000	100	64	2	214	312	341	436	4.36e-06	44.7
DBENGDNP_00952	MER0003339	22.523	555	380	16	244	779	1	524	1.77e-26	111
DBENGDNP_00952	MER0003306	22.741	343	236	11	244	572	1	328	4.93e-12	65.9
DBENGDNP_00952	MER0006198	21.574	343	211	11	244	553	1	318	4.73e-11	62.8
DBENGDNP_01004	MER0000589	29.891	184	90	5	336	481	61	243	3.10e-11	60.5
DBENGDNP_01004	MER0000589	31.452	124	40	3	139	262	1	79	4.59e-10	57.0
DBENGDNP_01004	MER0013626	26.573	143	74	6	345	466	13	145	4.72e-09	52.4
DBENGDNP_01004	MER0001510	48.571	35	18	0	245	279	49	83	4.53e-06	43.9
DBENGDNP_01004	MER0003269	30.488	82	42	4	392	460	65	144	6.69e-06	43.1
DBENGDNP_01010	MER0001283	44.191	482	267	1	5	484	3	484	4.59e-145	421
DBENGDNP_01010	MER0047723	42.526	475	268	3	8	478	2	475	3.10e-139	406
DBENGDNP_01010	MER0369336	27.670	206	113	8	65	262	8	185	2.77e-10	58.2
DBENGDNP_01086	MER0034961	24.503	151	84	5	57	202	20	145	2.09e-06	45.1
DBENGDNP_01087	MER0031562	23.707	232	121	7	73	272	30	237	5.96e-06	43.5
DBENGDNP_01131	MER0065554	47.909	263	126	2	282	534	2	263	6.94e-86	264
DBENGDNP_01131	MER0437468	36.103	349	208	5	197	531	1	348	5.22e-73	233
DBENGDNP_01131	MER0436717	32.412	398	202	8	197	531	1	394	1.27e-56	191
DBENGDNP_01167	MER0173063	41.455	275	142	7	144	408	2	267	8.04e-55	179
DBENGDNP_01167	MER0002635	35.943	281	164	3	144	408	3	283	4.26e-49	165
DBENGDNP_01167	MER0002646	35.179	307	156	5	146	409	1	307	6.42e-47	160
DBENGDNP_01167	MER0120615	31.273	275	170	7	144	410	1	264	6.76e-38	135
DBENGDNP_01167	MER0049282	34.109	258	162	5	158	411	21	274	2.42e-37	134
DBENGDNP_01167	MER0003824	33.582	268	165	7	142	405	1	259	1.14e-36	132
DBENGDNP_01167	MER0003772	28.467	274	193	2	144	414	3	276	9.26e-31	116
DBENGDNP_01167	MER0011469	26.246	301	180	7	141	412	4	291	1.77e-23	96.7
DBENGDNP_01167	MER0011470	27.692	260	167	5	171	410	25	283	9.21e-21	88.6
DBENGDNP_01167	MER0142760	31.579	152	104	0	253	404	309	460	4.19e-17	79.7
DBENGDNP_01167	MER0142760	26.286	175	100	8	66	229	69	225	1.85e-06	46.6
DBENGDNP_01167	MER0006292	30.542	203	110	10	212	411	1	175	9.09e-15	68.9
DBENGDNP_01177	MER0036068	26.172	256	165	8	10	248	47	295	1.21e-11	60.5
DBENGDNP_01177	MER0036076	24.291	247	168	7	11	248	57	293	1.24e-09	54.3
DBENGDNP_01177	MER0031614	29.524	105	71	2	19	120	86	190	1.66e-09	54.3
DBENGDNP_01177	MER0034563	29.565	115	76	3	1	114	1	111	3.47e-08	49.7
DBENGDNP_01177	MER0044633	32.203	118	71	4	2	112	58	173	1.70e-07	48.1
DBENGDNP_01177	MER0014065	23.529	102	78	0	11	112	29	130	2.29e-07	47.8
DBENGDNP_01177	MER0036075	32.353	102	59	5	17	112	71	168	2.52e-07	47.8
DBENGDNP_01177	MER0044581	30.909	110	67	3	10	112	65	172	7.64e-07	46.2
DBENGDNP_01177	MER0183709	24.803	254	153	12	17	243	37	279	1.02e-06	45.8
DBENGDNP_01177	MER0031617	26.000	100	74	0	13	112	31	130	3.13e-06	44.3
DBENGDNP_01177	MER0044578	29.167	120	74	4	2	112	57	174	4.89e-06	43.9
DBENGDNP_01177	MER0031611	29.060	117	70	4	3	112	26	136	6.10e-06	43.5
DBENGDNP_01177	MER0044900	26.316	95	67	1	13	104	91	185	8.01e-06	43.1
DBENGDNP_01180	MER0037236	35.455	110	68	1	63	169	15	124	8.58e-14	67.4
DBENGDNP_01180	MER0011509	34.259	108	65	3	68	171	39	144	3.24e-13	66.2
DBENGDNP_01180	MER0017193	24.632	272	151	11	61	311	19	257	1.06e-12	64.3
DBENGDNP_01180	MER0031616	29.565	115	77	2	58	169	30	143	3.27e-12	63.2
DBENGDNP_01180	MER0004146	38.462	104	55	3	66	163	18	118	5.46e-12	62.0
DBENGDNP_01180	MER0011785	29.771	131	84	3	43	169	14	140	9.88e-12	62.0
DBENGDNP_01180	MER0036115	30.556	108	73	2	63	169	31	137	1.63e-11	60.8
DBENGDNP_01180	MER0017177	25.000	128	88	2	42	161	2	129	2.69e-11	60.5
DBENGDNP_01180	MER0031614	28.058	139	88	3	36	170	60	190	1.22e-10	58.5
DBENGDNP_01180	MER0014065	32.110	109	72	2	58	165	25	132	1.30e-10	58.5
DBENGDNP_01180	MER0003280	29.268	123	83	4	51	171	14	134	2.12e-09	54.7
DBENGDNP_01180	MER0210990	39.241	79	47	1	91	168	54	132	5.94e-09	53.5
DBENGDNP_01180	MER0213829	25.000	156	107	4	24	173	10	161	1.06e-08	52.8
DBENGDNP_01180	MER0026339	28.571	105	73	2	64	167	21	124	1.68e-08	51.6
DBENGDNP_01180	MER0044578	27.465	142	98	2	45	181	51	192	1.76e-08	52.0
DBENGDNP_01180	MER0025512	34.146	82	50	3	99	176	79	160	2.66e-08	51.2
DBENGDNP_01180	MER0017123	32.520	123	75	2	51	165	18	140	2.90e-08	51.2
DBENGDNP_01180	MER0044633	32.143	112	71	3	60	166	65	176	3.40e-08	51.2
DBENGDNP_01180	MER0000436	22.022	277	179	7	63	321	20	277	7.62e-08	49.7
DBENGDNP_01180	MER0030163	35.065	77	45	2	99	171	60	135	1.59e-07	48.9
DBENGDNP_01180	MER0031610	33.333	96	61	2	68	162	55	148	1.63e-07	48.9
DBENGDNP_01180	MER0043008	27.679	112	75	3	56	163	10	119	3.07e-07	47.8
DBENGDNP_01180	MER0036068	23.132	281	170	11	59	323	45	295	3.19e-07	47.8
DBENGDNP_01180	MER0208880	32.584	89	56	2	63	147	10	98	3.28e-07	47.8
DBENGDNP_01180	MER0036066	28.571	98	66	3	68	163	1	96	3.38e-07	47.4
DBENGDNP_01180	MER0036075	22.581	155	105	6	19	166	25	171	5.85e-07	47.4
DBENGDNP_01180	MER0033249	33.333	99	62	3	55	150	21	118	6.78e-07	46.2
DBENGDNP_01180	MER0044581	26.154	130	86	5	44	166	49	175	6.86e-07	47.0
DBENGDNP_01180	MER0031619	24.413	213	140	9	68	262	29	238	1.99e-06	45.4
DBENGDNP_01180	MER0035973	30.000	100	65	4	68	165	57	153	2.12e-06	45.4
DBENGDNP_01180	MER0035044	22.857	140	98	3	95	233	60	190	2.26e-06	45.4
DBENGDNP_01180	MER0036076	34.259	108	61	7	60	163	56	157	2.55e-06	45.1
DBENGDNP_01180	MER0036054	26.496	117	77	3	66	174	15	130	2.83e-06	45.1
DBENGDNP_01180	MER0031653	42.500	40	23	0	132	171	174	213	4.04e-06	44.7
DBENGDNP_01180	MER0003537	25.833	120	85	3	58	176	15	131	7.07e-06	43.9
DBENGDNP_01244	MER0015473	34.266	143	82	4	47	177	40	182	2.98e-12	60.5
DBENGDNP_01244	MER0015472	28.058	139	97	1	40	175	41	179	1.96e-11	58.2
DBENGDNP_01244	MER0048181	31.507	146	78	4	44	171	1	142	8.31e-09	49.7
DBENGDNP_01244	MER0015462	34.375	96	59	2	34	127	38	131	1.17e-08	50.1
DBENGDNP_01244	MER0030047	28.889	135	86	3	47	175	1	131	2.34e-08	48.1
DBENGDNP_01244	MER0015633	30.769	156	84	6	36	183	42	181	2.48e-08	49.3
DBENGDNP_01244	MER0015632	34.043	94	56	3	36	125	37	128	5.04e-08	48.5
DBENGDNP_01244	MER0015631	34.118	85	55	1	36	120	44	127	7.61e-08	48.1
DBENGDNP_01244	MER0015458	25.481	208	126	8	21	206	31	231	2.70e-07	46.6
DBENGDNP_01244	MER0015686	30.872	149	93	5	36	183	42	181	3.31e-07	46.2
DBENGDNP_01244	MER0015459	26.752	157	101	4	21	176	29	172	4.32e-06	43.1
DBENGDNP_01244	MER0094384	28.249	177	113	6	30	203	23	188	5.14e-06	42.4
DBENGDNP_01244	MER0017194	25.000	208	118	8	2	182	14	210	7.99e-06	42.0
DBENGDNP_01244	MER0003940	25.620	121	79	2	4	124	11	120	8.57e-06	42.0
DBENGDNP_01386	MER0217243	28.931	159	93	6	105	251	90	240	7.56e-13	63.5
DBENGDNP_01426	MER0013623	55.195	154	68	1	108	261	1	153	5.76e-56	180
DBENGDNP_01426	MER0000268	54.545	154	70	0	108	261	1	154	9.56e-55	177
DBENGDNP_01426	MER0003850	49.425	174	87	1	108	280	3	176	3.87e-53	173
DBENGDNP_01426	MER0004111	49.677	155	77	1	108	261	1	155	1.05e-48	161
DBENGDNP_01426	MER0000266	52.564	156	72	2	108	261	1	156	5.92e-48	159
DBENGDNP_01426	MER0001372	52.830	159	67	4	108	261	1	156	6.51e-45	151
DBENGDNP_01426	MER0004149	49.091	165	71	4	108	261	1	163	5.17e-44	149
DBENGDNP_01426	MER0005468	49.057	159	75	3	108	261	1	158	1.44e-43	147
DBENGDNP_01426	MER0004673	36.604	265	143	6	108	348	2	265	7.31e-41	144
DBENGDNP_01426	MER0001373	48.101	158	78	2	108	261	1	158	1.54e-37	131
DBENGDNP_01426	MER0003290	46.250	160	76	4	108	261	1	156	3.00e-37	130
DBENGDNP_01426	MER0003293	47.297	148	78	0	108	255	1	148	1.01e-36	129
DBENGDNP_01426	MER0010944	43.275	171	80	4	108	261	1	171	2.13e-36	129
DBENGDNP_01426	MER0001945	42.767	159	86	2	108	261	1	159	1.41e-35	126
DBENGDNP_01426	MER0002577	45.570	158	77	3	108	261	1	153	1.12e-34	124
DBENGDNP_01426	MER0028330	44.304	158	79	3	108	261	1	153	1.55e-33	120
DBENGDNP_01426	MER0022668	44.444	171	78	7	108	261	1	171	2.10e-33	121
DBENGDNP_01426	MER0016351	42.405	158	82	3	108	261	1	153	1.57e-32	118
DBENGDNP_01426	MER0016031	44.910	167	78	6	108	261	1	166	2.55e-32	118
DBENGDNP_01426	MER0004086	43.902	164	79	6	109	261	1	162	5.51e-30	111
DBENGDNP_01426	MER0014795	43.293	164	78	4	108	261	1	159	1.19e-29	110
DBENGDNP_01426	MER0011375	38.994	159	87	3	108	261	1	154	9.21e-29	107
DBENGDNP_01426	MER0004093	40.881	159	83	5	108	261	1	153	1.92e-26	101
DBENGDNP_01426	MER0006096	40.299	134	73	3	132	261	1	131	2.66e-23	92.0
DBENGDNP_01426	MER0005093	35.625	160	88	4	108	252	1	160	3.45e-23	92.8
DBENGDNP_01426	MER0015583	40.940	149	76	5	108	244	1	149	4.34e-21	86.7
DBENGDNP_01426	MER0063616	34.756	164	85	6	111	261	5	159	2.89e-17	75.9
DBENGDNP_01426	MER0005094	33.333	150	74	8	108	242	1	139	1.85e-12	62.0
DBENGDNP_01426	MER0014318	35.075	134	75	8	108	233	1	130	4.23e-09	52.4
DBENGDNP_01426	MER0014317	30.075	133	80	7	119	242	10	138	2.02e-07	47.4
DBENGDNP_01426	MER0005089	32.331	133	80	6	108	233	1	130	2.35e-07	47.4
DBENGDNP_01426	MER0005090	31.061	132	83	6	108	233	1	130	3.15e-07	47.0
DBENGDNP_01426	MER0004696	26.950	141	94	5	108	242	1	138	4.35e-07	46.2
DBENGDNP_01426	MER0014314	32.847	137	74	8	108	233	1	130	5.54e-06	43.1
DBENGDNP_01453	MER0003327	41.026	234	130	5	2	233	1	228	3.77e-58	192
DBENGDNP_01453	MER0012158	34.718	337	149	10	2	267	1	337	3.05e-50	174
DBENGDNP_01453	MER0185695	38.839	224	127	4	2	218	1	221	1.34e-45	158
DBENGDNP_01453	MER0003350	40.777	206	98	6	2	183	1	206	1.02e-39	141
DBENGDNP_01453	MER0003322	37.379	206	102	6	2	180	1	206	6.05e-37	134
DBENGDNP_01453	MER0011806	29.577	213	132	8	2	204	1	205	1.28e-15	73.6
DBENGDNP_01453	MER0004101	29.108	213	133	8	2	204	1	205	1.42e-14	70.5
DBENGDNP_01453	MER0003314	23.913	230	155	6	2	211	1	230	2.65e-13	67.4
DBENGDNP_01453	MER0011781	28.571	231	141	11	2	220	1	219	1.78e-12	64.3
DBENGDNP_01513	MER0387040	32.381	105	64	3	32	134	1	100	8.36e-09	47.0
DBENGDNP_01513	MER0066182	31.429	105	65	3	32	134	92	191	7.79e-08	46.2
DBENGDNP_01554	MER0048181	26.761	142	93	2	83	213	1	142	3.84e-08	48.5
DBENGDNP_01554	MER0015659	30.070	143	85	5	79	219	46	175	1.44e-06	45.1
DBENGDNP_01554	MER0047975	25.359	209	116	9	83	273	29	215	1.75e-06	45.1
DBENGDNP_01554	MER0015473	25.521	192	123	7	38	219	1	182	2.20e-06	44.7
DBENGDNP_01554	MER0015631	24.841	157	102	5	81	232	50	195	4.62e-06	43.9
DBENGDNP_01554	MER0047976	25.581	172	109	4	81	246	11	169	8.54e-06	42.4
DBENGDNP_01555	MER0015458	30.303	198	82	7	47	230	50	205	4.22e-10	55.5
DBENGDNP_01555	MER0048181	26.316	171	97	4	49	219	1	142	1.12e-08	49.7
DBENGDNP_01555	MER0015473	26.484	219	121	5	14	227	1	184	1.42e-08	50.4
DBENGDNP_01555	MER0015459	42.308	52	30	0	47	98	48	99	3.96e-08	49.3
DBENGDNP_01555	MER0035036	24.242	231	121	8	11	233	51	235	7.42e-08	48.5
DBENGDNP_01555	MER0015462	24.121	199	86	6	47	238	46	186	2.97e-07	46.2
DBENGDNP_01555	MER0015686	27.551	196	84	7	45	236	46	187	1.10e-06	45.1
DBENGDNP_01555	MER0047976	36.842	57	36	0	43	99	7	63	3.41e-06	43.1
DBENGDNP_01555	MER0015460	31.633	98	59	2	8	104	45	135	5.97e-06	43.1
DBENGDNP_01596	MER0003290	37.736	159	79	6	86	228	1	155	1.31e-24	96.7
DBENGDNP_01596	MER0002577	37.821	156	80	6	86	228	1	152	1.47e-22	90.9
DBENGDNP_01596	MER0028330	36.538	156	82	5	86	228	1	152	8.66e-22	88.6
DBENGDNP_01596	MER0000268	36.301	146	71	5	86	217	1	138	3.59e-21	87.0
DBENGDNP_01596	MER0004111	36.364	143	76	5	86	217	1	139	1.25e-20	85.5
DBENGDNP_01596	MER0016351	35.256	156	84	5	86	228	1	152	1.75e-20	85.1
DBENGDNP_01596	MER0063616	36.478	159	84	7	86	228	1	158	2.40e-20	84.7
DBENGDNP_01596	MER0001945	36.986	146	75	4	86	217	1	143	4.89e-20	84.0
DBENGDNP_01596	MER0005468	36.025	161	81	6	86	228	1	157	6.72e-20	83.6
DBENGDNP_01596	MER0011375	34.395	157	85	6	86	228	1	153	3.14e-19	81.3
DBENGDNP_01596	MER0001373	36.620	142	75	5	86	216	1	138	3.49e-19	81.3
DBENGDNP_01596	MER0013623	35.252	139	79	5	86	216	1	136	4.06e-19	80.9
DBENGDNP_01596	MER0004093	35.256	156	84	5	86	228	1	152	1.40e-18	79.7
DBENGDNP_01596	MER0014795	34.132	167	77	7	86	228	1	158	6.07e-18	77.8
DBENGDNP_01596	MER0005093	34.839	155	76	5	86	217	1	153	1.00e-17	77.4
DBENGDNP_01596	MER0001372	34.266	143	80	6	86	217	1	140	7.76e-16	71.6
DBENGDNP_01596	MER0000266	32.867	143	82	5	86	217	1	140	1.10e-15	71.2
DBENGDNP_01596	MER0010944	32.051	156	81	5	86	217	1	155	2.95e-15	70.5
DBENGDNP_01596	MER0003850	31.206	141	86	4	86	217	3	141	9.54e-15	69.3
DBENGDNP_01596	MER0004149	31.724	145	82	4	86	214	1	144	6.88e-14	66.2
DBENGDNP_01596	MER0006096	31.008	129	76	3	112	228	3	130	1.29e-12	62.0
DBENGDNP_01596	MER0004673	27.317	205	109	6	85	255	1	199	1.31e-12	64.7
DBENGDNP_01596	MER0022668	31.013	158	86	7	86	223	1	155	2.00e-12	62.4
DBENGDNP_01596	MER0015583	32.000	150	82	4	86	216	1	149	2.40e-12	61.6
DBENGDNP_01596	MER0004086	30.719	153	80	7	97	228	14	161	1.87e-11	59.3
DBENGDNP_01596	MER0003293	29.078	141	88	5	86	217	1	138	9.13e-11	57.0
DBENGDNP_01596	MER0005089	34.722	144	75	9	86	215	1	139	1.56e-09	53.5
DBENGDNP_01596	MER0016031	29.114	158	77	6	86	216	1	150	6.14e-09	52.0
DBENGDNP_01596	MER0014314	30.263	152	87	8	86	223	1	147	9.24e-09	51.2
DBENGDNP_01596	MER0005094	29.167	144	84	7	86	215	1	140	3.38e-08	49.7
DBENGDNP_01596	MER0005953	26.994	163	97	8	86	228	38	198	1.32e-07	48.9
DBENGDNP_01596	MER0004696	26.389	144	85	5	86	214	1	138	4.77e-06	43.1
DBENGDNP_01596	MER0014317	25.000	140	93	4	87	215	1	139	5.53e-06	43.1
DBENGDNP_01694	MER0042827	58.586	99	41	0	989	1087	1	99	1.99e-32	118
DBENGDNP_01746	MER0065588	44.898	196	105	3	1	193	1	196	4.60e-58	178
DBENGDNP_01746	MER0038086	29.323	133	70	5	69	191	105	223	1.96e-08	49.7
DBENGDNP_01746	MER0045094	28.814	177	97	7	26	193	44	200	2.36e-07	46.2
DBENGDNP_01746	MER0045095	29.365	126	79	4	72	193	107	226	5.57e-07	45.4
DBENGDNP_01746	MER0043537	29.851	201	113	12	3	193	2	184	1.09e-06	43.9
DBENGDNP_01816	MER0015475	37.931	174	97	4	7	170	4	176	2.44e-24	91.3
DBENGDNP_01864	MER0198917	40.584	377	214	6	17	388	1	372	5.22e-92	300
DBENGDNP_01864	MER1054487	42.298	383	203	7	17	388	1	376	1.17e-88	290
DBENGDNP_01871	MER0004090	25.946	370	219	11	607	949	24	365	7.27e-21	92.8
DBENGDNP_01871	MER0035017	23.168	423	254	17	592	971	2	396	2.46e-19	88.2
DBENGDNP_01871	MER0003800	24.304	395	245	13	581	949	6	372	1.28e-15	77.0
DBENGDNP_01871	MER0011700	23.723	274	173	13	597	857	3	253	1.49e-06	48.1
DBENGDNP_01871	MER0354941	28.058	139	74	4	607	719	11	149	2.71e-06	46.2
DBENGDNP_01873	MER0069741	33.898	118	51	3	44	161	64	154	1.21e-11	60.5
DBENGDNP_01873	MER0003376	26.786	168	80	5	3	160	2	136	3.00e-08	50.4
DBENGDNP_01873	MER0015415	27.083	144	78	3	24	167	40	156	9.65e-08	48.9
DBENGDNP_01873	MER0003380	32.540	126	51	5	50	172	138	232	6.07e-07	47.8
DBENGDNP_01873	MER0013541	32.432	111	49	4	50	160	1	85	4.50e-06	42.4
DBENGDNP_01941	MER0003280	29.952	207	135	7	2	199	17	222	5.44e-17	74.3
DBENGDNP_01941	MER0014065	34.234	111	69	4	2	109	23	132	1.96e-12	61.6
DBENGDNP_01941	MER0031617	31.343	134	86	5	1	129	22	154	2.41e-12	61.2
DBENGDNP_01941	MER0044578	42.424	66	38	0	37	102	104	169	1.77e-09	53.1
DBENGDNP_01941	MER0000436	33.645	107	66	3	11	112	23	129	2.03e-09	52.8
DBENGDNP_01941	MER0017177	27.731	119	85	1	1	118	24	142	2.20e-09	52.8
DBENGDNP_01941	MER0044581	40.909	66	39	0	37	102	102	167	2.91e-09	52.4
DBENGDNP_01941	MER0036053	35.833	120	66	4	6	121	3	115	6.24e-09	51.2
DBENGDNP_01941	MER0036075	35.443	79	48	1	24	102	88	163	3.05e-08	49.3
DBENGDNP_01941	MER0044633	41.935	62	36	0	37	98	103	164	1.22e-07	47.8
DBENGDNP_01941	MER0037236	33.019	106	66	2	1	102	9	113	1.53e-07	47.0
DBENGDNP_01941	MER0017123	37.209	86	50	3	12	94	35	119	2.35e-06	43.9
DBENGDNP_01941	MER0036115	23.140	121	91	2	9	128	33	152	4.52e-06	42.7
DBENGDNP_01948	MER0002251	42.982	228	123	5	2	225	2	226	2.43e-53	169
DBENGDNP_01948	MER0001335	37.557	221	131	4	1	218	1	217	7.78e-46	149
DBENGDNP_01963	MER0034541	22.238	1394	947	43	510	1814	36	1381	7.05e-80	288
DBENGDNP_01969	MER0001421	51.889	397	188	3	13	408	1	395	2.32e-149	426
DBENGDNP_01969	MER0028941	25.647	425	238	15	3	407	1	367	1.74e-24	100
DBENGDNP_01969	MER0369336	28.114	281	195	6	130	407	39	315	3.06e-22	93.6
DBENGDNP_02002	MER0031431	34.559	136	77	3	98	228	29	157	5.14e-17	73.2
DBENGDNP_02002	MER0034659	39.796	98	54	3	111	204	35	131	9.72e-13	61.6
DBENGDNP_02002	MER0031432	29.126	103	72	1	112	213	36	138	3.33e-10	54.7
DBENGDNP_02002	MER0031433	29.126	103	72	1	112	213	36	138	4.32e-10	54.3
DBENGDNP_02002	MER0044553	27.132	129	93	1	104	232	10	137	4.37e-10	53.9
DBENGDNP_02002	MER0002601	34.286	70	39	2	128	197	32	94	2.80e-09	51.6
DBENGDNP_02002	MER0014721	25.434	173	101	6	93	260	7	156	1.22e-08	50.1
DBENGDNP_02002	MER0019092	28.667	150	94	6	93	237	7	148	4.44e-08	48.5
DBENGDNP_02002	MER0038141	28.916	83	57	2	132	214	57	137	1.29e-06	44.3
DBENGDNP_02070	MER0000485	46.774	248	130	2	562	807	1	248	6.20e-69	225
DBENGDNP_02070	MER0000495	41.732	254	138	2	562	805	1	254	7.25e-59	197
DBENGDNP_02070	MER0003442	45.498	211	111	2	592	798	15	225	4.38e-54	184
DBENGDNP_02070	MER0011056	46.154	208	106	2	592	794	15	221	8.82e-54	182
DBENGDNP_02070	MER0011057	44.878	205	109	2	594	794	17	221	8.79e-52	177
DBENGDNP_02070	MER0014970	42.222	225	124	2	584	802	63	287	1.35e-51	179
DBENGDNP_02070	MER0003443	44.670	197	103	3	599	789	27	223	5.01e-50	172
DBENGDNP_02070	MER0000488	39.301	229	138	1	562	789	1	229	1.52e-48	168
DBENGDNP_02070	MER0004236	45.455	176	93	2	617	791	85	258	3.13e-43	154
DBENGDNP_02070	MER0108906	38.559	236	137	2	562	794	1	231	2.02e-42	151
DBENGDNP_02070	MER0000496	34.296	277	122	3	562	778	1	277	1.34e-41	151
DBENGDNP_02070	MER0005837	37.826	230	118	5	563	776	2	222	4.83e-38	139
DBENGDNP_02070	MER0026213	31.579	152	101	1	647	798	111	259	4.32e-21	90.5
DBENGDNP_02070	MER0017402	32.812	192	116	5	620	805	28	212	6.23e-16	74.7
DBENGDNP_02070	MER0003359	32.278	158	99	4	620	769	45	202	2.57e-14	70.1
DBENGDNP_02070	MER0003859	28.276	145	97	3	650	794	88	225	1.98e-11	62.0
DBENGDNP_02070	MER0017403	29.371	143	85	3	657	799	75	201	1.31e-07	50.4
DBENGDNP_02070	MER0000491	24.167	120	88	1	657	776	5	121	3.23e-06	45.4
DBENGDNP_02207	MER0005169	32.092	349	221	7	14	357	6	343	2.27e-53	177
DBENGDNP_02207	MER0013829	32.479	351	225	6	14	361	6	347	5.15e-52	173
DBENGDNP_02207	MER0004410	29.630	351	225	9	13	353	5	343	7.70e-42	146
DBENGDNP_02207	MER0005472	32.733	333	209	5	14	346	6	323	4.50e-41	144
DBENGDNP_02207	MER0002046	32.476	311	188	10	43	350	35	326	5.67e-41	144
DBENGDNP_02207	MER0005160	31.343	335	210	10	15	346	7	324	2.50e-35	129
DBENGDNP_02207	MER0002043	25.281	356	233	9	5	346	9	345	7.73e-32	120
DBENGDNP_02207	MER0002040	28.102	274	176	9	65	329	59	320	6.36e-25	100
DBENGDNP_02207	MER0022215	24.501	351	236	8	12	353	3	333	7.44e-24	97.8
DBENGDNP_02207	MER0025084	19.318	352	261	8	9	351	1	338	6.08e-06	44.3
DBENGDNP_02244	MER0060647	36.240	367	202	7	11	361	1	351	2.13e-68	216
DBENGDNP_02244	MER0078640	36.464	362	203	8	11	360	1	347	3.43e-64	205
DBENGDNP_02244	MER0044812	41.810	232	119	3	147	365	10	238	1.99e-58	187
DBENGDNP_02244	MER0043540	39.823	226	126	6	138	361	4	221	2.78e-49	162
DBENGDNP_02244	MER0045945	40.865	208	112	5	160	364	14	213	7.81e-46	153
DBENGDNP_02244	MER0115185	50.000	140	68	1	220	359	6	143	5.07e-42	140
DBENGDNP_02244	MER0046161	37.273	220	119	4	160	365	32	246	6.05e-40	139
DBENGDNP_02244	MER0436691	30.824	279	146	6	92	361	1	241	1.10e-39	138
DBENGDNP_02244	MER0042974	25.414	181	115	6	193	358	7	182	1.27e-07	48.5
DBENGDNP_02244	MER0043537	35.616	73	46	1	192	264	14	85	1.08e-06	45.4
DBENGDNP_02406	MER0061059	25.926	162	92	5	26	169	18	169	2.13e-06	44.7
DBENGDNP_02406	MER0140224	25.694	144	90	5	118	245	73	215	7.64e-06	42.7
DBENGDNP_02413	MER0001322	39.048	105	51	4	134	233	1	97	8.52e-17	71.2
DBENGDNP_02413	MER0014188	35.165	91	53	3	134	223	1	86	4.42e-14	63.9
DBENGDNP_02413	MER0024252	41.975	81	45	2	146	226	14	92	8.71e-12	58.2
DBENGDNP_02413	MER0003807	34.043	94	58	3	134	224	1	93	4.84e-11	55.8
DBENGDNP_02413	MER0002443	40.244	82	46	3	144	223	11	91	3.87e-10	53.1
DBENGDNP_02413	MER0003808	28.889	90	61	1	134	223	1	87	2.97e-09	50.8
DBENGDNP_02413	MER0376722	28.889	90	61	1	134	223	1	87	3.25e-09	50.1
DBENGDNP_02413	MER0377310	31.731	104	63	4	134	234	1	99	4.77e-09	50.1
DBENGDNP_02413	MER0377307	31.731	104	63	4	134	234	1	99	4.77e-09	50.1
DBENGDNP_02413	MER0002450	31.731	104	63	4	134	234	1	99	5.11e-09	50.1
DBENGDNP_02413	MER0003805	33.721	86	48	4	142	224	9	88	5.54e-08	47.0
DBENGDNP_02413	MER0377450	33.721	86	48	4	142	224	9	88	7.81e-08	46.2
DBENGDNP_02413	MER0004054	36.667	90	51	5	139	223	6	94	1.66e-07	45.8
DBENGDNP_02413	MER0377178	30.769	104	64	4	134	234	1	99	1.95e-07	45.4
DBENGDNP_02413	MER0031311	39.474	76	41	3	150	223	1	73	2.68e-06	41.2
DBENGDNP_02423	MER0004801	71.633	349	96	2	90	437	1	347	5.44e-176	498
DBENGDNP_02435	MER0000576	42.609	115	65	1	26	140	1	114	4.09e-33	110
DBENGDNP_02435	MER0000569	40.659	91	53	1	50	139	24	114	2.24e-15	64.7
DBENGDNP_02435	MER0006172	38.961	77	47	0	48	124	2	78	2.70e-12	55.8
DBENGDNP_02445	MER0034582	26.567	335	213	9	610	926	1	320	1.48e-32	126
DBENGDNP_02465	MER0011748	51.293	232	111	2	400	630	1	231	1.37e-78	248
DBENGDNP_02465	MER0005496	50.215	233	116	0	400	632	1	233	5.46e-78	246
DBENGDNP_02465	MER0056525	50.633	237	113	3	400	634	1	235	7.84e-78	245
DBENGDNP_02465	MER0015609	50.000	232	112	2	400	630	1	229	1.02e-77	246
DBENGDNP_02465	MER0023544	47.210	233	123	0	400	632	1	233	1.38e-76	243
DBENGDNP_02465	MER0011224	45.494	233	127	0	400	632	1	233	4.80e-75	239
DBENGDNP_02465	MER0015195	45.076	264	134	4	400	653	1	263	2.12e-69	224
DBENGDNP_02465	MER0002600	40.323	248	146	2	400	646	1	247	8.16e-64	208
DBENGDNP_02465	MER0015194	41.633	245	139	2	401	643	2	244	1.57e-63	208
DBENGDNP_02465	MER0014306	41.631	233	136	0	400	632	1	233	4.20e-62	204
DBENGDNP_02465	MER0002605	38.683	243	146	2	400	641	1	241	1.39e-60	200
DBENGDNP_02465	MER0024898	42.857	231	130	2	400	628	1	231	1.92e-59	197
DBENGDNP_02465	MER0171760	39.179	268	155	5	365	628	1	264	2.94e-58	194
DBENGDNP_02465	MER0004454	40.529	227	133	2	400	624	1	227	5.39e-55	186
DBENGDNP_02465	MER0005466	40.948	232	130	3	401	625	2	233	1.79e-54	183
DBENGDNP_02465	MER0015199	42.241	232	128	2	400	625	1	232	4.30e-54	183
DBENGDNP_02465	MER0002602	44.344	221	116	2	401	614	2	222	5.70e-54	182
DBENGDNP_02465	MER0002563	36.325	234	138	4	401	623	2	235	2.22e-46	161
DBENGDNP_02465	MER0001620	39.149	235	135	3	400	626	1	235	3.88e-46	162
DBENGDNP_02465	MER0015193	39.419	241	129	6	400	631	1	233	1.59e-44	156
DBENGDNP_02465	MER0015197	38.028	213	130	1	412	622	13	225	2.58e-44	156
DBENGDNP_02465	MER0002408	36.694	248	147	6	400	639	1	246	9.36e-44	154
DBENGDNP_02465	MER0017637	36.752	234	137	4	401	623	2	235	1.22e-43	154
DBENGDNP_02465	MER0011745	36.250	240	137	6	400	631	1	232	9.10e-43	152
DBENGDNP_02465	MER0015137	35.833	240	138	6	400	631	1	232	5.91e-42	149
DBENGDNP_02465	MER0190577	35.622	233	137	3	400	629	1	223	9.07e-41	145
DBENGDNP_02465	MER0005755	39.171	217	121	3	401	614	2	210	2.77e-36	132
DBENGDNP_02465	MER0014324	36.123	227	132	4	400	623	1	217	4.38e-36	132
DBENGDNP_02465	MER0002608	37.555	229	136	5	401	623	2	229	3.61e-35	131
DBENGDNP_02465	MER0015690	34.667	225	128	6	400	608	1	222	9.36e-35	129
DBENGDNP_02465	MER0190705	34.348	230	141	3	401	628	1	222	5.27e-33	123
DBENGDNP_02465	MER0011120	35.135	222	131	7	400	608	1	222	4.19e-32	122
DBENGDNP_02465	MER0002197	31.535	241	148	4	400	637	1	227	2.76e-30	117
DBENGDNP_02465	MER0024900	31.532	222	142	4	401	619	2	216	3.10e-29	113
DBENGDNP_02465	MER0001246	32.597	181	111	3	411	588	1	173	5.10e-22	90.5
DBENGDNP_02465	MER0015204	28.455	246	144	7	401	614	2	247	5.78e-20	87.8
DBENGDNP_02524	MER0045886	44.298	228	124	3	1	226	10	236	1.12e-55	183
DBENGDNP_02524	MER0038086	36.161	224	128	3	5	213	29	252	9.23e-42	147
DBENGDNP_02524	MER0044889	36.564	227	139	4	4	227	18	242	6.11e-41	144
DBENGDNP_02524	MER0436735	31.154	260	142	5	4	226	3	262	1.48e-35	130
DBENGDNP_02524	MER0042974	35.417	192	113	5	12	194	1	190	4.95e-32	119
DBENGDNP_02524	MER0043387	35.955	178	110	3	20	195	1	176	1.51e-30	114
DBENGDNP_02524	MER0043537	33.690	187	120	3	5	189	2	186	4.36e-26	102
DBENGDNP_02524	MER0044622	28.415	183	115	6	45	216	74	251	2.61e-09	55.1
DBENGDNP_02524	MER0045094	31.429	140	79	6	71	200	84	216	7.21e-09	53.5
DBENGDNP_02524	MER0043392	30.597	134	86	4	66	198	42	169	1.50e-08	51.2
DBENGDNP_02524	MER0043394	29.915	117	77	3	71	184	48	162	9.61e-08	48.9
DBENGDNP_02524	MER0043475	26.471	136	89	5	44	169	60	194	5.83e-07	47.8
DBENGDNP_02524	MER0044882	26.190	168	112	6	29	184	3	170	1.34e-06	45.8
DBENGDNP_02530	MER0004468	28.384	229	143	5	218	437	202	418	1.20e-18	84.3
DBENGDNP_02530	MER0004468	38.889	72	40	2	3	74	2	69	1.37e-06	47.0
DBENGDNP_02530	MER0897124	28.111	217	139	5	230	437	210	418	8.58e-16	75.9
DBENGDNP_02530	MER0897124	38.889	72	40	2	3	74	2	69	1.58e-06	47.0
DBENGDNP_02530	MER0004469	26.882	186	109	6	4	169	2	180	2.47e-13	68.2
DBENGDNP_02530	MER0004480	35.652	115	68	3	11	125	1	109	1.37e-11	62.4
DBENGDNP_02530	MER0004474	31.933	119	68	6	14	131	89	195	6.20e-08	51.2
DBENGDNP_02530	MER0004471	32.773	119	68	5	14	131	95	202	7.93e-08	50.8
DBENGDNP_02537	MER0005767	28.840	319	184	8	53	368	27	305	7.88e-35	128
DBENGDNP_02537	MER0030136	24.627	402	273	12	5	384	2	395	1.75e-23	98.6
DBENGDNP_02537	MER0030151	24.311	399	278	11	5	384	2	395	3.22e-20	89.0
DBENGDNP_02537	MER0030143	23.940	401	277	12	5	384	2	395	8.28e-19	84.7
DBENGDNP_02537	MER0030155	24.318	403	273	12	5	384	2	395	2.84e-18	83.2
DBENGDNP_02537	MER0030149	23.632	402	277	13	5	384	2	395	2.84e-16	77.0
DBENGDNP_02537	MER0015112	22.906	406	279	14	5	384	2	399	4.94e-15	73.2
DBENGDNP_02555	MER0000410	60.573	279	106	3	440	717	4	279	1.33e-117	352
DBENGDNP_02555	MER0082498	42.446	278	136	7	461	714	6	283	9.83e-66	216
DBENGDNP_02555	MER0011872	40.075	267	157	2	456	719	18	284	7.55e-63	208
DBENGDNP_02555	MER0005694	34.296	277	167	4	451	719	13	282	6.47e-48	167
DBENGDNP_02555	MER0004227	33.582	268	171	3	460	720	28	295	7.84e-42	151
DBENGDNP_02555	MER0000392	30.292	274	178	4	451	714	3	273	4.70e-41	148
DBENGDNP_02555	MER0082653	36.287	237	136	7	456	678	7	242	4.79e-40	145
DBENGDNP_02555	MER0079308	31.559	263	173	5	455	714	7	265	1.27e-38	141
DBENGDNP_02555	MER0015621	29.167	288	184	4	444	714	6	290	2.19e-38	141
DBENGDNP_02555	MER0002490	29.553	291	173	6	451	714	13	298	2.54e-36	135
DBENGDNP_02555	MER0022823	29.412	272	180	7	451	714	3	270	3.45e-36	134
DBENGDNP_02555	MER0011450	30.350	257	165	5	451	697	3	255	5.79e-36	134
DBENGDNP_02555	MER0981959	28.826	281	179	5	451	714	2	278	8.56e-33	125
DBENGDNP_02555	MER0325901	29.091	275	187	6	451	720	1	272	1.49e-31	121
DBENGDNP_02555	MER0003229	29.520	271	177	6	451	717	11	271	3.01e-29	114
DBENGDNP_02555	MER0000398	28.151	238	156	6	462	698	11	234	4.46e-25	102
DBENGDNP_02580	MER0001295	45.161	186	88	3	368	548	2	178	2.00e-49	168
DBENGDNP_02580	MER0003065	40.764	157	84	3	389	545	15	162	1.22e-25	100
DBENGDNP_02580	MER0001425	36.250	160	89	4	393	547	19	170	1.51e-24	98.2
DBENGDNP_02580	MER0003413	34.247	146	88	2	400	545	26	163	5.12e-23	93.6
DBENGDNP_02580	MER0003514	33.520	179	102	5	367	545	1	162	8.08e-23	92.8
DBENGDNP_02580	MER0004196	35.849	159	91	3	389	545	15	164	3.84e-21	88.2
DBENGDNP_02580	MER0001297	32.317	164	90	5	367	528	1	145	5.27e-19	82.0
DBENGDNP_02580	MER0015684	32.237	152	87	5	393	537	19	161	1.63e-16	74.7
DBENGDNP_02580	MER0005714	30.357	168	97	5	388	545	14	171	2.78e-16	74.3
DBENGDNP_02580	MER0004195	33.333	165	96	6	389	549	15	169	2.26e-15	71.6
DBENGDNP_02600	MER0200434	27.027	111	74	3	88	192	1	110	2.13e-06	42.4
DBENGDNP_02601	MER0005767	24.839	310	193	8	57	359	29	305	4.83e-17	78.2
DBENGDNP_02621	MER0026545	30.502	259	151	7	13	256	24	268	2.58e-33	119
DBENGDNP_02621	MER0042387	32.973	185	107	5	74	251	2	176	1.79e-27	101
DBENGDNP_02621	MER0026552	32.143	168	103	3	79	245	1	158	3.88e-25	95.1
DBENGDNP_02621	MER0026496	24.535	269	170	6	8	258	20	273	2.46e-22	90.1
DBENGDNP_02621	MER0031491	24.419	172	123	3	83	247	9	180	7.29e-15	68.2
DBENGDNP_02621	MER0002642	25.786	159	110	4	101	257	23	175	8.22e-11	56.6
DBENGDNP_02622	MER0168983	27.922	154	90	6	273	420	1	139	6.22e-12	60.8
DBENGDNP_02622	MER0168177	25.532	188	105	6	273	447	1	166	2.05e-10	56.6
DBENGDNP_02622	MER0019754	25.000	124	80	2	325	435	64	187	1.42e-08	52.0
DBENGDNP_02622	MER0005331	24.742	194	127	5	260	438	16	205	1.42e-06	46.2
DBENGDNP_02622	MER0001017	24.775	222	129	9	241	440	9	214	2.36e-06	45.8
DBENGDNP_02622	MER0011438	48.718	39	20	0	325	363	81	119	3.52e-06	45.1
DBENGDNP_02622	MER0000997	24.725	182	118	4	274	439	35	213	3.79e-06	45.1
DBENGDNP_02622	MER0019759	24.731	186	126	6	262	435	19	202	5.21e-06	44.7
DBENGDNP_02622	MER0011440	46.154	39	21	0	325	363	81	119	5.47e-06	44.7
DBENGDNP_02622	MER0002060	30.275	109	64	4	325	422	87	194	5.95e-06	44.3
DBENGDNP_02622	MER0011175	25.000	120	67	2	324	426	80	193	8.30e-06	43.9
DBENGDNP_02622	MER0036308	38.298	47	29	0	325	371	82	128	9.19e-06	43.9
DBENGDNP_02627	MER0000310	29.655	290	160	10	152	437	10	259	1.01e-20	89.4
DBENGDNP_02627	MER0001521	29.333	300	168	12	153	448	11	270	2.11e-18	82.4
DBENGDNP_02627	MER0019280	27.961	304	180	11	157	448	22	298	2.50e-18	82.8
DBENGDNP_02627	MER0000313	29.333	300	168	12	153	448	11	270	3.86e-18	81.6
DBENGDNP_02627	MER0001699	29.021	286	160	11	156	438	14	259	6.95e-18	80.9
DBENGDNP_02627	MER0001755	29.000	300	169	12	153	448	11	270	9.41e-18	80.5
DBENGDNP_02627	MER0175622	25.526	333	190	14	134	450	2	292	1.35e-17	80.5
DBENGDNP_02627	MER0004123	26.421	299	167	11	165	434	38	312	3.55e-17	79.7
DBENGDNP_02627	MER0002500	26.829	328	183	13	129	414	42	354	7.05e-17	79.7
DBENGDNP_02627	MER0002267	30.698	215	119	8	217	427	68	256	9.56e-17	77.8
DBENGDNP_02627	MER0001523	28.000	300	172	10	153	448	11	270	1.81e-16	76.6
DBENGDNP_02627	MER0000312	28.000	300	172	10	153	448	11	270	1.81e-16	76.6
DBENGDNP_02627	MER0003536	30.034	293	150	12	161	433	26	283	5.52e-16	75.9
DBENGDNP_02627	MER0000309	27.393	303	171	12	152	448	10	269	2.14e-15	73.6
DBENGDNP_02627	MER0001906	27.365	296	169	9	153	446	11	262	3.60e-15	72.8
DBENGDNP_02627	MER0000315	27.365	296	169	9	153	446	11	262	3.96e-15	72.8
DBENGDNP_02627	MER0001520	27.365	296	169	9	153	446	11	262	4.95e-15	72.4
DBENGDNP_02627	MER0114485	25.753	299	174	10	163	413	29	327	1.69e-14	72.0
DBENGDNP_02627	MER0067924	27.181	298	165	13	159	431	6	276	2.03e-14	70.5
DBENGDNP_02627	MER0013656	27.645	293	166	10	159	449	16	264	3.65e-14	69.7
DBENGDNP_02627	MER0000351	27.885	312	168	13	134	414	1	286	5.67e-14	69.3
DBENGDNP_02627	MER0000311	26.510	298	179	10	153	448	11	270	1.12e-13	68.6
DBENGDNP_02627	MER0000316	26.846	298	172	9	151	446	8	261	1.54e-13	67.8
DBENGDNP_02627	MER0030016	25.879	313	180	12	134	431	2	277	4.17e-13	66.6
DBENGDNP_02627	MER0000319	29.085	306	171	13	147	447	10	274	7.94e-13	65.9
DBENGDNP_02627	MER0000332	28.253	269	150	9	166	432	23	250	9.05e-13	65.5
DBENGDNP_02627	MER0042897	29.831	295	162	9	159	447	17	272	2.08e-12	64.7
DBENGDNP_02627	MER0014446	27.668	253	135	11	220	448	197	425	2.09e-12	65.9
DBENGDNP_02627	MER0000349	24.545	330	197	9	154	443	61	378	2.22e-12	65.5
DBENGDNP_02627	MER0000321	28.571	287	160	11	156	428	94	349	4.16e-12	64.3
DBENGDNP_02627	MER0077555	29.054	296	167	9	160	452	18	273	5.35e-12	63.2
DBENGDNP_02627	MER0002565	28.745	247	137	9	202	442	91	304	7.51e-12	63.9
DBENGDNP_02627	MER0000353	25.321	312	177	12	124	406	43	327	1.52e-11	62.4
DBENGDNP_02627	MER0161312	28.477	302	143	14	203	449	76	359	1.93e-11	62.4
DBENGDNP_02627	MER0016688	24.746	295	169	13	159	427	24	291	3.83e-11	61.2
DBENGDNP_02627	MER0004988	24.444	270	154	11	153	411	19	249	1.18e-10	59.7
DBENGDNP_02627	MER0005790	27.041	196	117	5	220	410	94	268	2.02e-10	58.5
DBENGDNP_02627	MER0001928	26.829	287	164	13	162	446	20	262	9.14e-10	56.6
DBENGDNP_02627	MER0050309	25.112	223	135	9	218	431	45	244	2.79e-09	56.2
DBENGDNP_02627	MER0028258	27.129	317	160	13	155	413	21	324	1.22e-08	53.9
DBENGDNP_02627	MER0014744	27.562	283	149	13	165	424	50	299	2.99e-08	52.4
DBENGDNP_02627	MER0002575	29.435	248	137	10	202	441	51	268	3.66e-08	51.6
DBENGDNP_02627	MER0016978	24.910	277	166	11	197	448	52	311	5.34e-08	51.6
DBENGDNP_02627	MER0000347	26.087	322	177	15	149	438	45	337	1.75e-07	50.4
DBENGDNP_02627	MER0002562	27.517	149	84	3	314	446	205	345	2.36e-07	49.7
DBENGDNP_02627	MER0005821	25.850	294	175	12	136	418	8	269	4.41e-07	49.3
DBENGDNP_02627	MER0000333	26.449	276	150	10	164	432	21	250	9.23e-07	47.4
DBENGDNP_02627	MER0028365	24.834	302	168	10	137	415	40	305	1.09e-06	47.8
DBENGDNP_02627	MER0068994	22.427	379	191	14	157	461	26	375	1.37e-06	47.4
DBENGDNP_02627	MER0047718	25.000	344	140	14	155	414	3	312	1.43e-06	47.4
DBENGDNP_02627	MER0016983	25.954	262	134	10	220	447	71	306	1.49e-06	47.0
DBENGDNP_02627	MER0000320	26.667	225	126	9	198	411	45	241	4.16e-06	45.4
DBENGDNP_02627	MER0014465	29.412	102	59	3	336	435	344	434	9.57e-06	45.1
DBENGDNP_02663	MER0013450	42.570	249	141	2	1	248	1	248	5.82e-65	200
DBENGDNP_02663	MER0001243	33.333	252	166	2	1	251	3	253	3.49e-44	147
DBENGDNP_02663	MER0001342	33.597	253	162	4	1	251	3	251	5.16e-41	139
DBENGDNP_02663	MER0015128	34.711	242	156	2	9	250	11	250	2.81e-38	131
DBENGDNP_02663	MER0005690	36.652	221	133	4	31	249	33	248	2.94e-38	131
DBENGDNP_02663	MER0015127	34.167	240	151	4	12	249	14	248	4.41e-37	128
DBENGDNP_02663	MER0013589	31.020	245	166	3	3	247	1	242	2.64e-32	115
DBENGDNP_02663	MER0013929	29.435	248	172	2	1	248	3	247	3.51e-32	115
DBENGDNP_02663	MER0003880	34.807	181	103	6	27	204	21	189	1.10e-19	83.2
DBENGDNP_02663	MER0010972	23.237	241	165	3	11	251	13	233	6.70e-15	68.9
DBENGDNP_02663	MER0024896	27.737	137	91	2	122	252	337	471	1.85e-12	63.2
DBENGDNP_02663	MER0024896	33.981	103	64	2	15	114	14	115	4.98e-11	58.9
DBENGDNP_02663	MER0004931	25.000	236	162	7	4	237	7	229	1.10e-08	51.2
DBENGDNP_02663	MER0004532	24.540	163	116	3	76	237	72	228	4.09e-06	43.5
DBENGDNP_02691	MER0001299	37.991	458	261	7	80	520	54	505	7.14e-83	267
DBENGDNP_02691	MER0011114	32.944	428	227	8	88	511	2	373	5.47e-61	203
DBENGDNP_02691	MER0321345	43.169	183	96	3	326	503	1	180	1.19e-43	150
DBENGDNP_02691	MER0003812	43.169	183	96	3	326	503	1	180	4.12e-43	149
DBENGDNP_02691	MER0013957	31.868	182	118	2	326	504	1	179	6.04e-25	99.4
DBENGDNP_02691	MER0044046	33.149	181	114	3	326	503	1	177	4.25e-21	88.2
DBENGDNP_02691	MER0001300	28.736	174	107	5	338	503	9	173	6.42e-18	79.0
DBENGDNP_02691	MER0001303	25.000	196	140	5	326	518	1	192	1.36e-08	52.0
DBENGDNP_02770	MER0069741	48.696	115	57	2	182	296	51	163	1.19e-31	114
DBENGDNP_02770	MER0003380	46.729	107	56	1	190	296	127	232	5.29e-26	100
DBENGDNP_02770	MER0013541	48.837	86	43	1	201	286	1	85	1.13e-22	87.4
DBENGDNP_02770	MER0015415	37.647	85	53	0	203	287	66	150	1.86e-16	72.8
DBENGDNP_02770	MER0003906	40.000	90	53	1	201	289	1	90	5.62e-16	69.7
DBENGDNP_02770	MER0003423	38.318	107	65	1	180	285	11	117	2.99e-15	68.9
DBENGDNP_02770	MER0001419	39.252	107	64	1	180	285	11	117	7.54e-15	67.8
DBENGDNP_02770	MER0003376	36.458	96	55	1	201	290	45	140	2.78e-14	66.6
DBENGDNP_02770	MER0387040	39.583	96	56	2	201	295	1	95	8.19e-13	60.8
DBENGDNP_02770	MER0066182	35.833	120	73	3	177	295	70	186	1.64e-12	62.4
DBENGDNP_02843	MER0042581	37.531	397	208	9	35	404	52	435	2.36e-73	233
DBENGDNP_02854	MER0002968	32.258	217	142	3	242	455	1	215	2.34e-29	113
DBENGDNP_02854	MER0002746	30.952	210	141	3	268	474	22	230	9.34e-29	112
DBENGDNP_02854	MER0001012	32.558	215	135	4	242	450	1	211	7.34e-28	108
DBENGDNP_02854	MER0011440	32.474	194	127	2	265	455	18	210	2.36e-26	104
DBENGDNP_02854	MER0019759	30.952	210	140	2	268	474	22	229	5.14e-26	104
DBENGDNP_02854	MER0002060	29.864	221	150	2	242	459	1	219	7.46e-24	97.8
DBENGDNP_02854	MER0091680	30.392	204	134	4	268	467	13	212	7.60e-24	97.4
DBENGDNP_02854	MER0005331	31.980	197	119	3	267	455	21	210	8.87e-24	97.1
DBENGDNP_02854	MER0011438	32.292	192	121	4	255	442	11	197	1.98e-23	96.3
DBENGDNP_02854	MER0001701	33.333	195	127	1	264	455	6	200	2.67e-23	96.3
DBENGDNP_02854	MER0005045	31.658	199	115	5	268	455	10	198	6.51e-23	94.4
DBENGDNP_02854	MER0002003	31.373	204	123	5	266	459	25	221	8.55e-23	94.7
DBENGDNP_02854	MER0011183	27.442	215	144	4	267	474	13	222	1.33e-22	94.0
DBENGDNP_02854	MER0011369	30.769	195	117	4	267	451	35	221	1.48e-22	94.0
DBENGDNP_02854	MER0000997	34.737	190	107	4	264	442	21	204	1.74e-22	93.6
DBENGDNP_02854	MER0004243	33.333	198	105	4	261	442	17	203	2.05e-22	93.6
DBENGDNP_02854	MER0005046	33.163	196	116	5	268	455	10	198	4.48e-22	92.0
DBENGDNP_02854	MER0001010	29.902	204	139	2	268	468	1	203	8.11e-22	91.3
DBENGDNP_02854	MER0001185	31.633	196	118	5	264	452	24	210	3.37e-21	89.7
DBENGDNP_02854	MER0002078	28.696	230	160	3	248	474	2	230	3.93e-21	90.1
DBENGDNP_02854	MER0001005	35.404	161	99	3	291	447	10	169	4.30e-21	88.6
DBENGDNP_02854	MER0001003	35.260	173	106	3	279	447	7	177	1.50e-20	87.0
DBENGDNP_02854	MER0011371	28.169	213	135	4	248	450	2	206	1.73e-19	84.7
DBENGDNP_02854	MER0006264	29.545	176	117	3	276	447	2	174	5.37e-19	82.4
DBENGDNP_02854	MER0002422	30.457	197	129	4	262	455	15	206	5.92e-19	83.2
DBENGDNP_02854	MER0168983	31.034	174	101	5	279	451	3	158	6.73e-19	81.6
DBENGDNP_02854	MER0001009	30.723	166	106	3	325	486	20	180	4.85e-18	80.5
DBENGDNP_02854	MER0028449	29.592	196	124	5	270	455	30	221	6.10e-18	80.5
DBENGDNP_02854	MER0036308	29.439	214	128	6	244	449	7	205	6.88e-18	80.9
DBENGDNP_02854	MER0011423	28.788	198	124	5	248	434	2	193	9.78e-18	79.7
DBENGDNP_02854	MER0011370	27.807	187	125	3	267	447	20	202	1.61e-17	79.0
DBENGDNP_02854	MER0052595	27.273	220	154	5	242	455	1	220	3.81e-17	78.2
DBENGDNP_02854	MER0003500	28.713	202	115	6	275	461	16	203	2.68e-16	75.5
DBENGDNP_02854	MER0168177	33.858	127	75	2	324	450	41	158	4.29e-16	73.6
DBENGDNP_02854	MER0011399	27.189	217	143	7	248	457	2	210	1.06e-15	74.3
DBENGDNP_02854	MER0011720	27.876	226	137	8	242	460	1	207	4.29e-15	72.0
DBENGDNP_02854	MER0011400	31.016	187	115	5	277	455	31	211	4.30e-15	72.8
DBENGDNP_02854	MER0003916	26.633	199	117	6	265	450	7	189	4.70e-15	71.6
DBENGDNP_02854	MER0116688	27.228	202	125	4	276	465	30	221	5.81e-15	72.4
DBENGDNP_02854	MER0002355	25.352	213	147	4	242	451	1	204	6.31e-15	71.6
DBENGDNP_02854	MER0011345	25.991	227	147	6	242	459	7	221	1.35e-14	71.2
DBENGDNP_02854	MER0016308	30.682	176	98	5	279	442	7	170	1.96e-14	69.3
DBENGDNP_02854	MER0002210	28.402	169	90	5	291	442	2	156	1.05e-12	63.5
DBENGDNP_02854	MER0001017	26.339	224	143	9	243	456	8	219	1.36e-12	65.5
DBENGDNP_02854	MER0011175	26.230	183	129	4	264	442	17	197	4.03e-12	63.2
DBENGDNP_02854	MER0040779	26.341	205	126	7	248	445	1	187	6.11e-12	62.4
DBENGDNP_02854	MER0011401	28.481	158	97	3	296	442	42	194	7.85e-12	62.4
DBENGDNP_02854	MER0005328	27.230	213	117	9	248	442	2	194	9.17e-12	62.0
DBENGDNP_02854	MER0019754	25.871	201	129	7	267	455	3	195	1.06e-11	61.6
DBENGDNP_02854	MER0012283	27.723	202	135	5	255	453	20	213	1.13e-11	62.0
DBENGDNP_02854	MER0002755	27.397	219	123	10	248	449	2	201	1.93e-11	61.2
DBENGDNP_02854	MER0019096	29.487	156	88	7	326	477	61	198	5.76e-11	59.7
DBENGDNP_02854	MER0015166	27.128	188	117	5	277	449	43	225	8.67e-11	59.7
DBENGDNP_02854	MER0026830	34.259	108	66	2	253	358	12	116	1.57e-10	58.2
DBENGDNP_02854	MER0002281	28.384	229	132	10	242	455	7	218	8.28e-10	57.0
DBENGDNP_02854	MER0001001	23.256	172	122	4	276	442	30	196	1.06e-09	56.2
DBENGDNP_02854	MER0171631	27.919	197	133	4	264	455	17	209	6.82e-09	53.9
DBENGDNP_02854	MER0002658	29.496	139	91	3	328	461	1	137	9.08e-09	52.4
DBENGDNP_02854	MER0005037	25.824	182	105	6	276	442	18	184	1.44e-08	52.4
DBENGDNP_02854	MER0001525	25.325	154	105	4	296	439	57	210	2.41e-08	52.4
DBENGDNP_02854	MER0001013	26.943	193	129	7	261	449	27	211	3.39e-08	52.0
DBENGDNP_02856	MER0013471	36.111	108	56	3	47	141	37	144	1.36e-10	58.9
DBENGDNP_02856	MER0015121	32.143	112	70	1	36	141	26	137	2.20e-09	55.1
DBENGDNP_02856	MER0004959	23.590	195	122	4	24	191	10	204	2.32e-08	52.0
DBENGDNP_02856	MER0003495	29.167	120	67	3	37	138	25	144	1.67e-07	49.3
DBENGDNP_02856	MER0001205	27.820	133	76	4	29	141	15	147	5.25e-07	47.4
DBENGDNP_02856	MER0001198	26.667	120	68	3	43	142	33	152	3.69e-06	45.1
DBENGDNP_02856	MER0107602	29.730	111	65	3	43	141	28	137	5.20e-06	44.7
DBENGDNP_02856	MER0002356	25.781	128	79	3	27	138	17	144	6.94e-06	43.9
DBENGDNP_02949	MER0014333	40.249	241	143	1	46	285	2	242	6.55e-57	193
DBENGDNP_02949	MER0001233	37.083	240	148	2	46	284	2	239	2.06e-49	172
DBENGDNP_02949	MER0002008	30.303	198	125	3	46	240	2	189	1.06e-22	95.1
DBENGDNP_02949	MER0001229	29.224	219	141	4	46	261	2	209	2.94e-20	87.4
DBENGDNP_02949	MER0003543	28.774	212	142	3	45	256	1	203	3.39e-20	87.4
DBENGDNP_02949	MER0043985	29.224	219	141	4	46	261	2	209	4.60e-20	87.4
DBENGDNP_02949	MER0015090	29.327	208	138	3	45	252	1	199	7.62e-20	86.3
DBENGDNP_02949	MER0026957	30.058	173	114	2	72	244	22	187	8.91e-19	83.2
DBENGDNP_02949	MER0003448	27.835	194	132	3	46	239	2	187	1.40e-17	79.7
DBENGDNP_02949	MER0195774	29.947	187	118	6	46	229	1	177	2.02e-15	72.4
DBENGDNP_02949	MER0390687	26.316	171	119	2	56	226	3	166	2.38e-14	68.9
DBENGDNP_02949	MER0035181	24.138	232	126	6	62	253	8	229	6.25e-14	69.3
DBENGDNP_02949	MER0004423	26.087	184	124	3	83	266	33	204	2.94e-10	58.2
DBENGDNP_02949	MER0169735	30.055	183	111	6	58	231	26	200	2.41e-09	55.1
DBENGDNP_02949	MER0001220	29.302	215	127	9	68	269	5	207	2.56e-08	52.4
DBENGDNP_02949	MER0002283	26.943	193	127	6	46	231	26	211	2.68e-08	52.4
DBENGDNP_02949	MER0021876	24.873	197	128	7	46	236	1	183	1.39e-07	49.7
DBENGDNP_02949	MER0003909	27.404	208	108	9	83	264	6	196	1.74e-07	51.6
DBENGDNP_02949	MER0002423	27.184	206	131	8	36	231	15	211	2.13e-07	49.7
DBENGDNP_02949	MER0011292	25.862	174	108	4	68	231	69	231	3.50e-07	49.3
DBENGDNP_02949	MER0001222	25.131	191	130	6	46	231	26	208	5.15e-07	48.5
DBENGDNP_02949	MER0188967	28.000	200	115	10	83	261	3	194	6.10e-07	49.7
DBENGDNP_02949	MER0001413	27.692	130	84	4	42	170	26	146	2.08e-06	45.4
DBENGDNP_02949	MER0092828	24.516	155	100	6	46	196	2	143	2.20e-06	45.4
DBENGDNP_02949	MER0002345	24.752	202	136	5	38	231	18	211	4.00e-06	45.8
DBENGDNP_02971	MER0013876	49.702	336	166	2	28	363	1	333	1.38e-108	328
DBENGDNP_02971	MER0003855	31.975	319	185	10	28	325	1	308	3.93e-40	148
DBENGDNP_02971	MER0003242	34.078	179	106	4	155	332	60	227	1.15e-24	101
DBENGDNP_02971	MER0004416	30.579	242	155	5	30	260	3	242	1.04e-23	98.6
DBENGDNP_03041	MER0026471	30.786	471	302	8	8	459	12	477	9.28e-68	221
DBENGDNP_03041	MER0026494	30.126	478	308	9	1	460	4	473	7.82e-65	213
DBENGDNP_03041	MER0015142	29.854	479	312	8	1	461	33	505	5.08e-64	212
DBENGDNP_03041	MER0057434	34.951	206	112	9	7	198	2	199	1.04e-22	95.1
DBENGDNP_03041	MER0057434	34.848	66	43	0	381	446	223	288	4.77e-06	45.1
DBENGDNP_03041	MER0003397	30.000	210	129	5	1	198	5	208	4.92e-21	90.5
DBENGDNP_03041	MER0003397	25.287	87	65	0	364	450	215	301	3.54e-06	45.4
DBENGDNP_03041	MER0052470	24.706	425	284	14	30	436	33	439	8.89e-20	88.6
DBENGDNP_03041	MER0026485	31.373	204	120	7	8	198	11	207	9.23e-20	86.7
DBENGDNP_03041	MER0026485	29.670	91	64	0	363	453	213	303	3.81e-08	51.6
DBENGDNP_03041	MER0001272	29.252	147	79	4	21	162	11	137	2.08e-09	55.1
DBENGDNP_03041	MER0238460	28.313	166	96	8	75	236	89	235	4.93e-06	45.4
DBENGDNP_03041	MER0369972	29.907	107	64	4	74	177	57	155	5.57e-06	45.4
DBENGDNP_03046	MER0000589	24.068	295	161	9	79	371	1	234	3.55e-14	68.6
DBENGDNP_03046	MER0013626	44.000	50	28	0	315	364	95	144	1.88e-10	55.8
DBENGDNP_03046	MER0013626	24.699	166	84	4	79	235	1	134	1.05e-08	50.8
DBENGDNP_03046	MER0028421	44.681	47	26	0	323	369	110	156	9.19e-07	45.4
DBENGDNP_03099	MER0013541	33.708	89	53	3	193	281	3	85	2.09e-08	48.1
DBENGDNP_03099	MER0387040	36.842	57	35	1	226	282	32	87	1.32e-06	43.5
DBENGDNP_03099	MER0015415	34.444	90	54	3	193	282	66	150	1.67e-06	44.3
DBENGDNP_03099	MER0066182	36.842	57	35	1	226	282	123	178	3.28e-06	43.9
DBENGDNP_03099	MER0003906	37.288	59	34	2	223	280	30	86	4.19e-06	42.0
DBENGDNP_03113	MER0028934	36.782	87	31	3	67	144	1	72	1.08e-11	55.1
