DACKFEHF_00014	MER0003380	40.698	86	51	0	1	86	152	237	8.52e-20	79.0
DACKFEHF_00014	MER0069741	36.471	85	53	1	2	86	85	168	3.82e-13	60.1
DACKFEHF_00014	MER0013541	41.429	70	41	0	2	71	16	85	5.96e-13	57.4
DACKFEHF_00014	MER0001419	39.437	71	41	2	2	70	47	117	5.18e-11	53.9
DACKFEHF_00014	MER0387040	37.879	66	40	1	18	82	32	97	2.80e-10	50.8
DACKFEHF_00014	MER0066182	39.062	64	38	1	18	80	123	186	9.98e-10	51.2
DACKFEHF_00014	MER0003376	36.620	71	37	2	18	80	83	153	1.02e-09	50.8
DACKFEHF_00014	MER0003423	30.682	88	59	1	4	89	49	136	3.03e-09	48.9
DACKFEHF_00014	MER0003906	40.741	81	42	3	6	80	20	100	1.01e-08	47.0
DACKFEHF_00014	MER0015415	37.037	54	34	0	18	71	96	149	3.00e-07	43.9
DACKFEHF_00061	MER0036053	31.126	151	83	5	15	161	3	136	1.99e-13	65.1
DACKFEHF_00061	MER0017142	33.333	111	68	3	10	119	3	108	1.07e-11	60.1
DACKFEHF_00061	MER0044581	31.818	110	68	2	13	115	64	173	1.14e-11	60.8
DACKFEHF_00061	MER0017123	25.352	284	173	12	5	255	15	292	1.73e-11	60.1
DACKFEHF_00061	MER0036115	31.373	102	68	1	18	117	33	134	2.38e-11	59.7
DACKFEHF_00061	MER0031619	31.897	116	76	2	17	129	25	140	4.77e-11	58.5
DACKFEHF_00061	MER0044578	32.353	102	62	2	21	115	74	175	1.14e-10	57.8
DACKFEHF_00061	MER0031611	29.530	149	96	4	5	146	24	170	1.17e-10	57.4
DACKFEHF_00061	MER0017177	27.350	117	82	2	12	125	26	142	2.09e-10	57.0
DACKFEHF_00061	MER0004146	28.000	125	84	3	6	124	4	128	2.84e-09	53.1
DACKFEHF_00061	MER0035044	25.758	132	91	3	21	146	34	164	3.09e-09	53.1
DACKFEHF_00061	MER0026339	35.644	101	57	3	8	100	10	110	4.27e-09	52.8
DACKFEHF_00061	MER0035043	31.250	128	71	6	16	129	29	153	7.65e-09	52.0
DACKFEHF_00061	MER0011785	27.907	129	84	3	3	123	19	146	1.01e-08	52.0
DACKFEHF_00061	MER0036072	23.684	152	107	2	14	156	74	225	1.32e-08	51.6
DACKFEHF_00061	MER0035038	27.473	91	64	1	21	109	31	121	1.34e-08	51.2
DACKFEHF_00061	MER0036065	26.573	143	92	2	21	150	3	145	2.40e-08	50.4
DACKFEHF_00061	MER0037236	25.581	129	83	3	5	124	4	128	2.47e-08	50.4
DACKFEHF_00061	MER0014065	26.667	105	74	2	14	116	29	132	2.93e-08	50.4
DACKFEHF_00061	MER0037853	32.773	119	71	5	6	116	12	129	3.05e-08	50.4
DACKFEHF_00061	MER0036054	33.019	106	63	3	19	119	15	117	4.39e-08	49.7
DACKFEHF_00061	MER0031616	27.723	101	69	1	21	117	40	140	4.59e-08	49.7
DACKFEHF_00061	MER0036075	25.373	134	92	5	12	141	62	191	5.97e-08	49.7
DACKFEHF_00061	MER0011509	24.390	164	111	4	21	174	39	199	8.36e-08	48.9
DACKFEHF_00061	MER0044350	25.000	96	67	2	21	112	2	96	1.00e-07	48.5
DACKFEHF_00061	MER0035035	26.882	93	66	1	19	109	34	126	1.85e-07	48.1
DACKFEHF_00061	MER0031617	23.478	115	86	1	9	121	23	137	2.70e-07	47.4
DACKFEHF_00061	MER0036069	32.632	95	59	3	9	99	70	163	2.82e-07	47.4
DACKFEHF_00061	MER0017193	30.233	86	59	1	10	94	15	100	3.02e-07	47.4
DACKFEHF_00061	MER0044633	28.713	101	66	4	21	115	74	174	5.88e-07	46.6
DACKFEHF_00061	MER0213829	27.027	111	73	3	21	123	50	160	8.98e-07	45.8
DACKFEHF_00061	MER0035032	24.000	100	74	1	19	116	30	129	9.08e-07	45.8
DACKFEHF_00061	MER0031610	25.828	151	79	6	21	146	55	197	1.35e-06	45.4
DACKFEHF_00061	MER0031653	23.026	152	78	4	22	134	74	225	3.93e-06	44.3
DACKFEHF_00093	MER0005767	22.601	323	180	10	57	357	29	303	2.33e-12	64.3
DACKFEHF_00095	MER0004090	35.385	195	109	7	5	185	182	373	1.34e-25	99.4
DACKFEHF_00095	MER0035017	29.891	184	120	5	18	196	217	396	7.75e-22	89.0
DACKFEHF_00095	MER0003800	34.239	184	107	5	5	176	189	370	5.09e-21	86.7
DACKFEHF_00192	MER0065588	42.051	195	110	3	2	194	3	196	1.33e-49	156
DACKFEHF_00192	MER0044889	29.710	138	71	7	62	192	81	199	1.58e-07	47.0
DACKFEHF_00192	MER0043387	28.986	138	73	6	61	192	47	165	1.59e-07	46.2
DACKFEHF_00192	MER0045886	29.927	137	74	8	60	191	73	192	2.45e-06	43.5
DACKFEHF_00228	MER0000332	46.875	64	32	1	1	62	177	240	4.67e-13	58.9
DACKFEHF_00228	MER0062058	56.000	50	21	1	2	50	185	234	1.92e-12	57.4
DACKFEHF_00228	MER0000333	52.542	59	26	1	2	58	178	236	4.90e-12	56.2
DACKFEHF_00228	MER0000320	51.064	47	23	0	6	52	192	238	1.13e-11	55.1
DACKFEHF_00228	MER0001521	50.000	50	25	0	1	50	180	229	1.19e-11	55.1
DACKFEHF_00228	MER0001523	50.000	50	25	0	1	50	180	229	1.25e-11	55.1
DACKFEHF_00228	MER0000312	50.000	50	25	0	1	50	180	229	1.25e-11	55.1
DACKFEHF_00228	MER0000313	50.000	50	25	0	1	50	180	229	1.27e-11	55.1
DACKFEHF_00228	MER0001755	50.000	50	25	0	1	50	180	229	1.43e-11	54.7
DACKFEHF_00228	MER0000311	42.623	61	34	1	1	60	180	240	4.38e-11	53.5
DACKFEHF_00228	MER0005078	57.447	47	20	0	5	51	198	244	4.84e-11	53.5
DACKFEHF_00228	MER0000357	54.000	50	21	1	5	52	200	249	5.33e-11	53.1
DACKFEHF_00228	MER0000326	55.102	49	22	0	3	51	183	231	1.15e-10	52.4
DACKFEHF_00228	MER0000356	54.000	50	21	1	5	52	212	261	1.85e-10	52.0
DACKFEHF_00228	MER0013656	51.020	49	24	0	10	58	182	230	3.22e-10	50.8
DACKFEHF_00228	MER0028365	52.830	53	24	1	6	57	251	303	3.26e-10	51.2
DACKFEHF_00228	MER0001725	50.909	55	27	0	10	64	225	279	4.14e-10	50.8
DACKFEHF_00228	MER0000316	51.064	47	23	0	5	51	177	223	5.91e-10	50.4
DACKFEHF_00228	MER0000336	46.000	50	27	0	2	51	196	245	6.60e-10	50.1
DACKFEHF_00228	MER0005821	51.064	47	22	1	6	51	212	258	7.89e-10	50.1
DACKFEHF_00228	MER0001928	48.936	47	24	0	5	51	178	224	1.41e-09	49.3
DACKFEHF_00228	MER0077555	52.941	51	23	1	10	59	188	238	1.90e-09	48.9
DACKFEHF_00228	MER0006074	40.506	79	41	3	4	76	202	280	2.19e-09	48.9
DACKFEHF_00228	MER0001520	48.936	47	24	0	5	51	178	224	2.88e-09	48.5
DACKFEHF_00228	MER0006037	51.064	47	23	0	5	51	198	244	3.46e-09	48.1
DACKFEHF_00228	MER0000338	57.447	47	20	0	5	51	190	236	8.90e-09	47.0
DACKFEHF_00228	MER0000319	37.705	61	38	0	2	62	183	243	9.34e-09	47.0
DACKFEHF_00228	MER0004720	46.939	49	26	0	3	51	189	237	1.02e-08	47.0
DACKFEHF_00228	MER0000362	38.667	75	39	1	10	77	232	306	1.12e-08	46.6
DACKFEHF_00228	MER0000315	47.826	46	24	0	5	50	178	223	1.13e-08	46.6
DACKFEHF_00228	MER0001906	47.826	46	24	0	5	50	178	223	1.21e-08	46.6
DACKFEHF_00228	MER0000359	51.020	49	22	1	5	51	206	254	2.74e-08	45.8
DACKFEHF_00228	MER0068994	50.000	50	19	3	7	50	289	338	5.57e-08	44.7
DACKFEHF_00228	MER0013641	59.459	37	15	0	22	58	249	285	6.04e-08	44.7
DACKFEHF_00228	MER0000335	45.763	59	30	1	5	61	187	245	6.76e-08	44.7
DACKFEHF_00228	MER0054318	47.917	48	25	0	7	54	196	243	1.05e-07	43.9
DACKFEHF_00228	MER0000309	37.705	61	37	1	1	60	179	239	1.12e-07	43.9
DACKFEHF_00228	MER0000361	40.625	64	31	1	8	64	236	299	2.41e-07	43.1
DACKFEHF_00228	MER0002057	42.254	71	24	3	8	61	260	330	3.05e-07	42.7
DACKFEHF_00228	MER0042897	42.553	47	27	0	1	47	183	229	3.08e-07	42.7
DACKFEHF_00228	MER0161312	42.373	59	28	1	6	58	251	309	4.20e-07	42.4
DACKFEHF_00228	MER0002267	45.098	51	28	0	1	51	186	236	4.44e-07	42.4
DACKFEHF_00228	MER0002565	35.165	91	44	3	3	78	220	310	4.83e-07	42.4
DACKFEHF_00228	MER0001699	44.231	52	28	1	10	60	187	238	5.98e-07	42.0
DACKFEHF_00228	MER0000310	46.939	49	25	1	2	50	181	228	6.87e-07	41.6
DACKFEHF_00228	MER0000349	40.385	52	25	1	7	52	285	336	7.82e-07	41.6
DACKFEHF_00228	MER0005931	43.750	48	26	1	14	60	161	208	8.72e-07	41.2
DACKFEHF_00228	MER0003117	46.939	49	24	1	5	51	193	241	1.26e-06	40.8
DACKFEHF_00228	MER0014446	41.071	56	27	1	5	54	317	372	1.60e-06	40.8
DACKFEHF_00228	MER0001709	40.323	62	30	1	10	64	232	293	1.71e-06	40.4
DACKFEHF_00228	MER0002790	56.757	37	16	0	15	51	152	188	2.33e-06	40.0
DACKFEHF_00228	MER0004690	45.455	44	22	1	8	51	245	286	3.07e-06	40.0
DACKFEHF_00228	MER0000344	41.509	53	29	1	1	51	201	253	5.37e-06	39.3
DACKFEHF_00228	MER0016983	36.842	57	34	1	1	57	203	257	5.61e-06	39.3
DACKFEHF_00228	MER0004085	51.351	37	18	0	15	51	248	284	6.55e-06	38.9
DACKFEHF_00228	MER0006023	37.705	61	31	1	1	54	227	287	7.01e-06	38.9
DACKFEHF_00228	MER0081072	42.553	47	27	0	6	52	179	225	8.85e-06	38.5
DACKFEHF_00228	MER0002764	39.623	53	30	1	1	51	199	251	9.96e-06	38.5
DACKFEHF_00271	MER0001423	66.379	232	78	0	487	718	1	232	7.82e-115	342
DACKFEHF_00271	MER0000399	44.828	261	136	5	464	720	1	257	3.78e-68	221
DACKFEHF_00271	MER0000401	42.912	261	142	4	464	720	2	259	3.00e-65	214
DACKFEHF_00271	MER0000405	39.927	273	151	7	453	719	1	266	1.15e-62	207
DACKFEHF_00271	MER0058228	39.669	242	143	3	483	722	2	242	8.75e-57	190
DACKFEHF_00271	MER0011413	40.084	237	136	3	488	719	4	239	2.78e-56	189
DACKFEHF_00271	MER0004504	42.105	228	122	5	491	709	2	228	5.36e-54	182
DACKFEHF_00271	MER0005196	38.696	230	140	1	488	717	22	250	1.13e-53	182
DACKFEHF_00271	MER0011305	43.882	237	124	6	491	722	23	255	2.04e-53	182
DACKFEHF_00271	MER0005987	36.214	243	145	6	483	720	23	260	4.70e-50	173
DACKFEHF_00271	MER0000404	36.466	266	156	7	464	720	1	262	1.95e-49	171
DACKFEHF_00271	MER0011231	39.453	256	143	9	469	717	6	256	8.69e-49	169
DACKFEHF_00271	MER0013484	38.528	231	134	3	488	710	4	234	1.35e-48	168
DACKFEHF_00271	MER0004923	37.179	234	143	2	490	719	57	290	4.69e-47	165
DACKFEHF_00271	MER0004921	35.865	237	139	6	488	717	4	234	6.52e-47	163
DACKFEHF_00271	MER0004193	36.134	238	145	5	488	722	3	236	4.18e-43	152
DACKFEHF_00271	MER0005994	33.969	262	165	5	464	719	2	261	5.57e-41	147
DACKFEHF_00271	MER0000403	31.076	251	164	5	473	717	10	257	1.31e-39	144
DACKFEHF_00271	MER0192427	35.814	215	129	4	491	701	69	278	7.93e-39	142
DACKFEHF_00271	MER0004199	33.898	236	130	7	495	719	1	221	4.78e-36	132
DACKFEHF_00271	MER0195666	35.545	211	124	5	488	690	1	207	1.67e-35	131
DACKFEHF_00271	MER0003361	30.043	233	146	6	474	699	5	227	6.26e-28	110
DACKFEHF_00271	MER0005988	35.135	111	69	3	593	701	2	111	1.34e-17	76.3
DACKFEHF_00271	MER0003558	25.105	239	161	5	480	706	14	246	1.12e-16	77.4
DACKFEHF_00271	MER0034615	25.106	235	157	3	480	701	2	230	2.86e-14	70.1
DACKFEHF_00271	MER0018170	23.605	233	156	5	485	700	5	232	1.07e-13	68.6
DACKFEHF_00271	MER0017401	27.876	226	147	7	483	700	2	219	1.58e-12	64.7
DACKFEHF_00271	MER0140224	26.887	212	136	5	502	700	13	218	1.34e-11	62.0
DACKFEHF_00271	MER0016096	22.672	247	174	7	484	717	2	244	9.73e-11	59.7
DACKFEHF_00271	MER0005807	24.176	273	188	8	433	701	2	259	3.88e-10	58.2
DACKFEHF_00271	MER0000408	22.553	235	162	6	481	701	5	233	8.22e-10	57.0
DACKFEHF_00271	MER0000263	22.979	235	155	6	483	701	1	225	1.73e-09	55.8
DACKFEHF_00271	MER0011583	24.299	214	142	5	498	699	19	224	1.85e-08	52.8
DACKFEHF_00271	MER0015682	25.194	258	172	9	473	719	59	306	3.26e-08	52.8
DACKFEHF_00271	MER0004925	25.498	251	155	9	480	710	12	250	1.71e-06	47.0
DACKFEHF_00271	MER0030932	25.595	168	107	4	566	721	84	245	3.47e-06	45.8
DACKFEHF_00337	MER0001161	38.088	680	407	5	2	671	3	678	3.79e-168	494
DACKFEHF_00337	MER0006087	35.260	692	425	11	2	673	12	700	3.30e-143	431
DACKFEHF_00337	MER0001158	34.706	680	431	8	1	671	2	677	2.17e-133	405
DACKFEHF_00337	MER0015119	33.983	718	421	17	2	673	8	718	8.72e-132	402
DACKFEHF_00337	MER0001149	32.496	637	399	14	47	671	59	676	8.92e-98	312
DACKFEHF_00337	MER0108144	31.101	672	417	14	21	671	16	662	1.13e-97	311
DACKFEHF_00337	MER0001942	31.908	608	381	13	77	671	89	676	3.02e-92	297
DACKFEHF_00337	MER0003110	30.922	705	411	18	26	671	28	715	8.67e-91	295
DACKFEHF_00337	MER0001153	31.722	662	403	16	40	671	50	692	7.17e-88	286
DACKFEHF_00337	MER0079465	30.282	568	347	17	129	671	91	634	4.01e-69	234
DACKFEHF_00337	MER0015170	27.007	548	370	9	121	666	106	625	2.11e-63	219
DACKFEHF_00337	MER0001156	26.331	676	406	26	32	648	42	684	1.40e-44	167
DACKFEHF_00337	MER0021317	34.848	66	43	0	434	499	22	87	2.88e-09	51.6
DACKFEHF_00343	MER0003850	49.714	175	86	2	107	280	3	176	1.32e-52	172
DACKFEHF_00343	MER0013623	52.903	155	71	2	107	261	1	153	3.27e-50	165
DACKFEHF_00343	MER0000268	51.613	155	74	1	107	261	1	154	5.51e-48	159
DACKFEHF_00343	MER0004111	49.032	155	79	0	107	261	1	155	1.08e-47	158
DACKFEHF_00343	MER0000266	51.282	156	75	1	107	261	1	156	7.53e-47	156
DACKFEHF_00343	MER0001372	50.943	159	71	3	107	261	1	156	5.56e-44	149
DACKFEHF_00343	MER0005468	48.428	159	77	3	107	261	1	158	6.45e-43	145
DACKFEHF_00343	MER0004149	48.466	163	76	3	107	261	1	163	2.34e-41	142
DACKFEHF_00343	MER0004673	35.955	267	145	6	107	350	2	265	2.73e-39	140
DACKFEHF_00343	MER0001373	47.468	158	80	1	107	261	1	158	7.97e-39	135
DACKFEHF_00343	MER0003290	45.283	159	80	3	107	261	1	156	1.17e-36	129
DACKFEHF_00343	MER0001945	41.509	159	89	2	107	261	1	159	6.14e-35	124
DACKFEHF_00343	MER0003293	46.000	150	78	3	107	255	1	148	8.88e-34	121
DACKFEHF_00343	MER0022668	43.860	171	80	6	107	261	1	171	2.09e-32	118
DACKFEHF_00343	MER0028330	42.405	158	83	2	107	261	1	153	4.99e-32	116
DACKFEHF_00343	MER0002577	41.772	158	84	2	107	261	1	153	4.13e-31	114
DACKFEHF_00343	MER0010944	40.698	172	84	5	107	261	1	171	4.59e-31	114
DACKFEHF_00343	MER0016031	43.114	167	82	5	107	261	1	166	1.24e-30	113
DACKFEHF_00343	MER0016351	39.241	158	88	2	107	261	1	153	5.69e-30	111
DACKFEHF_00343	MER0014795	40.244	164	84	3	107	261	1	159	7.13e-29	108
DACKFEHF_00343	MER0004086	39.735	151	84	3	117	261	13	162	8.49e-29	108
DACKFEHF_00343	MER0004093	39.873	158	87	2	107	261	1	153	1.54e-27	104
DACKFEHF_00343	MER0011375	36.250	160	91	4	107	261	1	154	1.72e-23	93.2
DACKFEHF_00343	MER0005093	36.025	161	87	5	107	252	1	160	9.21e-23	91.7
DACKFEHF_00343	MER0006096	38.060	134	77	2	131	261	1	131	3.44e-22	89.0
DACKFEHF_00343	MER0015583	37.584	149	82	3	107	244	1	149	6.73e-20	83.2
DACKFEHF_00343	MER0063616	39.726	146	74	5	110	245	5	146	4.17e-18	78.2
DACKFEHF_00343	MER0005094	32.168	143	86	6	107	242	1	139	2.02e-11	58.9
DACKFEHF_00343	MER0014318	35.338	133	77	6	107	233	1	130	1.75e-09	53.5
DACKFEHF_00343	MER0005089	32.061	131	84	5	107	233	1	130	2.45e-08	50.1
DACKFEHF_00343	MER0014317	31.008	129	85	4	118	242	10	138	2.64e-08	50.1
DACKFEHF_00343	MER0024901	34.722	144	80	9	107	242	1	138	8.55e-08	48.1
DACKFEHF_00343	MER0005090	32.593	135	78	6	107	233	1	130	5.47e-07	46.2
DACKFEHF_00343	MER0014314	33.846	130	77	6	107	230	1	127	2.30e-06	44.3
DACKFEHF_00380	MER0107328	36.364	209	114	6	161	358	1	201	7.64e-35	129
DACKFEHF_00380	MER0001723	36.111	216	110	8	157	360	11	210	1.47e-31	120
DACKFEHF_00380	MER0010975	36.082	194	98	7	178	361	33	210	3.11e-29	114
DACKFEHF_00380	MER0001346	30.453	243	125	9	149	363	1	227	7.55e-24	99.0
DACKFEHF_00381	MER0056037	40.476	84	40	4	10	91	55	130	1.27e-06	40.8
DACKFEHF_00384	MER0001243	41.600	250	144	2	2	249	3	252	1.41e-65	202
DACKFEHF_00384	MER0005690	37.917	240	148	1	7	246	8	246	1.97e-52	168
DACKFEHF_00384	MER0001342	36.327	245	156	0	2	246	3	247	2.21e-50	163
DACKFEHF_00384	MER0015127	37.657	239	148	1	8	246	9	246	3.63e-47	155
DACKFEHF_00384	MER0013450	33.607	244	160	2	5	246	4	247	2.41e-46	152
DACKFEHF_00384	MER0013929	33.469	245	162	1	2	246	3	246	1.81e-43	145
DACKFEHF_00384	MER0015128	34.177	237	150	3	13	246	14	247	1.03e-42	143
DACKFEHF_00384	MER0013589	33.884	242	159	1	5	246	2	242	4.80e-42	141
DACKFEHF_00384	MER0003880	31.522	184	111	4	32	211	25	197	2.71e-17	77.0
DACKFEHF_00384	MER0010972	23.265	245	170	2	2	246	3	229	5.17e-16	72.4
DACKFEHF_00384	MER0004931	27.228	202	131	6	5	202	6	195	1.01e-15	71.2
DACKFEHF_00384	MER0011746	27.103	214	137	7	13	213	14	221	1.48e-13	66.2
DACKFEHF_00384	MER0024896	25.893	112	83	0	5	116	6	117	3.38e-11	60.1
DACKFEHF_00384	MER0024896	27.941	136	88	3	120	246	332	466	3.57e-10	57.0
DACKFEHF_00384	MER0005462	24.855	173	124	3	9	180	10	177	1.43e-10	56.6
DACKFEHF_00384	MER0004532	26.404	178	118	3	5	178	6	174	7.17e-10	54.7
DACKFEHF_00384	MER0001244	25.000	216	137	7	5	202	6	214	8.20e-10	55.1
DACKFEHF_00384	MER0002038	24.113	141	102	2	63	202	60	196	3.74e-08	49.7
DACKFEHF_00384	MER0013463	23.394	218	135	7	5	202	6	211	2.62e-07	47.4
DACKFEHF_00413	MER0011806	24.382	283	151	11	38	319	17	237	4.98e-12	63.2
DACKFEHF_00413	MER0011781	24.399	291	142	13	38	320	17	237	7.79e-11	59.7
DACKFEHF_00413	MER0004101	23.675	283	153	10	38	319	17	237	1.44e-10	58.9
DACKFEHF_00413	MER0003314	31.395	86	57	1	113	198	72	155	1.93e-07	49.7
DACKFEHF_00417	MER0001299	44.000	225	125	1	45	268	281	505	2.83e-52	178
DACKFEHF_00417	MER0001299	27.979	193	116	7	69	244	54	240	1.98e-06	46.2
DACKFEHF_00417	MER0011114	43.085	188	105	1	73	258	185	372	3.88e-46	157
DACKFEHF_00417	MER0003812	46.111	180	94	2	75	251	1	180	2.32e-43	145
DACKFEHF_00417	MER0321345	45.556	180	95	2	75	251	1	180	3.94e-42	141
DACKFEHF_00417	MER0013957	32.597	181	115	3	75	251	1	178	3.90e-24	94.4
DACKFEHF_00417	MER0001300	34.132	167	106	3	87	251	9	173	4.60e-22	89.0
DACKFEHF_00417	MER0044046	31.667	180	121	2	75	253	1	179	1.61e-19	81.6
DACKFEHF_00417	MER0001303	26.286	175	119	4	75	244	1	170	1.77e-09	53.5
DACKFEHF_00428	MER0034582	27.559	254	161	6	16	257	78	320	9.62e-31	119
DACKFEHF_00454	MER0048181	27.972	143	92	3	68	200	1	142	8.97e-06	41.6
DACKFEHF_00455	MER0015472	25.556	180	88	5	2	181	52	185	1.25e-09	52.4
DACKFEHF_00455	MER0030047	27.624	181	79	6	2	181	5	134	2.15e-09	50.8
DACKFEHF_00455	MER0015473	26.882	186	87	6	2	181	44	186	7.71e-09	50.4
DACKFEHF_00455	MER0015458	26.562	192	81	6	1	179	58	202	5.41e-07	45.4
DACKFEHF_00469	MER0168983	25.153	163	100	7	284	440	1	147	3.45e-11	58.9
DACKFEHF_00469	MER0001013	23.611	216	139	5	259	459	17	221	6.95e-10	56.6
DACKFEHF_00469	MER0005331	24.762	210	136	6	256	449	2	205	1.01e-08	52.8
DACKFEHF_00469	MER0001017	24.766	214	133	6	263	459	20	222	1.34e-08	52.8
DACKFEHF_00469	MER0002755	24.031	129	84	2	336	450	74	202	6.58e-08	50.1
DACKFEHF_00469	MER0019754	26.316	133	84	3	336	455	64	195	9.34e-08	49.7
DACKFEHF_00469	MER0002060	24.607	191	124	7	256	431	7	192	1.33e-07	49.3
DACKFEHF_00469	MER0012283	29.752	121	68	4	262	378	19	126	2.82e-07	48.5
DACKFEHF_00469	MER0036308	26.515	132	83	4	262	390	17	137	3.25e-07	48.5
DACKFEHF_00469	MER0006264	23.256	129	88	2	336	453	53	181	5.53e-07	47.0
DACKFEHF_00469	MER0001009	24.375	160	103	4	336	481	20	175	6.55e-07	47.4
DACKFEHF_00469	MER0002658	24.286	140	86	3	339	461	1	137	1.01e-06	45.8
DACKFEHF_00469	MER0011440	24.272	206	136	7	273	463	18	218	1.61e-06	46.2
DACKFEHF_00469	MER0012271	20.000	150	100	3	337	466	86	235	1.92e-06	46.2
DACKFEHF_00469	MER0001701	31.373	102	56	3	288	377	12	111	2.37e-06	45.8
DACKFEHF_00469	MER0168177	29.670	91	49	4	284	372	1	78	4.61e-06	43.9
DACKFEHF_00469	MER0002003	26.020	196	125	8	274	453	25	216	5.42e-06	44.7
DACKFEHF_00469	MER0011345	21.739	138	94	2	336	459	84	221	5.53e-06	44.7
DACKFEHF_00469	MER0011438	22.727	176	115	6	272	431	17	187	7.37e-06	43.9
DACKFEHF_00470	MER0004775	38.336	673	396	6	23	692	2	658	1.97e-162	479
DACKFEHF_00470	MER0011141	31.025	693	420	16	36	692	19	689	2.23e-105	333
DACKFEHF_00470	MER0001056	29.794	678	436	12	36	692	19	677	6.43e-104	328
DACKFEHF_00470	MER0019832	32.165	656	418	9	40	692	17	648	2.34e-99	316
DACKFEHF_00470	MER0001058	32.165	656	401	14	47	692	5	626	1.78e-97	310
DACKFEHF_00470	MER0013406	29.387	701	428	18	36	692	19	696	2.38e-95	306
DACKFEHF_00470	MER0001050	29.876	723	427	19	21	692	6	699	5.31e-95	306
DACKFEHF_00470	MER0002350	31.286	700	414	19	37	692	20	696	6.71e-95	305
DACKFEHF_00470	MER0001991	29.472	682	445	14	19	681	4	668	9.61e-95	304
DACKFEHF_00470	MER0011159	28.367	698	453	13	21	692	6	682	2.16e-92	298
DACKFEHF_00470	MER0011838	26.714	700	456	16	24	692	8	681	1.58e-90	293
DACKFEHF_00470	MER0002988	28.384	687	450	16	36	692	19	693	4.50e-90	292
DACKFEHF_00470	MER0019831	29.305	604	399	10	112	692	53	651	4.53e-86	281
DACKFEHF_00470	MER0005528	26.791	698	469	11	20	692	5	685	1.51e-80	267
DACKFEHF_00470	MER0004762	28.035	692	454	17	30	692	13	689	1.43e-79	264
DACKFEHF_00470	MER0001059	30.576	556	366	7	47	597	6	546	3.49e-77	254
DACKFEHF_00470	MER0002062	27.273	704	444	18	36	692	19	701	3.03e-76	256
DACKFEHF_00470	MER0002997	26.531	686	472	14	30	692	13	689	5.58e-74	249
DACKFEHF_00470	MER0002285	25.769	683	429	16	36	692	19	649	7.41e-62	215
DACKFEHF_00470	MER0015175	25.101	741	455	24	36	692	26	750	3.68e-57	204
DACKFEHF_00470	MER0038668	27.087	587	355	18	174	692	22	603	2.53e-54	193
DACKFEHF_00470	MER0001365	32.578	353	209	9	364	692	384	731	2.10e-50	184
DACKFEHF_00470	MER0162857	28.161	348	225	7	367	692	402	746	2.33e-44	167
DACKFEHF_00470	MER0001054	21.836	719	462	22	16	692	1	661	1.44e-41	157
DACKFEHF_00470	MER0011433	24.189	678	441	25	39	681	28	667	3.51e-34	135
DACKFEHF_00470	MER0024834	33.696	184	111	6	516	692	2	181	7.38e-31	116
DACKFEHF_00470	MER0011432	23.451	678	446	22	39	681	28	667	1.03e-30	125
DACKFEHF_00470	MER0004778	21.342	745	488	26	21	692	7	726	7.77e-29	119
DACKFEHF_00470	MER0011427	24.661	369	244	11	352	692	321	683	2.08e-27	114
DACKFEHF_00470	MER0011430	24.539	542	345	22	172	692	159	657	4.22e-26	110
DACKFEHF_00470	MER0002987	25.893	336	240	6	352	681	237	569	7.63e-25	106
DACKFEHF_00470	MER0011355	25.203	369	242	14	350	692	306	666	5.79e-23	100
DACKFEHF_00470	MER0026946	25.379	264	167	8	435	692	15	254	8.43e-23	95.1
DACKFEHF_00470	MER0011429	22.694	683	427	23	39	681	29	650	3.06e-22	98.6
DACKFEHF_00470	MER0002989	24.318	403	259	12	302	692	272	640	7.70e-21	94.0
DACKFEHF_00470	MER0002993	24.535	269	178	6	356	601	308	574	1.92e-18	86.3
DACKFEHF_00470	MER0002990	24.189	339	220	10	373	692	327	647	4.74e-18	85.1
DACKFEHF_00470	MER0004761	22.754	334	240	8	370	692	332	658	3.19e-15	75.9
DACKFEHF_00470	MER0011195	22.113	710	465	29	9	692	8	655	4.27e-15	75.5
DACKFEHF_00470	MER0004763	23.939	330	213	9	288	603	117	422	8.86e-12	64.7
DACKFEHF_00470	MER0002991	22.039	726	425	29	40	692	23	680	6.73e-11	62.4
DACKFEHF_00470	MER0011151	33.333	60	40	0	486	545	187	246	4.11e-09	55.8
DACKFEHF_00470	MER0011306	25.874	143	87	3	495	634	472	598	6.47e-09	55.8
DACKFEHF_00470	MER0015181	20.482	332	251	7	356	681	311	635	1.10e-08	55.1
DACKFEHF_00470	MER0011486	30.556	108	61	2	495	601	435	529	1.60e-08	54.3
DACKFEHF_00470	MER0002999	22.120	217	150	8	352	550	301	516	2.69e-08	53.5
DACKFEHF_00471	MER0000392	53.546	282	121	4	440	712	3	283	1.46e-103	315
DACKFEHF_00471	MER0005694	51.613	279	133	2	428	706	1	277	2.69e-97	299
DACKFEHF_00471	MER0015621	51.439	278	118	4	440	701	13	289	6.50e-94	291
DACKFEHF_00471	MER0022823	52.612	268	120	6	440	701	3	269	2.56e-90	281
DACKFEHF_00471	MER0011450	51.292	271	121	5	440	701	3	271	2.58e-88	275
DACKFEHF_00471	MER0981959	47.842	278	127	5	440	701	2	277	1.88e-87	273
DACKFEHF_00471	MER0002490	46.503	286	128	5	440	701	13	297	3.62e-86	271
DACKFEHF_00471	MER0079308	49.248	266	131	4	443	706	6	269	4.20e-86	270
DACKFEHF_00471	MER0325901	45.255	274	145	5	440	709	1	273	2.78e-74	238
DACKFEHF_00471	MER0000398	46.154	260	127	7	444	703	4	250	1.30e-62	206
DACKFEHF_00471	MER0003229	35.821	268	164	5	440	706	11	271	5.27e-51	176
DACKFEHF_00471	MER0000410	33.209	268	172	5	440	703	13	277	8.26e-45	159
DACKFEHF_00471	MER0011872	30.303	264	176	5	453	710	26	287	8.31e-30	116
DACKFEHF_00471	MER0082498	29.658	263	160	7	445	682	1	263	6.55e-28	110
DACKFEHF_00471	MER0082653	29.249	253	157	8	451	682	13	264	2.26e-25	103
DACKFEHF_00471	MER0004227	30.500	200	135	2	454	650	33	231	2.90e-23	97.8
DACKFEHF_00471	MER0004923	24.904	261	164	9	442	687	32	275	7.32e-07	48.1
DACKFEHF_00471	MER0005807	23.982	221	159	5	447	667	34	245	8.88e-07	48.1
DACKFEHF_00488	MER0011175	21.182	203	146	6	366	555	10	211	1.43e-07	49.7
DACKFEHF_00488	MER0002078	27.059	170	102	7	418	573	69	230	1.97e-06	46.6
DACKFEHF_00488	MER0001012	24.873	197	135	5	370	555	23	217	6.55e-06	44.7
DACKFEHF_00491	MER0031610	36.508	252	142	7	15	254	55	300	7.01e-42	142
DACKFEHF_00491	MER0044858	24.345	267	159	11	16	243	57	319	1.03e-10	57.8
DACKFEHF_00491	MER0014065	25.333	150	99	5	11	155	30	171	1.27e-08	51.6
DACKFEHF_00491	MER0004146	22.761	268	171	10	4	249	8	261	1.90e-08	50.8
DACKFEHF_00491	MER0036072	25.517	145	93	3	10	145	76	214	2.65e-08	50.4
DACKFEHF_00491	MER0044900	24.460	278	161	12	11	248	87	355	5.12e-08	49.7
DACKFEHF_00491	MER0017193	25.000	92	68	1	10	100	21	112	3.31e-07	47.0
DACKFEHF_00491	MER0037236	20.392	255	187	7	4	246	9	259	1.80e-06	44.7
DACKFEHF_00491	MER0036115	25.439	114	79	3	2	110	21	133	3.89e-06	43.9
DACKFEHF_00491	MER0003537	26.515	132	77	3	15	142	24	139	7.04e-06	43.1
DACKFEHF_00491	MER0031614	26.606	109	77	1	3	108	72	180	8.04e-06	43.1
DACKFEHF_00494	MER0195774	35.593	177	114	0	30	206	1	177	1.29e-35	127
DACKFEHF_00494	MER0001233	28.636	220	138	6	30	236	2	215	1.90e-14	69.7
DACKFEHF_00494	MER0003448	25.243	206	153	1	30	235	2	206	3.06e-14	68.9
DACKFEHF_00494	MER0001214	27.219	169	121	2	15	182	11	178	3.75e-14	67.8
DACKFEHF_00494	MER0004423	31.447	159	99	5	62	219	31	180	3.16e-13	65.9
DACKFEHF_00494	MER0001218	28.723	188	121	4	29	206	25	209	6.99e-13	64.3
DACKFEHF_00494	MER0002008	27.907	215	128	7	30	230	2	203	2.36e-12	63.5
DACKFEHF_00494	MER0001229	22.381	210	162	1	30	239	2	210	3.37e-12	62.4
DACKFEHF_00494	MER0043985	22.381	210	162	1	30	239	2	210	5.61e-12	62.4
DACKFEHF_00494	MER0015259	25.641	195	132	6	22	206	18	209	2.30e-11	60.1
DACKFEHF_00494	MER0003386	28.261	184	125	4	30	206	26	209	5.96e-11	58.9
DACKFEHF_00494	MER0169735	26.875	160	114	2	29	187	15	172	1.14e-10	57.8
DACKFEHF_00494	MER0122186	23.464	179	133	3	30	206	22	198	1.40e-10	57.4
DACKFEHF_00494	MER0003823	28.646	192	123	7	24	203	17	206	2.84e-10	57.0
DACKFEHF_00494	MER0002423	38.554	83	50	1	29	110	25	107	9.71e-10	55.1
DACKFEHF_00494	MER0002283	28.387	155	109	2	29	182	25	178	1.40e-09	54.7
DACKFEHF_00494	MER0003543	25.837	209	143	5	30	233	2	203	1.84e-09	54.7
DACKFEHF_00494	MER0011096	21.858	183	139	3	7	187	3	183	9.61e-09	52.4
DACKFEHF_00494	MER0001220	23.438	192	128	3	55	233	9	194	1.47e-08	51.6
DACKFEHF_00494	MER0011744	23.118	186	132	4	30	206	26	209	1.59e-08	51.6
DACKFEHF_00494	MER0002345	26.943	193	128	6	24	206	20	209	2.01e-08	51.2
DACKFEHF_00494	MER0188967	24.561	171	110	3	66	220	3	170	4.01e-08	52.0
DACKFEHF_00494	MER0001222	29.885	87	60	1	25	110	21	107	2.29e-07	48.1
DACKFEHF_00494	MER0001223	30.097	103	70	2	61	161	40	142	3.53e-07	47.4
DACKFEHF_00494	MER0011192	32.609	92	58	4	61	149	11	101	5.58e-07	46.2
DACKFEHF_00494	MER0170820	31.646	79	53	1	41	118	8	86	5.79e-07	47.0
DACKFEHF_00494	MER0390687	22.754	167	128	1	37	203	1	166	6.75e-07	46.2
DACKFEHF_00494	MER0011292	24.762	105	78	1	46	149	64	168	7.94e-07	47.0
DACKFEHF_00494	MER0014333	26.882	186	121	6	55	229	28	209	2.07e-06	45.8
DACKFEHF_00494	MER0001413	23.358	137	103	2	14	149	14	149	2.93e-06	43.9
DACKFEHF_00494	MER0001219	23.567	157	96	6	30	162	26	182	3.02e-06	45.1
DACKFEHF_00494	MER0142407	25.188	266	168	12	66	305	4	264	3.89e-06	45.4
DACKFEHF_00494	MER0003909	24.138	203	124	6	65	247	5	197	6.21e-06	45.1
DACKFEHF_00495	MER0237414	21.719	221	157	5	49	254	3	222	2.51e-12	63.9
DACKFEHF_00495	MER0003448	25.281	178	125	4	82	253	38	213	4.90e-07	48.1
DACKFEHF_00523	MER0028025	50.602	166	81	1	2	167	5	169	6.85e-48	159
DACKFEHF_00523	MER0028025	51.948	77	37	0	274	350	168	244	5.77e-22	90.5
DACKFEHF_00523	MER0003798	24.810	395	232	16	6	340	18	407	4.65e-17	78.6
DACKFEHF_00523	MER0001272	27.723	202	126	8	10	199	6	199	1.83e-14	69.7
DACKFEHF_00523	MER0238460	25.472	318	198	12	59	342	89	401	1.70e-13	67.8
DACKFEHF_00523	MER0038758	23.641	368	231	16	10	352	9	351	2.23e-13	67.4
DACKFEHF_00523	MER0001273	31.000	200	111	8	10	192	9	198	1.84e-12	63.5
DACKFEHF_00523	MER0026479	27.811	169	100	5	10	166	7	165	1.96e-08	51.2
DACKFEHF_00523	MER0001266	26.877	253	162	11	10	247	22	266	1.37e-06	46.6
DACKFEHF_00523	MER0026494	35.870	92	53	4	59	146	88	177	3.73e-06	45.4
DACKFEHF_00525	MER0004914	35.606	132	70	6	71	197	49	170	1.01e-09	53.5
DACKFEHF_00567	MER0003428	24.000	175	91	5	53	220	10	149	1.13e-06	48.1
DACKFEHF_00567	MER0001202	27.219	169	82	5	55	220	19	149	2.53e-06	47.4
DACKFEHF_00573	MER0001295	48.677	189	81	5	366	549	2	179	8.23e-52	174
DACKFEHF_00573	MER0001425	35.484	155	80	4	399	547	30	170	1.35e-22	92.4
DACKFEHF_00573	MER0003413	33.784	148	89	2	400	547	27	165	1.43e-22	92.0
DACKFEHF_00573	MER0003065	37.349	166	80	5	389	547	16	164	2.77e-21	88.6
DACKFEHF_00573	MER0001297	34.132	167	80	4	388	544	15	161	1.57e-20	86.3
DACKFEHF_00573	MER0015684	40.678	118	66	3	389	504	16	131	1.94e-20	86.3
DACKFEHF_00573	MER0004196	34.839	155	89	4	397	549	24	168	2.33e-20	85.9
DACKFEHF_00573	MER0003514	36.478	159	87	5	389	545	16	162	3.27e-19	82.4
DACKFEHF_00573	MER0005714	30.909	165	97	4	389	545	16	171	1.37e-15	72.4
DACKFEHF_00573	MER0004195	32.298	161	96	5	389	547	16	165	1.55e-14	68.9
DACKFEHF_00573	MER0011097	28.082	146	75	7	358	497	80	201	5.25e-07	48.5
DACKFEHF_00577	MER0002443	39.130	115	65	2	53	166	7	117	8.38e-26	92.4
DACKFEHF_00577	MER0004054	37.607	117	64	5	56	167	10	122	4.42e-22	83.2
DACKFEHF_00577	MER0003986	36.364	121	71	3	47	165	1	117	1.23e-21	82.0
DACKFEHF_00577	MER0004035	34.783	115	68	3	52	165	3	111	4.46e-20	77.8
DACKFEHF_00577	MER0003807	33.898	118	71	3	51	166	5	117	3.15e-17	70.5
DACKFEHF_00577	MER0002450	38.182	110	60	4	56	165	10	111	7.64e-16	66.6
DACKFEHF_00577	MER0003805	33.636	110	65	4	56	165	10	111	9.57e-14	61.2
DACKFEHF_00577	MER0038100	32.773	119	64	4	57	165	12	124	2.71e-13	60.5
DACKFEHF_00577	MER0014672	33.036	112	55	3	47	145	1	105	4.78e-13	59.7
DACKFEHF_00577	MER0003808	34.513	113	62	5	54	164	8	110	5.71e-13	59.3
DACKFEHF_00577	MER0377310	37.255	102	56	4	56	157	10	103	6.19e-13	58.9
DACKFEHF_00577	MER0377307	37.255	102	56	4	56	157	10	103	6.19e-13	58.9
DACKFEHF_00577	MER0014188	37.113	97	47	4	47	140	1	86	5.69e-12	56.6
DACKFEHF_00577	MER0377178	36.275	102	57	5	56	157	10	103	1.94e-11	55.1
DACKFEHF_00577	MER0001322	30.973	113	61	5	47	155	1	100	5.93e-11	53.9
DACKFEHF_00577	MER0024252	34.000	100	56	3	59	154	14	107	3.95e-10	52.0
DACKFEHF_00577	MER0031199	37.037	54	34	0	68	121	6	59	7.69e-08	44.7
DACKFEHF_00577	MER0376722	32.653	98	54	5	54	149	8	95	4.18e-07	43.1
DACKFEHF_00577	MER0377450	30.682	88	54	3	56	143	10	90	7.98e-07	42.4
DACKFEHF_00597	MER0002003	30.769	143	95	2	354	492	75	217	2.16e-11	60.8
DACKFEHF_00597	MER0019759	26.728	217	137	8	315	513	19	231	8.27e-11	59.3
DACKFEHF_00597	MER0011345	26.154	195	125	6	315	493	27	218	1.46e-10	58.9
DACKFEHF_00597	MER0005328	27.895	190	113	7	315	485	16	200	2.30e-10	57.4
DACKFEHF_00597	MER0019096	25.000	184	103	6	343	514	38	198	1.82e-09	54.7
DACKFEHF_00597	MER0002746	25.444	169	109	4	354	513	72	232	2.28e-09	55.1
DACKFEHF_00597	MER0001013	27.835	194	122	7	315	493	28	218	3.32e-09	54.7
DACKFEHF_00597	MER0012283	26.316	190	123	5	315	490	27	213	3.92e-09	54.3
DACKFEHF_00597	MER0001009	25.625	160	98	3	366	513	20	170	4.97e-09	53.9
DACKFEHF_00597	MER0001010	27.703	148	86	3	366	501	61	199	5.50e-09	53.5
DACKFEHF_00597	MER0036308	24.862	181	120	5	344	511	58	235	7.07e-09	53.5
DACKFEHF_00597	MER0011440	26.515	132	92	3	365	492	80	210	2.32e-08	52.0
DACKFEHF_00597	MER0002968	28.148	135	83	3	366	492	87	215	3.04e-08	51.6
DACKFEHF_00597	MER0011423	26.846	149	94	4	353	492	72	214	4.52e-08	50.8
DACKFEHF_00597	MER0002355	29.032	124	76	3	366	483	84	201	4.85e-08	50.8
DACKFEHF_00597	MER0000997	27.363	201	105	10	317	486	21	211	1.04e-07	50.1
DACKFEHF_00597	MER0002281	29.070	172	95	8	327	485	54	211	1.16e-07	50.1
DACKFEHF_00597	MER0001017	26.220	164	105	6	344	494	60	220	1.37e-07	49.7
DACKFEHF_00597	MER0002755	26.923	156	95	6	344	485	50	200	1.43e-07	49.3
DACKFEHF_00597	MER0004243	27.397	146	88	3	359	492	77	216	2.04e-07	48.9
DACKFEHF_00597	MER0091680	26.282	156	101	4	361	508	67	216	2.40e-07	48.9
DACKFEHF_00597	MER0019754	26.316	133	91	3	366	492	64	195	2.66e-07	48.5
DACKFEHF_00597	MER0028449	24.342	152	94	4	355	492	77	221	3.33e-07	48.5
DACKFEHF_00597	MER0006264	26.389	144	85	3	361	492	48	182	3.81e-07	47.8
DACKFEHF_00597	MER0005046	25.333	150	106	3	346	492	52	198	3.86e-07	47.8
DACKFEHF_00597	MER0011370	23.810	147	97	3	355	492	70	210	8.48e-07	47.0
DACKFEHF_00597	MER0002422	24.823	141	93	3	358	492	73	206	3.14e-06	45.4
DACKFEHF_00597	MER0052595	25.714	140	87	5	366	494	89	222	6.65e-06	44.7
DACKFEHF_00769	MER0036064	28.571	175	117	5	51	220	91	262	2.20e-10	55.8
DACKFEHF_00769	MER0036078	22.596	208	152	4	18	219	40	244	9.05e-09	51.2
DACKFEHF_00769	MER0037236	27.168	173	111	8	57	219	92	259	5.48e-08	48.9
DACKFEHF_00769	MER0036053	23.301	206	127	6	41	219	60	261	3.01e-06	43.9
DACKFEHF_00769	MER0031619	27.397	146	79	7	57	178	98	240	3.63e-06	43.9
DACKFEHF_00781	MER0003327	42.683	246	123	8	2	244	1	231	1.63e-56	187
DACKFEHF_00781	MER0012158	37.168	339	142	11	2	271	1	337	2.27e-55	188
DACKFEHF_00781	MER0185695	38.326	227	127	4	2	221	1	221	1.52e-45	157
DACKFEHF_00781	MER0003350	42.512	207	96	7	2	186	1	206	1.27e-42	149
DACKFEHF_00781	MER0003322	37.619	210	99	7	2	183	1	206	3.42e-34	126
DACKFEHF_00781	MER0004101	31.387	137	89	3	2	135	1	135	1.15e-12	65.1
DACKFEHF_00781	MER0011781	30.714	140	93	2	2	139	1	138	1.41e-12	64.7
DACKFEHF_00781	MER0011806	30.657	137	90	3	2	135	1	135	6.39e-12	62.8
DACKFEHF_00781	MER0003314	30.822	146	87	5	2	135	1	144	8.69e-12	62.8
DACKFEHF_00796	MER0060647	36.512	367	201	7	11	361	1	351	5.35e-72	225
DACKFEHF_00796	MER0078640	37.534	365	195	9	11	360	1	347	8.17e-72	224
DACKFEHF_00796	MER0044812	42.060	233	119	4	149	368	12	241	6.80e-57	183
DACKFEHF_00796	MER0043540	40.435	230	125	3	140	368	10	228	2.00e-55	178
DACKFEHF_00796	MER0046161	40.541	222	113	4	161	368	33	249	3.48e-47	159
DACKFEHF_00796	MER0115185	52.414	145	67	1	215	359	1	143	1.72e-45	150
DACKFEHF_00796	MER0045945	42.077	183	103	3	182	364	34	213	2.30e-45	152
DACKFEHF_00796	MER0436691	33.086	269	135	5	102	364	15	244	2.26e-42	145
DACKFEHF_00796	MER0043537	26.667	180	102	7	192	356	14	178	1.01e-08	51.6
DACKFEHF_00796	MER0045094	24.224	161	114	3	192	346	26	184	1.36e-08	52.0
DACKFEHF_00796	MER0043394	23.404	141	98	4	212	346	12	148	2.57e-06	43.9
DACKFEHF_00810	MER0005767	27.586	319	188	7	52	367	27	305	3.70e-34	127
DACKFEHF_00810	MER0030136	26.799	403	262	15	5	383	2	395	5.91e-22	94.0
DACKFEHF_00810	MER0030151	25.628	398	273	13	5	383	2	395	7.78e-20	87.8
DACKFEHF_00810	MER0030143	24.750	400	274	13	5	383	2	395	2.36e-19	86.3
DACKFEHF_00810	MER0030155	25.436	401	270	14	5	383	2	395	2.10e-18	83.6
DACKFEHF_00810	MER0030149	24.010	404	272	14	5	383	2	395	6.98e-16	75.9
DACKFEHF_00810	MER0015112	24.631	406	271	17	5	383	2	399	1.19e-14	72.0
DACKFEHF_00821	MER0048181	35.664	143	76	2	48	175	1	142	2.50e-17	72.8
DACKFEHF_00821	MER0015472	30.723	166	108	2	23	181	16	181	1.49e-15	69.3
DACKFEHF_00821	MER0015473	32.484	157	84	5	44	183	33	184	6.80e-13	62.4
DACKFEHF_00821	MER0015462	35.417	144	81	3	44	185	44	177	3.77e-11	57.0
DACKFEHF_00821	MER0017194	32.558	129	85	2	9	137	26	152	1.23e-10	56.2
DACKFEHF_00821	MER0094384	30.198	202	119	9	24	213	7	198	1.40e-09	52.8
DACKFEHF_00821	MER0015659	28.931	159	101	5	34	189	36	185	1.48e-08	50.1
DACKFEHF_00821	MER0015459	30.097	103	68	1	22	124	24	122	3.40e-08	49.3
DACKFEHF_00821	MER0015633	34.444	90	56	1	38	127	40	126	6.64e-08	48.1
DACKFEHF_00821	MER0030164	30.769	130	80	4	1	124	1	126	8.97e-08	47.8
DACKFEHF_00821	MER0015458	27.363	201	115	7	35	212	39	231	1.44e-07	47.8
DACKFEHF_00821	MER0015470	27.473	182	87	5	47	206	11	169	2.87e-07	45.8
DACKFEHF_00821	MER0035036	30.000	140	88	3	51	184	91	226	4.78e-07	45.8
DACKFEHF_00821	MER0026214	24.737	190	123	5	35	211	17	199	5.84e-07	45.4
DACKFEHF_00821	MER0003940	28.082	146	82	4	45	176	39	175	8.58e-07	44.7
DACKFEHF_00821	MER0030173	34.513	113	61	4	24	124	12	123	1.87e-06	44.3
DACKFEHF_00821	MER0015465	27.465	142	81	5	47	181	45	171	2.10e-06	43.5
DACKFEHF_00821	MER0015451	29.333	150	90	4	47	186	41	184	2.58e-06	43.9
DACKFEHF_00821	MER0015630	38.272	81	47	1	47	127	52	129	3.12e-06	43.5
DACKFEHF_00821	MER0030047	28.030	132	93	2	51	180	1	132	3.52e-06	42.4
DACKFEHF_00821	MER0015631	33.333	81	53	1	47	127	51	130	3.56e-06	43.1
DACKFEHF_00821	MER0020201	30.201	149	91	5	43	184	51	193	7.18e-06	42.4
DACKFEHF_00821	MER0015686	34.118	85	53	1	38	122	40	121	7.99e-06	42.4
DACKFEHF_00914	MER0198917	42.706	377	207	5	16	388	1	372	6.25e-104	333
DACKFEHF_00914	MER1054487	39.842	379	219	4	16	388	1	376	5.58e-88	288
DACKFEHF_00914	MER0037955	25.641	156	91	4	184	334	132	267	1.47e-06	48.5
DACKFEHF_00917	MER0044357	29.279	222	124	7	10	202	34	251	7.48e-21	94.0
DACKFEHF_00917	MER0044357	30.769	117	75	2	211	325	340	452	8.33e-09	55.8
DACKFEHF_00978	MER0015424	31.568	491	248	20	124	532	31	515	4.67e-35	138
DACKFEHF_00978	MER0016991	30.496	282	145	9	160	416	73	328	2.78e-19	87.4
DACKFEHF_00978	MER0014446	44.286	70	37	1	310	379	319	386	1.46e-09	58.2
DACKFEHF_00978	MER0000321	23.770	366	195	14	30	368	26	334	1.87e-09	57.4
DACKFEHF_00978	MER0114485	55.000	60	24	2	314	372	275	332	4.74e-09	56.2
DACKFEHF_00978	MER0016983	32.323	99	57	2	325	415	216	312	9.14e-09	55.1
DACKFEHF_00978	MER0000329	26.039	361	165	17	124	413	31	360	2.11e-08	54.3
DACKFEHF_00978	MER0001725	27.099	262	143	10	161	413	95	317	3.69e-08	53.1
DACKFEHF_00978	MER0028258	27.757	263	143	10	164	393	103	351	4.87e-08	53.1
DACKFEHF_00978	MER0161312	42.683	82	42	2	314	392	256	335	5.78e-08	52.8
DACKFEHF_00978	MER0030016	31.050	219	94	11	164	368	84	259	6.16e-08	52.0
DACKFEHF_00978	MER0047718	42.683	82	42	2	300	381	247	323	8.19e-08	52.4
DACKFEHF_00978	MER0002267	29.448	163	77	6	251	413	158	282	9.04e-08	51.6
DACKFEHF_00978	MER0019280	27.273	308	184	12	120	415	26	305	1.25e-07	51.6
DACKFEHF_00978	MER0000351	49.091	55	26	1	314	368	233	285	6.70e-07	48.9
DACKFEHF_00978	MER0002500	26.761	213	130	8	165	367	157	353	7.37e-07	49.7
DACKFEHF_00978	MER0000319	25.714	315	149	12	122	414	28	279	1.09e-06	48.5
DACKFEHF_00978	MER0005824	45.000	60	31	1	314	371	424	483	2.34e-06	48.1
DACKFEHF_00978	MER0000349	32.576	132	74	3	252	383	240	356	3.12e-06	47.4
DACKFEHF_00978	MER0014086	42.188	64	32	1	350	413	325	383	9.84e-06	45.8
DACKFEHF_00979	MER0025086	52.344	128	47	5	185	303	1	123	2.00e-34	124
DACKFEHF_00979	MER0029657	40.945	127	61	6	184	304	28	146	2.21e-20	85.5
DACKFEHF_00979	MER0002084	30.942	223	126	12	74	282	6	214	4.33e-16	75.1
DACKFEHF_00979	MER0011122	35.526	152	68	9	174	303	3	146	5.97e-11	58.5
DACKFEHF_01009	MER0003380	37.273	110	61	2	172	281	130	231	5.92e-21	86.3
DACKFEHF_01009	MER0069741	43.158	95	52	2	187	281	70	162	8.49e-19	79.0
DACKFEHF_01009	MER0003376	35.338	133	65	6	172	286	29	158	2.02e-17	75.1
DACKFEHF_01009	MER0005300	34.646	127	74	3	165	285	39	162	2.40e-16	72.0
DACKFEHF_01009	MER0013541	37.209	86	53	1	187	272	1	85	1.38e-14	65.1
DACKFEHF_01009	MER0003906	37.143	105	59	4	187	285	1	104	5.23e-14	63.9
DACKFEHF_01009	MER0387040	32.000	100	66	2	187	285	1	99	4.16e-12	58.5
DACKFEHF_01009	MER0066182	32.353	102	67	2	185	285	90	190	6.16e-12	60.5
DACKFEHF_01009	MER0003423	34.694	98	61	2	185	280	30	126	8.46e-12	58.9
DACKFEHF_01009	MER0001419	36.782	87	52	2	187	271	32	117	2.77e-11	57.4
DACKFEHF_01009	MER0015415	32.174	115	67	5	165	272	39	149	1.32e-10	56.2
DACKFEHF_01009	MER0025070	31.959	97	58	2	187	275	6	102	4.38e-09	50.4
DACKFEHF_01009	MER0388771	31.959	97	58	2	187	275	2	98	4.53e-09	50.4
DACKFEHF_01066	MER0056525	49.782	229	114	1	99	326	1	229	1.47e-83	250
DACKFEHF_01066	MER0005496	50.218	229	113	1	99	326	1	229	1.19e-80	243
DACKFEHF_01066	MER0011748	51.965	229	109	1	99	326	1	229	1.65e-80	243
DACKFEHF_01066	MER0015609	49.565	230	113	2	99	327	1	228	1.57e-79	241
DACKFEHF_01066	MER0011224	46.753	231	122	1	99	328	1	231	5.57e-78	237
DACKFEHF_01066	MER0015195	46.725	229	121	1	99	326	1	229	4.03e-74	227
DACKFEHF_01066	MER0023544	45.415	229	124	1	99	326	1	229	9.28e-74	226
DACKFEHF_01066	MER0002605	44.978	229	124	2	99	326	1	228	2.63e-70	217
DACKFEHF_01066	MER0171760	40.226	266	154	3	64	326	1	264	1.29e-69	215
DACKFEHF_01066	MER0015194	43.668	229	126	2	100	326	2	229	1.39e-68	212
DACKFEHF_01066	MER0002600	42.857	231	131	1	99	328	1	231	1.15e-67	209
DACKFEHF_01066	MER0014306	40.611	229	135	1	99	326	1	229	5.55e-66	206
DACKFEHF_01066	MER0015199	43.697	238	122	4	99	325	1	237	9.85e-60	190
DACKFEHF_01066	MER0024898	41.126	231	133	3	99	326	1	231	6.56e-59	188
DACKFEHF_01066	MER0004454	40.435	230	134	2	99	325	1	230	1.84e-57	184
DACKFEHF_01066	MER0002602	43.668	229	118	3	100	320	2	227	2.26e-57	184
DACKFEHF_01066	MER0005466	39.496	238	135	5	100	329	2	238	8.23e-55	176
DACKFEHF_01066	MER0001620	37.872	235	137	3	99	324	1	235	9.19e-48	159
DACKFEHF_01066	MER0002563	35.470	234	139	3	100	321	2	235	2.75e-47	157
DACKFEHF_01066	MER0002408	38.298	235	132	6	99	323	1	232	5.98e-47	156
DACKFEHF_01066	MER0015197	35.294	221	136	3	111	326	13	231	1.31e-44	150
DACKFEHF_01066	MER0017637	35.470	234	139	3	100	321	2	235	2.03e-44	149
DACKFEHF_01066	MER0015193	38.197	233	132	6	99	321	1	231	7.66e-43	145
DACKFEHF_01066	MER0002608	40.928	237	128	6	100	325	2	237	1.50e-42	145
DACKFEHF_01066	MER0005755	36.797	231	136	3	100	327	2	225	6.85e-41	139
DACKFEHF_01066	MER0011745	33.906	233	141	6	99	321	1	230	1.44e-40	140
DACKFEHF_01066	MER0190577	35.808	229	135	3	99	324	1	220	4.20e-40	138
DACKFEHF_01066	MER0190705	35.371	229	139	3	100	326	1	222	1.46e-38	133
DACKFEHF_01066	MER0015137	33.047	233	143	6	99	321	1	230	7.62e-38	132
DACKFEHF_01066	MER0002197	34.043	235	146	3	99	330	1	229	1.07e-37	132
DACKFEHF_01066	MER0014324	35.841	226	133	4	99	321	1	217	8.02e-37	129
DACKFEHF_01066	MER0015690	33.473	239	145	6	99	323	1	239	4.00e-34	123
DACKFEHF_01066	MER0011120	35.745	235	137	7	99	319	1	235	1.12e-32	119
DACKFEHF_01066	MER0024900	32.407	216	137	4	100	312	2	211	4.83e-28	106
DACKFEHF_01066	MER0001246	31.844	179	112	3	110	285	1	172	3.06e-24	94.4
DACKFEHF_01066	MER0015204	27.273	253	151	7	100	319	2	254	6.56e-18	79.7
DACKFEHF_01097	MER0002161	25.407	307	164	10	50	335	15	277	3.31e-14	68.9
DACKFEHF_01097	MER0005139	28.302	212	128	8	117	311	62	266	4.74e-13	65.5
DACKFEHF_01097	MER0001284	30.348	201	118	8	117	310	35	220	8.91e-13	64.3
DACKFEHF_01097	MER0015691	33.333	114	68	2	108	220	43	149	3.28e-12	62.8
DACKFEHF_01097	MER0015336	30.469	128	79	4	96	220	38	158	5.80e-11	58.9
DACKFEHF_01097	MER0100667	27.848	237	114	11	116	334	22	219	5.88e-11	58.5
DACKFEHF_01097	MER0004514	27.966	118	76	3	117	228	35	149	1.83e-10	57.4
DACKFEHF_01097	MER0005241	34.444	90	52	2	115	202	2	86	2.34e-10	57.0
DACKFEHF_01097	MER0005239	29.661	118	74	3	106	221	57	167	6.56e-10	56.2
DACKFEHF_01097	MER0005131	27.626	257	155	9	92	335	13	251	7.08e-10	55.8
DACKFEHF_01097	MER0037181	27.197	239	124	11	118	334	66	276	1.37e-09	55.1
DACKFEHF_01097	MER0005244	37.079	89	47	3	115	202	2	82	1.63e-09	53.9
DACKFEHF_01097	MER0005238	33.333	87	51	1	118	204	67	146	2.71e-09	54.3
DACKFEHF_01097	MER0002104	33.333	87	51	2	118	204	67	146	1.08e-08	52.4
DACKFEHF_01097	MER0194228	24.424	217	134	7	132	341	1	194	2.53e-08	50.4
DACKFEHF_01097	MER0001289	24.167	240	143	9	114	341	58	270	2.55e-08	51.2
DACKFEHF_01097	MER0005149	31.092	119	73	4	106	222	53	164	2.92e-08	51.2
DACKFEHF_01097	MER0005152	28.409	88	56	1	118	205	60	140	4.71e-06	44.3
DACKFEHF_01112	MER0013463	38.554	83	39	3	2	73	179	260	1.96e-13	59.7
DACKFEHF_01112	MER0001244	44.048	84	34	4	1	72	179	261	6.14e-13	58.5
DACKFEHF_01112	MER0028601	34.483	87	41	4	1	72	181	266	1.03e-10	52.4
DACKFEHF_01112	MER0005462	49.123	57	24	2	2	54	161	216	1.13e-10	52.0
DACKFEHF_01112	MER0005715	44.615	65	28	3	1	60	163	224	2.72e-09	48.1
DACKFEHF_01112	MER0004931	39.655	58	30	2	1	54	160	216	4.60e-09	47.8
DACKFEHF_01112	MER0004532	41.270	63	22	3	1	54	159	215	6.32e-09	47.4
DACKFEHF_01112	MER0016544	38.356	73	26	3	2	60	189	256	7.41e-08	44.3
DACKFEHF_01112	MER0001248	31.858	113	33	5	2	72	142	252	1.37e-07	43.5
DACKFEHF_01112	MER0004321	36.232	69	34	3	1	60	168	235	5.97e-07	42.0
DACKFEHF_01112	MER0002039	39.683	63	31	3	2	58	169	230	1.45e-06	40.8
DACKFEHF_01112	MER0002038	35.385	65	34	4	1	59	161	223	3.13e-06	39.7
DACKFEHF_01112	MER0027437	39.623	53	24	3	2	47	171	222	9.39e-06	38.5
DACKFEHF_01124	MER0015121	26.667	180	113	4	37	197	27	206	1.55e-12	64.7
DACKFEHF_01124	MER0002357	26.147	218	113	9	25	213	14	212	2.14e-10	58.2
DACKFEHF_01124	MER0003817	31.148	122	57	4	44	141	34	152	1.05e-08	52.8
DACKFEHF_01124	MER0013471	30.000	90	54	2	65	145	60	149	3.36e-08	51.6
DACKFEHF_01124	MER0001608	25.275	182	103	8	47	213	35	198	1.12e-07	49.7
DACKFEHF_01124	MER0005410	27.731	119	65	4	44	141	34	152	2.08e-07	49.3
DACKFEHF_01124	MER0001198	28.571	119	64	4	44	141	34	152	2.80e-07	48.5
DACKFEHF_01124	MER0038626	32.000	75	48	2	63	136	66	138	8.90e-07	45.4
DACKFEHF_01124	MER0013404	25.210	119	68	3	44	141	34	152	1.19e-06	46.6
DACKFEHF_01124	MER0011681	28.000	100	68	3	34	130	25	123	1.34e-06	46.2
DACKFEHF_01124	MER0001207	27.928	111	63	3	44	137	34	144	1.77e-06	46.2
DACKFEHF_01124	MER0003003	27.711	83	55	3	43	120	34	116	5.12e-06	44.7
DACKFEHF_01124	MER0034711	34.211	76	47	2	62	136	64	137	6.07e-06	43.1
DACKFEHF_01126	MER0073084	20.809	173	127	3	66	231	159	328	1.69e-09	53.9
DACKFEHF_01217	MER0028047	55.307	179	77	2	443	621	1	176	1.21e-59	195
DACKFEHF_01217	MER0003564	26.009	223	129	7	425	611	3	225	1.56e-09	55.8
DACKFEHF_01224	MER0492485	33.540	161	101	3	21	178	11	168	1.72e-23	88.2
DACKFEHF_01417	MER0000410	59.643	280	111	1	81	360	2	279	7.97e-127	363
DACKFEHF_01417	MER0011872	42.205	263	149	2	99	358	18	280	2.41e-71	221
DACKFEHF_01417	MER0082498	43.885	278	132	7	104	357	6	283	7.06e-70	218
DACKFEHF_01417	MER0005694	32.463	268	177	2	94	360	13	277	1.53e-47	160
DACKFEHF_01417	MER0000392	30.824	279	180	4	94	362	3	278	1.12e-45	155
DACKFEHF_01417	MER0015621	30.201	298	188	4	82	362	1	295	1.42e-43	150
DACKFEHF_01417	MER0004227	32.824	262	169	2	103	357	28	289	1.27e-42	147
DACKFEHF_01417	MER0079308	31.698	265	170	6	98	357	7	265	8.50e-42	144
DACKFEHF_01417	MER0082653	35.965	228	131	7	108	321	16	242	4.41e-40	140
DACKFEHF_01417	MER0002490	29.897	291	172	6	94	357	13	298	4.36e-39	138
DACKFEHF_01417	MER0022823	30.435	276	182	7	94	362	3	275	4.95e-37	132
DACKFEHF_01417	MER0981959	30.249	281	175	5	94	357	2	278	5.21e-37	132
DACKFEHF_01417	MER0325901	29.889	271	178	7	94	357	1	266	1.10e-33	123
DACKFEHF_01417	MER0011450	28.623	276	179	6	94	357	3	272	1.32e-33	123
DACKFEHF_01417	MER0003229	28.986	276	166	7	94	357	11	268	8.02e-28	107
DACKFEHF_01417	MER0000398	28.968	252	163	7	108	358	14	250	2.67e-26	102
DACKFEHF_01417	MER0001920	23.737	198	139	4	147	338	35	226	2.23e-06	45.1
DACKFEHF_01487	MER0000474	53.125	192	90	0	28	219	15	206	1.24e-74	221
DACKFEHF_01487	MER0005687	49.749	199	96	1	18	216	13	207	5.04e-69	207
DACKFEHF_01487	MER0002299	50.802	187	92	0	31	217	12	198	6.27e-65	196
DACKFEHF_01487	MER0006046	44.554	202	112	0	18	219	5	206	3.27e-62	190
DACKFEHF_01487	MER0004857	52.632	171	80	1	46	216	34	203	1.10e-61	189
DACKFEHF_01487	MER0002211	48.677	189	97	0	29	217	16	204	1.47e-61	188
DACKFEHF_01487	MER0006063	45.604	182	99	0	35	216	23	204	6.40e-58	179
DACKFEHF_01487	MER0004855	43.889	180	101	0	37	216	26	205	1.68e-57	178
DACKFEHF_01487	MER0006056	50.000	166	82	1	54	219	46	210	1.57e-55	173
DACKFEHF_01487	MER0004847	46.316	190	101	1	31	219	18	207	4.55e-55	172
DACKFEHF_01487	MER0004182	40.642	187	111	0	30	216	13	199	1.27e-47	152
DACKFEHF_01487	MER0006308	37.143	175	109	1	40	213	17	191	6.81e-45	145
DACKFEHF_01487	MER0011666	41.420	169	97	2	50	216	17	185	8.52e-41	134
DACKFEHF_01487	MER0001369	37.037	81	49	1	71	151	52	130	7.95e-07	43.9
DACKFEHF_01536	MER0044622	43.684	190	101	4	3	188	28	215	1.26e-53	169
DACKFEHF_01536	MER0045094	39.896	193	102	5	3	188	14	199	5.29e-49	156
DACKFEHF_01536	MER0043394	40.000	160	92	2	30	187	5	162	2.89e-41	134
DACKFEHF_01536	MER0044882	40.936	171	95	5	29	193	6	176	3.92e-39	129
DACKFEHF_01536	MER0043392	39.597	149	85	3	46	194	22	165	5.49e-34	115
DACKFEHF_01536	MER0045095	31.429	210	121	5	1	187	15	224	1.49e-31	112
DACKFEHF_01536	MER0043195	31.500	200	119	6	4	186	8	206	5.94e-25	94.7
DACKFEHF_01536	MER0044619	28.358	201	118	7	1	188	8	195	1.43e-21	85.5
DACKFEHF_01536	MER0043537	29.534	193	114	8	3	186	2	181	3.76e-15	67.4
DACKFEHF_01536	MER0044812	26.154	130	87	2	45	173	98	219	5.15e-14	65.5
DACKFEHF_01536	MER0038086	26.829	123	82	3	73	190	107	226	8.69e-11	56.2
DACKFEHF_01536	MER0044889	31.034	116	76	2	72	187	88	199	1.73e-10	55.5
DACKFEHF_01536	MER0436735	24.444	180	96	6	47	190	48	223	1.13e-09	53.1
DACKFEHF_01536	MER0045945	27.941	136	78	5	45	173	73	195	1.54e-09	52.4
DACKFEHF_01536	MER0045886	23.158	190	129	5	3	186	14	192	4.68e-09	51.2
DACKFEHF_01536	MER0043540	26.119	134	82	5	45	173	85	206	2.27e-08	49.3
DACKFEHF_01536	MER0115185	26.718	131	86	3	45	173	8	130	4.35e-08	47.4
DACKFEHF_01536	MER0046161	27.737	137	80	5	44	173	103	227	6.23e-08	48.1
DACKFEHF_01536	MER0043387	26.957	115	77	4	74	187	57	165	1.83e-06	43.1
DACKFEHF_01536	MER0060647	24.812	133	88	3	44	172	211	335	7.56e-06	42.4
DACKFEHF_01536	MER0042974	22.951	122	84	4	73	190	68	183	7.87e-06	41.6
DACKFEHF_01603	MER0214915	25.000	124	80	4	3	121	18	133	4.47e-06	43.5
DACKFEHF_01604	MER0031563	28.340	247	161	6	57	298	2	237	7.91e-35	123
DACKFEHF_01604	MER0044867	25.207	242	166	6	62	296	12	245	9.44e-17	75.1
DACKFEHF_01604	MER0031570	24.219	256	155	9	67	294	11	255	6.24e-10	55.5
DACKFEHF_01604	MER0036027	23.645	203	137	6	67	257	11	207	2.16e-06	45.1
DACKFEHF_01604	MER0036069	28.155	103	70	2	65	167	63	161	2.51e-06	45.1
DACKFEHF_01606	MER0281397	25.243	206	118	9	187	364	4	201	1.06e-07	48.9
DACKFEHF_01620	MER0025086	53.125	128	46	5	185	303	1	123	6.14e-33	119
DACKFEHF_01620	MER0029657	40.157	127	62	5	184	304	28	146	1.28e-20	85.5
DACKFEHF_01620	MER0002084	33.333	222	122	11	74	282	6	214	4.30e-18	80.1
DACKFEHF_01620	MER0011122	34.211	152	70	10	174	303	3	146	3.55e-10	55.5
DACKFEHF_01639	MER0014135	41.045	268	158	0	184	451	1	268	1.92e-77	239
DACKFEHF_01659	MER0001928	29.412	306	172	13	18	320	5	269	3.38e-21	88.2
DACKFEHF_01659	MER0000315	29.126	309	171	13	17	320	4	269	3.93e-21	88.2
DACKFEHF_01659	MER0014744	25.914	301	181	9	13	295	27	303	1.33e-20	87.8
DACKFEHF_01659	MER0001906	28.803	309	172	13	17	320	4	269	2.08e-20	85.9
DACKFEHF_01659	MER0001520	28.479	309	173	13	17	320	4	269	3.83e-20	85.1
DACKFEHF_01659	MER0004085	28.205	312	185	14	16	311	30	318	3.24e-19	83.6
DACKFEHF_01659	MER0000313	28.247	308	181	12	17	320	4	275	1.04e-18	81.3
DACKFEHF_01659	MER0001521	28.247	308	181	12	17	320	4	275	1.08e-18	81.3
DACKFEHF_01659	MER0001523	27.922	308	182	12	17	320	4	275	1.81e-18	80.9
DACKFEHF_01659	MER0000312	27.922	308	182	12	17	320	4	275	1.81e-18	80.9
DACKFEHF_01659	MER0001755	28.247	308	181	12	17	320	4	275	3.17e-18	80.1
DACKFEHF_01659	MER0077555	28.169	284	166	11	18	298	5	253	4.92e-18	79.3
DACKFEHF_01659	MER0000316	27.036	307	180	11	17	320	3	268	1.08e-17	78.6
DACKFEHF_01659	MER0081072	27.431	288	163	10	17	298	1	248	1.78e-17	77.4
DACKFEHF_01659	MER0000319	25.753	299	180	11	19	313	13	273	1.54e-16	75.5
DACKFEHF_01659	MER0000332	27.211	294	173	13	29	319	15	270	1.74e-15	72.0
DACKFEHF_01659	MER0013656	26.384	307	182	11	17	320	3	268	2.22e-15	71.6
DACKFEHF_01659	MER0001725	25.987	304	181	11	30	319	45	318	2.57e-13	66.2
DACKFEHF_01659	MER0001699	24.906	265	163	8	35	298	23	252	3.10e-12	62.8
DACKFEHF_01659	MER0000310	24.367	316	182	11	17	320	4	274	1.08e-11	61.2
DACKFEHF_01659	MER0000333	25.246	305	174	11	25	320	12	271	3.15e-11	59.7
DACKFEHF_01659	MER0042897	29.299	314	173	16	17	320	4	278	9.87e-11	58.2
DACKFEHF_01659	MER0000320	26.490	302	160	15	16	300	3	259	1.25e-10	58.2
DACKFEHF_01659	MER0002575	28.175	252	148	14	29	277	16	237	2.86e-10	57.0
DACKFEHF_01659	MER0019280	25.926	297	190	10	34	320	29	305	4.94e-10	56.6
DACKFEHF_01659	MER0002562	25.076	327	199	12	30	320	36	352	9.06e-10	55.8
DACKFEHF_01659	MER0016983	24.927	341	187	15	17	320	4	312	1.11e-09	55.5
DACKFEHF_01659	MER0004123	26.549	339	144	16	34	315	37	327	2.39e-09	54.7
DACKFEHF_01659	MER0002565	25.806	310	162	13	40	319	68	339	2.46e-09	54.7
DACKFEHF_01659	MER0002267	23.932	234	155	7	90	318	67	282	2.77e-09	53.9
DACKFEHF_01659	MER0000321	26.241	282	158	13	28	290	94	344	4.34e-09	53.9
DACKFEHF_01659	MER0002790	28.505	214	136	6	94	295	1	209	9.94e-09	52.0
DACKFEHF_01659	MER0000311	27.215	316	174	13	17	320	4	275	1.21e-08	52.0
DACKFEHF_01659	MER0005931	31.330	233	137	11	90	318	28	241	1.34e-08	51.6
DACKFEHF_01659	MER0000309	25.649	308	188	11	17	320	4	274	5.30e-08	50.1
DACKFEHF_01659	MER0016697	26.344	186	110	6	27	189	18	199	1.20e-07	49.3
DACKFEHF_01659	MER0047718	26.786	168	115	5	34	198	12	174	4.56e-07	47.8
DACKFEHF_01659	MER0000389	24.419	344	183	12	26	320	22	337	5.98e-07	47.4
DACKFEHF_01659	MER0003688	27.219	169	87	6	18	185	33	166	2.47e-06	45.4
DACKFEHF_01659	MER0025143	23.418	316	166	14	35	313	31	307	3.85e-06	44.7
DACKFEHF_01659	MER0016688	25.490	204	104	9	34	219	29	202	4.84e-06	44.3
DACKFEHF_01659	MER0000361	26.444	329	199	15	25	320	19	337	5.39e-06	44.3
DACKFEHF_01659	MER0001709	24.629	337	203	14	21	320	9	331	8.78e-06	43.5
DACKFEHF_01689	MER0065554	45.946	259	128	3	306	554	10	266	1.84e-78	245
DACKFEHF_01689	MER0437468	36.103	349	209	4	213	548	1	348	1.28e-74	238
DACKFEHF_01689	MER0436717	33.250	400	201	7	213	550	1	396	7.21e-60	200
DACKFEHF_01734	MER0002299	25.581	129	89	3	214	340	71	194	3.43e-06	45.1
DACKFEHF_01756	MER0036114	32.453	265	165	10	15	269	30	290	3.60e-41	140
DACKFEHF_01756	MER0031618	29.699	266	177	8	15	272	21	284	1.24e-33	120
DACKFEHF_01756	MER0036052	31.387	274	159	9	5	260	56	318	8.92e-33	119
DACKFEHF_01756	MER0036050	28.625	269	155	8	6	252	58	311	1.15e-26	103
DACKFEHF_01756	MER0036051	29.070	258	165	10	6	252	58	308	7.77e-23	92.8
DACKFEHF_01756	MER0044580	25.670	261	182	6	2	250	53	313	2.30e-20	85.9
DACKFEHF_01756	MER0036049	25.000	268	176	11	3	252	1	261	4.19e-18	79.0
DACKFEHF_01756	MER0045883	26.978	278	167	10	24	273	31	300	6.18e-18	79.0
DACKFEHF_01756	MER0036047	27.273	264	175	10	3	252	11	271	1.36e-16	74.7
DACKFEHF_01756	MER0036063	25.095	263	182	7	3	252	11	271	2.14e-16	74.3
DACKFEHF_01756	MER0036062	26.277	274	169	9	1	252	3	265	2.19e-16	73.9
DACKFEHF_01756	MER0044641	22.656	256	174	9	15	252	44	293	2.88e-15	71.2
DACKFEHF_01756	MER0044847	23.810	252	177	10	15	252	44	294	3.49e-15	70.9
DACKFEHF_01756	MER0036048	24.803	254	175	9	15	254	21	272	2.89e-14	68.2
DACKFEHF_01756	MER0036081	26.296	270	175	10	1	252	3	266	5.17e-14	67.4
DACKFEHF_01756	MER0036070	24.275	276	192	11	15	274	20	294	9.16e-13	63.9
DACKFEHF_01756	MER0036060	21.339	239	173	8	26	252	56	291	5.68e-11	58.9
DACKFEHF_01756	MER0003537	30.000	110	69	4	22	129	18	121	5.16e-06	43.9
