BGCKMJPD_00032	MER0033178	30.108	93	63	2	58	149	25	116	8.94e-09	50.8
BGCKMJPD_00032	MER0015121	34.848	66	40	1	70	132	70	135	7.80e-08	50.4
BGCKMJPD_00032	MER0034711	28.431	102	63	2	41	132	38	139	4.86e-07	46.6
BGCKMJPD_00032	MER0038626	24.561	114	72	3	29	132	31	140	4.88e-07	46.6
BGCKMJPD_00032	MER0038671	28.696	115	73	4	23	130	20	132	7.27e-07	45.8
BGCKMJPD_00032	MER0034713	31.081	74	50	1	65	137	72	145	1.15e-06	45.4
BGCKMJPD_00032	MER0107602	26.490	151	93	5	27	162	17	164	7.08e-06	44.3
BGCKMJPD_00032	MER0033176	31.250	80	52	2	61	137	65	144	9.32e-06	42.7
BGCKMJPD_00039	MER0014827	24.096	249	134	11	674	893	4	226	1.50e-12	65.9
BGCKMJPD_00039	MER0004925	22.870	223	129	7	674	874	4	205	3.96e-12	64.7
BGCKMJPD_00039	MER0003558	25.253	198	128	4	721	906	50	239	2.43e-11	62.0
BGCKMJPD_00039	MER0034615	24.609	256	150	8	680	913	1	235	1.14e-10	59.7
BGCKMJPD_00039	MER0126485	26.923	130	88	2	777	906	93	215	3.30e-10	58.2
BGCKMJPD_00039	MER0058228	25.541	231	141	7	692	908	9	222	5.97e-10	57.8
BGCKMJPD_00039	MER0005196	28.289	152	70	6	687	812	16	154	9.06e-10	57.4
BGCKMJPD_00039	MER0000408	27.160	162	109	5	751	908	77	233	4.63e-09	55.1
BGCKMJPD_00039	MER0000263	23.013	239	156	8	689	913	6	230	2.17e-07	50.1
BGCKMJPD_00039	MER0017401	24.581	179	106	3	758	926	79	238	3.52e-07	49.3
BGCKMJPD_00039	MER0030932	24.645	211	127	7	726	922	48	240	9.00e-07	48.1
BGCKMJPD_00039	MER0013484	23.504	234	152	7	688	908	2	221	9.80e-07	47.8
BGCKMJPD_00039	MER0011583	24.000	175	115	5	757	925	81	243	1.35e-06	47.8
BGCKMJPD_00039	MER0140224	20.625	160	114	3	759	913	73	224	2.95e-06	46.6
BGCKMJPD_00041	MER0031619	25.714	140	98	3	69	203	21	159	4.87e-08	50.8
BGCKMJPD_00041	MER0031617	22.222	126	91	4	57	178	15	137	3.80e-06	44.7
BGCKMJPD_00104	MER0005900	34.908	381	212	13	65	434	37	392	3.00e-52	177
BGCKMJPD_00107	MER0031618	22.535	284	187	8	15	295	28	281	3.50e-17	77.0
BGCKMJPD_00107	MER0036114	23.368	291	184	11	15	299	37	294	2.02e-14	69.3
BGCKMJPD_00107	MER0036052	22.263	274	178	10	18	287	77	319	8.89e-11	58.5
BGCKMJPD_00107	MER0036050	30.357	112	60	3	7	111	65	165	3.33e-07	47.8
BGCKMJPD_00127	MER0002489	34.630	257	150	6	71	309	55	311	6.90e-38	137
BGCKMJPD_00127	MER1143079	31.923	260	134	8	65	307	35	268	6.92e-30	114
BGCKMJPD_00127	MER0000459	24.437	311	208	9	22	311	7	311	1.27e-27	109
BGCKMJPD_00127	MER0026262	27.778	324	197	11	33	326	11	327	3.06e-27	108
BGCKMJPD_00127	MER0005964	25.478	314	203	7	42	326	24	335	1.58e-24	100
BGCKMJPD_00127	MER0011700	26.269	335	200	8	36	324	14	347	6.79e-20	87.8
BGCKMJPD_00127	MER0005925	25.200	250	163	7	32	263	11	254	9.14e-18	80.9
BGCKMJPD_00127	MER0003802	23.659	317	209	10	40	344	17	312	6.60e-17	78.2
BGCKMJPD_00127	MER0017069	23.411	299	205	8	48	329	20	311	2.54e-15	73.6
BGCKMJPD_00127	MER0028284	24.303	251	166	8	33	272	11	248	1.16e-14	71.6
BGCKMJPD_00127	MER0004154	26.286	175	116	3	41	206	18	188	1.51e-13	68.2
BGCKMJPD_00127	MER0006204	23.009	226	147	10	26	234	7	222	2.50e-13	67.8
BGCKMJPD_00127	MER0005836	27.155	232	146	8	42	260	29	250	2.05e-12	63.9
BGCKMJPD_00127	MER0219770	23.137	255	171	8	71	309	47	292	2.14e-12	64.7
BGCKMJPD_00127	MER0000457	20.475	337	228	14	22	333	4	325	1.16e-11	62.4
BGCKMJPD_00127	MER0122661	29.570	186	113	7	31	206	7	184	1.42e-11	62.4
BGCKMJPD_00127	MER0000463	22.632	190	125	4	27	208	5	180	2.29e-11	61.6
BGCKMJPD_00127	MER0015683	24.432	176	118	4	36	203	36	204	7.37e-11	59.7
BGCKMJPD_00127	MER0140154	24.352	193	111	3	42	207	5	189	7.50e-11	60.1
BGCKMJPD_00127	MER0005923	32.353	102	61	2	37	130	20	121	4.42e-10	58.2
BGCKMJPD_00127	MER0354941	22.564	195	126	7	35	206	3	195	1.65e-09	54.3
BGCKMJPD_00127	MER0004090	26.531	147	94	4	72	206	64	208	3.06e-08	52.0
BGCKMJPD_00127	MER0034964	28.481	158	103	8	34	187	18	169	4.94e-07	48.5
BGCKMJPD_00127	MER0003800	21.759	216	143	7	14	206	3	215	1.94e-06	46.6
BGCKMJPD_00127	MER0034963	24.314	255	161	8	36	263	20	269	2.27e-06	46.2
BGCKMJPD_00127	MER0011718	22.751	189	123	8	34	211	18	194	4.67e-06	45.4
