BIJEOJHG_00004	MER0034539	52.174	207	99	0	2	208	1	207	2.86e-77	240
BIJEOJHG_00004	MER0033254	32.558	215	129	7	15	218	11	220	2.10e-22	93.6
BIJEOJHG_00027	MER0026494	31.635	471	300	7	5	459	9	473	9.62e-72	231
BIJEOJHG_00027	MER0026471	27.778	486	305	8	7	462	12	481	1.41e-60	202
BIJEOJHG_00027	MER0015142	29.630	405	265	6	65	459	110	504	1.72e-58	197
BIJEOJHG_00027	MER0026485	29.126	206	126	5	5	197	9	207	1.80e-20	88.6
BIJEOJHG_00027	MER0026485	28.283	99	71	0	359	457	210	308	1.17e-09	56.2
BIJEOJHG_00027	MER0003397	30.732	205	124	6	5	197	10	208	2.31e-20	88.6
BIJEOJHG_00027	MER0052470	23.282	451	299	15	12	435	9	439	1.53e-16	78.6
BIJEOJHG_00027	MER0057434	26.570	207	130	7	5	197	1	199	3.89e-16	75.9
BIJEOJHG_00027	MER0369972	35.849	106	58	5	55	160	41	136	6.72e-10	57.8
BIJEOJHG_00027	MER0001272	27.273	154	91	5	20	170	11	146	2.37e-07	48.9
BIJEOJHG_00059	MER0005300	28.926	121	80	2	280	399	47	162	9.52e-11	57.0
BIJEOJHG_00059	MER0013541	40.299	67	39	1	304	369	2	68	4.18e-07	44.7
BIJEOJHG_00059	MER0069741	33.858	127	67	7	278	396	46	163	9.34e-07	45.4
BIJEOJHG_00059	MER0003380	30.275	109	70	5	291	396	127	232	7.56e-06	43.9
BIJEOJHG_00089	MER0013458	27.632	152	81	7	46	188	37	168	9.76e-10	53.1
BIJEOJHG_00089	MER0005742	24.444	135	61	4	47	181	8	101	4.86e-07	43.9
BIJEOJHG_00089	MER0001333	25.786	159	79	7	26	182	78	199	2.05e-06	44.3
BIJEOJHG_00094	MER0091680	25.806	155	109	4	427	581	69	217	9.16e-06	44.3
BIJEOJHG_00113	MER0001158	33.979	671	427	11	45	707	15	677	1.06e-123	381
BIJEOJHG_00113	MER0001161	29.204	678	455	16	45	707	11	678	7.57e-90	292
BIJEOJHG_00113	MER0006087	28.702	655	430	17	80	707	54	698	9.25e-74	249
BIJEOJHG_00113	MER0015119	26.730	737	459	23	28	707	4	716	1.77e-64	224
BIJEOJHG_00113	MER0001149	26.180	657	420	21	19	650	4	620	1.15e-53	193
BIJEOJHG_00113	MER0001153	26.421	598	400	15	79	650	54	637	5.11e-48	177
BIJEOJHG_00113	MER0001942	25.407	614	414	15	112	707	89	676	1.38e-46	172
BIJEOJHG_00113	MER0003110	26.655	559	338	18	98	606	70	606	4.62e-43	163
BIJEOJHG_00113	MER0108144	24.487	682	466	20	50	707	6	662	6.57e-41	155
BIJEOJHG_00113	MER0079465	24.144	555	375	16	175	706	102	633	2.59e-37	145
BIJEOJHG_00113	MER0015170	21.317	638	451	19	79	705	31	628	1.52e-33	133
BIJEOJHG_00113	MER0001156	20.279	646	444	17	87	684	62	684	3.37e-27	114
BIJEOJHG_00120	MER0031570	24.498	249	154	8	107	348	25	246	8.18e-11	58.5
BIJEOJHG_00120	MER0036027	23.529	238	151	7	107	336	25	239	5.13e-09	53.5
BIJEOJHG_00120	MER0033242	28.926	121	77	4	100	213	27	145	4.13e-07	48.1
BIJEOJHG_00120	MER0140224	32.609	92	58	2	238	327	120	209	4.28e-06	44.3
BIJEOJHG_00122	MER0281397	27.885	208	123	7	114	304	4	201	2.26e-07	47.8
BIJEOJHG_00122	MER0004154	23.022	278	174	9	114	361	55	322	5.53e-06	44.7
BIJEOJHG_00125	MER0002161	24.262	305	170	13	25	299	9	282	2.95e-12	62.8
BIJEOJHG_00125	MER0100667	30.409	171	95	7	93	258	35	186	1.02e-09	54.7
BIJEOJHG_00125	MER0001284	27.660	141	95	4	49	186	3	139	2.74e-09	53.5
BIJEOJHG_00125	MER0004514	36.893	103	55	5	90	186	41	139	7.32e-09	52.4
BIJEOJHG_00125	MER0005139	28.571	112	61	3	85	188	63	163	1.42e-07	48.9
BIJEOJHG_00125	MER0001289	33.721	86	46	3	85	169	62	137	1.83e-07	48.5
BIJEOJHG_00125	MER0001290	31.206	141	82	8	39	167	46	183	3.17e-07	48.1
BIJEOJHG_00125	MER0001911	34.286	105	55	4	66	169	25	116	1.11e-06	45.8
BIJEOJHG_00125	MER0194228	31.579	95	48	4	99	188	1	83	1.56e-06	44.7
BIJEOJHG_00194	MER0192051	27.149	221	135	7	20	224	97	307	6.38e-10	56.6
