ENJJHACM_00029	MER0003242	36.585	82	52	0	368	449	216	297	1.91e-09	55.5
ENJJHACM_00076	MER0016191	31.387	137	86	2	13	141	4	140	1.58e-19	80.1
ENJJHACM_00076	MER0016185	29.630	108	73	2	10	114	1	108	8.22e-07	44.7
ENJJHACM_00077	MER0016172	30.488	82	57	0	1	82	199	280	1.86e-08	47.0
ENJJHACM_00105	MER0004469	26.178	191	109	7	10	178	8	188	2.69e-14	71.2
ENJJHACM_00105	MER0897124	28.636	220	130	6	229	435	210	415	1.99e-13	68.6
ENJJHACM_00105	MER0897124	35.135	74	43	2	1	74	1	69	9.16e-06	44.3
ENJJHACM_00105	MER0897124	31.111	135	81	4	80	205	147	278	9.83e-06	44.3
ENJJHACM_00105	MER0004480	37.069	116	65	4	11	125	1	109	1.50e-12	65.1
ENJJHACM_00105	MER0004468	26.818	220	134	6	229	435	210	415	6.35e-12	63.9
ENJJHACM_00105	MER0004471	28.346	127	81	4	6	132	87	203	5.06e-10	57.8
ENJJHACM_00105	MER0004471	32.468	77	51	1	363	438	290	366	1.34e-06	47.0
ENJJHACM_00105	MER0004474	29.565	115	69	5	13	126	88	191	6.71e-10	57.4
ENJJHACM_00106	MER0168177	33.645	107	67	3	1	107	47	149	2.61e-14	66.6
ENJJHACM_00106	MER0011440	31.858	113	71	2	1	108	86	197	4.58e-14	67.4
ENJJHACM_00106	MER0011438	35.455	110	65	2	1	105	86	194	8.41e-14	66.2
ENJJHACM_00106	MER0001009	26.882	186	118	7	1	178	25	200	1.38e-12	62.8
ENJJHACM_00106	MER0002210	33.043	115	68	4	1	108	44	156	4.53e-12	60.1
ENJJHACM_00106	MER0168983	30.841	107	68	3	1	107	48	148	8.83e-12	59.7
ENJJHACM_00106	MER0001005	33.333	114	69	4	1	108	52	164	1.59e-11	59.3
ENJJHACM_00106	MER0011423	32.743	113	70	4	1	108	90	201	1.74e-11	59.7
ENJJHACM_00106	MER0005045	29.565	115	75	3	1	110	74	187	2.21e-11	59.3
ENJJHACM_00106	MER0002968	30.833	120	62	4	1	108	92	202	8.89e-11	57.8
ENJJHACM_00106	MER0002746	30.435	115	70	4	1	108	87	198	1.21e-10	57.4
ENJJHACM_00106	MER0011175	27.679	112	75	3	2	108	87	197	1.36e-10	57.0
ENJJHACM_00106	MER0002422	30.556	108	75	0	1	108	86	193	1.61e-10	56.6
ENJJHACM_00106	MER0028449	30.556	144	64	6	1	123	93	221	1.96e-10	57.0
ENJJHACM_00106	MER0091680	30.088	113	72	3	1	108	77	187	2.17e-10	56.6
ENJJHACM_00106	MER0011369	31.250	112	71	3	2	108	102	212	2.83e-10	56.2
ENJJHACM_00106	MER0011183	30.435	115	70	4	1	108	79	190	3.34e-10	56.2
ENJJHACM_00106	MER0001701	29.310	116	71	4	1	108	75	187	4.79e-10	55.8
ENJJHACM_00106	MER0019759	30.986	142	84	6	1	136	87	220	5.26e-10	55.8
ENJJHACM_00106	MER0006264	25.000	116	77	3	1	109	58	170	1.16e-09	53.9
ENJJHACM_00106	MER0001010	27.826	115	73	3	1	108	66	177	1.41e-09	53.9
ENJJHACM_00106	MER0000997	29.661	118	70	4	1	108	90	204	1.50e-09	54.3
ENJJHACM_00106	MER0005331	29.915	117	67	2	1	108	87	197	1.51e-09	53.9
ENJJHACM_00106	MER0005046	28.099	121	69	3	1	110	74	187	1.52e-09	53.9
ENJJHACM_00106	MER0001003	31.624	117	68	3	1	108	59	172	1.55e-09	53.5
ENJJHACM_00106	MER0004243	30.000	120	71	4	1	110	89	205	1.97e-09	53.9
ENJJHACM_00106	MER0036308	32.075	106	64	3	1	100	87	190	9.02e-09	52.0
ENJJHACM_00106	MER0052595	29.565	115	73	3	1	108	94	207	9.65e-09	51.6
ENJJHACM_00106	MER0019754	26.667	120	70	3	1	108	69	182	1.79e-08	50.4
ENJJHACM_00106	MER0002060	27.778	126	70	4	1	114	92	208	2.09e-08	50.8
ENJJHACM_00106	MER0011371	25.893	112	79	1	1	108	87	198	2.24e-08	50.4
ENJJHACM_00106	MER0011370	30.252	119	65	4	1	108	86	197	2.42e-08	50.4
ENJJHACM_00106	MER0002003	31.304	115	70	4	1	108	92	204	3.41e-08	50.1
ENJJHACM_00106	MER0011400	26.957	115	76	3	2	110	88	200	3.68e-08	50.4
ENJJHACM_00106	MER0016308	28.099	121	65	3	1	108	59	170	4.51e-08	49.3
ENJJHACM_00106	MER0015166	26.667	120	66	4	2	108	108	218	2.00e-07	48.1
ENJJHACM_00106	MER0005328	29.915	117	73	4	1	108	78	194	2.51e-07	47.4
ENJJHACM_00106	MER0040779	25.926	108	71	3	3	110	88	186	8.40e-07	45.8
ENJJHACM_00106	MER0011720	33.945	109	68	3	1	108	84	189	8.55e-07	45.8
ENJJHACM_00106	MER0002355	28.333	120	61	4	1	108	89	195	1.55e-06	45.1
ENJJHACM_00106	MER0001012	22.807	114	80	3	1	108	92	203	5.84e-06	43.5
ENJJHACM_00106	MER0012283	27.119	118	74	3	1	109	89	203	5.98e-06	43.5
ENJJHACM_00106	MER0011401	26.724	116	74	4	2	108	81	194	6.44e-06	43.1
ENJJHACM_00106	MER0002078	26.316	133	88	4	1	127	87	215	8.63e-06	43.1
ENJJHACM_00106	MER0002658	27.966	118	75	3	1	109	3	119	9.41e-06	42.0
ENJJHACM_00112	MER0002285	41.176	119	63	3	3	117	534	649	8.93e-23	88.6
ENJJHACM_00112	MER0004775	38.655	119	64	2	3	117	545	658	9.95e-23	88.6
ENJJHACM_00112	MER0001050	38.462	117	68	2	3	117	585	699	1.18e-21	85.5
ENJJHACM_00112	MER0001058	39.286	112	57	2	6	117	526	626	2.25e-20	82.0
ENJJHACM_00112	MER0002988	37.931	116	65	3	6	117	581	693	1.31e-19	79.7
ENJJHACM_00112	MER0001365	38.136	118	65	4	6	117	616	731	3.98e-19	78.2
ENJJHACM_00112	MER0011141	36.585	123	67	4	1	117	572	689	3.41e-18	75.9
ENJJHACM_00112	MER0001056	35.043	117	72	2	3	117	563	677	5.48e-18	75.1
ENJJHACM_00112	MER0004762	34.783	115	71	2	5	117	577	689	8.50e-18	74.7
ENJJHACM_00112	MER0013406	38.462	117	64	3	5	117	584	696	1.47e-17	73.9
ENJJHACM_00112	MER0002997	31.933	119	72	3	5	117	574	689	1.68e-17	73.6
ENJJHACM_00112	MER0038668	32.773	119	72	2	6	117	486	603	1.28e-16	71.2
ENJJHACM_00112	MER0011838	35.088	114	70	2	6	117	570	681	1.38e-16	71.2
ENJJHACM_00112	MER0015175	36.364	121	69	4	4	117	631	750	1.95e-16	70.9
ENJJHACM_00112	MER0024834	35.294	119	67	5	5	117	67	181	3.19e-16	67.8
ENJJHACM_00112	MER0005528	31.624	117	76	2	3	117	571	685	3.44e-16	70.1
ENJJHACM_00112	MER0019831	32.787	122	71	3	3	117	534	651	1.10e-15	68.6
ENJJHACM_00112	MER0019832	35.714	112	60	2	6	117	549	648	3.19e-15	67.0
ENJJHACM_00112	MER0001991	33.962	106	68	1	3	106	563	668	4.37e-15	66.6
ENJJHACM_00112	MER0002350	33.333	117	72	2	5	117	582	696	9.34e-15	65.9
ENJJHACM_00112	MER0011159	31.897	116	71	3	6	117	571	682	2.39e-14	64.7
ENJJHACM_00112	MER0162857	33.051	118	70	4	6	117	632	746	5.14e-14	63.9
ENJJHACM_00112	MER0002062	34.951	103	62	2	3	100	583	685	2.61e-13	61.6
ENJJHACM_00112	MER0011432	28.696	115	71	2	3	106	553	667	1.73e-09	50.8
ENJJHACM_00112	MER0011433	28.696	115	71	2	3	106	553	667	4.55e-09	49.7
ENJJHACM_00112	MER0026946	31.034	116	71	5	4	117	146	254	4.37e-08	46.6
ENJJHACM_00112	MER0011427	28.571	126	73	4	6	117	561	683	1.32e-07	45.4
ENJJHACM_00112	MER0001054	29.752	121	66	6	4	117	553	661	2.56e-06	41.6
ENJJHACM_00112	MER0011355	27.419	124	73	5	6	117	548	666	3.42e-06	41.2
ENJJHACM_00112	MER0011430	26.126	111	74	3	13	117	549	657	7.27e-06	40.4
ENJJHACM_00113	MER0004775	37.372	487	300	2	15	501	11	492	4.32e-116	353
ENJJHACM_00113	MER0001991	29.980	507	326	12	14	501	15	511	2.93e-72	239
ENJJHACM_00113	MER0011141	28.599	514	327	12	18	501	19	522	2.33e-67	226
ENJJHACM_00113	MER0001056	29.515	515	341	10	2	501	4	511	1.49e-66	224
ENJJHACM_00113	MER0011159	29.020	510	322	11	18	501	19	514	3.45e-63	215
ENJJHACM_00113	MER0019832	30.444	473	315	7	35	501	30	494	1.81e-62	212
ENJJHACM_00113	MER0011838	27.490	502	334	11	21	501	23	515	1.87e-59	204
ENJJHACM_00113	MER0002988	27.006	511	341	10	18	501	19	524	1.96e-57	199
ENJJHACM_00113	MER0001050	27.863	524	320	11	21	501	22	530	1.19e-55	194
ENJJHACM_00113	MER0001059	28.059	474	336	3	29	501	6	475	5.38e-53	185
ENJJHACM_00113	MER0013406	26.602	515	335	11	21	501	22	527	5.81e-52	184
ENJJHACM_00113	MER0001058	27.812	489	315	12	29	501	5	471	8.32e-50	177
ENJJHACM_00113	MER0019831	26.786	448	290	7	79	501	46	480	1.13e-47	172
ENJJHACM_00113	MER0002350	27.767	533	342	16	2	501	4	526	3.93e-44	162
ENJJHACM_00113	MER0002062	25.483	518	345	11	18	501	19	529	1.50e-43	160
ENJJHACM_00113	MER0005528	25.197	508	337	13	21	499	22	515	3.99e-42	156
ENJJHACM_00113	MER0004762	24.283	523	349	11	12	501	13	521	4.47e-38	144
ENJJHACM_00113	MER0001054	22.433	526	356	15	8	501	2	507	7.86e-31	123
ENJJHACM_00113	MER0002997	21.756	524	354	12	14	501	15	518	1.90e-30	122
ENJJHACM_00113	MER0002285	21.739	506	326	13	18	499	19	478	1.31e-21	95.1
ENJJHACM_00113	MER0015175	22.456	570	326	21	18	500	26	566	3.54e-21	94.0
ENJJHACM_00113	MER0038668	24.505	404	248	16	147	500	22	418	2.66e-18	84.7
ENJJHACM_00113	MER0001365	30.286	175	106	4	338	499	382	553	9.19e-18	83.2
ENJJHACM_00113	MER0162857	28.313	166	109	4	346	501	405	570	7.13e-17	80.5
ENJJHACM_00113	MER0002993	24.407	295	174	11	237	499	218	495	2.36e-10	59.7
ENJJHACM_00113	MER0026946	28.571	91	60	1	411	501	15	100	1.37e-09	55.8
ENJJHACM_00113	MER0004778	20.620	548	354	21	18	501	20	550	4.05e-09	55.8
ENJJHACM_00113	MER0011433	21.289	512	336	21	20	501	27	501	1.63e-08	53.9
ENJJHACM_00113	MER0002987	25.397	189	128	6	318	499	228	410	2.79e-07	49.7
ENJJHACM_00113	MER0011432	19.165	407	281	12	20	405	27	406	2.45e-06	47.0
ENJJHACM_00113	MER0011427	24.599	187	125	6	328	501	321	504	5.88e-06	45.4
ENJJHACM_00138	MER0014135	45.489	266	145	0	184	449	1	266	5.46e-81	248
ENJJHACM_00138	MER0003359	30.556	108	73	2	347	452	115	222	3.64e-09	53.9
ENJJHACM_00138	MER0017402	27.368	95	64	2	337	428	80	172	9.27e-07	46.6
ENJJHACM_00138	MER0005837	25.000	120	81	3	318	428	98	217	3.16e-06	45.4
ENJJHACM_00138	MER0026213	26.471	102	66	2	327	427	131	224	7.32e-06	44.3
ENJJHACM_00145	MER0012158	38.576	337	133	10	2	266	1	335	2.97e-65	204
ENJJHACM_00145	MER0003327	44.907	216	114	4	2	216	1	212	1.92e-61	191
ENJJHACM_00145	MER0185695	41.964	224	120	3	2	218	1	221	2.29e-52	167
ENJJHACM_00145	MER0003350	42.029	207	96	6	2	185	1	206	1.17e-47	155
ENJJHACM_00145	MER0003322	39.806	206	99	5	2	182	1	206	5.68e-42	140
ENJJHACM_00145	MER0011781	34.146	164	100	4	2	162	1	159	4.18e-17	75.5
ENJJHACM_00145	MER0011806	33.824	136	86	3	2	134	1	135	5.88e-15	69.7
ENJJHACM_00145	MER0004101	33.088	136	87	3	2	134	1	135	2.24e-14	67.8
ENJJHACM_00145	MER0003314	33.333	147	81	6	2	134	1	144	2.12e-13	65.5
ENJJHACM_00193	MER0026494	31.875	480	298	10	1	462	4	472	4.31e-71	229
ENJJHACM_00193	MER0026471	29.959	484	303	9	1	459	5	477	1.04e-67	221
ENJJHACM_00193	MER0015142	28.958	480	314	8	1	462	33	503	6.72e-65	214
ENJJHACM_00193	MER0026485	36.019	211	115	7	1	198	4	207	8.82e-27	106
ENJJHACM_00193	MER0026485	30.392	102	68	1	360	461	210	308	3.53e-09	54.7
ENJJHACM_00193	MER0003397	35.354	198	106	7	17	198	17	208	1.75e-24	100
ENJJHACM_00193	MER0003397	30.303	99	66	1	362	460	213	308	3.05e-09	55.1
ENJJHACM_00193	MER0052470	24.495	396	257	11	66	440	69	443	1.03e-18	85.1
ENJJHACM_00193	MER0057434	30.622	209	119	10	6	198	1	199	2.41e-17	79.3
ENJJHACM_00193	MER0057434	33.333	81	51	1	381	461	223	300	2.70e-07	48.9
ENJJHACM_00193	MER0001272	27.778	144	85	5	21	162	11	137	1.15e-09	55.8
ENJJHACM_00193	MER0369972	28.824	170	110	6	19	188	5	163	3.53e-09	55.5
ENJJHACM_00197	MER0001244	39.015	264	146	5	175	426	2	262	6.60e-57	185
ENJJHACM_00197	MER0013463	35.849	265	151	5	174	425	1	259	8.10e-47	159
ENJJHACM_00197	MER0001733	29.310	290	163	4	176	423	3	292	3.67e-41	145
ENJJHACM_00197	MER0028601	30.182	275	156	9	176	425	3	266	1.87e-37	134
ENJJHACM_00197	MER0005462	29.707	239	142	5	174	408	1	217	8.74e-33	120
ENJJHACM_00197	MER0004532	31.120	241	129	6	175	406	2	214	9.25e-33	120
ENJJHACM_00197	MER0004931	30.672	238	139	5	175	408	2	217	9.11e-32	118
ENJJHACM_00197	MER0001248	31.076	251	123	8	222	426	7	253	9.22e-29	110
ENJJHACM_00197	MER0005715	26.891	238	148	6	175	406	2	219	5.80e-22	91.3
ENJJHACM_00197	MER0002038	23.673	245	157	8	175	412	2	223	1.98e-14	69.3
ENJJHACM_00197	MER0001250	24.468	282	152	10	176	406	3	274	2.48e-12	63.9
ENJJHACM_00197	MER0027437	24.898	245	143	10	174	400	1	222	1.98e-10	57.8
ENJJHACM_00197	MER0003105	25.490	204	108	9	229	415	64	240	2.79e-08	51.6
ENJJHACM_00199	MER0017177	28.333	120	83	2	11	127	23	142	1.50e-13	66.2
ENJJHACM_00199	MER0004146	33.333	120	74	3	8	121	4	123	3.24e-13	64.7
ENJJHACM_00199	MER0036053	24.521	261	170	7	18	252	4	263	9.66e-13	63.2
ENJJHACM_00199	MER0044581	33.333	108	65	3	23	123	72	179	1.64e-12	63.2
ENJJHACM_00199	MER0036115	32.353	102	67	1	20	119	33	134	1.95e-12	62.8
ENJJHACM_00199	MER0044578	32.710	107	65	3	23	122	74	180	3.80e-11	59.3
ENJJHACM_00199	MER0036072	29.771	131	80	3	12	130	67	197	6.44e-11	58.5
ENJJHACM_00199	MER0017142	24.873	197	113	6	12	180	3	192	9.11e-11	57.4
ENJJHACM_00199	MER0036054	32.000	100	66	2	23	120	17	116	1.20e-10	57.4
ENJJHACM_00199	MER0014065	28.440	109	75	2	12	118	25	132	1.21e-10	57.8
ENJJHACM_00199	MER0031619	24.390	164	112	4	19	170	25	188	3.72e-10	56.2
ENJJHACM_00199	MER0035043	30.303	99	67	1	22	118	35	133	3.81e-10	56.2
ENJJHACM_00199	MER0037236	30.328	122	72	4	7	119	4	121	8.40e-10	54.7
ENJJHACM_00199	MER0026339	32.353	102	61	3	9	102	9	110	1.21e-09	54.3
ENJJHACM_00199	MER0031617	23.109	238	153	7	4	217	14	245	1.40e-09	54.3
ENJJHACM_00199	MER0011509	28.226	124	85	2	12	131	28	151	3.13e-09	53.5
ENJJHACM_00199	MER0011785	27.273	132	90	3	3	129	17	147	3.92e-09	53.1
ENJJHACM_00199	MER0031616	25.472	106	75	1	22	123	39	144	4.27e-09	53.1
ENJJHACM_00199	MER0031611	28.155	103	71	2	18	117	35	137	9.05e-09	52.0
ENJJHACM_00199	MER0213280	22.772	101	76	1	22	120	30	130	1.07e-08	51.6
ENJJHACM_00199	MER0036057	30.088	113	76	2	23	132	63	175	1.47e-08	51.2
ENJJHACM_00199	MER0035032	27.273	99	70	1	22	118	31	129	2.08e-08	50.8
ENJJHACM_00199	MER0044900	25.714	140	85	5	6	130	82	217	3.14e-08	50.4
ENJJHACM_00199	MER0035035	27.000	100	71	1	22	119	35	134	3.32e-08	50.4
ENJJHACM_00199	MER0036064	25.410	244	162	10	22	252	27	263	4.17e-08	49.7
ENJJHACM_00199	MER0035038	27.273	99	70	1	22	118	30	128	4.68e-08	49.7
ENJJHACM_00199	MER0035973	23.246	228	161	6	13	233	47	267	5.80e-08	49.3
ENJJHACM_00199	MER0017033	30.973	113	77	1	23	134	65	177	5.81e-08	49.7
ENJJHACM_00199	MER0213829	28.571	119	59	5	23	124	50	159	6.22e-08	49.7
ENJJHACM_00199	MER0044633	27.273	121	82	3	23	137	74	194	6.30e-08	49.7
ENJJHACM_00199	MER0035044	28.283	99	69	1	22	118	33	131	6.49e-08	49.3
ENJJHACM_00199	MER0036074	21.739	253	148	7	22	235	91	332	7.72e-08	49.3
ENJJHACM_00199	MER0017193	33.333	84	55	1	14	96	17	100	9.52e-08	48.9
ENJJHACM_00199	MER0044350	29.348	92	58	2	22	108	1	90	1.86e-07	47.8
ENJJHACM_00199	MER0030163	24.060	133	91	3	36	158	43	175	2.32e-07	47.8
ENJJHACM_00199	MER0036065	27.885	104	68	1	22	118	2	105	2.55e-07	47.4
ENJJHACM_00199	MER0036075	33.721	86	53	3	23	104	71	156	3.17e-07	47.4
ENJJHACM_00199	MER0033249	26.357	129	87	2	1	121	8	136	4.05e-07	46.2
ENJJHACM_00199	MER0036062	34.615	104	59	5	23	117	33	136	4.93e-07	46.6
ENJJHACM_00199	MER0031610	28.188	149	80	6	22	148	54	197	6.16e-07	46.6
ENJJHACM_00199	MER0036084	27.826	115	77	3	17	125	13	127	7.49e-07	46.2
ENJJHACM_00199	MER0036066	28.283	99	69	2	23	119	1	99	1.17e-06	45.4
ENJJHACM_00199	MER0034563	26.957	115	82	2	23	137	17	129	1.26e-06	45.1
ENJJHACM_00199	MER0036076	26.168	107	76	2	23	127	63	168	1.32e-06	45.4
ENJJHACM_00199	MER0043008	26.016	123	73	4	17	127	15	131	3.80e-06	43.9
ENJJHACM_00199	MER0042914	41.071	56	33	0	68	123	98	153	7.09e-06	43.1
ENJJHACM_00212	MER0005767	28.616	318	185	6	54	368	27	305	1.26e-39	141
ENJJHACM_00212	MER0030151	26.933	401	267	13	4	384	1	395	7.36e-25	102
ENJJHACM_00212	MER0030143	26.933	401	267	14	4	384	1	395	1.04e-23	99.4
ENJJHACM_00212	MER0030136	24.505	404	273	14	4	384	1	395	3.35e-21	92.0
ENJJHACM_00212	MER0015112	25.806	403	273	13	4	384	1	399	7.17e-21	90.9
ENJJHACM_00212	MER0030149	26.290	407	262	17	4	384	1	395	5.73e-20	88.2
ENJJHACM_00212	MER0030155	25.310	403	271	14	4	384	1	395	1.15e-19	87.4
ENJJHACM_00260	MER0011781	24.742	291	141	12	38	320	17	237	1.64e-10	58.5
ENJJHACM_00260	MER0004101	24.549	277	146	10	38	314	17	230	2.62e-09	55.1
ENJJHACM_00260	MER0011806	22.744	277	151	11	38	314	17	230	2.73e-08	52.0
ENJJHACM_00299	MER0003380	36.017	236	142	4	144	378	12	239	1.41e-40	141
ENJJHACM_00299	MER0069741	40.278	144	82	3	235	376	27	168	1.42e-26	102
ENJJHACM_00299	MER0013541	49.412	85	43	0	277	361	1	85	1.10e-23	91.3
ENJJHACM_00299	MER0066182	41.379	116	64	2	258	372	76	188	6.03e-19	81.6
ENJJHACM_00299	MER0387040	45.361	97	52	1	277	372	1	97	2.20e-18	77.0
ENJJHACM_00299	MER0003376	35.433	127	60	3	252	365	29	146	4.84e-16	72.4
ENJJHACM_00299	MER0003906	35.870	92	57	2	277	366	1	92	6.26e-12	58.9
ENJJHACM_00299	MER0001419	33.684	95	61	2	268	360	23	117	1.41e-11	58.9
ENJJHACM_00299	MER0003423	29.730	111	76	2	268	376	23	133	6.16e-11	57.0
ENJJHACM_00299	MER0015415	34.524	84	54	1	279	361	66	149	8.17e-10	54.7
ENJJHACM_00299	MER0005300	40.000	80	45	1	271	350	62	138	7.33e-08	48.9
ENJJHACM_00299	MER0025070	29.293	99	61	2	275	364	4	102	5.25e-07	45.1
ENJJHACM_00299	MER0388771	29.897	97	59	2	277	364	2	98	6.34e-07	45.1
ENJJHACM_00302	MER0025086	41.549	142	63	5	227	367	1	123	7.92e-25	97.4
ENJJHACM_00302	MER0029657	37.500	144	64	5	226	368	28	146	5.24e-20	84.3
ENJJHACM_00302	MER0011122	36.709	158	75	8	216	367	8	146	1.06e-17	77.8
ENJJHACM_00302	MER0002084	28.626	262	119	14	84	333	1	206	1.55e-11	62.0
ENJJHACM_00302	MER0014521	34.559	136	70	8	269	387	100	233	2.78e-08	53.5
ENJJHACM_00302	MER0002217	28.767	146	71	9	269	389	102	239	4.78e-06	46.6
ENJJHACM_00331	MER0044357	26.484	219	133	6	9	202	36	251	2.51e-17	79.3
ENJJHACM_00331	MER0044357	31.193	109	70	2	211	318	340	444	9.04e-09	53.1
ENJJHACM_00365	MER0001400	40.278	216	98	6	567	769	174	371	2.69e-45	164
ENJJHACM_00365	MER0001400	32.500	200	105	4	220	419	2	171	1.14e-17	82.8
ENJJHACM_00366	MER0001400	41.667	216	95	7	46	248	174	371	8.76e-49	166
ENJJHACM_00368	MER0001400	33.000	200	104	4	247	446	2	171	2.11e-17	80.5
ENJJHACM_00378	MER0026262	30.347	346	204	13	26	340	2	341	5.91e-33	124
ENJJHACM_00378	MER0002489	27.900	319	209	6	40	338	23	340	6.77e-32	121
ENJJHACM_00378	MER1143079	30.435	276	170	7	36	305	7	266	8.66e-32	119
ENJJHACM_00378	MER0005964	28.475	295	177	9	59	323	40	330	1.37e-30	118
ENJJHACM_00378	MER0017069	25.503	298	193	7	50	327	21	309	2.19e-27	108
ENJJHACM_00378	MER0000459	25.830	271	182	6	53	305	36	305	8.73e-27	107
ENJJHACM_00378	MER0003802	26.207	290	201	4	40	327	16	294	1.40e-23	97.4
ENJJHACM_00378	MER0000457	22.684	313	215	11	22	316	1	304	1.55e-18	83.2
ENJJHACM_00378	MER0011700	24.390	246	161	4	44	265	21	265	5.09e-17	79.0
ENJJHACM_00378	MER0140154	22.222	333	212	8	44	329	6	338	1.08e-16	77.8
ENJJHACM_00378	MER0028284	22.603	292	189	6	58	324	34	313	1.56e-16	77.4
ENJJHACM_00378	MER0015683	26.630	184	126	5	26	203	24	204	1.29e-14	70.9
ENJJHACM_00378	MER0004154	24.651	215	150	5	50	258	26	234	2.32e-14	70.9
ENJJHACM_00378	MER0219770	25.769	260	159	11	73	311	48	294	6.06e-14	69.3
ENJJHACM_00378	MER0005925	27.976	168	104	5	44	197	22	186	9.76e-14	68.9
ENJJHACM_00378	MER0006204	19.910	221	153	7	26	228	6	220	1.55e-13	68.6
ENJJHACM_00378	MER0000463	22.543	173	124	3	58	228	34	198	1.15e-10	59.7
ENJJHACM_00378	MER0005836	22.642	212	146	6	54	254	40	244	2.99e-10	57.4
ENJJHACM_00378	MER0011726	25.342	146	101	3	44	187	26	165	1.66e-09	56.2
ENJJHACM_00378	MER0004090	26.733	202	118	7	34	206	8	208	8.15e-09	53.9
ENJJHACM_00378	MER0005923	29.474	95	61	1	44	132	28	122	5.02e-08	51.6
ENJJHACM_00378	MER0354941	22.581	186	125	5	40	206	10	195	5.56e-08	49.7
ENJJHACM_00378	MER0122661	29.286	140	90	3	72	206	49	184	9.36e-08	50.4
ENJJHACM_00378	MER0356183	29.530	149	82	6	52	183	9	151	1.44e-07	48.9
ENJJHACM_00378	MER0034963	28.788	132	80	3	45	169	27	151	2.02e-07	49.7
ENJJHACM_00392	MER0002639	45.029	171	90	1	87	257	10	176	1.10e-47	154
ENJJHACM_00392	MER0002642	41.212	165	93	1	87	251	10	170	4.12e-40	134
ENJJHACM_00392	MER0042387	35.220	159	96	6	93	249	22	175	3.03e-18	77.4
ENJJHACM_00392	MER0026552	27.500	160	101	7	91	246	12	160	9.27e-12	59.3
ENJJHACM_00392	MER0026496	24.242	165	114	5	92	246	99	262	1.57e-07	48.1
ENJJHACM_00392	MER0026545	22.927	205	132	8	65	250	66	263	2.04e-07	47.8
ENJJHACM_00392	MER0002637	49.020	51	22	2	95	141	21	71	1.00e-06	45.4
ENJJHACM_00437	MER0016185	28.470	281	186	8	66	342	53	322	5.50e-26	103
ENJJHACM_00487	MER0014366	38.449	593	329	12	30	605	27	600	2.34e-125	383
ENJJHACM_00487	MER0039993	37.563	599	334	12	31	605	1	583	1.86e-121	372
ENJJHACM_00487	MER0217397	34.295	589	336	12	45	605	1	566	3.70e-102	322
ENJJHACM_00487	MER0501051	40.541	259	145	5	30	284	3	256	1.02e-54	188
ENJJHACM_00487	MER0501051	50.000	42	18	1	563	604	248	286	4.58e-06	46.2
ENJJHACM_00488	MER0217397	54.167	96	43	1	1	95	584	679	1.56e-32	115
ENJJHACM_00488	MER0014366	48.421	95	49	0	1	95	618	712	1.63e-29	107
ENJJHACM_00488	MER0039993	50.000	96	47	1	1	95	601	696	3.31e-28	103
ENJJHACM_00488	MER0501051	41.975	81	47	0	14	94	319	399	2.57e-17	72.4
ENJJHACM_00498	MER0000576	35.652	115	71	3	36	148	1	114	2.06e-19	75.5
ENJJHACM_00498	MER0022664	29.630	135	78	4	9	141	4	123	8.87e-09	47.8
ENJJHACM_00510	MER0001299	37.732	485	275	8	73	540	48	522	1.02e-88	283
ENJJHACM_00510	MER0011114	40.642	187	110	1	327	512	182	368	1.00e-40	149
ENJJHACM_00510	MER0011114	30.000	130	91	0	87	216	2	131	3.26e-14	71.2
ENJJHACM_00510	MER0321345	42.222	180	102	1	332	509	1	180	1.29e-37	134
ENJJHACM_00510	MER0321345	26.702	191	131	4	84	272	1	184	9.21e-14	67.0
ENJJHACM_00510	MER0003812	42.222	180	102	1	332	509	1	180	2.76e-37	134
ENJJHACM_00510	MER0003812	26.178	191	132	4	84	272	1	184	7.37e-13	64.7
ENJJHACM_00510	MER0013957	30.168	179	125	0	332	510	1	179	5.55e-21	87.8
ENJJHACM_00510	MER0013957	24.457	184	133	5	84	265	1	180	1.11e-07	49.3
ENJJHACM_00510	MER0044046	30.899	178	122	1	332	509	1	177	1.80e-19	83.6
ENJJHACM_00510	MER0044046	22.689	119	83	4	125	239	41	154	4.56e-06	44.3
ENJJHACM_00510	MER0001300	30.539	167	113	2	344	509	9	173	1.57e-17	77.8
ENJJHACM_00510	MER0001303	25.275	182	127	3	332	509	1	177	3.47e-12	62.4
ENJJHACM_00535	MER0002036	35.556	135	84	2	8	139	13	147	2.29e-21	88.2
ENJJHACM_00535	MER0002031	29.851	134	89	2	6	139	11	139	7.59e-15	69.3
ENJJHACM_00535	MER0003813	29.008	131	87	3	4	130	8	136	8.85e-10	54.7
ENJJHACM_00535	MER0014664	23.881	134	100	2	6	139	8	139	2.02e-09	53.5
ENJJHACM_00535	MER0042832	26.471	136	90	3	8	138	6	136	2.28e-08	50.4
ENJJHACM_00535	MER0002884	22.727	132	100	2	8	138	6	136	5.12e-07	46.6
ENJJHACM_00535	MER0014665	21.642	134	104	1	6	139	4	136	7.89e-07	46.2
ENJJHACM_00539	MER0001243	39.754	244	145	2	5	246	6	249	6.25e-64	198
ENJJHACM_00539	MER0001342	39.834	241	145	0	6	246	7	247	2.41e-56	179
ENJJHACM_00539	MER0005690	37.500	240	149	1	7	246	8	246	2.82e-56	178
ENJJHACM_00539	MER0015127	38.494	239	146	1	8	246	9	246	4.80e-53	170
ENJJHACM_00539	MER0015128	35.443	237	147	3	13	246	14	247	1.95e-49	160
ENJJHACM_00539	MER0013929	34.426	244	159	1	5	248	6	248	3.47e-46	152
ENJJHACM_00539	MER0013589	34.711	242	157	1	5	246	2	242	6.02e-46	151
ENJJHACM_00539	MER0013450	32.389	247	165	2	2	246	1	247	1.31e-44	148
ENJJHACM_00539	MER0010972	25.105	239	161	2	8	246	9	229	5.44e-19	80.9
ENJJHACM_00539	MER0004931	25.490	204	140	4	3	204	4	197	2.97e-16	72.8
ENJJHACM_00539	MER0024896	32.143	112	76	0	5	116	6	117	3.30e-15	72.0
ENJJHACM_00539	MER0024896	26.718	131	89	2	122	246	337	466	6.42e-11	58.9
ENJJHACM_00539	MER0003880	25.616	203	126	6	13	211	16	197	2.63e-13	65.5
ENJJHACM_00539	MER0005462	25.301	249	159	5	1	248	2	224	4.23e-11	58.2
ENJJHACM_00539	MER0011746	25.701	214	140	6	13	213	14	221	5.01e-11	58.9
ENJJHACM_00539	MER0004532	25.373	201	139	3	5	204	6	196	1.59e-10	56.6
ENJJHACM_00539	MER0002038	27.160	162	109	5	72	230	69	224	1.49e-09	53.9
ENJJHACM_00539	MER0001728	28.054	221	132	9	4	207	5	215	2.02e-09	54.3
ENJJHACM_00539	MER0001244	22.374	219	147	5	1	202	2	214	8.74e-09	52.0
ENJJHACM_00539	MER0013463	22.273	220	139	7	5	204	6	213	7.90e-06	43.1
ENJJHACM_00589	MER0001297	38.217	157	95	2	47	203	1	155	1.48e-34	122
ENJJHACM_00589	MER0004196	40.252	159	91	3	47	203	1	157	2.17e-32	116
ENJJHACM_00589	MER0001425	41.401	157	86	3	51	202	5	160	8.71e-31	112
ENJJHACM_00589	MER0003413	37.821	156	96	1	48	203	2	156	2.34e-30	111
ENJJHACM_00589	MER0003514	40.000	155	91	2	49	203	3	155	3.55e-30	110
ENJJHACM_00589	MER0015684	33.333	162	103	1	51	207	5	166	8.76e-29	107
ENJJHACM_00589	MER0003065	35.484	155	98	1	49	203	3	155	2.89e-26	100
ENJJHACM_00589	MER0005714	31.288	163	105	1	48	203	2	164	5.79e-26	99.8
ENJJHACM_00589	MER0004195	40.645	155	87	3	51	203	5	156	7.10e-26	99.4
ENJJHACM_00589	MER0001295	36.842	171	89	4	48	203	2	168	7.95e-23	91.3
ENJJHACM_00620	MER1143079	30.982	326	169	11	32	350	7	283	8.09e-36	131
ENJJHACM_00620	MER0002489	27.586	319	199	6	36	339	23	324	5.65e-34	128
ENJJHACM_00620	MER0011700	28.226	372	201	11	28	359	9	354	4.37e-28	112
ENJJHACM_00620	MER0026262	28.485	330	202	11	39	355	20	328	1.24e-27	110
ENJJHACM_00620	MER0003802	28.024	339	200	9	36	372	16	312	1.45e-24	100
ENJJHACM_00620	MER0017069	25.796	314	190	10	30	332	5	286	7.88e-24	99.0
ENJJHACM_00620	MER0000459	24.383	324	216	6	38	354	25	326	9.37e-23	96.3
ENJJHACM_00620	MER0005964	25.000	276	188	6	22	284	3	272	1.72e-21	92.8
ENJJHACM_00620	MER0005925	25.786	318	199	13	34	338	16	309	2.39e-21	92.0
ENJJHACM_00620	MER0140154	24.348	345	214	10	39	352	5	333	2.33e-20	89.0
ENJJHACM_00620	MER0000457	23.977	342	211	12	38	366	24	329	4.52e-20	88.2
ENJJHACM_00620	MER0122661	26.421	299	194	8	23	311	1	283	1.12e-18	84.0
ENJJHACM_00620	MER0006204	27.586	174	109	6	26	185	11	181	1.73e-16	77.8
ENJJHACM_00620	MER0354941	27.461	193	113	8	36	207	10	196	1.60e-12	63.2
ENJJHACM_00620	MER0004090	23.204	362	214	16	40	358	28	368	7.85e-12	63.5
ENJJHACM_00620	MER0004154	22.917	336	205	11	33	344	8	313	1.27e-11	62.8
ENJJHACM_00620	MER0005836	27.528	178	101	6	39	200	29	194	2.87e-11	60.8
ENJJHACM_00620	MER0005923	32.075	106	64	2	40	138	28	132	9.94e-11	60.5
ENJJHACM_00620	MER0005923	26.500	200	114	8	158	338	217	402	4.29e-07	48.9
ENJJHACM_00620	MER0003800	25.660	265	149	13	36	264	30	282	3.13e-10	58.9
ENJJHACM_00620	MER0028284	22.687	335	202	15	54	371	34	328	2.20e-09	55.8
ENJJHACM_00620	MER0192873	26.818	220	115	9	73	267	2	200	6.35e-08	50.4
ENJJHACM_00620	MER0015683	29.697	165	106	6	40	200	43	201	4.43e-07	48.1
ENJJHACM_00620	MER0017074	28.966	145	89	5	45	186	31	164	7.20e-07	48.1
ENJJHACM_00620	MER0219770	23.322	283	175	12	55	328	34	283	1.81e-06	46.6
ENJJHACM_00696	MER0000431	27.350	117	78	2	36	152	13	122	2.50e-06	45.1
ENJJHACM_00750	MER0002251	43.534	232	117	6	2	226	1	225	1.33e-63	195
ENJJHACM_00750	MER0001335	38.428	229	134	4	3	228	2	226	4.58e-55	173
ENJJHACM_00753	MER0001009	22.905	179	130	3	411	583	5	181	1.17e-07	50.1
ENJJHACM_00753	MER0091680	22.727	154	111	3	421	568	66	217	8.46e-07	47.4
ENJJHACM_00753	MER0002078	22.609	230	145	9	363	570	12	230	2.12e-06	46.6
ENJJHACM_00753	MER0011183	23.490	149	107	2	428	570	75	222	4.23e-06	45.4
ENJJHACM_00753	MER0001012	29.323	133	85	4	427	552	87	217	9.66e-06	44.3
ENJJHACM_00806	MER0031610	36.032	247	150	4	13	252	55	300	3.26e-47	156
ENJJHACM_00806	MER0014065	30.000	130	79	5	9	134	30	151	1.01e-11	60.8
ENJJHACM_00806	MER0044900	26.471	272	163	10	14	253	96	362	3.43e-11	59.3
ENJJHACM_00806	MER0036115	32.353	102	65	2	10	108	33	133	6.49e-10	55.5
ENJJHACM_00806	MER0044858	24.468	282	150	13	14	246	57	324	1.14e-09	54.7
ENJJHACM_00806	MER0031619	32.381	105	67	2	12	113	28	131	2.90e-08	50.4
ENJJHACM_00806	MER0017177	22.840	162	96	3	8	166	30	165	3.85e-08	50.1
ENJJHACM_00806	MER0031617	23.664	262	172	8	4	243	26	281	1.34e-07	48.1
ENJJHACM_00806	MER0036062	34.375	96	54	3	13	99	33	128	3.32e-07	47.0
ENJJHACM_00806	MER0025512	27.619	210	113	10	66	244	97	298	3.80e-07	47.0
ENJJHACM_00806	MER0036053	23.661	224	136	9	6	212	2	207	1.51e-06	45.1
ENJJHACM_00806	MER0036066	24.701	251	158	11	13	244	1	239	3.10e-06	43.9
ENJJHACM_00806	MER0035035	23.616	271	177	10	12	254	35	303	3.32e-06	44.3
ENJJHACM_00806	MER0011509	29.907	107	69	3	7	108	33	138	5.76e-06	43.5
ENJJHACM_00806	MER0026339	29.524	105	72	2	9	111	21	125	6.16e-06	43.1
ENJJHACM_00806	MER0031614	29.703	101	68	1	13	110	84	184	7.81e-06	43.1
ENJJHACM_00810	MER0000474	52.128	188	90	0	44	231	16	203	3.03e-73	218
ENJJHACM_00810	MER0005687	52.151	186	84	1	46	231	27	207	4.55e-67	203
ENJJHACM_00810	MER0002211	48.936	188	96	0	44	231	16	203	2.41e-63	193
ENJJHACM_00810	MER0004857	51.309	191	91	2	42	231	14	203	3.06e-63	193
ENJJHACM_00810	MER0006046	47.619	189	99	0	43	231	15	203	4.60e-62	190
ENJJHACM_00810	MER0002299	48.108	185	96	0	46	230	12	196	1.85e-61	188
ENJJHACM_00810	MER0004855	47.222	180	95	0	52	231	26	205	1.08e-58	181
ENJJHACM_00810	MER0006063	43.407	182	103	0	50	231	23	204	2.82e-54	170
ENJJHACM_00810	MER0004847	47.594	187	97	1	46	231	18	204	1.27e-53	169
ENJJHACM_00810	MER0006056	46.243	173	92	1	60	232	37	208	1.30e-50	161
ENJJHACM_00810	MER0004182	41.885	191	102	1	41	231	18	199	2.38e-46	150
ENJJHACM_00810	MER0006308	38.418	177	108	1	55	230	17	193	4.08e-46	149
ENJJHACM_00810	MER0011666	40.237	169	99	1	65	231	17	185	1.98e-41	137
ENJJHACM_00810	MER0001369	39.506	81	47	1	86	166	52	130	1.37e-07	46.2
ENJJHACM_00833	MER0037236	28.175	252	159	6	12	242	11	261	1.08e-23	93.2
ENJJHACM_00833	MER0004146	25.856	263	158	9	9	242	7	261	2.30e-17	76.3
ENJJHACM_00833	MER0031611	22.182	275	174	9	10	250	24	292	1.95e-13	65.5
ENJJHACM_00833	MER0017033	24.434	221	139	6	43	242	87	300	3.69e-11	58.9
ENJJHACM_00833	MER0036053	23.864	264	160	9	16	242	4	263	3.85e-11	58.5
ENJJHACM_00833	MER0036066	21.633	245	163	7	21	241	1	240	7.09e-11	57.8
ENJJHACM_00833	MER0036057	22.131	244	160	7	21	242	63	298	1.93e-10	56.6
ENJJHACM_00833	MER0000436	22.776	281	165	11	14	251	17	288	2.18e-09	53.5
ENJJHACM_00833	MER0035973	23.977	171	114	4	82	241	121	286	7.24e-09	52.0
ENJJHACM_00833	MER0036068	25.581	172	111	4	86	240	122	293	1.20e-08	51.6
ENJJHACM_00833	MER0011509	29.358	109	69	3	19	120	37	144	1.03e-07	48.9
ENJJHACM_00833	MER0003537	22.816	206	111	5	80	248	88	282	2.37e-07	47.4
ENJJHACM_00833	MER0036067	23.140	242	158	9	21	239	52	288	4.03e-07	47.0
ENJJHACM_00833	MER0033259	25.194	258	158	10	9	248	19	259	4.94e-07	46.6
ENJJHACM_00833	MER0036059	36.207	58	37	0	183	240	293	350	5.07e-07	46.6
ENJJHACM_00833	MER0036076	23.729	177	109	6	80	240	125	291	1.35e-06	45.4
ENJJHACM_00833	MER0011785	26.984	126	76	4	13	126	27	148	1.36e-06	45.4
ENJJHACM_00913	MER0034539	39.759	166	96	4	2	165	1	164	7.67e-33	122
ENJJHACM_00913	MER0033254	28.295	258	148	11	2	249	1	231	1.33e-16	76.6
ENJJHACM_00913	MER0003327	32.836	134	75	6	44	166	68	197	5.60e-08	50.8
ENJJHACM_00913	MER0185695	29.630	135	78	6	43	164	72	202	1.92e-07	49.3
ENJJHACM_00913	MER0011806	28.676	136	83	5	42	165	66	199	2.39e-07	48.9
ENJJHACM_00913	MER0003322	32.653	98	63	2	13	107	57	154	4.15e-07	47.8
ENJJHACM_00913	MER0011781	28.777	139	79	6	42	165	65	198	1.21e-06	47.0
ENJJHACM_00913	MER0004101	29.323	133	80	5	45	165	69	199	1.40e-06	46.6
ENJJHACM_00913	MER0012158	35.714	98	60	3	13	107	54	151	4.34e-06	45.8
ENJJHACM_00984	MER0069741	48.696	115	57	2	185	299	52	164	1.87e-31	113
ENJJHACM_00984	MER0003380	43.925	107	59	1	192	298	127	232	5.08e-25	98.2
ENJJHACM_00984	MER0013541	50.000	86	42	1	203	288	1	85	6.13e-23	88.2
ENJJHACM_00984	MER0015415	38.235	102	53	1	188	289	59	150	1.23e-17	76.3
ENJJHACM_00984	MER0001419	38.095	126	73	2	180	300	9	134	1.29e-17	75.5
ENJJHACM_00984	MER0003423	40.367	109	64	1	180	287	9	117	1.50e-16	72.4
ENJJHACM_00984	MER0003376	40.217	92	49	1	203	288	45	136	8.48e-16	70.9
ENJJHACM_00984	MER0066182	37.391	115	63	3	190	303	86	192	9.90e-14	65.9
ENJJHACM_00984	MER0387040	37.255	102	62	2	203	303	1	101	3.83e-13	62.0
ENJJHACM_00984	MER0003906	33.010	103	64	2	203	300	1	103	1.22e-12	60.5
ENJJHACM_00984	MER0005300	29.897	97	67	1	204	300	66	161	4.62e-08	48.9
ENJJHACM_01004	MER0001283	50.442	113	56	0	3	115	1	113	6.24e-37	127
ENJJHACM_01004	MER0047723	52.294	109	52	0	7	115	1	109	8.39e-36	124
ENJJHACM_01005	MER0047723	42.265	362	198	4	3	358	119	475	5.02e-95	288
ENJJHACM_01005	MER0001283	39.178	365	216	2	3	364	123	484	3.26e-85	263
ENJJHACM_01018	MER0001421	52.261	398	185	3	13	410	1	393	4.74e-150	428
ENJJHACM_01018	MER0028941	26.603	421	241	15	3	410	1	366	1.03e-27	110
ENJJHACM_01018	MER0369336	26.549	339	201	10	72	405	14	309	2.77e-21	90.9
ENJJHACM_01046	MER0065554	47.104	259	126	2	289	537	9	266	2.58e-80	249
ENJJHACM_01046	MER0437468	38.571	350	200	5	197	532	1	349	3.05e-80	252
ENJJHACM_01046	MER0436717	34.500	400	195	8	197	533	1	396	5.50e-65	213
ENJJHACM_01046	MER0031278	25.692	253	133	10	305	534	27	247	4.57e-09	54.3
ENJJHACM_01054	MER0045886	36.970	165	102	2	2	165	73	236	1.01e-30	115
ENJJHACM_01054	MER0044889	35.542	166	100	5	3	166	82	242	7.74e-26	102
ENJJHACM_01054	MER0436735	29.630	189	102	4	8	165	74	262	6.79e-23	94.4
ENJJHACM_01054	MER0038086	36.154	130	74	5	12	134	107	234	5.92e-20	85.5
ENJJHACM_01054	MER0043537	37.838	111	68	1	12	122	72	181	5.54e-19	81.3
ENJJHACM_01054	MER0042974	32.520	123	82	1	12	133	68	190	4.00e-16	73.6
ENJJHACM_01054	MER0043387	31.967	122	81	2	13	134	57	176	2.71e-14	67.8
ENJJHACM_01054	MER0044622	29.365	126	76	4	5	123	95	214	2.61e-07	48.5
ENJJHACM_01054	MER0043392	25.000	120	88	2	5	124	42	159	4.81e-07	46.6
ENJJHACM_01054	MER0045094	29.752	121	72	4	10	123	84	198	5.21e-07	47.4
ENJJHACM_01054	MER0043394	28.448	116	80	2	10	123	48	162	1.52e-06	45.1
ENJJHACM_01054	MER0043195	25.197	127	74	3	12	122	85	206	2.59e-06	45.4
ENJJHACM_01061	MER0019759	27.333	150	102	4	414	558	82	229	3.91e-09	54.3
ENJJHACM_01061	MER0091680	28.931	159	102	6	407	558	65	219	1.22e-08	52.8
ENJJHACM_01061	MER0019096	26.136	176	95	7	398	559	42	196	1.26e-08	52.4
ENJJHACM_01061	MER0003500	26.207	145	96	5	407	544	62	202	2.75e-08	51.6
ENJJHACM_01061	MER0001010	25.773	194	122	6	378	551	11	202	3.90e-08	51.2
ENJJHACM_01061	MER0011370	23.350	197	121	9	368	539	19	210	6.45e-08	50.4
ENJJHACM_01061	MER0001009	26.351	148	93	6	414	551	20	161	5.38e-07	47.8
ENJJHACM_01061	MER0011440	24.658	146	94	6	408	543	75	214	9.20e-07	47.4
ENJJHACM_01061	MER0002746	23.973	146	95	4	414	549	82	221	1.20e-06	47.0
ENJJHACM_01061	MER0001012	27.941	136	84	4	414	540	87	217	1.46e-06	46.6
ENJJHACM_01061	MER0011369	25.180	139	94	4	408	539	90	225	5.67e-06	45.1
ENJJHACM_01066	MER0001158	48.397	624	312	2	1	617	58	678	0.0	595
ENJJHACM_01066	MER0001161	31.040	625	404	10	10	616	63	678	1.26e-91	294
ENJJHACM_01066	MER0006087	29.825	627	411	13	15	616	76	698	2.58e-85	278
ENJJHACM_01066	MER0015119	30.335	567	360	12	82	616	153	716	5.08e-77	256
ENJJHACM_01066	MER0001149	27.705	610	403	14	24	616	88	676	6.85e-61	212
ENJJHACM_01066	MER0108144	26.445	571	384	15	65	616	109	662	6.48e-50	181
ENJJHACM_01066	MER0001153	27.176	471	315	11	165	616	231	692	1.19e-46	172
ENJJHACM_01066	MER0079465	26.761	568	360	20	77	616	95	634	1.36e-46	171
ENJJHACM_01066	MER0001942	25.539	603	407	15	24	609	88	665	3.00e-45	167
ENJJHACM_01066	MER0003110	23.777	593	358	17	92	617	151	716	8.26e-40	152
ENJJHACM_01066	MER0001156	23.711	582	386	15	65	605	132	696	3.03e-37	144
ENJJHACM_01066	MER0015170	25.654	382	265	7	68	444	109	476	2.05e-35	138
ENJJHACM_01066	MER0059435	27.941	136	92	3	366	501	458	587	5.08e-09	55.8
ENJJHACM_01066	MER0021317	29.412	68	48	0	376	443	20	87	2.86e-06	42.7
ENJJHACM_01067	MER0001158	47.826	46	24	0	36	81	3	48	6.11e-09	48.1
ENJJHACM_01074	MER0014664	34.959	123	73	2	5	126	9	125	1.83e-18	79.7
ENJJHACM_01074	MER0002031	33.333	144	83	4	5	148	12	142	5.84e-18	78.2
ENJJHACM_01074	MER0002036	26.573	143	92	4	3	141	10	143	2.84e-12	62.0
ENJJHACM_01074	MER0002884	29.452	146	85	5	6	146	6	138	2.32e-10	56.2
ENJJHACM_01074	MER0042832	27.049	122	70	4	6	119	6	116	1.67e-09	53.9
ENJJHACM_01074	MER0014665	28.926	121	74	4	6	122	6	118	1.32e-07	48.1
ENJJHACM_01074	MER0014666	29.825	114	72	2	6	117	6	113	3.10e-07	47.4
ENJJHACM_01190	MER0033186	37.500	320	192	3	67	381	1	317	1.81e-61	198
ENJJHACM_01193	MER0002084	74.299	214	54	1	75	287	3	216	5.24e-122	348
ENJJHACM_01193	MER0011122	31.788	151	83	7	178	311	1	148	2.74e-12	60.8
ENJJHACM_01193	MER0029657	41.250	80	42	5	233	309	68	145	9.52e-08	47.8
ENJJHACM_01214	MER0000313	35.484	93	48	4	157	246	8	91	2.42e-08	50.8
ENJJHACM_01214	MER0001521	35.484	93	48	4	157	246	8	91	2.48e-08	50.4
ENJJHACM_01214	MER0001523	34.409	93	49	4	157	246	8	91	5.81e-08	49.7
ENJJHACM_01214	MER0000312	34.409	93	49	4	157	246	8	91	5.81e-08	49.7
ENJJHACM_01214	MER0001755	33.333	93	50	4	157	246	8	91	1.39e-07	48.5
ENJJHACM_01214	MER0000311	35.484	93	48	5	157	246	8	91	6.52e-07	46.2
ENJJHACM_01214	MER0001928	35.802	81	40	3	168	246	19	89	6.86e-06	43.1
ENJJHACM_01214	MER0000316	36.170	94	45	5	155	246	8	88	7.49e-06	43.1
ENJJHACM_01214	MER0000333	36.842	76	38	3	172	244	22	90	8.84e-06	42.7
ENJJHACM_01215	MER0000310	32.642	193	103	6	1	192	106	272	1.78e-15	71.6
ENJJHACM_01215	MER0019280	34.211	190	100	7	4	185	124	296	2.08e-15	71.6
ENJJHACM_01215	MER0001755	35.359	181	90	5	13	192	119	273	9.40e-15	69.7
ENJJHACM_01215	MER0001521	33.679	193	101	5	1	192	107	273	9.49e-15	69.7
ENJJHACM_01215	MER0000313	33.679	193	101	5	1	192	107	273	4.09e-14	67.8
ENJJHACM_01215	MER0001523	34.197	193	100	6	1	192	107	273	1.97e-12	62.8
ENJJHACM_01215	MER0000312	34.197	193	100	6	1	192	107	273	1.97e-12	62.8
ENJJHACM_01215	MER0003536	33.898	177	85	8	6	167	121	280	1.73e-11	60.5
ENJJHACM_01215	MER0016991	31.868	182	85	7	35	188	142	312	9.91e-11	58.2
ENJJHACM_01215	MER0004123	26.368	201	110	6	13	190	143	328	1.26e-10	57.8
ENJJHACM_01215	MER0000309	33.161	193	102	6	1	192	106	272	5.02e-10	55.8
ENJJHACM_01215	MER0161312	32.571	175	76	5	1	144	139	302	1.73e-09	54.7
ENJJHACM_01215	MER0000349	31.414	191	106	7	3	179	195	374	2.03e-09	54.3
ENJJHACM_01215	MER0000311	33.846	130	74	3	64	192	155	273	3.22e-09	53.5
ENJJHACM_01215	MER0000321	32.000	175	79	8	1	160	195	344	5.41e-09	53.1
ENJJHACM_01215	MER0005790	32.168	143	76	3	1	143	143	264	1.42e-08	51.2
ENJJHACM_01215	MER0004988	33.858	127	68	4	56	170	152	274	6.05e-08	49.7
ENJJHACM_01215	MER0014446	28.713	202	113	6	2	192	247	428	6.13e-08	50.1
ENJJHACM_01215	MER0016688	28.571	168	93	8	46	193	157	317	6.78e-08	49.7
ENJJHACM_01215	MER0002500	28.342	187	104	4	1	168	200	375	1.11e-07	49.3
ENJJHACM_01215	MER0015424	39.506	81	40	3	93	169	277	352	1.32e-07	49.3
ENJJHACM_01215	MER0077555	29.744	195	109	5	1	193	105	273	1.55e-07	48.1
ENJJHACM_01215	MER0000315	28.646	192	108	5	1	192	105	267	2.88e-07	47.4
ENJJHACM_01215	MER0001906	28.646	192	108	5	1	192	105	267	2.96e-07	47.4
ENJJHACM_01215	MER0026564	44.262	61	31	1	87	147	287	344	3.83e-07	47.8
ENJJHACM_01215	MER0114485	28.249	177	83	6	2	144	155	321	5.22e-07	47.0
ENJJHACM_01215	MER0002267	26.425	193	114	5	1	192	117	282	7.86e-07	46.2
ENJJHACM_01215	MER0000351	29.054	148	77	3	1	144	156	279	1.00e-06	45.8
ENJJHACM_01215	MER0001520	28.125	192	109	5	1	192	105	267	2.26e-06	44.7
ENJJHACM_01215	MER0000353	29.252	147	74	3	1	143	207	327	2.75e-06	44.7
ENJJHACM_01215	MER0016978	26.396	197	111	6	12	193	138	315	4.24e-06	44.3
ENJJHACM_01215	MER0002516	30.496	141	88	4	39	179	144	274	4.70e-06	43.9
ENJJHACM_01215	MER0005859	28.144	167	86	6	55	193	336	496	6.86e-06	43.9
ENJJHACM_01223	MER0066178	29.412	153	90	5	32	179	3	142	9.14e-10	53.1
ENJJHACM_01267	MER0001978	47.154	123	61	3	2	123	436	555	3.90e-31	112
ENJJHACM_01267	MER0011211	40.476	84	49	1	2	84	435	518	2.97e-17	73.2
ENJJHACM_01267	MER0005029	37.069	116	70	2	2	115	408	522	1.16e-16	71.6
ENJJHACM_01267	MER0005831	36.207	116	70	3	2	115	437	550	4.19e-15	67.0
ENJJHACM_01267	MER0002728	43.956	91	45	3	2	88	455	543	5.16e-15	67.0
ENJJHACM_01267	MER0011800	35.789	95	53	1	2	88	430	524	6.18e-14	63.9
ENJJHACM_01267	MER0006124	32.231	121	77	4	2	120	441	558	5.09e-13	61.2
ENJJHACM_01267	MER0002718	43.939	66	37	0	2	67	125	190	4.97e-12	57.0
ENJJHACM_01267	MER0011811	43.939	66	37	0	2	67	431	496	1.32e-11	57.0
ENJJHACM_01267	MER0011143	39.535	86	50	2	2	86	428	512	2.04e-11	56.6
ENJJHACM_01267	MER0001629	43.478	69	38	1	2	69	433	501	9.07e-11	54.7
ENJJHACM_01267	MER0003580	28.800	125	82	5	3	123	432	553	1.26e-10	54.3
ENJJHACM_01267	MER0011193	29.310	116	77	3	2	115	433	545	2.92e-10	53.1
ENJJHACM_01267	MER0026205	30.894	123	81	4	2	123	106	225	2.76e-09	50.1
ENJJHACM_01267	MER0011215	34.831	89	56	2	2	89	411	498	4.84e-09	49.7
ENJJHACM_01267	MER0004194	36.585	82	49	2	2	81	401	481	8.12e-08	46.2
ENJJHACM_01267	MER0001976	27.642	123	86	3	1	123	96	215	1.17e-07	45.4
ENJJHACM_01267	MER0001977	27.869	122	83	4	3	123	449	566	5.29e-07	43.9
ENJJHACM_01267	MER0004202	29.060	117	75	4	3	115	396	508	5.70e-07	43.9
ENJJHACM_01268	MER0001978	43.675	332	183	2	1	328	100	431	3.98e-92	282
ENJJHACM_01268	MER0011800	29.866	298	196	5	18	307	113	405	5.43e-45	158
ENJJHACM_01268	MER0011811	32.781	302	194	5	13	308	107	405	9.37e-45	157
ENJJHACM_01268	MER0011215	33.535	331	176	13	23	330	93	402	6.21e-39	141
ENJJHACM_01268	MER0002720	32.180	289	171	7	21	306	82	348	1.35e-36	134
ENJJHACM_01268	MER0001629	31.210	314	185	10	13	307	107	408	1.72e-34	129
ENJJHACM_01268	MER0003580	30.380	316	192	8	19	318	113	416	6.27e-34	127
ENJJHACM_01268	MER0011143	30.255	314	196	12	18	318	110	413	9.72e-34	127
ENJJHACM_01268	MER0004202	25.424	295	187	7	20	305	107	377	4.45e-33	125
ENJJHACM_01268	MER0001977	26.059	307	193	8	21	306	118	411	3.86e-31	120
ENJJHACM_01268	MER0011211	28.754	313	199	10	14	309	109	414	1.71e-28	112
ENJJHACM_01268	MER0005029	29.697	330	183	12	20	318	82	393	2.41e-28	112
ENJJHACM_01268	MER0094876	25.589	297	203	7	20	308	92	378	3.61e-25	102
ENJJHACM_01268	MER0004194	29.730	333	204	15	5	318	65	386	3.77e-25	102
ENJJHACM_01268	MER0006124	26.646	319	207	10	20	318	115	426	4.48e-25	102
ENJJHACM_01268	MER0005831	29.022	317	196	12	20	317	115	421	2.70e-23	97.4
ENJJHACM_01268	MER0016970	26.214	309	210	9	15	314	107	406	1.40e-21	92.0
ENJJHACM_01268	MER0011193	24.013	304	217	7	16	309	110	409	1.45e-21	92.0
ENJJHACM_01268	MER0002728	27.726	321	195	12	18	307	116	430	1.03e-19	86.7
ENJJHACM_01268	MER0003440	24.161	298	179	11	20	309	114	372	1.43e-12	64.7
ENJJHACM_01268	MER0026204	28.455	123	85	1	13	132	105	227	6.57e-10	55.5
ENJJHACM_01268	MER0002718	33.663	101	58	3	213	308	3	99	1.68e-09	53.5
ENJJHACM_01268	MER0002721	43.103	58	29	1	263	320	37	90	3.43e-07	47.4
ENJJHACM_01268	MER0026207	41.379	58	30	1	263	320	37	90	1.06e-06	45.4
ENJJHACM_01269	MER0001978	48.611	72	37	0	30	101	22	93	1.98e-20	81.3
ENJJHACM_01269	MER0011811	37.634	93	58	0	9	101	1	93	2.32e-13	61.2
ENJJHACM_01269	MER0003440	38.028	71	44	0	31	101	23	93	5.13e-11	54.3
ENJJHACM_01269	MER0005831	38.356	73	44	1	30	101	22	94	4.38e-10	52.0
ENJJHACM_01269	MER0006124	38.889	72	43	1	31	101	23	94	4.28e-09	48.9
ENJJHACM_01269	MER0011800	31.081	74	50	1	29	101	21	94	2.65e-08	46.6
ENJJHACM_01269	MER0005029	40.984	61	35	1	42	101	1	61	3.39e-08	46.6
ENJJHACM_01269	MER0001629	30.435	92	61	2	11	101	5	94	5.00e-07	43.1
ENJJHACM_01269	MER0011211	38.095	84	50	2	20	101	11	94	7.76e-07	42.7
ENJJHACM_01269	MER0004202	33.929	56	37	0	32	87	7	62	1.71e-06	41.6
ENJJHACM_01269	MER0004194	43.333	60	33	1	43	101	1	60	6.83e-06	40.0
ENJJHACM_01275	MER0026545	33.824	204	117	5	57	253	76	268	1.55e-33	120
ENJJHACM_01275	MER0026552	36.757	185	90	4	75	253	2	165	1.30e-29	107
ENJJHACM_01275	MER0042387	31.737	167	103	4	85	248	18	176	8.83e-28	102
ENJJHACM_01275	MER0026496	26.357	258	179	5	2	253	19	271	1.72e-22	90.5
ENJJHACM_01275	MER0031491	29.825	171	105	6	87	248	20	184	1.98e-20	83.2
ENJJHACM_01275	MER0002642	25.698	179	120	4	76	254	10	175	1.11e-14	67.4
ENJJHACM_01275	MER0002639	26.705	176	116	4	76	251	10	172	1.91e-11	58.2
ENJJHACM_01278	MER0000485	50.213	235	116	1	572	805	1	235	6.15e-74	238
ENJJHACM_01278	MER0000495	41.975	243	132	2	572	805	1	243	2.18e-56	191
ENJJHACM_01278	MER0003442	44.131	213	112	3	601	808	14	224	2.21e-52	179
ENJJHACM_01278	MER0000488	42.672	232	127	4	572	800	1	229	3.75e-51	176
ENJJHACM_01278	MER0003443	46.073	191	98	2	612	797	30	220	4.48e-51	175
ENJJHACM_01278	MER0011056	42.791	215	112	3	602	809	15	225	6.15e-51	175
ENJJHACM_01278	MER0014970	36.201	279	133	2	572	805	1	279	2.39e-50	176
ENJJHACM_01278	MER0011057	43.602	211	112	3	604	809	17	225	5.59e-50	172
ENJJHACM_01278	MER0004236	46.821	173	90	1	629	801	87	257	9.64e-44	156
ENJJHACM_01278	MER0000496	41.624	197	110	1	598	789	81	277	5.32e-41	150
ENJJHACM_01278	MER0108906	36.287	237	142	4	572	805	1	231	5.10e-38	139
ENJJHACM_01278	MER0005837	38.288	222	116	4	573	777	2	219	1.22e-37	138
ENJJHACM_01278	MER0017402	31.016	187	117	4	625	806	23	202	4.88e-20	86.7
ENJJHACM_01278	MER0026213	33.562	146	90	2	658	801	111	251	9.19e-20	86.7
ENJJHACM_01278	MER0003859	32.099	162	98	5	622	778	45	199	1.13e-15	74.3
ENJJHACM_01278	MER0003359	29.744	195	109	8	630	809	45	226	6.59e-12	63.2
ENJJHACM_01278	MER0017403	25.153	163	111	2	609	766	11	167	2.19e-07	49.7
ENJJHACM_01278	MER0003017	34.737	95	57	2	710	803	66	156	8.10e-06	43.9
ENJJHACM_01387	MER0027775	34.188	117	76	1	79	195	1	116	1.35e-21	83.2
ENJJHACM_01387	MER0001602	33.571	140	74	4	79	199	1	140	1.81e-15	67.4
ENJJHACM_01391	MER0025086	54.472	123	51	2	199	316	1	123	2.60e-40	135
ENJJHACM_01391	MER0029657	41.875	160	68	7	166	316	2	145	3.55e-22	87.8
ENJJHACM_01391	MER0011122	33.333	150	78	8	183	316	3	146	3.04e-13	63.5
ENJJHACM_01391	MER0002084	27.041	196	123	7	88	270	6	194	6.98e-10	55.1
ENJJHACM_01416	MER0056037	31.897	116	64	4	127	242	29	129	5.20e-07	45.1
ENJJHACM_01537	MER0073084	21.245	466	316	12	61	495	33	478	1.82e-22	97.8
ENJJHACM_01537	MER0014496	24.064	374	222	17	266	603	260	607	8.12e-13	68.2
ENJJHACM_01589	MER0065588	45.408	196	104	3	1	193	1	196	1.46e-57	177
ENJJHACM_01589	MER0043387	27.857	140	70	5	62	191	47	165	5.00e-09	50.4
ENJJHACM_01589	MER0038086	29.008	131	73	5	69	191	105	223	7.83e-08	47.8
ENJJHACM_01589	MER0044889	32.824	131	62	6	69	191	87	199	1.14e-07	47.4
ENJJHACM_01589	MER0045095	30.000	130	73	7	72	193	107	226	7.32e-06	42.0
ENJJHACM_01647	MER0168983	30.000	90	51	2	275	363	1	79	2.65e-10	55.5
ENJJHACM_01647	MER0004243	30.088	113	69	4	253	360	10	117	9.71e-08	48.9
ENJJHACM_01647	MER0168177	27.778	90	52	3	275	363	1	78	9.93e-08	48.1
ENJJHACM_01647	MER0019730	30.000	110	51	3	263	363	27	119	1.69e-07	48.9
ENJJHACM_01647	MER0011423	53.125	32	15	0	327	358	85	116	9.97e-07	45.8
ENJJHACM_01647	MER0011720	24.590	122	82	2	241	361	1	113	7.34e-06	43.5
ENJJHACM_01647	MER0011438	41.667	36	21	0	327	362	81	116	7.92e-06	43.1
ENJJHACM_01647	MER0011440	38.889	36	22	0	327	362	81	116	8.13e-06	43.1
ENJJHACM_01647	MER0000997	47.059	34	18	0	327	360	85	118	8.87e-06	43.1
ENJJHACM_01647	MER0002755	47.059	34	18	0	327	360	74	107	8.91e-06	43.1
ENJJHACM_01647	MER0002060	47.059	34	18	0	327	360	87	120	9.43e-06	43.1
ENJJHACM_01651	MER0028934	41.667	72	36	3	3	74	7	72	8.10e-12	53.5
ENJJHACM_01652	MER0001012	29.439	214	137	3	208	407	3	216	5.36e-22	92.0
ENJJHACM_01652	MER0011440	26.341	205	137	3	226	416	15	219	9.98e-21	88.2
ENJJHACM_01652	MER0002060	32.461	191	112	6	231	406	26	214	1.14e-20	88.2
ENJJHACM_01652	MER0002968	28.426	197	128	4	228	411	23	219	1.73e-20	87.4
ENJJHACM_01652	MER0002003	31.343	201	109	6	231	409	26	219	2.22e-19	84.3
ENJJHACM_01652	MER0004243	29.500	200	118	4	228	407	20	216	2.88e-19	84.0
ENJJHACM_01652	MER0011183	26.991	226	141	6	215	426	7	222	3.79e-19	84.0
ENJJHACM_01652	MER0091680	28.019	207	135	5	233	426	14	219	4.31e-19	83.6
ENJJHACM_01652	MER0015166	26.522	230	145	6	201	406	1	230	4.95e-19	83.6
ENJJHACM_01652	MER0011438	30.387	181	110	4	231	396	20	199	8.54e-19	82.4
ENJJHACM_01652	MER0019759	26.009	223	150	4	217	426	9	229	1.10e-18	82.8
ENJJHACM_01652	MER0000997	28.125	192	117	4	231	403	24	213	3.77e-18	80.9
ENJJHACM_01652	MER0005046	30.102	196	116	6	228	406	6	197	1.32e-17	78.6
ENJJHACM_01652	MER0036308	31.148	183	108	5	242	412	40	216	1.37e-17	79.7
ENJJHACM_01652	MER0002746	28.019	207	135	5	234	426	24	230	1.79e-17	79.3
ENJJHACM_01652	MER0001010	29.412	204	126	7	234	421	3	204	2.62e-17	78.2
ENJJHACM_01652	MER0005331	29.843	191	119	5	231	407	21	210	4.09e-17	77.4
ENJJHACM_01652	MER0002422	27.528	178	117	5	240	407	29	204	1.23e-16	76.3
ENJJHACM_01652	MER0011369	25.352	213	145	4	209	407	13	225	1.56e-16	76.3
ENJJHACM_01652	MER0168983	28.070	171	112	4	242	409	2	164	2.55e-16	73.9
ENJJHACM_01652	MER0001009	31.169	154	92	3	291	432	23	174	3.29e-16	75.1
ENJJHACM_01652	MER0011423	28.155	206	119	5	225	407	15	214	4.18e-16	74.7
ENJJHACM_01652	MER0028449	26.697	221	144	5	205	407	1	221	4.72e-16	74.7
ENJJHACM_01652	MER0001185	29.843	191	112	5	233	406	29	214	4.87e-16	74.7
ENJJHACM_01652	MER0011370	25.123	203	136	4	220	407	9	210	5.09e-16	74.3
ENJJHACM_01652	MER0002355	26.230	183	125	3	228	402	23	203	9.82e-16	73.9
ENJJHACM_01652	MER0011720	29.082	196	123	6	228	415	23	210	1.80e-15	72.8
ENJJHACM_01652	MER0019754	28.718	195	121	6	231	408	3	196	1.93e-15	72.4
ENJJHACM_01652	MER0001013	28.856	201	116	5	229	407	22	217	3.70e-15	72.8
ENJJHACM_01652	MER0001701	26.238	202	120	4	228	407	6	200	4.37e-15	72.0
ENJJHACM_01652	MER0011345	28.495	186	113	5	237	407	37	217	1.64e-14	70.9
ENJJHACM_01652	MER0006264	25.405	185	117	5	240	407	2	182	2.93e-14	68.6
ENJJHACM_01652	MER0001017	26.887	212	102	8	232	407	24	218	3.59e-14	69.7
ENJJHACM_01652	MER0002078	23.963	217	149	5	228	429	18	233	5.37e-14	68.9
ENJJHACM_01652	MER0011401	26.506	166	104	4	256	403	38	203	2.20e-13	66.6
ENJJHACM_01652	MER0005045	27.551	196	123	7	228	407	6	198	1.67e-12	63.9
ENJJHACM_01652	MER0011175	23.711	194	132	3	228	406	17	209	1.82e-12	63.9
ENJJHACM_01652	MER0005328	30.939	181	94	8	238	397	27	197	1.89e-12	63.5
ENJJHACM_01652	MER0168177	31.618	136	83	4	279	408	33	164	6.13e-12	61.2
ENJJHACM_01652	MER0016308	26.519	181	111	6	243	406	7	182	7.95e-12	61.6
ENJJHACM_01652	MER0001003	28.333	180	111	5	243	406	7	184	1.46e-11	60.8
ENJJHACM_01652	MER0011371	26.786	168	109	4	251	404	41	208	2.39e-11	60.8
ENJJHACM_01652	MER0002755	25.926	162	101	4	256	403	47	203	2.56e-11	60.5
ENJJHACM_01652	MER0012271	26.347	167	104	4	256	408	58	219	2.91e-11	61.2
ENJJHACM_01652	MER0052595	27.179	195	120	5	231	406	28	219	5.45e-11	60.1
ENJJHACM_01652	MER0012283	29.885	174	87	6	256	408	57	216	6.85e-11	59.7
ENJJHACM_01652	MER0001001	25.806	186	124	5	236	408	26	210	8.63e-11	58.9
ENJJHACM_01652	MER0002281	33.028	109	61	4	225	330	24	123	3.59e-10	57.8
ENJJHACM_01652	MER0026830	29.897	97	65	1	227	320	19	115	5.97e-10	56.2
ENJJHACM_01652	MER0002210	28.302	159	91	5	255	394	2	156	6.70e-10	55.5
ENJJHACM_01652	MER0002658	26.562	128	80	2	291	404	1	128	7.38e-10	55.1
ENJJHACM_01652	MER0003916	24.870	193	132	6	226	407	4	194	1.15e-09	55.5
ENJJHACM_01652	MER0026493	30.075	133	79	4	224	346	13	141	1.47e-09	54.7
ENJJHACM_01652	MER0001005	25.974	154	92	4	265	407	35	177	3.29e-09	53.9
ENJJHACM_01652	MER0116688	23.350	197	127	5	239	416	29	220	4.13e-08	51.6
ENJJHACM_01652	MER0011399	24.309	181	118	5	235	399	25	202	8.09e-08	50.4
ENJJHACM_01652	MER0011400	25.455	165	107	6	250	399	40	203	3.05e-07	48.9
ENJJHACM_01652	MER0171631	28.800	125	72	3	290	402	85	204	4.22e-07	48.1
ENJJHACM_01652	MER0019096	26.619	139	97	2	290	427	62	196	1.97e-06	45.8
ENJJHACM_01674	MER0029657	41.558	77	40	4	66	138	70	145	3.35e-08	49.3
ENJJHACM_01674	MER0011122	32.624	141	70	7	20	138	9	146	8.79e-08	48.1
ENJJHACM_01675	MER0002084	40.476	84	46	2	54	137	3	82	2.98e-11	55.8
ENJJHACM_01682	MER0013876	54.114	316	145	0	28	343	1	316	9.52e-118	352
ENJJHACM_01682	MER0003855	31.861	317	186	11	28	323	1	308	9.89e-40	147
ENJJHACM_01682	MER0003242	35.366	164	96	4	155	317	60	214	4.09e-25	103
ENJJHACM_01682	MER0004416	29.482	251	166	4	30	270	3	252	1.69e-24	100
ENJJHACM_01753	MER0195774	42.593	54	31	0	50	103	1	54	1.39e-09	49.7
ENJJHACM_01753	MER0011096	37.662	77	46	1	27	101	1	77	7.83e-09	48.1
ENJJHACM_01753	MER0001214	40.984	61	36	0	41	101	17	77	8.31e-09	47.8
ENJJHACM_01753	MER0011744	38.235	68	40	1	36	101	10	77	8.58e-09	48.1
ENJJHACM_01753	MER0122186	38.095	63	39	0	40	102	12	74	1.39e-08	47.4
ENJJHACM_01753	MER0015259	38.235	68	40	1	36	101	10	77	1.59e-08	47.4
ENJJHACM_01753	MER0003386	37.313	67	41	1	36	101	11	77	1.77e-08	47.0
ENJJHACM_01753	MER0002423	40.299	67	38	1	37	101	11	77	2.37e-08	46.6
ENJJHACM_01753	MER0001218	35.484	62	40	0	41	102	17	78	2.55e-08	46.6
ENJJHACM_01753	MER0169735	32.812	64	43	0	39	102	5	68	1.89e-07	44.3
ENJJHACM_01753	MER0002345	36.620	71	43	1	37	105	11	81	3.02e-07	43.5
ENJJHACM_01753	MER0003823	37.313	67	40	1	37	101	11	77	7.32e-07	42.7
ENJJHACM_01753	MER0002283	40.385	52	31	0	50	101	26	77	1.13e-06	42.0
ENJJHACM_01753	MER0011292	30.952	84	36	2	41	102	17	100	3.15e-06	40.8
ENJJHACM_01753	MER0001222	39.706	68	37	2	37	101	11	77	4.53e-06	40.4
ENJJHACM_01753	MER0002008	33.962	53	34	1	50	101	2	54	4.90e-06	40.4
ENJJHACM_01753	MER0001233	37.736	53	28	2	50	99	2	52	6.70e-06	40.0
ENJJHACM_01754	MER0014333	27.778	162	99	7	23	171	62	218	9.70e-07	47.8
ENJJHACM_01754	MER0195774	26.016	123	86	4	20	139	57	177	3.25e-06	45.4
ENJJHACM_01760	MER0003413	26.797	153	95	2	248	400	34	169	1.97e-10	56.2
ENJJHACM_01760	MER0059675	25.628	199	128	5	207	396	7	194	9.80e-09	52.0
ENJJHACM_01760	MER0001425	32.530	83	56	0	318	400	92	174	4.72e-06	43.5
ENJJHACM_01780	MER0000410	61.071	280	107	1	402	681	2	279	2.12e-124	368
ENJJHACM_01780	MER0082498	43.478	276	134	6	425	678	8	283	4.69e-67	219
ENJJHACM_01780	MER0011872	40.449	267	156	2	420	683	18	284	6.36e-65	213
ENJJHACM_01780	MER0005694	32.975	279	172	4	415	685	13	284	6.35e-49	170
ENJJHACM_01780	MER0000392	32.847	274	171	4	415	678	3	273	3.85e-45	159
ENJJHACM_01780	MER0015621	32.215	298	178	6	403	681	1	293	8.61e-42	150
ENJJHACM_01780	MER0004227	33.582	268	171	3	424	684	28	295	1.81e-39	144
ENJJHACM_01780	MER0079308	31.698	265	170	6	419	678	7	265	2.39e-39	143
ENJJHACM_01780	MER0002490	31.293	294	170	7	415	681	13	301	5.60e-39	143
ENJJHACM_01780	MER0981959	32.028	281	170	5	415	678	2	278	1.76e-38	141
ENJJHACM_01780	MER0022823	32.975	279	175	7	415	685	3	277	3.66e-38	140
ENJJHACM_01780	MER0082653	36.564	227	129	7	427	639	14	239	1.25e-36	135
ENJJHACM_01780	MER0011450	31.274	259	160	6	415	661	3	255	2.97e-33	126
ENJJHACM_01780	MER0325901	29.391	279	183	7	415	685	1	273	2.83e-32	123
ENJJHACM_01780	MER0003229	30.597	268	172	6	415	678	11	268	1.31e-29	115
ENJJHACM_01780	MER0000398	30.469	256	160	7	426	679	11	250	5.60e-26	104
ENJJHACM_01792	MER0048181	34.266	143	78	2	44	171	1	142	2.40e-17	72.8
ENJJHACM_01792	MER0015473	30.822	146	89	3	44	177	37	182	6.50e-14	65.1
ENJJHACM_01792	MER0015472	30.657	137	86	2	47	177	48	181	4.35e-12	59.7
ENJJHACM_01792	MER0015462	29.870	154	83	5	39	183	43	180	6.56e-09	50.4
ENJJHACM_01792	MER0035036	31.884	138	84	3	44	175	88	221	1.03e-08	50.8
ENJJHACM_01792	MER0030047	30.882	136	82	4	47	175	1	131	2.74e-08	48.1
ENJJHACM_01792	MER0015633	33.735	83	52	1	36	118	42	121	8.32e-07	45.1
ENJJHACM_01792	MER0015449	30.968	155	85	6	37	178	46	191	1.26e-06	44.7
ENJJHACM_01792	MER0015659	34.940	83	51	1	36	118	42	121	1.61e-06	44.3
ENJJHACM_01792	MER0015632	31.522	92	52	2	36	120	37	124	4.39e-06	42.7
ENJJHACM_01792	MER0015458	28.125	160	94	4	39	180	47	203	6.75e-06	42.4
ENJJHACM_01818	MER0015121	28.395	162	93	5	19	157	11	172	4.87e-10	57.4
ENJJHACM_01818	MER0038671	35.088	57	36	1	58	113	60	116	1.49e-06	45.1
ENJJHACM_01835	MER0001322	38.095	105	52	4	131	230	1	97	4.31e-17	72.0
ENJJHACM_01835	MER0014188	38.462	91	50	3	131	220	1	86	2.27e-15	67.4
ENJJHACM_01835	MER0024252	35.345	116	65	4	143	252	14	125	5.30e-12	58.5
ENJJHACM_01835	MER0002443	40.698	86	48	3	138	221	8	92	1.11e-11	57.4
ENJJHACM_01835	MER0376722	36.559	93	52	3	131	221	1	88	2.19e-10	53.1
ENJJHACM_01835	MER0003808	36.559	93	52	3	131	221	1	88	2.25e-10	53.9
ENJJHACM_01835	MER0003807	34.409	93	57	3	131	220	1	92	9.84e-10	52.0
ENJJHACM_01835	MER0377310	34.615	104	60	4	131	231	1	99	2.04e-09	50.8
ENJJHACM_01835	MER0377307	34.615	104	60	4	131	231	1	99	2.04e-09	50.8
ENJJHACM_01835	MER0002450	34.615	104	60	4	131	231	1	99	2.28e-09	50.8
ENJJHACM_01835	MER0003805	34.783	92	53	3	131	220	1	87	2.65e-09	50.8
ENJJHACM_01835	MER0377450	34.783	92	53	3	131	220	1	87	5.55e-09	49.3
ENJJHACM_01835	MER0377178	33.333	102	64	3	131	231	1	99	5.79e-08	47.0
ENJJHACM_01835	MER0004035	35.294	85	52	3	138	221	5	87	9.05e-08	46.6
ENJJHACM_01835	MER0004054	34.043	94	56	5	132	220	2	94	8.02e-07	43.9
ENJJHACM_01842	MER0002601	35.849	53	33	1	113	165	28	79	3.85e-07	44.3
ENJJHACM_01842	MER0038141	38.095	63	34	1	109	166	40	102	1.02e-06	43.1
ENJJHACM_01842	MER0019092	42.000	50	28	1	118	167	48	96	2.43e-06	42.4
ENJJHACM_01842	MER0031432	28.000	100	71	1	67	165	1	100	3.81e-06	41.6
ENJJHACM_01842	MER0031431	38.710	62	35	1	106	167	44	102	5.02e-06	41.2
ENJJHACM_01842	MER0031433	28.000	100	71	1	67	165	1	100	5.07e-06	41.2
ENJJHACM_01849	MER0004090	29.927	411	233	15	353	737	1	382	5.79e-33	128
ENJJHACM_01849	MER0035017	26.969	419	243	17	361	740	1	395	2.17e-28	115
ENJJHACM_01849	MER0003800	27.089	395	229	13	351	716	6	370	8.58e-25	104
ENJJHACM_01849	MER0354941	24.762	210	122	6	377	573	11	197	2.81e-08	51.6
ENJJHACM_01849	MER0011700	26.296	270	158	14	370	626	12	253	2.87e-08	53.1
ENJJHACM_01849	MER0000459	22.050	322	202	13	377	694	24	300	3.89e-06	46.6
ENJJHACM_01849	MER0140154	19.598	199	144	4	377	571	2	188	5.47e-06	45.8
ENJJHACM_01927	MER0042827	54.545	99	45	0	437	535	1	99	2.74e-30	111
ENJJHACM_01981	MER0005139	38.655	119	64	3	112	228	62	173	4.14e-16	74.3
ENJJHACM_01981	MER0001284	27.928	222	136	10	118	330	41	247	2.13e-13	66.2
ENJJHACM_01981	MER0100667	26.570	207	124	7	125	329	39	219	1.12e-11	60.5
ENJJHACM_01981	MER0015691	31.356	118	73	2	112	228	52	162	1.27e-11	60.8
ENJJHACM_01981	MER0002161	26.923	234	122	9	124	335	76	282	3.19e-11	60.1
ENJJHACM_01981	MER0015336	27.094	203	129	7	107	304	56	244	1.52e-10	57.8
ENJJHACM_01981	MER0004514	25.225	222	138	10	118	328	41	245	2.17e-10	57.0
ENJJHACM_01981	MER0001289	25.229	218	133	7	126	336	76	270	3.96e-10	56.6
ENJJHACM_01981	MER0194228	24.658	219	131	7	127	336	1	194	4.42e-10	55.5
ENJJHACM_01981	MER0005149	37.500	88	47	3	113	199	65	145	4.27e-09	53.9
ENJJHACM_01981	MER0005241	32.222	90	54	2	110	197	2	86	7.31e-09	52.4
ENJJHACM_01981	MER0005152	30.579	121	75	3	113	231	60	173	8.15e-09	52.8
ENJJHACM_01981	MER0005238	33.654	104	61	2	113	215	67	163	1.13e-08	52.4
ENJJHACM_01981	MER0032443	25.778	225	149	6	113	329	39	253	2.06e-08	51.2
ENJJHACM_01981	MER0005239	32.143	112	67	3	107	216	63	167	3.19e-08	50.8
ENJJHACM_01981	MER0002104	30.769	104	64	3	113	215	67	163	1.39e-07	48.9
ENJJHACM_01981	MER0001288	27.854	219	116	10	124	325	33	226	1.54e-07	48.5
ENJJHACM_01981	MER0013618	28.804	184	114	6	111	291	56	225	3.11e-06	45.1
ENJJHACM_01981	MER0005244	34.831	89	49	3	110	197	2	82	3.61e-06	44.3
ENJJHACM_01981	MER0015688	34.146	82	45	3	121	201	64	137	5.34e-06	43.9
ENJJHACM_01981	MER0001911	32.039	103	60	3	110	212	38	130	5.82e-06	43.9
ENJJHACM_02041	MER0005496	50.207	241	115	2	401	637	1	240	6.24e-79	248
ENJJHACM_02041	MER0056525	49.569	232	114	2	401	631	1	230	6.80e-79	248
ENJJHACM_02041	MER0011748	51.082	231	110	2	401	630	1	229	8.76e-76	240
ENJJHACM_02041	MER0015609	50.216	231	110	2	401	630	1	227	4.42e-75	239
ENJJHACM_02041	MER0011224	45.643	241	126	2	401	637	1	240	3.22e-74	236
ENJJHACM_02041	MER0015195	47.619	231	118	3	401	630	1	229	2.04e-70	226
ENJJHACM_02041	MER0023544	43.933	239	133	1	401	639	1	238	2.22e-69	224
ENJJHACM_02041	MER0002605	42.979	235	130	2	401	634	1	232	2.08e-65	213
ENJJHACM_02041	MER0015194	44.156	231	124	2	402	630	2	229	1.41e-64	211
ENJJHACM_02041	MER0002600	42.616	237	129	3	401	634	1	233	9.94e-62	203
ENJJHACM_02041	MER0014306	40.741	243	139	2	401	639	1	242	2.52e-60	199
ENJJHACM_02041	MER0171760	38.148	270	156	5	366	630	1	264	9.53e-60	198
ENJJHACM_02041	MER0024898	41.057	246	138	4	401	640	1	245	2.03e-56	189
ENJJHACM_02041	MER0004454	38.819	237	144	1	401	636	1	237	2.65e-54	184
ENJJHACM_02041	MER0005466	37.975	237	140	4	402	632	2	237	2.48e-53	180
ENJJHACM_02041	MER0015199	42.194	237	129	3	401	629	1	237	6.04e-53	180
ENJJHACM_02041	MER0002602	38.333	240	142	2	402	635	2	241	9.05e-51	174
ENJJHACM_02041	MER0001620	39.574	235	135	3	401	628	1	235	9.23e-47	163
ENJJHACM_02041	MER0002563	35.470	234	141	3	402	625	2	235	4.63e-46	160
ENJJHACM_02041	MER0002408	37.945	253	139	9	401	642	1	246	2.41e-44	155
ENJJHACM_02041	MER0017637	36.170	235	138	4	402	625	2	235	1.61e-42	150
ENJJHACM_02041	MER0015197	34.234	222	139	4	413	630	13	231	9.58e-42	149
ENJJHACM_02041	MER0011745	33.617	235	145	6	401	627	1	232	7.15e-40	144
ENJJHACM_02041	MER0015137	34.043	235	144	6	401	627	1	232	3.35e-39	142
ENJJHACM_02041	MER0015193	36.481	233	138	6	401	625	1	231	8.67e-39	140
ENJJHACM_02041	MER0005755	36.797	231	133	4	402	628	2	223	7.78e-38	137
ENJJHACM_02041	MER0002608	37.975	237	137	5	402	629	2	237	7.23e-37	135
ENJJHACM_02041	MER0002197	35.021	237	139	4	401	632	1	227	1.03e-34	129
ENJJHACM_02041	MER0014324	35.088	228	134	4	401	625	1	217	1.68e-34	128
ENJJHACM_02041	MER0190705	33.766	231	142	3	402	630	1	222	1.85e-34	127
ENJJHACM_02041	MER0190577	32.895	228	139	3	401	625	1	217	1.15e-33	125
ENJJHACM_02041	MER0024900	33.929	224	137	4	402	622	2	217	3.53e-32	122
ENJJHACM_02041	MER0015690	35.321	218	129	6	401	606	1	218	7.61e-32	121
ENJJHACM_02041	MER0011120	36.239	218	127	6	401	606	1	218	3.38e-31	119
ENJJHACM_02041	MER0001246	30.769	182	114	3	412	590	1	173	1.00e-20	87.0
ENJJHACM_02041	MER0015204	26.016	246	151	7	402	616	2	247	1.38e-16	77.8
ENJJHACM_02115	MER0017033	26.493	268	157	13	3	250	52	299	1.73e-10	57.0
ENJJHACM_02115	MER0031614	22.800	250	170	9	18	257	86	322	9.79e-10	55.1
ENJJHACM_02115	MER0017177	21.306	291	172	9	16	257	35	317	1.11e-09	54.7
ENJJHACM_02115	MER0004146	22.053	263	181	7	2	250	8	260	1.29e-08	51.2
ENJJHACM_02115	MER0036057	25.301	249	158	8	16	250	63	297	1.51e-08	51.2
ENJJHACM_02115	MER0014065	30.233	86	57	1	29	114	48	130	1.73e-08	51.2
ENJJHACM_02115	MER0036056	22.008	259	169	7	12	250	76	321	7.06e-08	49.3
ENJJHACM_02115	MER0031617	22.814	263	180	11	2	246	22	279	4.04e-07	47.0
ENJJHACM_02115	MER0183709	24.643	280	175	12	1	256	22	289	6.35e-07	46.2
ENJJHACM_02115	MER0011509	21.831	284	177	10	4	250	26	301	6.46e-07	46.6
ENJJHACM_02115	MER0017142	28.571	98	60	3	16	113	15	102	7.63e-07	45.8
ENJJHACM_02115	MER0044578	31.250	112	69	3	8	114	66	174	1.05e-06	45.8
ENJJHACM_02115	MER0036065	30.275	109	72	3	16	121	3	110	1.25e-06	45.4
ENJJHACM_02115	MER0210990	33.784	74	46	1	41	114	57	127	1.76e-06	45.1
ENJJHACM_02115	MER0026339	29.825	114	73	4	16	127	25	133	4.18e-06	43.9
ENJJHACM_02115	MER0036054	26.400	125	87	3	2	125	3	123	4.59e-06	43.5
ENJJHACM_02115	MER0044581	33.628	113	64	5	8	114	65	172	5.53e-06	43.5
ENJJHACM_02128	MER0034539	41.262	206	112	6	2	199	1	205	4.54e-42	147
ENJJHACM_02128	MER0033254	30.040	253	136	12	2	218	1	248	2.15e-23	96.3
ENJJHACM_02128	MER0011806	26.154	195	103	8	2	155	1	195	1.35e-09	55.5
ENJJHACM_02128	MER0004101	33.000	100	58	3	65	155	96	195	3.04e-09	54.7
ENJJHACM_02128	MER0011781	32.727	110	62	4	58	155	85	194	3.78e-08	51.2
ENJJHACM_02128	MER0003327	23.474	213	117	9	2	172	1	209	1.95e-06	46.2
ENJJHACM_02145	MER0044622	45.263	95	47	3	3	92	28	122	4.59e-23	85.9
ENJJHACM_02145	MER0045094	41.935	93	51	2	3	92	14	106	7.75e-23	85.1
ENJJHACM_02145	MER0043394	50.725	69	30	2	27	92	3	70	8.76e-17	67.8
ENJJHACM_02145	MER0044882	40.278	72	41	1	23	92	1	72	9.29e-16	65.5
ENJJHACM_02145	MER0043392	40.299	67	35	2	29	90	1	67	5.41e-12	55.5
ENJJHACM_02145	MER0044619	32.653	98	57	4	1	92	8	102	2.50e-10	51.6
ENJJHACM_02145	MER0043195	34.343	99	54	4	4	92	8	105	6.11e-09	48.1
ENJJHACM_02145	MER0044812	29.870	77	53	1	15	90	68	144	9.04e-08	44.7
ENJJHACM_02145	MER0043537	30.108	93	60	4	3	92	2	92	2.00e-06	40.8
ENJJHACM_02146	MER0044622	44.318	88	47	1	3	90	130	215	1.91e-21	81.6
ENJJHACM_02146	MER0045094	46.753	77	41	0	14	90	123	199	1.65e-20	79.0
ENJJHACM_02146	MER0044882	46.753	77	39	2	16	90	95	171	8.39e-20	75.9
ENJJHACM_02146	MER0043394	38.961	77	47	0	14	90	87	163	6.38e-19	73.2
ENJJHACM_02146	MER0043392	39.080	87	48	3	1	87	75	156	5.42e-15	63.2
ENJJHACM_02146	MER0045095	36.486	74	45	2	18	89	151	224	1.54e-07	44.3
ENJJHACM_02146	MER0043537	24.051	79	58	1	12	90	107	183	2.51e-07	43.1
ENJJHACM_02146	MER0044619	28.090	89	61	2	2	90	110	195	2.57e-07	43.5
ENJJHACM_02146	MER0043195	32.653	98	58	3	1	90	111	208	4.25e-07	42.7
ENJJHACM_02146	MER0043387	35.802	81	48	3	10	89	88	165	2.59e-06	40.4
ENJJHACM_02181	MER0026262	27.119	354	222	15	23	349	3	347	1.62e-23	96.7
ENJJHACM_02181	MER0017069	22.945	292	215	6	45	330	20	307	1.09e-21	91.3
ENJJHACM_02181	MER1143079	27.703	296	187	9	36	327	11	283	5.36e-21	88.6
ENJJHACM_02181	MER0000459	23.123	333	233	7	10	329	2	324	3.07e-20	87.4
ENJJHACM_02181	MER0005964	24.746	295	187	10	62	329	47	333	1.27e-19	85.9
ENJJHACM_02181	MER0000457	24.316	329	205	13	22	329	7	312	1.47e-19	85.5
ENJJHACM_02181	MER0002489	23.885	314	200	6	12	305	8	302	4.98e-19	84.0
ENJJHACM_02181	MER0005925	26.748	329	185	15	39	333	21	327	1.91e-18	82.4
ENJJHACM_02181	MER0003802	25.279	269	173	8	28	288	7	255	1.40e-15	73.6
ENJJHACM_02181	MER0011700	25.806	341	203	11	17	315	1	333	1.76e-15	73.6
ENJJHACM_02181	MER0140154	22.515	342	203	11	39	330	5	334	1.06e-14	71.2
ENJJHACM_02181	MER0006204	23.958	288	176	12	41	288	26	310	5.33e-12	63.2
ENJJHACM_02181	MER0122661	27.568	185	109	5	37	209	16	187	2.23e-11	61.2
ENJJHACM_02181	MER0005923	30.526	95	59	1	40	127	28	122	4.90e-09	54.3
ENJJHACM_02181	MER0354941	24.490	196	123	7	32	207	6	196	2.39e-08	50.4
ENJJHACM_02181	MER0219770	24.051	158	105	5	60	208	36	187	1.21e-07	49.7
ENJJHACM_02181	MER0000463	22.672	247	172	8	55	295	35	268	2.48e-07	48.5
ENJJHACM_02181	MER0028284	21.203	316	189	13	55	338	35	322	2.47e-06	45.4
ENJJHACM_02184	MER0005244	33.702	181	120	0	257	437	3	183	1.80e-35	127
ENJJHACM_02184	MER0005241	30.047	213	126	7	257	451	3	210	1.14e-19	84.7
ENJJHACM_02184	MER0100667	27.111	225	144	7	236	449	1	216	3.37e-12	62.8
ENJJHACM_02184	MER0001284	29.412	153	94	5	259	397	36	188	2.67e-11	60.5
ENJJHACM_02184	MER0004514	28.972	107	68	1	259	357	36	142	8.92e-10	55.8
ENJJHACM_02184	MER0001289	26.316	247	152	11	218	449	29	260	1.58e-08	52.4
ENJJHACM_02184	MER0005238	32.000	100	62	3	258	353	66	163	4.97e-08	51.2
ENJJHACM_02184	MER0005131	30.357	112	65	4	258	357	37	147	7.04e-08	50.4
ENJJHACM_02184	MER0002104	32.530	83	51	2	258	337	66	146	1.84e-07	49.3
ENJJHACM_02184	MER0037181	27.778	162	103	4	258	412	65	219	3.37e-06	45.4
ENJJHACM_02184	MER0015691	31.707	82	51	2	259	337	53	132	3.84e-06	45.1
ENJJHACM_02184	MER0001911	28.814	118	80	2	257	374	39	152	3.99e-06	45.1
ENJJHACM_02184	MER0005149	34.940	83	48	2	259	337	65	145	6.23e-06	44.7
ENJJHACM_02184	MER0002161	26.582	158	110	4	258	412	65	219	9.56e-06	43.9
ENJJHACM_02295	MER0042581	40.116	344	172	9	31	346	50	387	1.23e-66	215
ENJJHACM_02354	MER0005169	32.635	334	214	6	14	344	6	331	1.24e-52	175
ENJJHACM_02354	MER0013829	31.445	353	225	8	14	359	6	348	3.18e-49	166
ENJJHACM_02354	MER0005472	31.642	335	213	6	20	353	12	331	3.10e-42	147
ENJJHACM_02354	MER0004410	30.114	352	221	10	13	352	5	343	3.83e-38	136
ENJJHACM_02354	MER0002046	30.645	310	194	9	43	349	35	326	8.02e-36	130
ENJJHACM_02354	MER0002043	25.568	352	236	8	5	345	9	345	2.00e-31	119
ENJJHACM_02354	MER0005160	31.058	293	175	9	61	345	51	324	1.17e-30	116
ENJJHACM_02354	MER0002040	27.273	286	188	9	61	337	55	329	6.76e-21	89.4
ENJJHACM_02354	MER0022215	24.127	315	207	8	49	352	40	333	3.83e-20	87.0
ENJJHACM_02371	MER0005767	28.859	298	170	11	57	353	29	285	1.26e-17	80.1
ENJJHACM_02373	MER0209507	31.633	98	61	2	100	193	10	105	4.61e-08	46.6
ENJJHACM_02373	MER0213229	27.723	101	70	2	93	192	7	105	8.62e-07	43.1
ENJJHACM_02391	MER0013976	43.925	107	55	4	154	257	1	105	8.55e-18	74.7
ENJJHACM_02391	MER0003303	40.187	107	59	4	154	257	1	105	7.44e-15	67.0
ENJJHACM_02391	MER0003338	45.872	109	53	5	154	257	1	108	4.11e-14	65.1
ENJJHACM_02391	MER0017622	22.892	249	152	8	3	217	1	243	6.86e-13	63.9
ENJJHACM_02391	MER0003336	28.409	88	61	2	154	239	1	88	8.80e-06	41.6
ENJJHACM_02392	MER0005768	30.303	264	166	2	1	264	3	248	1.93e-34	122
ENJJHACM_02395	MER0005196	57.940	233	98	0	462	694	8	240	7.91e-96	293
ENJJHACM_02395	MER0001423	44.444	216	120	0	476	691	2	217	5.47e-65	212
ENJJHACM_02395	MER0058228	42.478	226	128	2	470	693	1	226	1.18e-62	206
ENJJHACM_02395	MER0011413	38.739	222	132	2	473	690	1	222	4.36e-53	180
ENJJHACM_02395	MER0004923	35.088	228	144	2	470	693	49	276	2.08e-47	166
ENJJHACM_02395	MER0192427	35.319	235	144	4	459	690	50	279	3.55e-47	165
ENJJHACM_02395	MER0013484	34.234	222	142	2	473	690	1	222	8.69e-47	162
ENJJHACM_02395	MER0004921	34.649	228	136	5	473	693	1	222	3.03e-46	161
ENJJHACM_02395	MER0005994	33.333	243	151	5	459	694	11	249	4.20e-43	153
ENJJHACM_02395	MER0000399	37.333	225	130	7	459	679	10	227	4.32e-41	147
ENJJHACM_02395	MER0004504	37.824	193	115	3	479	667	2	193	3.46e-40	144
ENJJHACM_02395	MER0195666	33.333	213	132	4	476	681	1	210	3.47e-40	144
ENJJHACM_02395	MER0000401	35.981	214	128	5	470	679	20	228	3.62e-37	137
ENJJHACM_02395	MER0000405	35.160	219	135	5	477	690	33	249	9.24e-37	135
ENJJHACM_02395	MER0005987	31.982	222	137	6	483	696	35	250	3.25e-36	134
ENJJHACM_02395	MER0000404	31.301	246	156	7	453	690	4	244	1.80e-33	126
ENJJHACM_02395	MER0011305	32.759	232	148	6	463	689	8	236	5.52e-33	124
ENJJHACM_02395	MER0004199	33.790	219	133	6	483	696	1	212	1.69e-31	119
ENJJHACM_02395	MER0011231	35.096	208	123	7	479	680	29	230	3.20e-30	117
ENJJHACM_02395	MER0004193	31.937	191	125	4	476	663	3	191	1.57e-29	114
ENJJHACM_02395	MER0003361	31.553	206	125	6	473	672	16	211	1.84e-27	108
ENJJHACM_02395	MER0000403	28.378	222	152	3	471	687	20	239	6.19e-27	107
ENJJHACM_02395	MER0017401	28.448	232	142	9	477	695	8	228	4.05e-20	87.0
ENJJHACM_02395	MER0034615	33.333	132	85	2	471	602	5	133	3.24e-15	72.8
ENJJHACM_02395	MER0005988	33.636	110	72	1	581	689	2	111	6.66e-15	68.2
ENJJHACM_02395	MER0003558	24.468	188	130	2	489	669	39	221	7.50e-13	66.2
ENJJHACM_02395	MER0000263	33.333	120	68	4	471	585	1	113	2.60e-12	64.3
ENJJHACM_02395	MER0015682	27.103	214	137	7	471	676	68	270	2.64e-12	65.1
ENJJHACM_02395	MER0018170	24.324	185	122	2	489	660	25	204	1.03e-11	62.8
ENJJHACM_02395	MER0005807	25.316	237	145	9	474	689	34	259	3.26e-10	58.5
ENJJHACM_02395	MER0011583	23.913	230	143	7	483	694	16	231	1.76e-09	55.8
ENJJHACM_02395	MER0000408	22.907	227	157	4	476	689	12	233	2.79e-09	55.5
ENJJHACM_02395	MER0126485	26.131	199	125	7	485	673	11	197	2.97e-08	52.0
ENJJHACM_02395	MER0016096	21.212	231	155	8	477	689	7	228	5.74e-07	48.1
ENJJHACM_02395	MER0006027	22.026	227	148	10	482	690	24	239	1.80e-06	47.0
ENJJHACM_02395	MER0001920	23.611	216	143	6	490	690	20	228	4.43e-06	45.4
ENJJHACM_02395	MER0022823	32.941	85	56	1	525	608	73	157	5.33e-06	45.4
ENJJHACM_02414	MER0013626	29.091	110	56	4	372	460	37	145	2.53e-11	58.9
ENJJHACM_02414	MER0000589	64.865	37	13	0	424	460	192	228	7.76e-10	56.2
ENJJHACM_02414	MER0000589	29.839	124	43	3	140	263	1	80	1.95e-09	55.1
ENJJHACM_02436	MER0003380	34.194	155	68	6	22	170	106	232	1.38e-13	67.0
ENJJHACM_02436	MER0069741	37.168	113	44	4	47	159	69	154	3.30e-13	64.7
ENJJHACM_02436	MER0013541	33.628	113	45	5	48	158	1	85	1.23e-07	46.2
ENJJHACM_02436	MER0003376	28.916	166	77	7	2	158	3	136	9.42e-07	45.4
ENJJHACM_02436	MER0015415	26.718	131	71	3	35	165	51	156	2.12e-06	44.7
ENJJHACM_02441	MER0035036	25.322	233	118	7	3	229	39	221	3.04e-10	55.8
ENJJHACM_02441	MER0015472	24.583	240	129	7	9	245	5	195	3.20e-09	52.4
ENJJHACM_02441	MER0030047	27.174	184	81	5	53	235	3	134	4.00e-09	50.8
ENJJHACM_02441	MER0017194	27.473	182	78	5	50	225	66	199	2.68e-07	47.0
ENJJHACM_02441	MER0015458	27.000	200	85	7	46	232	50	201	3.81e-07	46.6
ENJJHACM_02441	MER0015473	24.670	227	101	8	27	235	12	186	3.99e-07	46.2
ENJJHACM_02441	MER0015459	34.783	69	42	1	28	93	27	95	1.84e-06	44.7
ENJJHACM_02441	MER0017405	38.298	47	29	0	44	90	42	88	9.39e-06	42.0
ENJJHACM_02522	MER0013623	55.195	154	68	1	100	253	1	153	1.54e-56	181
ENJJHACM_02522	MER0000268	54.194	155	69	2	100	253	1	154	1.08e-53	174
ENJJHACM_02522	MER0003850	50.857	175	83	3	100	272	3	176	1.40e-53	174
ENJJHACM_02522	MER0004111	50.955	157	72	2	100	253	1	155	4.56e-51	167
ENJJHACM_02522	MER0004149	51.829	164	68	4	100	253	1	163	1.77e-48	160
ENJJHACM_02522	MER0001372	51.923	156	73	2	100	253	1	156	1.23e-47	158
ENJJHACM_02522	MER0000266	51.923	156	73	2	100	253	1	156	5.22e-46	154
ENJJHACM_02522	MER0003290	49.057	159	73	3	100	253	1	156	1.22e-43	147
ENJJHACM_02522	MER0005468	47.170	159	78	3	100	253	1	158	3.09e-42	144
ENJJHACM_02522	MER0001373	48.734	158	77	2	100	253	1	158	1.85e-41	142
ENJJHACM_02522	MER0004673	34.701	268	140	6	100	343	2	258	2.32e-41	145
ENJJHACM_02522	MER0001945	45.912	159	81	2	100	253	1	159	2.26e-40	139
ENJJHACM_02522	MER0002577	48.101	158	73	2	100	253	1	153	4.71e-40	138
ENJJHACM_02522	MER0028330	45.570	158	77	2	100	253	1	153	1.79e-39	136
ENJJHACM_02522	MER0016351	43.038	158	81	2	100	253	1	153	5.93e-38	132
ENJJHACM_02522	MER0016031	46.707	167	75	5	100	253	1	166	7.81e-37	130
ENJJHACM_02522	MER0010944	44.186	172	77	5	100	253	1	171	3.79e-36	128
ENJJHACM_02522	MER0022668	46.784	171	74	6	100	253	1	171	4.25e-36	128
ENJJHACM_02522	MER0014795	44.512	164	76	3	100	253	1	159	8.96e-36	127
ENJJHACM_02522	MER0004086	46.626	163	76	5	101	253	1	162	2.30e-35	126
ENJJHACM_02522	MER0004093	43.038	158	81	2	100	253	1	153	1.07e-33	121
ENJJHACM_02522	MER0003293	44.966	149	80	2	100	247	1	148	4.28e-33	119
ENJJHACM_02522	MER0011375	41.875	160	81	4	100	253	1	154	2.16e-32	117
ENJJHACM_02522	MER0006096	43.284	134	69	2	124	253	1	131	1.35e-29	109
ENJJHACM_02522	MER0015583	44.000	150	72	4	100	237	1	150	1.22e-27	104
ENJJHACM_02522	MER0005093	38.750	160	83	4	100	244	1	160	2.01e-25	99.0
ENJJHACM_02522	MER0063616	34.132	167	82	8	103	253	5	159	6.53e-17	75.1
ENJJHACM_02522	MER0005094	33.125	160	90	7	100	248	1	154	1.24e-13	65.5
ENJJHACM_02522	MER0014317	33.588	131	78	5	111	234	10	138	1.68e-09	53.5
ENJJHACM_02522	MER0014318	35.294	136	72	7	100	225	1	130	8.92e-09	51.2
ENJJHACM_02522	MER0005090	35.075	134	75	7	100	225	1	130	1.24e-08	50.8
ENJJHACM_02522	MER0024901	35.172	145	77	9	100	234	1	138	2.10e-08	50.1
ENJJHACM_02522	MER0005089	34.586	133	77	7	100	225	1	130	2.53e-08	50.1
ENJJHACM_02522	MER0014314	30.827	133	82	6	100	225	1	130	4.09e-06	43.5
ENJJHACM_02522	MER0005954	29.747	158	84	7	97	235	35	184	6.64e-06	43.9
ENJJHACM_02525	MER0004035	42.574	101	47	3	296	393	7	99	2.06e-19	80.1
ENJJHACM_02525	MER0002443	39.583	96	53	3	296	390	10	101	2.27e-16	71.6
ENJJHACM_02525	MER0004054	40.964	83	45	3	290	368	4	86	2.79e-13	63.2
ENJJHACM_02525	MER0003986	35.238	105	62	3	287	389	1	101	5.23e-12	59.3
ENJJHACM_02525	MER0031199	36.667	60	38	0	303	362	1	60	1.11e-10	54.3
ENJJHACM_02525	MER0003807	40.000	75	43	2	296	368	10	84	1.38e-10	55.5
ENJJHACM_02525	MER0024252	37.349	83	46	2	299	381	14	90	3.77e-10	54.3
ENJJHACM_02525	MER0014672	33.708	89	46	1	287	362	1	89	9.08e-10	53.1
ENJJHACM_02525	MER0003805	38.318	107	52	6	287	390	1	96	9.48e-10	52.8
ENJJHACM_02525	MER0377450	40.964	83	40	3	287	366	1	77	2.57e-09	50.8
ENJJHACM_02525	MER0376722	37.736	106	52	7	287	389	1	95	3.32e-09	50.8
ENJJHACM_02525	MER0003808	37.383	107	53	7	287	390	1	96	4.11e-09	51.2
ENJJHACM_02525	MER0377310	35.577	104	59	6	287	390	1	96	2.27e-08	48.9
ENJJHACM_02525	MER0377307	35.577	104	59	6	287	390	1	96	2.27e-08	48.9
ENJJHACM_02525	MER0002450	35.577	104	59	6	287	390	1	96	2.59e-08	48.9
ENJJHACM_02525	MER0377178	37.500	104	57	6	287	390	1	96	4.12e-07	45.1
ENJJHACM_02525	MER0014188	34.247	73	37	2	287	353	1	68	1.23e-06	43.9
ENJJHACM_02529	MER0036115	31.298	131	76	6	80	204	36	158	1.27e-09	54.7
ENJJHACM_02529	MER0035035	34.343	99	56	4	73	163	27	124	2.08e-08	51.2
ENJJHACM_02529	MER0017193	29.464	112	75	2	71	178	17	128	2.18e-07	47.8
ENJJHACM_02529	MER0031614	20.085	234	139	9	58	248	61	289	7.75e-07	46.6
ENJJHACM_02529	MER0044350	31.683	101	54	6	80	170	2	97	9.87e-07	45.8
ENJJHACM_02529	MER0035044	35.632	87	47	4	73	151	25	110	1.04e-06	45.8
ENJJHACM_02529	MER0213280	34.091	88	49	4	73	152	22	108	1.11e-06	45.8
ENJJHACM_02529	MER0035032	32.653	98	57	4	73	162	23	119	1.26e-06	45.8
ENJJHACM_02529	MER0035038	32.258	93	54	4	73	157	22	113	2.94e-06	44.7
ENJJHACM_02529	MER0036054	27.619	105	70	4	80	179	17	120	9.45e-06	42.7
ENJJHACM_02555	MER0030932	24.324	259	166	9	54	296	1	245	1.83e-15	71.2
ENJJHACM_02555	MER0058228	27.193	228	132	10	75	282	13	226	1.86e-12	62.8
ENJJHACM_02555	MER0005987	23.656	186	131	5	112	295	84	260	2.48e-08	50.8
ENJJHACM_02555	MER0001423	25.676	222	137	11	75	280	8	217	1.05e-07	48.5
ENJJHACM_02555	MER0017401	33.582	134	69	7	68	185	1	130	3.35e-07	47.4
ENJJHACM_02555	MER0034615	24.378	201	126	8	73	253	10	204	1.59e-06	45.4
ENJJHACM_02555	MER0013484	26.446	242	130	12	75	286	10	233	2.15e-06	44.7
ENJJHACM_02555	MER0004923	22.222	297	174	12	31	293	15	288	3.37e-06	44.7
ENJJHACM_02555	MER0011413	24.348	230	134	7	82	286	15	229	9.42e-06	42.7
ENJJHACM_02640	MER0060647	33.990	203	119	6	1	201	83	272	2.52e-31	114
ENJJHACM_02640	MER0044812	38.621	145	75	2	70	201	12	155	1.28e-28	104
ENJJHACM_02640	MER0043540	35.417	144	91	2	59	201	1	143	2.64e-26	98.2
ENJJHACM_02640	MER0078640	31.527	203	125	4	2	202	81	271	3.93e-26	100
ENJJHACM_02640	MER0045945	46.000	100	52	2	103	202	34	131	6.94e-23	89.0
ENJJHACM_02640	MER0046161	38.806	134	65	4	82	201	33	163	7.26e-21	84.7
ENJJHACM_02640	MER0115185	53.731	67	31	0	136	202	1	67	1.00e-20	81.3
ENJJHACM_02640	MER0436691	30.159	189	89	5	18	201	10	160	7.30e-19	79.0
ENJJHACM_02640	MER0044882	37.681	69	39	3	123	189	3	69	9.39e-07	44.3
ENJJHACM_02641	MER0060647	50.847	59	29	0	11	69	1	59	1.42e-15	65.9
ENJJHACM_02641	MER0078640	50.000	58	29	0	11	68	1	58	1.99e-12	57.0
ENJJHACM_02690	MER0039993	40.537	708	392	12	25	715	1	696	1.02e-170	503
ENJJHACM_02690	MER0014366	36.056	710	420	12	20	715	23	712	2.73e-144	436
ENJJHACM_02690	MER0217397	33.821	683	434	9	43	715	5	679	2.89e-121	375
ENJJHACM_02690	MER0501051	40.385	260	140	7	23	275	2	253	1.37e-49	176
ENJJHACM_02690	MER0501051	42.038	157	84	4	564	716	248	401	3.64e-29	117
ENJJHACM_02700	MER0001161	41.003	678	393	4	4	674	1	678	5.80e-179	522
ENJJHACM_02700	MER0001158	35.952	662	418	5	17	674	18	677	5.39e-145	435
ENJJHACM_02700	MER0006087	34.058	690	419	14	13	675	19	699	1.01e-128	394
ENJJHACM_02700	MER0015119	32.299	709	428	18	13	675	15	717	3.48e-117	364
ENJJHACM_02700	MER0108144	31.065	676	428	13	22	674	2	662	2.38e-96	308
ENJJHACM_02700	MER0001149	30.482	643	409	13	48	674	56	676	2.22e-91	295
ENJJHACM_02700	MER0003110	29.900	699	419	17	33	674	31	715	3.79e-90	293
ENJJHACM_02700	MER0001942	30.660	636	411	13	51	674	59	676	5.66e-86	281
ENJJHACM_02700	MER0001153	30.585	667	425	15	38	674	34	692	1.73e-80	266
ENJJHACM_02700	MER0079465	27.744	656	419	23	51	674	2	634	3.05e-62	216
ENJJHACM_02700	MER0015170	25.573	567	389	12	106	669	89	625	7.19e-50	181
ENJJHACM_02700	MER0001156	26.870	655	388	23	56	651	62	684	1.36e-43	164
ENJJHACM_02700	MER0021317	34.247	73	48	0	431	503	15	87	1.13e-07	47.0
ENJJHACM_02730	MER0034582	27.129	317	208	9	611	912	12	320	8.63e-31	121
ENJJHACM_02766	MER0003339	20.744	511	362	18	167	662	1	483	6.82e-24	102
ENJJHACM_02766	MER0003306	23.545	378	243	9	167	518	1	358	1.63e-14	73.6
ENJJHACM_02766	MER0006198	19.949	391	259	13	167	528	1	366	6.84e-12	65.1
ENJJHACM_02789	MER0034541	23.262	1410	937	47	373	1692	27	1381	1.58e-77	280
ENJJHACM_02918	MER0001295	44.865	185	90	3	372	553	3	178	4.17e-47	162
ENJJHACM_02918	MER0003413	34.545	165	96	3	388	552	13	165	5.22e-24	96.3
ENJJHACM_02918	MER0001425	38.462	169	84	6	388	552	18	170	6.24e-24	96.3
ENJJHACM_02918	MER0003514	34.254	181	100	4	370	550	1	162	1.35e-22	92.4
ENJJHACM_02918	MER0003065	34.375	160	94	3	393	552	16	164	8.37e-22	90.1
ENJJHACM_02918	MER0015684	37.821	156	87	5	390	542	13	161	1.30e-21	89.4
ENJJHACM_02918	MER0001297	34.965	143	83	3	370	512	1	133	5.23e-21	87.8
ENJJHACM_02918	MER0004196	30.409	171	100	5	390	554	13	170	4.54e-16	73.6
ENJJHACM_02918	MER0004195	33.136	169	97	6	390	554	13	169	8.96e-15	69.7
ENJJHACM_02918	MER0005714	26.627	169	106	4	390	550	13	171	4.64e-13	65.1
ENJJHACM_02924	MER0001423	69.828	232	70	0	486	717	1	232	1.27e-117	350
ENJJHACM_02924	MER0000405	41.636	269	143	7	462	719	2	267	5.49e-63	208
ENJJHACM_02924	MER0000399	40.684	263	145	6	462	719	1	257	2.99e-60	200
ENJJHACM_02924	MER0000401	40.458	262	148	5	462	719	2	259	2.31e-59	198
ENJJHACM_02924	MER0011413	39.076	238	141	2	485	718	2	239	1.56e-55	187
ENJJHACM_02924	MER0005196	37.826	230	142	1	487	716	22	250	3.20e-55	186
ENJJHACM_02924	MER0058228	41.284	218	126	2	487	702	7	224	4.17e-53	180
ENJJHACM_02924	MER0004923	35.039	254	161	2	469	718	37	290	3.40e-51	177
ENJJHACM_02924	MER0013484	37.615	218	132	2	487	700	4	221	4.46e-50	172
ENJJHACM_02924	MER0004504	38.967	213	121	3	490	699	2	208	4.77e-49	169
ENJJHACM_02924	MER0005987	35.521	259	157	6	467	719	6	260	4.17e-48	167
ENJJHACM_02924	MER0004921	34.298	242	146	5	485	719	2	237	1.02e-47	166
ENJJHACM_02924	MER0011305	38.583	254	147	6	468	716	1	250	3.21e-47	165
ENJJHACM_02924	MER0011231	35.361	263	161	6	462	719	1	259	4.03e-46	162
ENJJHACM_02924	MER0000404	33.712	264	167	5	462	719	1	262	5.13e-46	162
ENJJHACM_02924	MER0004193	37.179	234	140	5	487	717	3	232	8.15e-43	152
ENJJHACM_02924	MER0005994	32.075	265	169	5	462	719	2	262	3.96e-41	148
ENJJHACM_02924	MER0192427	32.189	233	151	3	471	700	50	278	9.59e-39	142
ENJJHACM_02924	MER0000403	27.799	259	179	4	466	719	5	260	6.10e-37	136
ENJJHACM_02924	MER0004199	35.931	231	134	10	494	719	1	222	7.77e-37	134
ENJJHACM_02924	MER0195666	33.166	199	123	4	494	686	10	204	2.72e-31	119
ENJJHACM_02924	MER0003361	28.936	235	148	7	472	698	4	227	5.16e-28	110
ENJJHACM_02924	MER0005988	38.182	110	67	1	592	700	2	111	2.38e-21	86.7
ENJJHACM_02924	MER0003558	26.168	214	144	4	500	705	39	246	1.19e-15	74.3
ENJJHACM_02924	MER0034615	25.641	234	155	3	480	700	3	230	3.31e-14	70.1
ENJJHACM_02924	MER0005807	24.286	210	148	5	495	700	57	259	2.13e-12	65.1
ENJJHACM_02924	MER0017401	24.901	253	157	10	482	716	2	239	2.36e-12	64.3
ENJJHACM_02924	MER0018170	25.000	236	147	7	484	698	5	231	4.37e-12	63.9
ENJJHACM_02924	MER0140224	25.664	226	134	5	487	699	14	218	1.18e-11	62.4
ENJJHACM_02924	MER0006027	24.324	222	147	5	493	700	24	238	1.35e-10	59.3
ENJJHACM_02924	MER0016096	21.200	250	174	7	483	716	2	244	5.09e-10	57.4
ENJJHACM_02924	MER0030932	26.994	163	111	3	565	720	84	245	1.49e-09	56.2
ENJJHACM_02924	MER0000263	24.706	255	156	13	483	716	2	241	9.22e-08	50.4
ENJJHACM_02924	MER0015682	24.088	274	186	11	437	698	22	285	1.94e-07	50.1
ENJJHACM_02924	MER0011583	20.833	240	164	8	473	700	1	226	6.13e-07	48.1
ENJJHACM_02924	MER0004925	24.299	214	138	7	470	668	3	207	8.05e-06	45.1
ENJJHACM_02931	MER0003514	56.863	51	22	0	1	51	103	153	2.84e-13	63.2
ENJJHACM_02931	MER0001425	50.877	57	28	0	1	57	109	165	2.51e-12	60.5
ENJJHACM_02931	MER0003413	52.083	48	23	0	1	48	104	151	1.04e-11	58.9
ENJJHACM_02931	MER0004196	54.000	50	22	1	3	52	108	156	7.29e-11	56.6
ENJJHACM_02931	MER0001297	42.593	54	31	0	1	54	103	156	9.97e-10	53.1
ENJJHACM_02931	MER0003065	47.917	48	25	0	1	48	103	150	1.76e-09	52.4
ENJJHACM_02931	MER0005714	44.681	47	26	0	1	47	112	158	5.90e-09	51.2
ENJJHACM_02931	MER0015684	34.722	72	37	1	1	72	105	166	1.21e-07	47.4
ENJJHACM_02931	MER0004195	36.538	52	33	0	1	52	104	155	1.39e-07	47.0
ENJJHACM_02932	MER0001297	47.692	65	33	1	191	255	3	66	2.55e-12	60.8
ENJJHACM_02932	MER0003514	40.000	65	38	1	191	255	3	66	1.28e-10	55.8
ENJJHACM_02932	MER0003065	32.812	64	43	0	191	254	3	66	1.95e-09	52.8
ENJJHACM_02932	MER0003413	31.818	66	45	0	193	258	5	70	1.19e-08	50.4
ENJJHACM_02932	MER0015684	34.328	67	44	0	192	258	4	70	1.60e-08	50.1
ENJJHACM_02932	MER0005714	36.111	72	39	1	191	255	3	74	2.16e-08	49.7
ENJJHACM_02932	MER0001295	36.842	57	36	0	190	246	2	58	5.62e-07	45.8
ENJJHACM_02932	MER0001425	34.177	79	45	3	193	267	5	80	1.89e-06	43.9
ENJJHACM_02932	MER0004196	33.735	83	52	2	193	273	5	86	2.51e-06	43.5
ENJJHACM_02941	MER0036115	30.612	49	34	0	136	184	86	134	5.91e-06	43.5
ENJJHACM_02941	MER0031619	29.688	64	45	0	138	201	81	144	7.23e-06	43.1
ENJJHACM_02957	MER0034615	58.704	247	101	1	382	628	1	246	1.15e-109	327
ENJJHACM_02957	MER0000263	38.525	244	140	5	389	628	4	241	1.67e-52	177
ENJJHACM_02957	MER0016096	33.607	244	153	4	390	628	5	244	5.98e-49	168
ENJJHACM_02957	MER0011583	31.452	248	154	8	390	631	11	248	5.02e-31	118
ENJJHACM_02957	MER0000408	27.193	228	151	6	391	610	11	231	2.44e-24	99.4
ENJJHACM_02957	MER0017401	25.000	220	154	5	393	610	8	218	4.63e-19	84.0
ENJJHACM_02957	MER0001920	24.123	228	169	2	406	631	21	246	5.38e-19	84.0
ENJJHACM_02957	MER0001423	28.692	237	145	5	390	616	1	223	1.15e-17	79.7
ENJJHACM_02957	MER0005807	27.234	235	158	5	378	612	38	259	3.14e-17	79.3
ENJJHACM_02957	MER0018170	24.883	213	148	4	404	610	25	231	3.19e-17	78.6
ENJJHACM_02957	MER0005196	24.621	264	168	10	371	622	1	245	3.04e-15	72.8
ENJJHACM_02957	MER0003558	25.322	233	157	6	404	630	39	260	7.40e-15	72.0
ENJJHACM_02957	MER0140224	24.651	215	155	4	406	617	14	224	6.61e-14	68.6
ENJJHACM_02957	MER0015682	24.107	224	155	4	396	617	82	292	6.26e-13	67.0
ENJJHACM_02957	MER0005987	25.301	249	172	5	367	610	2	241	7.36e-13	65.9
ENJJHACM_02957	MER0058228	24.336	226	157	4	391	612	7	222	1.32e-12	65.1
ENJJHACM_02957	MER0000403	27.397	146	103	3	371	514	6	150	3.58e-12	63.9
ENJJHACM_02957	MER0000401	25.862	232	145	5	391	612	26	240	4.04e-12	63.9
ENJJHACM_02957	MER0011413	24.206	252	163	7	391	630	4	239	1.27e-11	62.0
ENJJHACM_02957	MER0000399	28.859	149	100	3	369	514	4	149	2.72e-11	61.2
ENJJHACM_02957	MER0004921	30.709	127	84	3	391	514	4	129	6.79e-11	59.7
ENJJHACM_02957	MER0006027	25.455	220	155	6	397	612	24	238	1.72e-10	58.9
ENJJHACM_02957	MER0195666	31.193	109	71	3	391	496	1	108	5.43e-10	57.0
ENJJHACM_02957	MER0022823	27.962	211	136	7	378	581	15	216	1.57e-09	56.2
ENJJHACM_02957	MER0014827	25.098	255	152	10	373	610	7	239	1.97e-09	55.8
ENJJHACM_02957	MER0004925	23.954	263	145	10	373	610	7	239	2.53e-09	55.5
ENJJHACM_02957	MER0000405	31.356	118	76	3	384	496	23	140	2.97e-09	55.1
ENJJHACM_02957	MER0013484	34.862	109	63	3	394	496	7	113	7.77e-09	53.5
ENJJHACM_02957	MER0011305	29.921	127	87	2	372	496	1	127	1.23e-08	53.1
ENJJHACM_02957	MER0003361	22.358	246	164	9	392	633	20	242	3.16e-08	52.0
ENJJHACM_02957	MER0004923	34.862	109	63	4	394	496	58	164	7.73e-08	51.2
ENJJHACM_02957	MER0000404	23.616	271	187	10	371	633	6	264	6.17e-07	48.1
ENJJHACM_02957	MER0079308	22.488	209	153	6	375	581	11	212	1.13e-06	47.4
ENJJHACM_02957	MER0003229	22.072	222	163	4	378	597	22	235	1.47e-06	47.0
ENJJHACM_02957	MER0011450	23.843	281	177	10	375	633	11	276	2.73e-06	46.2
ENJJHACM_02957	MER0015621	22.222	162	118	2	366	520	5	165	2.93e-06	46.2
ENJJHACM_02957	MER0004504	31.532	111	66	4	393	496	1	108	7.90e-06	44.7
ENJJHACM_02958	MER0095620	60.000	30	12	0	52	81	3	32	6.97e-09	47.8
ENJJHACM_02959	MER0095620	39.450	327	176	7	1	308	37	360	8.30e-80	243
ENJJHACM_02959	MER0003535	23.355	304	191	7	29	308	137	422	3.14e-10	57.4
ENJJHACM_02959	MER0002628	26.623	308	176	12	29	308	137	422	1.21e-09	55.5
ENJJHACM_02959	MER0003534	22.112	303	198	9	29	309	137	423	6.70e-08	50.1
ENJJHACM_02959	MER0002233	32.990	97	51	4	200	283	102	197	3.66e-07	47.0
ENJJHACM_02959	MER0052377	51.282	39	18	1	245	283	162	199	1.38e-06	45.1
ENJJHACM_02959	MER0014289	46.341	41	22	0	245	285	161	201	2.03e-06	44.7
ENJJHACM_02959	MER0118868	48.718	39	20	0	245	283	165	203	2.24e-06	44.7
ENJJHACM_02959	MER0025190	36.923	65	31	2	228	283	131	194	5.01e-06	43.5
ENJJHACM_02959	MER0045758	48.780	41	20	1	245	285	163	202	5.85e-06	43.5
ENJJHACM_02959	MER0003420	43.750	48	26	1	237	283	150	197	7.56e-06	43.1
ENJJHACM_02959	MER0011796	45.455	44	23	1	242	285	157	199	9.00e-06	42.7
ENJJHACM_02959	MER0016115	38.298	47	29	0	238	284	156	202	9.78e-06	42.7
ENJJHACM_02985	MER0281397	27.228	202	117	10	191	367	4	200	3.04e-06	44.7
ENJJHACM_02992	MER0062058	50.000	38	19	0	93	130	1	38	1.71e-07	45.4
ENJJHACM_02992	MER0004690	37.500	56	34	1	77	131	22	77	3.17e-06	42.0
ENJJHACM_02992	MER0028365	34.066	91	53	5	42	131	19	103	5.36e-06	41.2
ENJJHACM_02993	MER0000332	43.011	186	87	8	161	345	64	231	2.61e-29	112
ENJJHACM_02993	MER0028365	30.032	313	186	9	99	404	65	351	3.75e-29	114
ENJJHACM_02993	MER0000310	35.945	217	123	8	157	372	59	260	1.27e-27	107
ENJJHACM_02993	MER0004690	29.412	323	194	10	75	379	18	324	4.42e-27	107
ENJJHACM_02993	MER0002565	38.614	202	104	8	161	361	107	289	2.35e-26	105
ENJJHACM_02993	MER0001699	38.967	213	112	9	161	371	62	258	5.33e-26	103
ENJJHACM_02993	MER0001520	36.364	220	114	9	156	371	57	254	4.46e-25	100
ENJJHACM_02993	MER0001906	36.283	226	117	10	156	377	57	259	3.15e-24	98.2
ENJJHACM_02993	MER0000315	36.283	226	117	10	156	377	57	259	3.88e-24	97.8
ENJJHACM_02993	MER0005821	35.071	211	119	10	139	345	66	262	1.77e-23	99.0
ENJJHACM_02993	MER0001521	34.091	220	129	8	154	372	57	261	3.12e-23	95.5
ENJJHACM_02993	MER0000313	34.091	220	129	8	154	372	57	261	3.72e-23	95.1
ENJJHACM_02993	MER0001928	35.780	218	118	9	156	371	57	254	4.19e-23	94.7
ENJJHACM_02993	MER0077555	33.091	275	144	10	98	371	24	259	4.45e-23	95.1
ENJJHACM_02993	MER0001755	34.545	220	128	8	154	372	57	261	5.05e-23	94.7
ENJJHACM_02993	MER0001709	33.099	284	131	14	121	373	57	312	9.02e-23	95.1
ENJJHACM_02993	MER0000309	36.406	217	122	8	157	372	59	260	9.87e-23	94.0
ENJJHACM_02993	MER0000333	37.696	191	100	7	156	345	59	231	1.62e-22	93.2
ENJJHACM_02993	MER0013656	36.842	209	112	8	161	368	61	250	1.65e-22	93.2
ENJJHACM_02993	MER0001523	35.294	221	125	9	154	372	57	261	3.96e-22	92.4
ENJJHACM_02993	MER0000312	35.294	221	125	9	154	372	57	261	3.96e-22	92.4
ENJJHACM_02993	MER0017009	30.268	261	159	9	114	358	65	318	6.67e-22	92.8
ENJJHACM_02993	MER0054318	36.898	187	107	7	161	345	67	244	1.28e-21	91.7
ENJJHACM_02993	MER0002575	36.019	211	109	11	161	365	71	261	2.41e-21	90.1
ENJJHACM_02993	MER0000316	34.091	220	119	9	156	371	56	253	4.16e-21	89.4
ENJJHACM_02993	MER0002057	29.259	270	140	11	152	376	93	356	2.13e-20	89.0
ENJJHACM_02993	MER0062058	35.714	210	119	5	161	365	61	259	5.53e-20	88.2
ENJJHACM_02993	MER0000321	30.081	246	134	7	136	368	135	355	1.02e-19	86.7
ENJJHACM_02993	MER0000361	34.440	241	115	12	155	373	99	318	1.08e-19	86.3
ENJJHACM_02993	MER0000349	31.064	235	129	7	160	368	143	370	1.16e-19	87.0
ENJJHACM_02993	MER0000320	35.789	190	106	7	161	348	69	244	1.44e-19	85.1
ENJJHACM_02993	MER0004085	35.484	217	110	9	161	358	96	301	1.75e-19	85.9
ENJJHACM_02993	MER0016978	31.466	232	113	10	158	361	75	288	4.00e-19	84.3
ENJJHACM_02993	MER0002267	31.373	204	121	5	157	358	67	253	1.50e-18	82.0
ENJJHACM_02993	MER0042897	40.654	214	108	9	154	364	59	256	1.80e-18	82.0
ENJJHACM_02993	MER0081072	33.333	234	131	9	136	364	34	247	7.19e-18	79.7
ENJJHACM_02993	MER0016983	33.810	210	97	10	161	349	71	259	8.29e-18	80.5
ENJJHACM_02993	MER0000311	33.636	220	130	9	154	372	57	261	8.58e-18	79.7
ENJJHACM_02993	MER0000359	34.272	213	109	9	161	365	89	278	1.37e-17	79.7
ENJJHACM_02993	MER0002562	30.081	246	131	9	156	376	112	341	1.63e-17	80.1
ENJJHACM_02993	MER0006023	32.589	224	113	9	161	364	102	307	1.85e-17	79.7
ENJJHACM_02993	MER0016697	35.648	216	94	11	161	347	98	297	2.05e-17	79.7
ENJJHACM_02993	MER0003536	30.088	226	120	8	161	364	71	280	2.32e-17	79.0
ENJJHACM_02993	MER0000362	31.818	242	120	10	155	373	93	312	4.06e-17	78.6
ENJJHACM_02993	MER0001725	35.106	188	107	7	161	347	99	272	7.07e-17	77.8
ENJJHACM_02993	MER0000319	33.962	212	115	11	161	366	69	261	1.18e-16	76.6
ENJJHACM_02993	MER0000358	29.455	275	137	12	104	360	26	261	1.32e-16	77.4
ENJJHACM_02993	MER0030016	29.963	267	136	11	114	364	45	276	1.48e-16	76.3
ENJJHACM_02993	MER0014744	30.317	221	123	7	157	358	91	299	4.47e-16	75.9
ENJJHACM_02993	MER0161312	30.796	289	140	13	158	410	91	355	7.67e-16	75.1
ENJJHACM_02993	MER0155676	33.333	237	125	10	160	368	124	355	9.60e-16	75.1
ENJJHACM_02993	MER0004720	28.618	304	155	13	103	385	14	276	2.99e-15	72.4
ENJJHACM_02993	MER0000326	31.621	253	132	12	115	362	36	252	4.11e-15	72.4
ENJJHACM_02993	MER0050309	31.224	237	118	13	131	345	7	220	6.71e-15	72.8
ENJJHACM_02993	MER0003117	33.663	202	100	8	161	352	75	252	6.75e-15	71.6
ENJJHACM_02993	MER0005078	28.674	279	152	11	113	372	31	281	8.35e-15	71.2
ENJJHACM_02993	MER0005931	34.112	214	125	6	160	372	31	229	1.33e-14	70.1
ENJJHACM_02993	MER0000347	28.889	225	139	7	161	371	119	336	2.84e-14	71.2
ENJJHACM_02993	MER0019280	33.486	218	121	7	161	364	73	280	2.91e-14	69.7
ENJJHACM_02993	MER0002516	31.163	215	119	10	153	362	74	264	3.78e-14	69.3
ENJJHACM_02993	MER0006074	30.496	282	147	15	95	362	26	272	3.88e-14	69.3
ENJJHACM_02993	MER0067924	30.303	231	112	9	161	362	63	273	4.36e-14	68.9
ENJJHACM_02993	MER0004123	34.694	147	64	4	238	361	168	305	1.48e-13	68.2
ENJJHACM_02993	MER0000328	30.970	268	132	16	91	342	13	243	1.67e-13	67.4
ENJJHACM_02993	MER0000357	31.884	207	100	10	161	351	77	258	2.54e-13	67.0
ENJJHACM_02993	MER0000356	31.197	234	108	11	157	362	85	293	4.00e-13	67.0
ENJJHACM_02993	MER0000351	31.220	205	98	8	160	346	105	284	7.02e-13	65.5
ENJJHACM_02993	MER0002764	30.882	204	111	9	146	343	74	253	1.76e-12	64.3
ENJJHACM_02993	MER0000340	28.777	278	152	12	115	377	40	286	2.79e-12	63.9
ENJJHACM_02993	MER0003122	28.834	326	156	15	123	376	43	364	5.36e-12	63.5
ENJJHACM_02993	MER0114485	28.319	226	121	8	158	345	103	325	6.22e-12	63.5
ENJJHACM_02993	MER0000325	31.907	257	134	12	115	366	36	256	6.49e-12	63.2
ENJJHACM_02993	MER0014085	28.897	263	133	11	161	371	87	347	8.42e-12	63.2
ENJJHACM_02993	MER0002500	30.841	214	106	9	158	345	154	351	8.61e-12	63.2
ENJJHACM_02993	MER0002790	30.374	214	124	4	161	358	1	205	9.45e-12	61.6
ENJJHACM_02993	MER0055027	31.140	228	119	11	109	320	8	213	1.04e-11	62.8
ENJJHACM_02993	MER0028258	32.016	253	129	10	139	352	85	333	1.76e-11	62.0
ENJJHACM_02993	MER0000335	27.803	223	117	9	152	360	60	252	3.65e-11	60.5
ENJJHACM_02993	MER0000353	31.156	199	92	8	160	340	156	327	3.83e-11	60.8
ENJJHACM_02993	MER0000338	24.911	281	143	7	106	366	29	261	4.03e-11	60.1
ENJJHACM_02993	MER0000344	33.171	205	92	12	153	342	80	254	4.55e-11	60.1
ENJJHACM_02993	MER0024902	27.778	216	143	5	152	357	88	300	4.62e-11	60.5
ENJJHACM_02993	MER0001451	28.358	268	138	9	144	362	54	316	5.95e-11	60.1
ENJJHACM_02993	MER0005712	26.502	283	151	8	156	385	83	361	8.39e-11	60.1
ENJJHACM_02993	MER0014446	31.839	223	104	11	161	361	197	393	8.62e-11	60.1
ENJJHACM_02993	MER0006037	26.923	260	143	9	98	347	28	250	2.99e-10	57.8
ENJJHACM_02993	MER0022415	22.137	262	178	10	111	366	36	277	3.36e-10	58.2
ENJJHACM_02993	MER0005859	30.702	228	103	12	161	348	242	454	4.22e-10	58.2
ENJJHACM_02993	MER0068994	28.750	240	111	12	161	345	109	343	1.16e-09	56.6
ENJJHACM_02993	MER0005790	30.882	204	94	8	160	344	93	268	1.18e-09	55.5
ENJJHACM_02993	MER0000336	26.172	256	140	8	99	343	30	247	2.67e-09	54.7
ENJJHACM_02993	MER0015438	31.579	95	45	2	293	367	359	453	2.82e-09	55.5
ENJJHACM_02993	MER0004869	24.638	276	137	10	161	368	82	354	3.37e-09	55.1
ENJJHACM_02993	MER0003020	26.587	252	113	9	157	345	222	464	3.48e-09	55.1
ENJJHACM_02993	MER0001454	41.176	85	32	3	296	362	241	325	1.04e-08	53.1
ENJJHACM_02993	MER0006049	23.478	345	184	12	99	371	28	364	1.20e-08	53.1
ENJJHACM_02993	MER0016688	28.936	235	126	11	161	366	74	296	1.26e-08	52.8
ENJJHACM_02993	MER0004641	25.362	276	141	9	161	371	86	361	1.56e-08	52.8
ENJJHACM_02993	MER0015428	26.236	263	143	10	156	370	80	339	1.60e-08	52.8
ENJJHACM_02993	MER0001467	37.778	90	36	2	293	362	245	334	1.76e-08	52.8
ENJJHACM_02993	MER0005756	27.586	261	130	10	161	362	112	372	1.98e-08	52.8
ENJJHACM_02993	MER0014310	33.858	127	59	6	256	362	275	396	2.08e-08	52.8
ENJJHACM_02993	MER0006048	23.734	316	176	11	120	372	45	358	2.22e-08	52.4
ENJJHACM_02993	MER0006297	27.074	229	132	9	161	362	265	485	2.72e-08	52.4
ENJJHACM_02993	MER0015435	30.612	98	49	2	293	371	359	456	3.31e-08	52.0
ENJJHACM_02993	MER0087792	25.170	294	173	10	106	361	41	325	3.41e-08	51.6
ENJJHACM_02993	MER0011813	32.653	98	46	2	296	373	347	444	4.57e-08	51.6
ENJJHACM_02993	MER0015436	31.683	101	61	2	293	385	351	451	5.69e-08	51.2
ENJJHACM_02993	MER0002771	30.435	92	51	2	293	375	249	336	5.92e-08	50.8
ENJJHACM_02993	MER0006036	34.066	91	46	2	294	370	356	446	7.15e-08	50.8
ENJJHACM_02993	MER0004988	26.000	200	120	5	157	345	67	249	7.29e-08	50.4
ENJJHACM_02993	MER0014300	27.953	254	116	12	161	364	79	315	7.79e-08	50.4
ENJJHACM_02993	MER0013641	26.217	267	139	11	134	368	65	305	8.95e-08	50.4
ENJJHACM_02993	MER0014325	30.894	123	61	4	268	368	219	339	9.86e-08	50.4
ENJJHACM_02993	MER0015432	25.954	262	134	10	161	362	87	348	1.13e-07	50.1
ENJJHACM_02993	MER0016991	27.523	218	116	9	161	349	78	282	1.20e-07	50.1
ENJJHACM_02993	MER0001368	25.098	255	132	10	161	362	85	333	1.40e-07	49.7
ENJJHACM_02993	MER0015431	27.059	255	133	10	161	362	86	340	1.66e-07	49.7
ENJJHACM_02993	MER0015437	31.000	100	61	2	293	385	351	449	1.94e-07	49.7
ENJJHACM_02993	MER0013896	31.429	105	53	2	293	378	355	459	2.00e-07	49.7
ENJJHACM_02993	MER0014089	32.979	94	50	3	286	366	343	436	2.19e-07	49.7
ENJJHACM_02993	MER0014312	35.556	90	38	3	293	362	309	398	2.28e-07	49.3
ENJJHACM_02993	MER0015433	31.405	121	69	4	293	399	350	470	2.64e-07	49.3
ENJJHACM_02993	MER0000350	26.800	250	122	10	161	362	90	326	3.06e-07	48.5
ENJJHACM_02993	MER0037258	28.378	222	135	9	161	364	80	295	3.75e-07	48.1
ENJJHACM_02993	MER0014309	40.000	85	33	3	296	362	241	325	4.24e-07	48.1
ENJJHACM_02993	MER0014311	37.500	88	35	4	295	362	310	397	5.02e-07	48.1
ENJJHACM_02993	MER0000389	27.059	255	109	13	161	364	77	305	6.10e-07	47.8
ENJJHACM_02993	MER0015427	22.826	276	137	8	161	371	86	350	6.31e-07	47.8
ENJJHACM_02993	MER0005699	25.177	282	139	11	161	374	103	380	7.66e-07	47.8
ENJJHACM_02993	MER0005700	34.524	84	42	2	294	364	274	357	8.40e-07	47.4
ENJJHACM_02993	MER0003256	25.431	232	119	13	144	345	45	252	8.67e-07	47.0
ENJJHACM_02993	MER0004652	29.630	81	47	1	298	368	431	511	8.83e-07	47.8
ENJJHACM_02993	MER0005757	33.333	75	44	1	296	364	282	356	1.04e-06	47.4
ENJJHACM_02993	MER0001561	29.592	98	52	3	293	373	341	438	1.48e-06	47.0
ENJJHACM_02993	MER0003688	27.711	249	124	12	161	361	90	330	1.91e-06	46.2
ENJJHACM_02993	MER0014313	35.556	90	38	4	295	364	285	374	2.33e-06	46.2
ENJJHACM_02993	MER0025143	31.250	160	80	7	161	312	71	208	2.39e-06	45.8
ENJJHACM_02993	MER0005034	27.451	102	54	3	293	374	342	443	3.03e-06	45.8
ENJJHACM_02993	MER0011791	46.939	49	26	0	325	373	381	429	3.44e-06	45.8
ENJJHACM_02993	MER0014315	24.464	233	88	8	201	362	130	345	5.47e-06	45.1
ENJJHACM_02993	MER0001610	28.444	225	120	13	160	362	63	268	7.03e-06	44.3
ENJJHACM_02993	MER0005774	27.679	112	68	2	287	385	336	447	8.71e-06	44.3
ENJJHACM_02993	MER0197239	25.253	99	54	2	293	371	341	439	9.99e-06	44.3
ENJJHACM_02994	MER0001009	27.841	176	120	4	363	535	20	191	3.24e-15	72.0
ENJJHACM_02994	MER0001010	26.056	142	102	2	363	501	61	202	4.02e-12	62.8
ENJJHACM_02994	MER0002003	27.481	131	91	2	363	489	87	217	9.56e-11	58.9
ENJJHACM_02994	MER0006264	21.795	156	115	3	341	489	27	182	9.84e-11	58.2
ENJJHACM_02994	MER0019759	26.316	152	106	3	363	510	82	231	1.04e-10	58.9
ENJJHACM_02994	MER0002746	23.457	162	99	3	363	510	82	232	1.99e-10	58.2
ENJJHACM_02994	MER0036308	25.773	194	122	7	314	491	27	214	3.81e-10	57.4
ENJJHACM_02994	MER0012283	30.263	152	91	5	341	481	60	207	6.76e-10	56.6
ENJJHACM_02994	MER0005328	26.263	198	122	7	301	479	5	197	8.16e-10	55.8
ENJJHACM_02994	MER0168983	21.875	160	113	3	326	480	1	153	9.46e-10	55.1
ENJJHACM_02994	MER0001013	27.179	195	120	7	313	490	29	218	2.33e-09	55.1
ENJJHACM_02994	MER0011345	25.641	195	126	5	303	481	18	209	2.47e-09	55.1
ENJJHACM_02994	MER0019096	26.250	160	92	5	360	511	57	198	6.22e-09	53.1
ENJJHACM_02994	MER0002355	26.866	201	123	7	299	482	8	201	9.51e-09	53.1
ENJJHACM_02994	MER0002078	24.503	151	111	2	363	510	82	232	4.40e-08	51.2
ENJJHACM_02994	MER0011369	23.333	150	107	3	341	482	69	218	4.43e-08	51.2
ENJJHACM_02994	MER0003916	26.471	136	80	3	361	487	68	192	4.97e-08	50.4
ENJJHACM_02994	MER0002281	25.275	182	113	7	316	479	32	208	6.38e-08	50.8
ENJJHACM_02994	MER0002755	27.684	177	105	8	323	481	28	199	8.12e-08	50.1
ENJJHACM_02994	MER0001017	24.312	218	135	9	313	505	28	240	2.74e-07	48.9
ENJJHACM_02994	MER0011371	25.373	134	81	3	363	485	82	207	5.54e-07	47.8
ENJJHACM_02994	MER0001003	27.473	182	107	7	328	488	7	184	8.39e-07	46.6
ENJJHACM_02994	MER0002968	23.116	199	124	7	314	489	23	215	1.02e-06	47.0
ENJJHACM_02994	MER0011440	20.290	138	93	4	362	489	80	210	1.64e-06	46.2
ENJJHACM_02994	MER0011423	23.134	134	94	2	362	489	84	214	2.28e-06	45.8
ENJJHACM_02994	MER0005046	25.000	136	87	3	363	489	69	198	2.62e-06	45.4
ENJJHACM_02994	MER0011400	24.638	138	101	2	363	497	82	219	6.31e-06	44.7
ENJJHACM_02994	MER0019754	21.805	133	97	3	363	489	64	195	7.57e-06	43.9
ENJJHACM_03048	MER0208880	28.571	105	71	2	60	160	17	121	6.32e-06	43.5
ENJJHACM_03113	MER0192051	24.306	288	180	10	18	279	95	370	1.36e-10	58.5
