IONPDELC_00001	MER0000410	60.915	284	108	2	427	710	1	281	5.42e-122	362
IONPDELC_00001	MER0011872	41.948	267	151	3	443	706	15	280	4.64e-67	219
IONPDELC_00001	MER0082498	41.993	281	140	7	448	705	3	283	4.47e-62	206
IONPDELC_00001	MER0005694	33.333	273	169	4	441	708	13	277	2.76e-44	157
IONPDELC_00001	MER0015621	32.639	288	173	5	435	705	7	290	1.13e-39	145
IONPDELC_00001	MER0000392	32.727	275	171	6	441	705	3	273	1.12e-38	142
IONPDELC_00001	MER0082653	36.325	234	133	8	450	669	11	242	2.79e-38	140
IONPDELC_00001	MER0022823	31.734	271	176	5	441	705	3	270	2.50e-36	135
IONPDELC_00001	MER0002490	31.373	306	175	9	427	705	1	298	9.73e-36	134
IONPDELC_00001	MER0079308	32.197	264	171	6	445	705	7	265	2.48e-35	132
IONPDELC_00001	MER0004227	36.073	219	138	2	450	667	28	245	9.70e-35	131
IONPDELC_00001	MER0981959	29.787	282	176	6	441	705	2	278	6.37e-33	125
IONPDELC_00001	MER0011450	31.343	268	169	6	441	698	3	265	1.20e-31	121
IONPDELC_00001	MER0325901	32.714	269	174	6	441	705	1	266	1.33e-29	115
IONPDELC_00001	MER0003229	31.111	270	175	6	441	708	11	271	9.94e-29	113
IONPDELC_00001	MER0000398	30.088	226	146	5	482	706	36	250	1.39e-25	103
IONPDELC_00001	MER0005994	27.564	156	91	6	449	590	11	158	1.77e-06	47.0
IONPDELC_00019	MER0492485	43.137	51	29	0	84	134	63	113	3.10e-07	45.1
IONPDELC_00021	MER0043394	47.205	161	81	3	27	184	3	162	3.57e-44	141
IONPDELC_00021	MER0045094	38.624	189	111	4	2	186	13	200	2.46e-43	141
IONPDELC_00021	MER0044622	42.188	192	100	6	3	186	28	216	3.65e-42	139
IONPDELC_00021	MER0044882	41.860	172	92	5	23	186	1	172	1.33e-37	125
IONPDELC_00021	MER0043392	39.869	153	87	4	34	184	9	158	1.31e-30	107
IONPDELC_00021	MER0043537	33.333	186	119	5	3	186	2	184	2.30e-24	91.3
IONPDELC_00021	MER0044619	31.443	194	120	8	1	186	8	196	3.10e-23	89.7
IONPDELC_00021	MER0043195	29.902	204	114	8	4	183	8	206	1.18e-18	77.8
IONPDELC_00021	MER0045095	33.023	215	112	7	1	186	15	226	3.39e-18	76.6
IONPDELC_00021	MER0045945	33.161	193	106	8	2	185	33	211	7.46e-18	75.1
IONPDELC_00021	MER0044889	36.607	112	69	2	73	184	90	199	1.54e-13	63.5
IONPDELC_00021	MER0436691	27.778	144	92	3	42	180	100	236	1.69e-12	60.8
IONPDELC_00021	MER0038086	29.661	118	75	3	73	184	108	223	6.48e-12	59.3
IONPDELC_00021	MER0060647	27.174	184	118	6	2	180	174	346	3.24e-11	57.8
IONPDELC_00021	MER0043540	28.889	135	87	3	42	174	83	210	3.85e-11	57.0
IONPDELC_00021	MER0045886	34.234	111	71	2	73	183	84	192	4.22e-11	57.0
IONPDELC_00021	MER0043387	31.724	145	90	6	43	184	27	165	9.52e-11	55.1
IONPDELC_00021	MER0046161	28.188	149	84	5	42	180	102	237	5.45e-10	53.9
IONPDELC_00021	MER0436735	27.684	177	84	8	46	183	48	219	2.44e-09	52.0
IONPDELC_00021	MER0042974	31.858	113	73	3	74	184	70	180	2.58e-09	51.2
IONPDELC_00021	MER0044812	23.313	163	115	4	15	174	68	223	6.17e-09	50.8
IONPDELC_00021	MER0065588	30.597	134	72	5	69	186	68	196	9.48e-07	44.3
IONPDELC_00021	MER0115185	25.926	135	90	4	44	175	8	135	3.26e-06	42.0
