POOCHKCC_00002	MER0013829	34.535	333	199	8	14	338	6	327	5.39e-51	171
POOCHKCC_00002	MER0005169	32.836	335	212	7	14	344	6	331	5.98e-51	170
POOCHKCC_00002	MER0004410	29.226	349	222	10	13	349	5	340	5.81e-39	139
POOCHKCC_00002	MER0005472	31.250	336	211	8	20	353	12	329	1.03e-38	137
POOCHKCC_00002	MER0002046	29.651	344	221	11	9	349	1	326	6.69e-38	135
POOCHKCC_00002	MER0002043	27.353	340	229	9	19	345	11	345	9.63e-32	119
POOCHKCC_00002	MER0005160	27.434	339	227	9	10	345	2	324	2.94e-27	107
POOCHKCC_00002	MER0002040	27.483	302	193	12	61	349	56	344	9.43e-25	100
POOCHKCC_00002	MER0022215	25.329	304	203	7	49	345	40	326	9.54e-22	91.7
POOCHKCC_00013	MER0015472	27.322	183	83	5	57	237	51	185	2.05e-09	52.8
POOCHKCC_00013	MER0015468	29.670	91	62	1	11	101	8	96	1.69e-07	47.0
POOCHKCC_00013	MER0015459	33.333	75	45	2	29	100	27	99	4.61e-07	46.2
POOCHKCC_00013	MER0030047	27.368	190	70	6	57	237	4	134	7.89e-07	44.3
POOCHKCC_00013	MER0015473	26.154	195	83	9	63	247	49	192	8.39e-07	45.4
POOCHKCC_00013	MER0015465	30.841	107	65	4	2	106	2	101	2.03e-06	43.9
POOCHKCC_00014	MER0035036	28.169	142	95	3	63	201	86	223	2.23e-09	53.5
POOCHKCC_00014	MER0048181	30.070	143	87	4	65	195	1	142	1.53e-07	46.6
POOCHKCC_00014	MER0015473	25.128	195	105	6	53	214	15	201	4.87e-07	46.2
POOCHKCC_00014	MER0015659	31.206	141	82	5	63	201	48	175	5.45e-06	43.1
POOCHKCC_00014	MER0015455	31.944	144	85	5	63	201	58	193	9.51e-06	42.7
POOCHKCC_00073	MER0001423	60.086	233	92	1	480	712	1	232	5.96e-100	304
POOCHKCC_00073	MER0000399	39.453	256	148	5	461	713	5	256	6.07e-57	191
POOCHKCC_00073	MER0005196	35.714	252	158	2	462	711	1	250	2.08e-54	184
POOCHKCC_00073	MER0000401	36.842	266	152	6	461	717	6	264	3.78e-54	184
POOCHKCC_00073	MER0004504	44.949	198	102	4	484	676	2	197	1.82e-52	178
POOCHKCC_00073	MER0058228	40.000	215	127	2	482	694	8	222	3.53e-51	175
POOCHKCC_00073	MER0000405	37.736	265	147	9	457	708	2	261	7.50e-51	175
POOCHKCC_00073	MER0005987	39.662	237	133	6	482	713	28	259	8.28e-50	172
POOCHKCC_00073	MER0011305	38.431	255	146	7	463	711	1	250	2.02e-49	171
POOCHKCC_00073	MER0011231	41.296	247	129	8	474	711	17	256	3.90e-49	170
POOCHKCC_00073	MER0011413	36.239	218	135	2	481	694	4	221	1.14e-45	160
POOCHKCC_00073	MER0004923	37.083	240	147	2	459	694	33	272	1.59e-44	158
POOCHKCC_00073	MER0000404	36.923	260	154	7	460	712	4	260	6.24e-44	156
POOCHKCC_00073	MER0013484	35.193	233	144	3	483	708	6	238	9.68e-43	152
POOCHKCC_00073	MER0004193	35.470	234	143	5	482	712	4	232	5.64e-41	147
POOCHKCC_00073	MER0004921	33.891	239	144	6	482	713	5	236	4.53e-39	141
POOCHKCC_00073	MER0005994	33.333	264	162	8	456	713	6	261	5.75e-37	136
POOCHKCC_00073	MER0195666	36.364	209	121	5	491	692	13	216	4.55e-35	130
POOCHKCC_00073	MER0000403	28.736	261	170	6	461	712	5	258	5.62e-35	130
POOCHKCC_00073	MER0004199	35.556	225	130	9	494	713	7	221	1.48e-32	122
POOCHKCC_00073	MER0192427	30.342	234	154	5	465	694	50	278	3.30e-31	120
POOCHKCC_00073	MER0003361	30.088	226	132	5	463	677	1	211	9.70e-29	112
POOCHKCC_00073	MER0005988	33.636	110	72	1	586	694	2	111	7.97e-17	73.9
POOCHKCC_00073	MER0003558	25.822	213	144	5	494	698	39	245	3.48e-16	76.3
POOCHKCC_00073	MER0018170	25.688	218	144	4	489	693	20	232	2.25e-13	67.4
POOCHKCC_00073	MER0017401	26.667	225	143	7	480	693	6	219	5.61e-12	63.2
POOCHKCC_00073	MER0140224	27.803	223	132	7	495	699	13	224	8.57e-12	62.8
POOCHKCC_00073	MER0034615	24.793	242	167	5	472	702	1	238	5.44e-10	57.4
POOCHKCC_00073	MER0016096	22.650	234	164	6	480	700	5	234	3.66e-09	54.7
POOCHKCC_00073	MER0015682	24.675	231	161	5	486	711	82	304	3.68e-08	52.4
POOCHKCC_00073	MER0030932	26.000	150	104	2	560	702	85	234	3.82e-08	52.0
POOCHKCC_00073	MER0005807	23.301	206	145	6	494	694	62	259	7.23e-08	51.2
POOCHKCC_00073	MER0006027	23.874	222	148	6	487	694	24	238	7.69e-08	51.2
POOCHKCC_00073	MER0011583	25.229	218	140	7	470	675	1	207	1.03e-07	50.4
POOCHKCC_00073	MER0004925	25.095	263	165	9	471	713	9	259	2.85e-07	49.3
POOCHKCC_00073	MER0014827	26.357	258	164	10	473	713	11	259	4.36e-07	48.9
POOCHKCC_00075	MER0045886	45.652	230	120	4	8	234	9	236	2.68e-58	190
POOCHKCC_00075	MER0044889	36.564	227	139	4	12	235	18	242	2.41e-41	145
POOCHKCC_00075	MER0436735	31.679	262	138	5	12	234	3	262	2.03e-38	138
POOCHKCC_00075	MER0038086	34.615	208	121	4	13	205	29	236	5.12e-36	131
POOCHKCC_00075	MER0042974	35.417	192	113	5	20	202	1	190	1.17e-31	117
POOCHKCC_00075	MER0043387	35.955	178	110	3	28	203	1	176	4.76e-31	115
POOCHKCC_00075	MER0043537	32.967	182	117	3	13	191	2	181	8.73e-28	107
POOCHKCC_00075	MER0044622	27.556	225	138	8	10	217	25	241	2.36e-11	61.2
POOCHKCC_00075	MER0043394	31.034	116	77	2	79	192	48	162	7.22e-10	55.1
POOCHKCC_00075	MER0043475	27.273	187	118	6	48	224	56	234	2.08e-09	55.1
POOCHKCC_00075	MER0043392	28.777	139	95	4	55	192	23	158	2.63e-09	53.5
POOCHKCC_00075	MER0043195	26.897	145	93	4	59	191	63	206	3.45e-08	51.6
POOCHKCC_00075	MER0044882	26.190	168	112	5	37	192	3	170	1.29e-07	48.9
POOCHKCC_00075	MER0045094	28.082	146	90	5	55	192	60	198	1.66e-07	49.3
POOCHKCC_00075	MER0065588	29.134	127	70	4	82	192	72	194	6.57e-07	47.0
POOCHKCC_00081	MER0034582	24.848	330	224	10	596	911	1	320	1.85e-25	105
POOCHKCC_00086	MER0001322	36.190	105	54	4	134	233	1	97	3.02e-15	67.4
POOCHKCC_00086	MER0014188	38.462	91	50	3	134	223	1	86	3.75e-14	63.9
POOCHKCC_00086	MER0024252	35.043	117	66	4	146	256	14	126	7.19e-12	58.2
POOCHKCC_00086	MER0377310	34.951	103	63	3	134	235	1	100	1.29e-10	54.3
POOCHKCC_00086	MER0377307	34.951	103	63	3	134	235	1	100	1.29e-10	54.3
POOCHKCC_00086	MER0002450	34.951	103	63	3	134	235	1	100	1.73e-10	53.9
POOCHKCC_00086	MER0003805	34.021	97	56	4	142	235	9	100	4.05e-10	53.1
POOCHKCC_00086	MER0002443	41.667	84	42	4	144	223	11	91	6.77e-10	52.4
POOCHKCC_00086	MER0377450	35.294	85	48	3	142	224	9	88	7.94e-10	51.6
POOCHKCC_00086	MER0003986	35.484	93	56	4	134	223	1	92	1.02e-09	52.0
POOCHKCC_00086	MER0003808	33.333	105	62	4	134	235	1	100	1.27e-09	51.6
POOCHKCC_00086	MER0376722	33.696	92	54	3	134	223	1	87	2.51e-09	50.4
POOCHKCC_00086	MER0377178	34.951	103	63	3	134	235	1	100	4.50e-09	50.1
POOCHKCC_00086	MER0004035	36.709	79	47	3	146	223	10	86	3.52e-07	44.7
POOCHKCC_00086	MER0004054	33.010	103	45	5	135	223	2	94	1.41e-06	43.5
POOCHKCC_00111	MER0065554	49.615	260	120	2	289	538	9	267	6.14e-85	261
POOCHKCC_00111	MER0437468	36.390	349	207	5	197	531	1	348	7.04e-75	238
POOCHKCC_00111	MER0436717	34.171	398	195	8	197	531	1	394	9.72e-62	205
POOCHKCC_00111	MER0031278	26.991	226	110	11	315	516	34	228	4.01e-08	51.2
POOCHKCC_00120	MER0059846	29.193	322	219	5	5	319	15	334	1.30e-46	158
POOCHKCC_00120	MER0199690	26.027	292	189	7	29	296	23	311	2.90e-20	86.7
POOCHKCC_00120	MER0214074	28.962	183	110	5	131	296	2	181	1.14e-16	73.9
POOCHKCC_00194	MER0026494	30.297	472	305	7	6	460	9	473	7.50e-68	221
POOCHKCC_00194	MER0026471	30.233	473	306	7	6	459	10	477	4.85e-65	214
POOCHKCC_00194	MER0015142	28.903	474	313	7	6	461	38	505	8.03e-60	201
POOCHKCC_00194	MER0003397	34.239	184	103	6	27	198	31	208	1.51e-21	92.0
POOCHKCC_00194	MER0003397	32.941	85	55	2	367	450	218	301	4.16e-07	48.5
POOCHKCC_00194	MER0026485	31.373	204	120	7	8	198	11	207	1.87e-20	88.6
POOCHKCC_00194	MER0026485	29.670	91	64	0	363	453	213	303	4.48e-09	54.7
POOCHKCC_00194	MER0052470	23.898	431	288	14	30	440	33	443	2.31e-20	90.1
POOCHKCC_00194	MER0057434	30.622	209	119	10	6	198	1	199	2.12e-18	82.4
POOCHKCC_00194	MER0057434	30.108	93	62	1	368	460	210	299	3.63e-07	48.5
POOCHKCC_00194	MER0001272	30.137	146	81	5	22	164	12	139	5.26e-11	60.1
POOCHKCC_00194	MER0369972	32.787	122	71	5	40	161	26	136	3.85e-08	52.0
POOCHKCC_00203	MER0003850	52.041	98	47	0	1	98	79	176	1.78e-28	104
POOCHKCC_00203	MER0004111	59.494	79	32	0	1	79	77	155	1.17e-27	101
POOCHKCC_00203	MER0013623	55.696	79	34	1	1	79	76	153	1.68e-25	95.9
POOCHKCC_00203	MER0000266	62.025	79	30	0	1	79	78	156	1.13e-24	94.0
POOCHKCC_00203	MER0004673	37.569	181	97	5	1	167	87	265	3.74e-24	95.5
POOCHKCC_00203	MER0001372	59.494	79	32	0	1	79	78	156	3.59e-23	90.1
POOCHKCC_00203	MER0000268	55.696	79	35	0	1	79	76	154	1.22e-22	88.6
POOCHKCC_00203	MER0004149	56.098	82	31	2	1	79	84	163	3.48e-22	87.4
POOCHKCC_00203	MER0010944	50.617	81	38	1	1	79	91	171	9.96e-21	84.0
POOCHKCC_00203	MER0001945	48.780	82	39	1	1	79	78	159	5.47e-20	81.6
POOCHKCC_00203	MER0003290	55.422	83	29	3	1	79	78	156	1.49e-19	80.1
POOCHKCC_00203	MER0001373	52.439	82	36	1	1	79	77	158	3.64e-19	79.3
POOCHKCC_00203	MER0005468	51.220	82	36	2	1	79	78	158	3.03e-17	73.9
POOCHKCC_00203	MER0003293	52.055	73	35	0	1	73	76	148	1.34e-15	69.3
POOCHKCC_00203	MER0028330	53.012	83	29	5	1	79	77	153	3.23e-15	68.6
POOCHKCC_00203	MER0014795	51.220	82	32	3	1	79	83	159	8.32e-15	67.4
POOCHKCC_00203	MER0004093	51.807	83	30	5	1	79	77	153	8.79e-15	67.4
POOCHKCC_00203	MER0002577	50.000	82	33	3	1	79	77	153	1.40e-14	66.6
POOCHKCC_00203	MER0006096	47.561	82	37	2	1	79	53	131	9.05e-14	63.9
POOCHKCC_00203	MER0005093	44.444	72	38	1	1	70	89	160	3.22e-13	63.2
POOCHKCC_00203	MER0016351	42.683	82	39	2	1	79	77	153	3.58e-13	62.8
POOCHKCC_00203	MER0022668	43.478	92	39	4	1	79	80	171	1.70e-12	61.2
POOCHKCC_00203	MER0004086	45.349	86	38	4	1	79	79	162	3.62e-12	60.1
POOCHKCC_00203	MER0016031	44.944	89	37	5	1	79	80	166	4.17e-12	60.1
POOCHKCC_00203	MER0011375	46.988	83	34	4	1	79	78	154	5.80e-12	59.3
POOCHKCC_00203	MER0063616	43.548	62	32	1	2	63	88	146	1.51e-09	52.8
POOCHKCC_00203	MER0015583	47.761	67	30	3	1	62	83	149	5.48e-09	51.2
POOCHKCC_00213	MER0031610	36.842	247	147	4	15	253	55	300	6.08e-47	155
POOCHKCC_00213	MER0014065	23.510	302	168	11	4	242	22	323	2.00e-12	62.8
POOCHKCC_00213	MER0036053	23.372	261	170	7	8	242	2	258	2.09e-11	59.3
POOCHKCC_00213	MER0044858	26.087	276	156	11	16	249	57	326	6.04e-11	58.5
POOCHKCC_00213	MER0036072	25.397	126	85	1	11	127	77	202	2.59e-10	56.6
POOCHKCC_00213	MER0031616	22.302	278	171	7	13	253	38	307	3.26e-10	56.2
POOCHKCC_00213	MER0017142	37.374	99	56	2	15	112	15	108	3.77e-10	55.5
POOCHKCC_00213	MER0036115	27.723	101	70	1	12	109	33	133	6.11e-09	52.4
POOCHKCC_00213	MER0004146	21.509	265	172	7	4	245	8	259	1.24e-08	51.2
POOCHKCC_00213	MER0031617	24.151	265	158	8	10	244	30	281	1.42e-08	51.2
POOCHKCC_00213	MER0017193	22.605	261	156	10	10	240	21	265	3.69e-08	50.1
POOCHKCC_00213	MER0000436	30.579	121	73	4	5	114	11	131	3.70e-08	50.1
POOCHKCC_00213	MER0037236	27.419	124	79	4	4	117	9	131	5.55e-08	49.3
POOCHKCC_00213	MER0044900	25.091	275	166	13	7	247	87	355	6.29e-08	49.7
POOCHKCC_00213	MER0044350	26.471	102	71	2	14	111	1	102	2.27e-07	47.4
POOCHKCC_00213	MER0000431	31.731	104	66	3	11	110	30	132	2.74e-07	47.4
POOCHKCC_00213	MER0017177	24.138	203	124	7	4	191	24	211	4.73e-07	46.6
POOCHKCC_00213	MER0035043	22.794	272	175	10	14	253	35	303	5.63e-07	46.6
POOCHKCC_00213	MER0031611	22.140	271	171	6	10	254	35	291	9.64e-07	45.8
POOCHKCC_00213	MER0011509	30.476	105	62	3	13	109	37	138	1.19e-06	45.4
POOCHKCC_00213	MER0210990	26.846	149	96	4	37	172	54	202	1.55e-06	45.4
POOCHKCC_00213	MER0036057	25.097	259	141	12	15	245	63	296	3.64e-06	43.9
POOCHKCC_00213	MER0031619	26.471	102	72	1	14	112	28	129	3.66e-06	43.9
POOCHKCC_00213	MER0043008	25.000	120	82	3	1	113	7	125	5.32e-06	43.5
POOCHKCC_00213	MER0026339	31.858	113	67	5	11	116	21	130	7.63e-06	42.7
POOCHKCC_00217	MER0000474	54.211	190	87	0	28	217	15	204	4.64e-77	228
POOCHKCC_00217	MER0005687	52.688	186	83	1	31	216	27	207	2.35e-68	206
POOCHKCC_00217	MER0004857	54.070	172	78	1	46	217	34	204	3.65e-64	195
POOCHKCC_00217	MER0006046	46.561	189	101	0	28	216	15	203	1.12e-63	194
POOCHKCC_00217	MER0002211	47.236	199	104	1	19	216	5	203	7.30e-63	191
POOCHKCC_00217	MER0002299	50.270	185	92	0	31	215	12	196	5.89e-62	189
POOCHKCC_00217	MER0004847	46.632	193	102	1	29	220	16	208	1.05e-58	181
POOCHKCC_00217	MER0004855	40.191	209	119	1	12	220	7	209	1.51e-58	181
POOCHKCC_00217	MER0006063	46.154	182	98	0	35	216	23	204	5.27e-58	179
POOCHKCC_00217	MER0006056	49.419	172	86	1	45	216	37	207	7.67e-58	179
POOCHKCC_00217	MER0004182	40.107	187	112	0	30	216	13	199	1.40e-48	155
POOCHKCC_00217	MER0006308	37.714	175	108	1	40	213	17	191	7.73e-48	153
POOCHKCC_00217	MER0011666	42.012	169	96	2	50	216	17	185	4.31e-41	135
POOCHKCC_00217	MER0001369	37.037	81	49	1	71	151	52	130	1.13e-06	43.5
POOCHKCC_00240	MER0001283	43.633	479	266	2	10	486	8	484	3.54e-140	409
POOCHKCC_00240	MER0047723	43.249	474	266	3	9	480	3	475	2.61e-138	404
POOCHKCC_00240	MER0028941	27.907	172	100	5	13	172	2	161	4.22e-07	48.9
POOCHKCC_00240	MER0369336	25.243	206	118	8	65	262	8	185	2.10e-06	46.2
POOCHKCC_00271	MER0011748	52.321	237	110	2	411	646	1	235	6.53e-84	262
POOCHKCC_00271	MER0015609	52.321	237	108	2	411	646	1	233	2.46e-83	261
POOCHKCC_00271	MER0056525	53.419	234	106	2	411	643	1	232	3.66e-83	259
POOCHKCC_00271	MER0005496	51.502	233	112	1	411	643	1	232	4.66e-81	254
POOCHKCC_00271	MER0011224	46.781	233	123	1	411	643	1	232	1.57e-76	243
POOCHKCC_00271	MER0023544	46.087	230	123	1	411	640	1	229	1.63e-76	243
POOCHKCC_00271	MER0015195	43.952	248	135	4	411	657	1	245	1.99e-68	221
POOCHKCC_00271	MER0015194	43.750	240	130	2	412	649	2	238	1.07e-67	219
POOCHKCC_00271	MER0002605	42.424	231	129	2	411	640	1	228	6.72e-65	212
POOCHKCC_00271	MER0002600	41.880	234	133	2	411	643	1	232	1.29e-64	211
POOCHKCC_00271	MER0014306	41.202	233	136	1	411	643	1	232	5.70e-63	207
POOCHKCC_00271	MER0171760	37.918	269	158	4	376	640	1	264	3.62e-60	199
POOCHKCC_00271	MER0024898	43.882	237	130	3	411	645	1	236	1.06e-59	198
POOCHKCC_00271	MER0005466	41.810	232	129	3	412	637	2	233	8.19e-56	187
POOCHKCC_00271	MER0004454	39.149	235	142	1	411	644	1	235	1.60e-53	182
POOCHKCC_00271	MER0015199	40.506	237	133	3	411	639	1	237	6.85e-53	180
POOCHKCC_00271	MER0002602	42.534	221	121	2	412	626	2	222	4.48e-52	177
POOCHKCC_00271	MER0002563	38.462	234	134	4	412	635	2	235	2.86e-50	172
POOCHKCC_00271	MER0015197	40.476	210	122	2	423	630	13	221	3.80e-47	164
POOCHKCC_00271	MER0017637	39.149	235	131	5	412	635	2	235	5.32e-46	160
POOCHKCC_00271	MER0001620	37.917	240	137	6	411	639	1	239	2.22e-44	157
POOCHKCC_00271	MER0002408	35.833	240	142	6	411	640	1	238	3.88e-42	150
POOCHKCC_00271	MER0015193	37.339	233	136	6	411	635	1	231	1.76e-40	145
POOCHKCC_00271	MER0011745	33.621	232	145	5	411	635	1	230	8.96e-40	144
POOCHKCC_00271	MER0015137	33.190	232	146	5	411	635	1	230	1.59e-38	140
POOCHKCC_00271	MER0190577	33.766	231	139	3	411	638	1	220	1.37e-37	137
POOCHKCC_00271	MER0002608	35.983	239	145	4	412	642	2	240	8.21e-36	132
POOCHKCC_00271	MER0005755	34.043	235	143	3	412	643	2	227	2.74e-35	130
POOCHKCC_00271	MER0014324	35.088	228	134	4	411	635	1	217	1.18e-34	129
POOCHKCC_00271	MER0015690	34.685	222	133	6	411	620	1	222	3.29e-32	122
POOCHKCC_00271	MER0190705	32.468	231	145	3	412	640	1	222	6.21e-31	117
POOCHKCC_00271	MER0011120	36.697	218	126	7	411	616	1	218	1.36e-30	118
POOCHKCC_00271	MER0024900	30.870	230	147	5	412	637	2	223	5.34e-28	110
POOCHKCC_00271	MER0002197	29.680	219	143	3	411	626	1	211	1.35e-27	109
POOCHKCC_00271	MER0001246	32.121	165	100	3	439	600	18	173	2.00e-20	85.9
POOCHKCC_00271	MER0015204	27.935	247	145	8	412	626	2	247	2.20e-18	83.2
POOCHKCC_00302	MER0000576	46.018	113	60	1	35	147	1	112	1.10e-34	114
POOCHKCC_00302	MER0000569	35.088	114	72	2	35	147	1	113	1.06e-15	65.9
POOCHKCC_00302	MER0006172	36.620	71	45	0	57	127	2	72	8.14e-11	52.0
POOCHKCC_00333	MER0001602	41.727	139	81	0	71	209	1	139	2.88e-37	124
POOCHKCC_00389	MER0011781	25.795	283	147	12	38	319	17	237	7.35e-11	59.7
POOCHKCC_00389	MER0011806	25.263	285	146	12	38	319	17	237	4.72e-10	57.4
POOCHKCC_00389	MER0004101	27.018	285	141	15	38	319	17	237	1.33e-09	55.8
POOCHKCC_00389	MER0003314	26.282	156	88	6	106	258	63	194	3.90e-07	48.9
POOCHKCC_00423	MER0091680	23.750	160	103	5	417	564	65	217	4.54e-06	45.4
POOCHKCC_00428	MER0013626	52.273	44	21	0	419	462	103	146	1.26e-10	57.0
POOCHKCC_00428	MER0000589	59.459	37	15	0	425	461	192	228	7.70e-10	56.2
POOCHKCC_00428	MER0000589	29.268	123	43	3	140	262	1	79	3.12e-08	51.6
POOCHKCC_00428	MER0015993	34.783	92	46	4	376	457	58	145	4.94e-06	43.5
POOCHKCC_00428	MER0002550	30.693	101	64	3	366	462	53	151	7.81e-06	43.1
POOCHKCC_00448	MER0000431	26.163	172	118	6	16	183	34	200	3.76e-11	58.9
POOCHKCC_00448	MER0036056	27.306	271	139	10	12	248	76	322	1.26e-08	51.6
POOCHKCC_00448	MER0017142	32.292	96	57	2	16	111	15	102	1.43e-08	50.8
POOCHKCC_00448	MER0017033	24.000	250	157	10	16	247	65	299	1.78e-08	51.2
POOCHKCC_00448	MER0031614	31.579	114	74	3	12	122	80	192	1.86e-08	51.2
POOCHKCC_00448	MER0017177	26.804	97	69	2	16	111	35	130	2.35e-07	47.8
POOCHKCC_00448	MER0014065	27.835	97	69	1	16	112	35	130	2.58e-07	47.8
POOCHKCC_00448	MER0036068	24.390	246	165	8	16	246	54	293	7.75e-07	46.2
POOCHKCC_00448	MER0031617	28.571	105	73	2	16	119	35	138	1.38e-06	45.4
POOCHKCC_00448	MER0210990	33.333	84	49	2	40	123	56	132	1.40e-06	45.4
POOCHKCC_00448	MER0044578	29.851	134	79	5	16	138	74	203	1.60e-06	45.4
POOCHKCC_00448	MER0036073	25.660	265	137	9	16	248	80	316	2.01e-06	45.1
POOCHKCC_00448	MER0044581	28.226	124	75	4	16	128	72	192	6.64e-06	43.5
POOCHKCC_00505	MER0028025	49.057	159	80	1	9	167	12	169	2.31e-44	150
POOCHKCC_00505	MER0028025	48.684	76	39	0	274	349	168	243	4.06e-20	85.5
POOCHKCC_00505	MER0001273	32.057	209	112	8	10	203	9	202	5.49e-14	68.2
POOCHKCC_00505	MER0038758	25.325	308	198	11	65	355	62	354	2.13e-13	67.4
POOCHKCC_00505	MER0001272	28.649	185	114	6	10	183	6	183	4.43e-13	65.5
POOCHKCC_00505	MER0238460	23.123	333	219	11	43	342	73	401	3.62e-11	60.8
POOCHKCC_00505	MER0003798	21.587	315	205	10	64	340	97	407	1.33e-09	55.8
POOCHKCC_00505	MER0026479	31.481	162	94	5	13	166	13	165	4.01e-09	53.5
POOCHKCC_00505	MER0017385	28.144	167	100	6	7	169	4	154	7.40e-06	43.5
POOCHKCC_00590	MER0002565	39.419	241	123	8	286	524	89	308	1.48e-35	134
POOCHKCC_00590	MER0000332	43.617	188	86	7	306	491	64	233	3.20e-32	122
POOCHKCC_00590	MER0017009	32.432	296	169	9	224	505	43	321	3.74e-30	118
POOCHKCC_00590	MER0017009	36.782	87	47	4	54	132	19	105	3.39e-06	46.2
POOCHKCC_00590	MER0028365	35.507	276	144	9	282	546	98	350	5.26e-29	115
POOCHKCC_00590	MER0028365	40.625	64	36	2	68	131	51	112	1.00e-08	54.3
POOCHKCC_00590	MER0000310	38.249	217	109	7	302	512	59	256	2.95e-28	110
POOCHKCC_00590	MER0004690	28.526	312	180	10	220	508	18	309	1.29e-26	108
POOCHKCC_00590	MER0004690	43.077	65	33	2	85	145	39	103	2.44e-07	49.7
POOCHKCC_00590	MER0000316	36.574	216	116	7	299	512	54	250	2.25e-26	105
POOCHKCC_00590	MER0001928	36.744	215	115	8	301	513	57	252	7.55e-26	103
POOCHKCC_00590	MER0000315	37.850	214	112	8	301	512	57	251	1.03e-25	103
POOCHKCC_00590	MER0001699	37.198	207	113	8	298	502	54	245	1.19e-25	103
POOCHKCC_00590	MER0001709	29.080	337	186	13	213	518	3	317	1.38e-25	104
POOCHKCC_00590	MER0001520	37.850	214	112	8	301	512	57	251	1.80e-25	102
POOCHKCC_00590	MER0002575	34.389	221	124	8	303	521	68	269	3.04e-25	102
POOCHKCC_00590	MER0077555	36.449	214	109	7	302	508	58	251	3.12e-25	102
POOCHKCC_00590	MER0001906	37.383	214	113	8	301	512	57	251	6.10e-25	101
POOCHKCC_00590	MER0000320	35.586	222	111	9	306	514	69	271	1.75e-24	100
POOCHKCC_00590	MER0054318	40.594	202	106	8	291	489	54	244	1.87e-24	100
POOCHKCC_00590	MER0002057	32.780	241	118	8	306	505	102	339	1.02e-23	100
POOCHKCC_00590	MER0005821	32.218	239	137	10	299	526	79	303	3.94e-23	99.4
POOCHKCC_00590	MER0002562	36.709	237	110	9	297	508	108	329	6.97e-23	97.1
POOCHKCC_00590	MER0016978	34.310	239	106	11	306	514	78	295	1.05e-22	95.9
POOCHKCC_00590	MER0000333	35.455	220	120	6	295	512	53	252	1.54e-22	94.4
POOCHKCC_00590	MER0001521	34.884	215	123	7	298	510	56	255	5.54e-22	92.8
POOCHKCC_00590	MER0000313	34.884	215	123	7	298	510	56	255	7.15e-22	92.4
POOCHKCC_00590	MER0001755	34.419	215	124	7	298	510	56	255	3.14e-21	90.9
POOCHKCC_00590	MER0000309	37.559	213	116	7	302	512	59	256	3.91e-21	90.5
POOCHKCC_00590	MER0013656	33.610	241	130	9	275	512	37	250	4.77e-21	90.1
POOCHKCC_00590	MER0001523	34.101	217	126	7	298	512	56	257	5.82e-21	90.1
POOCHKCC_00590	MER0000312	34.101	217	126	7	298	512	56	257	5.82e-21	90.1
POOCHKCC_00590	MER0062058	37.220	223	105	8	302	509	57	259	1.14e-20	91.3
POOCHKCC_00590	MER0062058	46.296	54	29	0	84	137	1	54	9.48e-09	54.3
POOCHKCC_00590	MER0000311	36.111	216	123	6	298	512	56	257	1.56e-20	88.6
POOCHKCC_00590	MER0000361	33.333	252	125	11	283	508	79	313	2.05e-20	89.4
POOCHKCC_00590	MER0081072	31.535	241	139	8	278	511	29	250	2.43e-20	87.4
POOCHKCC_00590	MER0014744	32.231	242	148	8	298	526	87	325	1.67e-19	86.7
POOCHKCC_00590	MER0004085	31.579	247	136	10	291	515	79	314	2.23e-19	86.3
POOCHKCC_00590	MER0002516	36.019	211	107	9	301	506	77	264	4.80e-19	84.7
POOCHKCC_00590	MER0016983	33.493	209	98	8	306	493	71	259	6.07e-19	84.7
POOCHKCC_00590	MER0000362	30.769	247	130	10	297	518	87	317	1.04e-18	84.3
POOCHKCC_00590	MER0000349	33.476	233	129	11	303	512	141	370	1.21e-18	84.7
POOCHKCC_00590	MER0005931	35.780	218	123	5	297	512	23	225	1.32e-18	82.4
POOCHKCC_00590	MER0006074	33.200	250	134	12	286	522	61	290	1.70e-18	83.2
POOCHKCC_00590	MER0006023	33.198	247	126	10	281	508	81	307	3.11e-18	82.8
POOCHKCC_00590	MER0000321	30.738	244	129	10	285	512	136	355	7.65e-18	82.0
POOCHKCC_00590	MER0004720	31.839	223	121	8	298	512	65	264	8.71e-18	80.9
POOCHKCC_00590	MER0000319	30.244	205	121	6	301	502	64	249	1.39e-17	80.1
POOCHKCC_00590	MER0050309	29.098	244	133	10	306	536	47	263	1.94e-17	81.6
POOCHKCC_00590	MER0001725	32.701	211	122	6	285	491	78	272	2.13e-17	80.1
POOCHKCC_00590	MER0019280	33.772	228	128	8	295	508	62	280	2.27e-17	80.1
POOCHKCC_00590	MER0003536	31.250	224	119	8	306	508	71	280	2.34e-17	79.7
POOCHKCC_00590	MER0002267	33.945	218	116	10	302	513	67	262	4.35e-17	78.6
POOCHKCC_00590	MER0000326	33.796	216	117	8	295	507	61	253	5.66e-17	79.0
POOCHKCC_00590	MER0000358	32.189	233	114	11	286	504	59	261	9.90e-17	78.6
POOCHKCC_00590	MER0155676	31.276	243	129	11	298	509	117	352	1.09e-16	79.0
POOCHKCC_00590	MER0042897	37.681	207	111	7	302	505	62	253	1.21e-16	77.4
POOCHKCC_00590	MER0003117	35.437	206	100	11	302	497	71	253	1.82e-16	77.0
POOCHKCC_00590	MER0005078	30.672	238	128	10	298	521	72	286	2.46e-16	76.6
POOCHKCC_00590	MER0000325	36.199	221	105	10	299	510	63	256	2.75e-16	77.0
POOCHKCC_00590	MER0016697	33.182	220	103	8	301	491	93	297	4.68e-16	76.6
POOCHKCC_00590	MER0000340	29.114	316	181	13	238	532	4	297	6.24e-16	75.5
POOCHKCC_00590	MER0030016	28.947	228	131	7	294	508	67	276	9.09e-16	74.7
POOCHKCC_00590	MER0006037	34.500	200	100	7	298	489	72	248	1.96e-15	73.9
POOCHKCC_00590	MER0002790	32.110	218	122	7	306	506	1	209	2.86e-15	72.4
POOCHKCC_00590	MER0016688	30.041	243	126	11	302	513	70	299	2.84e-14	70.9
POOCHKCC_00590	MER0000338	33.333	219	113	9	302	511	68	262	7.31e-14	68.9
POOCHKCC_00590	MER0005859	32.314	229	105	9	302	492	238	454	1.07e-13	70.1
POOCHKCC_00590	MER0000328	30.315	254	120	13	302	542	68	277	1.19e-13	68.6
POOCHKCC_00590	MER0000359	33.333	219	112	12	301	509	84	278	1.22e-13	68.6
POOCHKCC_00590	MER0000351	29.767	215	115	6	292	490	90	284	1.81e-13	67.8
POOCHKCC_00590	MER0000335	31.604	212	114	10	301	504	64	252	3.50e-13	67.0
POOCHKCC_00590	MER0022415	29.707	239	136	11	285	511	60	278	3.58e-13	68.6
POOCHKCC_00590	MER0000344	31.925	213	107	11	306	504	88	276	6.23e-13	66.6
POOCHKCC_00590	MER0004123	28.049	246	132	10	302	511	75	311	6.89e-13	66.6
POOCHKCC_00590	MER0014300	30.345	290	150	12	304	552	77	355	1.01e-12	66.6
POOCHKCC_00590	MER0161312	31.557	244	126	10	304	508	92	333	1.55e-12	65.9
POOCHKCC_00590	MER0014085	28.125	288	139	13	289	513	70	352	1.56e-12	65.9
POOCHKCC_00590	MER0000356	31.250	256	123	12	286	511	66	298	1.61e-12	65.9
POOCHKCC_00590	MER0004869	25.392	319	145	13	259	513	66	355	3.66e-12	65.1
POOCHKCC_00590	MER0013641	27.626	257	144	12	283	513	66	306	3.70e-12	65.1
POOCHKCC_00590	MER0024902	28.182	220	138	6	296	501	87	300	3.80e-12	64.3
POOCHKCC_00590	MER0000357	34.328	201	100	9	306	494	77	257	5.50e-12	63.9
POOCHKCC_00590	MER0002500	30.144	209	111	9	304	489	155	351	6.44e-12	64.3
POOCHKCC_00590	MER0003020	29.057	265	119	10	302	507	222	476	9.84e-12	63.9
POOCHKCC_00590	MER0016986	26.048	334	181	14	229	507	9	331	1.26e-11	63.2
POOCHKCC_00590	MER0016991	27.917	240	124	7	289	495	61	284	3.47e-11	61.6
POOCHKCC_00590	MER0000353	29.665	209	109	7	292	484	141	327	4.20e-11	61.2
POOCHKCC_00590	MER0002764	34.896	192	98	8	301	487	84	253	6.74e-11	60.5
POOCHKCC_00590	MER0014446	29.148	223	117	8	304	507	195	395	8.03e-11	60.8
POOCHKCC_00590	MER0068994	28.623	276	121	13	284	489	74	343	1.12e-10	60.5
POOCHKCC_00590	MER0037258	25.726	241	155	7	291	511	62	298	1.13e-10	59.7
POOCHKCC_00590	MER0005790	28.218	202	103	6	304	488	92	268	1.25e-10	59.3
POOCHKCC_00590	MER0002739	28.090	267	131	13	291	513	77	326	1.33e-10	60.5
POOCHKCC_00590	MER0006049	24.746	295	128	8	301	513	80	362	2.26e-10	59.3
POOCHKCC_00590	MER0000336	28.899	218	121	8	287	496	65	256	2.45e-10	58.5
POOCHKCC_00590	MER0028258	28.916	249	128	11	306	508	104	349	2.88e-10	58.9
POOCHKCC_00590	MER0000347	25.221	226	139	5	302	508	115	329	5.46e-10	58.5
POOCHKCC_00590	MER0001454	31.731	104	53	2	439	524	240	343	1.10e-09	57.0
POOCHKCC_00590	MER0050310	26.587	252	151	11	306	545	102	331	1.63e-09	56.6
POOCHKCC_00590	MER0067924	27.126	247	128	10	295	507	46	274	2.02e-09	55.5
POOCHKCC_00590	MER0005712	24.335	263	149	8	301	513	83	345	2.19e-09	56.2
POOCHKCC_00590	MER0000348	24.342	304	181	8	229	488	10	308	2.45e-09	55.8
POOCHKCC_00590	MER0114485	27.727	220	123	8	306	489	106	325	2.53e-09	56.2
POOCHKCC_00590	MER0006297	26.549	226	136	9	306	506	265	485	2.63e-09	56.2
POOCHKCC_00590	MER0004641	23.322	283	143	9	301	513	81	359	5.45e-09	55.1
POOCHKCC_00590	MER0015436	36.585	82	44	2	440	513	354	435	6.03e-09	55.1
POOCHKCC_00590	MER0001467	27.941	272	130	11	301	508	67	336	7.91e-09	54.3
POOCHKCC_00590	MER0006048	23.675	283	129	8	301	508	80	350	1.03e-08	54.3
POOCHKCC_00590	MER0000329	25.083	303	132	12	306	536	76	355	1.24e-08	53.9
POOCHKCC_00590	MER0015437	41.935	62	35	1	452	513	373	433	2.02e-08	53.5
POOCHKCC_00590	MER0005756	36.047	86	43	2	440	513	294	379	2.25e-08	53.1
POOCHKCC_00590	MER0055027	30.653	199	108	10	266	460	37	209	2.32e-08	53.1
POOCHKCC_00590	MER0000350	27.059	255	139	7	296	508	80	329	2.49e-08	52.8
POOCHKCC_00590	MER0004652	36.047	86	45	1	442	517	431	516	3.42e-08	52.8
POOCHKCC_00590	MER0005775	37.662	77	39	2	438	508	373	446	3.92e-08	52.4
POOCHKCC_00590	MER0005700	33.333	87	45	2	440	513	276	362	4.10e-08	52.4
POOCHKCC_00590	MER0005710	35.714	84	41	2	440	510	352	435	4.12e-08	52.4
POOCHKCC_00590	MER0014325	22.654	309	136	11	290	515	54	342	6.19e-08	51.6
POOCHKCC_00590	MER0004516	27.660	329	157	16	251	519	29	336	9.97e-08	50.8
POOCHKCC_00590	MER0015433	34.483	87	44	3	440	513	353	439	1.05e-07	51.2
POOCHKCC_00590	MER0005757	38.235	68	36	1	452	513	294	361	1.42e-07	50.4
POOCHKCC_00590	MER0001368	23.704	270	151	10	301	519	80	345	1.49e-07	50.4
POOCHKCC_00590	MER0014309	25.830	271	133	10	301	508	62	327	1.56e-07	50.4
POOCHKCC_00590	MER0087792	24.701	251	145	7	291	503	79	323	1.58e-07	50.4
POOCHKCC_00590	MER0015432	36.458	96	51	4	452	538	288	382	1.97e-07	50.1
POOCHKCC_00590	MER0006036	33.333	75	37	1	452	513	371	445	2.06e-07	50.1
POOCHKCC_00590	MER0002771	24.172	302	157	10	302	538	65	359	2.42e-07	49.7
POOCHKCC_00590	MER0015438	35.000	80	39	1	442	508	371	450	2.44e-07	50.1
POOCHKCC_00590	MER0015431	35.632	87	43	3	440	513	261	347	2.65e-07	49.7
POOCHKCC_00590	MER0014312	32.673	101	46	4	440	520	312	410	3.10e-07	49.7
POOCHKCC_00590	MER0004988	26.432	227	134	8	302	512	66	275	4.41e-07	48.5
POOCHKCC_00590	MER0003688	24.923	325	163	14	271	543	61	356	5.09e-07	48.5
POOCHKCC_00590	MER0005774	35.294	85	42	3	440	511	345	429	6.68e-07	48.5
POOCHKCC_00590	MER0014089	36.782	87	42	3	440	513	353	439	1.04e-06	48.1
POOCHKCC_00590	MER0197239	34.177	79	39	2	452	517	363	441	1.23e-06	47.8
POOCHKCC_00590	MER0003122	26.471	204	97	9	353	508	147	345	1.29e-06	47.4
POOCHKCC_00590	MER0025143	25.957	235	118	11	299	489	49	271	1.39e-06	47.0
POOCHKCC_00590	MER0080418	27.083	144	88	6	379	512	204	340	2.17e-06	46.6
POOCHKCC_00590	MER0175622	27.197	239	136	12	294	512	62	282	3.08e-06	45.8
POOCHKCC_00590	MER0011813	33.000	100	47	3	439	518	346	445	3.57e-06	46.2
POOCHKCC_00590	MER0014310	32.584	89	40	3	440	508	310	398	4.23e-06	45.8
POOCHKCC_00590	MER0011484	28.182	220	110	13	306	491	268	473	4.50e-06	46.2
POOCHKCC_00590	MER0014311	30.851	94	45	4	440	513	311	404	4.70e-06	45.8
POOCHKCC_00590	MER0005034	31.959	97	46	3	439	515	344	440	5.73e-06	45.4
POOCHKCC_00590	MER0003256	26.168	214	105	12	304	486	58	249	6.89e-06	44.7
POOCHKCC_00590	MER0006093	47.727	44	23	0	472	515	294	337	8.72e-06	45.1
POOCHKCC_00590	MER0013896	29.032	93	47	2	440	513	358	450	9.30e-06	45.1
POOCHKCC_00591	MER0002746	25.676	222	133	8	311	507	18	232	1.63e-13	67.4
POOCHKCC_00591	MER0001009	29.560	159	93	3	360	507	20	170	8.77e-12	62.0
POOCHKCC_00591	MER0019759	27.230	213	113	7	324	507	32	231	1.55e-11	61.6
POOCHKCC_00591	MER0011345	29.146	199	114	7	309	487	27	218	4.66e-11	60.5
POOCHKCC_00591	MER0019096	25.688	218	122	7	311	508	1	198	1.10e-10	58.5
POOCHKCC_00591	MER0001010	29.252	147	85	3	360	495	61	199	1.21e-10	58.5
POOCHKCC_00591	MER0011440	28.141	199	111	8	313	486	19	210	1.57e-10	58.2
POOCHKCC_00591	MER0006264	26.923	182	111	6	324	486	4	182	2.97e-10	56.6
POOCHKCC_00591	MER0036308	33.544	158	78	7	338	479	58	204	3.05e-10	57.8
POOCHKCC_00591	MER0012283	28.125	160	96	4	338	484	60	213	8.23e-10	56.2
POOCHKCC_00591	MER0001013	28.866	194	120	5	309	487	28	218	1.47e-09	55.8
POOCHKCC_00591	MER0001017	26.432	227	121	9	309	502	27	240	2.46e-09	55.1
POOCHKCC_00591	MER0001012	28.324	173	94	5	336	486	52	216	3.25e-09	54.3
POOCHKCC_00591	MER0002355	29.268	123	81	2	360	480	84	202	3.49e-09	54.3
POOCHKCC_00591	MER0002003	26.733	202	111	9	313	486	25	217	4.09e-09	54.3
POOCHKCC_00591	MER0011720	27.778	144	92	5	360	499	79	214	4.30e-09	53.9
POOCHKCC_00591	MER0005328	27.568	185	114	5	309	476	16	197	8.73e-09	52.8
POOCHKCC_00591	MER0091680	26.154	195	121	8	324	499	23	213	1.16e-08	52.8
POOCHKCC_00591	MER0002968	27.136	199	112	8	313	486	25	215	4.11e-08	51.2
POOCHKCC_00591	MER0002422	28.105	153	95	5	340	486	63	206	5.88e-08	50.4
POOCHKCC_00591	MER0002755	27.322	183	114	7	313	479	21	200	6.20e-08	50.4
POOCHKCC_00591	MER0001003	26.111	180	112	5	325	485	7	184	4.65e-07	47.4
POOCHKCC_00591	MER0000997	27.604	192	116	8	311	480	21	211	4.72e-07	47.8
POOCHKCC_00591	MER0002281	26.857	175	101	8	325	479	44	211	5.14e-07	48.1
POOCHKCC_00591	MER0011423	23.684	152	95	3	347	486	72	214	7.21e-07	47.4
POOCHKCC_00591	MER0002078	24.757	206	126	6	325	507	33	232	8.63e-07	47.4
POOCHKCC_00591	MER0019754	23.316	193	128	7	314	486	3	195	1.68e-06	45.8
POOCHKCC_00591	MER0011183	23.721	215	135	9	312	500	11	222	4.23e-06	45.1
POOCHKCC_00591	MER0052595	26.087	138	89	4	360	488	89	222	7.20e-06	44.3
POOCHKCC_00595	MER0078640	36.813	364	198	9	11	359	1	347	2.00e-70	221
POOCHKCC_00595	MER0060647	36.464	362	207	9	11	360	1	351	2.01e-67	213
POOCHKCC_00595	MER0044812	43.290	231	115	4	148	365	12	239	6.76e-61	193
POOCHKCC_00595	MER0043540	39.301	229	134	3	137	364	1	225	2.43e-55	178
POOCHKCC_00595	MER0045945	42.439	205	113	4	159	363	14	213	2.25e-50	165
POOCHKCC_00595	MER0115185	53.103	145	66	1	214	358	1	143	4.96e-47	154
POOCHKCC_00595	MER0046161	38.865	229	115	6	153	365	28	247	1.65e-43	149
POOCHKCC_00595	MER0436691	36.910	233	126	7	144	360	14	241	1.12e-39	138
POOCHKCC_00595	MER0043537	38.356	73	44	1	191	263	14	85	3.74e-10	55.8
POOCHKCC_00595	MER0044619	27.473	182	110	7	191	361	25	195	6.48e-10	55.8
POOCHKCC_00595	MER0043394	26.389	144	96	5	208	345	9	148	1.73e-08	50.4
POOCHKCC_00595	MER0045094	23.313	163	113	5	191	345	26	184	2.36e-07	48.1
POOCHKCC_00595	MER0045886	27.168	173	111	6	181	345	14	179	1.14e-06	46.2
POOCHKCC_00595	MER0043195	26.452	155	90	5	228	364	59	207	7.22e-06	43.9
POOCHKCC_00623	MER0192051	25.628	199	130	5	17	199	96	292	2.67e-10	57.4
POOCHKCC_00630	MER0004196	42.405	158	89	2	199	355	1	157	1.75e-35	127
POOCHKCC_00630	MER0003514	43.506	154	85	2	202	355	4	155	2.25e-34	124
POOCHKCC_00630	MER0001297	41.558	154	88	2	202	355	4	155	7.58e-34	123
POOCHKCC_00630	MER0001425	43.671	158	85	1	201	354	3	160	1.48e-32	119
POOCHKCC_00630	MER0003413	39.355	155	93	1	201	355	3	156	7.86e-32	117
POOCHKCC_00630	MER0004195	39.490	157	88	2	202	355	4	156	1.27e-30	114
POOCHKCC_00630	MER0015684	35.811	148	95	0	201	348	3	150	1.33e-27	105
POOCHKCC_00630	MER0005714	35.625	160	96	1	203	355	5	164	8.42e-27	103
POOCHKCC_00630	MER0003065	37.662	154	94	2	202	355	4	155	1.39e-26	102
POOCHKCC_00630	MER0001295	35.294	170	91	4	201	355	3	168	2.59e-21	88.6
POOCHKCC_00667	MER0003380	34.914	232	142	4	143	373	14	237	2.29e-42	146
POOCHKCC_00667	MER0069741	37.654	162	94	5	219	376	13	171	1.55e-23	93.6
POOCHKCC_00667	MER0013541	48.235	85	44	0	274	358	1	85	4.49e-23	89.7
POOCHKCC_00667	MER0066182	40.171	117	66	2	254	369	75	188	2.90e-18	79.7
POOCHKCC_00667	MER0387040	43.299	97	54	1	274	369	1	97	7.49e-18	75.5
POOCHKCC_00667	MER0003376	34.118	170	78	7	214	367	2	153	3.91e-17	75.5
POOCHKCC_00667	MER0001419	32.075	106	70	2	274	377	32	137	7.69e-13	62.8
POOCHKCC_00667	MER0003423	33.019	106	69	2	274	377	32	137	4.98e-12	60.5
POOCHKCC_00667	MER0015415	32.432	111	67	3	249	358	46	149	7.86e-12	60.5
POOCHKCC_00667	MER0003906	35.000	100	59	3	274	367	1	100	1.19e-10	55.5
POOCHKCC_00667	MER0005300	34.409	93	61	0	275	367	66	158	1.11e-08	51.2
POOCHKCC_00667	MER0025070	35.238	105	53	5	269	361	1	102	2.16e-07	46.2
POOCHKCC_00667	MER0388771	34.694	98	53	5	274	361	2	98	1.80e-06	43.5
POOCHKCC_00715	MER0001284	34.091	132	74	4	91	212	12	140	6.66e-12	61.6
POOCHKCC_00715	MER0004514	36.782	87	49	2	107	190	35	118	1.78e-11	60.5
POOCHKCC_00715	MER0002161	27.273	231	119	8	119	327	76	279	3.02e-11	60.1
POOCHKCC_00715	MER0005139	34.862	109	62	4	107	213	62	163	4.72e-11	59.3
POOCHKCC_00715	MER0100667	26.389	216	113	6	121	325	40	220	1.36e-10	57.4
POOCHKCC_00715	MER0194228	26.728	217	129	6	122	331	1	194	7.16e-10	54.7
POOCHKCC_00715	MER0015336	27.111	225	132	9	103	318	57	258	7.31e-10	55.8
POOCHKCC_00715	MER0005238	32.692	104	62	2	108	210	67	163	1.58e-09	55.1
POOCHKCC_00715	MER0005131	26.923	234	135	9	108	321	38	255	1.87e-09	54.3
POOCHKCC_00715	MER0015691	33.028	109	65	2	103	210	48	149	2.39e-09	53.9
POOCHKCC_00715	MER0001289	26.147	218	131	6	121	331	76	270	2.72e-09	53.9
POOCHKCC_00715	MER0002104	31.731	104	63	3	108	210	67	163	3.85e-09	53.9
POOCHKCC_00715	MER0005244	29.197	137	82	3	105	241	2	123	4.88e-09	52.4
POOCHKCC_00715	MER0037181	24.765	319	172	13	30	324	2	276	1.57e-08	52.0
POOCHKCC_00715	MER0005239	29.730	111	69	3	103	211	64	167	7.30e-08	49.7
POOCHKCC_00715	MER0001288	27.803	223	126	9	119	328	33	233	2.02e-07	48.1
POOCHKCC_00715	MER0013618	34.906	106	58	4	91	195	41	136	2.10e-07	48.5
POOCHKCC_00715	MER0005152	30.682	88	54	1	108	195	60	140	1.18e-06	46.2
POOCHKCC_00715	MER0005241	30.000	90	56	3	105	192	2	86	5.36e-06	43.9
POOCHKCC_00721	MER0001421	51.515	396	189	3	14	408	2	395	2.96e-141	405
POOCHKCC_00721	MER0028941	25.799	438	221	13	3	407	1	367	4.28e-31	119
POOCHKCC_00721	MER0369336	26.629	353	201	9	67	407	9	315	9.40e-26	103
POOCHKCC_00726	MER0013471	36.842	114	55	5	41	139	30	141	1.00e-08	53.1
POOCHKCC_00726	MER0015121	25.294	170	109	3	48	199	37	206	3.26e-08	51.6
POOCHKCC_00728	MER0002968	29.936	157	100	4	301	451	63	215	3.83e-13	66.6
POOCHKCC_00728	MER0011440	26.000	200	131	5	264	451	16	210	1.23e-12	65.1
POOCHKCC_00728	MER0001009	29.518	166	109	3	328	486	20	184	1.84e-12	64.3
POOCHKCC_00728	MER0168983	28.226	124	85	2	326	449	41	160	8.15e-12	61.2
POOCHKCC_00728	MER0015166	32.787	122	76	3	328	443	102	223	2.97e-11	61.2
POOCHKCC_00728	MER0002746	28.477	151	98	2	328	470	82	230	4.00e-11	60.8
POOCHKCC_00728	MER0019096	28.767	146	97	2	327	472	59	197	6.47e-11	59.3
POOCHKCC_00728	MER0011438	25.269	186	122	5	268	440	18	199	6.79e-11	59.7
POOCHKCC_00728	MER0019759	29.936	157	87	4	328	470	82	229	6.19e-10	57.4
POOCHKCC_00728	MER0005046	31.298	131	82	5	328	451	69	198	6.77e-10	56.6
POOCHKCC_00728	MER0011423	26.923	130	89	2	328	451	85	214	6.88e-10	56.6
POOCHKCC_00728	MER0011183	26.950	141	93	3	329	461	75	213	1.28e-09	56.2
POOCHKCC_00728	MER0005331	27.273	121	83	3	328	443	82	202	1.40e-09	55.8
POOCHKCC_00728	MER0002003	25.490	204	128	4	269	455	25	221	2.40e-09	55.5
POOCHKCC_00728	MER0026493	29.808	104	73	0	269	372	19	122	4.73e-09	53.5
POOCHKCC_00728	MER0168177	27.907	129	81	3	328	451	42	163	5.69e-09	53.1
POOCHKCC_00728	MER0001010	29.078	141	92	3	328	461	61	200	8.76e-09	53.5
POOCHKCC_00728	MER0091680	28.169	142	89	4	328	460	72	209	1.26e-08	53.1
POOCHKCC_00728	MER0004243	29.771	131	71	3	328	443	84	208	1.32e-08	53.1
POOCHKCC_00728	MER0005045	32.061	131	81	5	328	451	69	198	1.37e-08	52.8
POOCHKCC_00728	MER0001701	27.742	155	96	5	307	451	52	200	1.79e-08	52.8
POOCHKCC_00728	MER0001185	24.103	195	125	6	267	446	24	210	1.98e-08	52.4
POOCHKCC_00728	MER0000997	33.071	127	72	4	328	443	85	209	2.42e-08	52.4
POOCHKCC_00728	MER0011371	26.772	127	87	2	328	448	82	208	2.91e-08	52.0
POOCHKCC_00728	MER0002060	21.918	219	163	4	245	455	1	219	6.28e-08	50.8
POOCHKCC_00728	MER0006264	26.718	131	88	3	328	451	53	182	9.96e-08	49.7
POOCHKCC_00728	MER0001005	30.645	124	79	3	328	444	47	170	3.48e-07	48.1
POOCHKCC_00728	MER0011369	26.316	133	86	4	328	451	96	225	6.20e-07	48.1
POOCHKCC_00728	MER0011370	26.667	150	97	4	302	443	58	202	6.59e-07	47.8
POOCHKCC_00728	MER0011175	21.500	200	134	7	268	451	18	210	2.74e-06	45.8
POOCHKCC_00728	MER0003916	23.158	190	128	6	268	446	7	189	4.31e-06	45.1
POOCHKCC_00731	MER0001289	35.971	139	79	5	202	338	30	160	3.21e-15	72.4
POOCHKCC_00731	MER0100667	30.000	150	93	5	245	392	38	177	1.30e-13	66.6
POOCHKCC_00731	MER0194228	41.304	92	45	4	248	338	1	84	1.39e-13	66.2
POOCHKCC_00731	MER0001284	28.261	184	118	6	215	392	24	199	3.14e-13	66.2
POOCHKCC_00731	MER0004514	28.302	159	109	2	233	386	35	193	4.57e-13	65.9
POOCHKCC_00731	MER0005139	31.159	138	79	5	217	349	49	175	1.67e-12	64.3
POOCHKCC_00731	MER0005239	31.481	108	61	3	216	319	52	150	2.96e-11	60.8
POOCHKCC_00731	MER0013618	30.256	195	104	11	232	405	56	239	3.14e-11	60.8
POOCHKCC_00731	MER0002161	37.500	96	53	2	248	342	79	168	3.26e-11	60.5
POOCHKCC_00731	MER0005149	31.481	108	61	3	216	319	48	146	4.10e-11	60.5
POOCHKCC_00731	MER0038832	25.116	215	139	7	229	433	44	246	5.35e-11	59.7
POOCHKCC_00731	MER0011461	25.778	225	138	8	209	420	23	231	1.24e-10	58.5
POOCHKCC_00731	MER0005238	29.839	124	69	4	216	336	50	158	3.12e-10	57.8
POOCHKCC_00731	MER0001911	32.331	133	72	5	216	343	21	140	8.52e-10	55.8
POOCHKCC_00731	MER0011464	25.210	238	146	8	209	431	21	241	1.42e-09	55.5
POOCHKCC_00731	MER0037181	33.333	102	61	2	245	345	76	171	1.81e-09	55.5
POOCHKCC_00731	MER0002104	29.907	107	63	3	216	319	50	147	4.92e-09	53.9
POOCHKCC_00731	MER0011462	29.310	116	75	2	245	360	60	168	6.35e-09	53.5
POOCHKCC_00731	MER0011487	26.368	201	122	7	245	433	60	246	1.74e-08	52.0
POOCHKCC_00731	MER0005152	32.632	95	53	2	227	318	53	139	2.22e-08	52.0
POOCHKCC_00731	MER0038831	19.831	237	164	6	209	433	24	246	1.58e-07	49.3
POOCHKCC_00731	MER0044627	33.898	118	65	5	234	340	1	116	1.74e-07	48.1
POOCHKCC_00731	MER0015691	27.027	111	69	3	233	339	52	154	3.35e-07	48.1
POOCHKCC_00731	MER0029965	32.432	74	49	1	268	341	78	150	3.52e-06	45.1
POOCHKCC_00731	MER0038822	23.383	201	128	7	245	433	22	208	8.10e-06	43.5
POOCHKCC_00789	MER0000485	47.234	235	123	1	117	350	1	235	2.69e-74	228
POOCHKCC_00789	MER0000495	44.269	253	124	3	117	356	1	249	2.42e-67	210
POOCHKCC_00789	MER0003442	49.462	186	90	2	168	350	37	221	2.50e-58	186
POOCHKCC_00789	MER0011057	48.925	186	91	2	168	350	37	221	1.35e-56	181
POOCHKCC_00789	MER0011056	45.408	196	104	1	158	350	26	221	1.68e-56	181
POOCHKCC_00789	MER0003443	45.026	191	100	2	157	342	30	220	1.05e-53	174
POOCHKCC_00789	MER0014970	35.125	279	136	2	117	350	1	279	2.82e-53	175
POOCHKCC_00789	MER0000488	40.948	232	131	2	117	345	1	229	9.38e-52	169
POOCHKCC_00789	MER0004236	45.977	174	92	1	174	347	87	258	9.17e-48	159
POOCHKCC_00789	MER0000496	32.759	290	136	4	117	347	1	290	1.30e-43	150
POOCHKCC_00789	MER0005837	39.189	222	114	4	118	322	2	219	5.84e-43	147
POOCHKCC_00789	MER0108906	38.750	240	132	4	117	350	1	231	6.02e-43	146
POOCHKCC_00789	MER0017402	34.946	186	109	4	170	350	23	201	2.33e-20	85.5
POOCHKCC_00789	MER0026213	31.169	154	99	2	203	354	111	259	1.15e-19	84.3
POOCHKCC_00789	MER0003859	30.968	155	100	2	197	351	79	226	3.10e-16	74.3
POOCHKCC_00789	MER0003359	30.909	165	93	6	175	325	45	202	8.38e-12	61.2
POOCHKCC_00789	MER0017403	37.374	99	56	1	213	311	75	167	2.72e-08	50.8
POOCHKCC_00791	MER0019280	31.864	295	162	11	165	447	27	294	8.69e-28	110
POOCHKCC_00791	MER0000310	29.870	308	167	10	153	454	8	272	8.86e-25	100
POOCHKCC_00791	MER0001521	29.836	305	172	9	153	454	8	273	2.86e-24	99.4
POOCHKCC_00791	MER0000313	29.836	305	172	9	153	454	8	273	3.24e-24	99.4
POOCHKCC_00791	MER0001755	29.508	305	173	9	153	454	8	273	9.29e-24	98.2
POOCHKCC_00791	MER0001699	30.314	287	153	12	153	434	8	252	1.38e-22	94.7
POOCHKCC_00791	MER0004123	28.525	305	169	10	160	437	30	312	4.80e-22	94.4
POOCHKCC_00791	MER0001523	28.525	305	176	9	153	454	8	273	4.05e-21	90.5
POOCHKCC_00791	MER0000312	28.525	305	176	9	153	454	8	273	4.05e-21	90.5
POOCHKCC_00791	MER0003536	29.787	282	157	9	165	433	27	280	1.28e-20	89.4
POOCHKCC_00791	MER0000309	29.276	304	174	9	153	454	8	272	9.62e-19	83.6
POOCHKCC_00791	MER0175622	27.931	290	164	12	161	435	21	280	2.21e-17	79.7
POOCHKCC_00791	MER0030016	29.825	285	149	14	165	434	29	277	3.40e-17	79.0
POOCHKCC_00791	MER0042897	30.104	289	156	9	153	434	8	257	3.72e-17	79.0
POOCHKCC_00791	MER0067924	28.378	296	164	11	162	434	6	276	1.36e-16	77.0
POOCHKCC_00791	MER0002500	25.967	362	205	15	149	471	66	403	1.81e-16	78.2
POOCHKCC_00791	MER0077555	30.072	276	147	13	164	434	19	253	2.46e-16	76.3
POOCHKCC_00791	MER0161312	28.877	374	176	18	148	459	1	346	4.27e-16	76.6
POOCHKCC_00791	MER0004988	25.145	346	194	11	120	458	1	288	6.04e-16	75.5
POOCHKCC_00791	MER0016688	27.609	297	160	12	165	434	27	295	2.00e-15	74.3
POOCHKCC_00791	MER0001520	26.797	306	174	11	153	454	8	267	4.55e-15	72.4
POOCHKCC_00791	MER0000351	27.500	280	151	10	166	417	31	286	6.38e-15	72.4
POOCHKCC_00791	MER0000315	26.797	306	174	11	153	454	8	267	7.05e-15	72.0
POOCHKCC_00791	MER0000311	26.059	307	181	10	153	454	8	273	7.28e-15	72.0
POOCHKCC_00791	MER0001906	26.797	306	174	11	153	454	8	267	7.74e-15	71.6
POOCHKCC_00791	MER0000316	27.742	310	166	13	153	454	7	266	1.14e-14	71.2
POOCHKCC_00791	MER0000321	27.018	285	162	11	165	434	99	352	2.77e-14	71.2
POOCHKCC_00791	MER0013656	26.599	297	161	11	153	441	7	254	9.61e-14	68.6
POOCHKCC_00791	MER0000319	26.174	298	164	11	165	453	27	277	1.17e-13	68.6
POOCHKCC_00791	MER0014446	28.311	219	126	7	223	431	197	394	2.76e-13	68.6
POOCHKCC_00791	MER0028258	28.693	352	171	15	145	431	7	343	6.45e-13	67.0
POOCHKCC_00791	MER0000332	28.235	255	149	8	199	450	42	265	1.79e-12	64.7
POOCHKCC_00791	MER0001928	28.378	296	160	14	164	454	19	267	3.20e-12	63.9
POOCHKCC_00791	MER0000353	26.471	272	146	10	166	409	82	327	4.56e-12	64.3
POOCHKCC_00791	MER0000349	24.375	320	173	13	160	432	64	361	4.82e-12	64.3
POOCHKCC_00791	MER0002267	26.425	193	112	6	268	456	118	284	7.22e-11	60.1
POOCHKCC_00791	MER0114485	24.688	320	184	10	150	416	12	327	7.61e-11	60.8
POOCHKCC_00791	MER0002565	24.898	245	149	8	205	445	91	304	8.18e-11	60.5
POOCHKCC_00791	MER0005790	27.551	196	116	5	222	412	93	267	1.53e-09	55.8
POOCHKCC_00791	MER0000347	27.757	263	150	12	206	447	104	347	2.11e-09	56.6
POOCHKCC_00791	MER0081072	24.815	270	164	9	167	435	18	249	2.41e-09	55.1
POOCHKCC_00791	MER0068994	27.966	236	124	12	162	366	28	248	3.54e-09	55.5
POOCHKCC_00791	MER0016978	27.586	261	142	12	220	454	75	314	4.94e-09	54.7
POOCHKCC_00791	MER0004085	23.488	281	179	8	168	434	50	308	1.26e-08	53.5
POOCHKCC_00791	MER0016991	28.061	196	99	8	303	462	144	333	1.48e-08	53.5
POOCHKCC_00791	MER0002575	27.711	249	145	8	205	447	51	270	2.48e-08	52.4
POOCHKCC_00791	MER0050309	27.670	206	123	7	211	414	39	220	3.41e-08	52.8
POOCHKCC_00791	MER0000338	33.077	130	79	3	305	434	139	260	7.30e-08	50.8
POOCHKCC_00791	MER0000320	24.911	281	145	13	153	414	8	241	8.04e-08	50.8
POOCHKCC_00791	MER0022415	35.455	110	65	4	321	428	165	270	1.03e-07	51.2
POOCHKCC_00791	MER0000358	32.143	112	65	4	306	414	141	244	2.41e-07	49.7
POOCHKCC_00791	MER0002562	28.188	149	91	4	320	456	208	352	2.67e-07	49.7
POOCHKCC_00791	MER0000344	27.830	212	121	8	207	410	66	253	4.46e-07	48.5
POOCHKCC_00791	MER0013641	25.758	330	199	14	153	454	16	327	4.98e-07	48.9
POOCHKCC_00791	MER0014744	25.633	316	174	14	168	453	50	334	5.94e-07	48.5
POOCHKCC_00791	MER0000359	26.147	218	119	7	223	430	89	274	9.65e-07	47.4
POOCHKCC_00791	MER0002739	26.446	121	80	3	317	435	210	323	1.23e-06	47.8
POOCHKCC_00791	MER0016983	27.189	217	101	9	223	414	71	255	2.25e-06	46.6
POOCHKCC_00791	MER0015424	28.859	149	80	6	336	459	242	389	2.26e-06	47.0
POOCHKCC_00791	MER0003020	22.222	279	148	7	167	414	224	464	2.68e-06	46.6
POOCHKCC_00791	MER0000335	29.496	139	86	4	305	440	136	265	3.98e-06	45.4
POOCHKCC_00791	MER0000356	32.110	109	64	3	305	411	161	261	4.72e-06	45.8
POOCHKCC_00805	MER0042827	57.732	97	41	0	989	1085	1	97	2.28e-31	115
POOCHKCC_00825	MER0069741	46.957	115	59	2	182	296	51	163	7.19e-30	108
POOCHKCC_00825	MER0003380	46.729	107	56	1	190	296	127	232	2.01e-23	94.0
POOCHKCC_00825	MER0013541	49.425	87	43	1	201	287	1	86	1.47e-19	79.0
POOCHKCC_00825	MER0001419	39.450	109	65	1	178	285	9	117	9.83e-19	78.6
POOCHKCC_00825	MER0003423	37.383	107	66	1	180	285	11	117	2.77e-18	77.0
POOCHKCC_00825	MER0003906	43.956	91	48	2	201	289	1	90	1.06e-17	74.3
POOCHKCC_00825	MER0003376	41.667	96	50	1	201	290	45	140	3.87e-17	74.7
POOCHKCC_00825	MER0015415	31.967	122	73	1	175	286	28	149	1.22e-15	70.5
POOCHKCC_00825	MER0387040	37.374	99	60	2	201	298	1	98	2.33e-11	57.0
POOCHKCC_00825	MER0066182	37.374	99	60	2	201	298	92	189	1.23e-10	57.0
POOCHKCC_00825	MER0001282	37.705	61	30	2	235	287	113	173	5.36e-06	43.1
POOCHKCC_00843	MER0037236	26.587	252	163	6	13	243	11	261	6.42e-22	88.6
POOCHKCC_00843	MER0004146	26.070	257	159	9	13	243	10	261	5.17e-16	72.4
POOCHKCC_00843	MER0031611	21.569	255	171	7	17	245	35	286	9.39e-14	66.2
POOCHKCC_00843	MER0036076	24.380	242	152	10	22	243	63	293	2.41e-11	59.3
POOCHKCC_00843	MER0036054	22.568	257	161	8	20	239	15	270	7.44e-11	57.8
POOCHKCC_00843	MER0036074	23.144	229	133	7	56	250	166	385	5.56e-10	55.8
POOCHKCC_00843	MER0036066	21.633	245	163	9	22	242	1	240	7.90e-10	54.7
POOCHKCC_00843	MER0035973	22.764	246	163	8	15	242	50	286	1.60e-09	53.9
POOCHKCC_00843	MER0043008	23.137	255	163	8	17	246	16	262	1.84e-08	50.8
POOCHKCC_00843	MER0036068	21.224	245	167	9	22	243	54	295	2.90e-08	50.4
POOCHKCC_00843	MER0031614	20.482	249	163	8	21	246	83	319	1.05e-07	48.9
POOCHKCC_00843	MER0031610	21.622	259	161	11	21	249	54	300	1.01e-06	45.8
POOCHKCC_00843	MER0036073	26.506	166	104	4	91	242	154	315	1.24e-06	45.4
POOCHKCC_00843	MER0036065	20.561	214	134	5	55	242	52	255	1.72e-06	44.7
POOCHKCC_00843	MER0036059	32.759	58	39	0	184	241	293	350	5.71e-06	43.5
POOCHKCC_00848	MER0001243	38.889	72	44	0	2	73	178	249	1.43e-14	63.9
POOCHKCC_00848	MER0001342	38.356	73	45	0	1	73	175	247	1.55e-11	55.5
POOCHKCC_00848	MER0013589	36.986	73	45	1	1	73	171	242	1.20e-10	53.1
POOCHKCC_00848	MER0015128	37.037	54	34	0	20	73	194	247	6.63e-10	50.8
POOCHKCC_00848	MER0015127	34.247	73	47	1	1	73	175	246	3.09e-09	49.3
POOCHKCC_00848	MER0005690	30.137	73	50	1	1	73	175	246	3.96e-09	48.9
POOCHKCC_00848	MER0013929	39.623	53	32	0	21	73	194	246	3.04e-08	46.2
POOCHKCC_00855	MER0045094	39.474	190	107	5	3	188	14	199	2.76e-46	149
POOCHKCC_00855	MER0044622	37.173	191	112	5	3	188	28	215	5.43e-43	141
POOCHKCC_00855	MER0043394	40.625	160	91	2	30	187	5	162	4.05e-39	129
POOCHKCC_00855	MER0044882	40.964	166	92	5	29	188	6	171	1.72e-38	127
POOCHKCC_00855	MER0043392	40.580	138	77	4	46	183	22	154	3.09e-28	101
POOCHKCC_00855	MER0045095	28.571	210	127	5	1	187	15	224	3.88e-23	90.1
POOCHKCC_00855	MER0043195	30.392	204	116	7	4	186	8	206	5.49e-21	84.3
POOCHKCC_00855	MER0044619	26.943	193	129	7	1	187	8	194	1.90e-19	79.7
POOCHKCC_00855	MER0043537	25.668	187	129	5	3	186	2	181	6.50e-16	69.3
POOCHKCC_00855	MER0038086	27.273	121	80	3	72	187	106	223	1.54e-10	55.5
POOCHKCC_00855	MER0042974	23.529	170	96	7	37	187	26	180	1.32e-09	52.4
POOCHKCC_00855	MER0044889	28.571	154	88	5	43	187	59	199	2.13e-09	52.4
POOCHKCC_00855	MER0045886	25.424	118	84	2	73	190	83	196	2.94e-09	51.6
POOCHKCC_00855	MER0043387	27.703	148	96	6	43	187	26	165	9.30e-09	49.7
POOCHKCC_00855	MER0115185	26.667	135	89	3	45	177	8	134	1.09e-08	48.9
POOCHKCC_00855	MER0045945	27.922	154	90	7	45	190	73	213	3.07e-08	48.9
POOCHKCC_00855	MER0044812	22.603	146	103	3	45	188	98	235	9.61e-08	47.4
POOCHKCC_00855	MER0436691	29.104	134	81	5	44	172	101	225	2.90e-07	46.2
POOCHKCC_00904	MER0014135	42.537	268	154	0	183	450	1	268	4.44e-80	246
POOCHKCC_00904	MER0003359	27.273	88	59	2	365	451	139	222	6.62e-07	47.0
POOCHKCC_00915	MER0001161	40.088	681	394	7	2	673	3	678	1.71e-164	485
POOCHKCC_00915	MER0001158	38.938	678	407	6	1	673	2	677	1.07e-160	475
POOCHKCC_00915	MER0006087	36.738	705	397	17	2	674	12	699	8.35e-143	430
POOCHKCC_00915	MER0015119	35.635	724	401	19	2	674	8	717	4.47e-136	413
POOCHKCC_00915	MER0001149	31.505	638	408	12	48	673	56	676	7.63e-92	296
POOCHKCC_00915	MER0108144	29.830	647	420	11	48	673	29	662	7.68e-91	293
POOCHKCC_00915	MER0001942	31.177	603	390	10	81	673	89	676	4.30e-87	284
POOCHKCC_00915	MER0001153	31.498	654	405	15	48	673	54	692	7.89e-82	270
POOCHKCC_00915	MER0003110	28.959	701	428	16	30	673	28	715	3.10e-81	269
POOCHKCC_00915	MER0079465	29.260	622	401	18	76	673	28	634	6.16e-71	239
POOCHKCC_00915	MER0015170	26.040	553	367	12	125	668	106	625	3.23e-59	207
POOCHKCC_00915	MER0001156	31.954	435	241	14	261	650	260	684	2.56e-46	172
POOCHKCC_00915	MER0021317	36.364	66	42	0	437	502	22	87	1.51e-08	49.3
POOCHKCC_00994	MER0005767	32.692	156	95	4	210	359	154	305	6.75e-16	74.7
POOCHKCC_01073	MER0002251	44.635	233	123	4	2	231	1	230	2.15e-63	194
POOCHKCC_01073	MER0001335	37.500	232	138	4	3	231	2	229	1.73e-52	166
POOCHKCC_01134	MER0015475	30.168	179	103	7	22	186	24	194	4.30e-13	62.4
POOCHKCC_01159	MER0065588	44.898	196	105	3	1	193	1	196	7.58e-58	177
POOCHKCC_01159	MER0043387	30.827	133	75	5	62	191	47	165	2.50e-10	54.3
POOCHKCC_01159	MER0038086	25.954	131	77	4	69	191	105	223	6.13e-08	48.1
POOCHKCC_01210	MER0069741	43.158	95	52	2	355	449	70	162	2.80e-20	84.7
POOCHKCC_01210	MER0003380	43.158	95	53	1	355	449	138	231	3.01e-20	86.7
POOCHKCC_01210	MER0003376	35.507	138	71	6	324	450	12	142	3.18e-17	75.9
POOCHKCC_01210	MER0003906	35.849	106	61	3	355	454	1	105	4.01e-16	70.9
POOCHKCC_01210	MER0005300	39.362	94	56	1	360	453	70	162	9.96e-16	71.6
POOCHKCC_01210	MER0013541	38.372	86	52	1	355	440	1	85	2.45e-14	65.5
POOCHKCC_01210	MER0003423	37.931	87	51	2	355	439	32	117	3.67e-14	66.6
POOCHKCC_01210	MER0001419	37.931	87	51	2	355	439	32	117	2.15e-13	64.3
POOCHKCC_01210	MER0387040	28.713	101	70	2	355	454	1	100	4.58e-10	53.5
POOCHKCC_01210	MER0015415	29.730	111	67	5	337	440	43	149	8.30e-10	54.7
POOCHKCC_01210	MER0066182	28.713	101	70	2	355	454	92	191	1.39e-08	51.6
POOCHKCC_01221	MER0017177	27.731	119	83	2	12	127	24	142	8.91e-15	69.7
POOCHKCC_01221	MER0036053	30.357	112	78	0	18	129	4	115	2.18e-13	65.1
POOCHKCC_01221	MER0031616	27.586	145	93	4	21	153	38	182	1.69e-11	60.1
POOCHKCC_01221	MER0036115	29.358	109	75	1	20	126	33	141	2.24e-11	59.7
POOCHKCC_01221	MER0044581	32.231	121	71	4	4	117	57	173	4.03e-11	59.3
POOCHKCC_01221	MER0026339	33.333	123	78	3	1	119	1	123	5.41e-11	58.2
POOCHKCC_01221	MER0011785	29.197	137	88	4	7	135	21	156	1.79e-10	57.0
POOCHKCC_01221	MER0017193	34.783	92	59	1	6	96	9	100	2.37e-10	56.6
POOCHKCC_01221	MER0014065	27.132	129	82	3	23	142	35	160	4.14e-10	56.2
POOCHKCC_01221	MER0011509	26.667	135	94	2	8	138	24	157	5.58e-10	55.5
POOCHKCC_01221	MER0037236	31.405	121	68	3	7	117	4	119	6.64e-10	55.1
POOCHKCC_01221	MER0036054	30.769	104	70	2	17	118	11	114	8.37e-10	54.7
POOCHKCC_01221	MER0004146	34.483	116	70	3	8	117	4	119	1.51e-09	53.9
POOCHKCC_01221	MER0031617	24.468	188	122	6	4	182	12	188	1.56e-09	54.3
POOCHKCC_01221	MER0036084	21.032	252	179	7	18	254	14	260	3.09e-09	53.1
POOCHKCC_01221	MER0031619	27.731	119	84	1	5	121	11	129	7.16e-09	52.4
POOCHKCC_01221	MER0044578	31.373	102	63	2	23	117	74	175	7.24e-09	52.4
POOCHKCC_01221	MER0035044	28.090	89	62	1	22	108	33	121	1.15e-08	51.6
POOCHKCC_01221	MER0017142	33.929	112	68	4	11	121	2	108	1.32e-08	51.2
POOCHKCC_01221	MER0031611	29.630	108	65	3	17	117	34	137	1.95e-08	50.8
POOCHKCC_01221	MER0035038	26.087	92	66	1	22	111	30	121	4.07e-08	50.1
POOCHKCC_01221	MER0213280	27.174	92	65	1	22	111	30	121	4.94e-08	49.7
POOCHKCC_01221	MER0036057	24.686	239	154	9	23	245	63	291	1.39e-07	48.5
POOCHKCC_01221	MER0035032	27.174	92	65	1	22	111	31	122	1.52e-07	48.1
POOCHKCC_01221	MER0036074	27.586	145	70	4	12	121	77	221	2.69e-07	47.8
POOCHKCC_01221	MER0031610	27.742	155	99	5	21	172	53	197	2.93e-07	47.4
POOCHKCC_01221	MER0035043	29.213	89	61	1	22	108	35	123	2.99e-07	47.4
POOCHKCC_01221	MER0036072	23.308	133	84	2	16	130	74	206	3.53e-07	47.4
POOCHKCC_01221	MER0036075	28.319	113	77	3	9	117	57	169	6.57e-07	46.6
POOCHKCC_01221	MER0035973	25.778	225	155	6	15	233	49	267	1.09e-06	45.4
POOCHKCC_01221	MER0031618	28.467	137	87	6	13	140	25	159	1.34e-06	45.4
POOCHKCC_01221	MER0042914	41.071	56	32	1	64	118	93	148	1.56e-06	45.1
POOCHKCC_01221	MER0035035	26.882	93	64	2	22	111	35	126	2.43e-06	44.7
POOCHKCC_01221	MER0025512	35.821	67	42	1	78	144	106	171	2.52e-06	44.7
POOCHKCC_01221	MER0044900	30.128	156	89	7	24	169	96	241	4.21e-06	43.9
POOCHKCC_01221	MER0036069	32.222	90	57	2	19	104	77	166	5.69e-06	43.5
POOCHKCC_01221	MER0044350	23.958	96	70	1	22	114	1	96	8.93e-06	42.7
POOCHKCC_01223	MER0001244	38.433	268	142	6	191	442	2	262	1.56e-56	185
POOCHKCC_01223	MER0013463	36.742	264	148	5	191	441	2	259	9.27e-50	167
POOCHKCC_01223	MER0001733	28.467	274	155	3	192	424	3	276	1.74e-37	135
POOCHKCC_01223	MER0028601	31.481	270	159	10	192	441	3	266	5.56e-36	130
POOCHKCC_01223	MER0004931	31.381	239	138	5	191	425	2	218	4.17e-33	122
POOCHKCC_01223	MER0005462	32.773	238	134	5	191	424	2	217	4.14e-32	119
POOCHKCC_01223	MER0004532	32.231	242	127	7	191	423	2	215	4.85e-32	119
POOCHKCC_01223	MER0001248	30.677	251	124	7	238	442	7	253	3.25e-29	112
POOCHKCC_01223	MER0005715	29.762	252	141	7	190	435	1	222	2.77e-25	100
POOCHKCC_01223	MER0001250	25.979	281	151	8	192	423	3	275	8.61e-16	74.3
POOCHKCC_01223	MER0002038	26.432	227	125	11	213	428	28	223	3.01e-13	65.9
POOCHKCC_01223	MER0016544	28.302	212	112	9	244	440	81	267	3.64e-12	63.5
POOCHKCC_01223	MER0004321	27.232	224	121	13	222	429	38	235	1.27e-11	61.6
POOCHKCC_01223	MER0002039	28.125	192	106	8	245	427	62	230	3.97e-10	57.0
POOCHKCC_01223	MER0016542	28.723	188	97	10	252	426	91	254	1.57e-09	55.5
POOCHKCC_01300	MER0003798	28.526	312	203	10	64	363	98	401	6.60e-25	102
POOCHKCC_01300	MER0001273	35.028	177	94	6	5	170	10	176	8.71e-21	88.2
POOCHKCC_01300	MER0369972	36.264	182	99	7	5	177	3	176	1.59e-19	86.7
POOCHKCC_01300	MER0001271	25.877	228	148	6	64	277	75	295	6.38e-14	69.3
POOCHKCC_01300	MER0003397	25.743	202	119	6	2	173	18	218	1.06e-12	65.1
POOCHKCC_01300	MER0238460	24.768	323	218	10	64	374	95	404	7.28e-11	60.1
POOCHKCC_01300	MER0026485	33.913	115	64	4	27	130	47	160	2.91e-09	54.7
POOCHKCC_01300	MER0001272	33.636	110	69	3	64	170	61	169	1.94e-08	51.6
POOCHKCC_01300	MER0026494	33.333	129	77	5	66	186	96	223	2.74e-07	48.9
POOCHKCC_01300	MER0028025	27.811	169	101	8	6	169	15	167	2.39e-06	45.4
POOCHKCC_01300	MER0033183	35.227	88	53	3	65	149	83	169	2.52e-06	45.4
POOCHKCC_01300	MER0001361	31.405	121	72	4	59	176	77	189	9.97e-06	44.3
POOCHKCC_01337	MER0004469	22.368	228	148	6	10	216	10	229	6.85e-16	75.9
POOCHKCC_01337	MER0004469	25.000	196	121	6	234	408	162	352	2.18e-07	49.7
POOCHKCC_01337	MER0004480	32.075	159	90	6	11	165	1	145	4.43e-12	63.5
POOCHKCC_01337	MER0004468	26.957	230	148	7	221	444	203	418	6.47e-12	63.9
POOCHKCC_01337	MER0004468	27.966	118	78	3	80	193	147	261	3.26e-08	52.4
POOCHKCC_01337	MER0897124	27.615	239	149	9	212	444	198	418	1.57e-10	59.3
POOCHKCC_01337	MER0897124	28.421	95	65	1	80	174	147	238	5.67e-08	51.6
POOCHKCC_01337	MER0004474	30.508	118	69	5	14	130	89	194	7.03e-09	53.9
POOCHKCC_01337	MER0004471	31.481	108	65	4	14	120	95	194	4.13e-07	48.5
POOCHKCC_01347	MER0026213	27.778	126	82	3	51	170	136	258	2.64e-07	48.9
POOCHKCC_01360	MER0015472	31.655	139	92	1	40	175	41	179	5.08e-17	73.2
POOCHKCC_01360	MER0015473	31.724	145	87	3	44	176	37	181	1.97e-13	63.5
POOCHKCC_01360	MER0048181	32.168	143	81	2	44	171	1	142	7.72e-13	60.5
POOCHKCC_01360	MER0030047	30.435	138	84	4	47	177	1	133	1.76e-09	51.2
POOCHKCC_01360	MER0015462	37.234	94	55	2	36	127	40	131	4.61e-09	51.2
POOCHKCC_01360	MER0017405	30.435	115	72	2	4	118	12	118	5.07e-08	48.1
POOCHKCC_01360	MER0035036	29.412	136	94	2	44	177	88	223	6.34e-08	48.5
POOCHKCC_01360	MER0015632	24.434	221	141	7	8	213	8	217	2.32e-07	46.6
POOCHKCC_01360	MER0015458	27.083	192	115	5	37	207	45	232	6.02e-07	45.4
POOCHKCC_01360	MER0015459	28.571	147	95	3	36	182	42	178	1.66e-06	44.3
POOCHKCC_01360	MER0015452	30.270	185	101	7	38	199	45	224	8.13e-06	42.4
POOCHKCC_01392	MER0001299	34.965	143	93	0	1	143	377	519	6.52e-24	94.7
POOCHKCC_01392	MER0011114	36.290	124	71	2	1	119	252	372	1.36e-18	79.0
POOCHKCC_01392	MER0321345	38.393	112	68	1	2	112	69	180	7.86e-18	74.3
POOCHKCC_01392	MER0003812	38.393	112	68	1	2	112	69	180	2.95e-17	72.8
POOCHKCC_01392	MER0013957	30.088	113	72	2	5	113	70	179	4.81e-12	58.9
POOCHKCC_01392	MER0044046	29.508	122	78	3	1	118	66	183	1.43e-08	49.3
POOCHKCC_01409	MER0035017	26.190	420	241	16	619	996	2	394	1.19e-29	119
POOCHKCC_01409	MER0004090	29.551	379	209	15	634	983	24	373	1.30e-26	110
POOCHKCC_01409	MER0003800	26.777	422	260	14	608	1003	6	404	1.12e-24	104
POOCHKCC_01409	MER0011700	24.866	374	228	18	624	973	3	347	5.46e-11	62.4
POOCHKCC_01409	MER0026262	30.909	110	75	1	619	728	2	110	8.58e-10	58.5
POOCHKCC_01409	MER0006204	26.724	116	80	2	619	730	6	120	1.24e-09	58.2
POOCHKCC_01409	MER0354941	24.664	223	124	8	627	831	1	197	2.13e-07	49.3
POOCHKCC_01409	MER0140154	31.183	93	60	2	633	722	1	92	6.35e-06	46.2
POOCHKCC_01419	MER0044357	29.545	220	126	6	10	204	36	251	6.25e-22	92.8
POOCHKCC_01419	MER0044357	34.211	114	68	3	214	325	341	449	6.40e-09	53.5
POOCHKCC_01434	MER0069741	32.331	133	61	5	46	178	64	167	5.45e-10	55.5
POOCHKCC_01434	MER0015415	26.241	141	77	3	29	169	43	156	1.10e-07	48.9
POOCHKCC_01460	MER0168983	27.160	162	98	6	279	435	1	147	1.92e-11	59.7
POOCHKCC_01460	MER0001017	25.221	226	137	8	248	454	10	222	1.59e-08	52.4
POOCHKCC_01460	MER0011345	23.188	138	92	2	331	454	84	221	4.65e-08	51.2
POOCHKCC_01460	MER0168177	25.625	160	85	5	279	425	1	139	5.15e-08	49.7
POOCHKCC_01460	MER0005045	31.313	99	61	3	267	362	6	100	3.39e-07	47.8
POOCHKCC_01460	MER0012271	24.286	140	89	5	332	455	86	224	8.18e-07	47.4
POOCHKCC_01460	MER0002658	27.206	136	83	3	334	454	1	135	1.56e-06	45.1
POOCHKCC_01460	MER0002060	26.178	191	122	7	244	420	1	186	1.61e-06	46.2
POOCHKCC_01460	MER0019754	25.926	189	119	8	270	441	3	187	6.76e-06	43.9
POOCHKCC_01460	MER0036308	38.298	47	29	0	331	377	82	128	7.47e-06	44.3
POOCHKCC_01475	MER0000410	59.643	280	111	1	413	692	2	279	9.72e-120	356
POOCHKCC_01475	MER0011872	39.630	270	160	2	431	697	18	287	1.91e-64	212
POOCHKCC_01475	MER0082498	40.283	283	145	6	431	689	1	283	7.77e-64	210
POOCHKCC_01475	MER0005694	32.234	273	178	3	426	694	13	282	7.99e-45	159
POOCHKCC_01475	MER0004227	32.727	220	147	1	432	650	25	244	9.70e-37	137
POOCHKCC_01475	MER0000392	30.325	277	176	5	425	689	2	273	3.82e-36	134
POOCHKCC_01475	MER0015621	28.188	298	190	5	414	692	1	293	1.08e-35	134
POOCHKCC_01475	MER0079308	30.566	265	173	6	430	689	7	265	2.28e-34	129
POOCHKCC_01475	MER0022823	30.147	272	180	6	425	689	2	270	3.32e-33	126
POOCHKCC_01475	MER0082653	34.375	224	130	8	442	650	18	239	3.89e-32	123
POOCHKCC_01475	MER0002490	27.437	277	179	5	414	672	1	273	6.34e-31	120
POOCHKCC_01475	MER0011450	28.364	275	183	6	425	689	2	272	1.74e-30	118
POOCHKCC_01475	MER0003229	29.562	274	167	6	426	689	11	268	1.25e-28	112
POOCHKCC_01475	MER0325901	30.741	270	177	7	426	689	1	266	2.19e-28	112
POOCHKCC_01475	MER0981959	28.511	235	155	3	426	650	2	233	6.76e-27	107
POOCHKCC_01475	MER0000398	28.736	261	166	6	431	690	5	246	2.20e-25	102
POOCHKCC_01494	MER0001295	50.794	189	73	6	389	569	2	178	2.17e-53	179
POOCHKCC_01494	MER0001425	37.126	167	96	3	401	566	10	168	2.88e-26	103
POOCHKCC_01494	MER0003065	38.690	168	91	5	400	566	6	162	1.71e-25	100
POOCHKCC_01494	MER0003514	35.714	168	98	4	400	567	6	163	1.99e-24	97.4
POOCHKCC_01494	MER0004196	35.260	173	95	6	401	569	10	169	1.16e-21	89.7
POOCHKCC_01494	MER0003413	30.612	147	94	2	421	567	26	164	3.03e-21	88.6
POOCHKCC_01494	MER0001297	32.402	179	102	5	388	565	1	161	1.01e-20	87.0
POOCHKCC_01494	MER0015684	33.742	163	92	6	413	570	18	169	1.16e-19	84.0
POOCHKCC_01494	MER0005714	29.032	186	108	5	390	567	3	172	1.48e-17	78.2
POOCHKCC_01494	MER0004195	33.537	164	91	5	408	566	13	163	1.53e-17	77.8
POOCHKCC_01532	MER0036036	24.171	211	133	7	3	207	64	253	1.32e-09	53.5
POOCHKCC_01532	MER0045479	25.743	202	117	9	3	196	64	240	9.38e-09	50.8
POOCHKCC_01532	MER0031565	25.000	200	121	8	3	196	64	240	3.31e-08	49.3
POOCHKCC_01532	MER0033259	25.850	147	94	5	57	191	100	243	4.56e-06	43.1
POOCHKCC_01565	MER0012158	30.392	204	91	5	3	156	135	337	7.13e-19	84.7
POOCHKCC_01565	MER0003327	42.157	102	56	2	3	104	114	212	9.34e-18	79.3
POOCHKCC_01565	MER0185695	38.462	104	61	2	3	106	121	221	1.07e-14	70.1
