ELGLIHDP_00031	MER0003338	52.066	121	58	0	182	302	1	121	1.58e-38	130
ELGLIHDP_00031	MER0003303	49.600	125	60	2	182	306	1	122	2.14e-34	119
ELGLIHDP_00031	MER0013976	50.400	125	59	2	182	306	1	122	1.40e-32	114
ELGLIHDP_00031	MER0017622	28.458	253	151	6	25	252	1	248	4.56e-24	95.9
ELGLIHDP_00031	MER0003336	38.372	86	52	1	182	267	1	85	5.00e-14	65.5
ELGLIHDP_00031	MER0034967	27.717	184	104	5	86	241	1	183	1.04e-13	65.9
ELGLIHDP_00031	MER0016969	33.333	78	46	1	182	253	1	78	4.21e-09	52.0
ELGLIHDP_00031	MER0003299	39.474	76	43	1	182	257	1	73	5.55e-08	48.1
ELGLIHDP_00031	MER0011465	35.000	60	39	0	182	241	1	60	1.92e-06	43.9
ELGLIHDP_00050	MER0003380	40.206	97	57	1	182	278	136	231	6.38e-19	80.9
ELGLIHDP_00050	MER0003376	37.500	128	60	6	172	282	33	157	1.19e-17	75.5
ELGLIHDP_00050	MER0005300	36.885	122	72	2	165	282	42	162	3.31e-16	71.6
ELGLIHDP_00050	MER0001419	40.426	94	45	3	181	268	29	117	1.45e-14	66.6
ELGLIHDP_00050	MER0003423	40.000	95	46	3	180	268	28	117	2.52e-14	65.9
ELGLIHDP_00050	MER0013541	42.045	88	46	3	184	269	1	85	3.17e-14	63.9
ELGLIHDP_00050	MER0069741	33.684	95	61	2	184	278	70	162	8.07e-13	62.4
ELGLIHDP_00050	MER0003906	36.782	87	52	2	184	268	1	86	2.76e-12	59.3
ELGLIHDP_00050	MER0387040	33.663	101	63	3	184	282	1	99	7.95e-11	55.1
ELGLIHDP_00050	MER0066182	32.692	104	66	3	181	282	89	190	2.14e-10	55.8
ELGLIHDP_00050	MER0015415	35.238	105	63	3	169	269	46	149	3.83e-10	54.7
ELGLIHDP_00063	MER0091680	26.923	156	108	4	36	191	69	218	3.92e-08	50.4
ELGLIHDP_00063	MER0001009	21.769	147	110	2	39	185	20	161	1.27e-07	48.5
ELGLIHDP_00063	MER0001013	25.481	208	108	10	9	195	62	243	2.40e-06	45.1
ELGLIHDP_00063	MER0005328	26.220	164	88	7	9	159	50	193	5.30e-06	43.5
ELGLIHDP_00095	MER0003817	28.333	180	89	5	44	220	7	149	1.36e-07	51.2
ELGLIHDP_00095	MER0004964	29.091	165	74	4	69	230	32	156	1.74e-06	46.2
ELGLIHDP_00096	MER0000332	47.594	187	80	6	210	395	64	233	1.64e-36	132
ELGLIHDP_00096	MER0002565	39.316	234	115	8	178	409	81	289	2.75e-32	123
ELGLIHDP_00096	MER0017009	34.553	246	138	9	186	415	89	327	2.41e-28	111
ELGLIHDP_00096	MER0017009	41.667	84	42	3	52	128	22	105	1.11e-08	53.5
ELGLIHDP_00096	MER0001928	37.619	210	110	8	205	412	57	247	1.15e-27	108
ELGLIHDP_00096	MER0028365	38.667	225	112	10	196	409	112	321	1.41e-27	110
ELGLIHDP_00096	MER0028365	41.176	68	38	2	60	127	47	112	8.42e-08	50.8
ELGLIHDP_00096	MER0001709	29.397	398	174	15	45	420	3	315	2.00e-27	108
ELGLIHDP_00096	MER0002575	37.209	215	112	9	206	415	67	263	4.37e-27	107
ELGLIHDP_00096	MER0002057	34.646	254	120	9	198	409	90	339	1.42e-26	107
ELGLIHDP_00096	MER0077555	36.364	209	107	7	208	409	60	249	3.12e-26	104
ELGLIHDP_00096	MER0000362	28.338	367	164	15	76	420	26	315	7.14e-26	104
ELGLIHDP_00096	MER0000361	29.839	372	163	14	60	410	17	311	9.91e-26	104
ELGLIHDP_00096	MER0000310	35.437	206	118	6	202	406	55	246	1.21e-25	102
ELGLIHDP_00096	MER0000316	37.624	202	107	7	206	406	57	240	1.36e-25	102
ELGLIHDP_00096	MER0000315	35.648	216	120	8	204	418	56	253	2.01e-25	102
ELGLIHDP_00096	MER0000333	43.316	187	88	5	210	395	64	233	3.07e-25	101
ELGLIHDP_00096	MER0001520	37.255	204	109	8	204	406	56	241	4.25e-25	100
ELGLIHDP_00096	MER0001906	35.185	216	121	8	204	418	56	253	1.17e-24	99.8
ELGLIHDP_00096	MER0016978	37.168	226	103	9	209	409	77	288	1.61e-24	100
ELGLIHDP_00096	MER0001521	35.468	203	116	6	205	406	59	247	3.48e-24	98.6
ELGLIHDP_00096	MER0000313	35.468	203	116	6	205	406	59	247	4.23e-24	98.2
ELGLIHDP_00096	MER0001699	37.745	204	100	8	210	406	62	245	4.68e-24	98.2
ELGLIHDP_00096	MER0062058	34.752	282	147	8	180	447	24	282	4.95e-24	100
ELGLIHDP_00096	MER0062058	53.061	49	23	0	80	128	1	49	3.78e-11	61.6
ELGLIHDP_00096	MER0001755	35.468	203	116	6	205	406	59	247	1.06e-23	97.1
ELGLIHDP_00096	MER0054318	41.146	192	103	7	206	395	63	246	1.65e-23	97.4
ELGLIHDP_00096	MER0001523	35.096	208	110	8	205	406	59	247	5.43e-23	95.1
ELGLIHDP_00096	MER0000312	35.096	208	110	8	205	406	59	247	5.43e-23	95.1
ELGLIHDP_00096	MER0005821	32.035	231	128	10	201	418	77	291	8.55e-23	97.4
ELGLIHDP_00096	MER0161312	35.857	251	122	11	196	409	78	326	2.18e-22	95.1
ELGLIHDP_00096	MER0002562	30.303	363	151	16	74	409	39	326	2.86e-22	94.7
ELGLIHDP_00096	MER0013656	34.466	206	116	5	205	409	56	243	1.11e-21	91.3
ELGLIHDP_00096	MER0016697	29.462	353	143	13	74	397	24	299	4.50e-21	90.9
ELGLIHDP_00096	MER0000309	36.000	200	109	7	210	406	63	246	7.02e-21	89.0
ELGLIHDP_00096	MER0000320	35.979	189	106	8	210	396	69	244	8.46e-21	89.4
ELGLIHDP_00096	MER0000311	36.150	213	121	6	205	416	59	257	1.97e-20	87.8
ELGLIHDP_00096	MER0155676	28.297	364	179	14	79	413	42	352	4.12e-20	88.6
ELGLIHDP_00096	MER0000349	29.924	264	147	10	195	431	128	380	8.76e-20	87.8
ELGLIHDP_00096	MER0003536	33.628	226	111	8	210	412	71	280	9.08e-20	86.7
ELGLIHDP_00096	MER0000319	34.884	215	118	7	205	414	64	261	1.10e-19	85.9
ELGLIHDP_00096	MER0000321	32.889	225	117	9	206	416	151	355	1.27e-19	86.7
ELGLIHDP_00096	MER0001725	34.975	203	114	7	196	395	85	272	2.54e-19	85.5
ELGLIHDP_00096	MER0006023	32.727	220	117	5	210	412	102	307	2.76e-19	85.5
ELGLIHDP_00096	MER0042897	39.810	211	107	8	206	412	62	256	1.07e-18	82.8
ELGLIHDP_00096	MER0004690	30.268	261	146	9	178	414	63	311	1.64e-18	83.6
ELGLIHDP_00096	MER0004690	46.875	64	33	1	69	131	27	90	2.04e-10	58.9
ELGLIHDP_00096	MER0016983	34.842	221	101	11	199	397	60	259	2.19e-18	82.4
ELGLIHDP_00096	MER0030016	31.579	247	133	10	174	412	58	276	5.10e-18	80.9
ELGLIHDP_00096	MER0006074	33.884	242	127	11	183	412	55	275	5.33e-18	81.3
ELGLIHDP_00096	MER0000326	33.333	216	117	8	198	410	61	252	8.01e-18	80.9
ELGLIHDP_00096	MER0002516	33.019	212	114	8	204	410	76	264	1.76e-17	79.3
ELGLIHDP_00096	MER0000356	33.068	251	115	10	190	410	66	293	4.56e-17	79.3
ELGLIHDP_00096	MER0002267	33.663	202	112	7	210	407	71	254	5.60e-17	77.8
ELGLIHDP_00096	MER0003117	32.103	271	133	13	164	415	31	269	9.37e-17	77.4
ELGLIHDP_00096	MER0005859	29.856	278	133	13	187	419	216	476	1.30e-16	78.6
ELGLIHDP_00096	MER0081072	33.488	215	119	8	205	415	56	250	1.94e-16	75.9
ELGLIHDP_00096	MER0019280	32.883	222	124	8	206	412	69	280	1.95e-16	76.6
ELGLIHDP_00096	MER0005931	34.466	206	118	5	204	407	26	216	4.39e-16	74.7
ELGLIHDP_00096	MER0000358	28.947	266	142	11	166	406	16	259	9.96e-16	75.1
ELGLIHDP_00096	MER0000338	30.182	275	134	12	161	415	26	262	1.13e-15	73.9
ELGLIHDP_00096	MER0005078	32.558	215	113	9	188	393	57	248	1.39e-15	73.9
ELGLIHDP_00096	MER0014744	32.143	224	133	9	190	398	72	291	2.58e-15	73.6
ELGLIHDP_00096	MER0004085	32.569	218	116	8	210	407	96	302	4.69e-15	72.8
ELGLIHDP_00096	MER0016688	29.104	268	143	9	206	446	70	317	5.05e-15	72.8
ELGLIHDP_00096	MER0114485	29.515	227	110	10	210	393	106	325	1.17e-14	72.0
ELGLIHDP_00096	MER0000359	33.333	219	114	10	205	414	84	279	1.51e-14	70.9
ELGLIHDP_00096	MER0014446	27.249	378	195	16	72	411	56	391	2.15e-14	71.6
ELGLIHDP_00096	MER0000357	35.749	207	91	10	210	401	77	256	3.21e-14	70.1
ELGLIHDP_00096	MER0000335	30.000	220	122	8	204	415	63	258	6.08e-14	68.9
ELGLIHDP_00096	MER0002500	32.836	201	116	7	208	393	155	351	6.64e-14	70.1
ELGLIHDP_00096	MER0050309	33.333	195	104	8	209	395	46	222	1.10e-13	69.3
ELGLIHDP_00096	MER0000389	29.961	257	131	10	208	427	75	319	3.61e-13	67.4
ELGLIHDP_00096	MER0004720	27.907	215	124	7	210	416	73	264	8.14e-13	65.5
ELGLIHDP_00096	MER0004123	27.839	273	142	11	174	409	51	305	8.23e-13	65.9
ELGLIHDP_00096	MER0014300	28.517	263	120	10	208	419	77	322	8.60e-13	66.2
ELGLIHDP_00096	MER0068994	30.204	245	100	11	210	393	109	343	9.36e-13	66.2
ELGLIHDP_00096	MER0002790	34.171	199	119	7	210	398	1	197	1.25e-12	64.3
ELGLIHDP_00096	MER0000351	25.904	332	155	10	75	394	32	284	1.53e-12	64.7
ELGLIHDP_00096	MER0000336	28.854	253	133	12	174	415	53	269	1.60e-12	64.7
ELGLIHDP_00096	MER0000344	30.986	213	109	10	210	408	88	276	1.66e-12	64.7
ELGLIHDP_00096	MER0005790	30.808	198	103	6	208	392	92	268	3.30e-12	63.5
ELGLIHDP_00096	MER0002764	34.466	206	107	9	192	391	70	253	3.62e-12	63.9
ELGLIHDP_00096	MER0028258	31.250	240	126	9	209	409	103	342	5.83e-12	63.9
ELGLIHDP_00096	MER0000348	28.384	229	112	6	209	392	87	308	8.10e-12	63.2
ELGLIHDP_00096	MER0013641	26.271	236	140	9	207	417	80	306	8.71e-12	63.5
ELGLIHDP_00096	MER0055027	31.731	208	100	11	207	396	70	253	1.02e-11	63.2
ELGLIHDP_00096	MER0000328	33.166	199	98	10	210	395	72	248	3.16e-11	60.8
ELGLIHDP_00096	MER0016991	31.034	232	121	9	196	399	64	284	3.57e-11	61.2
ELGLIHDP_00096	MER0005712	25.969	258	141	8	205	412	83	340	4.28e-11	61.2
ELGLIHDP_00096	MER0000329	29.085	306	124	14	178	409	48	334	4.93e-11	60.8
ELGLIHDP_00096	MER0006037	29.218	243	137	9	179	409	45	264	5.94e-11	60.1
ELGLIHDP_00096	MER0000325	31.455	213	116	10	205	411	65	253	8.22e-11	60.1
ELGLIHDP_00096	MER0000353	25.000	328	149	9	75	388	83	327	1.15e-10	59.3
ELGLIHDP_00096	MER0037258	29.258	229	139	8	210	420	80	303	1.46e-10	58.9
ELGLIHDP_00096	MER0003020	28.627	255	107	10	206	395	222	466	1.49e-10	59.7
ELGLIHDP_00096	MER0014085	22.392	393	202	15	76	416	3	344	2.24e-10	58.9
ELGLIHDP_00096	MER0047718	26.289	388	148	17	63	393	3	309	3.24e-10	58.2
ELGLIHDP_00096	MER0000347	28.085	235	143	10	206	423	115	340	5.74e-10	58.2
ELGLIHDP_00096	MER0022415	25.692	253	151	11	176	415	50	278	7.46e-10	57.4
ELGLIHDP_00096	MER0015431	25.000	268	147	11	204	417	80	347	9.65e-10	57.0
ELGLIHDP_00096	MER0000364	29.412	238	132	10	206	424	66	286	1.02e-09	56.2
ELGLIHDP_00096	MER0087792	27.273	253	149	8	196	417	80	328	1.09e-09	56.6
ELGLIHDP_00096	MER0002739	28.102	274	135	12	209	445	97	345	1.77e-09	56.2
ELGLIHDP_00096	MER0006297	27.848	237	121	11	209	410	264	485	1.85e-09	56.2
ELGLIHDP_00096	MER0016986	27.490	251	128	10	208	411	88	331	3.51e-09	55.1
ELGLIHDP_00096	MER0050310	27.706	231	134	10	210	428	102	311	3.99e-09	55.1
ELGLIHDP_00096	MER0003122	25.581	301	163	11	204	446	83	380	4.11e-09	55.1
ELGLIHDP_00096	MER0001454	24.183	306	162	10	179	419	34	334	1.59e-08	53.1
ELGLIHDP_00096	MER0001368	23.322	283	139	11	205	423	80	348	3.98e-08	52.0
ELGLIHDP_00096	MER0000350	26.996	263	130	12	210	423	90	339	5.41e-08	51.2
ELGLIHDP_00096	MER0080418	31.293	147	78	7	286	419	207	343	5.73e-08	51.2
ELGLIHDP_00096	MER0000340	30.000	220	125	9	210	416	74	277	1.00e-07	50.1
ELGLIHDP_00096	MER0004988	30.244	205	108	9	210	399	71	255	1.45e-07	49.7
ELGLIHDP_00096	MER0015428	25.095	263	139	11	202	412	77	333	1.63e-07	50.1
ELGLIHDP_00096	MER0025143	30.189	159	84	6	210	361	71	209	4.04e-07	48.5
ELGLIHDP_00096	MER0003256	41.026	78	36	5	285	361	134	202	5.62e-07	47.8
ELGLIHDP_00096	MER0001467	23.448	290	159	10	193	419	54	343	6.29e-07	48.1
ELGLIHDP_00096	MER0014309	24.667	300	166	9	179	418	34	333	1.60e-06	46.6
ELGLIHDP_00096	MER0024902	27.706	231	143	7	204	418	91	313	1.86e-06	46.2
ELGLIHDP_00096	MER0004641	24.818	274	140	9	205	412	81	354	2.18e-06	46.6
ELGLIHDP_00096	MER0014325	35.514	107	43	4	346	430	247	349	3.88e-06	45.4
ELGLIHDP_00096	MER0004516	26.087	253	146	9	201	412	74	326	4.09e-06	45.4
ELGLIHDP_00096	MER0067924	25.738	237	124	10	206	411	59	274	4.20e-06	45.1
ELGLIHDP_00096	MER0005710	32.927	82	42	2	345	413	353	434	4.55e-06	45.4
ELGLIHDP_00096	MER0001603	25.681	257	165	9	176	420	36	278	4.82e-06	45.1
ELGLIHDP_00096	MER0005774	31.395	86	46	2	345	417	346	431	4.89e-06	45.4
ELGLIHDP_00101	MER0005767	23.592	284	178	9	56	335	29	277	6.97e-09	53.5
ELGLIHDP_00127	MER0028025	51.829	164	76	2	5	167	7	168	9.46e-51	166
ELGLIHDP_00127	MER0028025	50.000	80	40	0	275	354	169	248	7.07e-18	79.0
ELGLIHDP_00127	MER0001272	26.347	167	108	5	11	166	6	168	2.19e-14	69.3
ELGLIHDP_00127	MER0003798	23.885	314	200	10	65	341	97	408	4.75e-14	69.7
ELGLIHDP_00127	MER0001273	29.412	170	101	5	11	165	9	174	5.62e-11	59.3
ELGLIHDP_00127	MER0038758	23.955	359	246	11	8	352	6	351	1.54e-10	58.5
ELGLIHDP_00127	MER0002655	21.970	264	180	9	1	248	1	254	4.32e-07	48.1
ELGLIHDP_00127	MER0001266	25.907	193	124	9	65	248	84	266	6.56e-07	47.4
ELGLIHDP_00127	MER0238460	22.172	221	159	5	51	260	80	298	7.19e-07	47.4
ELGLIHDP_00127	MER0003775	25.714	175	115	7	9	170	18	190	8.80e-07	46.6
ELGLIHDP_00127	MER0017385	25.000	160	106	5	12	170	8	154	1.10e-06	46.2
ELGLIHDP_00127	MER0001271	21.622	222	152	9	65	264	74	295	2.80e-06	45.4
ELGLIHDP_00135	MER0026545	37.821	156	80	4	1	150	121	265	1.60e-30	108
ELGLIHDP_00135	MER0026552	35.211	142	80	3	1	142	29	158	1.09e-23	88.6
ELGLIHDP_00135	MER0026496	32.051	156	102	3	1	152	115	270	8.56e-22	85.9
ELGLIHDP_00135	MER0042387	28.571	161	101	5	1	159	35	183	2.39e-17	72.0
ELGLIHDP_00135	MER0031491	25.625	160	103	5	3	153	37	189	3.97e-13	61.2
ELGLIHDP_00135	MER0002642	27.333	150	102	4	1	150	29	171	3.38e-12	58.2
ELGLIHDP_00135	MER0002639	26.846	149	96	5	1	146	29	167	2.46e-11	56.2
ELGLIHDP_00145	MER0003327	39.834	241	135	6	2	239	1	234	2.01e-53	179
ELGLIHDP_00145	MER0012158	33.234	337	153	10	2	267	1	336	6.52e-48	168
ELGLIHDP_00145	MER0185695	36.889	225	130	4	2	218	1	221	8.11e-42	147
ELGLIHDP_00145	MER0003350	40.291	206	101	6	2	185	1	206	2.00e-38	137
ELGLIHDP_00145	MER0003322	37.379	206	104	6	2	182	1	206	5.76e-33	122
ELGLIHDP_00145	MER0004101	29.651	172	110	6	2	168	1	166	2.12e-15	73.2
ELGLIHDP_00145	MER0011806	29.070	172	111	6	2	168	1	166	1.63e-14	70.5
ELGLIHDP_00145	MER0011781	28.824	170	113	4	2	168	1	165	4.26e-14	69.3
ELGLIHDP_00145	MER0003314	31.034	145	86	6	2	133	1	144	1.68e-11	62.0
ELGLIHDP_00148	MER0003558	23.077	221	125	7	29	209	2	217	9.19e-07	46.2
ELGLIHDP_00200	MER0005244	36.612	183	116	0	252	434	1	183	4.60e-37	132
ELGLIHDP_00200	MER0005241	30.918	207	130	5	254	447	3	209	6.01e-21	88.6
ELGLIHDP_00200	MER0001284	30.233	129	78	2	256	372	36	164	1.12e-12	64.7
ELGLIHDP_00200	MER0004514	34.066	91	49	2	256	338	36	123	6.64e-11	59.3
ELGLIHDP_00200	MER0002104	30.769	130	79	3	255	373	66	195	1.71e-09	55.5
ELGLIHDP_00200	MER0005149	35.227	88	55	1	249	334	58	145	9.26e-09	53.5
ELGLIHDP_00200	MER0001911	27.737	137	95	2	253	389	38	170	3.16e-08	51.2
ELGLIHDP_00200	MER0005131	29.670	91	53	2	250	329	32	122	3.66e-08	51.2
ELGLIHDP_00200	MER0005238	34.884	86	51	2	252	334	63	146	4.59e-08	51.2
ELGLIHDP_00200	MER0100667	35.165	91	54	2	254	341	22	110	6.50e-08	50.1
ELGLIHDP_00200	MER0037181	25.641	234	137	9	240	446	50	273	3.03e-07	48.5
ELGLIHDP_00200	MER0002161	31.818	88	59	1	245	332	55	141	4.18e-07	48.1
ELGLIHDP_00200	MER0015691	35.366	82	48	2	256	334	53	132	7.06e-07	47.4
ELGLIHDP_00200	MER0001288	33.333	81	49	3	253	332	20	96	3.50e-06	45.1
ELGLIHDP_00200	MER0015336	32.927	82	50	2	256	334	62	141	6.06e-06	44.3
ELGLIHDP_00209	MER0000485	41.949	236	135	2	570	803	1	236	8.14e-58	194
ELGLIHDP_00209	MER0000495	42.213	244	129	3	570	802	1	243	3.41e-56	190
ELGLIHDP_00209	MER0014970	37.143	280	130	4	570	803	1	280	4.38e-53	183
ELGLIHDP_00209	MER0000488	38.095	231	142	1	570	799	1	231	6.85e-49	169
ELGLIHDP_00209	MER0003443	44.330	194	102	2	607	794	27	220	2.92e-48	167
ELGLIHDP_00209	MER0003442	49.112	169	83	1	627	792	43	211	4.78e-48	167
ELGLIHDP_00209	MER0004236	47.486	179	92	1	622	800	83	259	2.98e-47	166
ELGLIHDP_00209	MER0011057	42.233	206	113	3	602	802	17	221	4.56e-47	164
ELGLIHDP_00209	MER0011056	41.593	226	121	4	582	802	2	221	6.90e-47	163
ELGLIHDP_00209	MER0005837	35.600	250	143	4	571	804	2	249	1.96e-39	143
ELGLIHDP_00209	MER0000496	35.379	277	119	4	570	786	1	277	1.71e-38	142
ELGLIHDP_00209	MER0108906	37.712	236	139	3	570	802	1	231	6.50e-37	135
ELGLIHDP_00209	MER0026213	32.432	148	93	2	655	800	111	253	1.19e-20	89.4
ELGLIHDP_00209	MER0017402	30.488	164	103	3	617	775	18	175	3.54e-16	75.5
ELGLIHDP_00209	MER0003859	31.915	188	115	6	620	802	46	225	4.73e-15	72.4
ELGLIHDP_00209	MER0003359	27.717	184	123	5	627	803	45	225	6.37e-11	60.1
ELGLIHDP_00209	MER0017403	31.313	99	66	2	708	804	112	210	1.81e-08	52.8
ELGLIHDP_00209	MER0000491	26.667	120	85	1	665	784	5	121	2.59e-07	48.9
ELGLIHDP_00213	MER0001185	24.409	127	86	4	933	1052	87	210	4.01e-07	49.3
ELGLIHDP_00215	MER0078640	37.363	364	198	7	12	362	1	347	1.23e-69	219
ELGLIHDP_00215	MER0060647	35.054	368	206	7	12	363	1	351	3.09e-68	216
ELGLIHDP_00215	MER0044812	40.574	244	125	5	138	367	1	238	3.84e-55	178
ELGLIHDP_00215	MER0043540	39.556	225	131	3	144	367	5	225	1.45e-49	163
ELGLIHDP_00215	MER0436691	34.545	275	136	4	93	363	7	241	3.29e-46	155
ELGLIHDP_00215	MER0115185	52.899	138	63	1	223	360	7	142	9.67e-44	145
ELGLIHDP_00215	MER0045945	40.556	180	104	3	184	363	34	210	4.88e-43	146
ELGLIHDP_00215	MER0046161	37.443	219	118	4	163	367	33	246	1.39e-37	133
ELGLIHDP_00215	MER0043195	27.607	163	84	6	224	362	54	206	1.18e-06	46.2
ELGLIHDP_00215	MER0043387	27.215	158	102	5	197	348	1	151	8.27e-06	42.7
ELGLIHDP_00241	MER0000410	57.244	283	119	1	279	561	1	281	1.45e-117	347
ELGLIHDP_00241	MER0011872	38.672	256	154	2	307	559	27	282	3.27e-63	206
ELGLIHDP_00241	MER0082498	37.809	283	152	6	298	556	1	283	9.61e-60	197
ELGLIHDP_00241	MER0005694	31.752	274	175	3	293	561	13	279	1.18e-43	154
ELGLIHDP_00241	MER0079308	32.677	254	164	5	306	556	16	265	5.37e-39	141
ELGLIHDP_00241	MER0022823	31.365	271	176	6	293	556	3	270	8.44e-37	135
ELGLIHDP_00241	MER0000392	30.545	275	176	6	293	556	3	273	2.03e-35	131
ELGLIHDP_00241	MER0015621	26.689	296	195	5	282	560	4	294	9.03e-35	130
ELGLIHDP_00241	MER0004227	35.821	201	128	1	305	504	31	231	2.03e-33	126
ELGLIHDP_00241	MER0002490	27.273	308	190	8	281	561	3	303	6.75e-33	125
ELGLIHDP_00241	MER0082653	31.855	248	148	8	309	536	18	264	6.90e-33	124
ELGLIHDP_00241	MER0011450	29.457	258	166	6	293	539	3	255	4.15e-32	122
ELGLIHDP_00241	MER0981959	28.571	287	184	5	292	561	1	283	4.16e-32	122
ELGLIHDP_00241	MER0003229	30.827	266	174	5	293	556	11	268	4.55e-30	116
ELGLIHDP_00241	MER0325901	30.112	269	180	6	293	556	1	266	7.77e-28	109
ELGLIHDP_00241	MER0000398	29.258	229	151	4	333	560	36	254	1.15e-24	100
ELGLIHDP_00241	MER0005807	23.265	245	175	6	292	536	26	257	7.16e-07	47.8
ELGLIHDP_00241	MER0001920	22.897	214	151	5	331	537	20	226	5.36e-06	45.1
ELGLIHDP_00245	MER0000410	56.294	286	123	1	399	684	1	284	5.56e-116	346
ELGLIHDP_00245	MER0011872	41.445	263	151	2	418	677	18	280	2.59e-66	217
ELGLIHDP_00245	MER0082498	40.659	273	140	5	425	675	10	282	1.13e-59	199
ELGLIHDP_00245	MER0005694	33.984	256	157	3	409	659	9	257	8.89e-45	159
ELGLIHDP_00245	MER0079308	36.194	268	164	5	411	675	1	264	4.63e-42	150
ELGLIHDP_00245	MER0000392	33.088	272	169	4	415	676	5	273	1.22e-39	144
ELGLIHDP_00245	MER0015621	31.293	294	182	5	407	683	7	297	4.20e-39	143
ELGLIHDP_00245	MER0022823	32.967	273	173	6	411	676	1	270	1.20e-37	138
ELGLIHDP_00245	MER0004227	34.599	237	147	2	422	657	28	257	8.44e-37	137
ELGLIHDP_00245	MER0002490	31.502	273	165	6	407	662	7	274	3.88e-36	135
ELGLIHDP_00245	MER0011450	33.591	259	158	6	411	659	1	255	9.39e-36	133
ELGLIHDP_00245	MER0082653	35.217	230	134	7	422	637	11	239	1.35e-35	132
ELGLIHDP_00245	MER0981959	29.643	280	176	5	413	675	2	277	3.90e-33	125
ELGLIHDP_00245	MER0003229	30.797	276	181	5	403	676	1	268	2.54e-32	123
ELGLIHDP_00245	MER0325901	31.387	274	173	8	417	680	5	273	3.22e-31	120
ELGLIHDP_00245	MER0000398	29.150	247	160	5	415	660	2	234	1.51e-26	106
ELGLIHDP_00245	MER0018170	30.081	123	80	2	446	565	21	140	4.57e-07	48.5
ELGLIHDP_00246	MER0167712	22.400	250	178	4	22	260	30	274	1.80e-19	86.3
ELGLIHDP_00256	MER0005331	24.762	210	143	5	246	442	2	209	2.58e-13	66.2
ELGLIHDP_00256	MER0168983	26.012	173	109	7	274	442	1	158	5.68e-12	61.2
ELGLIHDP_00256	MER0002968	24.272	206	137	6	253	442	12	214	1.06e-10	58.5
ELGLIHDP_00256	MER0168177	29.870	154	75	7	274	414	1	134	9.94e-10	54.7
ELGLIHDP_00256	MER0001013	23.611	216	138	6	249	448	17	221	4.63e-09	53.9
ELGLIHDP_00256	MER0011440	22.843	197	133	6	263	444	18	210	1.46e-08	52.4
ELGLIHDP_00256	MER0002755	25.962	208	121	9	252	439	8	202	4.10e-08	50.4
ELGLIHDP_00256	MER0002060	22.513	191	127	8	246	420	7	192	1.41e-07	49.3
ELGLIHDP_00256	MER0005045	25.258	194	126	7	264	442	8	197	1.76e-07	48.5
ELGLIHDP_00256	MER0019754	26.455	189	117	6	265	435	3	187	1.91e-07	48.5
ELGLIHDP_00256	MER0001017	25.792	221	134	9	259	461	26	234	2.42e-07	48.9
ELGLIHDP_00256	MER0012283	25.180	139	91	3	250	386	17	144	2.80e-07	48.5
ELGLIHDP_00256	MER0011438	22.652	181	121	6	263	428	18	194	4.85e-07	47.8
ELGLIHDP_00256	MER0005046	25.134	187	113	7	264	431	8	186	6.14e-07	47.0
ELGLIHDP_00256	MER0006264	23.370	184	124	7	273	442	1	181	8.49e-07	46.6
ELGLIHDP_00256	MER0019730	26.606	109	68	3	256	362	21	119	9.15e-07	47.4
ELGLIHDP_00256	MER0091680	26.289	194	123	8	264	442	11	199	1.02e-06	46.6
ELGLIHDP_00256	MER0001701	31.373	102	56	2	278	367	12	111	1.11e-06	46.6
ELGLIHDP_00256	MER0004243	25.455	165	93	5	296	442	63	215	1.22e-06	46.6
ELGLIHDP_00256	MER0002746	21.910	178	123	6	253	416	9	184	2.25e-06	45.8
ELGLIHDP_00256	MER0011720	28.704	108	67	2	251	357	12	110	3.32e-06	45.1
ELGLIHDP_00256	MER0011423	34.375	96	46	4	277	357	23	116	4.67e-06	44.7
ELGLIHDP_00256	MER0036308	28.455	123	71	4	252	370	17	126	4.71e-06	45.1
ELGLIHDP_00256	MER0012271	20.874	206	134	7	262	449	30	224	4.96e-06	45.1
ELGLIHDP_00256	MER0000997	27.273	110	65	3	326	420	85	194	5.77e-06	44.3
ELGLIHDP_00261	MER0001423	36.486	222	130	6	555	775	2	213	2.72e-32	122
ELGLIHDP_00261	MER0013484	31.696	224	148	3	552	775	1	219	3.10e-30	116
ELGLIHDP_00261	MER0005994	33.198	247	142	8	537	775	10	241	4.05e-27	108
ELGLIHDP_00261	MER0011413	27.897	233	155	4	552	780	1	224	4.09e-25	102
ELGLIHDP_00261	MER0004921	28.319	226	152	4	552	776	1	217	1.39e-24	100
ELGLIHDP_00261	MER0058228	27.935	247	170	4	549	794	1	240	9.26e-24	98.2
ELGLIHDP_00261	MER0005196	31.330	233	149	6	544	775	11	233	4.34e-23	96.3
ELGLIHDP_00261	MER0004923	27.556	225	158	3	551	775	51	270	1.93e-22	95.5
ELGLIHDP_00261	MER0192427	30.242	248	146	6	537	776	49	277	7.25e-21	90.5
ELGLIHDP_00261	MER0000399	25.681	257	156	6	538	781	9	243	4.05e-16	76.3
ELGLIHDP_00261	MER0004199	27.426	237	157	5	562	796	1	224	3.04e-15	72.8
ELGLIHDP_00261	MER0000404	30.357	224	140	8	540	758	11	223	1.35e-14	71.6
ELGLIHDP_00261	MER0000401	27.119	236	150	7	555	783	26	246	7.07e-13	66.6
ELGLIHDP_00261	MER0005987	25.000	240	163	7	562	796	35	262	2.41e-12	65.1
ELGLIHDP_00261	MER0011305	26.250	240	159	7	552	785	17	244	3.22e-11	61.6
ELGLIHDP_00261	MER0011231	25.620	242	164	7	559	796	32	261	4.11e-11	61.2
ELGLIHDP_00261	MER0003361	26.695	236	147	12	557	785	21	237	4.15e-11	60.8
ELGLIHDP_00261	MER0004504	26.636	214	133	6	558	762	2	200	1.76e-10	58.9
ELGLIHDP_00261	MER0000403	22.134	253	171	7	555	796	25	262	1.77e-10	59.3
ELGLIHDP_00261	MER0034615	26.180	233	140	10	558	775	13	228	1.65e-09	56.2
ELGLIHDP_00261	MER0195666	24.490	245	166	9	558	794	4	237	2.56e-09	55.5
ELGLIHDP_00261	MER0000405	28.365	208	128	7	558	758	35	228	2.36e-08	52.8
ELGLIHDP_00261	MER0004193	24.473	237	162	8	554	787	2	224	6.68e-07	48.1
ELGLIHDP_00306	MER0005767	26.888	331	195	8	44	368	16	305	5.11e-33	123
ELGLIHDP_00306	MER0030136	22.604	407	278	15	3	384	1	395	9.19e-20	87.8
ELGLIHDP_00306	MER0015112	22.469	405	285	12	3	384	1	399	1.36e-15	75.1
ELGLIHDP_00306	MER0030151	23.399	406	276	14	3	384	1	395	3.90e-15	73.6
ELGLIHDP_00306	MER0030155	22.716	405	280	14	3	384	1	395	2.89e-14	70.9
ELGLIHDP_00306	MER0030143	19.900	402	295	11	3	384	1	395	2.97e-12	64.7
ELGLIHDP_00367	MER0065554	44.656	262	134	3	282	533	1	261	1.95e-79	247
ELGLIHDP_00367	MER0437468	36.000	350	209	5	198	533	1	349	8.19e-72	230
ELGLIHDP_00367	MER0436717	46.032	189	95	6	347	532	210	394	1.03e-43	157
ELGLIHDP_00367	MER0436717	38.168	131	73	2	198	320	1	131	2.58e-17	80.9
ELGLIHDP_00386	MER0069741	46.154	117	61	2	183	299	50	164	3.82e-30	109
ELGLIHDP_00386	MER0003380	44.828	116	62	2	184	298	118	232	3.13e-24	95.9
ELGLIHDP_00386	MER0013541	44.318	88	46	2	203	289	1	86	1.84e-19	78.6
ELGLIHDP_00386	MER0015415	34.884	129	69	4	176	298	46	165	2.13e-16	72.8
ELGLIHDP_00386	MER0003376	35.714	112	58	3	203	300	45	156	3.44e-15	69.3
ELGLIHDP_00386	MER0387040	38.235	102	61	2	203	303	1	101	5.45e-14	64.3
ELGLIHDP_00386	MER0003906	33.333	105	63	3	203	301	1	104	8.32e-14	63.9
ELGLIHDP_00386	MER0001419	39.216	102	59	2	188	287	17	117	1.07e-13	64.7
ELGLIHDP_00386	MER0066182	34.921	126	78	3	179	303	70	192	1.94e-13	65.1
ELGLIHDP_00386	MER0003423	36.792	106	64	2	188	291	17	121	3.97e-13	62.8
ELGLIHDP_00386	MER0005300	31.959	97	65	1	204	300	66	161	9.64e-09	50.8
ELGLIHDP_00386	MER0001282	34.831	89	44	4	216	296	98	180	1.29e-06	45.1
ELGLIHDP_00398	MER0005169	33.239	352	214	6	12	355	5	343	1.83e-56	185
ELGLIHDP_00398	MER0013829	31.627	332	210	8	13	337	6	327	1.10e-47	162
ELGLIHDP_00398	MER0005472	31.737	334	212	6	12	344	5	323	8.39e-40	140
ELGLIHDP_00398	MER0004410	29.395	347	224	9	12	348	5	340	1.60e-39	140
ELGLIHDP_00398	MER0002046	30.671	313	190	11	42	348	35	326	4.96e-33	122
ELGLIHDP_00398	MER0002043	26.420	352	233	8	4	344	9	345	8.34e-31	117
ELGLIHDP_00398	MER0005160	26.409	337	229	9	11	344	4	324	8.45e-27	105
ELGLIHDP_00398	MER0002040	28.521	284	179	10	64	336	59	329	3.24e-22	93.2
ELGLIHDP_00398	MER0022215	25.439	342	229	10	11	344	3	326	4.58e-21	89.7
ELGLIHDP_00398	MER0025084	21.777	349	245	12	9	345	2	334	1.45e-08	52.4
ELGLIHDP_00399	MER0030934	30.469	128	73	3	73	200	16	127	2.82e-08	51.6
ELGLIHDP_00399	MER0078925	25.114	219	132	7	73	289	14	202	2.94e-07	48.5
ELGLIHDP_00399	MER0037852	27.228	202	117	6	73	264	14	195	6.29e-07	47.4
ELGLIHDP_00399	MER0034727	32.061	131	65	6	73	200	14	123	8.31e-07	47.0
ELGLIHDP_00399	MER0078701	30.827	133	67	6	73	201	14	125	2.15e-06	45.4
ELGLIHDP_00399	MER0034726	31.298	131	66	6	73	200	14	123	2.47e-06	45.4
ELGLIHDP_00399	MER0029616	27.419	124	75	3	78	201	5	113	3.65e-06	45.1
ELGLIHDP_00399	MER0034728	29.771	131	68	5	73	200	14	123	4.40e-06	44.7
ELGLIHDP_00399	MER0034742	30.469	128	67	4	73	198	14	121	5.20e-06	44.3
ELGLIHDP_00399	MER0034745	29.008	131	69	5	73	200	14	123	5.40e-06	44.3
ELGLIHDP_00399	MER0034744	30.534	131	67	5	73	200	14	123	7.76e-06	43.9
ELGLIHDP_00399	MER0077889	29.008	131	69	5	73	200	13	122	7.77e-06	43.9
ELGLIHDP_00405	MER0045886	42.982	228	127	3	1	226	10	236	9.19e-56	183
ELGLIHDP_00405	MER0044889	37.118	229	137	5	3	227	17	242	4.30e-39	139
ELGLIHDP_00405	MER0038086	36.607	224	127	4	5	213	29	252	2.87e-34	126
ELGLIHDP_00405	MER0436735	30.916	262	142	7	3	226	2	262	5.57e-32	120
ELGLIHDP_00405	MER0042974	34.375	192	115	5	12	194	1	190	6.17e-30	112
ELGLIHDP_00405	MER0043537	34.973	183	112	4	5	183	2	181	3.27e-29	110
ELGLIHDP_00405	MER0043387	37.430	179	106	5	20	195	1	176	2.34e-27	105
ELGLIHDP_00405	MER0045094	31.061	132	84	3	55	184	72	198	1.18e-10	58.5
ELGLIHDP_00405	MER0043394	28.814	118	81	2	69	184	46	162	1.66e-08	50.8
ELGLIHDP_00405	MER0043475	27.143	140	91	3	40	169	56	194	2.71e-07	48.5
ELGLIHDP_00405	MER0044882	27.419	124	83	3	73	189	52	175	2.92e-07	47.8
ELGLIHDP_00405	MER0044622	30.328	122	80	3	66	184	95	214	5.24e-07	47.8
ELGLIHDP_00435	MER0004925	57.471	261	110	1	540	799	1	261	1.83e-106	324
ELGLIHDP_00435	MER0014827	56.705	261	112	1	540	799	1	261	3.58e-103	315
ELGLIHDP_00435	MER0034615	27.347	245	142	11	551	777	2	228	1.64e-13	68.2
ELGLIHDP_00435	MER0126485	29.268	164	89	4	643	789	74	227	1.41e-12	65.1
ELGLIHDP_00435	MER0003558	23.256	258	157	9	548	785	11	247	9.16e-12	63.2
ELGLIHDP_00435	MER0017401	30.534	131	74	5	660	779	96	220	4.01e-11	60.8
ELGLIHDP_00435	MER0015682	24.180	244	159	8	559	792	73	300	5.76e-10	58.2
ELGLIHDP_00435	MER0140224	26.471	204	117	8	610	789	35	229	1.19e-09	56.6
ELGLIHDP_00435	MER0000408	28.313	166	94	7	637	783	78	237	2.21e-08	52.8
ELGLIHDP_00435	MER0005196	27.320	194	118	8	559	743	22	201	2.88e-08	52.4
ELGLIHDP_00435	MER0011583	28.105	153	82	7	648	777	77	224	4.47e-08	52.0
ELGLIHDP_00435	MER0011413	29.412	153	93	5	641	784	80	226	7.36e-08	51.2
ELGLIHDP_00435	MER0000401	30.070	143	85	6	655	788	113	249	6.48e-07	48.5
ELGLIHDP_00435	MER0001920	26.144	153	93	6	650	784	82	232	5.98e-06	45.4
ELGLIHDP_00435	MER0016096	25.000	144	90	4	657	786	97	236	8.40e-06	44.7
ELGLIHDP_00445	MER0044622	41.667	192	100	6	5	187	28	216	4.63e-45	146
ELGLIHDP_00445	MER0045094	39.791	191	105	5	5	188	14	201	1.20e-39	132
ELGLIHDP_00445	MER0043394	42.593	162	88	3	28	185	2	162	9.63e-37	122
ELGLIHDP_00445	MER0043392	38.750	160	91	3	31	185	1	158	2.59e-35	119
ELGLIHDP_00445	MER0044882	40.964	166	89	5	31	187	7	172	2.53e-34	117
ELGLIHDP_00445	MER0043537	29.032	186	126	5	5	187	2	184	9.52e-26	95.1
ELGLIHDP_00445	MER0044619	32.642	193	116	9	4	187	9	196	2.37e-23	90.1
ELGLIHDP_00445	MER0043195	31.068	206	120	5	1	184	1	206	4.89e-23	89.4
ELGLIHDP_00445	MER0045095	33.333	210	113	7	5	187	17	226	1.46e-20	83.2
ELGLIHDP_00445	MER0043387	36.000	150	80	6	43	185	25	165	2.51e-14	64.7
ELGLIHDP_00445	MER0045945	31.788	151	84	4	29	171	56	195	2.83e-12	60.1
ELGLIHDP_00445	MER0044889	29.268	164	101	4	25	185	48	199	1.48e-11	58.2
ELGLIHDP_00445	MER0044812	25.610	164	101	4	17	171	68	219	3.67e-11	57.0
ELGLIHDP_00445	MER0038086	30.405	148	90	5	48	185	79	223	1.97e-10	55.1
ELGLIHDP_00445	MER0042974	29.825	114	75	3	75	185	69	180	5.62e-09	50.4
ELGLIHDP_00445	MER0115185	26.515	132	86	4	44	171	6	130	1.55e-08	48.5
ELGLIHDP_00445	MER0436691	25.698	179	113	7	2	170	57	225	1.92e-08	49.7
ELGLIHDP_00445	MER0043540	24.031	129	92	2	44	171	83	206	4.51e-08	48.1
ELGLIHDP_00445	MER0060647	24.277	173	114	7	4	170	174	335	9.98e-08	47.8
ELGLIHDP_00445	MER0045886	27.523	109	78	1	76	184	85	192	3.61e-07	45.8
ELGLIHDP_00445	MER0436735	24.074	162	88	6	44	170	44	205	6.55e-06	42.0
ELGLIHDP_00462	MER0056525	54.113	231	103	2	406	635	1	229	4.72e-84	261
ELGLIHDP_00462	MER0011748	52.155	232	108	2	406	636	1	230	1.04e-80	253
ELGLIHDP_00462	MER0015609	52.155	232	106	2	406	636	1	228	6.79e-80	251
ELGLIHDP_00462	MER0011224	49.138	232	117	1	406	637	1	231	6.52e-79	249
ELGLIHDP_00462	MER0005496	49.138	232	117	1	406	637	1	231	7.14e-78	246
ELGLIHDP_00462	MER0023544	46.552	232	123	1	406	637	1	231	1.16e-74	238
ELGLIHDP_00462	MER0015195	46.781	233	121	2	406	637	1	231	2.04e-69	224
ELGLIHDP_00462	MER0002605	44.635	233	125	2	406	637	1	230	3.82e-66	215
ELGLIHDP_00462	MER0014306	43.103	232	131	1	406	637	1	231	2.41e-65	213
ELGLIHDP_00462	MER0002600	44.206	233	127	2	406	637	1	231	3.00e-64	209
ELGLIHDP_00462	MER0015194	43.723	231	125	2	407	635	2	229	1.16e-63	208
ELGLIHDP_00462	MER0024898	44.538	238	126	4	406	641	1	234	8.20e-62	204
ELGLIHDP_00462	MER0171760	39.179	268	156	3	371	635	1	264	4.48e-60	199
ELGLIHDP_00462	MER0005466	39.655	232	134	3	407	632	2	233	2.08e-54	182
ELGLIHDP_00462	MER0004454	41.126	231	133	3	406	634	1	230	1.49e-52	179
ELGLIHDP_00462	MER0015199	42.060	233	128	3	406	632	1	232	8.07e-51	174
ELGLIHDP_00462	MER0002602	40.708	226	128	2	407	626	2	227	1.27e-49	171
ELGLIHDP_00462	MER0002563	35.043	234	142	3	407	630	2	235	2.76e-46	161
ELGLIHDP_00462	MER0002408	36.475	244	144	6	406	642	1	240	3.75e-45	158
ELGLIHDP_00462	MER0001620	40.359	223	126	3	406	621	1	223	6.30e-45	158
ELGLIHDP_00462	MER0011745	35.270	241	145	6	406	639	1	237	2.83e-43	153
ELGLIHDP_00462	MER0015197	36.279	215	132	3	418	629	13	225	4.82e-43	152
ELGLIHDP_00462	MER0017637	35.319	235	140	4	407	630	2	235	9.41e-42	148
ELGLIHDP_00462	MER0015193	37.021	235	138	6	406	632	1	233	1.69e-40	145
ELGLIHDP_00462	MER0015137	33.195	241	150	6	406	639	1	237	4.77e-40	144
ELGLIHDP_00462	MER0014324	37.281	228	129	4	406	630	1	217	1.02e-37	137
ELGLIHDP_00462	MER0005755	37.615	218	124	3	407	621	2	210	1.39e-36	133
ELGLIHDP_00462	MER0002608	37.288	236	140	5	407	636	2	235	3.47e-36	134
ELGLIHDP_00462	MER0190577	31.799	239	147	4	406	641	1	226	3.00e-35	130
ELGLIHDP_00462	MER0190705	32.468	231	145	3	407	635	1	222	2.76e-33	124
ELGLIHDP_00462	MER0015690	35.377	212	119	6	406	602	1	209	3.03e-33	125
ELGLIHDP_00462	MER0002197	31.897	232	146	4	406	633	1	224	3.18e-31	119
ELGLIHDP_00462	MER0024900	33.184	223	138	4	407	626	2	216	1.81e-30	117
ELGLIHDP_00462	MER0011120	35.814	215	126	7	406	608	1	215	2.47e-30	117
ELGLIHDP_00462	MER0001246	32.727	165	99	3	434	595	18	173	1.56e-21	89.4
ELGLIHDP_00462	MER0015204	25.610	246	152	7	407	621	2	247	7.46e-16	75.5
ELGLIHDP_00511	MER0031611	25.140	179	110	3	1	158	115	290	7.11e-11	56.2
ELGLIHDP_00511	MER0037236	23.494	166	112	4	1	152	97	261	5.53e-09	50.4
ELGLIHDP_00511	MER0004146	23.494	166	112	4	1	152	97	261	9.68e-08	47.0
ELGLIHDP_00511	MER0036068	24.699	166	108	4	2	150	128	293	1.55e-07	46.6
ELGLIHDP_00511	MER0036076	25.767	163	99	6	2	150	137	291	3.70e-06	42.4
ELGLIHDP_00511	MER0036067	31.731	104	57	4	54	149	191	288	4.86e-06	42.0
ELGLIHDP_00511	MER0003537	21.990	191	113	6	2	161	100	285	6.34e-06	41.6
ELGLIHDP_00511	MER0036066	23.669	169	106	5	2	151	76	240	7.26e-06	41.6
ELGLIHDP_00588	MER0002635	38.380	284	159	3	141	408	1	284	3.21e-56	184
ELGLIHDP_00588	MER0173063	38.577	267	155	6	142	403	1	263	1.26e-47	160
ELGLIHDP_00588	MER0003824	37.545	277	148	7	142	408	2	263	7.29e-47	159
ELGLIHDP_00588	MER0002646	32.258	310	163	6	141	407	1	306	1.22e-42	149
ELGLIHDP_00588	MER0120615	31.955	266	176	4	143	408	1	261	4.06e-39	138
ELGLIHDP_00588	MER0049282	30.952	252	169	4	163	410	24	274	6.45e-37	132
ELGLIHDP_00588	MER0011469	26.531	294	188	7	137	408	1	288	1.14e-26	105
ELGLIHDP_00588	MER0011470	24.904	261	172	6	173	410	28	287	5.43e-21	89.4
ELGLIHDP_00588	MER0003772	24.643	280	192	5	142	410	2	273	1.49e-20	87.8
ELGLIHDP_00588	MER0142760	24.615	130	98	0	251	380	308	437	2.83e-11	61.6
ELGLIHDP_00588	MER0006292	27.317	205	110	9	211	408	1	173	3.89e-10	55.8
ELGLIHDP_00597	MER0069741	29.932	147	69	6	34	175	51	168	5.42e-12	61.2
ELGLIHDP_00597	MER0003376	30.682	88	32	2	82	169	83	141	4.77e-07	47.0
ELGLIHDP_00597	MER0001419	27.273	132	68	4	44	172	28	134	6.47e-06	43.1
ELGLIHDP_00597	MER0003380	24.675	154	82	6	28	175	112	237	8.56e-06	44.3
ELGLIHDP_00605	MER0034615	27.419	124	71	4	134	241	12	132	2.94e-09	53.5
ELGLIHDP_00605	MER0000399	24.684	158	93	6	106	245	3	152	8.89e-06	43.1
ELGLIHDP_00624	MER0005244	28.824	170	113	2	274	442	3	165	2.31e-17	77.8
ELGLIHDP_00624	MER0005149	32.512	203	109	11	276	452	65	265	3.54e-17	79.0
ELGLIHDP_00624	MER0015691	35.556	180	88	8	276	435	53	224	3.20e-16	75.5
ELGLIHDP_00624	MER0005241	46.591	88	42	1	276	358	5	92	1.39e-15	73.2
ELGLIHDP_00624	MER0005239	31.336	217	103	10	276	456	69	275	1.48e-15	73.9
ELGLIHDP_00624	MER0005139	39.815	108	54	4	254	356	44	145	6.21e-15	72.0
ELGLIHDP_00624	MER0011461	27.551	196	135	6	288	479	60	252	1.50e-10	58.5
ELGLIHDP_00624	MER0005238	40.476	84	45	2	275	355	66	147	1.98e-10	58.5
ELGLIHDP_00624	MER0002104	41.667	84	44	2	275	355	66	147	2.60e-10	58.2
ELGLIHDP_00624	MER0001289	30.864	162	105	6	276	434	62	219	3.92e-10	57.4
ELGLIHDP_00624	MER0001284	26.946	167	98	5	281	431	41	199	6.84e-10	56.6
ELGLIHDP_00624	MER0004514	27.273	176	112	5	268	431	28	199	1.86e-09	55.1
ELGLIHDP_00624	MER0032443	26.364	220	134	7	275	473	38	250	4.22e-09	54.3
ELGLIHDP_00624	MER0100667	27.103	214	133	9	261	463	5	206	5.05e-09	53.5
ELGLIHDP_00624	MER0038832	34.118	85	54	2	291	374	64	147	5.88e-09	53.9
ELGLIHDP_00624	MER0015336	32.456	114	65	4	276	385	62	167	7.99e-09	53.5
ELGLIHDP_00624	MER0037181	28.125	192	103	9	288	456	77	256	7.99e-09	53.5
ELGLIHDP_00624	MER0194228	29.655	145	98	4	291	434	2	143	8.14e-09	52.4
ELGLIHDP_00624	MER0005152	28.070	114	65	3	250	360	46	145	8.85e-09	53.5
ELGLIHDP_00624	MER0002161	34.722	72	47	0	287	358	76	147	1.38e-08	53.1
ELGLIHDP_00624	MER0005158	28.856	201	120	10	288	476	65	254	5.35e-08	50.8
ELGLIHDP_00624	MER0002105	28.571	112	70	4	250	356	34	140	6.81e-08	50.8
ELGLIHDP_00624	MER0030257	26.904	197	118	7	290	473	63	246	1.05e-07	50.1
ELGLIHDP_00624	MER0011487	26.776	183	116	6	290	464	63	235	3.48e-07	48.5
ELGLIHDP_00624	MER0001911	34.177	79	50	1	276	354	41	117	5.14e-07	47.8
ELGLIHDP_00624	MER0013618	26.111	180	108	8	291	455	71	240	2.68e-06	46.2
ELGLIHDP_00624	MER0011464	26.064	188	124	5	290	469	60	240	2.96e-06	45.4
ELGLIHDP_00624	MER0001288	37.313	67	40	1	287	353	33	97	5.14e-06	44.7
ELGLIHDP_00624	MER0038831	26.531	196	120	7	290	473	63	246	7.79e-06	44.3
ELGLIHDP_00624	MER0011462	24.571	175	122	7	288	458	61	229	9.42e-06	43.9
ELGLIHDP_00660	MER0014135	39.695	262	158	0	178	439	1	262	4.52e-73	228
ELGLIHDP_00685	MER0031570	30.075	133	84	5	41	171	1	126	1.82e-08	51.2
ELGLIHDP_00685	MER0029616	29.688	128	78	4	61	178	11	136	2.57e-08	51.6
ELGLIHDP_00685	MER0036044	31.897	116	70	5	40	153	49	157	2.95e-08	50.8
ELGLIHDP_00685	MER0033236	33.600	125	61	6	52	161	13	130	3.06e-06	45.1
ELGLIHDP_00685	MER0036027	29.565	115	72	5	41	153	1	108	8.76e-06	43.1
ELGLIHDP_00717	MER0005742	28.148	135	56	5	38	172	8	101	1.35e-08	48.1
ELGLIHDP_00717	MER0001333	26.220	164	84	7	24	185	80	208	6.10e-08	48.9
ELGLIHDP_00717	MER0013458	28.346	127	71	5	47	172	52	159	4.16e-07	45.8
ELGLIHDP_00743	MER0003380	34.177	237	137	5	166	396	14	237	1.22e-40	142
ELGLIHDP_00743	MER0069741	37.063	143	86	3	256	396	28	168	2.17e-19	82.4
ELGLIHDP_00743	MER0387040	40.206	97	57	1	297	392	1	97	2.72e-18	77.0
ELGLIHDP_00743	MER0066182	36.752	117	70	2	277	392	75	188	3.91e-18	79.3
ELGLIHDP_00743	MER0013541	43.529	85	48	0	297	381	1	85	8.47e-17	72.4
ELGLIHDP_00743	MER0001419	34.884	86	54	2	297	380	32	117	1.35e-12	62.0
ELGLIHDP_00743	MER0003423	36.047	86	53	2	297	380	32	117	8.16e-12	59.7
ELGLIHDP_00743	MER0003376	30.822	146	73	6	262	390	19	153	3.47e-11	58.5
ELGLIHDP_00743	MER0005300	36.957	92	58	0	299	390	67	158	2.24e-10	56.2
ELGLIHDP_00743	MER0003906	34.066	91	58	2	297	385	1	91	6.86e-10	53.1
ELGLIHDP_00743	MER0388771	34.000	100	56	4	297	386	2	101	3.24e-08	48.5
ELGLIHDP_00743	MER0025070	33.333	105	60	4	292	386	1	105	3.28e-08	48.9
ELGLIHDP_00743	MER0015415	31.395	86	54	2	299	381	66	149	3.46e-06	43.9
ELGLIHDP_00754	MER0024252	36.283	113	67	2	134	242	14	125	1.77e-17	73.2
ELGLIHDP_00754	MER0004035	44.304	79	42	2	134	211	10	87	4.69e-16	68.9
ELGLIHDP_00754	MER0003807	40.909	88	49	2	126	210	5	92	9.85e-16	68.2
ELGLIHDP_00754	MER0014188	38.462	91	49	3	122	210	1	86	1.09e-15	67.8
ELGLIHDP_00754	MER0002443	40.860	93	51	3	122	211	1	92	4.26e-15	66.6
ELGLIHDP_00754	MER0003986	38.202	89	52	3	126	211	5	93	2.04e-12	59.3
ELGLIHDP_00754	MER0001322	32.584	89	53	2	124	211	3	85	3.00e-11	56.2
ELGLIHDP_00754	MER0014672	29.565	115	63	3	126	224	5	117	2.66e-09	50.8
ELGLIHDP_00754	MER0377310	32.653	98	63	3	126	222	5	100	1.31e-08	48.5
ELGLIHDP_00754	MER0377307	32.653	98	63	3	126	222	5	100	1.31e-08	48.5
ELGLIHDP_00754	MER0002450	32.653	98	63	3	126	222	5	100	1.41e-08	48.5
ELGLIHDP_00754	MER0377178	30.612	98	65	3	126	222	5	100	2.25e-07	45.1
ELGLIHDP_00754	MER0003808	31.000	100	62	3	126	222	5	100	2.42e-07	45.1
ELGLIHDP_00754	MER0003805	32.292	96	58	3	130	222	9	100	5.69e-07	44.3
ELGLIHDP_00754	MER0377450	32.530	83	50	2	130	210	9	87	8.66e-07	43.1
ELGLIHDP_00754	MER0376722	29.545	88	56	2	126	211	5	88	1.44e-06	42.7
ELGLIHDP_00767	MER0048181	32.061	131	77	4	83	201	12	142	3.19e-10	54.3
ELGLIHDP_00768	MER0015472	25.510	196	101	2	48	243	45	195	6.04e-13	62.8
ELGLIHDP_00768	MER0015473	30.928	194	84	6	47	233	36	186	1.46e-12	62.0
ELGLIHDP_00768	MER0015458	30.108	186	83	5	52	230	56	201	5.02e-10	55.1
ELGLIHDP_00768	MER0030047	27.368	190	71	8	53	233	3	134	4.48e-08	47.8
ELGLIHDP_00768	MER0017194	24.280	243	123	6	2	230	11	206	9.33e-08	48.1
ELGLIHDP_00768	MER0015459	40.426	47	28	0	47	93	49	95	5.55e-07	46.2
ELGLIHDP_00842	MER0003800	29.293	396	224	12	539	904	14	383	1.86e-30	122
ELGLIHDP_00842	MER0004090	27.110	391	228	14	534	896	2	363	1.81e-29	118
ELGLIHDP_00842	MER0035017	21.394	416	273	10	541	921	1	397	3.99e-26	108
ELGLIHDP_00842	MER0354941	28.000	200	108	6	557	743	11	187	7.62e-10	56.6
ELGLIHDP_00842	MER0006204	23.077	117	85	3	541	653	5	120	1.12e-09	58.2
ELGLIHDP_00842	MER0011700	24.793	242	155	9	541	774	1	223	1.30e-06	48.5
ELGLIHDP_00842	MER0026262	20.067	299	166	10	542	816	2	251	1.44e-06	48.1
ELGLIHDP_00844	MER0035254	30.252	119	73	2	31	143	414	528	5.55e-13	62.4
ELGLIHDP_00844	MER0006198	25.342	146	80	6	11	141	370	501	3.14e-08	48.5
ELGLIHDP_00844	MER0030255	25.862	116	70	4	53	154	442	555	7.61e-07	44.7
ELGLIHDP_00928	MER0005300	26.016	123	84	3	275	396	46	162	2.80e-07	47.0
ELGLIHDP_00943	MER0021822	33.333	108	67	2	52	155	12	118	1.18e-16	78.2
ELGLIHDP_00943	MER0004975	31.343	134	76	2	54	171	14	147	1.18e-12	65.9
ELGLIHDP_00943	MER0045266	32.759	116	72	2	52	161	3	118	1.93e-12	65.1
ELGLIHDP_00943	MER0011255	28.859	149	98	5	52	199	12	153	4.46e-12	63.9
ELGLIHDP_00943	MER0013471	32.331	133	77	3	51	171	10	141	1.17e-11	63.2
ELGLIHDP_00943	MER0003006	32.381	105	65	2	59	160	1	102	5.36e-11	60.5
ELGLIHDP_00943	MER0011257	22.917	144	91	5	47	171	2	144	1.57e-10	59.3
ELGLIHDP_00943	MER0003004	23.841	151	84	4	52	172	6	155	2.25e-10	58.9
ELGLIHDP_00943	MER0015121	28.571	154	96	2	43	182	2	155	2.76e-10	58.9
ELGLIHDP_00943	MER0011253	27.152	151	97	3	50	199	10	148	1.86e-09	55.8
ELGLIHDP_00943	MER0011681	28.972	107	70	3	52	155	12	115	2.12e-09	55.8
ELGLIHDP_00943	MER0005813	26.852	108	75	1	52	155	12	119	2.18e-09	55.8
ELGLIHDP_00943	MER0003003	30.252	119	73	3	45	155	1	117	1.20e-08	53.5
ELGLIHDP_00943	MER0011307	27.857	140	78	5	51	171	8	143	1.35e-08	53.1
ELGLIHDP_00943	MER0003817	28.485	165	96	4	52	196	11	173	3.42e-08	52.0
ELGLIHDP_00943	MER0011155	25.342	146	91	4	56	186	16	158	4.08e-08	51.6
ELGLIHDP_00943	MER0011153	22.628	137	88	3	50	171	10	143	4.31e-08	51.6
ELGLIHDP_00943	MER0016044	25.564	133	79	4	57	171	17	147	5.77e-08	51.2
ELGLIHDP_00943	MER0003495	30.597	134	75	5	54	171	13	144	7.37e-08	51.2
ELGLIHDP_00943	MER0011308	28.829	111	70	3	51	156	8	114	2.26e-07	49.3
ELGLIHDP_00943	MER0001189	23.188	138	85	3	52	171	12	146	2.97e-07	48.9
ELGLIHDP_00943	MER0011506	24.516	155	96	5	52	189	12	162	4.17e-07	48.5
ELGLIHDP_00943	MER0038688	31.818	88	55	3	107	189	17	104	5.68e-07	45.4
ELGLIHDP_00943	MER0023950	30.556	108	68	3	52	155	11	115	1.01e-06	47.4
ELGLIHDP_00943	MER0011311	25.490	153	97	5	52	199	9	149	1.02e-06	47.4
ELGLIHDP_00943	MER0004964	29.878	164	97	5	52	197	11	174	1.29e-06	46.2
ELGLIHDP_00943	MER0107602	29.457	129	82	3	52	171	6	134	1.57e-06	47.0
ELGLIHDP_00943	MER0003428	22.892	166	109	4	54	201	13	177	3.08e-06	46.2
ELGLIHDP_00943	MER0037222	21.825	252	169	8	52	279	12	259	5.42e-06	45.1
ELGLIHDP_00943	MER0002357	22.936	109	80	1	52	156	11	119	6.34e-06	45.1
ELGLIHDP_00950	MER0001313	30.769	117	69	4	32	140	40	152	5.52e-11	54.7
ELGLIHDP_00978	MER0002007	36.923	390	219	10	26	408	4	373	5.04e-73	231
ELGLIHDP_00978	MER0002655	33.588	393	226	9	37	423	10	373	4.78e-67	215
ELGLIHDP_00978	MER0005155	35.733	389	227	7	37	420	11	381	4.97e-67	215
ELGLIHDP_00978	MER0002013	34.271	391	235	7	40	426	21	393	9.54e-65	210
ELGLIHDP_00978	MER0002014	33.333	399	241	8	32	426	13	390	9.22e-64	207
ELGLIHDP_00978	MER0002659	33.584	399	240	8	32	426	13	390	2.00e-63	206
ELGLIHDP_00978	MER0003770	33.763	388	233	8	33	419	2	366	1.95e-55	185
ELGLIHDP_00978	MER0005173	30.585	376	234	8	40	411	5	357	3.05e-49	168
ELGLIHDP_00978	MER0005163	49.390	164	67	4	37	200	9	156	5.97e-40	140
ELGLIHDP_00978	MER0015354	39.130	207	108	5	20	226	3	191	3.48e-35	129
ELGLIHDP_00978	MER0003815	40.426	188	96	4	34	221	15	186	1.20e-34	127
ELGLIHDP_00978	MER0003815	31.429	70	47	1	357	426	226	294	3.50e-06	45.4
ELGLIHDP_00978	MER0003581	26.404	356	232	10	79	425	1	335	1.54e-23	97.8
ELGLIHDP_00978	MER0002664	34.706	170	87	6	31	200	2	147	1.14e-20	88.6
ELGLIHDP_00978	MER0014418	25.081	307	178	10	30	329	11	272	7.27e-13	66.2
ELGLIHDP_00978	MER0369336	26.667	180	103	8	157	329	73	230	1.27e-06	46.6
ELGLIHDP_01012	MER0005139	26.667	225	133	7	101	309	62	270	3.63e-15	72.4
ELGLIHDP_01012	MER0005238	31.507	146	82	3	69	213	35	163	2.61e-14	70.1
ELGLIHDP_01012	MER0015691	34.211	114	58	2	101	213	52	149	2.09e-13	66.6
ELGLIHDP_01012	MER0001284	27.962	211	128	7	90	299	24	211	1.14e-12	64.7
ELGLIHDP_01012	MER0005239	35.043	117	58	4	100	214	67	167	1.74e-11	61.6
ELGLIHDP_01012	MER0015336	31.250	144	75	4	71	213	38	158	1.89e-11	61.2
ELGLIHDP_01012	MER0004514	28.713	202	116	9	101	299	35	211	2.52e-11	60.5
ELGLIHDP_01012	MER0002161	24.383	324	171	11	30	329	4	277	3.74e-11	60.5
ELGLIHDP_01012	MER0001288	27.801	241	124	10	98	323	19	224	4.63e-11	59.7
ELGLIHDP_01012	MER0037181	26.829	246	129	9	50	294	27	222	1.26e-10	58.9
ELGLIHDP_01012	MER0002104	28.082	146	87	3	69	213	35	163	4.49e-10	57.0
ELGLIHDP_01012	MER0005149	31.897	116	61	3	102	215	65	164	2.71e-09	55.1
ELGLIHDP_01012	MER0001289	23.868	243	142	9	100	333	60	268	7.26e-08	50.4
ELGLIHDP_01012	MER0194228	23.451	226	125	7	119	333	4	192	1.19e-07	48.9
ELGLIHDP_01012	MER0005241	29.000	100	55	2	98	195	1	86	1.37e-07	49.3
ELGLIHDP_01012	MER0100667	26.455	189	109	7	145	328	56	219	2.58e-07	48.1
ELGLIHDP_01012	MER0005152	28.713	101	56	1	97	197	55	139	1.60e-06	46.2
ELGLIHDP_01012	MER0005131	24.896	241	155	8	87	321	23	243	2.19e-06	45.8
ELGLIHDP_01033	MER0017822	51.282	39	19	0	150	188	2	40	1.72e-07	43.1
ELGLIHDP_01053	MER0100667	35.789	95	57	2	13	103	48	142	1.20e-10	57.4
ELGLIHDP_01053	MER0001284	36.047	86	53	1	3	86	55	140	4.24e-10	56.2
ELGLIHDP_01053	MER0004514	31.034	87	58	1	1	85	53	139	1.05e-07	48.9
ELGLIHDP_01053	MER0194228	35.211	71	45	1	19	88	14	84	5.74e-06	43.1
ELGLIHDP_01058	MER0042827	49.495	99	50	0	976	1074	1	99	2.21e-26	101
ELGLIHDP_01076	MER0000589	67.568	37	12	0	474	510	192	228	1.24e-10	58.9
ELGLIHDP_01076	MER0000589	29.508	122	43	3	137	258	1	79	9.51e-10	56.2
ELGLIHDP_01076	MER0013626	55.263	38	17	0	473	510	108	145	1.20e-09	54.3
ELGLIHDP_01142	MER0036485	54.762	42	13	1	42	77	4	45	2.65e-09	45.1
ELGLIHDP_01142	MER0017822	44.444	36	20	0	42	77	5	40	6.26e-06	36.6
ELGLIHDP_01156	MER0001243	36.327	245	154	2	17	259	5	249	5.83e-54	173
ELGLIHDP_01156	MER0001342	34.553	246	161	0	14	259	2	247	1.94e-49	161
ELGLIHDP_01156	MER0015127	32.636	239	160	1	21	259	9	246	1.22e-43	146
ELGLIHDP_01156	MER0005690	33.333	237	157	1	23	259	11	246	2.04e-43	145
ELGLIHDP_01156	MER0015128	30.417	240	161	3	23	259	11	247	2.52e-41	140
ELGLIHDP_01156	MER0013450	31.600	250	169	2	15	262	1	250	6.44e-40	136
ELGLIHDP_01156	MER0013589	30.864	243	167	1	17	259	1	242	3.23e-38	132
ELGLIHDP_01156	MER0013929	32.051	234	158	1	17	250	5	237	2.96e-37	129
ELGLIHDP_01156	MER0003880	28.780	205	131	4	26	226	6	199	1.78e-16	74.7
ELGLIHDP_01156	MER0010972	21.739	230	162	2	30	259	18	229	1.50e-14	68.6
ELGLIHDP_01156	MER0024896	28.571	133	84	3	135	259	337	466	1.63e-12	63.9
ELGLIHDP_01156	MER0024896	25.664	113	84	0	17	129	5	117	1.00e-07	49.7
ELGLIHDP_01156	MER0004931	24.390	205	141	5	16	217	4	197	1.15e-11	60.1
ELGLIHDP_01156	MER0002038	22.609	230	167	5	16	243	4	224	8.63e-09	51.6
ELGLIHDP_01156	MER0001244	25.000	232	135	9	16	222	4	221	1.25e-08	51.6
ELGLIHDP_01156	MER0004532	24.476	143	103	2	76	217	58	196	2.75e-07	47.4
ELGLIHDP_01156	MER0005462	21.608	199	146	5	22	219	10	199	1.80e-06	44.7
ELGLIHDP_01222	MER0003558	28.916	249	130	12	168	392	14	239	2.35e-18	81.6
ELGLIHDP_01222	MER0058228	28.205	234	131	8	176	392	7	220	1.08e-13	67.4
ELGLIHDP_01222	MER0001423	27.511	229	137	7	176	392	2	213	1.30e-13	67.0
ELGLIHDP_01222	MER0126485	28.800	125	80	3	252	375	82	198	4.11e-13	65.5
ELGLIHDP_01222	MER0004925	24.324	222	127	6	160	360	4	205	1.55e-12	64.3
ELGLIHDP_01222	MER0034615	25.564	266	142	9	168	404	2	240	3.32e-12	63.2
ELGLIHDP_01222	MER0014827	23.967	242	137	8	160	376	4	223	1.93e-11	61.2
ELGLIHDP_01222	MER0005994	27.407	270	160	12	160	412	11	261	3.61e-11	60.1
ELGLIHDP_01222	MER0005196	25.581	215	119	9	176	372	22	213	3.73e-11	60.1
ELGLIHDP_01222	MER0000263	22.634	243	161	7	171	399	1	230	1.15e-10	58.5
ELGLIHDP_01222	MER0000408	22.174	230	170	5	169	392	5	231	1.21e-10	58.5
ELGLIHDP_01222	MER0017401	24.454	229	156	8	170	392	1	218	1.37e-10	58.2
ELGLIHDP_01222	MER0140224	24.038	208	116	5	204	384	17	209	2.25e-10	57.4
ELGLIHDP_01222	MER0013484	26.271	236	139	9	174	392	2	219	3.73e-10	57.0
ELGLIHDP_01222	MER0015682	23.077	234	145	8	196	411	87	303	1.56e-08	52.8
ELGLIHDP_01222	MER0030932	24.194	248	147	9	168	401	13	233	2.39e-08	51.6
ELGLIHDP_01222	MER0011583	24.051	158	102	5	260	411	98	243	8.61e-08	50.1
ELGLIHDP_01222	MER0003361	23.077	130	88	2	177	298	20	145	1.30e-06	46.2
ELGLIHDP_01222	MER0000399	29.104	134	77	7	176	296	25	153	1.72e-06	46.2
ELGLIHDP_01267	MER0000474	54.497	189	86	0	28	216	15	203	1.36e-75	224
ELGLIHDP_01267	MER0005687	51.000	200	92	2	18	216	13	207	6.11e-66	199
ELGLIHDP_01267	MER0002299	51.351	185	90	0	31	215	12	196	1.12e-64	196
ELGLIHDP_01267	MER0006046	49.206	189	96	0	28	216	15	203	1.66e-63	193
ELGLIHDP_01267	MER0002211	50.000	188	94	0	29	216	16	203	2.94e-62	190
ELGLIHDP_01267	MER0004857	52.632	171	80	1	46	216	34	203	1.11e-60	186
ELGLIHDP_01267	MER0006063	47.802	182	95	0	35	216	23	204	2.59e-59	182
ELGLIHDP_01267	MER0004855	44.022	184	103	0	37	220	26	209	5.23e-55	172
ELGLIHDP_01267	MER0006056	50.000	164	81	1	54	217	46	208	3.06e-53	167
ELGLIHDP_01267	MER0004847	46.597	191	101	1	31	220	18	208	3.15e-53	167
ELGLIHDP_01267	MER0004182	42.529	174	100	0	44	217	27	200	7.31e-46	148
ELGLIHDP_01267	MER0006308	36.723	177	111	1	40	215	17	193	1.25e-43	142
ELGLIHDP_01267	MER0011666	40.828	169	98	2	50	216	17	185	1.68e-40	134
ELGLIHDP_01267	MER0001369	40.741	81	46	1	71	151	52	130	6.72e-07	44.3
ELGLIHDP_01269	MER0031610	30.364	247	164	4	15	254	55	300	4.31e-37	129
ELGLIHDP_01269	MER0044858	24.373	279	162	12	11	247	52	323	3.74e-10	56.2
ELGLIHDP_01269	MER0044900	21.705	258	167	9	16	242	96	349	1.25e-09	54.7
ELGLIHDP_01269	MER0004146	25.532	141	86	4	9	141	14	143	2.92e-09	53.1
ELGLIHDP_01269	MER0033259	31.532	111	71	3	3	108	20	130	4.27e-09	52.8
ELGLIHDP_01269	MER0017193	26.374	91	66	1	10	99	21	111	5.65e-09	52.4
ELGLIHDP_01269	MER0017177	27.619	105	73	1	5	106	25	129	9.56e-09	52.0
ELGLIHDP_01269	MER0026339	27.358	106	69	3	14	114	24	126	1.61e-08	50.8
ELGLIHDP_01269	MER0036072	24.627	134	86	4	18	142	84	211	1.86e-07	48.1
ELGLIHDP_01269	MER0036084	28.873	142	83	6	4	135	9	142	2.99e-07	47.0
ELGLIHDP_01269	MER0036115	25.000	132	90	4	3	130	23	149	8.23e-07	45.8
ELGLIHDP_01269	MER0037236	30.189	106	57	3	15	109	20	119	8.55e-07	45.8
ELGLIHDP_01269	MER0031614	27.826	115	79	2	18	128	87	201	9.23e-07	45.8
ELGLIHDP_01269	MER0014065	26.126	111	76	3	5	110	23	132	9.59e-07	45.8
ELGLIHDP_01269	MER0000436	21.711	152	108	5	6	146	13	164	6.25e-06	43.1
ELGLIHDP_01269	MER0035044	28.448	116	68	6	6	112	24	133	7.71e-06	43.1
ELGLIHDP_01278	MER0004111	49.057	159	74	2	105	260	1	155	8.22e-49	161
ELGLIHDP_01278	MER0000268	49.057	159	73	3	105	260	1	154	2.27e-48	160
ELGLIHDP_01278	MER0003850	47.727	176	89	3	105	279	3	176	3.44e-48	160
ELGLIHDP_01278	MER0000266	50.000	158	75	3	105	260	1	156	9.21e-48	159
ELGLIHDP_01278	MER0013623	47.436	156	79	2	105	260	1	153	3.91e-47	157
ELGLIHDP_01278	MER0001372	47.134	157	81	2	105	260	1	156	3.24e-44	149
ELGLIHDP_01278	MER0005468	47.799	159	79	3	105	260	1	158	8.05e-44	148
ELGLIHDP_01278	MER0004149	46.951	164	78	4	105	260	1	163	3.09e-42	144
ELGLIHDP_01278	MER0004673	34.672	274	148	6	105	357	2	265	8.49e-39	139
ELGLIHDP_01278	MER0002577	41.772	158	85	2	105	260	1	153	2.04e-37	131
ELGLIHDP_01278	MER0001945	41.975	162	85	3	105	260	1	159	9.76e-37	129
ELGLIHDP_01278	MER0003290	41.509	159	87	3	105	260	1	156	1.71e-36	129
ELGLIHDP_01278	MER0028330	42.405	158	84	2	105	260	1	153	4.23e-36	127
ELGLIHDP_01278	MER0001373	45.283	159	83	3	105	260	1	158	5.20e-35	125
ELGLIHDP_01278	MER0016351	41.139	158	86	2	105	260	1	153	1.13e-34	124
ELGLIHDP_01278	MER0014795	39.634	164	86	3	105	260	1	159	4.03e-32	117
ELGLIHDP_01278	MER0010944	41.520	171	85	3	105	260	1	171	2.19e-31	115
ELGLIHDP_01278	MER0022668	40.936	171	86	5	105	260	1	171	4.70e-31	114
ELGLIHDP_01278	MER0004093	38.608	158	90	2	105	260	1	153	1.57e-30	112
ELGLIHDP_01278	MER0003293	43.333	150	83	2	105	254	1	148	1.33e-29	110
ELGLIHDP_01278	MER0011375	36.250	160	92	4	105	260	1	154	4.31e-29	108
ELGLIHDP_01278	MER0016031	40.000	170	84	5	105	260	1	166	5.95e-29	108
ELGLIHDP_01278	MER0004086	38.650	163	91	4	106	260	1	162	7.26e-27	103
ELGLIHDP_01278	MER0006096	40.517	116	67	1	129	242	1	116	1.78e-25	98.2
ELGLIHDP_01278	MER0015583	37.584	149	83	4	105	243	1	149	2.10e-23	93.2
ELGLIHDP_01278	MER0005093	34.641	153	87	3	105	244	1	153	2.22e-23	93.6
ELGLIHDP_01278	MER0063616	31.288	163	94	5	108	260	5	159	5.77e-17	75.1
ELGLIHDP_01278	MER0014318	33.750	160	87	9	105	253	1	152	8.00e-10	54.3
ELGLIHDP_01278	MER0005094	27.451	153	94	6	113	253	8	155	8.97e-10	54.3
ELGLIHDP_01278	MER0014317	31.373	153	93	6	114	255	2	153	1.92e-08	50.4
ELGLIHDP_01278	MER0004696	28.873	142	92	5	105	241	1	138	1.10e-07	47.8
ELGLIHDP_01278	MER0005089	29.008	131	89	4	105	232	1	130	3.61e-07	46.6
ELGLIHDP_01278	MER0145078	26.515	132	82	3	147	263	111	242	3.62e-06	45.1
ELGLIHDP_01278	MER0014314	30.147	136	81	5	105	232	1	130	5.01e-06	43.5
ELGLIHDP_01278	MER0005090	28.244	131	90	4	105	232	1	130	5.15e-06	43.5
