KCBELLDI_00074	MER0013623	57.143	154	65	1	100	253	1	153	4.18e-58	185
KCBELLDI_00074	MER0003850	52.542	177	77	4	100	272	3	176	4.12e-54	176
KCBELLDI_00074	MER0000268	50.968	155	74	2	100	253	1	154	1.16e-52	171
KCBELLDI_00074	MER0001372	54.487	156	69	2	100	253	1	156	3.39e-51	167
KCBELLDI_00074	MER0004111	49.677	155	77	1	100	253	1	155	1.11e-50	166
KCBELLDI_00074	MER0000266	51.923	156	73	2	100	253	1	156	1.02e-48	161
KCBELLDI_00074	MER0004149	51.220	164	69	4	100	253	1	163	1.24e-46	155
KCBELLDI_00074	MER0005468	47.170	159	78	3	100	253	1	158	5.97e-44	149
KCBELLDI_00074	MER0002577	48.734	158	72	2	100	253	1	153	1.77e-42	144
KCBELLDI_00074	MER0001945	45.283	159	82	2	100	253	1	159	2.29e-42	144
KCBELLDI_00074	MER0028330	46.835	158	75	2	100	253	1	153	4.01e-42	144
KCBELLDI_00074	MER0001373	47.468	158	79	2	100	253	1	158	9.95e-41	140
KCBELLDI_00074	MER0003290	45.283	159	79	3	100	253	1	156	1.50e-40	139
KCBELLDI_00074	MER0016351	42.405	158	82	2	100	253	1	153	5.24e-39	135
KCBELLDI_00074	MER0004673	34.686	271	144	5	100	347	2	262	1.13e-38	138
KCBELLDI_00074	MER0014795	45.122	164	75	3	100	253	1	159	1.95e-37	131
KCBELLDI_00074	MER0010944	43.860	171	79	5	100	253	1	171	3.44e-36	128
KCBELLDI_00074	MER0016031	44.910	167	78	5	100	253	1	166	2.97e-35	125
KCBELLDI_00074	MER0004086	44.785	163	79	4	101	253	1	162	1.00e-34	124
KCBELLDI_00074	MER0022668	44.444	171	78	6	100	253	1	171	1.49e-34	124
KCBELLDI_00074	MER0004093	42.405	158	82	2	100	253	1	153	2.32e-34	123
KCBELLDI_00074	MER0003293	42.953	149	83	2	100	247	1	148	1.68e-32	117
KCBELLDI_00074	MER0011375	39.375	160	85	4	100	253	1	154	1.13e-30	113
KCBELLDI_00074	MER0015583	42.667	150	74	4	100	237	1	150	1.22e-27	104
KCBELLDI_00074	MER0006096	40.299	134	73	2	124	253	1	131	2.29e-26	100
KCBELLDI_00074	MER0005093	36.875	160	86	3	100	244	1	160	8.54e-25	97.4
KCBELLDI_00074	MER0063616	38.356	146	69	6	103	234	5	143	3.71e-17	75.5
KCBELLDI_00074	MER0005094	30.345	145	85	6	100	234	1	139	1.92e-12	62.0
KCBELLDI_00074	MER0014318	35.294	136	72	7	100	225	1	130	1.78e-09	53.5
KCBELLDI_00074	MER0014317	31.298	131	81	5	111	234	10	138	1.83e-09	53.5
KCBELLDI_00074	MER0005090	33.588	131	81	5	100	225	1	130	1.24e-08	50.8
KCBELLDI_00074	MER0024901	35.862	145	76	9	100	234	1	138	1.91e-08	50.1
KCBELLDI_00074	MER0005089	33.083	133	79	7	100	225	1	130	2.15e-08	50.4
KCBELLDI_00074	MER0005954	30.342	234	116	13	50	263	6	212	2.74e-07	48.1
KCBELLDI_00074	MER0014314	31.579	133	81	6	100	225	1	130	7.00e-07	45.8
KCBELLDI_00122	MER0069741	32.374	139	61	5	24	157	44	154	5.83e-10	55.5
KCBELLDI_00122	MER0015415	26.154	130	71	3	28	157	46	150	1.01e-09	54.7
KCBELLDI_00122	MER0003380	32.000	150	66	7	26	168	112	232	3.03e-09	54.7
KCBELLDI_00166	MER0019759	26.754	228	154	5	215	429	2	229	2.55e-20	87.4
KCBELLDI_00166	MER0002968	27.854	219	145	4	209	414	1	219	8.51e-20	85.5
KCBELLDI_00166	MER0011440	28.241	216	139	5	219	419	5	219	3.09e-19	84.0
KCBELLDI_00166	MER0011720	26.941	219	142	6	209	418	1	210	3.19e-18	80.9
KCBELLDI_00166	MER0091680	30.189	212	126	7	233	427	11	217	4.36e-18	80.5
KCBELLDI_00166	MER0002355	25.728	206	143	4	209	406	1	204	1.12e-16	76.6
KCBELLDI_00166	MER0002003	30.198	202	112	6	233	412	25	219	1.54e-16	76.3
KCBELLDI_00166	MER0028449	27.638	199	124	5	231	410	24	221	1.95e-16	75.9
KCBELLDI_00166	MER0036308	30.093	216	129	6	231	430	27	236	1.96e-16	76.3
KCBELLDI_00166	MER0011438	27.692	195	125	4	219	398	5	198	4.45e-16	74.7
KCBELLDI_00166	MER0011183	23.005	213	150	4	231	429	10	222	1.18e-15	73.6
KCBELLDI_00166	MER0015166	27.053	207	125	5	227	409	26	230	1.22e-15	73.9
KCBELLDI_00166	MER0001013	28.877	187	114	4	238	410	36	217	1.53e-15	73.9
KCBELLDI_00166	MER0002060	27.979	193	122	6	233	410	25	215	1.64e-15	73.2
KCBELLDI_00166	MER0011401	28.659	164	99	4	259	404	38	201	2.28e-15	72.4
KCBELLDI_00166	MER0002422	27.011	174	117	4	243	406	29	202	2.44e-15	72.4
KCBELLDI_00166	MER0168983	28.161	174	108	4	245	412	2	164	5.85e-15	70.1
KCBELLDI_00166	MER0011345	28.649	185	112	5	241	410	38	217	1.59e-14	70.9
KCBELLDI_00166	MER0005046	27.835	194	123	5	231	409	6	197	2.03e-14	69.3
KCBELLDI_00166	MER0001012	25.980	204	117	5	231	410	23	216	5.45e-14	68.6
KCBELLDI_00166	MER0005328	29.282	181	105	6	240	403	26	200	1.31e-13	67.0
KCBELLDI_00166	MER0011370	26.066	211	140	5	215	410	1	210	1.39e-13	67.4
KCBELLDI_00166	MER0005331	27.368	190	125	5	234	410	21	210	1.40e-13	67.4
KCBELLDI_00166	MER0004243	27.136	199	114	5	231	405	20	211	1.90e-13	67.0
KCBELLDI_00166	MER0002746	25.121	207	133	4	231	419	18	220	3.05e-13	66.6
KCBELLDI_00166	MER0011423	25.871	201	132	3	227	410	14	214	3.05e-13	66.2
KCBELLDI_00166	MER0000997	27.835	194	111	6	234	404	24	211	3.28e-13	66.2
KCBELLDI_00166	MER0001010	27.228	202	129	7	237	422	3	202	7.67e-13	65.1
KCBELLDI_00166	MER0001701	27.551	196	113	4	231	404	6	194	9.81e-13	65.1
KCBELLDI_00166	MER0001017	25.888	197	109	6	238	410	35	218	1.33e-12	65.1
KCBELLDI_00166	MER0168177	33.088	136	81	4	282	411	33	164	1.74e-12	63.2
KCBELLDI_00166	MER0001003	29.545	176	106	5	246	405	7	180	1.88e-12	63.5
KCBELLDI_00166	MER0001009	28.846	156	99	3	291	435	20	174	3.54e-12	63.2
KCBELLDI_00166	MER0019754	27.835	194	122	6	234	410	3	195	3.75e-12	62.8
KCBELLDI_00166	MER0011369	24.631	203	139	4	222	410	23	225	4.52e-12	63.2
KCBELLDI_00166	MER0012283	28.977	176	86	4	259	411	57	216	6.06e-12	62.8
KCBELLDI_00166	MER0002078	23.853	218	142	6	231	429	18	230	1.63e-11	61.6
KCBELLDI_00166	MER0016308	27.273	176	106	6	246	404	7	177	2.79e-11	60.1
KCBELLDI_00166	MER0006264	26.230	183	118	5	243	410	2	182	3.50e-11	59.7
KCBELLDI_00166	MER0002281	27.807	187	115	6	240	411	38	219	1.32e-10	59.3
KCBELLDI_00166	MER0002755	27.329	161	98	4	259	405	47	202	2.17e-10	57.8
KCBELLDI_00166	MER0011371	29.412	170	102	6	254	407	41	208	2.33e-10	57.8
KCBELLDI_00166	MER0001001	24.091	220	133	6	215	411	2	210	3.76e-10	57.4
KCBELLDI_00166	MER0052595	25.641	195	123	4	234	409	28	219	5.23e-10	57.0
KCBELLDI_00166	MER0005045	24.870	193	132	4	231	410	6	198	5.87e-10	56.2
KCBELLDI_00166	MER0011175	23.196	194	125	5	231	405	17	205	1.08e-09	55.8
KCBELLDI_00166	MER0001185	26.178	191	117	5	233	405	26	210	2.16e-09	55.1
KCBELLDI_00166	MER0012271	26.946	167	103	4	259	411	58	219	5.34e-09	54.3
KCBELLDI_00166	MER0002658	27.778	126	77	2	294	405	1	126	9.12e-09	52.0
KCBELLDI_00166	MER0002210	26.415	159	94	4	258	397	2	156	1.07e-08	51.6
KCBELLDI_00166	MER0011399	25.000	184	123	5	233	402	20	202	6.06e-08	50.8
KCBELLDI_00166	MER0026830	31.183	93	61	2	234	323	23	115	7.73e-08	50.1
KCBELLDI_00166	MER0011400	24.176	182	120	4	253	418	40	219	8.06e-08	50.8
KCBELLDI_00166	MER0116688	22.843	197	136	5	238	419	25	220	1.20e-07	50.1
KCBELLDI_00166	MER0001005	27.273	176	107	6	253	410	5	177	1.63e-07	48.9
KCBELLDI_00166	MER0019096	26.712	146	88	3	293	430	62	196	3.48e-07	48.1
KCBELLDI_00166	MER0003916	28.713	101	68	2	231	327	6	106	1.71e-06	46.2
KCBELLDI_00166	MER0002865	24.026	154	106	3	262	407	17	167	6.48e-06	44.3
KCBELLDI_00207	MER0044622	44.681	188	98	4	3	185	28	214	8.17e-51	161
KCBELLDI_00207	MER0045094	39.785	186	108	3	3	185	14	198	2.50e-46	149
KCBELLDI_00207	MER0043394	42.945	163	90	2	25	185	1	162	1.51e-42	137
KCBELLDI_00207	MER0044882	39.766	171	96	5	23	186	1	171	4.04e-38	126
KCBELLDI_00207	MER0043392	37.589	141	84	3	46	186	23	159	1.77e-29	103
KCBELLDI_00207	MER0044619	33.161	193	117	7	1	186	8	195	1.31e-24	93.2
KCBELLDI_00207	MER0043537	28.877	187	125	6	3	186	2	183	3.59e-18	75.1
KCBELLDI_00207	MER0043195	28.643	199	124	5	4	184	8	206	6.61e-18	75.9
KCBELLDI_00207	MER0045095	30.986	213	118	10	1	186	15	225	8.36e-17	73.2
KCBELLDI_00207	MER0044812	25.904	166	110	5	15	176	68	224	4.97e-12	59.7
KCBELLDI_00207	MER0045945	26.230	183	117	6	12	187	41	212	7.37e-10	53.1
KCBELLDI_00207	MER0436691	28.030	132	84	4	43	170	101	225	9.35e-10	53.1
KCBELLDI_00207	MER0043387	27.273	165	111	6	23	185	8	165	3.64e-09	50.8
KCBELLDI_00207	MER0044889	28.082	146	96	4	43	185	60	199	7.39e-09	50.4
KCBELLDI_00207	MER0038086	26.174	149	85	4	42	185	95	223	9.84e-09	50.4
KCBELLDI_00207	MER0436735	24.432	176	98	5	46	187	48	222	1.94e-07	46.6
KCBELLDI_00207	MER0043540	26.277	137	85	5	44	175	85	210	3.07e-07	45.8
KCBELLDI_00207	MER0042974	23.276	116	82	2	73	185	69	180	5.61e-07	44.7
KCBELLDI_00207	MER0045886	24.324	111	81	1	74	184	85	192	1.63e-06	43.9
KCBELLDI_00207	MER0046161	26.351	148	91	5	41	181	101	237	4.04e-06	42.7
KCBELLDI_00235	MER0003514	43.590	156	83	2	181	335	2	153	1.54e-33	122
KCBELLDI_00235	MER0001297	42.675	157	87	2	182	338	3	156	1.74e-33	122
KCBELLDI_00235	MER0001425	42.073	164	86	3	184	341	5	165	1.90e-33	122
KCBELLDI_00235	MER0003413	35.570	149	94	1	184	332	5	151	5.69e-30	112
KCBELLDI_00235	MER0003065	38.255	149	89	2	184	332	5	150	2.11e-28	108
KCBELLDI_00235	MER0015684	38.667	150	91	1	182	331	3	151	3.77e-28	107
KCBELLDI_00235	MER0005714	37.342	158	91	2	181	331	2	158	1.78e-26	103
KCBELLDI_00235	MER0004196	38.608	158	94	3	180	336	1	156	3.88e-26	102
KCBELLDI_00235	MER0004195	33.702	181	102	3	182	357	3	170	6.94e-26	101
KCBELLDI_00235	MER0001295	36.747	166	89	4	184	336	5	167	7.70e-21	87.0
KCBELLDI_00245	MER0019759	25.234	214	143	7	314	511	19	231	1.70e-10	58.5
KCBELLDI_00245	MER0002746	24.402	209	140	6	318	511	27	232	9.98e-10	56.2
KCBELLDI_00245	MER0036308	27.326	172	118	3	313	477	27	198	2.10e-09	55.1
KCBELLDI_00245	MER0005328	27.957	186	108	6	312	480	17	193	2.94e-09	54.3
KCBELLDI_00245	MER0011345	27.841	176	117	4	312	477	28	203	1.53e-08	52.8
KCBELLDI_00245	MER0002003	26.718	131	94	2	362	490	87	217	3.28e-08	51.6
KCBELLDI_00245	MER0002755	29.677	155	92	7	340	482	50	199	1.15e-07	49.7
KCBELLDI_00245	MER0091680	24.138	203	134	7	316	503	16	213	1.64e-07	49.3
KCBELLDI_00245	MER0011369	26.613	124	90	1	359	481	93	216	2.24e-07	48.9
KCBELLDI_00245	MER0001009	21.591	176	133	3	362	536	20	191	3.63e-07	48.1
KCBELLDI_00245	MER0002078	21.860	215	152	5	313	511	18	232	8.98e-07	47.4
KCBELLDI_00245	MER0001017	27.419	186	111	6	340	506	60	240	1.06e-06	47.4
KCBELLDI_00245	MER0001010	23.288	146	103	3	362	502	61	202	1.42e-06	46.2
KCBELLDI_00245	MER0011400	21.986	141	109	1	359	498	79	219	2.27e-06	46.2
KCBELLDI_00245	MER0012283	25.676	148	105	2	340	482	60	207	3.05e-06	45.4
KCBELLDI_00245	MER0019096	26.061	165	106	5	350	512	48	198	3.70e-06	45.1
KCBELLDI_00245	MER0011440	25.806	124	81	3	359	476	78	196	4.02e-06	45.1
KCBELLDI_00245	MER0002281	25.714	175	102	6	322	477	39	204	6.83e-06	44.7
KCBELLDI_00245	MER0011183	21.739	207	144	6	318	509	19	222	8.21e-06	44.3
KCBELLDI_00245	MER0011423	23.256	129	76	2	349	465	72	189	8.46e-06	44.3
KCBELLDI_00245	MER0001013	27.528	178	117	7	325	491	42	218	8.73e-06	44.3
KCBELLDI_00245	MER0006264	19.760	167	107	3	340	490	27	182	8.89e-06	43.5
KCBELLDI_00246	MER0000332	35.093	322	140	14	209	522	10	270	1.00e-30	117
KCBELLDI_00246	MER0002565	36.328	256	128	8	233	487	71	292	7.49e-30	117
KCBELLDI_00246	MER0004690	31.498	327	178	12	187	487	3	309	1.02e-28	114
KCBELLDI_00246	MER0004690	43.750	64	35	1	73	135	27	90	5.37e-09	54.7
KCBELLDI_00246	MER0017009	31.544	298	176	10	211	487	34	324	1.31e-28	113
KCBELLDI_00246	MER0017009	47.273	55	28	1	84	137	56	110	8.68e-07	47.8
KCBELLDI_00246	MER0000310	38.426	216	118	6	285	499	63	264	1.55e-28	111
KCBELLDI_00246	MER0001699	37.963	216	117	8	285	498	62	262	2.10e-27	108
KCBELLDI_00246	MER0028365	35.686	255	123	10	285	526	125	351	1.45e-26	108
KCBELLDI_00246	MER0028365	42.647	68	37	2	64	131	47	112	5.95e-09	54.7
KCBELLDI_00246	MER0016978	32.432	259	131	10	251	484	49	288	7.89e-25	102
KCBELLDI_00246	MER0001928	36.150	213	113	7	285	494	62	254	9.23e-25	100
KCBELLDI_00246	MER0001709	35.088	228	112	8	285	491	99	311	9.58e-25	102
KCBELLDI_00246	MER0077555	33.984	256	137	8	254	507	47	272	1.26e-24	100
KCBELLDI_00246	MER0002057	33.333	246	124	8	278	484	95	339	1.40e-24	102
KCBELLDI_00246	MER0001520	35.455	220	120	8	278	494	54	254	3.62e-24	99.0
KCBELLDI_00246	MER0000315	35.000	220	121	8	278	494	54	254	8.61e-24	97.8
KCBELLDI_00246	MER0001906	34.545	220	122	8	278	494	54	254	4.27e-23	95.9
KCBELLDI_00246	MER0005821	35.263	190	108	7	285	470	86	264	4.55e-23	99.0
KCBELLDI_00246	MER0000333	38.028	213	112	7	285	496	64	257	2.57e-22	93.6
KCBELLDI_00246	MER0000320	35.047	214	119	8	285	491	69	269	4.23e-22	93.6
KCBELLDI_00246	MER0000321	32.234	273	144	13	233	491	110	355	1.18e-21	93.2
KCBELLDI_00246	MER0002575	37.696	191	95	9	281	467	67	237	1.36e-21	91.7
KCBELLDI_00246	MER0002562	35.169	236	106	10	285	495	117	330	1.56e-21	92.8
KCBELLDI_00246	MER0000309	37.788	217	118	8	285	499	63	264	1.99e-21	91.3
KCBELLDI_00246	MER0000316	32.258	217	126	6	285	499	61	258	2.64e-21	90.9
KCBELLDI_00246	MER0013656	34.615	208	117	9	285	491	61	250	3.48e-21	90.5
KCBELLDI_00246	MER0001521	34.081	223	132	6	278	499	57	265	6.69e-21	89.7
KCBELLDI_00246	MER0000313	34.081	223	132	6	278	499	57	265	8.09e-21	89.4
KCBELLDI_00246	MER0054318	37.500	192	110	7	279	468	61	244	2.38e-20	89.0
KCBELLDI_00246	MER0001523	32.895	228	128	6	278	499	57	265	4.71e-20	87.0
KCBELLDI_00246	MER0000312	32.895	228	128	6	278	499	57	265	4.71e-20	87.0
KCBELLDI_00246	MER0000362	32.589	224	115	9	285	487	99	307	4.78e-20	88.2
KCBELLDI_00246	MER0006023	32.143	224	121	6	285	491	102	311	7.54e-20	87.8
KCBELLDI_00246	MER0081072	32.627	236	134	10	258	487	31	247	1.30e-19	85.5
KCBELLDI_00246	MER0001755	33.184	223	134	6	278	499	57	265	1.85e-19	85.5
KCBELLDI_00246	MER0016697	33.205	259	123	12	272	495	84	327	1.97e-19	86.7
KCBELLDI_00246	MER0062058	34.444	270	148	11	233	488	5	259	3.66e-19	86.7
KCBELLDI_00246	MER0062058	55.556	54	24	0	84	137	1	54	1.39e-12	66.2
KCBELLDI_00246	MER0030016	31.970	269	137	13	233	487	40	276	3.96e-19	84.3
KCBELLDI_00246	MER0000361	33.906	233	111	11	285	490	105	321	6.42e-19	85.1
KCBELLDI_00246	MER0000311	34.978	223	130	7	278	499	57	265	1.39e-18	82.8
KCBELLDI_00246	MER0001725	35.071	211	118	8	263	470	78	272	2.54e-18	82.8
KCBELLDI_00246	MER0004085	32.432	222	119	9	285	486	96	306	3.85e-18	82.4
KCBELLDI_00246	MER0016983	34.286	210	95	9	285	472	71	259	4.18e-18	82.0
KCBELLDI_00246	MER0004720	30.677	251	131	11	249	491	49	264	6.57e-18	80.9
KCBELLDI_00246	MER0005931	32.143	252	132	6	254	499	15	233	1.77e-17	79.0
KCBELLDI_00246	MER0000326	31.298	262	132	11	247	499	44	266	2.01e-17	80.1
KCBELLDI_00246	MER0000349	29.839	248	128	11	277	491	136	370	2.28e-17	80.9
KCBELLDI_00246	MER0000319	32.178	202	119	8	282	482	66	250	2.83e-17	79.0
KCBELLDI_00246	MER0002516	32.273	220	120	9	277	490	73	269	2.96e-17	79.3
KCBELLDI_00246	MER0042897	37.327	217	118	7	278	491	59	260	6.51e-17	78.2
KCBELLDI_00246	MER0014744	31.416	226	125	6	275	481	85	299	1.59e-16	77.8
KCBELLDI_00246	MER0003536	30.357	224	121	8	285	487	71	280	2.03e-16	77.0
KCBELLDI_00246	MER0050309	29.057	265	144	13	251	491	3	247	3.39e-16	77.8
KCBELLDI_00246	MER0019280	32.906	234	122	11	282	493	70	290	6.24e-16	75.5
KCBELLDI_00246	MER0000347	27.925	265	144	8	282	522	116	357	8.33e-16	76.6
KCBELLDI_00246	MER0006074	30.400	250	131	10	251	489	59	276	1.15e-15	74.7
KCBELLDI_00246	MER0005078	33.333	243	117	12	251	483	58	265	1.75e-15	73.9
KCBELLDI_00246	MER0002790	34.112	214	115	6	285	481	1	205	5.68e-15	71.6
KCBELLDI_00246	MER0000359	31.200	250	127	14	249	488	64	278	5.49e-14	69.7
KCBELLDI_00246	MER0002267	29.952	207	123	9	285	487	71	259	6.54e-14	69.3
KCBELLDI_00246	MER0006037	30.165	242	126	9	251	484	58	264	1.34e-13	68.2
KCBELLDI_00246	MER0000358	29.577	213	114	9	285	483	71	261	2.02e-13	68.6
KCBELLDI_00246	MER0000356	31.222	221	113	9	285	490	89	285	2.07e-13	68.6
KCBELLDI_00246	MER0155676	28.936	235	131	10	284	488	124	352	2.55e-13	68.6
KCBELLDI_00246	MER0155676	46.296	54	29	0	78	131	37	90	5.01e-06	45.4
KCBELLDI_00246	MER0003117	33.810	210	106	9	282	481	72	258	2.68e-13	67.4
KCBELLDI_00246	MER0005712	26.744	258	133	8	283	487	86	340	6.88e-13	67.0
KCBELLDI_00246	MER0014446	32.558	215	108	8	285	484	197	389	9.70e-13	67.0
KCBELLDI_00246	MER0161312	30.802	237	123	10	285	484	94	326	1.33e-12	65.9
KCBELLDI_00246	MER0067924	27.468	233	117	9	285	486	63	274	2.24e-12	64.3
KCBELLDI_00246	MER0002500	31.579	209	104	10	285	468	157	351	2.26e-12	65.5
KCBELLDI_00246	MER0016688	27.099	262	145	10	282	511	71	318	6.07e-12	63.5
KCBELLDI_00246	MER0000325	32.857	210	113	8	285	489	70	256	7.44e-12	63.5
KCBELLDI_00246	MER0028258	29.740	269	144	11	270	493	87	355	1.22e-11	63.2
KCBELLDI_00246	MER0001454	38.947	95	40	3	416	492	238	332	1.84e-11	62.4
KCBELLDI_00246	MER0000338	32.035	231	121	13	285	506	72	275	2.10e-11	61.6
KCBELLDI_00246	MER0000357	31.707	205	100	10	285	473	77	257	2.44e-11	61.6
KCBELLDI_00246	MER0001467	36.458	96	41	3	416	491	245	340	2.56e-11	62.0
KCBELLDI_00246	MER0004123	28.033	239	127	9	282	484	76	305	3.64e-11	61.2
KCBELLDI_00246	MER0000340	30.258	271	138	14	237	489	38	275	5.29e-11	60.5
KCBELLDI_00246	MER0000351	29.032	217	110	9	272	469	93	284	8.67e-11	59.7
KCBELLDI_00246	MER0024902	27.397	219	135	7	285	487	97	307	9.06e-11	60.1
KCBELLDI_00246	MER0000329	25.632	277	125	10	285	491	76	341	1.19e-10	60.1
KCBELLDI_00246	MER0000353	29.126	206	110	7	272	463	144	327	1.25e-10	59.7
KCBELLDI_00246	MER0016991	28.054	221	114	10	285	474	78	284	1.30e-10	59.7
KCBELLDI_00246	MER0005699	23.473	311	161	12	236	487	78	370	1.35e-10	60.1
KCBELLDI_00246	MER0000389	30.204	245	113	13	285	487	77	305	1.51e-10	59.7
KCBELLDI_00246	MER0014309	38.384	99	43	3	416	496	238	336	1.73e-10	59.3
KCBELLDI_00246	MER0114485	28.959	221	119	8	285	468	106	325	1.81e-10	59.7
KCBELLDI_00246	MER0014312	38.710	93	37	3	420	492	313	405	2.17e-10	59.3
KCBELLDI_00246	MER0005859	28.854	253	126	11	285	495	242	482	2.74e-10	59.3
KCBELLDI_00246	MER0014085	24.453	274	141	11	285	496	87	356	4.19e-10	58.5
KCBELLDI_00246	MER0000335	31.401	207	111	10	285	483	69	252	4.89e-10	57.4
KCBELLDI_00246	MER0004869	26.087	276	132	12	285	491	82	354	5.64e-10	58.2
KCBELLDI_00246	MER0000328	30.612	196	107	10	285	470	72	248	8.65e-10	56.6
KCBELLDI_00246	MER0006048	25.651	269	131	9	285	487	85	350	9.70e-10	57.4
KCBELLDI_00246	MER0014310	36.082	97	42	3	420	496	311	407	9.87e-10	57.4
KCBELLDI_00246	MER0016986	27.419	248	126	11	285	485	90	330	9.99e-10	57.0
KCBELLDI_00246	MER0055027	32.143	196	106	10	251	443	42	213	1.14e-09	57.0
KCBELLDI_00246	MER0000350	26.506	249	123	9	285	485	90	326	1.25e-09	56.6
KCBELLDI_00246	MER0003020	26.168	321	133	14	219	470	181	466	1.43e-09	57.0
KCBELLDI_00246	MER0014325	36.559	93	37	3	421	491	247	339	1.86e-09	56.2
KCBELLDI_00246	MER0013641	25.833	240	140	10	284	496	82	310	1.98e-09	56.2
KCBELLDI_00246	MER0001368	24.125	257	141	9	282	487	82	335	2.20e-09	56.2
KCBELLDI_00246	MER0006297	25.403	248	141	10	270	485	250	485	2.38e-09	56.2
KCBELLDI_00246	MER0005790	30.049	203	96	8	284	467	93	268	2.60e-09	55.1
KCBELLDI_00246	MER0015432	26.515	264	133	10	285	487	87	350	2.79e-09	55.8
KCBELLDI_00246	MER0000344	29.108	213	113	10	285	483	88	276	3.42e-09	55.1
KCBELLDI_00246	MER0003122	30.102	196	94	9	335	487	150	345	3.65e-09	55.5
KCBELLDI_00246	MER0006036	33.636	110	58	3	411	505	349	458	4.12e-09	55.5
KCBELLDI_00246	MER0002764	32.000	200	103	12	285	479	89	260	4.61e-09	54.7
KCBELLDI_00246	MER0037258	26.818	220	140	7	285	487	80	295	4.86e-09	54.7
KCBELLDI_00246	MER0015431	27.132	258	132	11	285	487	86	342	1.36e-08	53.5
KCBELLDI_00246	MER0000336	27.895	190	106	7	285	466	81	247	1.45e-08	53.1
KCBELLDI_00246	MER0014300	28.571	245	125	11	285	487	79	315	1.55e-08	53.5
KCBELLDI_00246	MER0014311	35.577	104	47	3	416	499	308	411	1.71e-08	53.5
KCBELLDI_00246	MER0005756	26.616	263	133	11	285	487	112	374	1.99e-08	53.1
KCBELLDI_00246	MER0014313	33.333	111	51	4	420	510	287	394	2.11e-08	53.1
KCBELLDI_00246	MER0006049	24.912	285	134	10	285	494	85	364	2.11e-08	53.1
KCBELLDI_00246	MER0000348	26.638	229	114	8	285	467	88	308	2.87e-08	52.4
KCBELLDI_00246	MER0011813	33.673	98	45	2	418	495	346	443	5.19e-08	52.0
KCBELLDI_00246	MER0001561	24.051	237	134	10	292	491	206	433	6.40e-08	51.6
KCBELLDI_00246	MER0022415	24.434	221	135	9	280	489	78	277	6.49e-08	51.6
KCBELLDI_00246	MER0001451	26.103	272	145	8	272	487	47	318	6.63e-08	51.2
KCBELLDI_00246	MER0050310	25.877	228	138	11	305	516	120	332	7.03e-08	51.6
KCBELLDI_00246	MER0005610	36.364	77	38	2	431	496	267	343	8.13e-08	51.2
KCBELLDI_00246	MER0004641	24.535	269	137	10	285	487	86	354	8.49e-08	51.2
KCBELLDI_00246	MER0015427	24.151	265	146	10	285	494	86	350	8.86e-08	51.2
KCBELLDI_00246	MER0005760	32.979	94	45	3	416	491	246	339	9.23e-08	50.8
KCBELLDI_00246	MER0068994	29.752	242	105	12	285	468	109	343	1.15e-07	50.8
KCBELLDI_00246	MER0002771	26.441	295	138	13	266	487	41	329	1.85e-07	50.1
KCBELLDI_00246	MER0015428	26.923	260	131	13	281	487	80	333	2.46e-07	49.7
KCBELLDI_00246	MER0175622	26.136	264	152	11	265	509	61	300	2.66e-07	49.3
KCBELLDI_00246	MER0000364	28.112	249	137	12	264	492	53	279	2.75e-07	49.3
KCBELLDI_00246	MER0015438	32.609	92	47	2	411	487	359	450	2.88e-07	49.7
KCBELLDI_00246	MER0013896	33.333	93	43	2	420	493	359	451	3.04e-07	49.7
KCBELLDI_00246	MER0004516	27.969	261	127	9	285	494	83	333	3.06e-07	49.3
KCBELLDI_00246	MER0015435	34.211	76	38	1	431	494	381	456	3.19e-07	49.7
KCBELLDI_00246	MER0005700	33.721	86	43	3	415	487	273	357	3.46e-07	49.3
KCBELLDI_00246	MER0025143	25.090	279	147	9	231	470	17	272	4.92e-07	48.5
KCBELLDI_00246	MER0197239	29.870	77	41	1	431	494	363	439	1.55e-06	47.4
KCBELLDI_00246	MER0015433	34.568	81	40	3	420	487	354	434	1.85e-06	47.0
KCBELLDI_00246	MER0011791	47.826	46	22	1	444	487	375	420	2.25e-06	47.0
KCBELLDI_00246	MER0005757	23.985	271	137	10	285	487	87	356	2.54e-06	46.6
KCBELLDI_00246	MER0005034	30.208	96	47	3	416	491	342	437	3.18e-06	46.2
KCBELLDI_00246	MER0014315	24.742	194	115	5	321	487	158	347	4.44e-06	45.8
KCBELLDI_00246	MER0080418	28.467	137	81	6	365	491	211	340	6.84e-06	45.1
KCBELLDI_00246	MER0087792	23.907	343	215	13	199	498	3	342	7.99e-06	44.7
KCBELLDI_00246	MER0004988	25.229	218	139	8	285	491	71	275	9.57e-06	44.3
KCBELLDI_00253	MER0017069	32.131	305	201	4	40	341	12	313	3.99e-48	167
KCBELLDI_00253	MER0026262	29.379	354	228	9	24	359	1	350	2.38e-35	132
KCBELLDI_00253	MER0011700	27.557	352	212	11	39	351	17	364	8.96e-27	108
KCBELLDI_00253	MER0000457	23.476	328	240	7	26	352	12	329	1.33e-24	101
KCBELLDI_00253	MER0028284	26.380	326	207	9	29	337	7	316	8.21e-24	99.4
KCBELLDI_00253	MER1143079	29.310	290	180	10	45	332	17	283	3.97e-22	93.6
KCBELLDI_00253	MER0002489	29.217	332	205	11	39	351	24	344	5.57e-22	94.4
KCBELLDI_00253	MER0140154	25.148	338	215	10	39	339	2	338	1.71e-19	86.7
KCBELLDI_00253	MER0005964	27.016	248	172	7	21	268	3	241	2.42e-18	83.6
KCBELLDI_00253	MER0000459	24.603	252	174	9	23	263	8	254	2.32e-17	80.5
KCBELLDI_00253	MER0005836	29.208	202	123	7	20	211	10	201	3.90e-16	75.1
KCBELLDI_00253	MER0004090	25.000	360	213	16	25	334	10	362	4.98e-16	77.0
KCBELLDI_00253	MER0005923	33.884	121	75	1	18	133	3	123	9.20e-15	73.2
KCBELLDI_00253	MER0003800	25.410	366	222	15	16	334	8	369	5.48e-13	67.4
KCBELLDI_00253	MER0354941	29.798	198	102	9	39	211	11	196	8.31e-13	64.3
KCBELLDI_00253	MER0003802	27.523	218	135	8	45	256	22	222	1.20e-12	65.9
KCBELLDI_00253	MER0219770	25.100	251	161	9	72	310	48	283	4.30e-12	63.9
KCBELLDI_00253	MER0005925	23.179	302	210	7	37	322	16	311	1.54e-11	62.8
KCBELLDI_00253	MER0000463	22.254	355	214	11	39	351	17	351	7.92e-11	60.5
KCBELLDI_00253	MER0006204	27.222	180	113	7	45	210	27	202	9.69e-11	60.5
KCBELLDI_00253	MER0015683	27.222	180	112	5	40	211	40	208	8.84e-09	53.9
KCBELLDI_00253	MER0281397	28.125	224	110	12	76	274	2	199	2.37e-08	51.2
KCBELLDI_00253	MER0192873	26.957	230	142	10	76	283	2	227	2.77e-08	51.6
KCBELLDI_00295	MER0031431	33.058	121	75	2	110	224	37	157	6.98e-14	64.7
KCBELLDI_00295	MER0031432	28.481	158	104	4	75	224	1	157	8.11e-12	58.9
KCBELLDI_00295	MER0031433	28.777	139	94	3	75	209	1	138	1.55e-11	58.2
KCBELLDI_00295	MER0034659	34.375	96	58	2	119	209	45	140	3.45e-10	54.7
KCBELLDI_00295	MER0044553	29.851	134	82	4	101	228	10	137	9.77e-09	50.1
KCBELLDI_00295	MER0002601	27.083	96	51	3	111	193	5	94	1.17e-08	49.7
KCBELLDI_00295	MER0014721	30.108	93	55	3	107	195	24	110	1.57e-08	49.7
KCBELLDI_00295	MER0002455	27.848	79	51	2	125	203	30	102	9.59e-07	44.3
KCBELLDI_00295	MER0019092	34.286	70	40	2	126	195	48	111	6.21e-06	42.4
KCBELLDI_00344	MER0025086	56.911	123	47	2	184	300	1	123	2.35e-41	137
KCBELLDI_00344	MER0029657	45.902	122	58	5	183	300	28	145	2.39e-22	88.2
KCBELLDI_00344	MER0011122	34.091	132	74	5	184	302	17	148	1.03e-13	64.7
KCBELLDI_00369	MER0002489	31.290	310	196	7	46	339	32	340	8.20e-34	126
KCBELLDI_00369	MER0000459	29.740	269	165	8	57	306	42	305	1.93e-32	123
KCBELLDI_00369	MER0005964	27.152	302	175	6	57	324	40	330	3.90e-32	122
KCBELLDI_00369	MER0026262	28.483	323	208	8	41	341	20	341	1.50e-31	120
KCBELLDI_00369	MER0017069	23.676	321	216	9	29	330	1	311	4.47e-26	104
KCBELLDI_00369	MER1143079	30.677	251	141	6	34	275	7	233	4.83e-26	103
KCBELLDI_00369	MER0003802	28.063	253	157	8	30	275	9	243	5.19e-20	87.0
KCBELLDI_00369	MER0028284	23.510	302	194	10	56	335	34	320	2.88e-18	82.4
KCBELLDI_00369	MER0011700	22.892	332	211	12	41	328	20	350	2.14e-16	77.0
KCBELLDI_00369	MER0000457	21.317	319	219	12	25	325	8	312	2.49e-16	76.6
KCBELLDI_00369	MER0005925	25.322	233	155	5	41	258	21	249	6.63e-16	75.5
KCBELLDI_00369	MER0140154	22.090	335	215	10	41	330	5	338	1.36e-15	74.3
KCBELLDI_00369	MER0005836	27.778	234	144	8	41	261	29	250	2.20e-14	69.7
KCBELLDI_00369	MER0219770	24.715	263	161	8	71	312	48	294	4.69e-12	63.5
KCBELLDI_00369	MER0122661	27.586	174	119	4	39	208	16	186	3.20e-11	61.2
KCBELLDI_00369	MER0004090	26.816	179	111	6	48	208	34	210	1.91e-10	58.9
KCBELLDI_00369	MER0356183	25.957	235	148	9	48	262	7	235	2.93e-10	57.0
KCBELLDI_00369	MER0015683	23.958	192	133	5	24	208	24	209	7.99e-10	56.6
KCBELLDI_00369	MER0004154	20.253	237	173	6	41	271	20	246	1.94e-09	55.8
KCBELLDI_00369	MER0011726	25.146	171	116	5	22	188	4	166	6.78e-09	54.3
KCBELLDI_00369	MER0000463	22.093	172	119	3	56	225	34	192	7.65e-09	53.9
KCBELLDI_00369	MER0354941	25.000	196	114	9	38	208	10	197	2.30e-07	48.1
KCBELLDI_00369	MER0005923	29.310	116	72	3	25	130	7	122	5.54e-07	48.1
KCBELLDI_00369	MER0192873	23.474	213	123	9	74	258	1	201	1.57e-06	45.8
KCBELLDI_00414	MER0004480	25.255	392	217	12	11	397	4	324	6.44e-20	87.0
KCBELLDI_00414	MER0004468	28.378	222	140	6	223	435	207	418	6.46e-14	70.1
KCBELLDI_00414	MER0897124	29.075	227	132	6	223	435	207	418	1.55e-12	65.9
KCBELLDI_00414	MER0897124	27.746	173	95	7	77	228	147	310	1.34e-06	47.0
KCBELLDI_00414	MER0004469	25.728	206	124	9	7	190	8	206	4.90e-11	60.8
KCBELLDI_00414	MER0004474	29.915	117	63	5	10	120	88	191	6.87e-10	57.4
KCBELLDI_00414	MER0004474	25.843	178	97	7	278	435	198	360	6.11e-07	48.1
KCBELLDI_00414	MER0004471	27.143	140	86	6	10	146	94	220	8.92e-09	53.9
KCBELLDI_00414	MER0004471	32.468	77	51	1	360	435	290	366	1.31e-06	47.0
KCBELLDI_00415	MER0011440	35.200	125	63	4	321	434	80	197	1.59e-16	75.9
KCBELLDI_00415	MER0001009	28.426	197	111	6	322	503	20	201	6.69e-15	71.2
KCBELLDI_00415	MER0001005	33.613	119	74	2	321	434	46	164	8.96e-15	70.1
KCBELLDI_00415	MER0002746	28.205	156	104	4	318	468	78	230	2.62e-14	69.7
KCBELLDI_00415	MER0002968	34.677	124	70	3	318	434	83	202	3.98e-14	68.9
KCBELLDI_00415	MER0091680	32.432	148	91	6	322	464	72	215	4.09e-14	68.9
KCBELLDI_00415	MER0011369	36.290	124	63	4	321	434	95	212	4.80e-14	68.9
KCBELLDI_00415	MER0011438	32.258	124	66	4	322	434	81	197	6.33e-14	68.2
KCBELLDI_00415	MER0005328	32.653	147	81	6	305	434	49	194	2.17e-13	66.2
KCBELLDI_00415	MER0168983	30.128	156	92	7	287	433	1	148	2.73e-13	65.1
KCBELLDI_00415	MER0002078	32.051	156	90	6	322	468	82	230	4.23e-13	66.2
KCBELLDI_00415	MER0168177	28.221	163	87	4	287	433	1	149	4.59e-13	64.7
KCBELLDI_00415	MER0005046	32.000	125	75	4	319	436	66	187	5.52e-13	65.1
KCBELLDI_00415	MER0015166	26.415	212	121	5	255	434	10	218	5.63e-13	65.9
KCBELLDI_00415	MER0005045	33.600	125	65	4	323	436	70	187	7.34e-13	64.7
KCBELLDI_00415	MER0002060	29.630	135	75	5	322	452	87	205	1.94e-12	63.9
KCBELLDI_00415	MER0001010	30.625	160	83	5	322	466	61	207	2.95e-12	63.2
KCBELLDI_00415	MER0002210	27.500	120	78	4	322	434	39	156	2.98e-12	62.0
KCBELLDI_00415	MER0019754	29.600	125	74	2	320	434	62	182	3.42e-12	62.8
KCBELLDI_00415	MER0019759	29.299	157	94	5	321	468	81	229	3.55e-12	63.5
KCBELLDI_00415	MER0006264	28.099	121	77	3	322	435	53	170	9.38e-12	61.2
KCBELLDI_00415	MER0011423	31.667	120	72	4	322	434	85	201	1.64e-11	61.2
KCBELLDI_00415	MER0011370	33.065	124	63	4	323	434	82	197	2.33e-11	60.5
KCBELLDI_00415	MER0011175	26.016	123	73	4	323	434	82	197	3.23e-11	60.1
KCBELLDI_00415	MER0002003	31.933	119	74	3	322	434	87	204	3.42e-11	60.5
KCBELLDI_00415	MER0004243	31.783	129	69	4	321	436	83	205	3.44e-11	60.5
KCBELLDI_00415	MER0011183	28.105	153	98	5	323	468	75	222	3.85e-11	60.1
KCBELLDI_00415	MER0036308	30.488	164	95	7	305	454	58	216	4.58e-11	60.1
KCBELLDI_00415	MER0011371	29.060	117	79	1	322	434	82	198	6.02e-11	59.3
KCBELLDI_00415	MER0011401	33.333	120	73	3	322	434	75	194	6.49e-11	59.3
KCBELLDI_00415	MER0000997	32.331	133	73	5	321	442	84	210	7.10e-11	59.3
KCBELLDI_00415	MER0005331	28.448	116	78	3	323	434	83	197	8.28e-11	58.9
KCBELLDI_00415	MER0011720	28.646	192	112	8	259	434	7	189	1.23e-10	58.5
KCBELLDI_00415	MER0001185	30.435	115	78	1	322	434	88	202	1.53e-10	58.5
KCBELLDI_00415	MER0001017	27.570	214	126	11	262	453	16	222	1.54e-10	58.9
KCBELLDI_00415	MER0001701	28.226	124	72	3	322	434	70	187	3.77e-10	57.4
KCBELLDI_00415	MER0002355	27.895	190	116	7	262	434	10	195	6.05e-10	56.6
KCBELLDI_00415	MER0028449	32.000	125	69	7	322	434	88	208	6.62e-10	56.6
KCBELLDI_00415	MER0001012	24.519	208	122	9	255	434	3	203	2.01e-09	55.1
KCBELLDI_00415	MER0001003	28.906	128	75	4	323	439	55	177	2.08e-09	54.3
KCBELLDI_00415	MER0002422	28.205	117	82	2	319	434	78	193	3.34e-09	54.3
KCBELLDI_00415	MER0003916	25.862	116	79	3	322	434	70	181	3.58e-09	53.9
KCBELLDI_00415	MER0052595	28.462	130	65	3	322	434	89	207	9.48e-09	53.1
KCBELLDI_00415	MER0002281	33.607	122	63	6	305	410	61	180	2.54e-08	52.0
KCBELLDI_00415	MER0012283	26.943	193	115	8	263	435	17	203	4.08e-08	51.2
KCBELLDI_00415	MER0002755	42.857	56	25	2	305	353	50	105	4.91e-08	50.8
KCBELLDI_00415	MER0011400	27.869	122	74	3	324	436	84	200	5.95e-08	50.8
KCBELLDI_00415	MER0011345	29.518	166	96	8	305	453	60	221	6.96e-08	50.8
KCBELLDI_00415	MER0016308	25.434	173	97	7	288	434	4	170	2.23e-07	48.5
KCBELLDI_00415	MER0026830	51.515	33	16	0	321	353	82	114	4.15e-07	47.8
KCBELLDI_00415	MER0171631	50.000	38	19	0	324	361	85	122	1.28e-06	46.6
KCBELLDI_00415	MER0019096	25.676	148	99	4	323	470	61	197	2.40e-06	45.4
KCBELLDI_00415	MER0001013	40.299	67	33	2	305	364	61	127	2.43e-06	46.2
KCBELLDI_00415	MER0012271	25.000	112	77	2	323	427	86	197	2.84e-06	45.8
KCBELLDI_00415	MER0001525	37.209	43	27	0	319	361	87	129	3.33e-06	45.4
KCBELLDI_00415	MER0026493	30.556	72	47	1	319	387	75	146	4.73e-06	44.3
KCBELLDI_00415	MER0002658	26.950	141	85	5	325	453	1	135	5.46e-06	43.9
KCBELLDI_00415	MER0040779	28.814	118	69	3	322	436	81	186	6.26e-06	44.3
KCBELLDI_00415	MER0002865	27.586	145	82	5	305	432	17	155	6.77e-06	43.9
KCBELLDI_00435	MER0014135	42.264	265	153	0	184	448	1	265	9.31e-75	233
KCBELLDI_00435	MER0003359	24.074	108	80	2	347	452	115	222	1.55e-06	46.2
KCBELLDI_00442	MER0012158	37.685	337	136	10	2	266	1	335	7.77e-59	197
KCBELLDI_00442	MER0003327	47.248	218	110	4	2	218	1	214	1.35e-58	193
KCBELLDI_00442	MER0185695	37.054	224	131	3	2	218	1	221	2.17e-45	157
KCBELLDI_00442	MER0003350	41.546	207	97	6	2	185	1	206	1.55e-43	152
KCBELLDI_00442	MER0003322	39.614	207	98	7	2	182	1	206	1.56e-38	138
KCBELLDI_00442	MER0011781	31.746	189	117	6	2	185	1	182	2.10e-16	75.9
KCBELLDI_00442	MER0011806	28.191	188	126	5	2	185	1	183	3.60e-14	69.3
KCBELLDI_00442	MER0004101	29.444	180	115	6	2	177	1	172	4.60e-14	68.9
KCBELLDI_00442	MER0003314	29.861	144	90	3	2	134	1	144	3.00e-13	67.0
KCBELLDI_00507	MER0037236	29.365	252	156	6	10	240	11	261	2.73e-26	100
KCBELLDI_00507	MER0004146	26.718	262	163	9	4	240	4	261	3.70e-20	83.6
KCBELLDI_00507	MER0017033	25.660	265	158	9	3	240	48	300	4.12e-16	73.2
KCBELLDI_00507	MER0036057	24.590	244	154	7	19	240	63	298	8.69e-15	69.3
KCBELLDI_00507	MER0031611	23.810	273	172	8	8	248	24	292	1.59e-13	65.9
KCBELLDI_00507	MER0036074	23.881	201	117	5	80	246	186	384	1.61e-12	63.2
KCBELLDI_00507	MER0036066	22.041	245	162	7	19	239	1	240	8.75e-12	60.1
KCBELLDI_00507	MER0036053	25.564	266	153	11	14	240	4	263	1.20e-11	60.1
KCBELLDI_00507	MER0031610	21.318	258	163	8	19	247	55	301	2.11e-09	53.5
KCBELLDI_00507	MER0011509	29.927	137	82	5	3	126	21	156	5.07e-09	52.8
KCBELLDI_00507	MER0003537	22.886	201	125	7	77	249	87	285	1.03e-08	51.6
KCBELLDI_00507	MER0035973	25.281	178	117	4	73	239	114	286	1.34e-08	51.2
KCBELLDI_00507	MER0036076	23.729	177	109	6	78	238	125	291	1.29e-07	48.1
KCBELLDI_00507	MER0036054	22.275	211	131	6	63	240	64	274	2.41e-07	47.4
KCBELLDI_00507	MER0036073	24.590	244	153	11	19	239	80	315	5.84e-07	46.6
KCBELLDI_00507	MER0031569	26.351	148	89	6	83	229	105	233	6.74e-07	45.8
KCBELLDI_00507	MER0031614	21.012	257	158	9	19	247	84	323	1.10e-06	45.8
KCBELLDI_00507	MER0036068	24.719	178	117	5	78	238	116	293	1.17e-06	45.4
KCBELLDI_00507	MER0036067	21.488	242	162	9	19	237	52	288	1.39e-06	45.1
KCBELLDI_00507	MER0033259	24.800	250	163	8	10	246	22	259	5.64e-06	43.1
KCBELLDI_00507	MER0014065	27.928	111	72	4	7	110	21	130	5.88e-06	43.5
KCBELLDI_00507	MER0036036	23.889	180	110	7	70	242	89	248	8.48e-06	42.7
KCBELLDI_00507	MER0011785	27.559	127	74	5	11	124	27	148	9.30e-06	42.7
KCBELLDI_00535	MER0003380	37.344	241	134	6	145	380	12	240	9.97e-44	149
KCBELLDI_00535	MER0069741	42.857	161	87	4	223	380	13	171	1.28e-32	118
KCBELLDI_00535	MER0013541	55.294	85	38	0	278	362	1	85	2.90e-25	95.5
KCBELLDI_00535	MER0066182	44.167	120	55	3	257	371	74	186	9.40e-21	86.7
KCBELLDI_00535	MER0387040	46.316	95	50	1	278	371	1	95	1.06e-18	77.8
KCBELLDI_00535	MER0003376	37.313	134	60	4	253	371	29	153	5.69e-17	75.1
KCBELLDI_00535	MER0001419	38.372	86	51	2	278	361	32	117	9.12e-12	59.7
KCBELLDI_00535	MER0003423	39.535	86	50	2	278	361	32	117	2.33e-11	58.5
KCBELLDI_00535	MER0003906	36.000	100	58	3	278	371	1	100	3.25e-11	57.0
KCBELLDI_00535	MER0025070	36.000	100	53	4	276	365	4	102	2.53e-10	54.7
KCBELLDI_00535	MER0388771	36.735	98	51	4	278	365	2	98	3.03e-10	54.3
KCBELLDI_00535	MER0005300	36.735	98	59	1	274	371	64	158	3.53e-10	55.5
KCBELLDI_00535	MER0015415	33.721	86	56	1	278	362	64	149	6.65e-09	52.0
KCBELLDI_00557	MER0011781	23.675	283	153	11	38	319	17	237	4.07e-10	57.4
KCBELLDI_00564	MER0036053	35.714	112	72	0	29	140	4	115	1.20e-17	77.4
KCBELLDI_00564	MER0036054	35.644	101	63	2	34	132	17	117	6.70e-15	69.7
KCBELLDI_00564	MER0014065	31.633	98	65	1	34	129	35	132	2.24e-13	65.9
KCBELLDI_00564	MER0036115	31.373	102	68	1	31	130	33	134	6.19e-13	64.3
KCBELLDI_00564	MER0036057	35.398	113	70	2	34	143	63	175	7.59e-12	61.2
KCBELLDI_00564	MER0011785	29.496	139	89	3	18	148	21	158	9.24e-12	61.2
KCBELLDI_00564	MER0017177	24.603	126	92	2	16	138	17	142	1.15e-11	60.8
KCBELLDI_00564	MER0031611	24.306	288	180	12	13	272	16	293	1.87e-11	60.1
KCBELLDI_00564	MER0036072	29.134	127	78	3	27	141	71	197	2.09e-11	60.1
KCBELLDI_00564	MER0036065	30.275	109	69	1	32	133	1	109	2.15e-11	59.7
KCBELLDI_00564	MER0035043	31.532	111	71	2	33	138	35	145	8.51e-11	58.2
KCBELLDI_00564	MER0031617	27.586	116	82	1	29	142	30	145	1.46e-10	57.4
KCBELLDI_00564	MER0036084	22.835	254	176	7	28	266	13	261	1.73e-10	57.0
KCBELLDI_00564	MER0031619	29.464	112	76	2	30	138	25	136	2.59e-10	56.6
KCBELLDI_00564	MER0017033	33.628	113	72	3	34	143	65	177	3.89e-10	56.2
KCBELLDI_00564	MER0017142	33.636	110	67	3	23	131	3	107	5.04e-10	55.5
KCBELLDI_00564	MER0031616	27.184	103	71	1	32	130	38	140	5.44e-10	55.8
KCBELLDI_00564	MER0004146	31.356	118	75	4	19	130	4	121	5.49e-10	55.5
KCBELLDI_00564	MER0044581	34.314	102	60	4	34	128	72	173	7.63e-10	55.5
KCBELLDI_00564	MER0011509	25.397	126	90	1	30	151	35	160	2.97e-09	53.5
KCBELLDI_00564	MER0026339	31.126	151	91	5	16	153	5	155	5.03e-09	52.8
KCBELLDI_00564	MER0035973	24.348	115	86	1	17	130	40	154	6.44e-09	52.4
KCBELLDI_00564	MER0035032	28.696	115	79	2	33	144	31	145	6.49e-09	52.4
KCBELLDI_00564	MER0036074	27.273	132	65	3	32	132	90	221	6.62e-09	52.8
KCBELLDI_00564	MER0035044	29.600	125	82	3	33	152	33	156	8.29e-09	52.4
KCBELLDI_00564	MER0044578	33.333	102	61	4	34	128	74	175	1.07e-08	52.0
KCBELLDI_00564	MER0031610	34.000	100	63	2	32	129	53	151	1.09e-08	52.0
KCBELLDI_00564	MER0036075	31.008	129	84	4	20	143	57	185	1.25e-08	52.0
KCBELLDI_00564	MER0035038	31.522	92	61	1	33	122	30	121	1.74e-08	51.2
KCBELLDI_00564	MER0017123	33.058	121	73	4	18	130	15	135	1.79e-08	51.2
KCBELLDI_00564	MER0044633	27.500	120	80	4	15	128	56	174	4.91e-08	50.1
KCBELLDI_00564	MER0213280	23.077	273	173	12	33	270	30	300	5.42e-08	49.7
KCBELLDI_00564	MER0037236	27.344	128	80	3	18	136	4	127	1.10e-07	48.5
KCBELLDI_00564	MER0044900	31.356	118	72	3	4	116	69	182	1.28e-07	48.9
KCBELLDI_00564	MER0042913	29.762	168	94	9	23	183	16	166	1.96e-07	47.8
KCBELLDI_00564	MER0043008	23.276	116	84	2	28	138	15	130	2.73e-07	47.4
KCBELLDI_00564	MER0036062	34.862	109	62	5	34	133	33	141	3.06e-07	47.4
KCBELLDI_00564	MER0035035	26.000	100	72	1	33	130	35	134	3.43e-07	47.4
KCBELLDI_00564	MER0036069	33.019	106	64	4	30	129	77	181	4.63e-07	47.0
KCBELLDI_00564	MER0017193	34.524	84	54	1	25	107	17	100	4.82e-07	46.6
KCBELLDI_00564	MER0213595	32.039	103	62	4	34	130	5	105	4.89e-07	46.6
KCBELLDI_00564	MER0036064	29.365	126	81	4	32	151	26	149	7.66e-07	46.2
KCBELLDI_00564	MER0213829	26.087	138	89	4	34	158	50	187	2.51e-06	44.7
KCBELLDI_00564	MER0031614	23.000	100	74	2	34	130	84	183	5.94e-06	43.5
KCBELLDI_00564	MER0036063	31.193	109	66	5	34	133	39	147	6.55e-06	43.5
KCBELLDI_00564	MER0030163	29.070	86	57	1	47	128	43	128	8.02e-06	43.1
KCBELLDI_00566	MER0001244	37.879	264	149	5	175	426	2	262	1.76e-54	179
KCBELLDI_00566	MER0013463	34.981	263	156	4	174	425	1	259	2.85e-49	165
KCBELLDI_00566	MER0001733	29.897	291	161	4	176	425	3	291	8.56e-43	149
KCBELLDI_00566	MER0028601	32.364	275	150	10	176	425	3	266	4.99e-40	141
KCBELLDI_00566	MER0004931	31.092	238	138	5	175	408	2	217	8.08e-34	123
KCBELLDI_00566	MER0005462	30.544	239	140	5	174	408	1	217	9.20e-32	118
KCBELLDI_00566	MER0004532	30.962	239	128	6	175	404	2	212	1.80e-31	117
KCBELLDI_00566	MER0001248	32.549	255	114	10	222	426	7	253	4.98e-29	111
KCBELLDI_00566	MER0005715	28.511	235	142	6	175	403	2	216	1.42e-22	92.8
KCBELLDI_00566	MER0002038	24.898	245	154	8	175	412	2	223	2.15e-15	72.0
KCBELLDI_00566	MER0001250	24.739	287	147	10	176	407	3	275	1.85e-13	67.4
KCBELLDI_00566	MER0027437	26.423	246	138	11	174	400	1	222	6.69e-13	65.1
KCBELLDI_00566	MER0016544	29.000	200	104	10	228	413	81	256	3.23e-11	60.5
KCBELLDI_00624	MER0013471	33.645	107	55	3	38	128	35	141	3.74e-08	51.6
KCBELLDI_00624	MER0015121	35.632	87	43	2	67	140	70	156	1.11e-06	47.0
KCBELLDI_00671	MER0000392	52.536	276	121	4	429	695	5	279	3.58e-96	295
KCBELLDI_00671	MER0022823	55.224	268	113	6	427	688	3	269	3.46e-94	290
KCBELLDI_00671	MER0005694	49.291	282	142	1	415	696	1	281	6.66e-94	290
KCBELLDI_00671	MER0015621	52.083	288	120	5	418	688	3	289	2.62e-93	288
KCBELLDI_00671	MER0981959	50.179	279	121	5	426	688	1	277	2.48e-88	275
KCBELLDI_00671	MER0079308	51.128	266	126	4	430	693	6	269	1.91e-87	272
KCBELLDI_00671	MER0002490	49.810	263	115	4	427	673	13	274	3.58e-84	265
KCBELLDI_00671	MER0011450	49.815	271	125	5	427	688	3	271	3.67e-83	261
KCBELLDI_00671	MER0325901	44.280	271	146	5	430	696	4	273	5.46e-69	224
KCBELLDI_00671	MER0000398	46.008	263	129	6	431	693	4	253	6.50e-67	218
KCBELLDI_00671	MER0003229	38.976	254	147	5	427	679	11	257	1.87e-51	177
KCBELLDI_00671	MER0000410	32.669	251	163	4	427	674	13	260	8.70e-41	147
KCBELLDI_00671	MER0011872	29.603	277	189	3	423	694	9	284	1.09e-31	122
KCBELLDI_00671	MER0082498	30.901	233	149	5	432	652	1	233	2.62e-27	109
KCBELLDI_00671	MER0004227	27.037	270	168	7	411	668	18	270	2.64e-23	97.8
KCBELLDI_00671	MER0082653	28.000	250	158	7	441	669	16	264	3.31e-23	97.1
KCBELLDI_00671	MER0001920	29.353	201	127	7	481	673	36	229	1.29e-06	47.0
KCBELLDI_00671	MER0005807	22.835	254	185	6	399	652	1	243	3.72e-06	45.8
KCBELLDI_00671	MER0192427	26.984	126	89	2	462	584	77	202	8.34e-06	45.1
KCBELLDI_00678	MER0034615	59.514	247	99	1	380	626	1	246	5.55e-112	333
KCBELLDI_00678	MER0000263	36.255	251	142	5	384	626	1	241	2.16e-50	172
KCBELLDI_00678	MER0016096	32.231	242	159	3	388	626	5	244	5.96e-46	160
KCBELLDI_00678	MER0011583	30.830	253	149	8	388	629	11	248	3.61e-30	116
KCBELLDI_00678	MER0017401	27.803	223	144	5	391	608	8	218	2.55e-20	87.4
KCBELLDI_00678	MER0000408	24.545	220	157	4	392	608	18	231	2.09e-19	85.1
KCBELLDI_00678	MER0005196	26.172	256	160	9	369	613	1	238	2.50e-18	82.0
KCBELLDI_00678	MER0001423	27.004	237	149	5	388	614	1	223	4.33e-17	77.8
KCBELLDI_00678	MER0003558	25.962	208	146	3	402	608	39	239	1.22e-16	77.0
KCBELLDI_00678	MER0005987	23.790	248	177	4	365	608	2	241	5.43e-16	75.5
KCBELLDI_00678	MER0015682	27.753	227	143	6	394	615	82	292	1.87e-15	74.3
KCBELLDI_00678	MER0001920	25.229	218	155	3	404	617	21	234	2.61e-15	72.8
KCBELLDI_00678	MER0058228	24.670	227	151	5	389	608	7	220	7.86e-15	71.6
KCBELLDI_00678	MER0004921	25.778	225	154	7	389	610	4	218	1.68e-14	70.5
KCBELLDI_00678	MER0005807	25.641	234	161	5	377	610	39	259	1.82e-14	70.9
KCBELLDI_00678	MER0195666	24.691	243	170	7	389	625	1	236	2.46e-14	70.1
KCBELLDI_00678	MER0140224	24.545	220	149	5	404	615	14	224	2.91e-14	69.7
KCBELLDI_00678	MER0000403	26.000	150	108	3	369	516	6	154	1.03e-12	65.5
KCBELLDI_00678	MER0000399	28.105	153	104	3	367	516	4	153	1.11e-12	65.5
KCBELLDI_00678	MER0018170	23.423	222	159	4	402	617	25	241	3.10e-12	63.9
KCBELLDI_00678	MER0000401	31.008	129	88	1	389	516	26	154	3.73e-12	63.9
KCBELLDI_00678	MER0013484	23.482	247	165	7	392	628	7	239	7.91e-12	62.4
KCBELLDI_00678	MER0011413	25.101	247	167	8	389	628	4	239	1.58e-11	61.6
KCBELLDI_00678	MER0006027	23.744	219	160	5	395	610	24	238	6.95e-09	53.9
KCBELLDI_00678	MER0004923	24.797	246	163	9	392	628	58	290	1.61e-08	53.1
KCBELLDI_00678	MER0014827	24.514	257	156	12	372	608	1	239	1.62e-08	52.8
KCBELLDI_00678	MER0022823	25.414	181	126	4	402	579	42	216	4.69e-08	51.6
KCBELLDI_00678	MER0000405	24.468	282	177	13	368	631	6	269	5.20e-08	51.6
KCBELLDI_00678	MER0192427	26.573	143	98	3	378	516	55	194	1.63e-07	50.1
KCBELLDI_00678	MER0003361	21.318	258	152	10	390	631	20	242	4.38e-07	48.5
KCBELLDI_00678	MER0011305	28.346	127	89	2	370	494	1	127	4.68e-07	48.5
KCBELLDI_00678	MER0002490	20.859	163	121	2	363	518	4	165	5.33e-07	48.5
KCBELLDI_00678	MER0011450	24.490	147	109	2	372	518	10	154	2.35e-06	46.6
KCBELLDI_00678	MER0000404	20.863	278	186	8	369	631	6	264	2.38e-06	46.2
KCBELLDI_00678	MER0004504	28.829	111	69	3	391	494	1	108	2.43e-06	46.2
KCBELLDI_00678	MER0003229	20.796	226	169	4	372	595	18	235	7.08e-06	45.1
KCBELLDI_00678	MER0015621	20.482	166	122	3	361	518	2	165	9.10e-06	44.7
KCBELLDI_00686	MER0003242	40.476	84	50	0	365	448	214	297	6.28e-13	66.2
KCBELLDI_00687	MER0003242	49.333	300	148	2	111	410	3	298	1.93e-105	311
KCBELLDI_00687	MER0013876	30.742	283	174	7	41	316	10	277	3.30e-37	135
KCBELLDI_00687	MER0003855	31.186	295	173	8	30	310	1	279	5.17e-37	135
KCBELLDI_00687	MER0004416	28.966	290	167	9	42	312	11	280	6.18e-25	100
KCBELLDI_00694	MER0001026	46.130	323	144	11	277	594	18	315	9.78e-69	229
KCBELLDI_00694	MER0001025	46.926	309	137	9	290	594	33	318	3.56e-67	225
KCBELLDI_00694	MER0029719	43.068	339	150	10	266	594	1	306	2.58e-64	217
KCBELLDI_00694	MER0001029	36.615	325	176	8	277	594	13	314	2.07e-53	186
KCBELLDI_00694	MER0001032	38.095	336	168	11	263	594	1	300	6.59e-52	181
KCBELLDI_00694	MER0004744	37.101	345	175	12	267	594	1	320	8.44e-49	173
KCBELLDI_00694	MER0002103	38.344	326	154	10	285	594	26	320	8.67e-49	173
KCBELLDI_00694	MER0001047	34.505	313	162	12	288	594	31	306	3.73e-43	156
KCBELLDI_00694	MER0029961	36.813	364	180	18	263	594	6	351	3.57e-42	155
KCBELLDI_00694	MER0004711	33.639	327	171	9	265	583	2	290	2.83e-40	148
KCBELLDI_00694	MER0001045	32.210	267	149	8	330	583	67	314	9.26e-32	124
KCBELLDI_00694	MER0002810	31.596	307	172	10	297	595	40	316	3.14e-31	122
KCBELLDI_00694	MER0001043	32.119	302	162	10	297	594	35	297	8.10e-31	120
KCBELLDI_00694	MER0029943	32.781	302	152	11	299	594	34	290	9.84e-31	120
KCBELLDI_00694	MER0115298	36.702	188	94	6	345	517	49	226	1.37e-30	119
KCBELLDI_00694	MER0091601	35.979	189	94	7	345	517	49	226	1.15e-29	117
KCBELLDI_00694	MER0029796	31.650	297	166	9	299	594	37	297	6.44e-29	115
KCBELLDI_00694	MER0033481	30.797	276	161	8	331	594	67	324	1.68e-28	114
KCBELLDI_00694	MER0001024	35.268	224	113	8	301	518	36	233	3.98e-25	103
KCBELLDI_00694	MER0001039	36.410	195	99	5	330	518	78	253	9.67e-25	103
KCBELLDI_00694	MER0020240	32.000	225	120	6	370	594	106	297	4.36e-20	89.0
KCBELLDI_00694	MER0024591	30.065	153	87	6	370	518	117	253	8.68e-09	55.1
KCBELLDI_00698	MER0281397	26.238	202	125	5	120	301	4	201	1.48e-18	80.1
KCBELLDI_00698	MER1143079	28.571	140	90	4	113	252	41	170	6.01e-06	44.3
KCBELLDI_00708	MER0001009	24.528	159	112	3	415	567	5	161	3.90e-09	54.3
KCBELLDI_00708	MER0001010	23.750	160	112	5	415	567	46	202	5.49e-07	47.8
KCBELLDI_00708	MER0011183	24.757	206	139	7	373	564	9	212	8.60e-07	47.4
KCBELLDI_00708	MER0091680	24.375	160	105	4	425	574	66	219	8.98e-07	47.4
KCBELLDI_00712	MER0002251	48.035	229	113	4	2	227	1	226	4.66e-73	219
KCBELLDI_00712	MER0001335	35.652	230	135	5	3	226	2	224	8.34e-45	147
KCBELLDI_00726	MER0001243	42.915	247	139	2	2	246	3	249	3.21e-68	209
KCBELLDI_00726	MER0005690	39.095	243	147	1	4	246	5	246	4.30e-58	183
KCBELLDI_00726	MER0001342	39.184	245	149	0	2	246	3	247	2.06e-53	171
KCBELLDI_00726	MER0015127	38.075	239	147	1	8	246	9	246	1.00e-49	161
KCBELLDI_00726	MER0013589	36.626	243	153	1	4	246	1	242	1.56e-47	155
KCBELLDI_00726	MER0013450	34.008	247	161	2	2	246	1	247	4.96e-47	154
KCBELLDI_00726	MER0015128	35.021	237	148	3	13	246	14	247	7.62e-47	154
KCBELLDI_00726	MER0013929	34.818	247	160	1	2	248	3	248	6.77e-44	146
KCBELLDI_00726	MER0010972	25.105	239	161	2	8	246	9	229	1.19e-19	82.4
KCBELLDI_00726	MER0004931	27.928	222	146	5	3	221	4	214	5.33e-18	77.8
KCBELLDI_00726	MER0003880	29.032	186	117	4	32	213	25	199	1.86e-16	74.3
KCBELLDI_00726	MER0024896	29.771	131	85	2	122	246	337	466	9.28e-15	70.5
KCBELLDI_00726	MER0024896	27.434	113	82	0	4	116	5	117	6.56e-12	62.0
KCBELLDI_00726	MER0011746	27.404	208	132	6	13	207	14	215	1.13e-12	63.9
KCBELLDI_00726	MER0004532	27.586	203	136	3	3	204	4	196	1.74e-12	62.4
KCBELLDI_00726	MER0005462	23.478	230	159	4	1	222	2	222	1.74e-11	59.3
KCBELLDI_00726	MER0002038	26.087	161	112	3	72	230	69	224	1.46e-09	53.9
KCBELLDI_00726	MER0013463	22.264	265	167	7	3	247	4	249	8.02e-09	52.0
KCBELLDI_00726	MER0001728	28.019	207	132	5	13	207	14	215	1.27e-08	51.6
KCBELLDI_00726	MER0001244	24.107	224	137	9	1	202	2	214	1.69e-08	51.2
KCBELLDI_00752	MER0013541	33.333	99	53	6	93	190	1	87	6.57e-07	43.1
KCBELLDI_00752	MER0003380	27.434	113	65	5	84	193	129	227	2.00e-06	44.3
KCBELLDI_00752	MER0069741	32.039	103	58	6	91	193	68	158	3.03e-06	43.1
KCBELLDI_00752	MER0015415	29.787	94	56	5	95	188	66	149	5.33e-06	42.4
KCBELLDI_00756	MER0014366	39.658	701	393	12	21	706	27	712	9.43e-167	493
KCBELLDI_00756	MER0039993	38.655	714	391	12	22	706	1	696	2.43e-163	484
KCBELLDI_00756	MER0217397	37.608	694	395	13	36	706	1	679	6.30e-152	454
KCBELLDI_00756	MER0501051	39.300	257	151	5	21	275	3	256	2.72e-55	191
KCBELLDI_00756	MER0501051	43.919	148	80	2	560	705	253	399	7.98e-31	122
KCBELLDI_00766	MER0001299	35.992	489	297	6	74	552	49	531	3.10e-86	276
KCBELLDI_00766	MER0011114	42.541	181	103	1	330	509	185	365	4.00e-40	147
KCBELLDI_00766	MER0011114	27.919	197	140	1	87	281	2	198	4.66e-18	83.2
KCBELLDI_00766	MER0321345	41.111	180	104	1	332	509	1	180	4.06e-35	127
KCBELLDI_00766	MER0321345	25.668	187	134	3	84	268	1	184	1.53e-11	60.5
KCBELLDI_00766	MER0003812	41.111	180	104	1	332	509	1	180	6.39e-35	127
KCBELLDI_00766	MER0003812	25.134	187	135	3	84	268	1	184	1.36e-10	57.8
KCBELLDI_00766	MER0013957	31.461	178	122	0	332	509	1	178	2.07e-23	94.7
KCBELLDI_00766	MER0044046	34.104	173	111	3	338	509	7	177	2.37e-18	80.1
KCBELLDI_00766	MER0044046	29.231	130	83	3	125	253	41	162	9.08e-10	55.5
KCBELLDI_00766	MER0001300	32.941	170	105	4	344	509	9	173	3.29e-18	79.7
KCBELLDI_00766	MER0001303	22.472	178	137	1	332	509	1	177	5.47e-07	47.4
KCBELLDI_00796	MER0034539	38.788	165	95	4	2	161	1	164	2.01e-31	118
KCBELLDI_00796	MER0033254	33.728	169	97	7	2	161	1	163	3.53e-18	81.3
KCBELLDI_00796	MER0011781	30.348	201	96	10	2	161	1	198	1.95e-08	52.4
KCBELLDI_00823	MER0005139	32.870	216	121	8	111	309	62	270	3.05e-19	83.2
KCBELLDI_00823	MER0100667	25.610	246	144	9	92	328	4	219	7.04e-12	61.2
KCBELLDI_00823	MER0001284	29.231	195	116	8	117	304	41	220	7.04e-12	61.6
KCBELLDI_00823	MER0194228	27.876	226	117	9	126	336	1	195	2.08e-11	59.3
KCBELLDI_00823	MER0001289	27.917	240	122	10	117	336	63	271	2.91e-11	60.1
KCBELLDI_00823	MER0015691	35.238	105	60	2	111	214	52	149	5.53e-11	58.9
KCBELLDI_00823	MER0004514	27.434	226	128	11	117	327	41	245	5.79e-11	58.9
KCBELLDI_00823	MER0015336	26.190	210	140	6	106	312	56	253	2.42e-10	57.4
KCBELLDI_00823	MER0005149	34.746	118	68	4	111	226	64	174	1.01e-09	55.5
KCBELLDI_00823	MER0005239	33.929	112	65	3	106	215	63	167	1.55e-09	55.1
KCBELLDI_00823	MER0002105	26.291	213	128	8	112	316	58	249	2.13e-09	54.3
KCBELLDI_00823	MER0037181	28.061	196	108	9	124	317	77	241	2.19e-09	54.3
KCBELLDI_00823	MER0005152	30.270	185	112	6	112	290	60	233	2.92e-09	53.9
KCBELLDI_00823	MER0002104	30.070	143	90	5	112	252	67	201	5.68e-09	53.1
KCBELLDI_00823	MER0005238	34.483	87	50	1	112	198	67	146	9.91e-09	52.4
KCBELLDI_00823	MER0005241	35.556	90	51	3	109	196	2	86	1.74e-08	51.2
KCBELLDI_00823	MER0005131	24.091	220	149	6	117	329	43	251	4.67e-08	50.1
KCBELLDI_00823	MER0032443	25.940	266	167	11	85	331	2	256	1.11e-07	49.3
KCBELLDI_00823	MER0001288	27.706	231	115	11	110	319	21	220	2.45e-07	47.8
KCBELLDI_00823	MER0001911	25.767	163	104	4	109	266	38	188	3.25e-07	47.8
KCBELLDI_00823	MER0005244	28.671	143	88	4	109	250	2	131	3.35e-07	47.0
KCBELLDI_00823	MER0015688	31.959	97	53	4	120	215	64	148	1.30e-06	45.8
KCBELLDI_00823	MER0013618	27.957	186	113	9	110	290	56	225	8.39e-06	43.5
KCBELLDI_00832	MER0011440	22.105	190	128	6	365	535	30	218	3.00e-07	48.9
KCBELLDI_00832	MER0011370	25.128	195	120	10	356	527	19	210	7.30e-07	47.4
KCBELLDI_00832	MER0001010	24.227	194	127	6	365	539	10	202	4.93e-06	45.1
KCBELLDI_00832	MER0011400	24.074	162	95	5	393	538	73	222	6.09e-06	45.1
KCBELLDI_00832	MER0011345	25.309	162	103	4	380	527	60	217	6.31e-06	45.1
KCBELLDI_00832	MER0002968	26.000	150	98	6	391	531	74	219	7.17e-06	44.7
KCBELLDI_00832	MER0019759	22.917	144	98	4	402	537	82	220	7.38e-06	44.7
KCBELLDI_00921	MER0031610	32.432	259	165	6	3	252	43	300	8.58e-41	139
KCBELLDI_00921	MER0017142	31.884	138	80	6	2	130	3	135	6.18e-10	55.1
KCBELLDI_00921	MER0036053	23.280	189	114	7	6	183	2	170	2.33e-09	53.5
KCBELLDI_00921	MER0011509	33.621	116	67	4	7	116	33	144	2.54e-09	53.5
KCBELLDI_00921	MER0044858	23.427	286	154	13	14	249	57	327	2.63e-09	53.5
KCBELLDI_00921	MER0014065	34.951	103	60	4	9	106	30	130	7.46e-09	52.4
KCBELLDI_00921	MER0044900	21.852	270	170	10	14	249	96	358	1.52e-08	51.2
KCBELLDI_00921	MER0036072	26.549	113	73	2	8	111	76	187	1.67e-08	51.2
KCBELLDI_00921	MER0031617	23.985	271	166	11	4	246	26	284	2.26e-08	50.4
KCBELLDI_00921	MER0026339	32.381	105	69	2	9	111	21	125	1.03e-07	48.5
KCBELLDI_00921	MER0031619	34.483	116	66	5	5	113	19	131	1.56e-07	48.1
KCBELLDI_00921	MER0036115	28.846	104	66	3	10	108	33	133	2.89e-07	47.4
KCBELLDI_00921	MER0017193	27.619	105	74	2	2	104	15	119	3.98e-07	47.0
KCBELLDI_00921	MER0066189	25.828	151	98	3	7	150	12	155	1.30e-06	45.1
KCBELLDI_00921	MER0035032	21.708	281	172	11	11	254	30	299	1.40e-06	45.4
KCBELLDI_00921	MER0036069	34.211	114	54	7	9	109	77	182	1.70e-06	45.1
KCBELLDI_00921	MER0037853	32.039	103	62	5	9	105	23	123	2.49e-06	44.7
KCBELLDI_00921	MER0034563	32.184	87	56	2	10	95	13	97	2.65e-06	44.3
KCBELLDI_00921	MER0044350	33.945	109	58	5	12	111	1	104	2.86e-06	44.3
KCBELLDI_00921	MER0035044	23.656	279	168	11	11	254	32	300	3.07e-06	44.3
KCBELLDI_00921	MER0031616	31.373	102	64	3	12	108	39	139	6.09e-06	43.5
KCBELLDI_00944	MER0017069	27.650	217	147	5	73	282	15	228	1.10e-22	94.7
KCBELLDI_00944	MER0002489	27.077	325	187	9	69	367	23	323	9.49e-22	92.0
KCBELLDI_00944	MER0026262	27.143	350	226	13	56	381	3	347	1.11e-21	92.0
KCBELLDI_00944	MER1143079	27.181	298	195	7	64	359	6	283	4.75e-19	83.6
KCBELLDI_00944	MER0000459	24.847	326	213	10	56	361	11	324	1.20e-17	80.1
KCBELLDI_00944	MER0003802	28.384	229	139	8	69	288	16	228	4.96e-16	75.1
KCBELLDI_00944	MER0005964	25.110	227	132	6	87	285	39	255	1.05e-14	71.6
KCBELLDI_00944	MER0006204	23.529	340	195	15	56	341	7	335	3.00e-14	70.5
KCBELLDI_00944	MER0000457	21.875	320	221	8	56	361	8	312	4.03e-14	69.7
KCBELLDI_00944	MER0005925	28.141	199	105	8	56	233	8	189	1.02e-13	68.6
KCBELLDI_00944	MER0122661	28.042	189	120	7	60	240	5	185	4.88e-12	63.2
KCBELLDI_00944	MER0140154	26.111	180	113	5	75	236	8	185	1.14e-11	62.0
KCBELLDI_00944	MER0011700	26.396	197	118	6	75	250	23	213	1.55e-11	62.0
KCBELLDI_00944	MER0354941	28.218	202	110	9	66	240	3	196	9.90e-10	54.7
KCBELLDI_00944	MER0004090	26.087	207	131	9	51	239	6	208	2.49e-08	52.0
KCBELLDI_00944	MER0005923	29.907	107	66	2	63	160	16	122	4.01e-08	51.6
KCBELLDI_00944	MER0219770	27.500	160	104	3	88	241	34	187	1.52e-07	49.3
KCBELLDI_00944	MER0028284	23.926	163	105	3	88	242	35	186	1.10e-06	47.0
KCBELLDI_00944	MER0003800	26.238	202	114	8	66	240	23	216	1.89e-06	46.2
KCBELLDI_00946	MER0095620	38.950	362	193	5	33	370	3	360	1.66e-85	260
KCBELLDI_00946	MER0003535	21.320	394	233	13	29	370	54	422	6.74e-08	50.8
KCBELLDI_00946	MER0000622	41.176	51	30	0	33	83	15	65	2.33e-07	48.1
KCBELLDI_00946	MER0030145	56.757	37	16	0	33	69	14	50	2.88e-07	45.1
KCBELLDI_00946	MER0001692	37.975	79	42	1	33	111	15	86	4.71e-07	47.0
KCBELLDI_00946	MER0003469	42.553	47	27	0	33	79	15	61	9.46e-07	46.2
KCBELLDI_00946	MER0000657	39.241	79	41	2	33	111	14	85	9.59e-07	46.2
KCBELLDI_00946	MER0004437	44.681	47	26	0	33	79	15	61	1.18e-06	45.8
KCBELLDI_00946	MER0026801	46.667	45	24	0	33	77	15	59	1.54e-06	45.4
KCBELLDI_00946	MER0026802	46.667	45	24	0	33	77	15	59	1.55e-06	45.4
KCBELLDI_00946	MER0000629	51.351	37	18	0	33	69	16	52	3.01e-06	44.7
KCBELLDI_00946	MER0102838	33.696	92	43	2	33	124	16	89	3.27e-06	44.7
KCBELLDI_00946	MER0000659	48.649	37	19	0	33	69	14	50	3.56e-06	44.3
KCBELLDI_00946	MER0000644	47.222	36	19	0	33	68	14	49	4.79e-06	43.9
KCBELLDI_00946	MER0002789	40.000	50	30	0	33	82	15	64	5.49e-06	43.9
KCBELLDI_00966	MER0014140	29.286	140	83	7	112	240	149	283	9.38e-06	44.7
KCBELLDI_00997	MER0168983	27.632	152	93	4	273	420	1	139	3.08e-13	64.7
KCBELLDI_00997	MER0168177	28.758	153	91	6	273	420	1	140	5.78e-10	55.5
KCBELLDI_00997	MER0002755	28.682	129	78	3	325	439	74	202	3.04e-09	53.9
KCBELLDI_00997	MER0012271	25.175	143	89	6	326	450	86	228	7.80e-08	50.4
KCBELLDI_00997	MER0011720	25.466	161	105	4	262	416	24	175	1.71e-07	48.9
KCBELLDI_00997	MER0012283	35.714	84	43	2	288	371	58	130	1.92e-07	48.9
KCBELLDI_00997	MER0002060	30.841	107	62	4	325	420	87	192	2.27e-07	48.5
KCBELLDI_00997	MER0019730	29.126	103	61	3	261	361	27	119	2.36e-07	48.9
KCBELLDI_00997	MER0036308	26.667	135	87	4	325	448	82	215	4.15e-07	48.1
KCBELLDI_00997	MER0011438	46.154	39	21	0	325	363	81	119	5.69e-07	47.4
KCBELLDI_00997	MER0015166	25.225	111	62	3	325	419	102	207	6.07e-07	47.4
KCBELLDI_00997	MER0002003	31.481	108	62	5	325	420	87	194	6.12e-07	47.4
KCBELLDI_00997	MER0011440	43.590	39	22	0	325	363	81	119	1.19e-06	46.6
KCBELLDI_00997	MER0019754	24.771	109	69	3	325	420	64	172	2.47e-06	45.4
KCBELLDI_00997	MER0004243	26.415	106	66	3	259	358	18	117	3.27e-06	45.1
KCBELLDI_00997	MER0052595	33.333	75	38	2	307	372	62	133	5.16e-06	44.7
KCBELLDI_00997	MER0002078	42.105	38	22	0	325	362	82	119	7.68e-06	44.3
KCBELLDI_01004	MER0000410	61.131	283	108	1	425	707	1	281	9.36e-128	377
KCBELLDI_01004	MER0082498	40.636	283	144	6	444	702	1	283	8.83e-69	224
KCBELLDI_01004	MER0011872	41.445	263	151	2	444	703	18	280	4.91e-68	222
KCBELLDI_01004	MER0005694	33.333	276	172	3	439	709	13	281	1.01e-48	170
KCBELLDI_01004	MER0000392	34.532	278	163	6	438	702	2	273	3.03e-48	168
KCBELLDI_01004	MER0015621	33.333	294	170	6	428	702	4	290	1.22e-45	162
KCBELLDI_01004	MER0002490	31.803	305	170	8	427	702	3	298	3.20e-43	155
KCBELLDI_01004	MER0079308	34.340	265	163	6	443	702	7	265	5.79e-43	153
KCBELLDI_01004	MER0022823	32.258	279	177	7	439	709	3	277	9.89e-40	144
KCBELLDI_01004	MER0082653	35.470	234	136	6	451	670	14	246	4.27e-39	142
KCBELLDI_01004	MER0004227	32.824	262	169	2	448	702	28	289	4.79e-39	143
KCBELLDI_01004	MER0981959	30.851	282	174	5	438	702	1	278	6.66e-39	142
KCBELLDI_01004	MER0011450	31.660	259	159	6	439	685	3	255	5.74e-37	137
KCBELLDI_01004	MER0325901	30.855	269	178	7	439	702	1	266	3.48e-34	129
KCBELLDI_01004	MER0003229	29.851	268	174	6	439	702	11	268	1.06e-28	112
KCBELLDI_01004	MER0000398	29.545	264	170	6	441	703	2	250	2.00e-27	108
KCBELLDI_01026	MER0033186	40.312	320	183	3	67	381	1	317	9.69e-70	220
KCBELLDI_01029	MER0026545	34.300	207	112	6	64	260	76	268	8.04e-32	115
KCBELLDI_01029	MER0026552	38.798	183	95	4	81	262	1	167	2.24e-31	111
KCBELLDI_01029	MER0042387	28.655	171	111	4	92	259	18	180	3.34e-25	95.9
KCBELLDI_01029	MER0026496	28.832	274	169	9	4	260	7	271	2.88e-23	92.8
KCBELLDI_01029	MER0031491	28.916	166	107	5	94	252	20	181	1.64e-19	80.9
KCBELLDI_01029	MER0002642	24.294	177	120	5	89	261	9	175	6.12e-12	59.7
KCBELLDI_01029	MER0002639	25.281	178	115	5	82	253	2	167	6.92e-11	57.0
KCBELLDI_01032	MER0000485	46.218	238	127	1	572	808	1	238	1.86e-70	229
KCBELLDI_01032	MER0000495	42.169	249	135	2	572	811	1	249	5.59e-60	201
KCBELLDI_01032	MER0003443	46.875	192	97	2	611	797	29	220	4.99e-52	178
KCBELLDI_01032	MER0003442	42.326	215	118	2	594	805	10	221	1.11e-51	177
KCBELLDI_01032	MER0014970	34.409	279	138	2	572	805	1	279	2.13e-50	176
KCBELLDI_01032	MER0011056	44.019	209	110	3	602	805	15	221	2.75e-50	173
KCBELLDI_01032	MER0000488	40.598	234	133	2	572	802	1	231	2.61e-49	171
KCBELLDI_01032	MER0011057	41.784	213	115	4	598	805	13	221	2.11e-48	167
KCBELLDI_01032	MER0004236	45.455	176	94	1	627	802	85	258	8.20e-44	156
KCBELLDI_01032	MER0108906	38.397	237	137	4	572	805	1	231	3.79e-41	147
KCBELLDI_01032	MER0005837	35.242	227	130	3	573	784	2	226	1.28e-38	141
KCBELLDI_01032	MER0000496	39.000	200	116	2	593	787	76	274	9.97e-38	140
KCBELLDI_01032	MER0026213	33.333	153	97	3	658	809	111	259	7.18e-22	92.8
KCBELLDI_01032	MER0017402	33.880	183	109	4	630	807	28	203	2.10e-19	84.7
KCBELLDI_01032	MER0003859	29.082	196	111	6	604	778	11	199	1.22e-12	65.5
KCBELLDI_01032	MER0003359	32.704	159	98	5	630	780	45	202	6.66e-12	63.2
KCBELLDI_01032	MER0003017	30.693	101	65	2	710	809	66	162	7.60e-06	43.9
KCBELLDI_01049	MER0034582	26.332	319	215	8	611	921	14	320	2.28e-27	111
KCBELLDI_01054	MER0100667	29.612	206	124	9	96	299	21	207	2.33e-17	76.6
KCBELLDI_01054	MER0001289	31.156	199	118	8	95	289	58	241	7.17e-16	73.2
KCBELLDI_01054	MER0001284	32.468	154	90	7	89	233	23	171	2.86e-15	71.2
KCBELLDI_01054	MER0004514	25.532	188	123	6	62	241	1	179	1.89e-14	68.9
KCBELLDI_01054	MER0194228	30.726	179	106	7	115	289	1	165	3.36e-13	64.3
KCBELLDI_01054	MER0002161	27.545	167	97	6	45	206	16	163	2.61e-09	54.3
KCBELLDI_01054	MER0037181	29.487	156	86	7	56	206	27	163	2.47e-08	51.2
KCBELLDI_01054	MER0005139	34.343	99	47	3	99	192	63	148	6.09e-08	50.1
KCBELLDI_01054	MER0005238	32.143	112	57	4	83	188	49	147	1.68e-07	48.5
KCBELLDI_01054	MER0001288	31.667	120	67	5	88	206	13	118	2.57e-07	47.8
KCBELLDI_01054	MER0002104	32.632	95	47	3	98	188	66	147	2.67e-06	45.1
KCBELLDI_01054	MER0001290	24.096	166	113	6	37	191	28	191	3.78e-06	44.7
KCBELLDI_01054	MER0005131	27.273	121	79	3	98	213	37	153	4.52e-06	44.3
KCBELLDI_01068	MER0001161	39.704	675	394	6	10	674	7	678	2.66e-168	495
KCBELLDI_01068	MER0001158	35.493	679	430	6	1	674	2	677	8.16e-141	424
KCBELLDI_01068	MER0006087	33.921	681	426	12	16	675	22	699	7.47e-128	391
KCBELLDI_01068	MER0015119	32.720	706	423	18	16	675	18	717	3.20e-119	369
KCBELLDI_01068	MER0108144	30.354	649	415	12	48	674	29	662	1.19e-92	298
KCBELLDI_01068	MER0001149	30.156	640	421	13	45	674	53	676	1.58e-89	290
KCBELLDI_01068	MER0003110	30.825	691	407	17	41	674	39	715	3.38e-89	290
KCBELLDI_01068	MER0001942	31.405	605	387	13	81	674	89	676	2.87e-86	281
KCBELLDI_01068	MER0001153	30.514	662	410	18	44	674	50	692	5.14e-82	270
KCBELLDI_01068	MER0079465	27.896	656	418	19	51	674	2	634	1.48e-66	227
KCBELLDI_01068	MER0015170	27.208	566	381	10	106	669	89	625	1.54e-56	199
KCBELLDI_01068	MER0001156	26.959	638	398	24	65	651	64	684	2.36e-45	169
KCBELLDI_01068	MER0021317	36.364	66	42	0	438	503	22	87	8.07e-08	47.4
KCBELLDI_01180	MER0015473	27.979	193	92	8	48	237	38	186	4.21e-09	52.0
KCBELLDI_01180	MER0035036	24.783	230	115	7	6	231	46	221	8.58e-09	51.6
KCBELLDI_01180	MER0015472	25.207	242	120	8	5	240	2	188	4.67e-08	48.9
KCBELLDI_01180	MER0015632	23.950	238	104	8	11	236	8	180	1.48e-07	47.8
KCBELLDI_01180	MER0030047	26.738	187	81	5	52	237	3	134	2.13e-07	45.8
KCBELLDI_01180	MER0015633	34.568	81	49	1	23	99	22	102	4.81e-07	46.2
KCBELLDI_01180	MER0015630	24.576	236	101	7	26	247	28	200	7.12e-07	45.8
KCBELLDI_01180	MER0015459	41.667	48	28	0	45	92	48	95	7.98e-07	45.4
KCBELLDI_01181	MER0035036	28.472	144	90	2	63	198	86	224	1.31e-10	57.4
KCBELLDI_01181	MER0015455	32.143	168	79	8	58	203	47	201	1.21e-07	48.5
KCBELLDI_01181	MER0030047	32.857	140	79	6	70	200	3	136	1.43e-07	46.6
KCBELLDI_01181	MER0015667	36.364	88	52	2	63	146	48	135	2.41e-07	47.4
KCBELLDI_01181	MER0015631	30.714	140	80	4	63	196	50	178	4.52e-07	46.6
KCBELLDI_01181	MER0015630	35.211	142	69	5	63	196	51	177	4.94e-07	46.6
KCBELLDI_01181	MER0015659	34.783	138	77	6	63	197	48	175	5.35e-07	46.2
KCBELLDI_01181	MER0015449	37.500	80	46	2	63	142	51	126	6.02e-07	46.6
KCBELLDI_01181	MER0020201	28.758	153	89	6	58	197	45	190	4.04e-06	43.9
KCBELLDI_01181	MER0047975	25.128	195	137	4	65	257	29	216	4.97e-06	43.5
KCBELLDI_01181	MER0015473	28.188	149	84	4	70	200	42	185	5.87e-06	43.1
KCBELLDI_01181	MER0015686	39.744	78	43	2	63	140	48	121	7.18e-06	43.1
KCBELLDI_01185	MER0000589	38.462	65	40	0	430	494	179	243	3.54e-09	54.3
KCBELLDI_01185	MER0000589	25.000	132	58	3	140	266	1	96	3.19e-06	45.4
KCBELLDI_01185	MER0013626	41.463	41	24	0	437	477	103	143	1.32e-06	45.4
KCBELLDI_01193	MER0000576	38.261	115	70	1	30	144	1	114	1.29e-30	103
KCBELLDI_01193	MER0006172	33.333	78	52	0	52	129	2	79	9.46e-12	54.3
KCBELLDI_01193	MER0000569	30.702	114	77	2	30	142	1	113	7.94e-11	53.1
KCBELLDI_01221	MER0492485	49.020	51	26	0	123	173	74	124	6.57e-08	47.8
KCBELLDI_01236	MER0005767	30.094	319	180	9	54	369	27	305	9.67e-35	128
KCBELLDI_01236	MER0030136	23.833	407	273	16	4	385	1	395	4.27e-18	82.8
KCBELLDI_01236	MER0030143	24.750	400	278	13	4	385	1	395	5.27e-18	82.4
KCBELLDI_01236	MER0030151	24.750	400	278	13	4	385	1	395	6.64e-17	79.0
KCBELLDI_01236	MER0030155	23.192	401	283	12	4	385	1	395	5.98e-15	73.2
KCBELLDI_01236	MER0030149	23.704	405	276	15	4	385	1	395	1.88e-12	65.5
KCBELLDI_01283	MER0002299	27.152	151	94	3	62	197	38	187	2.33e-08	50.8
KCBELLDI_01283	MER0006056	27.174	184	113	5	42	208	29	208	3.77e-08	50.4
KCBELLDI_01283	MER0004857	23.377	154	99	3	63	206	58	202	9.15e-07	46.2
KCBELLDI_01283	MER0005687	25.146	171	106	5	47	206	47	206	1.09e-06	45.8
KCBELLDI_01283	MER0004855	24.832	149	93	3	73	211	70	209	2.13e-06	45.1
KCBELLDI_01283	MER0000474	22.905	179	109	5	36	206	45	202	3.93e-06	44.3
KCBELLDI_01333	MER0004196	41.772	158	90	2	197	353	1	157	2.46e-34	124
KCBELLDI_01333	MER0001297	42.484	153	86	2	201	353	5	155	6.71e-33	120
KCBELLDI_01333	MER0003514	43.312	157	87	2	201	357	5	159	6.40e-32	117
KCBELLDI_01333	MER0001425	43.312	157	83	3	201	352	5	160	7.57e-32	117
KCBELLDI_01333	MER0004195	37.821	156	90	2	201	353	5	156	7.27e-29	109
KCBELLDI_01333	MER0003413	38.562	153	93	1	201	353	5	156	1.31e-28	108
KCBELLDI_01333	MER0003065	39.216	153	91	2	201	353	5	155	3.75e-28	107
KCBELLDI_01333	MER0005714	35.802	162	97	1	199	353	3	164	3.54e-26	102
KCBELLDI_01333	MER0015684	33.562	146	97	0	201	346	5	150	1.86e-23	94.4
KCBELLDI_01333	MER0001295	32.941	170	95	4	199	353	3	168	2.24e-16	74.3
KCBELLDI_01345	MER0195774	37.288	177	111	0	25	201	1	177	2.41e-37	131
KCBELLDI_01345	MER0001229	25.118	211	154	4	25	233	2	210	4.64e-14	68.2
KCBELLDI_01345	MER0001233	27.650	217	138	6	25	228	2	212	6.73e-14	68.2
KCBELLDI_01345	MER0043985	25.118	211	154	4	25	233	2	210	9.71e-14	67.4
KCBELLDI_01345	MER0001214	28.205	156	110	2	17	171	18	172	3.66e-13	64.7
KCBELLDI_01345	MER0004423	30.719	153	98	4	61	212	33	178	7.36e-12	61.6
KCBELLDI_01345	MER0003448	24.638	207	155	1	25	231	2	207	7.96e-12	61.6
KCBELLDI_01345	MER0001218	28.495	186	124	3	24	201	25	209	1.43e-11	60.5
KCBELLDI_01345	MER0003543	25.000	204	151	2	25	228	2	203	2.24e-11	60.5
KCBELLDI_01345	MER0122186	26.111	180	127	4	25	201	22	198	2.03e-10	57.0
KCBELLDI_01345	MER0015259	25.595	168	123	2	17	183	18	184	4.22e-10	56.2
KCBELLDI_01345	MER0002283	28.000	175	122	3	9	182	12	183	4.83e-09	53.1
KCBELLDI_01345	MER0011744	26.471	170	113	4	19	182	20	183	1.00e-08	52.4
KCBELLDI_01345	MER0003386	33.333	96	62	2	14	107	15	110	1.11e-08	52.0
KCBELLDI_01345	MER0011096	26.627	169	118	3	17	182	18	183	1.14e-08	52.0
KCBELLDI_01345	MER0390687	24.204	157	118	1	42	198	11	166	1.39e-08	50.8
KCBELLDI_01345	MER0015090	22.667	225	161	4	25	239	2	223	2.33e-08	51.2
KCBELLDI_01345	MER0001222	23.622	127	96	1	19	144	20	146	4.90e-08	50.1
KCBELLDI_01345	MER0003823	31.429	105	68	3	7	109	10	112	5.31e-08	50.1
KCBELLDI_01345	MER0002423	35.227	88	56	1	19	105	20	107	6.11e-08	50.1
KCBELLDI_01345	MER0002345	34.409	93	59	2	19	109	20	112	6.11e-08	50.1
KCBELLDI_01345	MER0002008	24.242	198	124	6	25	209	2	186	3.31e-07	48.1
KCBELLDI_01345	MER0169735	25.532	188	126	4	24	201	15	198	8.43e-07	46.2
KCBELLDI_01345	MER0001220	22.727	198	131	6	50	232	9	199	1.22e-06	45.8
KCBELLDI_01345	MER0014333	25.957	235	151	9	25	241	2	231	2.43e-06	45.4
KCBELLDI_01345	MER0188967	23.011	352	215	15	61	375	3	335	3.07e-06	45.8
KCBELLDI_01345	MER0021876	21.809	188	132	6	25	205	1	180	4.04e-06	44.3
KCBELLDI_01345	MER0011292	21.765	170	126	5	41	204	64	232	8.92e-06	43.5
KCBELLDI_01346	MER0237414	26.341	205	139	5	45	238	3	206	3.40e-12	63.5
KCBELLDI_01388	MER0056525	51.695	236	111	2	401	635	1	234	2.59e-84	262
KCBELLDI_01388	MER0011748	51.681	238	112	2	401	637	1	236	6.16e-80	251
KCBELLDI_01388	MER0015609	50.840	238	112	2	401	637	1	234	9.72e-80	251
KCBELLDI_01388	MER0005496	49.130	230	116	1	401	630	1	229	3.03e-76	241
KCBELLDI_01388	MER0011224	45.652	230	124	1	401	630	1	229	8.48e-72	230
KCBELLDI_01388	MER0015195	48.052	231	117	3	401	630	1	229	9.68e-71	227
KCBELLDI_01388	MER0023544	43.333	240	132	2	401	640	1	236	9.20e-68	219
KCBELLDI_01388	MER0002605	42.857	231	128	2	401	630	1	228	1.19e-64	211
KCBELLDI_01388	MER0015194	42.857	231	127	2	402	630	2	229	4.51e-62	204
KCBELLDI_01388	MER0002600	39.759	249	138	3	401	639	1	247	5.21e-60	198
KCBELLDI_01388	MER0171760	37.918	269	158	4	366	630	1	264	2.38e-59	197
KCBELLDI_01388	MER0014306	40.948	232	136	1	401	632	1	231	4.27e-59	196
KCBELLDI_01388	MER0024898	42.241	232	131	3	401	630	1	231	2.30e-57	192
KCBELLDI_01388	MER0015199	42.241	232	129	2	401	627	1	232	1.60e-53	181
KCBELLDI_01388	MER0005466	38.333	240	141	4	402	635	2	240	1.15e-52	178
KCBELLDI_01388	MER0004454	39.648	227	136	1	401	626	1	227	1.91e-52	179
KCBELLDI_01388	MER0002602	38.683	243	138	3	402	633	2	244	1.09e-51	176
KCBELLDI_01388	MER0001620	41.277	235	131	3	401	628	1	235	3.76e-49	170
KCBELLDI_01388	MER0002563	38.034	234	135	4	402	625	2	235	1.18e-47	164
KCBELLDI_01388	MER0002408	39.149	235	132	6	401	627	1	232	9.65e-46	159
KCBELLDI_01388	MER0017637	38.723	235	132	5	402	625	2	235	1.89e-44	156
KCBELLDI_01388	MER0011745	33.755	237	146	6	401	629	1	234	3.29e-42	150
KCBELLDI_01388	MER0015197	35.648	216	132	4	413	624	13	225	1.22e-41	149
KCBELLDI_01388	MER0015193	36.709	237	140	6	401	629	1	235	1.96e-41	147
KCBELLDI_01388	MER0015137	34.177	237	145	6	401	629	1	234	3.13e-41	147
KCBELLDI_01388	MER0002197	35.537	242	144	4	401	638	1	234	1.63e-36	134
KCBELLDI_01388	MER0002608	37.118	229	140	3	402	626	2	230	7.31e-36	132
KCBELLDI_01388	MER0015690	36.239	218	127	6	401	606	1	218	4.84e-35	130
KCBELLDI_01388	MER0190577	32.456	228	140	3	401	625	1	217	4.73e-34	127
KCBELLDI_01388	MER0190705	33.333	231	143	3	402	630	1	222	5.32e-34	126
KCBELLDI_01388	MER0005755	34.802	227	136	3	402	625	2	219	5.44e-34	126
KCBELLDI_01388	MER0011120	37.615	218	124	7	401	606	1	218	3.61e-33	125
KCBELLDI_01388	MER0014324	35.088	228	134	4	401	625	1	217	4.63e-33	124
KCBELLDI_01388	MER0024900	32.589	224	140	4	402	622	2	217	1.83e-30	117
KCBELLDI_01388	MER0001246	30.508	177	111	3	416	589	5	172	1.07e-19	84.0
KCBELLDI_01388	MER0015204	26.908	249	145	8	402	616	2	247	1.63e-18	83.6
KCBELLDI_01452	MER0042827	56.522	92	40	0	986	1077	1	92	6.24e-30	111
KCBELLDI_01471	MER0065554	50.794	252	113	3	289	530	9	259	6.40e-86	264
KCBELLDI_01471	MER0437468	39.080	348	197	5	197	530	1	347	1.14e-80	253
KCBELLDI_01471	MER0436717	35.910	401	188	10	197	533	1	396	3.45e-64	211
KCBELLDI_01471	MER0031278	27.309	249	126	11	305	530	27	243	8.07e-10	56.6
KCBELLDI_01475	MER0045886	40.969	227	131	3	1	225	11	236	4.10e-51	171
KCBELLDI_01475	MER0044889	36.245	229	139	5	2	226	17	242	2.10e-39	140
KCBELLDI_01475	MER0038086	34.513	226	129	8	4	212	29	252	2.05e-32	121
KCBELLDI_01475	MER0436735	28.897	263	146	5	2	225	2	262	2.96e-30	115
KCBELLDI_01475	MER0042974	34.225	187	116	3	11	190	1	187	2.66e-27	105
KCBELLDI_01475	MER0043387	35.393	178	111	3	19	194	1	176	4.40e-27	104
KCBELLDI_01475	MER0043537	34.392	189	116	6	4	188	2	186	1.32e-25	100
KCBELLDI_01475	MER0044622	29.189	185	103	7	30	199	56	227	8.57e-09	53.1
KCBELLDI_01475	MER0043392	28.462	130	90	3	55	183	31	158	2.70e-08	50.4
KCBELLDI_01475	MER0045094	24.691	162	104	5	70	220	84	238	7.48e-07	47.4
KCBELLDI_01475	MER0043394	25.874	143	101	4	44	183	22	162	1.39e-06	45.4
KCBELLDI_01475	MER0043475	25.568	176	112	6	3	168	28	194	2.32e-06	45.8
KCBELLDI_01491	MER0047723	44.699	481	254	5	7	481	1	475	5.42e-147	426
KCBELLDI_01491	MER0001283	44.148	487	265	3	4	487	2	484	3.80e-146	424
KCBELLDI_01491	MER0028941	30.128	156	85	5	13	156	2	145	1.77e-08	53.1
KCBELLDI_01491	MER0369336	32.143	112	62	3	65	172	8	109	7.48e-08	50.8
KCBELLDI_01562	MER0107796	27.132	129	80	4	4	118	1	129	7.92e-07	43.5
KCBELLDI_01572	MER0011900	31.667	120	60	3	92	205	68	171	4.19e-08	48.1
KCBELLDI_01582	MER0209507	35.354	99	56	3	100	193	10	105	5.97e-09	49.3
KCBELLDI_01582	MER0208755	27.679	112	62	4	104	196	1	112	3.00e-06	42.0
KCBELLDI_01582	MER0210019	30.189	106	56	5	109	196	6	111	8.82e-06	40.4
KCBELLDI_01584	MER0005767	25.784	287	173	6	58	343	29	276	2.48e-14	70.1
KCBELLDI_01593	MER0001289	41.818	110	58	4	74	181	54	159	3.82e-17	77.8
KCBELLDI_01593	MER0194228	46.429	84	42	2	99	181	2	83	5.50e-17	75.5
KCBELLDI_01593	MER0002161	34.337	166	95	6	21	177	1	161	8.20e-16	73.9
KCBELLDI_01593	MER0100667	39.091	110	55	4	79	181	19	123	5.98e-14	67.4
KCBELLDI_01593	MER0037181	30.120	166	102	6	21	177	1	161	1.72e-12	63.9
KCBELLDI_01593	MER0004514	24.691	243	141	11	51	270	3	226	1.26e-11	61.2
KCBELLDI_01593	MER0001284	26.549	113	72	2	54	155	6	118	1.60e-11	60.8
KCBELLDI_01593	MER0013618	30.400	125	76	5	42	161	19	137	1.35e-10	58.5
KCBELLDI_01593	MER0001290	40.299	67	38	1	112	178	140	204	1.11e-09	56.2
KCBELLDI_01593	MER0001288	31.959	97	62	3	83	177	22	116	3.01e-08	50.8
KCBELLDI_01593	MER0005238	36.471	85	48	2	84	163	67	150	3.12e-07	48.1
KCBELLDI_01593	MER0005244	31.034	87	56	3	84	166	5	91	1.09e-06	45.8
KCBELLDI_01593	MER0002104	37.500	80	44	2	84	158	67	145	1.46e-06	46.2
KCBELLDI_01593	MER0005149	34.091	88	51	2	82	163	63	149	3.09e-06	45.1
KCBELLDI_01719	MER0001322	37.143	105	53	4	131	230	1	97	1.66e-16	70.5
KCBELLDI_01719	MER0014188	40.659	91	48	3	131	220	1	86	1.49e-15	67.8
KCBELLDI_01719	MER0024252	43.210	81	44	2	143	223	14	92	2.25e-12	59.7
KCBELLDI_01719	MER0002443	40.698	86	48	3	138	221	8	92	1.95e-11	56.6
KCBELLDI_01719	MER0376722	34.409	93	54	3	131	221	1	88	5.58e-11	55.1
KCBELLDI_01719	MER0003808	34.409	93	54	3	131	221	1	88	6.55e-11	55.1
KCBELLDI_01719	MER0003807	37.634	93	54	4	131	220	1	92	6.88e-11	55.5
KCBELLDI_01719	MER0377310	34.314	102	63	3	131	231	1	99	7.37e-10	52.0
KCBELLDI_01719	MER0377307	34.314	102	63	3	131	231	1	99	7.37e-10	52.0
KCBELLDI_01719	MER0002450	34.314	102	63	3	131	231	1	99	8.57e-10	52.0
KCBELLDI_01719	MER0003805	32.967	91	56	2	131	220	1	87	1.35e-09	51.6
KCBELLDI_01719	MER0377450	32.967	91	56	2	131	220	1	87	1.50e-09	50.8
KCBELLDI_01719	MER0377178	34.314	102	63	3	131	231	1	99	2.01e-08	48.1
KCBELLDI_01719	MER0004035	37.500	80	47	3	143	221	10	87	3.65e-08	47.4
KCBELLDI_01719	MER0004054	35.632	87	50	5	139	220	9	94	4.29e-07	44.7
KCBELLDI_01739	MER0002655	28.226	372	261	5	4	374	10	376	5.19e-51	172
KCBELLDI_01739	MER0003770	27.654	358	253	6	1	357	3	355	6.23e-39	139
KCBELLDI_01739	MER0002013	29.581	382	240	12	1	365	15	384	9.82e-37	134
KCBELLDI_01739	MER0002014	26.718	393	250	12	2	374	16	390	5.41e-34	127
KCBELLDI_01739	MER0002007	28.406	345	230	11	4	340	18	353	6.15e-34	126
KCBELLDI_01739	MER0005163	42.384	151	82	3	4	153	9	155	2.03e-32	119
KCBELLDI_01739	MER0002659	26.221	389	253	12	4	374	18	390	2.06e-32	122
KCBELLDI_01739	MER0005155	26.371	383	252	10	2	366	9	379	1.01e-29	115
KCBELLDI_01739	MER0015354	36.646	161	89	4	4	158	18	171	1.50e-24	99.0
KCBELLDI_01739	MER0003815	33.708	178	103	5	4	175	18	186	5.63e-23	94.7
KCBELLDI_01739	MER0005173	25.275	364	212	12	4	339	2	333	1.33e-22	94.7
KCBELLDI_01739	MER0003581	31.250	160	96	6	47	196	1	156	4.38e-14	69.3
KCBELLDI_01739	MER0002664	30.000	160	91	8	2	156	6	149	1.65e-13	67.0
KCBELLDI_01739	MER0014418	26.897	290	165	13	5	283	19	272	3.58e-12	63.9
KCBELLDI_01794	MER0004035	42.342	111	57	4	249	358	7	111	6.39e-22	86.7
KCBELLDI_01794	MER0002443	39.286	112	63	2	249	359	10	117	2.00e-20	82.8
KCBELLDI_01794	MER0004054	37.398	123	68	5	243	360	4	122	2.00e-18	77.4
KCBELLDI_01794	MER0003986	35.537	121	72	3	240	358	1	117	1.60e-16	72.0
KCBELLDI_01794	MER0003805	35.246	122	65	7	240	358	1	111	6.03e-13	62.0
KCBELLDI_01794	MER0003808	33.051	118	65	5	240	354	1	107	1.17e-11	58.2
KCBELLDI_01794	MER0024252	41.176	85	40	5	252	334	14	90	2.47e-11	57.8
KCBELLDI_01794	MER0002450	35.000	120	68	7	240	358	1	111	4.14e-11	56.6
KCBELLDI_01794	MER0003807	31.858	113	70	4	249	359	10	117	6.31e-11	56.2
KCBELLDI_01794	MER0377310	35.652	115	64	7	240	353	1	106	1.26e-10	55.1
KCBELLDI_01794	MER0377307	35.652	115	64	7	240	353	1	106	1.26e-10	55.1
KCBELLDI_01794	MER0377178	33.333	114	68	6	240	353	1	106	1.78e-10	54.7
KCBELLDI_01794	MER0376722	34.906	106	55	5	240	342	1	95	3.00e-09	50.8
KCBELLDI_01794	MER0377450	37.349	83	43	4	240	319	1	77	7.54e-09	49.7
KCBELLDI_01794	MER0031199	37.037	54	34	0	256	309	1	54	2.31e-08	47.8
KCBELLDI_01794	MER0014672	38.889	54	33	0	256	309	30	83	3.56e-08	48.5
KCBELLDI_01794	MER0014188	38.235	68	41	1	240	306	1	68	3.86e-07	45.1
KCBELLDI_01820	MER0016191	28.625	269	175	8	34	289	25	289	3.80e-27	104
KCBELLDI_01820	MER0016172	26.639	244	162	6	53	284	45	283	1.51e-17	78.2
KCBELLDI_01820	MER0016185	22.796	329	198	9	10	293	1	318	1.32e-15	72.8
KCBELLDI_01832	MER0004775	39.367	663	390	6	38	697	5	658	5.88e-173	507
KCBELLDI_01832	MER0011141	31.672	682	419	15	49	697	22	689	2.46e-112	351
KCBELLDI_01832	MER0001991	30.712	674	444	11	29	686	2	668	8.99e-109	342
KCBELLDI_01832	MER0001056	30.233	688	442	12	34	697	4	677	1.30e-108	341
KCBELLDI_01832	MER0001050	32.225	692	412	15	49	697	22	699	2.39e-108	341
KCBELLDI_01832	MER0002988	32.305	681	420	14	49	697	22	693	6.28e-108	340
KCBELLDI_01832	MER0019832	32.873	651	415	9	50	697	17	648	3.58e-106	334
KCBELLDI_01832	MER0011159	30.564	674	430	11	49	697	22	682	9.65e-105	331
KCBELLDI_01832	MER0013406	30.479	689	425	13	49	697	22	696	2.17e-103	328
KCBELLDI_01832	MER0011838	28.550	676	439	12	49	697	23	681	3.38e-99	317
KCBELLDI_01832	MER0019831	30.632	617	391	12	107	697	46	651	4.48e-92	297
KCBELLDI_01832	MER0002350	29.296	710	446	17	29	697	2	696	7.35e-87	284
KCBELLDI_01832	MER0004762	27.966	708	433	16	37	697	12	689	2.90e-86	282
KCBELLDI_01832	MER0001058	29.147	645	430	9	57	697	5	626	9.62e-85	276
KCBELLDI_01832	MER0005528	27.977	697	457	14	26	697	9	685	1.50e-82	272
KCBELLDI_01832	MER0002062	27.910	713	463	17	24	697	1	701	1.58e-76	256
KCBELLDI_01832	MER0001059	30.055	549	375	6	56	602	5	546	1.80e-75	250
KCBELLDI_01832	MER0002997	26.000	700	466	16	35	697	5	689	2.59e-72	245
KCBELLDI_01832	MER0002285	27.596	674	417	16	49	697	22	649	4.23e-72	243
KCBELLDI_01832	MER0015175	25.237	737	448	25	49	697	29	750	1.86e-58	207
KCBELLDI_01832	MER0001365	33.702	362	212	9	360	697	374	731	1.00e-55	199
KCBELLDI_01832	MER0162857	31.124	347	210	10	375	697	405	746	5.86e-47	174
KCBELLDI_01832	MER0038668	25.574	610	352	22	171	697	13	603	8.32e-46	169
KCBELLDI_01832	MER0001054	22.585	673	462	21	50	697	23	661	1.16e-44	167
KCBELLDI_01832	MER0011433	23.634	677	443	21	48	686	27	667	6.25e-39	150
KCBELLDI_01832	MER0011432	22.566	678	449	20	48	686	27	667	5.18e-35	138
KCBELLDI_01832	MER0024834	37.500	184	104	6	521	697	2	181	1.54e-34	126
KCBELLDI_01832	MER0004778	22.940	728	458	27	49	697	23	726	2.45e-33	133
KCBELLDI_01832	MER0011427	25.745	369	240	11	357	697	321	683	2.38e-26	111
KCBELLDI_01832	MER0011430	23.066	685	435	28	49	697	29	657	7.37e-26	109
KCBELLDI_01832	MER0026946	28.352	261	163	11	440	697	15	254	1.67e-24	100
KCBELLDI_01832	MER0011429	22.419	678	436	22	46	686	26	650	9.70e-23	100
KCBELLDI_01832	MER0002987	24.033	362	253	10	347	697	228	578	2.04e-19	89.4
KCBELLDI_01832	MER0011355	20.924	368	235	8	366	697	319	666	5.90e-19	88.2
KCBELLDI_01832	MER0002990	21.418	691	440	25	47	697	20	647	9.52e-19	87.4
KCBELLDI_01832	MER0002993	23.656	372	246	10	266	610	218	578	1.40e-17	83.6
KCBELLDI_01832	MER0002989	24.820	278	179	10	433	697	380	640	1.33e-16	80.5
KCBELLDI_01832	MER0004761	24.047	341	233	9	372	697	329	658	1.99e-15	76.6
KCBELLDI_01832	MER0011195	22.271	687	427	30	50	697	37	655	6.15e-14	72.0
KCBELLDI_01832	MER0002991	25.664	226	153	6	478	697	464	680	4.84e-12	65.9
KCBELLDI_01832	MER0004763	28.426	197	129	4	414	601	222	415	1.04e-11	64.3
KCBELLDI_01832	MER0002998	20.447	626	408	27	20	607	10	583	4.44e-11	62.8
KCBELLDI_01832	MER0015181	22.508	311	212	11	402	697	348	644	2.80e-10	60.1
KCBELLDI_01832	MER0011151	33.898	59	39	0	492	550	188	246	1.00e-09	57.8
KCBELLDI_01832	MER0002999	19.156	569	342	24	37	555	16	516	6.79e-08	52.4
KCBELLDI_01832	MER0011306	23.558	208	134	7	440	639	408	598	8.54e-08	52.0
KCBELLDI_01832	MER0011486	30.973	113	66	3	494	606	429	529	1.15e-07	51.6
KCBELLDI_01833	MER0001400	43.038	395	205	8	252	638	1	383	1.34e-93	300
KCBELLDI_01850	MER0048181	33.099	142	80	1	44	170	1	142	4.98e-16	68.9
KCBELLDI_01850	MER0015473	29.054	148	92	3	44	178	37	184	6.98e-15	67.8
KCBELLDI_01850	MER0015472	28.671	143	96	3	40	177	41	182	1.35e-13	63.9
KCBELLDI_01850	MER0015632	26.842	190	115	6	36	211	37	216	2.01e-10	55.5
KCBELLDI_01850	MER0015462	30.612	147	91	4	36	180	40	177	4.65e-09	51.2
KCBELLDI_01850	MER0015659	37.349	83	49	1	36	118	42	121	6.16e-09	51.2
KCBELLDI_01850	MER0015686	32.237	152	92	5	36	184	42	185	1.25e-08	50.4
KCBELLDI_01850	MER0030047	30.370	135	83	4	47	174	1	131	1.60e-08	48.5
KCBELLDI_01850	MER0015459	31.293	147	78	4	36	175	42	172	2.16e-08	49.7
KCBELLDI_01850	MER0015631	27.273	165	99	5	36	191	44	196	3.89e-08	48.9
KCBELLDI_01850	MER0015458	28.125	160	95	3	38	179	46	203	4.66e-08	48.9
KCBELLDI_01850	MER0035036	29.927	137	87	3	44	174	88	221	2.96e-07	46.6
KCBELLDI_01850	MER0026215	29.730	148	79	5	39	177	20	151	3.59e-07	45.8
KCBELLDI_01850	MER0015633	29.268	164	81	7	36	184	42	185	3.68e-07	46.2
KCBELLDI_01850	MER0015630	35.526	76	46	1	43	118	52	124	2.61e-06	43.5
KCBELLDI_01850	MER0047976	34.211	76	47	1	43	118	12	84	3.44e-06	42.7
KCBELLDI_01902	MER0005169	36.525	282	170	4	9	288	57	331	8.29e-54	176
KCBELLDI_01902	MER0005472	33.566	286	170	8	14	297	62	329	1.29e-39	138
KCBELLDI_01902	MER0004410	31.186	295	182	8	9	293	57	340	6.91e-37	132
KCBELLDI_01902	MER0002046	30.556	288	180	8	9	293	56	326	1.14e-36	130
KCBELLDI_01902	MER0013829	29.195	298	203	5	9	303	56	348	8.74e-35	126
KCBELLDI_01902	MER0002043	27.458	295	201	5	4	289	55	345	1.24e-31	118
KCBELLDI_01902	MER0005160	29.371	286	181	8	9	289	55	324	3.79e-29	110
KCBELLDI_01902	MER0002040	29.236	301	189	11	5	293	56	344	1.30e-24	99.0
KCBELLDI_01902	MER0022215	25.325	308	203	7	2	301	49	337	5.62e-23	94.0
KCBELLDI_01976	MER0003376	31.250	128	68	5	180	290	33	157	1.24e-14	67.4
KCBELLDI_01976	MER0005300	27.966	118	80	2	177	290	46	162	5.25e-14	65.5
KCBELLDI_01976	MER0069741	32.632	95	62	2	192	286	70	162	8.52e-14	65.1
KCBELLDI_01976	MER0003380	25.592	211	136	7	95	286	23	231	1.04e-12	63.5
KCBELLDI_01976	MER0003906	32.381	105	64	3	192	290	1	104	7.66e-11	55.1
KCBELLDI_01976	MER0387040	28.431	102	67	3	192	290	1	99	5.49e-09	50.1
KCBELLDI_01976	MER0066182	28.431	102	67	3	192	290	92	190	1.61e-08	50.4
KCBELLDI_01976	MER0013541	27.907	86	61	1	192	277	1	85	1.89e-07	45.1
KCBELLDI_01976	MER0003423	30.303	99	65	3	180	276	21	117	2.38e-07	46.2
KCBELLDI_01976	MER0001419	31.034	87	57	2	192	276	32	117	7.93e-07	44.7
KCBELLDI_01976	MER0015415	26.667	105	72	3	177	277	46	149	1.11e-06	44.7
KCBELLDI_02001	MER0073084	21.687	498	312	12	43	497	18	480	9.34e-27	110
KCBELLDI_02001	MER0014496	23.684	190	130	5	257	435	249	434	8.83e-08	52.0
KCBELLDI_02017	MER0004090	28.499	393	225	12	569	933	1	365	5.54e-34	132
KCBELLDI_02017	MER0035017	28.058	417	239	18	577	954	1	395	8.81e-33	128
KCBELLDI_02017	MER0003800	29.668	391	227	15	567	933	6	372	2.35e-29	118
KCBELLDI_02017	MER0026262	22.788	373	234	14	577	936	1	332	1.13e-11	64.3
KCBELLDI_02017	MER0354941	25.238	210	121	5	593	789	11	197	8.42e-11	59.3
KCBELLDI_02017	MER0006204	23.645	203	128	8	573	768	1	183	2.25e-09	57.4
KCBELLDI_02017	MER0140154	23.469	196	132	7	593	783	2	184	7.55e-08	52.4
KCBELLDI_02017	MER0011700	25.862	232	137	11	593	812	17	225	1.29e-07	51.6
KCBELLDI_02049	MER0069741	45.690	116	61	2	184	299	51	164	2.03e-27	102
KCBELLDI_02049	MER0003380	46.552	116	60	2	184	298	118	232	8.62e-26	100
KCBELLDI_02049	MER0013541	52.874	87	40	1	203	289	1	86	1.29e-23	89.7
KCBELLDI_02049	MER0003423	43.519	108	58	2	182	287	11	117	1.31e-19	80.9
KCBELLDI_02049	MER0001419	43.636	110	59	2	180	287	9	117	2.95e-19	79.7
KCBELLDI_02049	MER0015415	38.614	101	52	1	188	288	59	149	1.99e-18	78.6
KCBELLDI_02049	MER0003376	38.793	116	63	2	203	312	45	158	7.28e-17	73.9
KCBELLDI_02049	MER0003906	41.111	90	52	1	203	291	1	90	1.59e-16	71.2
KCBELLDI_02049	MER0387040	38.235	102	61	2	203	303	1	101	9.15e-13	60.8
KCBELLDI_02049	MER0066182	38.261	115	62	3	190	303	86	192	1.36e-12	62.8
KCBELLDI_02049	MER0005300	32.292	96	64	1	205	300	67	161	9.45e-09	50.8
KCBELLDI_02049	MER0025070	38.235	102	49	5	200	290	3	101	9.71e-08	47.0
KCBELLDI_02049	MER0388771	38.384	99	47	5	203	290	2	97	6.62e-07	44.7
KCBELLDI_02074	MER0044357	24.664	223	138	8	5	201	34	252	8.79e-13	65.5
KCBELLDI_02074	MER0044357	27.119	118	81	2	200	316	331	444	1.02e-07	49.7
KCBELLDI_02110	MER0019280	32.056	287	162	10	168	442	29	294	3.09e-23	97.1
KCBELLDI_02110	MER0001521	32.258	279	154	9	154	429	8	254	3.72e-21	90.5
KCBELLDI_02110	MER0001755	32.107	299	167	10	154	449	8	273	7.02e-21	89.7
KCBELLDI_02110	MER0000313	32.258	279	154	9	154	429	8	254	1.38e-20	89.0
KCBELLDI_02110	MER0000310	30.769	299	166	10	142	438	1	260	2.51e-19	85.1
KCBELLDI_02110	MER0001523	31.541	279	156	9	154	429	8	254	4.04e-17	78.6
KCBELLDI_02110	MER0000312	31.541	279	156	9	154	429	8	254	4.04e-17	78.6
KCBELLDI_02110	MER0004123	25.749	334	190	14	135	436	9	316	8.00e-17	78.6
KCBELLDI_02110	MER0000311	31.295	278	152	11	154	426	8	251	1.83e-15	73.6
KCBELLDI_02110	MER0001520	27.985	268	156	7	163	429	17	248	3.14e-14	70.1
KCBELLDI_02110	MER0000315	27.985	268	156	7	163	429	17	248	3.14e-14	70.1
KCBELLDI_02110	MER0001699	26.937	271	163	7	161	429	15	252	4.93e-14	69.3
KCBELLDI_02110	MER0001906	27.985	268	156	7	163	429	17	248	5.86e-14	68.9
KCBELLDI_02110	MER0000349	27.184	309	170	12	162	427	65	361	7.62e-14	70.1
KCBELLDI_02110	MER0004988	27.612	268	154	10	155	413	17	253	1.30e-13	68.6
KCBELLDI_02110	MER0175622	26.885	305	163	13	131	417	2	264	2.13e-13	67.8
KCBELLDI_02110	MER0077555	28.090	267	154	9	167	429	21	253	3.69e-13	66.6
KCBELLDI_02110	MER0000316	26.573	286	173	10	154	438	7	256	2.34e-12	64.3
KCBELLDI_02110	MER0000309	29.310	290	166	7	142	429	1	253	4.82e-12	63.5
KCBELLDI_02110	MER0002500	25.617	324	183	11	150	429	66	375	4.98e-12	64.7
KCBELLDI_02110	MER0000319	25.436	287	176	10	164	447	25	276	6.16e-12	63.2
KCBELLDI_02110	MER0003536	24.101	278	176	7	164	428	25	280	6.16e-12	63.5
KCBELLDI_02110	MER0016688	24.496	347	195	14	135	450	7	317	7.39e-12	63.5
KCBELLDI_02110	MER0000321	28.873	284	150	11	167	429	100	352	1.34e-11	62.8
KCBELLDI_02110	MER0001928	27.839	273	160	10	167	438	21	257	3.19e-11	60.8
KCBELLDI_02110	MER0016991	31.136	273	139	13	164	407	24	276	5.04e-11	60.8
KCBELLDI_02110	MER0000332	25.182	274	168	7	171	442	24	262	5.36e-11	60.1
KCBELLDI_02110	MER0013656	26.224	286	174	7	154	438	7	256	5.49e-11	60.1
KCBELLDI_02110	MER0030016	29.710	276	125	12	167	415	30	263	1.00e-10	59.7
KCBELLDI_02110	MER0002565	24.806	258	164	6	173	430	67	294	1.70e-10	59.7
KCBELLDI_02110	MER0114485	25.397	315	153	15	161	407	23	323	9.45e-10	57.4
KCBELLDI_02110	MER0004085	26.587	252	149	10	209	443	87	319	1.36e-09	56.6
KCBELLDI_02110	MER0042897	24.742	291	181	7	154	438	8	266	1.62e-09	55.8
KCBELLDI_02110	MER0016978	26.367	311	166	14	173	450	35	315	4.96e-09	54.7
KCBELLDI_02110	MER0000351	26.165	279	150	11	167	412	31	286	6.78e-09	53.9
KCBELLDI_02110	MER0067924	25.606	289	179	11	161	429	4	276	9.08e-09	53.5
KCBELLDI_02110	MER0002267	25.984	254	160	8	202	451	55	284	1.26e-08	53.1
KCBELLDI_02110	MER0000353	24.444	270	148	9	167	404	82	327	2.94e-08	52.4
KCBELLDI_02110	MER0081072	23.485	264	169	7	169	431	19	250	4.70e-08	51.2
KCBELLDI_02110	MER0161312	25.904	332	150	14	167	426	20	327	8.29e-08	51.2
KCBELLDI_02110	MER0015424	32.031	128	61	5	340	442	251	377	2.47e-07	50.1
KCBELLDI_02110	MER0000320	26.217	267	157	12	154	411	8	243	3.83e-07	48.5
KCBELLDI_02110	MER0014446	27.753	227	119	11	217	426	196	394	4.60e-07	48.9
KCBELLDI_02110	MER0001709	25.301	332	177	15	167	451	24	331	5.60e-07	48.5
KCBELLDI_02110	MER0000361	31.081	148	82	5	316	451	198	337	7.38e-07	48.1
KCBELLDI_02110	MER0002575	28.151	238	130	9	202	429	51	257	1.02e-06	47.4
KCBELLDI_02110	MER0005931	30.469	256	147	10	201	451	14	243	1.08e-06	47.0
KCBELLDI_02110	MER0002516	29.717	212	111	7	216	421	80	259	2.51e-06	46.2
KCBELLDI_02110	MER0003117	33.913	115	64	4	310	421	152	257	3.94e-06	45.4
KCBELLDI_02110	MER0005859	31.304	115	55	3	316	407	336	449	5.19e-06	45.8
KCBELLDI_02110	MER0003020	30.579	121	54	4	316	407	343	462	5.82e-06	45.4
KCBELLDI_02134	MER0078640	39.178	365	189	9	11	360	1	347	1.34e-72	227
KCBELLDI_02134	MER0060647	37.912	364	200	7	11	361	1	351	7.46e-72	225
KCBELLDI_02134	MER0044812	42.678	239	120	5	144	369	8	242	1.13e-56	182
KCBELLDI_02134	MER0043540	42.439	205	114	2	165	368	27	228	5.05e-55	177
KCBELLDI_02134	MER0046161	39.732	224	112	5	161	368	33	249	2.27e-45	154
KCBELLDI_02134	MER0115185	51.724	145	68	1	215	359	1	143	9.20e-45	148
KCBELLDI_02134	MER0045945	38.756	209	123	4	161	369	15	218	1.75e-44	150
KCBELLDI_02134	MER0436691	30.935	278	149	4	97	369	10	249	3.47e-41	142
KCBELLDI_02134	MER0044882	28.750	160	93	7	202	346	3	156	6.44e-10	55.1
KCBELLDI_02134	MER0043537	25.568	176	109	6	192	356	14	178	4.58e-07	46.6
KCBELLDI_02134	MER0043195	28.571	154	94	8	222	360	54	206	5.90e-06	43.9
KCBELLDI_02185	MER0002443	43.210	81	42	1	1	81	41	117	9.87e-17	66.2
KCBELLDI_02185	MER0004035	38.750	80	43	2	1	80	38	111	7.51e-16	63.5
KCBELLDI_02185	MER0003986	35.802	81	48	1	1	81	42	118	8.17e-12	53.5
KCBELLDI_02185	MER0004054	29.412	85	53	3	1	82	42	122	9.20e-10	48.5
KCBELLDI_02185	MER0038100	36.232	69	38	2	12	80	62	124	2.20e-08	44.7
KCBELLDI_02185	MER0003807	31.707	82	50	2	1	81	41	117	6.94e-07	40.8
KCBELLDI_02187	MER0002443	40.833	120	65	3	90	208	3	117	3.89e-25	92.0
KCBELLDI_02187	MER0004035	36.842	114	64	4	95	207	5	111	3.27e-20	79.3
KCBELLDI_02187	MER0003986	36.885	122	70	4	88	207	1	117	8.69e-19	75.5
KCBELLDI_02187	MER0377178	37.391	115	63	5	88	202	1	106	1.32e-17	72.4
KCBELLDI_02187	MER0002450	35.833	120	68	5	88	207	1	111	3.11e-17	71.2
KCBELLDI_02187	MER0377310	35.652	115	65	5	88	202	1	106	3.35e-16	68.6
KCBELLDI_02187	MER0377307	35.652	115	65	5	88	202	1	106	3.35e-16	68.6
KCBELLDI_02187	MER0003805	33.333	120	71	5	88	207	1	111	3.24e-14	63.5
KCBELLDI_02187	MER0003808	36.522	115	64	5	88	202	1	106	3.99e-14	63.2
KCBELLDI_02187	MER0003807	34.146	123	73	4	88	208	1	117	2.44e-13	61.2
KCBELLDI_02187	MER0004054	31.092	119	72	6	96	209	9	122	4.45e-13	60.8
KCBELLDI_02187	MER0376722	36.893	103	57	4	88	190	1	95	2.78e-11	55.1
KCBELLDI_02187	MER0014188	32.110	109	63	4	88	194	1	100	3.96e-10	52.4
KCBELLDI_02187	MER0001322	31.250	128	70	6	88	210	1	115	1.50e-09	51.2
KCBELLDI_02187	MER0377450	31.959	97	59	3	88	184	1	90	1.99e-09	50.1
KCBELLDI_02187	MER0038100	29.268	123	69	8	98	209	12	127	2.17e-08	48.1
KCBELLDI_02187	MER0014672	30.252	119	62	4	88	192	1	112	2.57e-07	45.1
KCBELLDI_02187	MER0031199	36.508	63	37	1	109	171	6	65	8.28e-07	42.4
KCBELLDI_02191	MER0001295	49.198	187	81	4	373	555	2	178	1.18e-52	177
KCBELLDI_02191	MER0003514	34.615	182	98	5	372	552	1	162	2.52e-22	91.7
KCBELLDI_02191	MER0003413	33.333	150	90	2	405	554	26	165	4.19e-21	88.2
KCBELLDI_02191	MER0001425	34.132	167	92	5	391	554	19	170	5.04e-21	87.8
KCBELLDI_02191	MER0004196	34.868	152	86	3	403	552	24	164	1.23e-19	84.0
KCBELLDI_02191	MER0015684	35.065	154	88	5	395	544	16	161	3.79e-18	79.7
KCBELLDI_02191	MER0003065	33.333	177	94	6	384	554	6	164	4.34e-18	79.3
KCBELLDI_02191	MER0001297	28.962	183	111	4	372	554	1	164	4.38e-18	79.3
KCBELLDI_02191	MER0004195	31.111	180	101	7	384	556	6	169	9.45e-15	69.7
KCBELLDI_02191	MER0005714	28.144	167	100	5	395	552	16	171	8.94e-11	58.5
KCBELLDI_02191	MER0030235	25.926	189	109	6	384	555	6	180	2.55e-06	45.4
KCBELLDI_02191	MER0030244	29.078	141	77	4	384	507	17	151	3.15e-06	45.4
KCBELLDI_02199	MER0034539	58.252	206	86	0	2	207	1	206	3.70e-87	265
KCBELLDI_02199	MER0033254	30.709	254	141	10	2	226	1	248	9.01e-26	103
KCBELLDI_02304	MER0001421	52.239	402	183	4	13	412	1	395	5.38e-146	417
KCBELLDI_02304	MER0028941	27.990	418	241	14	3	411	1	367	5.07e-32	121
KCBELLDI_02304	MER0369336	30.208	288	184	7	130	411	39	315	4.50e-26	104
KCBELLDI_02361	MER0065588	45.918	196	103	3	1	193	1	196	7.71e-57	175
KCBELLDI_02361	MER0043387	26.277	137	76	4	62	191	47	165	8.16e-08	47.0
KCBELLDI_02361	MER0038086	27.481	131	75	4	69	191	105	223	9.05e-08	47.8
KCBELLDI_02383	MER0029657	46.809	141	63	3	201	338	14	145	4.34e-31	115
KCBELLDI_02383	MER0025086	44.776	134	55	6	213	338	1	123	1.18e-23	93.6
KCBELLDI_02383	MER0011122	40.441	136	65	7	215	340	19	148	4.72e-20	84.3
KCBELLDI_02383	MER0002084	30.332	211	111	12	92	291	6	191	1.01e-12	64.7
KCBELLDI_02383	MER0002217	30.055	183	92	8	200	363	72	237	3.27e-12	65.9
KCBELLDI_02383	MER0014521	33.333	171	76	9	213	362	83	236	5.66e-12	64.3
KCBELLDI_02391	MER0000474	53.927	191	88	0	32	222	14	204	5.31e-78	230
KCBELLDI_02391	MER0005687	52.105	190	85	1	33	222	25	208	3.50e-68	205
KCBELLDI_02391	MER0006046	49.468	188	95	0	34	221	16	203	1.51e-64	196
KCBELLDI_02391	MER0004857	55.233	172	76	1	51	222	34	204	1.94e-64	196
KCBELLDI_02391	MER0002211	49.738	191	96	0	32	222	14	204	2.64e-64	195
KCBELLDI_02391	MER0002299	49.189	185	94	0	36	220	12	196	4.98e-61	187
KCBELLDI_02391	MER0004847	48.936	188	95	1	36	222	18	205	6.83e-58	179
KCBELLDI_02391	MER0004855	46.111	180	97	0	42	221	26	205	8.47e-58	179
KCBELLDI_02391	MER0006063	46.154	182	98	0	40	221	23	204	1.98e-57	178
KCBELLDI_02391	MER0006056	47.093	172	90	1	50	221	37	207	4.76e-54	169
KCBELLDI_02391	MER0006308	38.889	180	109	1	45	223	17	196	1.83e-48	155
KCBELLDI_02391	MER0004182	42.246	187	108	0	35	221	13	199	7.43e-48	153
KCBELLDI_02391	MER0011666	41.420	169	97	2	55	221	17	185	3.11e-43	141
KCBELLDI_02391	MER0001369	39.506	81	47	1	76	156	52	130	2.60e-07	45.4
KCBELLDI_02413	MER0026494	32.563	476	285	9	1	453	4	466	3.94e-73	235
KCBELLDI_02413	MER0015142	31.070	486	296	10	1	462	33	503	3.67e-69	225
KCBELLDI_02413	MER0026471	30.579	484	300	9	1	459	5	477	6.14e-68	221
KCBELLDI_02413	MER0026485	33.333	210	122	6	1	198	4	207	4.21e-24	99.4
KCBELLDI_02413	MER0026485	28.571	91	65	0	363	453	213	303	1.75e-08	52.8
KCBELLDI_02413	MER0003397	32.857	210	123	6	1	198	5	208	5.10e-23	96.3
KCBELLDI_02413	MER0003397	28.736	87	62	0	364	450	215	301	3.39e-09	54.7
KCBELLDI_02413	MER0052470	23.969	388	269	9	66	440	69	443	6.37e-19	85.9
KCBELLDI_02413	MER0057434	30.097	206	124	8	6	198	1	199	1.92e-16	76.6
KCBELLDI_02413	MER0057434	32.099	81	52	1	381	461	223	300	3.62e-07	48.5
KCBELLDI_02413	MER0001272	27.083	144	86	5	21	162	11	137	2.46e-09	54.7
KCBELLDI_02413	MER0369972	30.822	146	88	7	45	188	31	165	1.70e-06	47.0
KCBELLDI_02413	MER0033183	32.941	85	50	2	75	159	76	153	1.85e-06	46.2
KCBELLDI_02438	MER0015475	30.939	181	112	5	21	191	5	182	5.76e-17	73.9
KCBELLDI_02438	MER0015630	30.189	159	82	10	62	208	58	199	2.18e-07	47.4
KCBELLDI_02438	MER0015631	30.986	142	79	8	63	193	58	191	8.90e-06	42.4
KCBELLDI_02444	MER0001423	67.241	232	76	0	488	719	1	232	2.07e-114	341
KCBELLDI_02444	MER0000399	45.299	234	122	4	489	719	25	255	1.50e-62	207
KCBELLDI_02444	MER0000401	43.162	234	128	3	489	719	26	257	1.03e-58	196
KCBELLDI_02444	MER0000405	45.089	224	114	6	485	702	28	248	6.41e-58	194
KCBELLDI_02444	MER0058228	42.661	218	123	2	489	704	7	224	2.16e-57	192
KCBELLDI_02444	MER0005196	40.435	230	136	1	489	718	22	250	1.09e-56	190
KCBELLDI_02444	MER0005987	38.000	250	145	6	475	718	12	257	4.39e-54	184
KCBELLDI_02444	MER0011413	37.553	237	144	2	487	719	2	238	2.87e-53	181
KCBELLDI_02444	MER0004923	38.462	247	148	2	460	702	26	272	1.91e-52	180
KCBELLDI_02444	MER0004504	41.277	235	126	6	492	715	2	235	3.05e-52	178
KCBELLDI_02444	MER0013484	38.991	218	129	2	489	702	4	221	7.24e-51	174
KCBELLDI_02444	MER0011305	41.810	232	126	6	492	718	23	250	2.98e-50	173
KCBELLDI_02444	MER0000404	38.843	242	140	5	467	702	4	243	3.07e-49	171
KCBELLDI_02444	MER0004921	35.983	239	140	5	487	718	2	234	1.43e-47	165
KCBELLDI_02444	MER0011231	39.485	233	130	6	494	721	33	259	3.05e-47	165
KCBELLDI_02444	MER0192427	35.556	225	138	3	481	702	58	278	3.47e-42	151
KCBELLDI_02444	MER0005994	33.077	260	169	4	464	719	2	260	1.24e-41	149
KCBELLDI_02444	MER0004193	35.745	235	144	5	489	720	3	233	1.15e-40	146
KCBELLDI_02444	MER0000403	30.165	242	162	4	485	721	21	260	1.04e-38	141
KCBELLDI_02444	MER0004199	34.199	231	138	7	496	721	1	222	1.81e-37	136
KCBELLDI_02444	MER0195666	33.971	209	124	6	489	688	1	204	1.17e-33	126
KCBELLDI_02444	MER0003361	30.213	235	151	7	471	700	1	227	2.81e-29	114
KCBELLDI_02444	MER0005988	35.455	110	70	1	594	702	2	111	8.93e-21	85.1
KCBELLDI_02444	MER0003558	27.511	229	151	5	502	722	39	260	5.69e-20	87.0
KCBELLDI_02444	MER0034615	26.582	237	154	4	479	702	1	230	8.70e-16	74.7
KCBELLDI_02444	MER0005807	26.667	210	143	4	497	702	57	259	7.26e-15	72.4
KCBELLDI_02444	MER0018170	26.291	213	139	4	502	701	25	232	5.66e-13	66.2
KCBELLDI_02444	MER0000408	24.681	235	157	6	482	702	5	233	6.89e-13	66.2
KCBELLDI_02444	MER0017401	25.532	235	141	8	484	701	2	219	9.48e-13	65.5
KCBELLDI_02444	MER0140224	26.786	224	126	6	492	702	21	219	2.17e-12	64.3
KCBELLDI_02444	MER0006027	24.775	222	146	6	495	702	24	238	7.78e-12	63.2
KCBELLDI_02444	MER0015682	25.911	247	168	7	463	701	47	286	6.16e-11	60.8
KCBELLDI_02444	MER0016096	21.600	250	173	7	485	718	2	244	1.23e-10	59.3
KCBELLDI_02444	MER0011583	21.795	234	159	7	479	700	3	224	1.63e-08	53.1
KCBELLDI_02444	MER0030932	27.132	129	87	2	567	688	84	212	1.45e-07	50.1
KCBELLDI_02444	MER0004925	24.797	246	161	6	472	701	3	240	3.80e-07	48.9
KCBELLDI_02444	MER0000263	20.339	236	158	7	485	702	2	225	4.00e-07	48.5
KCBELLDI_02444	MER0001920	22.167	203	143	4	531	719	43	244	6.23e-07	48.1
KCBELLDI_02444	MER0014827	26.442	208	121	6	482	670	13	207	2.00e-06	46.6
KCBELLDI_02504	MER0472834	26.357	129	75	4	14	139	4	115	6.01e-09	50.1
KCBELLDI_02533	MER0004931	27.397	146	101	4	28	172	32	173	1.31e-10	56.2
KCBELLDI_02533	MER0004532	28.962	183	113	7	11	191	17	184	1.01e-09	53.5
KCBELLDI_02533	MER0005462	25.000	152	109	4	22	172	26	173	2.01e-09	52.8
