ANLOJHML_00012	MER0001284	30.405	148	93	5	103	244	36	179	9.78e-13	63.9
ANLOJHML_00012	MER0194228	29.134	127	79	3	119	244	1	117	2.02e-09	53.5
ANLOJHML_00012	MER0001289	27.439	164	105	5	103	265	62	212	1.20e-08	52.0
ANLOJHML_00012	MER0100667	24.868	189	118	9	107	290	25	194	2.00e-08	50.8
ANLOJHML_00012	MER0004514	23.448	145	103	5	66	208	1	139	7.06e-07	46.6
ANLOJHML_00012	MER0001288	30.631	111	63	5	103	212	23	120	1.95e-06	45.1
ANLOJHML_00012	MER0001290	24.706	170	104	7	59	210	46	209	3.00e-06	45.1
ANLOJHML_00012	MER0032443	24.314	255	150	14	69	299	3	238	4.74e-06	43.9
ANLOJHML_00042	MER0001161	40.882	680	391	6	4	674	1	678	5.25e-175	512
ANLOJHML_00042	MER0001158	36.726	678	423	5	1	674	2	677	4.13e-151	451
ANLOJHML_00042	MER0006087	35.528	653	386	15	50	675	55	699	1.96e-125	385
ANLOJHML_00042	MER0015119	33.333	720	424	18	2	675	8	717	3.50e-118	367
ANLOJHML_00042	MER0001149	31.788	604	380	13	84	674	92	676	2.63e-93	300
ANLOJHML_00042	MER0108144	30.724	677	429	14	22	674	2	662	8.69e-93	298
ANLOJHML_00042	MER0003110	29.957	691	413	16	41	674	39	715	9.98e-87	284
ANLOJHML_00042	MER0001942	31.894	602	382	14	84	674	92	676	2.54e-84	276
ANLOJHML_00042	MER0001153	31.098	656	406	18	48	674	54	692	2.75e-77	258
ANLOJHML_00042	MER0079465	28.345	568	367	18	128	674	86	634	8.79e-62	214
ANLOJHML_00042	MER0015170	26.025	561	383	12	112	669	94	625	2.90e-53	191
ANLOJHML_00042	MER0001156	26.594	643	405	22	56	651	62	684	2.05e-45	169
ANLOJHML_00042	MER0021317	34.848	66	43	0	438	503	22	87	1.27e-07	47.0
ANLOJHML_00056	MER0039993	39.886	702	405	9	11	701	1	696	1.63e-166	492
ANLOJHML_00056	MER0014366	35.785	707	426	9	6	701	23	712	3.31e-141	427
ANLOJHML_00056	MER0217397	35.549	692	410	13	29	701	5	679	4.44e-132	402
ANLOJHML_00056	MER0501051	40.856	257	143	8	9	261	2	253	7.36e-50	176
ANLOJHML_00056	MER0501051	44.737	152	80	3	552	702	253	401	1.21e-32	127
ANLOJHML_00066	MER0015475	33.152	184	100	6	29	197	7	182	5.74e-15	68.6
ANLOJHML_00104	MER0078640	37.017	362	201	7	11	360	1	347	1.15e-69	219
ANLOJHML_00104	MER0060647	36.813	364	204	8	11	361	1	351	3.94e-69	218
ANLOJHML_00104	MER0044812	41.494	241	125	3	138	365	1	238	8.79e-60	190
ANLOJHML_00104	MER0043540	38.596	228	128	4	141	362	1	222	4.19e-53	172
ANLOJHML_00104	MER0045945	43.137	204	111	4	161	364	15	213	3.81e-48	159
ANLOJHML_00104	MER0046161	39.823	226	115	5	154	365	28	246	3.41e-46	156
ANLOJHML_00104	MER0115185	52.414	145	67	1	215	359	1	143	6.52e-45	148
ANLOJHML_00104	MER0436691	30.961	281	147	5	93	364	2	244	7.44e-41	141
ANLOJHML_00104	MER0043394	26.241	141	94	5	212	346	12	148	9.67e-08	48.1
ANLOJHML_00104	MER0043195	29.268	164	96	7	222	370	54	212	2.16e-07	48.5
ANLOJHML_00186	MER0001244	40.230	261	146	4	201	452	2	261	2.53e-63	203
ANLOJHML_00186	MER0013463	37.165	261	154	4	201	453	2	260	7.95e-49	165
ANLOJHML_00186	MER0028601	39.423	208	114	4	257	452	59	266	2.16e-41	145
ANLOJHML_00186	MER0001733	32.990	291	155	5	202	453	3	292	2.11e-39	141
ANLOJHML_00186	MER0001248	33.735	249	122	8	246	452	5	252	1.18e-33	124
ANLOJHML_00186	MER0004532	33.198	247	132	10	201	441	2	221	2.08e-28	109
ANLOJHML_00186	MER0005462	28.226	248	146	5	200	441	1	222	8.35e-27	105
ANLOJHML_00186	MER0004931	31.276	243	143	7	201	441	2	222	3.92e-26	103
ANLOJHML_00186	MER0005715	31.274	259	142	10	200	447	1	234	3.86e-24	97.8
ANLOJHML_00186	MER0001250	29.268	287	148	10	202	441	3	281	1.85e-22	94.0
ANLOJHML_00186	MER0002038	29.268	246	151	6	201	444	2	226	4.81e-21	88.6
ANLOJHML_00186	MER0027437	31.073	177	94	9	258	428	68	222	2.83e-10	57.8
ANLOJHML_00186	MER0003105	30.303	198	94	9	255	436	64	233	5.71e-10	56.6
ANLOJHML_00186	MER0004321	29.474	190	91	8	258	432	65	226	5.63e-09	53.9
