AKFOFMLM_00044	MER0001978	46.097	538	282	4	29	561	21	555	2.15e-164	476
AKFOFMLM_00044	MER0011811	36.345	487	293	9	27	505	19	496	2.22e-81	262
AKFOFMLM_00044	MER0011800	32.649	487	298	12	33	505	25	495	3.45e-75	246
AKFOFMLM_00044	MER0011215	33.072	511	310	13	34	527	3	498	2.04e-70	231
AKFOFMLM_00044	MER0011211	30.258	542	353	12	34	561	26	556	1.08e-66	223
AKFOFMLM_00044	MER0011143	32.046	518	296	16	34	525	26	513	2.23e-66	222
AKFOFMLM_00044	MER0005029	30.855	538	330	16	42	553	1	522	1.04e-63	214
AKFOFMLM_00044	MER0005831	31.351	555	341	20	23	553	12	550	3.08e-63	214
AKFOFMLM_00044	MER0001629	31.621	506	316	12	24	513	16	507	6.17e-63	213
AKFOFMLM_00044	MER0004194	33.467	499	290	18	43	518	1	480	8.41e-63	212
AKFOFMLM_00044	MER0003580	31.471	537	340	14	11	531	1	525	4.53e-61	208
AKFOFMLM_00044	MER0006124	31.721	517	318	14	30	524	22	525	1.35e-60	207
AKFOFMLM_00044	MER0002728	32.016	506	304	14	52	526	47	543	1.33e-55	194
AKFOFMLM_00044	MER0002720	31.765	510	269	18	34	530	6	449	4.26e-53	184
AKFOFMLM_00044	MER0004202	25.859	553	332	16	30	553	5	508	1.78e-47	170
AKFOFMLM_00044	MER0001977	27.255	510	328	16	41	521	33	528	4.41e-43	159
AKFOFMLM_00044	MER0011193	26.642	548	357	17	30	553	19	545	1.31e-42	157
AKFOFMLM_00044	MER0094876	25.788	539	353	15	33	553	2	511	4.82e-35	135
AKFOFMLM_00044	MER0016970	26.046	526	323	18	31	526	22	511	2.17e-34	133
AKFOFMLM_00044	MER0002718	37.566	189	114	3	320	505	3	190	1.40e-28	109
AKFOFMLM_00044	MER0006132	22.468	632	358	19	27	554	19	622	2.76e-23	100
AKFOFMLM_00044	MER0003440	26.897	435	251	15	31	454	23	401	3.80e-23	99.0
AKFOFMLM_00044	MER0002721	38.415	164	72	3	370	505	37	199	9.66e-23	94.7
AKFOFMLM_00044	MER0026205	42.336	137	77	2	370	505	37	172	7.55e-22	91.3
AKFOFMLM_00044	MER0001976	37.931	145	78	3	370	513	37	170	1.34e-16	75.9
AKFOFMLM_00044	MER0026204	25.909	220	151	4	24	239	16	227	1.13e-14	70.5
AKFOFMLM_00044	MER0026207	33.088	136	65	3	370	505	37	146	1.66e-12	63.5
AKFOFMLM_00044	MER0016605	27.481	131	72	2	34	163	9	117	3.11e-08	52.4
AKFOFMLM_00048	MER0048181	30.282	142	84	1	44	170	1	142	1.56e-14	65.1
AKFOFMLM_00048	MER0015462	32.653	147	88	3	36	180	40	177	2.96e-11	57.0
AKFOFMLM_00048	MER0015472	31.690	142	91	3	40	176	41	181	6.00e-11	56.6
AKFOFMLM_00048	MER0015459	43.373	83	43	1	36	118	42	120	3.64e-10	54.7
AKFOFMLM_00048	MER0015686	34.932	146	86	4	36	180	42	179	6.02e-10	53.9
AKFOFMLM_00048	MER0015659	42.169	83	45	1	36	118	42	121	1.24e-09	53.1
AKFOFMLM_00048	MER0015473	25.676	148	93	4	44	176	37	182	3.89e-09	51.6
AKFOFMLM_00048	MER0015630	35.714	140	73	5	43	177	52	179	1.74e-08	49.7
AKFOFMLM_00048	MER0015633	37.349	83	49	1	36	118	42	121	4.38e-08	48.5
AKFOFMLM_00048	MER0026215	33.113	151	68	8	39	176	20	150	5.98e-08	48.1
AKFOFMLM_00048	MER0030047	29.851	134	85	3	47	174	1	131	8.35e-08	46.6
AKFOFMLM_00048	MER0015631	28.767	146	97	4	36	180	44	183	2.44e-07	46.6
AKFOFMLM_00048	MER0015460	38.554	83	48	1	36	118	71	150	1.01e-06	45.1
AKFOFMLM_00048	MER0015667	36.047	86	51	2	34	118	39	121	4.57e-06	42.7
AKFOFMLM_00053	MER0002084	71.628	215	60	1	74	287	2	216	4.78e-105	331
AKFOFMLM_00053	MER0011122	32.278	158	73	9	178	311	1	148	6.16e-12	62.4
AKFOFMLM_00053	MER0029657	47.436	78	36	5	235	309	70	145	3.59e-10	57.0
AKFOFMLM_00061	MER0195376	29.167	192	119	6	205	388	1	183	4.95e-14	67.4
AKFOFMLM_00061	MER0001295	27.703	148	77	2	204	346	2	124	5.13e-11	58.5
AKFOFMLM_00061	MER0004195	23.936	188	118	2	203	390	1	163	1.51e-06	45.1
AKFOFMLM_00061	MER0004196	25.000	144	90	3	203	346	1	126	2.97e-06	44.3
AKFOFMLM_00061	MER0001297	25.806	217	108	7	203	415	1	168	5.60e-06	43.5
AKFOFMLM_00066	MER0059846	29.268	287	195	4	18	297	26	311	1.09e-35	129
AKFOFMLM_00066	MER0199690	21.270	315	215	10	12	297	1	311	2.25e-14	69.7
AKFOFMLM_00066	MER0214074	23.333	180	123	4	133	297	2	181	3.94e-11	58.2
